-1.31736 0.586171 0.332004 -1.66537 -1.49143 -0.941864 -0.692178 
-1.30359 0.580917 0.327368 -1.65797 -1.52855 -0.938868 -0.703522 
-1.28951 0.57582 0.32269 -1.65079 -1.56575 -0.935571 -0.714802 
-1.27518 0.570716 0.31785 -1.64368 -1.60322 -0.932123 -0.725664 
-1.26061 0.565584 0.31283 -1.63665 -1.64098 -0.928576 -0.736066 
-1.24584 0.56042 0.307654 -1.62971 -1.67907 -0.924958 -0.74602 
-1.23095 0.555161 0.30242 -1.62301 -1.71745 -0.921264 -0.755583 
-1.21623 0.549482 0.297443 -1.61724 -1.75589 -0.917357 -0.765195 
-1.20247 0.542372 0.293543 -1.61588 -1.79223 -0.912445 -0.778039 
-1.1921 0.533063 0.29258 -1.63294 -1.81414 -0.902963 -0.813233 
-1.19474 0.535264 0.293003 -1.6292 -1.80992 -0.905378 -0.80873 
-1.19174 0.535779 0.29119 -1.62328 -1.81807 -0.906035 -0.804112 
-1.18864 0.536463 0.289448 -1.6175 -1.82606 -0.906541 -0.799795 
-1.18554 0.537181 0.287694 -1.61172 -1.83402 -0.907091 -0.795538 
-1.18245 0.537911 0.285918 -1.60594 -1.84196 -0.907718 -0.791305 
-1.17939 0.538641 0.284134 -1.60017 -1.84991 -0.908424 -0.787097 
-1.1764 0.539321 0.282396 -1.59449 -1.85783 -0.909189 -0.782942 
-1.17366 0.539724 0.280884 -1.58936 -1.86557 -0.909902 -0.779117 
-1.17166 0.539137 0.280087 -1.58717 -1.87171 -0.909958 -0.777731 
-1.17181 0.536881 0.280999 -1.59758 -1.86834 -0.906593 -0.791672 
-1.17212 0.537875 0.280816 -1.59379 -1.86998 -0.907772 -0.78714 
-1.17107 0.538276 0.279339 -1.58996 -1.87594 -0.909876 -0.785784 
-1.16993 0.538834 0.277949 -1.58626 -1.88172 -0.911763 -0.784715 
-1.16762 0.540003 0.275187 -1.57888 -1.89318 -0.915527 -0.782703 
-1.16647 0.540584 0.273806 -1.57519 -1.89889 -0.91744 -0.781725 
-1.16534 0.541127 0.272449 -1.57155 -1.90456 -0.919363 -0.780781 
-1.1643 0.54148 0.271204 -1.56826 -1.91009 -0.921201 -0.780028 
-1.16332 0.539463 0.271174 -1.5728 -1.91392 -0.919972 -0.789093 
-1.16412 0.54038 0.271489 -1.56995 -1.9116 -0.920306 -0.784466 
-1.16426 0.541521 0.271014 -1.56679 -1.91356 -0.922539 -0.783618 
-1.16432 0.542816 0.270628 -1.56378 -1.91536 -0.924528 -0.783038 
-1.16436 0.544132 0.270256 -1.56078 -1.91713 -0.926481 -0.782496 
-1.16443 0.54676 0.269515 -1.55479 -1.92064 -0.930385 -0.781425 
-1.16446 0.548033 0.26915 -1.55184 -1.92237 -0.932335 -0.780904 
-1.16453 0.549133 0.268829 -1.54916 -1.92399 -0.934225 -0.780484 
-1.16469 0.549589 0.268767 -1.54771 -1.92505 -0.935665 -0.780726 
-1.16495 0.548321 0.269766 -1.55117 -1.92333 -0.934636 -0.784676 
-1.16452 0.5473 0.269462 -1.55192 -1.92171 -0.931844 -0.781267 
-1.16453 0.548648 0.268736 -1.54866 -1.92464 -0.935391 -0.77855 
-1.16445 0.550149 0.268099 -1.54556 -1.92742 -0.938697 -0.776104 
-1.16436 0.551667 0.267476 -1.54246 -1.93016 -0.941973 -0.773697 
-1.16426 0.553185 0.266857 -1.53936 -1.93288 -0.945253 -0.771295 
-1.16416 0.554692 0.266242 -1.53626 -1.93559 -0.94854 -0.768896 
-1.16407 0.556159 0.265639 -1.53321 -1.93827 -0.951823 -0.766516 
-1.16402 0.557442 0.265117 -1.53048 -1.94082 -0.955005 -0.764292 
-1.16437 0.557288 0.266417 -1.53544 -1.93974 -0.955898 -0.768881 
-1.16421 0.555497 0.26608 -1.53361 -1.93783 -0.951915 -0.76698 
-1.16497 0.556786 0.26636 -1.53134 -1.93788 -0.954629 -0.766757 
-1.16563 0.558231 0.266725 -1.52923 -1.93779 -0.957087 -0.766802 
-1.16628 0.559695 0.267103 -1.52714 -1.93768 -0.959505 -0.766879 
-1.16692 0.561162 0.26748 -1.52505 -1.93757 -0.961916 -0.766955 
-1.16755 0.562622 0.267853 -1.52296 -1.93745 -0.964326 -0.767027 
-1.16817 0.564054 0.268214 -1.52091 -1.93731 -0.966732 -0.767103 
-1.16876 0.565353 0.268565 -1.51903 -1.9371 -0.969094 -0.767225 
-1.16929 0.566148 0.269051 -1.51795 -1.93656 -0.971091 -0.767602 
-1.16941 0.565398 0.270403 -1.51976 -1.9348 -0.970975 -0.769057 
-1.16784 0.563546 0.268013 -1.52121 -1.93747 -0.96681 -0.767185 
-1.16791 0.56378 0.267719 -1.51974 -1.93834 -0.968198 -0.76549 
-1.16781 0.564996 0.267113 -1.51586 -1.94048 -0.971518 -0.761322 
-1.16777 0.565409 0.266917 -1.51458 -1.94118 -0.972609 -0.759949 
-1.16774 0.565809 0.266728 -1.51332 -1.94187 -0.973695 -0.758584 
-1.16773 0.566143 0.266577 -1.51218 -1.94252 -0.974741 -0.757283 
-1.16781 0.566243 0.266584 -1.51171 -1.94284 -0.975515 -0.756469 
-1.16807 0.565915 0.267114 -1.51415 -1.94132 -0.974846 -0.758697 
-1.16799 0.565407 0.267371 -1.5152 -1.94032 -0.972211 -0.760589 
-1.16752 0.56505 0.266473 -1.51397 -1.943 -0.973813 -0.75778 
-1.16695 0.564852 0.265658 -1.5129 -1.94555 -0.975167 -0.755255 
-1.16637 0.564677 0.264855 -1.51185 -1.94807 -0.97649 -0.752772 
-1.16579 0.564506 0.264054 -1.5108 -1.95058 -0.977816 -0.750297 
-1.16521 0.564336 0.263256 -1.50974 -1.95309 -0.979148 -0.747827 
-1.16465 0.564161 0.262476 -1.5087 -1.95559 -0.980479 -0.74537 
-1.16414 0.563944 0.261774 -1.5078 -1.95804 -0.981747 -0.743015 
-1.16379 0.563601 0.26133 -1.50778 -1.96001 -0.982593 -0.741499 
-1.16385 0.563488 0.261599 -1.51189 -1.95891 -0.981239 -0.745541 
-1.165 0.564444 0.262964 -1.50915 -1.95569 -0.979992 -0.745415 
-1.16565 0.564952 0.262902 -1.50807 -1.95611 -0.98265 -0.743602 
-1.16621 0.565615 0.262923 -1.50717 -1.9564 -0.985049 -0.742063 
-1.16675 0.566298 0.262957 -1.50628 -1.95667 -0.987407 -0.740559 
-1.16729 0.566984 0.262993 -1.5054 -1.95693 -0.989759 -0.739057 
-1.16783 0.567668 0.263027 -1.50451 -1.95719 -0.99211 -0.737553 
-1.16835 0.568341 0.263059 -1.50364 -1.95743 -0.994454 -0.736054 
-1.16886 0.568961 0.263101 -1.50288 -1.95762 -0.996741 -0.734611 
-1.16947 0.569551 0.264296 -1.50529 -1.9556 -0.998186 -0.735188 
-1.16771 0.567521 0.262926 -1.50455 -1.95739 -0.993212 -0.737301 
-1.16921 0.568829 0.262923 -1.50223 -1.95813 -0.998601 -0.734682 
-1.1699 0.569581 0.262975 -1.50118 -1.9584 -1.00113 -0.733545 
-1.17058 0.570335 0.263029 -1.50012 -1.95867 -1.00364 -0.732409 
-1.17126 0.571088 0.26308 -1.49907 -1.95894 -1.00616 -0.731271 
-1.17193 0.571827 0.263124 -1.49803 -1.9592 -1.00867 -0.730138 
-1.17257 0.572504 0.26317 -1.49711 -1.95938 -1.01112 -0.729057 
-1.17313 0.57296 0.263368 -1.49682 -1.95925 -1.01314 -0.728359 
-1.17325 0.572967 0.264417 -1.49923 -1.95753 -1.01272 -0.729931 
-1.17154 0.57156 0.263153 -1.49847 -1.95877 -1.00887 -0.730538 
-1.17234 0.571758 0.263073 -1.49754 -1.95892 -1.01087 -0.729597 
-1.17303 0.5721 0.263073 -1.49679 -1.95894 -1.01253 -0.728971 
-1.17369 0.572461 0.263085 -1.49606 -1.95895 -1.01415 -0.72838 
-1.17501 0.573186 0.263103 -1.49461 -1.95894 -1.01736 -0.727202 
-1.17565 0.573542 0.263104 -1.49389 -1.95892 -1.01897 -0.726615 
-1.17627 0.573862 0.263098 -1.49324 -1.95887 -1.02053 -0.726058 
-1.17698 0.57401 0.263832 -1.49423 -1.95745 -1.02146 -0.726617 
-1.1748 0.573221 0.263268 -1.49491 -1.95906 -1.01716 -0.727375 
-1.17502 0.572993 0.262706 -1.49404 -1.96063 -1.019 -0.725619 
-1.17514 0.572924 0.262223 -1.49335 -1.96207 -1.02058 -0.724148 
-1.17526 0.572875 0.261752 -1.49268 -1.96348 -1.02212 -0.722715 
-1.17536 0.57283 0.261282 -1.492 -1.96489 -1.02366 -0.721289 
-1.17547 0.572786 0.260813 -1.49133 -1.96629 -1.0252 -0.719865 
-1.17558 0.572737 0.260348 -1.49066 -1.96769 -1.02674 -0.718449 
-1.17569 0.572662 0.259911 -1.49008 -1.96904 -1.02822 -0.717093 
-1.17584 0.572465 0.259965 -1.49262 -1.9694 -1.0285 -0.718447 
-1.17554 0.573098 0.261529 -1.49201 -1.96519 -1.02424 -0.720822 
-1.17552 0.572621 0.260817 -1.49115 -1.96745 -1.02579 -0.719763 
-1.1754 0.572302 0.260184 -1.49046 -1.96958 -1.02709 -0.71899 
-1.17527 0.572003 0.259562 -1.4898 -1.97169 -1.02835 -0.718257 
-1.175 0.571414 0.258321 -1.48846 -1.97589 -1.03086 -0.71681 
-1.17487 0.571117 0.257705 -1.4878 -1.97798 -1.03211 -0.716097 
-1.17474 0.570796 0.257116 -1.48722 -1.98004 -1.03332 -0.715438 
-1.17461 0.570403 0.256669 -1.48713 -1.98184 -1.03419 -0.715197 
-1.17441 0.570118 0.256786 -1.48934 -1.9821 -1.03328 -0.717682 
-1.17498 0.571322 0.258318 -1.48875 -1.97699 -1.03124 -0.71666 
-1.17523 0.57097 0.257835 -1.48791 -1.97859 -1.03275 -0.716261 
-1.1757 0.570428 0.25664 -1.48597 -1.98297 -1.03641 -0.715991 
-1.17584 0.570256 0.256245 -1.48533 -1.98442 -1.03762 -0.71592 
-1.17598 0.570081 0.255848 -1.4847 -1.98585 -1.03882 -0.715855 
-1.17611 0.569881 0.255457 -1.48412 -1.98726 -1.03998 -0.715825 
-1.17618 0.569604 0.255163 -1.48389 -1.98848 -1.04087 -0.71604 
-1.17601 0.569277 0.25538 -1.48522 -1.98874 -1.04022 -0.717765 
-1.1753 0.57006 0.256367 -1.48697 -1.984 -1.03633 -0.716689 
-1.17573 0.569702 0.256005 -1.4863 -1.98503 -1.03771 -0.716288 
-1.17638 0.569318 0.255446 -1.48533 -1.98684 -1.0399 -0.716078 
-1.17669 0.569139 0.255173 -1.48485 -1.98772 -1.04097 -0.715996 
-1.17701 0.56896 0.254897 -1.48438 -1.98861 -1.04204 -0.715916 
-1.17731 0.568779 0.254617 -1.48391 -1.98948 -1.0431 -0.715839 
-1.1776 0.568586 0.254337 -1.48348 -1.99034 -1.04414 -0.715786 
-1.17782 0.568355 0.254127 -1.48328 -1.99105 -1.04494 -0.715905 
-1.17775 0.568152 0.254352 -1.48419 -1.99106 -1.04443 -0.717082 
-1.17626 0.569511 0.255077 -1.48386 -1.98855 -1.04084 -0.716014 
-1.17694 0.5694 0.254789 -1.48291 -1.9896 -1.04303 -0.715518 
-1.17753 0.569445 0.254577 -1.48214 -1.99053 -1.04496 -0.715298 
-1.1781 0.569508 0.254376 -1.48139 -1.99143 -1.04684 -0.715114 
-1.17867 0.569575 0.254175 -1.48064 -1.99233 -1.04873 -0.714934 
-1.17923 0.569642 0.253972 -1.47989 -1.99323 -1.05061 -0.714756 
-1.17978 0.569704 0.253759 -1.47915 -1.99411 -1.05248 -0.714583 
-1.1803 0.569734 0.25354 -1.47848 -1.99495 -1.05431 -0.714444 
-1.18071 0.56966 0.253421 -1.47819 -1.99558 -1.05579 -0.714537 
-1.18062 0.569435 0.253976 -1.47962 -1.99525 -1.05524 -0.715981 
-1.17911 0.569547 0.254029 -1.47996 -1.99308 -1.05153 -0.714887 
-1.17936 0.569214 0.253577 -1.47915 -1.99459 -1.05313 -0.714292 
-1.17952 0.569035 0.2532 -1.47853 -1.99598 -1.05446 -0.713972 
-1.17967 0.568874 0.252833 -1.47793 -1.99735 -1.05575 -0.71369 
-1.17981 0.568717 0.252467 -1.47733 -1.99872 -1.05704 -0.713412 
-1.17996 0.56856 0.2521 -1.47673 -2.00009 -1.05833 -0.713138 
-1.1801 0.568399 0.251732 -1.47614 -2.00144 -1.05962 -0.712869 
-1.18022 0.568216 0.25137 -1.47561 -2.00277 -1.06087 -0.712636 
-1.1803 0.567959 0.251107 -1.47543 -2.00391 -1.06183 -0.712662 
-1.18014 0.567685 0.251342 -1.47692 -2.00407 -1.0612 -0.714323 
-1.1804 0.568901 0.252378 -1.47702 -1.99979 -1.05838 -0.713443 
-1.18099 0.569143 0.252312 -1.4764 -1.99989 -1.06015 -0.712269 
-1.18148 0.569538 0.252321 -1.47597 -1.99989 -1.06166 -0.711366 
-1.18196 0.569952 0.25234 -1.47556 -1.99986 -1.06312 -0.710497 
-1.18243 0.570367 0.252358 -1.47515 -1.99983 -1.06458 -0.70963 
-1.18291 0.570783 0.252376 -1.47474 -1.9998 -1.06604 -0.708763 
-1.18382 0.571576 0.252399 -1.474 -1.99969 -1.06891 -0.707062 
-1.18434 0.572007 0.253018 -1.4755 -1.99841 -1.06981 -0.707117 
-1.182 0.569609 0.251734 -1.47474 -2.00195 -1.06512 -0.710067 
-1.18219 0.569608 0.251488 -1.47408 -2.00261 -1.06637 -0.708912 
-1.1823 0.56976 0.251314 -1.4736 -2.00316 -1.06736 -0.708028 
-1.18239 0.56993 0.251151 -1.47315 -2.0037 -1.06831 -0.70718 
-1.18247 0.570103 0.250988 -1.47269 -2.00423 -1.06925 -0.706335 
-1.18256 0.570275 0.250825 -1.47224 -2.00475 -1.07019 -0.705492 
-1.18264 0.570442 0.250663 -1.4718 -2.00528 -1.07113 -0.704652 
-1.18273 0.570583 0.250515 -1.47141 -2.00578 -1.07204 -0.703844 
-1.18282 0.570634 0.250447 -1.47138 -2.00612 -1.07274 -0.70329 
-1.18287 0.570591 0.250696 -1.47295 -2.00558 -1.07232 -0.704368 
-1.183 0.570706 0.251754 -1.47369 -2.00251 -1.06898 -0.706901 
-1.18324 0.570734 0.251697 -1.47313 -2.00269 -1.06963 -0.706766 
-1.18338 0.570915 0.251712 -1.47277 -2.00277 -1.07 -0.706906 
-1.18351 0.571114 0.251737 -1.47243 -2.00282 -1.07034 -0.70708 
-1.18363 0.571316 0.251762 -1.47209 -2.00287 -1.07067 -0.707258 
-1.18376 0.571517 0.251786 -1.47176 -2.00292 -1.071 -0.707437 
-1.18399 0.571889 0.251824 -1.47112 -2.003 -1.07165 -0.707804 
-1.18409 0.571985 0.251859 -1.47095 -2.00299 -1.07191 -0.708025 
-1.18409 0.571831 0.252036 -1.47122 -2.00283 -1.07179 -0.708352 
-1.18265 0.570549 0.250447 -1.4714 -2.00585 -1.07208 -0.703766 
-1.18305 0.570656 0.250572 -1.47086 -2.00556 -1.0725 -0.704377 
-1.18336 0.570917 0.250768 -1.47052 -2.00517 -1.07267 -0.705258 
-1.18365 0.571195 0.250974 -1.4702 -2.00476 -1.07279 -0.706174 
-1.18394 0.571475 0.25118 -1.46988 -2.00435 -1.07291 -0.707094 
-1.18422 0.571756 0.251383 -1.46956 -2.00393 -1.07302 -0.708014 
-1.1845 0.572031 0.251579 -1.46925 -2.00352 -1.07314 -0.708933 
-1.18476 0.572287 0.251754 -1.46894 -2.00309 -1.07327 -0.709845 
-1.18497 0.572459 0.251907 -1.46862 -2.00268 -1.0734 -0.710632 
-1.18496 0.572234 0.252142 -1.46801 -2.00263 -1.0735 -0.7104 
-1.1836 0.571264 0.251052 -1.47021 -2.00464 -1.0726 -0.706608 
-1.18303 0.570831 0.250239 -1.46951 -2.00632 -1.07327 -0.703369 
-1.18268 0.570709 0.249878 -1.46928 -2.00709 -1.07343 -0.701921 
-1.18234 0.570591 0.249517 -1.46905 -2.00785 -1.07359 -0.700476 
-1.18199 0.570473 0.249159 -1.46883 -2.00862 -1.07374 -0.699033 
-1.18166 0.570354 0.248811 -1.4686 -2.00938 -1.0739 -0.697592 
-1.18136 0.570226 0.248501 -1.46843 -2.01014 -1.07403 -0.696186 
-1.18116 0.570067 0.24827 -1.46858 -2.01077 -1.07405 -0.695105 
-1.18128 0.570081 0.248113 -1.47034 -2.01038 -1.0735 -0.69631 
-1.18235 0.570751 0.249632 -1.46907 -2.0081 -1.07357 -0.699383 
-1.18188 0.570272 0.249054 -1.46872 -2.00958 -1.074 -0.697634 
-1.18132 0.569947 0.248546 -1.46856 -2.01095 -1.07417 -0.696157 
-1.18074 0.56964 0.248048 -1.46842 -2.0123 -1.0743 -0.694716 
-1.18016 0.569336 0.247551 -1.46828 -2.01365 -1.07443 -0.693278 
-1.17958 0.569034 0.247056 -1.46815 -2.015 -1.07456 -0.691842 
-1.17901 0.568733 0.246575 -1.46801 -2.01635 -1.07468 -0.690408 
-1.17849 0.568428 0.246137 -1.46793 -2.0177 -1.07479 -0.689011 
-1.17807 0.568119 0.24579 -1.46817 -2.01891 -1.07477 -0.687974 
-1.17805 0.568103 0.24551 -1.4701 -2.019 -1.07414 -0.689508 
-1.18001 0.569371 0.247304 -1.46837 -2.01409 -1.07433 -0.692332 
-1.18026 0.569535 0.247329 -1.46799 -2.01384 -1.07501 -0.691534 
-1.18042 0.569851 0.247426 -1.46779 -2.01347 -1.07543 -0.691006 
-1.18056 0.570184 0.247532 -1.46762 -2.01309 -1.0758 -0.690512 
-1.1807 0.570519 0.247639 -1.46745 -2.01271 -1.07616 -0.690021 
-1.18084 0.570854 0.247745 -1.46728 -2.01233 -1.07653 -0.689531 
-1.18098 0.571185 0.24785 -1.46712 -2.01194 -1.07689 -0.689041 
-1.18113 0.5715 0.247958 -1.46698 -2.01155 -1.07725 -0.688564 
-1.18127 0.571752 0.24809 -1.46699 -2.0111 -1.07754 -0.688169 
-1.18141 0.571852 0.248316 -1.46762 -2.01037 -1.07748 -0.688268 
-1.17983 0.569397 0.246987 -1.46788 -2.01443 -1.07546 -0.689955 
-1.18019 0.569738 0.247135 -1.46723 -2.01415 -1.07638 -0.689762 
-1.18046 0.570231 0.247353 -1.46677 -2.01377 -1.07702 -0.689839 
-1.18071 0.570742 0.247582 -1.46634 -2.01336 -1.07762 -0.68995 
-1.18096 0.571255 0.247809 -1.46592 -2.01296 -1.07822 -0.690064 
-1.1812 0.571767 0.248035 -1.46549 -2.01255 -1.07882 -0.690177 
-1.18144 0.572272 0.248256 -1.46507 -2.01214 -1.07942 -0.690293 
-1.18167 0.572743 0.248467 -1.46469 -2.01171 -1.08 -0.690417 
-1.18187 0.573086 0.248696 -1.46449 -2.01122 -1.08051 -0.690566 
-1.18192 0.572997 0.249111 -1.46488 -2.01061 -1.08054 -0.690692 
-1.18079 0.570571 0.247689 -1.46737 -2.01264 -1.07621 -0.690099 
-1.18047 0.57049 0.247234 -1.46651 -2.01384 -1.07711 -0.68812 
-1.18026 0.570543 0.247052 -1.46619 -2.01436 -1.07739 -0.687301 
-1.18004 0.570598 0.246869 -1.46588 -2.01489 -1.07766 -0.686487 
-1.17982 0.570654 0.246688 -1.46557 -2.01541 -1.07794 -0.685672 
-1.17961 0.570706 0.246513 -1.46527 -2.01593 -1.07821 -0.684861 
-1.17942 0.57074 0.246361 -1.46501 -2.01644 -1.07847 -0.684075 
-1.17929 0.570707 0.246267 -1.46503 -2.01685 -1.07862 -0.68351 
-1.17934 0.570633 0.246276 -1.46631 -2.01656 -1.07826 -0.684429 
-1.18031 0.570572 0.247137 -1.46648 -2.01425 -1.0771 -0.687925 
-1.18089 0.570961 0.247521 -1.46606 -2.01331 -1.0776 -0.688797 
-1.18138 0.571503 0.247975 -1.46583 -2.01227 -1.07783 -0.689941 
-1.18186 0.572063 0.248438 -1.46562 -2.0112 -1.07802 -0.691119 
-1.18281 0.573188 0.249359 -1.46522 -2.00907 -1.0784 -0.693481 
-1.18327 0.573746 0.249805 -1.46501 -2.008 -1.07859 -0.694662 
-1.18404 0.574726 0.25058 -1.46451 -2.0059 -1.07904 -0.696761 
-1.18405 0.574643 0.251009 -1.46348 -2.00555 -1.07942 -0.695937 
-1.1823 0.572786 0.248681 -1.46547 -2.00979 -1.07825 -0.692995 
-1.18284 0.573368 0.248987 -1.46472 -2.00933 -1.07943 -0.69344 
-1.1833 0.574103 0.249364 -1.46416 -2.00878 -1.08034 -0.694156 
-1.18374 0.574856 0.249749 -1.46363 -2.0082 -1.08121 -0.694906 
-1.18418 0.57561 0.250134 -1.4631 -2.00762 -1.08208 -0.695658 
-1.18461 0.576364 0.250515 -1.46257 -2.00704 -1.08294 -0.69641 
-1.18503 0.577107 0.250884 -1.46205 -2.00646 -1.08381 -0.697162 
-1.18573 0.578329 0.251573 -1.46126 -2.00519 -1.08544 -0.698603 
-1.18571 0.578178 0.252192 -1.46127 -2.00466 -1.08564 -0.698518 
-1.18456 0.575873 0.251108 -1.46258 -2.0054 -1.08126 -0.69694 
-1.18498 0.576034 0.251335 -1.46236 -2.0048 -1.08161 -0.697418 
-1.1853 0.576348 0.251634 -1.46234 -2.00408 -1.0817 -0.698171 
-1.18561 0.57668 0.251941 -1.46234 -2.00335 -1.08175 -0.698959 
-1.18591 0.577015 0.252248 -1.46234 -2.00261 -1.0818 -0.699751 
-1.18651 0.577682 0.252849 -1.46233 -2.00113 -1.0819 -0.701334 
-1.18679 0.578008 0.253123 -1.46232 -2.00039 -1.08196 -0.702111 
-1.187 0.578299 0.253358 -1.4622 -1.9997 -1.08206 -0.70272 
-1.187 0.57832 0.253606 -1.46142 -1.99951 -1.08233 -0.702076 
-1.18578 0.578141 0.252295 -1.46121 -2.00441 -1.08556 -0.698817 
-1.18612 0.578206 0.252422 -1.46111 -2.00404 -1.08578 -0.699345 
-1.18637 0.578425 0.25262 -1.46121 -2.00357 -1.08574 -0.70015 
-1.1866 0.578661 0.252827 -1.46134 -2.00307 -1.08566 -0.70099 
-1.18683 0.578901 0.253034 -1.46146 -2.00257 -1.08558 -0.701834 
-1.18706 0.57914 0.253238 -1.46159 -2.00207 -1.0855 -0.702679 
-1.18729 0.579379 0.253436 -1.46171 -2.00157 -1.08542 -0.703522 
-1.18749 0.579618 0.253613 -1.46182 -2.00107 -1.08535 -0.704348 
-1.18764 0.579849 0.253749 -1.46177 -2.00063 -1.08533 -0.705001 
-1.1876 0.579896 0.253871 -1.46094 -2.00072 -1.08557 -0.704386 
-1.1871 0.578272 0.253688 -1.46134 -1.99946 -1.08227 -0.702161 
-1.18724 0.578118 0.253613 -1.46128 -1.99941 -1.08237 -0.701933 
-1.18728 0.578116 0.25361 -1.46142 -1.99926 -1.0822 -0.701982 
-1.18732 0.578133 0.253617 -1.46159 -1.99909 -1.08199 -0.702066 
-1.18735 0.578152 0.253623 -1.46175 -1.99892 -1.08177 -0.702154 
-1.18738 0.578171 0.253629 -1.46191 -1.99875 -1.08155 -0.702243 
-1.18741 0.578192 0.253635 -1.46208 -1.99857 -1.08134 -0.702331 
-1.18744 0.57822 0.253638 -1.46223 -1.99841 -1.08113 -0.702413 
-1.18746 0.578271 0.253628 -1.46231 -1.99826 -1.08095 -0.702454 
-1.18749 0.578366 0.253563 -1.46211 -1.99826 -1.08096 -0.702238 
-1.18709 0.578297 0.253684 -1.46135 -1.99944 -1.08223 -0.702164 
-1.18733 0.57825 0.25365 -1.46143 -1.9993 -1.08263 -0.701685 
-1.18747 0.578358 0.253688 -1.46172 -1.99904 -1.08276 -0.701484 
-1.1876 0.578484 0.253736 -1.46203 -1.99877 -1.08285 -0.701318 
-1.18785 0.578741 0.25383 -1.46264 -1.99821 -1.08303 -0.700993 
-1.18797 0.578873 0.253875 -1.46295 -1.99794 -1.08311 -0.70083 
-1.18809 0.579014 0.253915 -1.46324 -1.99766 -1.0832 -0.700664 
-1.18818 0.579193 0.253949 -1.46347 -1.9974 -1.08329 -0.700473 
-1.18821 0.579475 0.253988 -1.4635 -1.9972 -1.08335 -0.700155 
-1.18709 0.578303 0.253684 -1.46135 -1.99944 -1.08223 -0.702166 
-1.18733 0.578207 0.253676 -1.46146 -1.99927 -1.08244 -0.70211 
-1.18747 0.578266 0.25374 -1.46177 -1.99899 -1.08238 -0.702332 
-1.1876 0.578342 0.253814 -1.4621 -1.99869 -1.08228 -0.70259 
-1.18773 0.578421 0.253887 -1.46243 -1.9984 -1.08218 -0.702851 
-1.18809 0.578678 0.254088 -1.4634 -1.9975 -1.08188 -0.703622 
-1.18817 0.578818 0.254121 -1.46357 -1.99725 -1.08182 -0.703774 
-1.18815 0.579028 0.254116 -1.46315 -1.9973 -1.08195 -0.703291 
-1.18709 0.578306 0.253684 -1.46135 -1.99943 -1.08223 -0.702167 
-1.18712 0.577999 0.253481 -1.46152 -1.99966 -1.08231 -0.701548 
-1.18706 0.577845 0.25335 -1.46188 -1.99977 -1.08212 -0.701207 
-1.18699 0.577709 0.253228 -1.46227 -1.99986 -1.08188 -0.700902 
-1.18691 0.577576 0.253107 -1.46266 -1.99995 -1.08165 -0.700599 
-1.18683 0.577445 0.252986 -1.46304 -2.00004 -1.08141 -0.700297 
-1.18668 0.577209 0.252754 -1.46379 -2.00024 -1.08094 -0.699688 
-1.18662 0.577177 0.252638 -1.46407 -2.00036 -1.08073 -0.699393 
-1.18663 0.577418 0.252449 -1.46416 -2.00046 -1.08066 -0.699288 
-1.18709 0.578308 0.253684 -1.46135 -1.99943 -1.08223 -0.702169 
-1.18715 0.578016 0.253483 -1.46158 -1.99953 -1.08237 -0.701204 
-1.18706 0.577759 0.253234 -1.46245 -1.9995 -1.08208 -0.699866 
-1.18701 0.577643 0.253115 -1.4629 -1.99947 -1.08191 -0.699218 
-1.1869 0.577417 0.252881 -1.46379 -1.99941 -1.08156 -0.697921 
-1.18686 0.57733 0.252774 -1.46422 -1.99939 -1.08139 -0.697273 
-1.18684 0.577331 0.252673 -1.46458 -1.99938 -1.08123 -0.696672 
-1.1869 0.577678 0.252498 -1.46489 -1.99924 -1.08114 -0.696542 
-1.18704 0.578231 0.253419 -1.46209 -1.99943 -1.08214 -0.701054 
-1.18712 0.577932 0.253269 -1.46226 -1.99955 -1.08215 -0.700706 
-1.18706 0.577661 0.253122 -1.46302 -1.99956 -1.08162 -0.700603 
-1.18702 0.577538 0.253054 -1.46341 -1.99955 -1.08133 -0.700573 
-1.18699 0.577415 0.252985 -1.4638 -1.99954 -1.08103 -0.700543 
-1.18695 0.577297 0.252917 -1.46419 -1.99954 -1.08074 -0.700511 
-1.18691 0.577199 0.25285 -1.46455 -1.99954 -1.08045 -0.700472 
-1.18687 0.577176 0.252767 -1.46478 -1.99958 -1.08021 -0.700393 
-1.18686 0.577384 0.252596 -1.46457 -1.99977 -1.08021 -0.700141 
-1.18698 0.577646 0.25243 -1.46495 -1.99918 -1.08109 -0.696489 
-1.18713 0.577443 0.252322 -1.46517 -1.99913 -1.0813 -0.695875 
-1.1872 0.577397 0.252286 -1.46558 -1.99898 -1.08124 -0.695539 
-1.18725 0.577369 0.252259 -1.46602 -1.9988 -1.08114 -0.695239 
-1.18738 0.577299 0.252179 -1.46733 -1.99825 -1.08084 -0.694349 
-1.18743 0.577299 0.252152 -1.46774 -1.99808 -1.08074 -0.694046 
-1.1875 0.577703 0.252029 -1.46805 -1.99784 -1.08067 -0.693406 
-1.18697 0.577645 0.252429 -1.46499 -1.99916 -1.08108 -0.696481 
-1.18711 0.577462 0.252446 -1.46482 -1.99938 -1.08127 -0.697296 
-1.18717 0.577434 0.252534 -1.46486 -1.99949 -1.08118 -0.69839 
-1.18721 0.577424 0.252633 -1.46491 -1.99958 -1.08106 -0.69952 
-1.18724 0.577416 0.252731 -1.46497 -1.99967 -1.08093 -0.700653 
-1.18728 0.577409 0.252827 -1.46503 -1.99976 -1.0808 -0.701786 
-1.18731 0.577401 0.252918 -1.46508 -1.99984 -1.08067 -0.702919 
-1.18732 0.577395 0.252991 -1.46512 -1.99993 -1.08056 -0.704034 
-1.18706 0.577251 0.253066 -1.46413 -2.00072 -1.08063 -0.704754 
-1.18698 0.577627 0.252604 -1.465 -1.99951 -1.08102 -0.699993 
-1.18708 0.577384 0.25259 -1.46485 -1.9998 -1.08111 -0.700862 
-1.18709 0.577296 0.252648 -1.4649 -2 -1.08093 -0.702008 
-1.18709 0.577225 0.252714 -1.46497 -2.00017 -1.08071 -0.70319 
-1.18708 0.577089 0.252847 -1.46512 -2.0005 -1.08025 -0.705561 
-1.18703 0.576958 0.252951 -1.46524 -2.00083 -1.07981 -0.707911 
-1.18696 0.576903 0.252957 -1.46512 -2.00107 -1.07965 -0.708908 
-1.18672 0.576738 0.252941 -1.46418 -2.00182 -1.07979 -0.708698 
-1.18713 0.577233 0.253148 -1.46408 -2.00079 -1.08055 -0.704816 
-1.18732 0.577081 0.253162 -1.46398 -2.00088 -1.08083 -0.705214 
-1.18757 0.577131 0.253435 -1.46431 -2.00077 -1.0808 -0.707308 
-1.18764 0.577156 0.253527 -1.46443 -2.00072 -1.08077 -0.70802 
-1.18771 0.577181 0.253615 -1.46455 -2.00068 -1.08074 -0.708732 
-1.18776 0.577211 0.253689 -1.46465 -2.00063 -1.08072 -0.709431 
-1.18777 0.577253 0.253737 -1.46463 -2.00063 -1.08073 -0.710014 
-1.18763 0.57724 0.253795 -1.46405 -2.00097 -1.08085 -0.709769 
-1.18713 0.577171 0.253176 -1.46416 -2.00079 -1.08055 -0.705538 
-1.18748 0.577132 0.253292 -1.46425 -2.00035 -1.08082 -0.705714 
-1.18773 0.577248 0.25348 -1.46454 -1.9998 -1.08082 -0.706168 
-1.18797 0.577381 0.253677 -1.46486 -1.99923 -1.08078 -0.706657 
-1.18821 0.577518 0.253873 -1.46517 -1.99866 -1.08074 -0.70715 
-1.18845 0.577655 0.254068 -1.46549 -1.99809 -1.0807 -0.707644 
-1.18868 0.577794 0.254257 -1.46579 -1.99752 -1.08065 -0.708136 
-1.18889 0.577946 0.254427 -1.46607 -1.99695 -1.08062 -0.708612 
-1.18903 0.57834 0.254661 -1.46546 -1.9964 -1.08088 -0.708236 
-1.18782 0.577167 0.253755 -1.46467 -2.00056 -1.08069 -0.710082 
-1.18758 0.57658 0.25335 -1.46483 -2.00137 -1.0807 -0.70904 
-1.18726 0.576146 0.253015 -1.46517 -2.00208 -1.08044 -0.708275 
-1.18692 0.575731 0.252689 -1.46554 -2.00276 -1.08015 -0.707546 
-1.18658 0.575319 0.252364 -1.46592 -2.00345 -1.07985 -0.706819 
-1.18624 0.574908 0.252041 -1.46629 -2.00413 -1.07955 -0.706093 
-1.18558 0.574125 0.251431 -1.467 -2.00553 -1.07894 -0.704645 
-1.18532 0.573847 0.25116 -1.46735 -2.00621 -1.07863 -0.704049 
-1.18527 0.574032 0.250809 -1.46795 -2.00654 -1.07834 -0.704501 
-1.18699 0.576326 0.253038 -1.46542 -2.00207 -1.08032 -0.708419 
-1.18725 0.576292 0.253046 -1.46545 -2.00191 -1.08084 -0.707982 
-1.18742 0.576413 0.253125 -1.46567 -2.00164 -1.08109 -0.707822 
-1.18758 0.576552 0.253214 -1.46592 -2.00134 -1.0813 -0.707698 
-1.18773 0.576693 0.253303 -1.46616 -2.00105 -1.08151 -0.707577 
-1.18787 0.576836 0.25339 -1.46641 -2.00076 -1.08171 -0.707457 
-1.18802 0.57698 0.253475 -1.46665 -2.00046 -1.08192 -0.707336 
-1.18816 0.577131 0.253553 -1.46688 -2.00016 -1.08212 -0.707212 
-1.18827 0.577309 0.253628 -1.46707 -1.99987 -1.08231 -0.707068 
-1.18828 0.577562 0.253739 -1.46712 -1.99963 -1.08239 -0.706794 
-1.18659 0.575333 0.252412 -1.46662 -2.00336 -1.08023 -0.706018 
-1.18684 0.575343 0.252415 -1.46654 -2.00337 -1.08088 -0.705781 
-1.187 0.575508 0.25249 -1.46665 -2.00327 -1.08126 -0.705821 
-1.18715 0.575691 0.252575 -1.46679 -2.00315 -1.0816 -0.705895 
-1.18729 0.575877 0.252659 -1.46693 -2.00303 -1.08194 -0.705974 
-1.18744 0.576063 0.252741 -1.46707 -2.00291 -1.08228 -0.706052 
-1.18757 0.576249 0.25282 -1.4672 -2.00279 -1.08261 -0.706131 
-1.1877 0.576435 0.25289 -1.46734 -2.00266 -1.08295 -0.706207 
-1.18779 0.576621 0.252961 -1.46747 -2.00252 -1.08324 -0.706262 
-1.18773 0.576787 0.253122 -1.46755 -2.00242 -1.08331 -0.706135 
-1.18787 0.576798 0.253445 -1.46634 -2.00068 -1.0817 -0.707495 
-1.18792 0.576561 0.253382 -1.46613 -2.00103 -1.08184 -0.707954 
-1.18789 0.576478 0.25339 -1.46612 -2.00127 -1.08172 -0.70869 
-1.18784 0.576413 0.253408 -1.46613 -2.00149 -1.08155 -0.709461 
-1.18773 0.576288 0.253443 -1.46616 -2.00192 -1.08121 -0.71101 
-1.18767 0.576225 0.253458 -1.46617 -2.00213 -1.08104 -0.711784 
-1.1876 0.576164 0.253464 -1.46617 -2.00235 -1.08088 -0.712548 
-1.18751 0.576102 0.253449 -1.46609 -2.0026 -1.08074 -0.713219 
-1.18734 0.57596 0.253425 -1.46556 -2.00314 -1.08078 -0.71321 
-1.18784 0.576698 0.253445 -1.46629 -2.00144 -1.0814 -0.708837 
-1.18813 0.576716 0.253506 -1.46615 -2.00129 -1.08186 -0.708957 
-1.18833 0.5769 0.253645 -1.46623 -2.001 -1.08209 -0.709256 
-1.18852 0.577101 0.253793 -1.46633 -2.00069 -1.08229 -0.709591 
-1.18871 0.577305 0.253942 -1.46643 -2.00037 -1.08248 -0.70993 
-1.18889 0.577509 0.254089 -1.46653 -2.00006 -1.08267 -0.710269 
-1.18907 0.577712 0.25423 -1.46664 -1.99974 -1.08286 -0.710607 
-1.18924 0.577914 0.254359 -1.46673 -1.99942 -1.08306 -0.710938 
-1.18933 0.578216 0.254638 -1.46651 -1.99903 -1.08338 -0.710876 
-1.18742 0.576119 0.253448 -1.46611 -2.00268 -1.08066 -0.713243 
-1.18768 0.576098 0.253464 -1.46603 -2.00254 -1.08111 -0.713022 
-1.18784 0.57623 0.253552 -1.46614 -2.00229 -1.08129 -0.713078 
-1.18799 0.57638 0.25365 -1.46628 -2.00201 -1.08143 -0.713168 
-1.18814 0.576532 0.253747 -1.46642 -2.00174 -1.08157 -0.713262 
-1.18828 0.576685 0.253843 -1.46655 -2.00146 -1.08171 -0.713356 
-1.18855 0.576994 0.25402 -1.46682 -2.0009 -1.08198 -0.71354 
-1.18865 0.577156 0.254097 -1.46691 -2.00063 -1.08211 -0.71359 
-1.18865 0.577304 0.254207 -1.46683 -2.00047 -1.08219 -0.713346 
-1.18743 0.576201 0.253448 -1.46609 -2.00269 -1.08065 -0.713245 
-1.18776 0.576293 0.253484 -1.46603 -2.00236 -1.08135 -0.712476 
-1.18799 0.576539 0.253592 -1.46616 -2.00192 -1.08178 -0.711983 
-1.18822 0.576802 0.25371 -1.46632 -2.00146 -1.08217 -0.711525 
-1.18843 0.577069 0.253827 -1.46648 -2.001 -1.08255 -0.711071 
-1.18865 0.577335 0.253944 -1.46664 -2.00054 -1.08294 -0.710617 
-1.18908 0.57787 0.254168 -1.46696 -1.99961 -1.0837 -0.709712 
-1.18926 0.57814 0.254289 -1.46715 -1.99912 -1.08403 -0.709292 
-1.18936 0.578442 0.254487 -1.46754 -1.99851 -1.08407 -0.709076 
-1.18743 0.576201 0.253448 -1.46609 -2.00269 -1.08064 -0.713247 
-1.18768 0.576206 0.25342 -1.46606 -2.00247 -1.08125 -0.712325 
-1.18785 0.576366 0.253463 -1.46623 -2.00215 -1.08159 -0.711679 
-1.188 0.576544 0.253516 -1.46643 -2.00181 -1.0819 -0.711068 
-1.18815 0.576724 0.253569 -1.46662 -2.00147 -1.08219 -0.710461 
-1.18829 0.576905 0.253622 -1.46682 -2.00113 -1.08249 -0.709854 
-1.18844 0.577087 0.253674 -1.46701 -2.00079 -1.08278 -0.709247 
-1.18858 0.577273 0.253728 -1.4672 -2.00044 -1.08307 -0.708646 
-1.18872 0.577477 0.253795 -1.46744 -2.00006 -1.08331 -0.708101 
-1.18883 0.577789 0.253916 -1.46793 -1.9995 -1.0833 -0.707976 
-1.18773 0.576279 0.253457 -1.4663 -2.00214 -1.08135 -0.712559 
-1.18829 0.576513 0.253734 -1.46629 -2.00119 -1.08185 -0.712683 
-1.18876 0.576901 0.254084 -1.46648 -2.00014 -1.08209 -0.713083 
-1.18921 0.577307 0.254442 -1.46669 -1.99907 -1.08228 -0.713518 
-1.18966 0.577717 0.254799 -1.4669 -1.998 -1.08248 -0.713956 
-1.19011 0.578126 0.255154 -1.46711 -1.99692 -1.08267 -0.714395 
-1.19055 0.578536 0.255499 -1.46732 -1.99585 -1.08287 -0.714832 
-1.19096 0.578948 0.25582 -1.46751 -1.99477 -1.08307 -0.715253 
-1.19131 0.57936 0.256101 -1.46756 -1.99374 -1.08331 -0.71551 
-1.1914 0.579623 0.2564 -1.46687 -1.99321 -1.08364 -0.714571 
-1.18951 0.57767 0.254693 -1.46713 -1.99809 -1.08261 -0.713559 
-1.18973 0.577612 0.254703 -1.46703 -1.99805 -1.08288 -0.713817 
-1.18979 0.577679 0.254753 -1.4671 -1.99796 -1.08284 -0.71412 
-1.18984 0.577748 0.254803 -1.46717 -1.99786 -1.08279 -0.714428 
-1.18998 0.577958 0.254941 -1.46738 -1.99757 -1.08266 -0.715344 
-1.19 0.578029 0.25497 -1.46739 -1.99749 -1.08263 -0.715592 
-1.18996 0.578055 0.254999 -1.46716 -1.99758 -1.08267 -0.715454 
-1.1915 0.579693 0.256418 -1.46676 -1.99316 -1.08371 -0.714607 
-1.19113 0.579085 0.255923 -1.46663 -1.99434 -1.08377 -0.713528 
-1.19068 0.578632 0.255501 -1.46669 -1.99542 -1.08355 -0.712728 
-1.19021 0.578198 0.255089 -1.46678 -1.99647 -1.0833 -0.711964 
-1.18926 0.577337 0.254265 -1.46696 -1.99858 -1.08278 -0.710441 
-1.18879 0.576911 0.253864 -1.46704 -1.99964 -1.08252 -0.70968 
-1.18835 0.576496 0.253492 -1.46714 -2.0007 -1.08225 -0.708937 
-1.18799 0.576132 0.253165 -1.46735 -2.00171 -1.08195 -0.708387 
-1.18791 0.576114 0.252802 -1.4683 -2.00214 -1.0815 -0.709319 
-1.18974 0.577721 0.254733 -1.46688 -1.99806 -1.08289 -0.711161 
-1.18973 0.577508 0.254477 -1.46685 -1.99843 -1.08336 -0.709816 
-1.18961 0.57744 0.254285 -1.46702 -1.99873 -1.08355 -0.708729 
-1.18948 0.577387 0.254101 -1.46721 -1.99901 -1.08371 -0.707675 
-1.18934 0.577337 0.253917 -1.46741 -1.99928 -1.08386 -0.706624 
-1.1892 0.577288 0.253733 -1.4676 -1.99956 -1.08401 -0.705573 
-1.18907 0.577242 0.253555 -1.46779 -1.99984 -1.08416 -0.704523 
-1.18895 0.577203 0.253396 -1.468 -2.00012 -1.0843 -0.70349 
-1.18887 0.577199 0.253276 -1.46832 -2.00034 -1.08437 -0.702627 
-1.18894 0.577464 0.253187 -1.46936 -2.00003 -1.08412 -0.703032 
-1.18822 0.576307 0.253121 -1.46754 -2.00123 -1.08267 -0.707078 
-1.18851 0.576486 0.253177 -1.46729 -2.00101 -1.08343 -0.706503 
-1.18872 0.576819 0.253305 -1.46723 -2.00068 -1.08393 -0.706206 
-1.18891 0.57717 0.253442 -1.46719 -2.00032 -1.08439 -0.705944 
-1.1891 0.577523 0.253579 -1.46716 -1.99997 -1.08484 -0.705685 
-1.18928 0.577876 0.253715 -1.46712 -1.99962 -1.08529 -0.705426 
-1.1898 0.578861 0.254119 -1.46716 -1.99849 -1.08657 -0.704699 
-1.18986 0.579027 0.254375 -1.46759 -1.99794 -1.0866 -0.704651 
-1.18888 0.577201 0.253216 -1.46841 -2.00027 -1.08443 -0.702588 
-1.18921 0.577333 0.253344 -1.46823 -1.99985 -1.08492 -0.702525 
-1.18945 0.57762 0.253544 -1.46825 -1.99933 -1.08513 -0.702738 
-1.18968 0.577924 0.253753 -1.46829 -1.99878 -1.0853 -0.702987 
-1.1899 0.578231 0.253962 -1.46834 -1.99824 -1.08547 -0.703239 
-1.19012 0.578538 0.25417 -1.46838 -1.99769 -1.08564 -0.703492 
-1.19034 0.578843 0.254372 -1.46843 -1.99714 -1.08581 -0.703744 
-1.19054 0.579143 0.254561 -1.46847 -1.99658 -1.08598 -0.70399 
-1.19071 0.579418 0.254735 -1.46848 -1.99604 -1.08616 -0.704164 
-1.19075 0.579535 0.254946 -1.46825 -1.99571 -1.08632 -0.70377 
-1.1889 0.577224 0.25322 -1.46841 -2.00027 -1.08447 -0.702568 
-1.18891 0.577007 0.253153 -1.46815 -2.00048 -1.08447 -0.702792 
-1.18884 0.576944 0.253157 -1.46809 -2.00059 -1.08419 -0.703293 
-1.18875 0.576899 0.253171 -1.46805 -2.00067 -1.08388 -0.703829 
-1.18865 0.576856 0.253185 -1.46802 -2.00075 -1.08357 -0.704369 
-1.18856 0.576814 0.253199 -1.46798 -2.00083 -1.08325 -0.704909 
-1.18846 0.576771 0.253212 -1.46794 -2.00091 -1.08293 -0.705448 
-1.18837 0.576727 0.253222 -1.4679 -2.001 -1.08262 -0.705981 
-1.18827 0.576673 0.253216 -1.4678 -2.00112 -1.08236 -0.706448 
-1.18819 0.57653 0.253151 -1.46739 -2.00145 -1.08236 -0.706448 
-1.1889 0.577231 0.253221 -1.46841 -2.00027 -1.08447 -0.702565 
-1.18891 0.57702 0.253157 -1.4681 -2.00056 -1.08448 -0.702975 
-1.18883 0.576963 0.253164 -1.46799 -2.00075 -1.08422 -0.703663 
-1.18873 0.576925 0.253181 -1.46791 -2.00092 -1.08392 -0.704386 
-1.18852 0.576853 0.253215 -1.46774 -2.00124 -1.08332 -0.70584 
-1.18842 0.576816 0.25323 -1.46765 -2.00141 -1.08302 -0.706567 
-1.18831 0.576775 0.25324 -1.46757 -2.00157 -1.08272 -0.707286 
-1.18808 0.576509 0.25318 -1.46693 -2.00223 -1.08248 -0.707963 
-1.18885 0.577168 0.25322 -1.46816 -2.00069 -1.08401 -0.703132 
-1.18891 0.577012 0.253201 -1.4679 -2.00083 -1.0841 -0.703441 
-1.18888 0.57701 0.253254 -1.46782 -2.00087 -1.08393 -0.704028 
-1.18884 0.577025 0.253317 -1.46778 -2.00088 -1.08371 -0.704651 
-1.1888 0.577043 0.253379 -1.46773 -2.00089 -1.08349 -0.705276 
-1.18875 0.577062 0.253441 -1.46768 -2.0009 -1.08327 -0.705903 
-1.1887 0.577079 0.253501 -1.46763 -2.00091 -1.08305 -0.706528 
-1.18865 0.577093 0.253554 -1.46758 -2.00092 -1.08284 -0.707146 
-1.1885 0.576953 0.253589 -1.46701 -2.00126 -1.08271 -0.707625 
-1.18804 0.576495 0.253216 -1.46687 -2.00232 -1.08242 -0.707977 
-1.18816 0.5764 0.253246 -1.46657 -2.00236 -1.08253 -0.70846 
-1.18819 0.57646 0.253348 -1.46647 -2.00229 -1.08238 -0.709219 
-1.1882 0.576538 0.253459 -1.46639 -2.0022 -1.08219 -0.710014 
-1.18821 0.576618 0.25357 -1.46631 -2.00211 -1.08199 -0.710811 
-1.18822 0.576699 0.25368 -1.46623 -2.00202 -1.08179 -0.711609 
-1.18823 0.576777 0.253787 -1.46615 -2.00193 -1.08159 -0.712407 
-1.18823 0.57685 0.253882 -1.46607 -2.00183 -1.0814 -0.713195 
-1.18821 0.576892 0.253953 -1.46591 -2.00178 -1.08126 -0.713872 
-1.18811 0.576735 0.253998 -1.46531 -2.00207 -1.08135 -0.713718 
-1.18804 0.576549 0.253333 -1.46669 -2.00213 -1.08216 -0.709388 
-1.18831 0.576579 0.253423 -1.46658 -2.00179 -1.0825 -0.709335 
-1.18849 0.576763 0.253585 -1.46666 -2.00134 -1.08258 -0.709557 
-1.18866 0.576965 0.253756 -1.46677 -2.00088 -1.08262 -0.709814 
-1.18882 0.57717 0.253927 -1.46688 -2.00041 -1.08265 -0.710075 
-1.18899 0.577375 0.254097 -1.46698 -1.99994 -1.08268 -0.710336 
-1.18941 0.577986 0.254553 -1.46722 -1.99856 -1.08282 -0.711025 
-1.18943 0.578102 0.254688 -1.46691 -1.99835 -1.08296 -0.710628 
-1.18811 0.576851 0.254026 -1.46584 -2.00184 -1.08123 -0.713872 
-1.18849 0.577058 0.25421 -1.46563 -2.00136 -1.08178 -0.714005 
-1.18878 0.57742 0.254465 -1.46561 -2.00078 -1.08206 -0.714414 
-1.18905 0.577801 0.254729 -1.46562 -2.00017 -1.0823 -0.714859 
-1.18932 0.578183 0.254993 -1.46562 -1.99956 -1.08254 -0.715307 
-1.18984 0.578947 0.25551 -1.46564 -1.99834 -1.08301 -0.716202 
-1.19008 0.579318 0.255748 -1.46565 -1.99772 -1.08325 -0.716642 
-1.19028 0.579648 0.255965 -1.46562 -1.99713 -1.0835 -0.71698 
-1.19028 0.579742 0.256239 -1.46527 -1.99682 -1.08371 -0.716517 
-1.18811 0.576863 0.25402 -1.46583 -2.00182 -1.08123 -0.713931 
-1.18837 0.576754 0.254081 -1.46596 -2.00128 -1.08127 -0.71367 
-1.18854 0.576799 0.254215 -1.4663 -2.00064 -1.08103 -0.713688 
-1.1887 0.576861 0.254357 -1.46665 -1.99998 -1.08076 -0.713741 
-1.18885 0.576927 0.2545 -1.46701 -1.99932 -1.08048 -0.713798 
-1.189 0.576993 0.254642 -1.46736 -1.99866 -1.0802 -0.713855 
-1.18915 0.577063 0.254782 -1.46771 -1.99799 -1.07992 -0.713911 
-1.18929 0.577149 0.254914 -1.46803 -1.99734 -1.07966 -0.713954 
-1.18941 0.577293 0.255013 -1.46819 -1.99674 -1.07946 -0.713897 
-1.18951 0.577549 0.255 -1.46767 -1.99648 -1.07962 -0.713218 
-1.18987 0.579297 0.25586 -1.4655 -1.99749 -1.08314 -0.71606 
-1.19025 0.579435 0.256025 -1.46537 -1.99707 -1.08364 -0.71631 
-1.19054 0.579729 0.256263 -1.46544 -1.99654 -1.08387 -0.716838 
-1.19082 0.580041 0.25651 -1.46554 -1.99598 -1.08406 -0.717402 
-1.19109 0.580355 0.256756 -1.46563 -1.99543 -1.08425 -0.71797 
-1.19136 0.58067 0.257 -1.46572 -1.99487 -1.08444 -0.718538 
-1.19162 0.580983 0.257237 -1.46582 -1.99431 -1.08463 -0.719105 
-1.19186 0.581293 0.257454 -1.4659 -1.99375 -1.08483 -0.71966 
-1.19204 0.581584 0.257644 -1.4659 -1.99323 -1.08504 -0.720089 
-1.19202 0.581695 0.257879 -1.46539 -1.99306 -1.08527 -0.71956 
-1.19029 0.579838 0.256303 -1.4652 -1.99672 -1.08358 -0.716575 
-1.19049 0.579706 0.256297 -1.46519 -1.99661 -1.08375 -0.716648 
-1.19071 0.57977 0.256438 -1.46558 -1.99616 -1.08351 -0.717393 
-1.1908 0.579814 0.256513 -1.46579 -1.99592 -1.08336 -0.717787 
-1.1909 0.579858 0.256587 -1.46599 -1.99568 -1.08322 -0.718181 
-1.19099 0.579904 0.256659 -1.4662 -1.99544 -1.08307 -0.718574 
-1.19108 0.579958 0.25672 -1.46638 -1.9952 -1.08293 -0.718956 
-1.19113 0.580041 0.256756 -1.46645 -1.99501 -1.08284 -0.719241 
-1.1911 0.580137 0.256754 -1.46597 -1.99512 -1.08294 -0.718869 
-1.19028 0.579838 0.256303 -1.46518 -1.99672 -1.0837 -0.716578 
-1.19046 0.579737 0.256252 -1.46511 -1.99678 -1.08409 -0.716388 
-1.19055 0.57979 0.256274 -1.46524 -1.99674 -1.08421 -0.716477 
-1.19063 0.579861 0.256304 -1.46539 -1.99668 -1.08429 -0.716601 
-1.1907 0.579935 0.256335 -1.46555 -1.99661 -1.08437 -0.71673 
-1.19077 0.580009 0.256364 -1.4657 -1.99654 -1.08444 -0.716858 
-1.19084 0.580085 0.256392 -1.46585 -1.99648 -1.08452 -0.716986 
-1.19091 0.580164 0.256413 -1.466 -1.99641 -1.0846 -0.717111 
-1.19094 0.580257 0.256429 -1.4661 -1.99635 -1.08467 -0.717203 
-1.1909 0.580374 0.256471 -1.46603 -1.99638 -1.08469 -0.717075 
-1.19028 0.579839 0.256303 -1.46517 -1.99672 -1.08371 -0.71658 
-1.19042 0.579663 0.25622 -1.46517 -1.99678 -1.08398 -0.716281 
-1.19048 0.579643 0.256208 -1.46537 -1.99674 -1.08398 -0.716261 
-1.19052 0.579641 0.256206 -1.46559 -1.99667 -1.08394 -0.716276 
-1.19055 0.579641 0.256204 -1.46581 -1.99661 -1.08389 -0.716295 
-1.19059 0.579642 0.256202 -1.46603 -1.99654 -1.08384 -0.716314 
-1.19062 0.579645 0.256198 -1.46625 -1.99647 -1.0838 -0.716332 
-1.19067 0.579705 0.256178 -1.4666 -1.99636 -1.08372 -0.716334 
-1.19065 0.579852 0.256151 -1.46652 -1.99639 -1.08372 -0.716179 
-1.19027 0.579839 0.256303 -1.46517 -1.99672 -1.08372 -0.716581 
-1.1905 0.57973 0.256299 -1.46516 -1.99662 -1.08399 -0.716585 
-1.19075 0.579842 0.256446 -1.46555 -1.99619 -1.08395 -0.717187 
-1.19087 0.57991 0.256523 -1.46576 -1.99596 -1.0839 -0.717509 
-1.19098 0.579978 0.2566 -1.46597 -1.99573 -1.08386 -0.717832 
-1.19109 0.580048 0.256673 -1.46617 -1.9955 -1.08382 -0.718153 
-1.1912 0.580125 0.256737 -1.46636 -1.99528 -1.08378 -0.718466 
-1.19126 0.580229 0.25678 -1.46645 -1.99509 -1.08376 -0.718694 
-1.19123 0.580351 0.256811 -1.46607 -1.99515 -1.08386 -0.718354 
-1.19027 0.579839 0.256303 -1.46517 -1.99672 -1.08372 -0.716582 
-1.19057 0.579768 0.256394 -1.46515 -1.99647 -1.08388 -0.71718 
-1.19078 0.579852 0.256558 -1.46533 -1.99611 -1.08377 -0.718057 
-1.19097 0.579955 0.256731 -1.46554 -1.99574 -1.08362 -0.718971 
-1.19116 0.58006 0.256903 -1.46574 -1.99536 -1.08347 -0.719888 
-1.19135 0.580166 0.257074 -1.46595 -1.99498 -1.08331 -0.720805 
-1.19153 0.580274 0.257238 -1.46615 -1.99459 -1.08316 -0.721721 
-1.1917 0.580387 0.257381 -1.46632 -1.99421 -1.08303 -0.722617 
-1.1918 0.580522 0.25748 -1.4663 -1.99391 -1.08295 -0.723326 
-1.19171 0.580564 0.257543 -1.46534 -1.99418 -1.08318 -0.72271 
-1.19081 0.579875 0.25664 -1.4656 -1.99585 -1.08362 -0.718781 
-1.19103 0.57974 0.256665 -1.46558 -1.99578 -1.08377 -0.719225 
-1.19116 0.57976 0.256763 -1.46576 -1.9956 -1.08365 -0.71995 
-1.19128 0.579797 0.25687 -1.46595 -1.9954 -1.0835 -0.72071 
-1.19139 0.579837 0.256976 -1.46615 -1.9952 -1.08333 -0.721474 
-1.1915 0.579878 0.257082 -1.46635 -1.995 -1.08317 -0.722238 
-1.19161 0.57992 0.257182 -1.46655 -1.9948 -1.08301 -0.723001 
-1.1917 0.57997 0.257267 -1.46672 -1.9946 -1.08286 -0.723747 
-1.19175 0.580044 0.257315 -1.46672 -1.99447 -1.08276 -0.724344 
-1.19165 0.580076 0.257331 -1.46596 -1.99479 -1.08292 -0.7239 
-1.19187 0.580581 0.257561 -1.46635 -1.99384 -1.08286 -0.7234 
-1.19229 0.58052 0.25777 -1.46647 -1.99317 -1.08279 -0.724346 
-1.1926 0.580615 0.258052 -1.46678 -1.99239 -1.08244 -0.725575 
-1.19291 0.580728 0.258344 -1.46711 -1.9916 -1.08206 -0.726839 
-1.19351 0.580961 0.258924 -1.46778 -1.98999 -1.0813 -0.729376 
-1.1938 0.581081 0.259204 -1.46811 -1.98919 -1.08092 -0.730643 
-1.19406 0.581216 0.259453 -1.46838 -1.98839 -1.08056 -0.731877 
-1.19425 0.581396 0.259627 -1.46834 -1.98773 -1.08033 -0.732816 
-1.1942 0.581476 0.259682 -1.46674 -1.98799 -1.08072 -0.731701 
-1.1931 0.580821 0.258548 -1.46748 -1.99076 -1.08179 -0.728552 
-1.19343 0.580691 0.258655 -1.46768 -1.99019 -1.08188 -0.728551 
-1.19367 0.580717 0.258835 -1.46808 -1.98951 -1.08171 -0.728833 
-1.1939 0.580762 0.259023 -1.4685 -1.98881 -1.0815 -0.72915 
-1.19412 0.580809 0.259212 -1.46892 -1.98811 -1.08129 -0.729471 
-1.19433 0.580858 0.2594 -1.46934 -1.9874 -1.08107 -0.729793 
-1.19455 0.580911 0.259583 -1.46975 -1.9867 -1.08086 -0.730113 
-1.19475 0.580984 0.25975 -1.47013 -1.986 -1.08066 -0.730415 
-1.19491 0.58113 0.259875 -1.47028 -1.98538 -1.08053 -0.730565 
-1.19495 0.581399 0.259902 -1.4695 -1.98525 -1.08077 -0.729738 
-1.19431 0.581392 0.259673 -1.46841 -1.98772 -1.08027 -0.732866 
-1.19467 0.581346 0.259807 -1.46856 -1.9872 -1.08057 -0.732912 
-1.19494 0.581456 0.260014 -1.46891 -1.98657 -1.08059 -0.73324 
-1.19519 0.581585 0.26023 -1.46929 -1.98592 -1.08057 -0.733604 
-1.19544 0.581717 0.260446 -1.46966 -1.98526 -1.08055 -0.733972 
-1.19568 0.58185 0.26066 -1.47003 -1.98461 -1.08053 -0.73434 
-1.19593 0.581986 0.260868 -1.4704 -1.98395 -1.08052 -0.734707 
-1.19615 0.582137 0.261059 -1.47074 -1.9833 -1.08051 -0.735057 
-1.19632 0.582342 0.261212 -1.47088 -1.98271 -1.08055 -0.735262 
-1.19632 0.582607 0.261323 -1.47021 -1.98257 -1.0808 -0.734499 
-1.19433 0.581458 0.259724 -1.46844 -1.98752 -1.08028 -0.732912 
-1.19462 0.581331 0.259825 -1.46853 -1.9873 -1.08052 -0.733418 
-1.19482 0.58136 0.259998 -1.46882 -1.98698 -1.0805 -0.734207 
-1.195 0.581408 0.260182 -1.46912 -1.98664 -1.08044 -0.735032 
-1.19517 0.581459 0.260364 -1.46943 -1.98629 -1.08038 -0.735862 
-1.19535 0.58151 0.260545 -1.46974 -1.98594 -1.08031 -0.736691 
-1.19551 0.581564 0.260719 -1.47004 -1.98559 -1.08025 -0.737519 
-1.19566 0.581631 0.260872 -1.4703 -1.98525 -1.0802 -0.738326 
-1.19574 0.581743 0.260982 -1.47036 -1.98498 -1.0802 -0.73895 
-1.19562 0.581853 0.261063 -1.46944 -1.98527 -1.08045 -0.738315 
-1.19638 0.58275 0.261364 -1.4703 -1.98256 -1.0809 -0.734581 
-1.19666 0.582564 0.261466 -1.47045 -1.9823 -1.08102 -0.735146 
-1.19702 0.582527 0.261828 -1.47116 -1.98153 -1.08069 -0.736883 
-1.19718 0.58252 0.262013 -1.47153 -1.98113 -1.0805 -0.737773 
-1.19735 0.582515 0.262197 -1.4719 -1.98073 -1.08031 -0.738664 
-1.19751 0.582513 0.262373 -1.47226 -1.98033 -1.08013 -0.739553 
-1.19759 0.582724 0.262667 -1.47155 -1.97998 -1.08013 -0.740337 
-1.19648 0.582553 0.261586 -1.47046 -1.98195 -1.08057 -0.735542 
-1.19674 0.582396 0.261694 -1.47045 -1.98191 -1.08076 -0.736576 
-1.19691 0.582397 0.261876 -1.47064 -1.98176 -1.08069 -0.737894 
-1.19706 0.582417 0.262068 -1.47085 -1.98159 -1.08057 -0.739248 
-1.1972 0.582439 0.262259 -1.47106 -1.98142 -1.08045 -0.740606 
-1.19735 0.582462 0.262448 -1.47127 -1.98125 -1.08034 -0.741964 
-1.19748 0.582486 0.262628 -1.47148 -1.98107 -1.08022 -0.74332 
-1.19759 0.582518 0.262782 -1.47165 -1.9809 -1.08012 -0.744651 
-1.19762 0.582577 0.262883 -1.47158 -1.98083 -1.08008 -0.745742 
-1.1974 0.582522 0.262961 -1.47033 -1.98147 -1.08037 -0.745145 
-1.19765 0.582645 0.262728 -1.47152 -1.98017 -1.08008 -0.741401 
-1.19814 0.582708 0.263052 -1.47152 -1.97961 -1.08031 -0.743037 
-1.19854 0.582929 0.263449 -1.47172 -1.97893 -1.08028 -0.744959 
-1.19892 0.58317 0.263855 -1.47194 -1.97823 -1.0802 -0.746917 
-1.19929 0.583413 0.264261 -1.47216 -1.97753 -1.08012 -0.748878 
-1.19966 0.583657 0.264663 -1.47238 -1.97683 -1.08005 -0.750841 
-1.20002 0.583902 0.26505 -1.47259 -1.97613 -1.07998 -0.752801 
-1.20034 0.584151 0.265393 -1.47276 -1.97542 -1.07993 -0.754722 
-1.20053 0.584406 0.265651 -1.47259 -1.97486 -1.07999 -0.756269 
-1.20032 0.584355 0.265882 -1.47066 -1.97543 -1.08051 -0.755119 
-1.19945 0.583623 0.264455 -1.47232 -1.97722 -1.08002 -0.751881 
-1.19988 0.583595 0.26471 -1.47243 -1.97663 -1.08014 -0.753059 
-1.20022 0.583725 0.265039 -1.47274 -1.97593 -1.07998 -0.754524 
-1.20055 0.583874 0.265378 -1.47307 -1.9752 -1.07979 -0.756025 
-1.20087 0.584026 0.265716 -1.47341 -1.97447 -1.07959 -0.757531 
-1.20119 0.584179 0.266051 -1.47374 -1.97374 -1.0794 -0.759037 
-1.20177 0.584503 0.266663 -1.47434 -1.97228 -1.07904 -0.76201 
-1.20195 0.584709 0.266873 -1.47428 -1.97169 -1.07899 -0.763155 
-1.20181 0.584766 0.267007 -1.4726 -1.9721 -1.07944 -0.762024 
-1.20102 0.5845 0.266034 -1.47335 -1.97376 -1.07958 -0.758769 
-1.20117 0.584142 0.265977 -1.47368 -1.97365 -1.07958 -0.758572 
-1.20123 0.583942 0.265996 -1.4742 -1.97343 -1.07932 -0.758663 
-1.20127 0.583762 0.266024 -1.47475 -1.97318 -1.07901 -0.758791 
-1.20131 0.583585 0.266052 -1.4753 -1.97293 -1.0787 -0.758922 
-1.20135 0.583409 0.266079 -1.47584 -1.97268 -1.07839 -0.759054 
-1.20139 0.583239 0.266105 -1.47638 -1.97244 -1.07808 -0.759183 
-1.20141 0.5831 0.266125 -1.47687 -1.9722 -1.07777 -0.759297 
-1.20142 0.583074 0.266112 -1.47714 -1.97204 -1.07754 -0.759308 
-1.20138 0.583359 0.26598 -1.47657 -1.97223 -1.07764 -0.758748 
-1.202 0.584782 0.266962 -1.47432 -1.97164 -1.07892 -0.763143 
-1.20217 0.584453 0.266955 -1.47457 -1.97158 -1.0789 -0.763484 
-1.20225 0.584284 0.267022 -1.47501 -1.97141 -1.07862 -0.764114 
-1.20231 0.584134 0.267098 -1.47547 -1.97122 -1.0783 -0.76478 
-1.20236 0.583987 0.267175 -1.47593 -1.97102 -1.07797 -0.76545 
-1.20242 0.583841 0.26725 -1.47639 -1.97082 -1.07764 -0.766119 
-1.20247 0.5837 0.267322 -1.47685 -1.97063 -1.07732 -0.766787 
-1.20237 0.583708 0.267293 -1.47647 -1.97081 -1.07695 -0.767284 
-1.20203 0.584731 0.266957 -1.47432 -1.97162 -1.07889 -0.763176 
-1.20233 0.584461 0.267064 -1.47471 -1.97106 -1.07877 -0.763463 
-1.20254 0.58435 0.267246 -1.4753 -1.97038 -1.07839 -0.764038 
-1.20273 0.584258 0.267437 -1.47592 -1.96969 -1.07796 -0.764651 
-1.20291 0.584169 0.267628 -1.47653 -1.96899 -1.07753 -0.765267 
-1.20328 0.584002 0.268002 -1.47774 -1.96759 -1.07668 -0.766498 
-1.20344 0.583953 0.268168 -1.47828 -1.9669 -1.07627 -0.767084 
-1.20355 0.584024 0.268268 -1.47848 -1.96634 -1.07598 -0.767445 
-1.20352 0.584314 0.268196 -1.47726 -1.96653 -1.07628 -0.766374 
-1.20223 0.584611 0.2671 -1.47502 -1.9709 -1.0783 -0.763964 
-1.20225 0.584106 0.266917 -1.47546 -1.97094 -1.07825 -0.763022 
-1.20218 0.583761 0.26681 -1.4761 -1.97087 -1.07793 -0.762367 
-1.20209 0.583435 0.266713 -1.47675 -1.97077 -1.07757 -0.761748 
-1.20199 0.583113 0.266616 -1.47741 -1.97067 -1.07721 -0.761133 
-1.2019 0.582792 0.266519 -1.47807 -1.97057 -1.07685 -0.760518 
-1.20181 0.58248 0.266426 -1.47871 -1.97048 -1.07648 -0.759901 
-1.20172 0.582207 0.266341 -1.47931 -1.9704 -1.07612 -0.759278 
-1.20165 0.582087 0.266246 -1.47976 -1.97037 -1.07581 -0.758666 
-1.20167 0.582509 0.266005 -1.47977 -1.97035 -1.07575 -0.758354 
-1.20238 0.583401 0.267162 -1.47732 -1.96959 -1.07708 -0.762574 
-1.20251 0.583025 0.267107 -1.47766 -1.96949 -1.07713 -0.762204 
-1.20254 0.582808 0.267127 -1.47819 -1.96929 -1.07692 -0.762121 
-1.20255 0.58261 0.267157 -1.47875 -1.96906 -1.07667 -0.762076 
-1.20256 0.582414 0.267186 -1.47931 -1.96882 -1.07641 -0.762034 
-1.20257 0.582221 0.267215 -1.47986 -1.96859 -1.07616 -0.761992 
-1.20258 0.582034 0.267244 -1.48041 -1.96836 -1.0759 -0.761948 
-1.20258 0.581879 0.267269 -1.48091 -1.96814 -1.07565 -0.761891 
-1.20257 0.581842 0.267268 -1.48122 -1.96798 -1.07546 -0.76176 
-1.20252 0.582159 0.267154 -1.48081 -1.96809 -1.07555 -0.761268 
-1.20176 0.582211 0.266255 -1.47926 -1.97044 -1.07603 -0.759211 
-1.20196 0.581999 0.26628 -1.47941 -1.97035 -1.07623 -0.75937 
-1.20223 0.58188 0.266597 -1.48047 -1.96969 -1.07594 -0.76078 
-1.20231 0.581849 0.266704 -1.48084 -1.96947 -1.07582 -0.761265 
-1.20239 0.581822 0.266808 -1.4812 -1.96924 -1.07571 -0.761749 
-1.20245 0.581812 0.266898 -1.48152 -1.96901 -1.0756 -0.762216 
-1.20247 0.581865 0.266956 -1.48166 -1.96885 -1.07554 -0.762554 
-1.20236 0.582025 0.266961 -1.48102 -1.9691 -1.07571 -0.76205 
-1.20174 0.582228 0.266251 -1.47926 -1.97047 -1.07602 -0.759178 
-1.20159 0.581751 0.265927 -1.4794 -1.97103 -1.07625 -0.757744 
-1.20135 0.581434 0.265678 -1.47974 -1.97148 -1.0762 -0.756596 
-1.20109 0.581135 0.265438 -1.4801 -1.97191 -1.07612 -0.755485 
-1.20083 0.58084 0.265199 -1.48046 -1.97233 -1.07603 -0.754377 
-1.20057 0.580546 0.264961 -1.48081 -1.97276 -1.07594 -0.753269 
-1.20032 0.580259 0.264731 -1.48117 -1.97318 -1.07585 -0.752162 
-1.20008 0.579994 0.264523 -1.48152 -1.97362 -1.07575 -0.751067 
-1.1999 0.579824 0.26435 -1.48192 -1.97401 -1.07561 -0.750145 
-1.1999 0.580132 0.264142 -1.48283 -1.97389 -1.07532 -0.750586 
-1.20079 0.581068 0.265366 -1.48038 -1.97215 -1.07602 -0.754117 
-1.20055 0.580599 0.264914 -1.48043 -1.97304 -1.07655 -0.75188 
-1.20021 0.58029 0.264537 -1.48068 -1.9738 -1.07682 -0.74993 
-1.19986 0.580001 0.26417 -1.48095 -1.97455 -1.07706 -0.748016 
-1.19951 0.579715 0.263804 -1.48122 -1.97529 -1.07729 -0.746107 
-1.19916 0.579431 0.26344 -1.48149 -1.97604 -1.07752 -0.744198 
-1.19881 0.579153 0.263087 -1.48176 -1.97679 -1.07774 -0.742291 
-1.1985 0.578893 0.262771 -1.48205 -1.97754 -1.07795 -0.740417 
-1.19831 0.579103 0.262354 -1.48443 -1.97775 -1.07754 -0.73986 
-1.19929 0.579502 0.263499 -1.48168 -1.97585 -1.07716 -0.743953 
-1.19902 0.578978 0.263116 -1.48151 -1.97679 -1.07724 -0.743061 
-1.19866 0.578612 0.262806 -1.48153 -1.97761 -1.07707 -0.742454 
-1.19829 0.578265 0.262505 -1.48157 -1.97842 -1.07685 -0.741882 
-1.19717 0.577239 0.261615 -1.48171 -1.98083 -1.07618 -0.740179 
-1.19682 0.576907 0.261346 -1.48176 -1.98164 -1.07595 -0.739625 
-1.19653 0.576614 0.261112 -1.48191 -1.9824 -1.07569 -0.739227 
-1.19645 0.576588 0.260854 -1.48265 -1.98271 -1.07533 -0.739999 
-1.19824 0.579032 0.26227 -1.48448 -1.97782 -1.07759 -0.739869 
-1.19819 0.578742 0.262079 -1.48431 -1.97825 -1.07788 -0.739174 
-1.19806 0.578609 0.261963 -1.48432 -1.97857 -1.07789 -0.738761 
-1.1979 0.578496 0.261856 -1.48436 -1.97887 -1.07787 -0.738385 
-1.19774 0.578386 0.261749 -1.4844 -1.97916 -1.07784 -0.738013 
-1.19759 0.578276 0.261642 -1.48444 -1.97945 -1.07782 -0.73764 
-1.19728 0.578063 0.261447 -1.48452 -1.98004 -1.07775 -0.736905 
-1.19714 0.578018 0.261309 -1.4851 -1.98031 -1.07751 -0.737005 
-1.19822 0.579032 0.262286 -1.48449 -1.97783 -1.07761 -0.739836 
-1.19827 0.57879 0.26222 -1.48414 -1.97803 -1.07767 -0.740012 
-1.19823 0.578706 0.262228 -1.48399 -1.97811 -1.07747 -0.740472 
-1.19811 0.57858 0.262264 -1.48373 -1.97824 -1.07698 -0.741466 
-1.19805 0.578518 0.262281 -1.4836 -1.9783 -1.07674 -0.741966 
-1.19798 0.578455 0.262298 -1.48347 -1.97836 -1.07649 -0.742465 
-1.19792 0.578388 0.262313 -1.48334 -1.97842 -1.07625 -0.74296 
-1.19786 0.578302 0.262315 -1.48318 -1.97851 -1.07604 -0.743406 
-1.1978 0.578108 0.262283 -1.48283 -1.97876 -1.07601 -0.743487 
-1.19822 0.579032 0.262285 -1.48449 -1.97783 -1.07761 -0.73983 
-1.19825 0.578867 0.262219 -1.48386 -1.97837 -1.07788 -0.740476 
-1.198 0.578888 0.262258 -1.48259 -1.97959 -1.07779 -0.743338 
-1.19791 0.578902 0.262274 -1.48218 -1.97999 -1.07775 -0.744307 
-1.19782 0.578912 0.262287 -1.48177 -1.98039 -1.0777 -0.745277 
-1.19772 0.578902 0.262293 -1.48138 -1.98078 -1.07765 -0.746246 
-1.19761 0.578807 0.262295 -1.48103 -1.98117 -1.07761 -0.747159 
-1.19744 0.578375 0.262359 -1.48068 -1.9817 -1.07755 -0.747559 
-1.19814 0.579023 0.262283 -1.48276 -1.97942 -1.07763 -0.743434 
-1.19794 0.578666 0.261983 -1.48216 -1.98045 -1.07794 -0.743113 
-1.19732 0.578288 0.261541 -1.48137 -1.98226 -1.07799 -0.743073 
-1.19701 0.57811 0.261324 -1.48098 -1.98315 -1.07799 -0.743075 
-1.19669 0.577934 0.261109 -1.4806 -1.98404 -1.07799 -0.743078 
-1.19637 0.577754 0.260897 -1.48022 -1.98493 -1.07799 -0.743083 
-1.19607 0.577559 0.260701 -1.47988 -1.98582 -1.07798 -0.743104 
-1.19582 0.577307 0.260543 -1.47971 -1.98664 -1.07791 -0.743257 
-1.19568 0.576974 0.260463 -1.48033 -1.98703 -1.07757 -0.744264 
-1.1972 0.578287 0.262155 -1.48063 -1.9822 -1.07763 -0.747081 
-1.1967 0.57757 0.261583 -1.48023 -1.98372 -1.07771 -0.745784 
-1.19609 0.577012 0.261085 -1.48004 -1.98512 -1.07753 -0.744771 
-1.19547 0.576473 0.260596 -1.47986 -1.9865 -1.0773 -0.743793 
-1.19485 0.575938 0.260108 -1.47968 -1.98788 -1.07708 -0.742819 
-1.19423 0.575405 0.259622 -1.47951 -1.98927 -1.07685 -0.741845 
-1.19362 0.574874 0.259148 -1.47933 -1.99066 -1.07662 -0.740873 
-1.19305 0.574346 0.258713 -1.47919 -1.99205 -1.07638 -0.73993 
-1.19258 0.573838 0.258348 -1.47928 -1.99334 -1.07607 -0.739278 
-1.19249 0.573653 0.257985 -1.48065 -1.99375 -1.07544 -0.740753 
-1.19459 0.575874 0.259767 -1.47999 -1.989 -1.07683 -0.742567 
-1.19487 0.575968 0.2599 -1.47954 -1.98882 -1.07718 -0.743234 
-1.19506 0.576218 0.260107 -1.47928 -1.98853 -1.07726 -0.744181 
-1.19523 0.576487 0.260324 -1.47905 -1.98822 -1.0773 -0.745164 
-1.19539 0.576759 0.26054 -1.47881 -1.9879 -1.07733 -0.74615 
-1.19556 0.577031 0.260754 -1.47858 -1.98758 -1.07736 -0.747136 
-1.19586 0.577548 0.26115 -1.47812 -1.98693 -1.07744 -0.749098 
-1.19596 0.577721 0.261313 -1.47785 -1.98664 -1.07751 -0.749939 
-1.19589 0.577512 0.261517 -1.47718 -1.98674 -1.07768 -0.749694 
-1.19479 0.57615 0.259944 -1.47924 -1.98867 -1.07691 -0.745694 
-1.19506 0.576349 0.259987 -1.47881 -1.9884 -1.07765 -0.744863 
-1.19539 0.577077 0.260228 -1.47836 -1.98761 -1.07853 -0.743795 
-1.19554 0.577453 0.260354 -1.47815 -1.9872 -1.07895 -0.743282 
-1.19569 0.577829 0.260479 -1.47794 -1.9868 -1.07937 -0.742769 
-1.19585 0.5782 0.260603 -1.47773 -1.98639 -1.07979 -0.742257 
-1.196 0.578552 0.26073 -1.47756 -1.98597 -1.08019 -0.741759 
-1.19616 0.578832 0.260883 -1.47755 -1.98548 -1.08053 -0.741351 
-1.19631 0.578933 0.261146 -1.47823 -1.98469 -1.08049 -0.741485 
-1.19559 0.577412 0.260602 -1.47807 -1.98731 -1.07826 -0.744961 
-1.1956 0.577221 0.260429 -1.47791 -1.98755 -1.07853 -0.744131 
-1.19553 0.577187 0.260329 -1.47794 -1.98767 -1.07854 -0.743581 
-1.19544 0.577172 0.260239 -1.47799 -1.98777 -1.0785 -0.743067 
-1.19534 0.57716 0.260148 -1.47804 -1.98787 -1.07846 -0.742556 
-1.19524 0.577149 0.260059 -1.47809 -1.98796 -1.07843 -0.742046 
-1.19515 0.577138 0.259972 -1.47815 -1.98806 -1.07839 -0.741536 
-1.19507 0.577129 0.259897 -1.47821 -1.98816 -1.07834 -0.741035 
-1.19502 0.577128 0.259841 -1.47834 -1.98823 -1.07827 -0.740624 
-1.19507 0.577233 0.25978 -1.47886 -1.98803 -1.07811 -0.740876 
-1.19544 0.577409 0.260275 -1.47809 -1.9873 -1.079 -0.743195 
-1.19558 0.577372 0.260198 -1.47792 -1.98726 -1.07951 -0.742166 
-1.19562 0.57749 0.260195 -1.47793 -1.9871 -1.07976 -0.741416 
-1.19565 0.577628 0.260202 -1.47797 -1.98693 -1.07997 -0.740702 
-1.19567 0.577768 0.260209 -1.47801 -1.98675 -1.08018 -0.739992 
-1.19569 0.577908 0.260215 -1.47805 -1.98657 -1.08038 -0.739282 
-1.19572 0.578049 0.260224 -1.47809 -1.9864 -1.08058 -0.738573 
-1.19591 0.578522 0.260367 -1.47899 -1.98543 -1.08082 -0.73743 
-1.19554 0.577596 0.260276 -1.47838 -1.98679 -1.07944 -0.742235 
-1.19559 0.577602 0.260096 -1.47803 -1.98711 -1.08022 -0.740792 
-1.19554 0.577766 0.259989 -1.47787 -1.98731 -1.08074 -0.739629 
-1.19548 0.577947 0.259892 -1.47774 -1.9875 -1.08122 -0.738501 
-1.19541 0.578132 0.259795 -1.47761 -1.98768 -1.0817 -0.737377 
-1.19535 0.578317 0.259699 -1.47748 -1.98787 -1.08217 -0.736253 
-1.19528 0.5785 0.259608 -1.47735 -1.98805 -1.08264 -0.735132 
-1.19523 0.57867 0.259534 -1.47727 -1.98822 -1.0831 -0.734037 
-1.19533 0.578964 0.259637 -1.47883 -1.98763 -1.08316 -0.733812 
-1.19586 0.57854 0.260278 -1.47905 -1.98535 -1.0809 -0.737345 
-1.19591 0.578449 0.260144 -1.47875 -1.98555 -1.08132 -0.736523 
-1.19587 0.578516 0.260082 -1.47865 -1.98564 -1.08147 -0.735983 
-1.19582 0.578601 0.260031 -1.47857 -1.9857 -1.08157 -0.735478 
-1.19576 0.578688 0.259979 -1.47849 -1.98576 -1.08168 -0.734977 
-1.1957 0.578776 0.259928 -1.47842 -1.98582 -1.08178 -0.734477 
-1.19564 0.578863 0.259879 -1.47834 -1.98588 -1.08188 -0.733977 
-1.19559 0.578943 0.259841 -1.47829 -1.98594 -1.08198 -0.73349 
-1.19557 0.578998 0.259828 -1.47835 -1.98595 -1.08203 -0.733107 
-1.19563 0.579055 0.259854 -1.47899 -1.98563 -1.08187 -0.733438 
-1.19589 0.578554 0.260278 -1.47905 -1.98535 -1.0809 -0.737345 
-1.19611 0.578626 0.260348 -1.47852 -1.98542 -1.08134 -0.737955 
-1.19625 0.578856 0.260491 -1.47818 -1.98537 -1.08151 -0.738847 
-1.19636 0.579104 0.260643 -1.47786 -1.98531 -1.08164 -0.739775 
-1.19648 0.579356 0.260795 -1.47755 -1.98524 -1.08177 -0.740706 
-1.19659 0.579606 0.260945 -1.47723 -1.98517 -1.0819 -0.741638 
-1.19669 0.579852 0.26109 -1.47692 -1.98509 -1.08203 -0.742571 
-1.19679 0.580076 0.261219 -1.47663 -1.98501 -1.08216 -0.743498 
-1.19684 0.58021 0.261335 -1.47635 -1.98493 -1.08229 -0.744329 
-1.19674 0.57995 0.261534 -1.47591 -1.98512 -1.08237 -0.744337 
-1.19624 0.578989 0.260664 -1.47798 -1.98535 -1.08135 -0.739384 
-1.19642 0.578911 0.260738 -1.47754 -1.98537 -1.08135 -0.740518 
-1.19665 0.57919 0.261199 -1.47685 -1.98504 -1.08047 -0.744842 
-1.19672 0.579291 0.261354 -1.47662 -1.98492 -1.08016 -0.746298 
-1.19679 0.579389 0.261504 -1.4764 -1.9848 -1.07985 -0.747754 
-1.19683 0.579473 0.261633 -1.47617 -1.98467 -1.07956 -0.749192 
-1.19684 0.579498 0.261719 -1.47582 -1.98462 -1.07934 -0.75043 
-1.1967 0.579142 0.261773 -1.47469 -1.98518 -1.0795 -0.750162 
-1.19694 0.580065 0.261432 -1.4763 -1.98486 -1.08136 -0.745808 
-1.19712 0.580014 0.261462 -1.476 -1.9848 -1.08163 -0.745986 
-1.19721 0.580121 0.261566 -1.47589 -1.98464 -1.08163 -0.746446 
-1.19735 0.580375 0.261792 -1.47571 -1.98426 -1.08155 -0.747442 
-1.19741 0.580504 0.261904 -1.47563 -1.98407 -1.0815 -0.747942 
-1.19748 0.58063 0.262013 -1.47554 -1.98388 -1.08146 -0.748442 
-1.19754 0.58075 0.262113 -1.47546 -1.98369 -1.08142 -0.748936 
-1.19757 0.580837 0.262199 -1.47535 -1.98351 -1.0814 -0.74936 
-1.19754 0.58075 0.26229 -1.475 -1.98355 -1.08147 -0.749234 
-1.19694 0.579424 0.261766 -1.47577 -1.98457 -1.07925 -0.750482 
-1.19697 0.579204 0.261649 -1.47559 -1.98476 -1.07936 -0.750225 
-1.19684 0.579097 0.261571 -1.47563 -1.9849 -1.079 -0.75031 
-1.19668 0.579014 0.261503 -1.4757 -1.98501 -1.07859 -0.750438 
-1.1966 0.578974 0.26147 -1.47574 -1.98507 -1.07838 -0.750502 
-1.19653 0.578935 0.26144 -1.47577 -1.98513 -1.07818 -0.750565 
-1.19647 0.578902 0.261407 -1.47579 -1.98519 -1.078 -0.750626 
-1.19646 0.578887 0.261334 -1.47576 -1.98528 -1.07793 -0.75069 
-1.19694 0.579401 0.261815 -1.47576 -1.98452 -1.07925 -0.750483 
-1.19705 0.579308 0.261719 -1.47568 -1.98457 -1.07972 -0.749571 
-1.19707 0.579373 0.261696 -1.47579 -1.9845 -1.07992 -0.74894 
-1.19708 0.579456 0.261682 -1.47593 -1.98441 -1.08008 -0.748345 
-1.19708 0.579542 0.261669 -1.47606 -1.98431 -1.08023 -0.747754 
-1.19709 0.579629 0.261656 -1.4762 -1.98422 -1.08039 -0.747163 
-1.19709 0.579717 0.261644 -1.47633 -1.98413 -1.08054 -0.746572 
-1.1971 0.579808 0.26164 -1.47647 -1.98404 -1.08069 -0.74599 
-1.19712 0.579913 0.261653 -1.47667 -1.98391 -1.0808 -0.745488 
-1.19718 0.580135 0.261696 -1.47723 -1.98353 -1.08072 -0.745578 
-1.19694 0.579401 0.261815 -1.47576 -1.98452 -1.07925 -0.750484 
-1.197 0.579337 0.261631 -1.47563 -1.98478 -1.07999 -0.748969 
-1.19697 0.579431 0.26152 -1.4757 -1.98493 -1.08047 -0.747736 
-1.19692 0.579544 0.261419 -1.47578 -1.98506 -1.08091 -0.746538 
-1.19688 0.57966 0.261318 -1.47587 -1.98519 -1.08134 -0.745344 
-1.19683 0.579776 0.261218 -1.47596 -1.98531 -1.08177 -0.744151 
-1.19678 0.579893 0.261122 -1.47605 -1.98543 -1.08219 -0.742959 
-1.19675 0.58001 0.261044 -1.47616 -1.98555 -1.08261 -0.741788 
-1.19675 0.580129 0.261015 -1.47646 -1.98558 -1.08292 -0.740819 
-1.19684 0.580431 0.261091 -1.47774 -1.98496 -1.08269 -0.741278 
-1.19694 0.579612 0.26137 -1.47583 -1.98511 -1.08108 -0.745113 
-1.19715 0.579697 0.261331 -1.47566 -1.98506 -1.0819 -0.743994 
-1.19728 0.57994 0.261365 -1.47569 -1.98489 -1.08246 -0.743158 
-1.19738 0.580201 0.261408 -1.47574 -1.98471 -1.08298 -0.742358 
-1.19749 0.580465 0.261452 -1.47579 -1.98452 -1.08349 -0.741562 
-1.19759 0.580729 0.261496 -1.47583 -1.98433 -1.08401 -0.740765 
-1.1977 0.580993 0.261539 -1.47588 -1.98414 -1.08452 -0.73997 
-1.1978 0.58125 0.261589 -1.47596 -1.98394 -1.08502 -0.739189 
-1.19791 0.581491 0.261672 -1.47617 -1.98368 -1.08543 -0.73853 
-1.19799 0.58177 0.261876 -1.47706 -1.983 -1.08535 -0.738694 
-1.1968 0.580216 0.260922 -1.47654 -1.98567 -1.08301 -0.740751 
-1.19679 0.58007 0.260738 -1.47625 -1.98619 -1.08351 -0.74008 
-1.19667 0.580083 0.260627 -1.47616 -1.98659 -1.08375 -0.739691 
-1.19655 0.580114 0.260525 -1.47609 -1.98698 -1.08395 -0.739337 
-1.19642 0.580147 0.260424 -1.47602 -1.98736 -1.08415 -0.738987 
-1.19603 0.58024 0.260134 -1.47585 -1.98851 -1.08472 -0.737954 
-1.19593 0.580243 0.260076 -1.47593 -1.98883 -1.08484 -0.737725 
-1.19588 0.580258 0.260093 -1.47661 -1.9888 -1.08466 -0.738223 
-1.19679 0.580216 0.260923 -1.47652 -1.98567 -1.08301 -0.740732 
-1.19685 0.579961 0.260827 -1.47642 -1.9856 -1.08304 -0.740092 
-1.19682 0.579864 0.260804 -1.47652 -1.98542 -1.08281 -0.739734 
-1.19678 0.579785 0.26079 -1.47663 -1.98522 -1.08254 -0.739413 
-1.19672 0.579709 0.260776 -1.47675 -1.98502 -1.08226 -0.739095 
-1.19667 0.579633 0.260763 -1.47687 -1.98482 -1.08198 -0.738777 
-1.19663 0.57956 0.260752 -1.47698 -1.98462 -1.08171 -0.738459 
-1.19659 0.579495 0.260748 -1.47709 -1.98442 -1.08143 -0.738141 
-1.19657 0.579462 0.260743 -1.47718 -1.98423 -1.08118 -0.737849 
-1.19667 0.57956 0.260652 -1.47725 -1.98401 -1.08111 -0.737795 
-1.19679 0.580216 0.260923 -1.47652 -1.98567 -1.08301 -0.740727 
-1.19697 0.58009 0.260945 -1.47638 -1.9854 -1.08312 -0.740506 
-1.19706 0.580122 0.26104 -1.47642 -1.98501 -1.08297 -0.740568 
-1.19713 0.580172 0.261144 -1.47649 -1.98461 -1.08278 -0.740666 
-1.19726 0.580278 0.261352 -1.47663 -1.98379 -1.08239 -0.74087 
-1.19733 0.580333 0.261455 -1.4767 -1.98338 -1.08219 -0.740972 
-1.19739 0.58039 0.261554 -1.47676 -1.98298 -1.082 -0.741068 
-1.19746 0.580457 0.261637 -1.47676 -1.9826 -1.08185 -0.741116 
-1.19752 0.580513 0.261656 -1.47648 -1.9824 -1.08191 -0.740838 
-1.19679 0.580216 0.260923 -1.47652 -1.98567 -1.08301 -0.740725 
-1.19696 0.580058 0.260947 -1.47641 -1.98537 -1.08302 -0.740602 
-1.19711 0.580077 0.26115 -1.47658 -1.98453 -1.08248 -0.740961 
-1.19717 0.580098 0.261256 -1.47668 -1.98409 -1.08219 -0.741161 
-1.19724 0.58012 0.261362 -1.47678 -1.98365 -1.08189 -0.741363 
-1.1973 0.580143 0.261467 -1.47688 -1.98322 -1.0816 -0.741563 
-1.19736 0.580171 0.261567 -1.47696 -1.98279 -1.08131 -0.741755 
-1.19742 0.580218 0.261644 -1.47695 -1.9824 -1.08108 -0.741875 
-1.19748 0.580263 0.26163 -1.47652 -1.98226 -1.08116 -0.741522 
-1.19678 0.580216 0.260923 -1.47652 -1.98567 -1.08301 -0.740723 
-1.19677 0.579925 0.260758 -1.47637 -1.98583 -1.0831 -0.739941 
-1.19666 0.579791 0.260666 -1.47642 -1.98589 -1.08292 -0.739442 
-1.19654 0.579676 0.260583 -1.47648 -1.98592 -1.0827 -0.738979 
-1.19641 0.579563 0.260501 -1.47655 -1.98595 -1.08248 -0.738519 
-1.19629 0.579451 0.260419 -1.47662 -1.98598 -1.08226 -0.738059 
-1.19616 0.579341 0.260342 -1.47668 -1.98601 -1.08204 -0.7376 
-1.19598 0.579157 0.260221 -1.47685 -1.98607 -1.0816 -0.736765 
-1.19605 0.579227 0.260107 -1.47718 -1.9859 -1.08144 -0.736949 
-1.19678 0.580216 0.260923 -1.47652 -1.98567 -1.08301 -0.740721 
-1.19686 0.579997 0.26085 -1.47639 -1.98561 -1.08309 -0.740216 
-1.19685 0.579935 0.26085 -1.47644 -1.98543 -1.0829 -0.739992 
-1.19682 0.579892 0.260859 -1.47652 -1.98524 -1.08267 -0.739803 
-1.19678 0.579851 0.260868 -1.47661 -1.98504 -1.08244 -0.739619 
-1.19675 0.579812 0.260878 -1.47669 -1.98484 -1.08221 -0.739434 
-1.19672 0.579773 0.260889 -1.47677 -1.98465 -1.08197 -0.73925 
-1.19669 0.57974 0.260904 -1.47684 -1.98446 -1.08174 -0.739065 
-1.19669 0.579728 0.260916 -1.4769 -1.98427 -1.08154 -0.73889 
-1.19676 0.579796 0.260859 -1.4769 -1.98409 -1.08149 -0.738829 
-1.19678 0.580216 0.260923 -1.47652 -1.98567 -1.08301 -0.74072 
-1.19679 0.579947 0.260771 -1.4764 -1.98575 -1.08314 -0.739792 
-1.19671 0.579835 0.260692 -1.47647 -1.98572 -1.08301 -0.739148 
-1.19661 0.579742 0.260622 -1.47656 -1.98567 -1.08284 -0.73854 
-1.19651 0.579652 0.260553 -1.47665 -1.98562 -1.08266 -0.737936 
-1.1964 0.579563 0.260484 -1.47674 -1.98557 -1.08248 -0.737332 
-1.19631 0.579476 0.26042 -1.47684 -1.98552 -1.0823 -0.736728 
-1.19622 0.579396 0.260368 -1.47693 -1.98547 -1.08212 -0.736131 
-1.19618 0.579345 0.260329 -1.47706 -1.98541 -1.08194 -0.735619 
-1.19628 0.579468 0.260235 -1.47748 -1.98511 -1.08178 -0.735774 
-1.19671 0.580035 0.260903 -1.47653 -1.98565 -1.08286 -0.740312 
-1.1967 0.579787 0.260721 -1.47635 -1.98586 -1.08314 -0.739244 
-1.1966 0.579698 0.260612 -1.47637 -1.98597 -1.08315 -0.738459 
-1.19648 0.579627 0.260513 -1.47641 -1.98605 -1.08311 -0.73771 
-1.19635 0.579558 0.260414 -1.47645 -1.98613 -1.08308 -0.736965 
-1.19623 0.579491 0.260315 -1.47649 -1.98621 -1.08304 -0.73622 
-1.19611 0.579425 0.260222 -1.47653 -1.98629 -1.083 -0.735476 
-1.196 0.579362 0.260143 -1.47658 -1.98638 -1.08295 -0.734744 
-1.19594 0.579316 0.260091 -1.47673 -1.98642 -1.08288 -0.734138 
-1.19603 0.579437 0.260026 -1.47741 -1.98608 -1.08267 -0.734468 
-1.1961 0.579238 0.260259 -1.47712 -1.98547 -1.08194 -0.735587 
-1.19618 0.579065 0.260171 -1.47695 -1.98547 -1.08222 -0.73481 
-1.19617 0.579048 0.260155 -1.47697 -1.98536 -1.08223 -0.734315 
-1.19614 0.57905 0.260149 -1.47702 -1.98523 -1.0822 -0.733856 
-1.19611 0.579055 0.260143 -1.47707 -1.9851 -1.08217 -0.7334 
-1.19608 0.579061 0.260137 -1.47711 -1.98496 -1.08213 -0.732945 
-1.19605 0.579067 0.260134 -1.47716 -1.98483 -1.0821 -0.73249 
-1.19603 0.579076 0.260138 -1.47721 -1.98469 -1.08206 -0.732041 
-1.19603 0.579095 0.260154 -1.4773 -1.98454 -1.08201 -0.731657 
-1.19612 0.579207 0.260153 -1.47766 -1.9842 -1.08191 -0.731755 
-1.1961 0.57927 0.260259 -1.47713 -1.98547 -1.08192 -0.735577 
-1.1963 0.579222 0.260347 -1.47679 -1.98542 -1.0821 -0.73634 
-1.19641 0.579332 0.260507 -1.47665 -1.98526 -1.08202 -0.737386 
-1.19651 0.579461 0.260677 -1.47653 -1.98508 -1.08189 -0.738469 
-1.1966 0.579593 0.260847 -1.47641 -1.9849 -1.08176 -0.739555 
-1.19669 0.579724 0.261015 -1.47629 -1.98471 -1.08163 -0.740641 
-1.19677 0.579853 0.261177 -1.47617 -1.98453 -1.0815 -0.741727 
-1.19684 0.579973 0.261322 -1.47604 -1.98434 -1.08139 -0.742798 
-1.19687 0.580051 0.261433 -1.47582 -1.9842 -1.08132 -0.743714 
-1.19676 0.579845 0.261541 -1.47498 -1.98454 -1.08148 -0.743445 
-1.19647 0.579547 0.260824 -1.47664 -1.98484 -1.08178 -0.739566 
-1.19667 0.579455 0.260884 -1.4764 -1.98468 -1.08191 -0.739897 
-1.19677 0.579522 0.26102 -1.47636 -1.9844 -1.08177 -0.740547 
-1.19685 0.579609 0.261166 -1.47634 -1.98411 -1.0816 -0.741234 
-1.19694 0.5797 0.261312 -1.47631 -1.98381 -1.08141 -0.741925 
-1.19702 0.57979 0.261457 -1.47629 -1.98352 -1.08123 -0.742616 
-1.1971 0.57988 0.261598 -1.47627 -1.98322 -1.08105 -0.743306 
-1.19716 0.579967 0.261727 -1.47623 -1.98292 -1.08088 -0.743984 
-1.19721 0.580037 0.261828 -1.47611 -1.98267 -1.08076 -0.744545 
-1.19717 0.579948 0.261891 -1.47546 -1.98279 -1.08088 -0.744244 
-1.19691 0.580135 0.261515 -1.47576 -1.98411 -1.08129 -0.743761 
-1.19724 0.580084 0.261679 -1.47575 -1.98339 -1.08124 -0.743984 
-1.19747 0.58019 0.261915 -1.47594 -1.98256 -1.08093 -0.744489 
-1.19769 0.580316 0.262161 -1.47615 -1.98171 -1.08057 -0.745031 
-1.19791 0.580444 0.262407 -1.47636 -1.98085 -1.08021 -0.745576 
-1.19812 0.580573 0.262652 -1.47657 -1.97999 -1.07986 -0.746123 
-1.19833 0.580704 0.262892 -1.47677 -1.97913 -1.0795 -0.746668 
-1.19853 0.580843 0.263116 -1.47694 -1.97828 -1.07916 -0.747194 
-1.19879 0.581117 0.263336 -1.47597 -1.97733 -1.07917 -0.746708 
-1.19749 0.580233 0.262117 -1.47631 -1.9821 -1.08035 -0.745161 
-1.19752 0.58002 0.261962 -1.47622 -1.98236 -1.08068 -0.744412 
-1.19746 0.579964 0.261881 -1.47632 -1.9825 -1.08074 -0.743946 
-1.19738 0.579927 0.261809 -1.47644 -1.98262 -1.08076 -0.743516 
-1.19729 0.579893 0.261737 -1.47657 -1.98274 -1.08078 -0.74309 
-1.19721 0.579859 0.261665 -1.47669 -1.98286 -1.08079 -0.742664 
-1.19713 0.579827 0.261596 -1.47682 -1.98298 -1.0808 -0.742238 
-1.19705 0.5798 0.261534 -1.47694 -1.98311 -1.08081 -0.741819 
-1.19699 0.579795 0.261489 -1.47711 -1.9832 -1.0808 -0.741471 
-1.197 0.579931 0.261449 -1.47754 -1.98308 -1.08068 -0.741665 
-1.19781 0.580219 0.262294 -1.47618 -1.98115 -1.08026 -0.744722 
-1.198 0.580217 0.262264 -1.47599 -1.98127 -1.08091 -0.744358 
-1.1981 0.580372 0.262308 -1.47599 -1.98129 -1.0813 -0.744279 
-1.19827 0.580723 0.262415 -1.47605 -1.98127 -1.08199 -0.744197 
-1.19834 0.580901 0.262467 -1.47608 -1.98126 -1.08234 -0.744158 
-1.19842 0.581077 0.262516 -1.47611 -1.98125 -1.08268 -0.744119 
-1.19849 0.581248 0.262562 -1.47614 -1.98123 -1.08301 -0.744084 
-1.19854 0.581401 0.262619 -1.47623 -1.98119 -1.0833 -0.744068 
-1.19849 0.581507 0.262777 -1.4765 -1.98105 -1.0833 -0.744142 
-1.1973 0.57984 0.261754 -1.47649 -1.98265 -1.08082 -0.743439 
-1.19733 0.579613 0.261607 -1.47643 -1.98301 -1.08114 -0.743015 
-1.19708 0.579445 0.261406 -1.47685 -1.98371 -1.08122 -0.742665 
-1.19699 0.579398 0.261342 -1.47699 -1.98394 -1.08123 -0.742562 
-1.19682 0.579312 0.261219 -1.47728 -1.98439 -1.08124 -0.742359 
-1.19673 0.579296 0.261167 -1.47743 -1.98461 -1.08123 -0.742286 
-1.19666 0.579387 0.261125 -1.47763 -1.98474 -1.08115 -0.742433 
-1.1973 0.57984 0.261754 -1.47651 -1.98267 -1.08086 -0.743425 
-1.19683 0.579101 0.261175 -1.47647 -1.98394 -1.08072 -0.741969 
-1.19626 0.57852 0.260671 -1.47663 -1.9851 -1.08032 -0.740796 
-1.19567 0.577959 0.260175 -1.47681 -1.98624 -1.07988 -0.739658 
-1.19508 0.577401 0.25968 -1.47699 -1.98738 -1.07943 -0.738524 
-1.19449 0.576845 0.259187 -1.47717 -1.98851 -1.07899 -0.737389 
-1.19392 0.576295 0.258707 -1.47735 -1.98966 -1.07854 -0.736253 
-1.19337 0.575765 0.258265 -1.47753 -1.99082 -1.07809 -0.735139 
-1.19294 0.575316 0.257874 -1.47784 -1.99192 -1.0776 -0.73427 
-1.19289 0.575367 0.257393 -1.47901 -1.9923 -1.07706 -0.73531 
-1.19511 0.577423 0.259739 -1.47693 -1.98769 -1.07948 -0.738171 
-1.19524 0.577285 0.259729 -1.47677 -1.98772 -1.07961 -0.738394 
-1.19528 0.577303 0.259791 -1.47681 -1.98764 -1.07947 -0.738898 
-1.19529 0.57734 0.259863 -1.47686 -1.98753 -1.07928 -0.739437 
-1.19531 0.577379 0.259935 -1.47692 -1.98743 -1.0791 -0.73998 
-1.19532 0.577419 0.260006 -1.47698 -1.98732 -1.07891 -0.740523 
-1.19534 0.577458 0.260074 -1.47704 -1.98721 -1.07872 -0.741066 
-1.19534 0.577499 0.260135 -1.47708 -1.98711 -1.07854 -0.741599 
-1.19533 0.577538 0.260173 -1.47704 -1.98704 -1.07841 -0.742041 
-1.19526 0.577495 0.260173 -1.47657 -1.98727 -1.07848 -0.741834 
-1.19416 0.576563 0.258682 -1.47786 -1.98972 -1.07804 -0.738034 
-1.19458 0.57668 0.258944 -1.47768 -1.98896 -1.07829 -0.738544 
-1.19552 0.577537 0.259968 -1.47775 -1.98631 -1.07814 -0.740988 
-1.19583 0.577831 0.26031 -1.47778 -1.98541 -1.07807 -0.741818 
-1.19613 0.578125 0.260644 -1.47782 -1.98452 -1.07801 -0.742646 
-1.19641 0.578414 0.260954 -1.47783 -1.98362 -1.07796 -0.743456 
-1.19663 0.578681 0.261217 -1.47769 -1.98279 -1.07798 -0.744073 
-1.19666 0.578699 0.261444 -1.47671 -1.98257 -1.0783 -0.743278 
-1.19542 0.577489 0.260217 -1.47715 -1.98705 -1.07863 -0.741644 
-1.19609 0.578057 0.260718 -1.47653 -1.9862 -1.07954 -0.743015 
-1.19667 0.578782 0.261291 -1.47611 -1.98523 -1.08019 -0.744666 
-1.19723 0.579526 0.261873 -1.47571 -1.98425 -1.08081 -0.746352 
-1.19778 0.580273 0.262453 -1.47531 -1.98327 -1.08142 -0.748041 
-1.19887 0.581757 0.263585 -1.47451 -1.98129 -1.08265 -0.751416 
-1.19936 0.58246 0.264099 -1.47413 -1.98028 -1.08328 -0.753083 
-1.19973 0.583012 0.264565 -1.47369 -1.97932 -1.0839 -0.754485 
-1.19964 0.582806 0.265216 -1.47254 -1.97908 -1.08441 -0.753748 
-1.19803 0.580702 0.262772 -1.47517 -1.98258 -1.08184 -0.750104 
-1.1986 0.581071 0.263086 -1.47503 -1.98156 -1.08257 -0.749893 
-1.19908 0.581597 0.263474 -1.4751 -1.98044 -1.08304 -0.749966 
-1.19954 0.582143 0.263872 -1.47518 -1.97929 -1.08347 -0.750074 
-1.2 0.582691 0.264268 -1.47527 -1.97814 -1.08389 -0.750185 
-1.20046 0.583239 0.264662 -1.47536 -1.97699 -1.08431 -0.750296 
-1.2009 0.583786 0.265047 -1.47545 -1.97584 -1.08473 -0.750407 
-1.20133 0.584325 0.265412 -1.47553 -1.97468 -1.08516 -0.750509 
-1.2017 0.58483 0.265755 -1.47557 -1.97354 -1.08558 -0.750511 
-1.20185 0.585119 0.266164 -1.47529 -1.97267 -1.08591 -0.749729 
-1.20034 0.583526 0.264927 -1.47442 -1.97763 -1.08443 -0.753147 
-1.20062 0.583545 0.264963 -1.47441 -1.97733 -1.08489 -0.752693 
-1.20081 0.583722 0.265073 -1.47459 -1.97692 -1.08509 -0.752524 
-1.20099 0.583918 0.265193 -1.47479 -1.9765 -1.08525 -0.752391 
-1.20116 0.584116 0.265312 -1.47499 -1.97606 -1.0854 -0.752263 
-1.20149 0.584516 0.265546 -1.4754 -1.9752 -1.0857 -0.752005 
-1.20165 0.58472 0.265656 -1.4756 -1.97476 -1.08586 -0.751874 
-1.20179 0.58494 0.265758 -1.47576 -1.97434 -1.086 -0.751716 
-1.20184 0.585187 0.26588 -1.47577 -1.97398 -1.08609 -0.751381 
-1.20191 0.585158 0.266236 -1.47538 -1.97265 -1.08598 -0.749712 
-1.20217 0.585156 0.266233 -1.47538 -1.97248 -1.08644 -0.749252 
-1.20232 0.585314 0.266304 -1.47558 -1.9722 -1.08664 -0.749078 
-1.20246 0.58549 0.266385 -1.47579 -1.9719 -1.0868 -0.748941 
-1.20259 0.58567 0.266465 -1.47601 -1.97159 -1.08695 -0.748808 
-1.20273 0.58585 0.266544 -1.47623 -1.97129 -1.08711 -0.748675 
-1.20286 0.586031 0.266621 -1.47645 -1.97098 -1.08726 -0.748542 
-1.20299 0.586217 0.266693 -1.47666 -1.97067 -1.08741 -0.748406 
-1.20309 0.58642 0.266761 -1.47684 -1.97037 -1.08755 -0.748253 
-1.20312 0.586664 0.266855 -1.47691 -1.97011 -1.08762 -0.747989 
-1.20192 0.585161 0.266232 -1.47538 -1.97257 -1.08598 -0.749686 
-1.20201 0.584902 0.266101 -1.47543 -1.97269 -1.08604 -0.749428 
-1.20201 0.584803 0.266044 -1.47567 -1.9727 -1.08584 -0.749459 
-1.20199 0.584723 0.265996 -1.47593 -1.97269 -1.08559 -0.749527 
-1.20196 0.584646 0.265949 -1.47619 -1.97267 -1.08534 -0.749598 
-1.20194 0.584569 0.265901 -1.47646 -1.97266 -1.08509 -0.749669 
-1.20187 0.584424 0.265744 -1.47711 -1.97266 -1.08439 -0.749828 
-1.20185 0.584549 0.265617 -1.47691 -1.97282 -1.08436 -0.749648 
-1.20192 0.585161 0.266232 -1.47538 -1.97257 -1.08598 -0.749682 
-1.20115 0.584218 0.265273 -1.47531 -1.97479 -1.08609 -0.747079 
-1.20029 0.583435 0.264389 -1.47544 -1.9769 -1.08594 -0.744763 
-1.19941 0.582673 0.263512 -1.47559 -1.97899 -1.08575 -0.742484 
-1.19853 0.581916 0.262636 -1.47574 -1.98108 -1.08557 -0.740208 
-1.19679 0.580418 0.26091 -1.47603 -1.98527 -1.0852 -0.735658 
-1.19598 0.579692 0.260121 -1.47622 -1.98738 -1.085 -0.733432 
-1.19533 0.579057 0.259449 -1.47675 -1.98932 -1.08465 -0.731707 
-1.19524 0.579176 0.258792 -1.47937 -1.98975 -1.08366 -0.733719 
-1.1971 0.580852 0.261185 -1.47588 -1.98539 -1.08528 -0.73556 
-1.19732 0.580697 0.261211 -1.47587 -1.98525 -1.08528 -0.736108 
-1.19767 0.580747 0.261527 -1.47645 -1.98446 -1.08439 -0.738679 
-1.19777 0.580772 0.261634 -1.47665 -1.98418 -1.08407 -0.739551 
-1.19787 0.580799 0.261737 -1.47685 -1.98391 -1.08376 -0.740421 
-1.19796 0.580834 0.261823 -1.47702 -1.98364 -1.08346 -0.741272 
-1.19801 0.580895 0.261866 -1.47699 -1.98345 -1.08324 -0.741947 
-1.19793 0.580894 0.261833 -1.47605 -1.98381 -1.08341 -0.741406 
-1.19697 0.580247 0.260657 -1.4776 -1.98594 -1.08413 -0.737718 
-1.19767 0.580681 0.261222 -1.47712 -1.98485 -1.08428 -0.740393 
-1.19829 0.581274 0.261859 -1.47684 -1.98365 -1.08416 -0.743352 
-1.19889 0.581888 0.262506 -1.47658 -1.98243 -1.08401 -0.746347 
-1.19948 0.582506 0.263151 -1.47632 -1.98121 -1.08385 -0.749346 
-1.20007 0.583125 0.263791 -1.47606 -1.97998 -1.08371 -0.752347 
-1.20065 0.583737 0.26441 -1.4758 -1.97875 -1.08357 -0.755345 
-1.20117 0.584325 0.264967 -1.47551 -1.9775 -1.08347 -0.758296 
-1.20154 0.584794 0.265411 -1.47488 -1.97644 -1.08351 -0.760732 
-1.20138 0.584391 0.26585 -1.47219 -1.97691 -1.08423 -0.759293 
-1.20046 0.58361 0.264237 -1.47579 -1.97877 -1.08355 -0.756251 
-1.20098 0.583729 0.264529 -1.47589 -1.97759 -1.08366 -0.756365 
-1.2014 0.584008 0.264896 -1.47618 -1.9763 -1.0835 -0.756765 
-1.2022 0.584606 0.265647 -1.47681 -1.97368 -1.08311 -0.757645 
-1.2026 0.584908 0.26602 -1.47713 -1.97236 -1.08291 -0.758087 
-1.20299 0.585212 0.266386 -1.47743 -1.97104 -1.08272 -0.758528 
-1.20336 0.585526 0.26673 -1.47771 -1.96973 -1.08254 -0.758947 
-1.20369 0.585874 0.267015 -1.47776 -1.96851 -1.08246 -0.759162 
-1.20386 0.586152 0.267183 -1.47672 -1.96795 -1.08284 -0.757968 
-1.20243 0.585006 0.265967 -1.47651 -1.97245 -1.08298 -0.759411 
-1.20289 0.584931 0.26612 -1.47701 -1.97122 -1.08311 -0.758252 
-1.20325 0.585016 0.266348 -1.4777 -1.96988 -1.08297 -0.75738 
-1.20359 0.585119 0.266585 -1.47841 -1.96852 -1.08278 -0.756547 
-1.20394 0.585226 0.266823 -1.47913 -1.96716 -1.0826 -0.755718 
-1.20462 0.585451 0.267296 -1.48055 -1.96443 -1.08222 -0.75406 
-1.20495 0.585603 0.267527 -1.4812 -1.96308 -1.08204 -0.753218 
-1.20527 0.585889 0.267725 -1.48165 -1.96179 -1.08193 -0.752314 
-1.20559 0.586581 0.267758 -1.48139 -1.96075 -1.08215 -0.75116 
-1.20435 0.586132 0.267288 -1.47853 -1.96571 -1.0824 -0.755739 
-1.20466 0.585862 0.267265 -1.47923 -1.96474 -1.08252 -0.753687 
-1.20488 0.585753 0.267317 -1.48012 -1.96367 -1.08237 -0.751927 
-1.20508 0.585663 0.26738 -1.48104 -1.96257 -1.08218 -0.750206 
-1.20568 0.58542 0.267576 -1.48377 -1.95927 -1.08158 -0.745055 
-1.20589 0.585396 0.267656 -1.48462 -1.95819 -1.08138 -0.743337 
-1.20612 0.585567 0.26773 -1.48533 -1.95713 -1.08122 -0.74169 
-1.20648 0.586469 0.267626 -1.48577 -1.95594 -1.08124 -0.740835 
-1.20567 0.585755 0.267635 -1.48331 -1.95956 -1.0818 -0.745664 
-1.20583 0.585354 0.267494 -1.48386 -1.95912 -1.08178 -0.744063 
-1.2059 0.585114 0.267428 -1.4846 -1.95856 -1.08149 -0.742755 
-1.20604 0.584462 0.267261 -1.48688 -1.95681 -1.08051 -0.738952 
-1.20609 0.584257 0.267211 -1.48763 -1.95624 -1.08018 -0.737684 
-1.20615 0.584096 0.267173 -1.48834 -1.95568 -1.07985 -0.736416 
-1.20623 0.584107 0.26713 -1.48891 -1.95514 -1.07955 -0.735207 
-1.20646 0.584766 0.266919 -1.48922 -1.9545 -1.07949 -0.734681 
-1.20649 0.585764 0.267508 -1.48676 -1.95569 -1.08064 -0.739327 
-1.20705 0.585807 0.267662 -1.4872 -1.95449 -1.08124 -0.737676 
-1.20751 0.586011 0.267891 -1.48783 -1.95317 -1.08158 -0.73632 
-1.20797 0.586236 0.26813 -1.48849 -1.95183 -1.08188 -0.735001 
-1.20841 0.586464 0.26837 -1.48915 -1.95048 -1.08217 -0.733687 
-1.20886 0.586694 0.268609 -1.4898 -1.94914 -1.08246 -0.732373 
-1.2093 0.58693 0.268846 -1.49045 -1.9478 -1.08275 -0.731058 
-1.21015 0.587583 0.26931 -1.49159 -1.94512 -1.08331 -0.728457 
-1.2105 0.588399 0.269505 -1.49193 -1.94371 -1.08348 -0.727536 
-1.20864 0.586462 0.268462 -1.49002 -1.94858 -1.08212 -0.731795 
-1.20895 0.586204 0.268487 -1.49002 -1.94843 -1.08228 -0.732272 
-1.20916 0.586109 0.268586 -1.49022 -1.94817 -1.08218 -0.733045 
-1.20935 0.586034 0.268695 -1.49044 -1.94788 -1.08204 -0.733856 
-1.20954 0.585962 0.268804 -1.49066 -1.94759 -1.0819 -0.734671 
-1.20973 0.58589 0.268911 -1.49088 -1.9473 -1.08175 -0.735486 
-1.20991 0.585821 0.269013 -1.4911 -1.94701 -1.08161 -0.7363 
-1.21008 0.585766 0.269096 -1.49128 -1.94672 -1.08148 -0.737094 
-1.21019 0.585759 0.26914 -1.49126 -1.94651 -1.08139 -0.737718 
-1.21012 0.585775 0.269144 -1.49031 -1.94682 -1.08154 -0.737186 
-1.20956 0.586394 0.2688 -1.49073 -1.94726 -1.08232 -0.734044 
-1.20984 0.585783 0.268843 -1.49109 -1.94666 -1.08162 -0.734865 
-1.21001 0.585334 0.268961 -1.49165 -1.94594 -1.08066 -0.735984 
-1.21018 0.584906 0.269089 -1.49223 -1.9452 -1.07967 -0.73714 
-1.21034 0.584481 0.269218 -1.4928 -1.94445 -1.07867 -0.738301 
-1.2105 0.584058 0.269345 -1.49337 -1.9437 -1.07767 -0.739462 
-1.21065 0.583643 0.269469 -1.49393 -1.94296 -1.07668 -0.740619 
-1.21079 0.583271 0.269572 -1.49441 -1.94224 -1.07571 -0.741734 
-1.21089 0.583053 0.269581 -1.49441 -1.94171 -1.07494 -0.74253 
-1.21091 0.583101 0.269272 -1.4924 -1.94227 -1.07519 -0.741282 
-1.21031 0.584773 0.269235 -1.49262 -1.94478 -1.07917 -0.739373 
-1.21088 0.584412 0.269466 -1.49328 -1.9433 -1.07857 -0.739844 
-1.21136 0.584214 0.269772 -1.49414 -1.94171 -1.07771 -0.74061 
-1.21181 0.584035 0.270088 -1.49501 -1.94009 -1.07681 -0.741415 
-1.21227 0.583859 0.270404 -1.49589 -1.93846 -1.07591 -0.742226 
-1.21317 0.583523 0.271025 -1.49761 -1.93521 -1.07412 -0.743846 
-1.21395 0.583492 0.271467 -1.49857 -1.93224 -1.07262 -0.744992 
-1.21417 0.583902 0.271267 -1.49641 -1.93215 -1.07308 -0.74299 
-1.2125 0.583261 0.270512 -1.49666 -1.93657 -1.07443 -0.743514 
-1.21309 0.583061 0.270689 -1.49726 -1.93544 -1.07439 -0.743646 
-1.21358 0.583023 0.270942 -1.49804 -1.93419 -1.07408 -0.744076 
-1.21405 0.583006 0.271205 -1.49885 -1.93292 -1.07374 -0.744544 
-1.21453 0.582992 0.271468 -1.49966 -1.93164 -1.07339 -0.745017 
-1.215 0.58298 0.271728 -1.50046 -1.93036 -1.07305 -0.745491 
-1.21546 0.582977 0.27198 -1.50125 -1.92908 -1.07271 -0.745961 
-1.2159 0.583017 0.272206 -1.50196 -1.92782 -1.07239 -0.746397 
-1.21626 0.583212 0.272352 -1.50226 -1.92671 -1.07219 -0.746555 
-1.2164 0.583705 0.272306 -1.50081 -1.92652 -1.07257 -0.74495 
-1.21441 0.583414 0.271606 -1.49936 -1.93124 -1.0726 -0.745471 
-1.21419 0.582359 0.271061 -1.49992 -1.93216 -1.07201 -0.74483 
-1.21388 0.581467 0.270591 -1.50067 -1.93297 -1.07117 -0.744485 
-1.21323 0.579726 0.26967 -1.50221 -1.93453 -1.0694 -0.743871 
-1.2129 0.57886 0.269212 -1.50298 -1.93531 -1.06851 -0.743564 
-1.21257 0.578007 0.26876 -1.50374 -1.9361 -1.06761 -0.743253 
-1.21225 0.577212 0.268324 -1.50443 -1.93692 -1.06673 -0.742932 
-1.21197 0.576645 0.267876 -1.50489 -1.93781 -1.06591 -0.742626 
-1.21185 0.576894 0.267212 -1.50469 -1.93873 -1.06553 -0.742747 
-1.21379 0.580302 0.270187 -1.50193 -1.934 -1.06958 -0.744118 
-1.2147 0.580439 0.270592 -1.50243 -1.93261 -1.07002 -0.745291 
-1.21551 0.58074 0.271072 -1.50311 -1.93109 -1.0702 -0.74676 
-1.21631 0.581063 0.271562 -1.50382 -1.92955 -1.07035 -0.748268 
-1.2179 0.581718 0.272531 -1.50523 -1.92647 -1.07065 -0.751292 
-1.21867 0.582053 0.272995 -1.50592 -1.92493 -1.07081 -0.752801 
-1.21939 0.582417 0.273405 -1.50653 -1.92339 -1.07099 -0.754259 
-1.21994 0.582873 0.273711 -1.50666 -1.92204 -1.07128 -0.755272 
-1.21997 0.583261 0.273961 -1.50451 -1.92205 -1.07195 -0.753203 
