-0.0654825  -0.055904 -0.0900909 0.269592 0.558749 0.135257 0.772544
-0.0682632 -0.0544683 -0.0876519 0.229676 0.609107 0.114318 0.750446
 -0.070905 -0.0531043 -0.0853348 0.190065 0.65483 0.093187 0.725527
-0.0734077 -0.0518121 -0.0831397 0.151662 0.695382 0.0724045 0.698714
-0.0757714 -0.0505917 -0.0810666 0.11515 0.73066 0.0523956 0.670918
 -0.077996 -0.0494431 -0.0791153 0.0809675 0.760895 0.0334493 0.642935
-0.0800816 -0.0483663 -0.0772861 0.0493378 0.786521 0.0157314 0.615388
-0.0820281 -0.0473612 -0.0755788 0.0203204 0.808069 -0.00068801 0.588737
-0.0838357  -0.046428 -0.0739934 -0.00613004 0.826082 -0.0158032 0.563295
-0.0855041 -0.0455665   -0.07253 -0.00608968 0.825891 -0.0116603 0.563677
-0.0870336 -0.0447768 -0.0711885 0.0135545 0.812223 0.00663277 0.583152
-0.088424 -0.044059 -0.069969 0.0313 0.798976 0.023027 0.600106
-0.0896753 -0.0434128 -0.0688715 0.047223 0.786366 0.0376205 0.614804
-0.0907876 -0.0428385 -0.0678959 0.0613829 0.774578 0.0504944 0.627464
-0.0917609  -0.042336 -0.0670422 0.0738202 0.76378 0.0617116 0.638265
-0.0925951 -0.0419053 -0.0663105 0.0845529 0.754128 0.0713134 0.647346
-0.0932903 -0.0415463 -0.0657007 0.0935799 0.745771 0.0793243 0.65481
-0.0938465 -0.0412592 -0.0652129 0.10088 0.738853 0.0857512 0.660731
-0.0942636 -0.0410438 -0.0648471 0.106419 0.733511 0.0905886 0.665154
-0.0945417 -0.0409003 -0.0646032 0.110152 0.729866 0.0938235 0.668101
-0.0946807 -0.0408285 -0.0644812 0.112035 0.728015 0.0954425 0.669577
-0.0946807 -0.0408285 -0.0644812 0.112035 0.728015 0.0954425 0.669577
-0.0946807 -0.0408285 -0.0644812 0.112035 0.728015 0.0954425 0.669577
-0.0946807 -0.0408285 -0.0644812 0.112035 0.728015 0.0954425 0.669577
-0.0946807 -0.0408285 -0.0644812 0.112035 0.728015 0.0954425 0.669577
-0.0946807 -0.0408285 -0.0644812 0.112035 0.728015 0.0954425 0.669577
-0.0946807 -0.0408285 -0.0644812 0.112035 0.728015 0.0954425 0.669577
-0.0946807 -0.0408285 -0.0644812 0.112035 0.728015 0.0954425 0.669577
-0.0946807 -0.0408285 -0.0644812 0.112035 0.728015 0.0954425 0.669577
-0.0946807 -0.0408285 -0.0644812 0.112035 0.728015 0.0954425 0.669577
-0.0946807 -0.0408285 -0.0644812 0.112035 0.728015 0.0954425 0.669577
-0.0946335 -0.0408495 -0.0645312 0.111351 0.728139 0.0951215 0.669602
-0.0945196 -0.0409071 -0.0646378 0.110711 0.72823 0.0949722 0.66963
 -0.094321 -0.0409583  -0.064795 0.109958 0.728475 0.0946723 0.66953
-0.0940457 -0.0410109 -0.0650016 0.109523 0.728794 0.0941537 0.669327
-0.0937086 -0.0410748 -0.0652494 0.108785 0.7292 0.0938145 0.669053
-0.0933012 -0.0411331 -0.0655268 0.10807 0.729611 0.0934103 0.668777
-0.0928087   -0.04119 -0.0658314 0.107381 0.730101 0.0931009 0.668397
-0.0922128 -0.0412437 -0.0661654 0.106662 0.730645 0.092713 0.667971
-0.0915125 -0.0412946   -0.06653 0.105786 0.731237 0.0926023 0.667478
-0.0907188 -0.0413306 -0.0669182 0.104906 0.731822 0.0923615 0.667009
-0.0898117 -0.0413365 -0.0673194 0.103788 0.732512 0.092025 0.666473
-0.0888023 -0.0412943 -0.0677059 0.10234 0.73315 0.0918079 0.666025
-0.0876964  -0.041214 -0.0680592 0.100906 0.733688 0.0916296 0.665675
-0.0864908 -0.0411125 -0.0683829 0.0994275 0.734191 0.0916989 0.665334
-0.0852171 -0.0410253 -0.0686987 0.0980271 0.734604 0.0919815 0.665046
-0.0838989 -0.0409789 -0.0690248 0.0968056 0.73504 0.0922827 0.664702
-0.0825289 -0.0409487 -0.0693558 0.0953681 0.735444 0.0925202 0.66443
-0.0810587 -0.0409035 -0.0696853 0.0943193 0.735956 0.0924302 0.664025
-0.0794722 -0.0408373 -0.0700174 0.0930455 0.736421 0.0925676 0.66367
-0.0777951 -0.0407416 -0.0703479 0.0915062 0.736803 0.0929638 0.663405
 -0.076068 -0.0406115 -0.0706709 0.090235 0.737195 0.0932218 0.663107
-0.0743672 -0.0404394 -0.0709327 0.0893997 0.737395 0.094062 0.662879
-0.0727085 -0.0402153  -0.071122 0.0885236 0.737697 0.0945536 0.66259
-0.0711002 -0.0399998 -0.0712484 0.0878258 0.737797 0.0954657 0.662441
-0.0695337 -0.0398025 -0.0713242 0.0868917 0.737721 0.0967778 0.662459
 -0.067992 -0.0396098 -0.0713626 0.0864316 0.737616 0.0975209 0.662527
-0.0664911 -0.0394419  -0.071378 0.0859329 0.737463 0.0985117 0.662615
-0.0650458 -0.0392773 -0.0713576 0.0851309 0.737142 0.0992812 0.662962
-0.0636739 -0.0391151 -0.0712929 0.0843245 0.736612 0.100332 0.663495
 -0.062389 -0.0389515 -0.0711707 0.0835046 0.735972 0.100768 0.664242
 -0.061163 -0.0387898 -0.0710012 0.0827079 0.73527 0.101383 0.665026
-0.0600252 -0.0386551 -0.0708116 0.082229 0.734442 0.102359 0.66585
-0.0589836 -0.0385755 -0.0706327 0.0819738 0.733674 0.103066 0.666619
 -0.058023 -0.0385304 -0.0704762 0.081987 0.732945 0.103556 0.667342
-0.0571352 -0.0385038 -0.0703394 0.0819086 0.732253 0.103924 0.668054
-0.0562972 -0.0384632 -0.0702065 0.0817149 0.731633 0.104257 0.668705
-0.0554846 -0.0383864 -0.0700693 0.0813461 0.73096 0.104598 0.669432
-0.0547115 -0.0382956  -0.069933 0.0812676 0.730344 0.104917 0.670064
-0.0540239 -0.0382215 -0.0698001 0.0808412 0.729611 0.105551 0.670814
-0.0534405 -0.0381744 -0.0696664 0.0807877 0.728941 0.105934 0.671488
-0.0529427 -0.0381692 -0.0695323 0.0807376 0.728341 0.106161 0.672109
-0.0524862 -0.0381904 -0.0693979 0.0805822 0.727767 0.106301 0.672727
-0.0520435 -0.0382439 -0.0692704 0.0806774 0.727199 0.106466 0.673304
-0.0516206 -0.0383194 -0.0691577 0.0810014 0.726576 0.106596 0.673916
-0.0512249 -0.0383985 -0.0690537 0.0812104 0.725931 0.106843 0.674547
-0.0508542 -0.0384701 -0.0689502 0.0813199 0.725417 0.106661 0.675115
-0.0505253 -0.0385294  -0.068833 0.0813941 0.724633 0.107015 0.675892
-0.0502486 -0.0385674 -0.0686943 0.0810421 0.723623 0.107719 0.676904
-0.0499805 -0.0386378   -0.06856 0.0813568 0.722492 0.108751 0.677908
-0.0496869 -0.0387752 -0.0684691 0.0816157 0.721381 0.109607 0.678921
-0.0493475  -0.038966 -0.0684456 0.0816253 0.720208 0.110758 0.679979
-0.0489721 -0.0391542 -0.0684754 0.081541 0.719089 0.111786 0.681004
-0.0485887 -0.0392955 -0.0685123 0.0809052 0.717915 0.112399 0.682217
-0.0482011 -0.0393792  -0.068529 0.0802674 0.716495 0.11334 0.683627
-0.0477796 -0.0394177 -0.0685149 0.0792088 0.715035 0.114271 0.685122
-0.0473223  -0.039423 -0.0684652 0.0787016 0.713446 0.115539 0.686623
-0.0468476 -0.0394223 -0.0683795 0.0784804 0.711721 0.116937 0.6882
-0.0463703 -0.0394338 -0.0682624 0.0782444 0.709836 0.118748 0.689862
-0.0458927 -0.0394667 -0.0681233 0.0781127 0.707766 0.120586 0.691682
-0.0454228 -0.0395147 -0.0679699 0.0780062 0.705572 0.122495 0.693598
-0.0449472 -0.0395727 -0.0678095 0.0778275 0.703257 0.124488 0.695612
-0.0444644 -0.0396287 -0.0676531 0.0778759 0.700839 0.126539 0.697673
-0.0439731 -0.0397092 -0.0675102 0.0778949 0.698206 0.128951 0.699866
  -0.04348 -0.0398026 -0.0673785 0.0778778 0.695429 0.131232 0.702205
-0.0429886 -0.0399243  -0.067265 0.0776023 0.692306 0.133944 0.704804
-0.0424959 -0.0400879 -0.0671743 0.0771277 0.688947 0.136382 0.707675
-0.0419984 -0.0402726 -0.0670976 0.0767321 0.685201 0.139078 0.710823
 -0.041446  -0.040471 -0.0670322 0.0762444 0.681367 0.141563 0.714063
-0.0407938 -0.0406652 -0.0669748 0.0760287 0.677556 0.143712 0.717276
-0.0400944 -0.0408246 -0.0669167 0.0753546 0.673544 0.145913 0.720673
-0.0393584 -0.0409127 -0.0668244 0.0743972 0.669327 0.148351 0.724195
-0.0386041 -0.0409394  -0.066679 0.0736425 0.664946 0.150982 0.727756
-0.0378654 -0.0409741 -0.0664953 0.0729433 0.660233 0.153905 0.731495
-0.0371155 -0.0410876 -0.0663018 0.0726907 0.655304 0.157091 0.735265
-0.0363278 -0.0412749  -0.066114 0.0724494 0.650372 0.159962 0.739039
-0.0355466  -0.041499 -0.0659423 0.0721868 0.645237 0.163022 0.742888
-0.0348214  -0.041732 -0.0657943 0.0714996 0.639788 0.165915 0.747015
-0.0341261 -0.0419409 -0.0656617 0.0708536 0.634229 0.168457 0.751237
-0.0334179 -0.0421261 -0.0655359 0.0701028 0.628682 0.170874 0.755412
-0.0327208 -0.0423072 -0.0654313 0.0691839 0.623083 0.173437 0.75954
-0.0320249 -0.0424953 -0.0653414 0.0680666 0.617398 0.175946 0.763695
-0.0313509  -0.042684 -0.0652655 0.0668314 0.611528 0.17847 0.76793
-0.0306625 -0.0428591 -0.0651898 0.065588 0.605578 0.180827 0.772189
-0.0299251 -0.0430094 -0.0651144 0.0642471 0.599724 0.183145 0.776312
  -0.02912 -0.0431353 -0.0650452 0.0624454 0.593887 0.185666 0.780338
-0.0282752 -0.0432185  -0.064976 0.0604684 0.588105 0.188011 0.784301
-0.0274022 -0.0432175 -0.0648854 0.0587552 0.582544 0.190083 0.788073
-0.0264877 -0.0431468 -0.0647656 0.0566898 0.577299 0.192296 0.791539
-0.0256017 -0.0430286 -0.0646345 0.0546423 0.572272 0.194581 0.794769
-0.0247768 -0.0428959 -0.0644937 0.0526577 0.567407 0.196768 0.797846
-0.0240222 -0.0427597 -0.0643466 0.0507979 0.562877 0.198782 0.800672
-0.0233469 -0.0426243 -0.0641904 0.0492726 0.55865 0.200539 0.803285
-0.0227375  -0.042497 -0.0640303 0.0478625 0.554603 0.202225 0.805748
-0.0221721 -0.0423671 -0.0638655 0.0465943 0.550725 0.203747 0.808095
-0.0216459 -0.0421973 -0.0636989 0.0452878 0.546908 0.205233 0.810383
-0.0211613 -0.0419926 -0.0635338 0.0440638 0.543215 0.206915 0.812503
  -0.02071 -0.0417907 -0.0633697 0.042906 0.539653 0.208708 0.814479
-0.0202676  -0.041616 -0.0632089 0.0417469 0.536396 0.210262 0.816288
-0.0198372  -0.041448 -0.0630524 0.0404324 0.533255 0.211922 0.817981
-0.0194421 -0.0412819 -0.0628979 0.0392025 0.530166 0.213399 0.819663
-0.0190522 -0.0410912 -0.0627251 0.0380514 0.527213 0.214799 0.821255
-0.0186719 -0.0408738 -0.0625362 0.0371225 0.524322 0.21618 0.822785
-0.0182887 -0.0406272 -0.0623231 0.0362514 0.521582 0.217549 0.824203
-0.0179393 -0.0403672 -0.0620857 0.0355488 0.518952 0.21901 0.825506
-0.0176573 -0.0401219 -0.0618221 0.0348759 0.516249 0.220376 0.826865
-0.0174296 -0.0398719 -0.0615202 0.0347561 0.51377 0.221475 0.828119
-0.0172222  -0.039646 -0.0611878 0.0348155 0.51151 0.222411 0.829264
-0.0170323 -0.0394753 -0.0608548 0.0346952 0.509208 0.223615 0.830361
-0.0169093 -0.0393544 -0.0605419 0.0349061 0.506796 0.224528 0.831581
-0.0167919  -0.039251  -0.060225 0.0351707 0.5045 0.225296 0.832757
-0.0166865 -0.0391734 -0.0599167 0.0355629 0.502266 0.226086 0.833876
-0.0165872 -0.0391106 -0.0596075 0.0359198 0.50009 0.226759 0.834985
-0.0165037 -0.0390362 -0.0592869 0.0364668 0.497961 0.227405 0.836058
-0.0164415 -0.0389716 -0.0589687 0.0372437 0.495951 0.228078 0.837034
-0.0163971 -0.0389318  -0.058658 0.0379111 0.494036 0.228832 0.83793
-0.0163662 -0.0389264 -0.0583512 0.0387434 0.492319 0.229462 0.83873
-0.0163402 -0.0389397  -0.058043 0.0395854 0.490719 0.229974 0.839488
-0.0163269 -0.0389593 -0.0577401 0.0405103 0.489182 0.230399 0.840224
-0.0163108 -0.0389522 -0.0574355 0.0416884 0.487814 0.230796 0.840853
-0.0162738 -0.0389665 -0.0571439 0.0426456 0.486541 0.23122 0.841425
-0.0162201 -0.0389786 -0.0568727 0.0437403 0.485404 0.231576 0.841928
-0.0161498 -0.0389894 -0.0566204 0.0446227 0.484297 0.231843 0.842445
-0.0160713 -0.0389881 -0.0563778 0.0454007 0.483291 0.23206 0.842921
  -0.01599  -0.038988 -0.0561477 0.046192 0.482387 0.23232 0.843325
-0.0159048  -0.038998 -0.0559359 0.0468273 0.481576 0.232422 0.843725
-0.0158233  -0.039007 -0.0557503 0.0474817 0.48096 0.232473 0.844026
-0.0157672 -0.0390297 -0.0555989 0.0481231 0.480439 0.232331 0.844325
-0.0157375 -0.0390557 -0.0554786 0.0488181 0.480138 0.232203 0.844492
 -0.015738 -0.0390717 -0.0553796 0.0498184 0.480118 0.231869 0.844536
-0.0157467 -0.0390824 -0.0552881 0.0508987 0.480411 0.231485 0.844411
-0.0157913 -0.0390975 -0.0552068 0.0519031 0.480839 0.231157 0.844196
-0.0158568 -0.0391118  -0.055135 0.0529725 0.481397 0.230776 0.843916
-0.0159361 -0.0391285 -0.0550855 0.0541607 0.482168 0.230278 0.843536
 -0.016036  -0.039176 -0.0550759 0.0552676 0.483136 0.229689 0.843071
 -0.016153  -0.039225 -0.0550956 0.0563005 0.484287 0.228993 0.842531
 -0.016285 -0.0392636 -0.0551386 0.0573738 0.485708 0.228052 0.841896
-0.0164304 -0.0392808 -0.0552131 0.0584373 0.487384 0.227092 0.841113
-0.0165888  -0.039295 -0.0553311 0.0595213 0.489286 0.226007 0.840224
-0.0167674 -0.0393135 -0.0554901 0.0605971 0.491474 0.224794 0.839196
-0.0169647 -0.0393441 -0.0556823 0.061537 0.493847 0.223456 0.83809
-0.0171978 -0.0393774 -0.0558923 0.0625269 0.496443 0.221979 0.836875
-0.0174658 -0.0394248 -0.0561076 0.0635945 0.49927 0.220397 0.83553
-0.0177684 -0.0395044 -0.0563327 0.0648598 0.502355 0.218833 0.833993
 -0.018102 -0.0396042 -0.0565713 0.0661695 0.505739 0.217199 0.832271
-0.0184621  -0.039712 -0.0568132 0.0674365 0.509351 0.215393 0.830433
-0.0188303 -0.0398304 -0.0570688 0.0688633 0.513112 0.213636 0.828453
-0.0191854 -0.0399389 -0.0573338 0.0703017 0.516992 0.211827 0.826381
-0.0195192 -0.0400283 -0.0576032 0.0715265 0.520871 0.210308 0.824226
-0.0198505 -0.0400913 -0.0578717 0.0726313 0.524654 0.20872 0.822131
-0.0201845 -0.0401466  -0.058137 0.073534 0.528377 0.207197 0.820049
-0.0205215  -0.040198 -0.0584085 0.0742875 0.532022 0.2058 0.817973
-0.0208579  -0.040255 -0.0587006 0.0751092 0.535662 0.204343 0.815886
 -0.021206 -0.0403202 -0.0590183 0.0758317 0.539408 0.202777 0.813738
-0.0215787 -0.0403888 -0.0593561 0.0765102 0.543329 0.201113 0.811476
-0.0219835  -0.040456 -0.0597065 0.0772785 0.547467 0.199401 0.809041
 -0.022425 -0.0405404 -0.0600666 0.0781224 0.551914 0.197474 0.806407
 -0.022916 -0.0406472 -0.0604267 0.079092 0.556688 0.195446 0.80352
-0.0234639 -0.0407761 -0.0607782 0.0801297 0.561759 0.193397 0.800377
-0.0240802   -0.04091 -0.0611152 0.0814083 0.567141 0.191356 0.796936
-0.0247478 -0.0410492 -0.0614438 0.0828238 0.5728 0.189266 0.793233
-0.0254625 -0.0412042 -0.0617725 0.0842212 0.578669 0.187075 0.789336
-0.0262003   -0.04135 -0.0621037 0.0855903 0.584647 0.184777 0.785315
-0.0269346 -0.0414732 -0.0624349 0.0866276 0.590584 0.182513 0.781278
-0.0276528 -0.0415632 -0.0627561 0.0874481 0.596345 0.180326 0.777308
-0.0283486 -0.0416445 -0.0630761 0.0882822 0.601898 0.178242 0.773405
-0.0290275 -0.0417269 -0.0634019 0.0890364 0.607279 0.176216 0.769567
 -0.029709 -0.0418049 -0.0637228 0.089609 0.612597 0.17422 0.76573
-0.030423 -0.041878  -0.06402 0.0901287 0.617831 0.172194 0.761913
-0.0311773 -0.0419721 -0.0643048 0.0909267 0.623016 0.170018 0.758075
-0.0319455 -0.0420827 -0.0645741 0.0919182 0.628209 0.167885 0.754134
-0.0327031  -0.042201 -0.0648257 0.0930272 0.633307 0.165838 0.750177
-0.0334395 -0.0423238 -0.0650594 0.0941897 0.638358 0.163699 0.746211
-0.0341574 -0.0424486 -0.0652801 0.0952608 0.643301 0.161664 0.742262
-0.0348512 -0.0425356 -0.0654631 0.0962239 0.648034 0.159632 0.738452
-0.0354913 -0.0425977 -0.0656025 0.0970936 0.652355 0.157874 0.734903
-0.0360632 -0.0426342 -0.0656975 0.0976876 0.656207 0.156251 0.731734
-0.0365486 -0.0426383 -0.0657543 0.0983348 0.659592 0.154745 0.728919
-0.0369364 -0.0426313 -0.0658015 0.0986702 0.662544 0.153571 0.72644
-0.0372568 -0.0425998 -0.0658394 0.0988093 0.665085 0.152463 0.72433
-0.0375155 -0.0425623 -0.0658724 0.0987913 0.667179 0.151465 0.722614
-0.0377277 -0.0425275 -0.0659061 0.0987864 0.668903 0.150507 0.72122
-0.0378944 -0.0424986 -0.0659498 0.0987485 0.670319 0.149743 0.720069
-0.0380386 -0.0424773 -0.0660068 0.0988225 0.671581 0.149114 0.719012
-0.0381951 -0.0424651 -0.0660749 0.0990544 0.672858 0.148323 0.717949
 -0.038382 -0.0424582 -0.0661531 0.0995255 0.674269 0.147395 0.71675
-0.0386057 -0.0424492 -0.0662298 0.100008 0.675861 0.146379 0.715391
-0.0388649 -0.0424379 -0.0662994 0.100604 0.677678 0.145241 0.713818
-0.0391593 -0.0424288 -0.0663577 0.101558 0.679671 0.144007 0.712036
-0.0394824 -0.0424421 -0.0664235 0.102836 0.681852 0.142658 0.710036
-0.0398406 -0.0424599 -0.0664887 0.104154 0.684249 0.141002 0.707866
-0.0402266 -0.0424704  -0.066547 0.105443 0.686843 0.139581 0.70544
-0.0406463 -0.0424691 -0.0666034 0.106817 0.689567 0.137993 0.702884
-0.0410871 -0.0424538 -0.0666505 0.10791 0.692429 0.136663 0.700157
-0.0415342 -0.0424376 -0.0666898 0.108983 0.695208 0.135549 0.697449
-0.0419719 -0.0424461 -0.0667417 0.110156 0.697992 0.134503 0.694681
 -0.042407 -0.0424658 -0.0668096 0.111223 0.700888 0.133397 0.691802
-0.0428498 -0.0424953  -0.066899 0.112454 0.703886 0.132206 0.688781
-0.0433208 -0.0425183 -0.0669897 0.113352 0.706855 0.131202 0.68578
-0.0438081 -0.0425326 -0.0670687 0.114428 0.709841 0.130174 0.682706
-0.0442834 -0.0425534 -0.0671373 0.115649 0.712807 0.128972 0.679631
-0.0447495 -0.0425745 -0.0671976 0.116788 0.71589 0.127795 0.67641
-0.0452139 -0.0425737 -0.0672266 0.117995 0.719164 0.126715 0.672922
-0.0457003 -0.0425585 -0.0672079 0.119461 0.722587 0.125406 0.669231
-0.0462024  -0.042553 -0.0671483 0.12096 0.726161 0.124274 0.665293
-0.0467251 -0.0425608 -0.0670513 0.122673 0.729865 0.123062 0.661139
-0.0472637 -0.0425629 -0.0669136 0.124511 0.733688 0.121763 0.65679
-0.0478169 -0.0425697 -0.0667374 0.126499 0.737544 0.120659 0.652279
 -0.048376 -0.0425863 -0.0665443 0.128576 0.741461 0.119467 0.647636
-0.0489339 -0.0426056  -0.066346 0.130348 0.745367 0.118368 0.642983
-0.0494814 -0.0426079  -0.066141 0.131759 0.749233 0.117406 0.638361
-0.0500091 -0.0425826 -0.0659255 0.132961 0.75305 0.116686 0.633737
-0.0505304  -0.042547 -0.0657016 0.134117 0.756755 0.115723 0.629239
-0.0510497 -0.0425186 -0.0654916 0.135199 0.760489 0.114858 0.624648
-0.0515824 -0.0424763 -0.0652935 0.136499 0.764257 0.113682 0.619964
-0.0521456 -0.0424089 -0.0650866 0.137739 0.768254 0.112107 0.615017
-0.0527394 -0.0422924 -0.0648273 0.138955 0.772443 0.110306 0.6098
-0.0533596 -0.0421382 -0.0645209 0.140559 0.776633 0.108759 0.604364
-0.0540045 -0.0419974  -0.064192 0.142175 0.780867 0.107408 0.598746
-0.0546567  -0.041893 -0.0638785 0.143805 0.785187 0.105765 0.592971
-0.0553262 -0.0418006 -0.0636039 0.145329 0.78945 0.104133 0.5872
-0.0560083 -0.0417027 -0.0633696 0.146581 0.793763 0.102587 0.581317
-0.0567035 -0.0415803 -0.0631617 0.147695 0.798013 0.101134 0.575441
-0.0574078 -0.0414155 -0.0629564 0.148277 0.802223 0.0993257 0.569725
 -0.058102  -0.041233 -0.0627577 0.148686 0.806347 0.0976641 0.564056
-0.0587722 -0.0410323 -0.0625515 0.148853 0.810219 0.0961153 0.558704
-0.0594042 -0.0408442 -0.0623546 0.148679 0.813815 0.0948722 0.553714
-0.0599752 -0.0406676 -0.0621709 0.14809 0.81711 0.0938901 0.549167
-0.0604849  -0.040483 -0.0619996 0.147097 0.820119 0.0928971 0.545104
-0.0609274 -0.0402918 -0.0618215 0.145881 0.822767 0.0921229 0.541559
-0.0612901 -0.0401106  -0.061651 0.144562 0.825044 0.0914574 0.538553
-0.0615805 -0.0399458 -0.0614966 0.143015 0.826999 0.0909289 0.536052
-0.0618253 -0.0397979 -0.0613659 0.141513 0.828731 0.0904032 0.533859
-0.0620325 -0.0396597 -0.0612517 0.140075 0.830282 0.0900843 0.53188
-0.0622056 -0.0395023 -0.0611144 0.138533 0.831702 0.0897235 0.530122
-0.0623394 -0.0393484 -0.0609407 0.136985 0.832864 0.0897336 0.528696
-0.0624186  -0.039233 -0.0607538 0.1356 0.833664 0.0903963 0.527679
-0.0624486 -0.0392227 -0.0606288 0.134155 0.834212 0.0911653 0.52705
-0.0624425 -0.0392623 -0.0605601 0.13258 0.834689 0.0916176 0.526614
-0.0624146 -0.0392872 -0.0605045 0.130997 0.835062 0.0920747 0.52634
-0.0623871  -0.039282 -0.0604261 0.129638 0.835329 0.0927711 0.52613
-0.0623582 -0.0392649 -0.0603017 0.128322 0.835549 0.0933824 0.525995
-0.0623184 -0.0392573 -0.0601522 0.127284 0.835618 0.0941008 0.52601
-0.0622504 -0.0392651 -0.0599864 0.1262 0.835575 0.0948395 0.526206
-0.0621392 -0.0393347  -0.059837 0.125343 0.835306 0.0960061 0.526627
-0.0619886 -0.0394327 -0.0597094 0.124293 0.834904 0.0971844 0.527297
-0.0618238 -0.0395413 -0.0596035 0.123382 0.834466 0.0980192 0.528049
-0.0616459  -0.039628 -0.0595092 0.122632 0.83395 0.0987632 0.5289
  -0.06147 -0.0397018  -0.059436 0.121883 0.833397 0.0994361 0.529817
-0.0612972 -0.0397723 -0.0594102 0.121407 0.832851 0.0999757 0.530683
 -0.061144 -0.0397989 -0.0594314 0.120926 0.832382 0.100392 0.531449
-0.0610202 -0.0397853 -0.0594747 0.120296 0.832063 0.100546 0.532063
-0.0609201 -0.0397378 -0.0595278 0.119918 0.831817 0.10059 0.532524
-0.0608276 -0.0396687 -0.0595634 0.119376 0.831587 0.100692 0.532986
-0.0607358 -0.0396099 -0.0595776 0.118893 0.831353 0.100765 0.533444
-0.0606453 -0.0395926 -0.0595914 0.118595 0.831047 0.10097 0.533949
-0.0605568 -0.0396264 -0.0596505 0.118458 0.830767 0.100909 0.534426
-0.0604915 -0.0396432 -0.0597461 0.118315 0.830677 0.100327 0.534708
-0.0604591 -0.0396082 -0.0598376 0.118399 0.830689 0.0998199 0.534764
-0.0604549 -0.0395675 -0.0599365 0.118479 0.830794 0.0993182 0.534677
-0.0604663 -0.0395129 -0.0600433 0.1184 0.831008 0.0986344 0.534488
-0.0604792 -0.0394538 -0.0601611 0.118189 0.831255 0.0979775 0.534272
-0.0604944 -0.0393849 -0.0602765 0.117878 0.831506 0.0973545 0.534065
 -0.060511 -0.0393271 -0.0603922 0.117487 0.831785 0.096673 0.533839
-0.0605402  -0.039262 -0.0604971 0.117229 0.8321 0.0957645 0.53357
-0.0605798  -0.039183 -0.0605797 0.117074 0.832421 0.0949208 0.533254
-0.0606277 -0.0391169 -0.0606456 0.117058 0.832704 0.0941351 0.532954
 -0.060676  -0.039071 -0.0607213 0.117157 0.832972 0.0934184 0.532639
-0.0607313 -0.0390324  -0.060806 0.117352 0.833264 0.0927268 0.53226
-0.0607962 -0.0389968 -0.0608769 0.1177 0.833615 0.0920221 0.531756
-0.0608655 -0.0389744 -0.0609204 0.118094 0.833974 0.0913775 0.531217
-0.0609317 -0.0389885 -0.0609381 0.118604 0.83429 0.0908339 0.5307
-0.0609966 -0.0390384 -0.0609411 0.119354 0.834545 0.0904634 0.530194
-0.0610629 -0.0391196 -0.0609343 0.120014 0.834829 0.0901591 0.529649
-0.0611287 -0.0392215 -0.0609371 0.120833 0.835092 0.0897929 0.529111
-0.0611973 -0.0393051 -0.0609612 0.121625 0.835392 0.0893389 0.528532
-0.0612633 -0.0393503 -0.0609949 0.12225 0.835694 0.088876 0.527988
-0.0613316 -0.0393699 -0.0610246 0.122803 0.835996 0.0884735 0.527449
-0.0613949 -0.0393858 -0.0610437 0.123158 0.836271 0.0881075 0.526991
-0.0614485 -0.0393946 -0.0610475 0.123505 0.836447 0.0877492 0.52669
-0.0614926 -0.0393929  -0.061023 0.123624 0.836534 0.0874097 0.526581
-0.0615273 -0.0394126 -0.0609968 0.123883 0.836502 0.0871112 0.526621
-0.0615589 -0.0394312 -0.0609827 0.124225 0.83646 0.0867285 0.52667
-0.0615864  -0.039439 -0.0609799 0.124586 0.836419 0.0862917 0.526721
 -0.061614 -0.0394257  -0.060961 0.124873 0.836377 0.0859399 0.526778
-0.0616393 -0.0394352  -0.060937 0.125268 0.836305 0.085761 0.526827
-0.0616652 -0.0394656 -0.0609213 0.125676 0.836253 0.0855585 0.526845
-0.0616944  -0.039492 -0.0608973 0.126031 0.836251 0.0854256 0.526786
-0.0617241 -0.0395218 -0.0608574 0.126334 0.836232 0.0853235 0.52676
-0.0617515 -0.0395637 -0.0608194 0.126544 0.836241 0.0852002 0.526716
-0.0617784 -0.0396015 -0.0607963 0.126818 0.836226 0.0851231 0.526685
-0.0618078 -0.0396274 -0.0607882 0.127018 0.83623 0.0850374 0.526644
-0.0618352 -0.0396519  -0.060802 0.127154 0.836234 0.0850091 0.526609
  -0.06186 -0.0396547 -0.0608271 0.127203 0.836264 0.0848856 0.526571
-0.0618791 -0.0396328 -0.0608399 0.127188 0.836257 0.084811 0.526597
 -0.061896  -0.039608 -0.0608331 0.127283 0.836241 0.0846616 0.526624
-0.0619161 -0.0395957 -0.0608082 0.127329 0.836199 0.0845953 0.526689
-0.0619436 -0.0396072 -0.0607791 0.127386 0.836196 0.0845011 0.526697
-0.0619856 -0.0396271 -0.0607473 0.127405 0.836139 0.0844758 0.526786
-0.0620649 -0.0396723 -0.0607267 0.127548 0.835905 0.084566 0.527108
-0.0621649 -0.0397234 -0.0607296 0.127545 0.835631 0.0845956 0.527538
-0.0622729  -0.039761  -0.060749 0.127581 0.83533 0.0846717 0.527994
-0.0623872 -0.0397878 -0.0607664 0.127443 0.834996 0.0848316 0.528529
-0.0625087 -0.0398294 -0.0607777 0.127295 0.834596 0.0850506 0.529162
-0.0626397 -0.0399004 -0.0608002 0.127334 0.834157 0.0852533 0.529812
-0.0627813 -0.0399732 -0.0608359 0.12736 0.833681 0.0854248 0.530526
-0.0629293 -0.0400412 -0.0608915 0.127344 0.833151 0.0855356 0.531345
-0.0630879 -0.0400915 -0.0609711 0.127323 0.832559 0.0855386 0.532276
-0.0632538 -0.0401208 -0.0610833 0.127349 0.831939 0.0854685 0.53325
-0.0634302 -0.0401125 -0.0611988 0.12732 0.83137 0.0853782 0.534158
-0.0636123  -0.040086 -0.0612905 0.127353 0.830794 0.0853327 0.535053
-0.0637937 -0.0400693  -0.061361 0.127316 0.830184 0.0853216 0.536008
-0.0639699 -0.0400722  -0.061414 0.127361 0.829519 0.0853185 0.537027
-0.0641429 -0.0400937 -0.0614512 0.127481 0.828837 0.085293 0.538055
-0.0643165 -0.0401258 -0.0614717 0.127692 0.828134 0.0852944 0.539086
-0.0644957 -0.0401745 -0.0614998 0.128015 0.82742 0.0852694 0.540109
-0.0646755 -0.0402171 -0.0615445 0.128258 0.826727 0.0852674 0.541112
-0.0648442 -0.0402538 -0.0616127 0.128441 0.826008 0.0852448 0.542169
-0.0650017  -0.040271 -0.0616966 0.128572 0.825269 0.0851607 0.543275
-0.0651433 -0.0402592 -0.0617784 0.128703 0.824588 0.085014 0.5443
-0.0652477 -0.0402212 -0.0618405 0.128741 0.82406 0.0848403 0.545117
-0.0653301 -0.0401928 -0.0618884 0.128822 0.823602 0.0847093 0.54581
-0.0654049 -0.0401788 -0.0619291 0.128917 0.823166 0.0845919 0.546464
-0.0654718  -0.040173 -0.0619711 0.129237 0.822792 0.0844825 0.546968
-0.0655259 -0.0401656 -0.0620111 0.129522 0.822461 0.0842965 0.547426
-0.0655649  -0.040151 -0.0620481 0.129713 0.822122 0.0842188 0.547902
-0.0655878 -0.0401239 -0.0620791 0.129961 0.821796 0.084124 0.548347
-0.0655899 -0.0400942 -0.0620995 0.130336 0.821447 0.0840984 0.548785
-0.0655636   -0.04008  -0.062112 0.130631 0.821067 0.0841693 0.549272
-0.0655114 -0.0400805 -0.0621216 0.130882 0.820652 0.0842873 0.549814
-0.0654383   -0.04009 -0.0621435 0.13111 0.820181 0.0843484 0.550454
-0.0653545 -0.0400893 -0.0621748 0.131238 0.819662 0.0843985 0.551188
-0.0652659 -0.0400866 -0.0622135 0.131355 0.819155 0.0844177 0.551911
-0.0651684  -0.040084 -0.0622601 0.131468 0.818602 0.0844791 0.552693
-0.0650621 -0.0400723 -0.0623081 0.131578 0.818031 0.084486 0.553511
 -0.064942 -0.0400698 -0.0623619 0.131646 0.817353 0.0846636 0.554469
 -0.064808 -0.0400697 -0.0624196 0.131718 0.816625 0.0848479 0.555495
-0.0646613 -0.0400727 -0.0624788 0.131793 0.81583 0.0850828 0.556609
-0.0645053 -0.0400701 -0.0625271 0.131812 0.814951 0.0853143 0.557855
-0.0643372 -0.0400793 -0.0625742 0.131822 0.814009 0.08553 0.559192
-0.0641549 -0.0400993 -0.0626276 0.131762 0.812984 0.0858132 0.560652
-0.0639626 -0.0401197 -0.0626922 0.131802 0.811932 0.0859892 0.562139
-0.0637691 -0.0401232 -0.0627485 0.131838 0.810861 0.0861706 0.563647
-0.0635718  -0.040138 -0.0628084 0.131934 0.809767 0.0863586 0.565166
-0.0633696 -0.0401465 -0.0628688 0.131869 0.808618 0.0865518 0.566795
-0.0631628 -0.0401493 -0.0629308 0.131872 0.807444 0.0867748 0.568431
 -0.062954 -0.0401479  -0.062984 0.13183 0.806277 0.0869124 0.570074
-0.0627495 -0.0401561 -0.0630368 0.131709 0.805105 0.0870738 0.571732
-0.0625607 -0.0401601 -0.0630917 0.131474 0.803972 0.0872344 0.573353
-0.0623765 -0.0401257 -0.0631301 0.131248 0.803019 0.087033 0.574769
-0.0621958 -0.0400805 -0.0631472 0.131045 0.80204 0.0871271 0.576166
-0.0620248 -0.0400407 -0.0631516 0.130847 0.801084 0.0872735 0.577517
-0.0618347 -0.0400029 -0.0631551 0.130655 0.800244 0.087258 0.578727
-0.0616374 -0.0399527 -0.0631505 0.130478 0.799386 0.0873147 0.579943
-0.0614309 -0.0398948 -0.0631394 0.130225 0.798619 0.0872501 0.581065
-0.0612237 -0.0398346 -0.0631298 0.129896 0.797905 0.0873311 0.582107
-0.0610302 -0.0397646 -0.0631215 0.129625 0.797338 0.0872336 0.582958
 -0.060855 -0.0396871 -0.0631045 0.129301 0.796866 0.0871056 0.583693
-0.0606971 -0.0396179 -0.0630878 0.12903 0.796472 0.0869942 0.584308
-0.0605585 -0.0395581 -0.0630794 0.128773 0.796206 0.0868566 0.584748
-0.0604424 -0.0394863 -0.0630565 0.128658 0.796034 0.0867179 0.585027
-0.0603471 -0.0394136  -0.063009 0.128582 0.795957 0.0865679 0.585171
-0.0602696 -0.0393616 -0.0629508 0.128551 0.795925 0.0865119 0.585229
 -0.060209 -0.0393206 -0.0628908 0.128604 0.795949 0.0864545 0.585193
-0.0601616 -0.0392672 -0.0628101 0.128809 0.796035 0.0864027 0.58504
-0.0601249 -0.0392353 -0.0627219 0.129167 0.796186 0.0862453 0.584778
-0.0600942 -0.0392166 -0.0626398 0.129446 0.796369 0.0861688 0.584479
-0.0600704 -0.0391902 -0.0625618 0.129874 0.7966 0.0860777 0.584082
-0.0600466 -0.0391626 -0.0624789 0.130417 0.79686 0.085976 0.583621
-0.0600198 -0.0391428 -0.0623937 0.130941 0.797224 0.0858049 0.583032
-0.0600187 -0.0391469 -0.0623132 0.131603 0.797595 0.0858763 0.582364
-0.0600489 -0.0391532 -0.0622254 0.132334 0.798161 0.0856505 0.581456
-0.0601032  -0.039168 -0.0621162 0.133309 0.79882 0.0855325 0.580345
-0.0602028 -0.0392116 -0.0619952 0.134379 0.799546 0.0855008 0.579101
 -0.060344 -0.0392702 -0.0618699 0.135627 0.800471 0.0853042 0.577559
-0.0605357 -0.0393248 -0.0617268 0.136918 0.801547 0.085204 0.575774
-0.0607581 -0.0394024 -0.0615845 0.138452 0.802825 0.0848239 0.573679
-0.0610017 -0.0394913 -0.0614471 0.139979 0.804351 0.0845559 0.571206
-0.0612875 -0.0395956 -0.0612932 0.141614 0.80599 0.084354 0.568515
-0.0616144 -0.0397091  -0.061089 0.143508 0.807682 0.0840833 0.565673
-0.0619586 -0.0398234  -0.060828 0.145589 0.809446 0.0837478 0.562662
-0.0623213 -0.0399569 -0.0605512 0.147916 0.811271 0.0835013 0.559453
-0.0627138 -0.0401016 -0.0602739 0.150456 0.813181 0.0832202 0.556034
-0.0631277 -0.0402293 -0.0599851 0.152991 0.815154 0.0829866 0.552476
-0.0635476 -0.0403561 -0.0596996 0.155568 0.817157 0.0827592 0.54882
-0.0639739 -0.0404841  -0.059432 0.158066 0.819175 0.0825891 0.545111
-0.0644045 -0.0405959 -0.0591762 0.16048 0.821217 0.0825052 0.541334
-0.0648426 -0.0406974 -0.0589258 0.162895 0.823293 0.0823166 0.537474
-0.0652825 -0.0407798 -0.0586836 0.165288 0.825395 0.0821518 0.53353
-0.0657166 -0.0408275 -0.0584547 0.167819 0.827586 0.08196 0.529359
-0.0661514 -0.0408218 -0.0582123 0.170247 0.829719 0.0819626 0.525228
-0.0665734  -0.040809 -0.0579685 0.17267 0.83173 0.0821067 0.521219
-0.0669762  -0.040801 -0.0577428 0.174919 0.833603 0.0823128 0.517431
-0.0673564 -0.0408021 -0.0575455 0.176914 0.835406 0.082326 0.51383
-0.0677206 -0.0407983 -0.0573664 0.178868 0.837075 0.0823318 0.510424
-0.0680493 -0.0408253 -0.0572217 0.18073 0.838664 0.0822511 0.507163
-0.0683483  -0.040862 -0.0571144 0.182541 0.840173 0.0822426 0.504009
-0.0686455 -0.0409234 -0.0570202 0.184188 0.841551 0.0821254 0.501122
-0.0689413 -0.0409728 -0.0569152 0.185832 0.842751 0.0819349 0.498521
-0.0692067 -0.0410076 -0.0568148 0.187513 0.843952 0.0814366 0.495935
-0.0694378 -0.0409791 -0.0567241 0.189025 0.845256 0.080951 0.493214
-0.0696604 -0.0409156 -0.0566394 0.190735 0.846501 0.0808549 0.490427
-0.0698754 -0.0408133 -0.0565322 0.192341 0.847762 0.0807183 0.487636
-0.0700756 -0.0407045 -0.0564041 0.19411 0.849013 0.0805902 0.484771
 -0.070258 -0.0406178 -0.0562777 0.195918 0.850375 0.0802726 0.4817
-0.0704494 -0.0405534 -0.0561538 0.197867 0.851852 0.0799964 0.478327
 -0.070673 -0.0405015 -0.0560055 0.200075 0.853441 0.0795132 0.474643
-0.0709143 -0.0404458 -0.0558296 0.202576 0.855167 0.0789299 0.470556
-0.0711818  -0.040372  -0.055599 0.205447 0.856946 0.0785339 0.46612
-0.0714839 -0.0403354 -0.0553259 0.208654 0.858718 0.0782339 0.461461
-0.0718322   -0.04036 -0.0550191 0.211865 0.860485 0.0779566 0.456729
-0.0722266 -0.0404522 -0.0547102 0.214802 0.862305 0.0780408 0.451885
-0.0726518 -0.0406213 -0.0544122 0.218227 0.864099 0.0773281 0.446912
-0.0730971 -0.0408156 -0.0541334 0.221704 0.866001 0.0763082 0.441664
-0.0735654 -0.0410035 -0.0538549 0.225185 0.86789 0.075376 0.436322
-0.0740292 -0.0411865 -0.0535824 0.228684 0.869763 0.0744941 0.430892
-0.0744924  -0.041336 -0.0533016 0.232222 0.871568 0.0738443 0.425428
-0.0749437 -0.0414812 -0.0530226 0.235834 0.873319 0.0731756 0.419931
-0.0753786 -0.0416111 -0.0527587 0.239452 0.874913 0.0729713 0.414566
-0.0757975 -0.0417906 -0.0525461 0.242972 0.876436 0.0727209 0.409313
-0.0761945 -0.0420098  -0.052398 0.246225 0.877847 0.0726799 0.404321
-0.0765692 -0.0423145 -0.0523431 0.249173 0.879153 0.0726107 0.399663
-0.0769192 -0.0426902  -0.052389 0.25151 0.880519 0.0721224 0.395256
-0.0772385 -0.0431371 -0.0525421 0.253645 0.88187 0.0715804 0.390955
-0.0775372 -0.0436253 -0.0527782 0.255335 0.883145 0.0710935 0.387046
 -0.077816 -0.0441617 -0.0530856 0.256901 0.884282 0.0705467 0.383497
-0.0780638 -0.0447139 -0.0534417 0.258088 0.885263 0.0700602 0.380515
-0.0782416 -0.0452887 -0.0538713 0.259027 0.886166 0.0694926 0.37787
-0.0783526 -0.0458864 -0.0543761 0.259776 0.886851 0.0690961 0.375815
-0.0783923 -0.0465194 -0.0549887 0.260194 0.887431 0.0685717 0.374251
-0.0783755 -0.0471696 -0.0557016 0.259844 0.887969 0.0681231 0.373297
-0.0783048 -0.0478273  -0.056508 0.25928 0.888405 0.0675707 0.372753
-0.0781681 -0.0484952 -0.0574046 0.25897 0.888752 0.0664777 0.372337
-0.0779743  -0.049111 -0.0583717 0.258291 0.889168 0.0659735 0.371906
-0.0777441  -0.049724 -0.0593948 0.257363 0.889482 0.0658526 0.37182
-0.0774785 -0.0503444 -0.0604879 0.256354 0.889754 0.0657207 0.371888
-0.0771808 -0.0509741 -0.0616568 0.255565 0.889987 0.0654093 0.371929
-0.0768613 -0.0516009    -0.0629 0.254472 0.89022 0.0651998 0.372158
-0.0765388 -0.0522415  -0.064209 0.253186 0.89044 0.0650052 0.372543
-0.0762143 -0.0528628  -0.065564 0.251533 0.890784 0.0646691 0.372897
-0.0758923 -0.0534373 -0.0668682 0.249975 0.891099 0.0643894 0.373242
-0.0755801 -0.0539746  -0.068121 0.248594 0.891386 0.0641506 0.373519
 -0.075282 -0.0544736 -0.0693167 0.247367 0.891628 0.0640079 0.373782
 -0.074995 -0.0549329 -0.0704572 0.246391 0.891789 0.0639797 0.374047
-0.0747219 -0.0553474 -0.0715373 0.245406 0.891888 0.0639878 0.374455
-0.0744485 -0.0557174 -0.0725713 0.244517 0.892 0.0639435 0.374777
-0.0741825 -0.0560228 -0.0735516 0.24365 0.892079 0.0640758 0.375132
-0.0739186 -0.0562852 -0.0744865 0.242895 0.892172 0.0641185 0.375393
-0.0736764 -0.0565123 -0.0753711 0.242032 0.892216 0.0644028 0.375796
 -0.073471 -0.0567205 -0.0762038 0.24108 0.892314 0.0645972 0.376143
   -0.0733 -0.0569136 -0.0769745 0.240106 0.892436 0.0647694 0.376447
-0.0731453 -0.0570762 -0.0776782 0.239491 0.892575 0.0647603 0.376511
-0.0730032 -0.0572063 -0.0783114 0.238907 0.892733 0.0648779 0.376486
-0.0728778 -0.0573063 -0.0788697 0.238413 0.892857 0.0650299 0.376481
-0.0727758 -0.0573915 -0.0793559 0.237737 0.89295 0.0652895 0.376643
-0.0726891  -0.057452 -0.0797686 0.237302 0.89303 0.0653951 0.376707
-0.0726141  -0.057492 -0.0801079 0.236976 0.893118 0.0655019 0.376685
-0.0725689 -0.0575132 -0.0803601 0.236343 0.893216 0.0658154 0.376796
  -0.07255 -0.0575396 -0.0805269 0.235921 0.893293 0.0659475 0.376855
-0.0725453 -0.0575502 -0.0806078 0.235575 0.893352 0.0659968 0.376923
-0.0725453 -0.0575502 -0.0806078 0.235575 0.893352 0.0659968 0.376923
-0.0725453 -0.0575502 -0.0806078 0.235575 0.893352 0.0659968 0.376923
-0.0725453 -0.0575502 -0.0806078 0.235575 0.893352 0.0659968 0.376923
-0.0725453 -0.0575502 -0.0806078 0.235575 0.893352 0.0659968 0.376923
-0.0725453 -0.0575502 -0.0806078 0.235575 0.893352 0.0659968 0.376923
-0.0725453 -0.0575502 -0.0806078 0.235575 0.893352 0.0659968 0.376923
-0.0725453 -0.0575502 -0.0806078 0.235575 0.893352 0.0659968 0.376923
-0.0725453 -0.0575502 -0.0806078 0.235575 0.893352 0.0659968 0.376923
-0.0725453 -0.0575502 -0.0806078 0.235575 0.893352 0.0659968 0.376923
-0.0725453 -0.0575502 -0.0806078 0.235575 0.893352 0.0659968 0.376923
-0.0725453 -0.0575502 -0.0806078 0.235575 0.893352 0.0659968 0.376923
-0.0725453 -0.0575502 -0.0806078 0.235575 0.893352 0.0659968 0.376923
-0.0725453 -0.0575502 -0.0806078 0.235575 0.893352 0.0659968 0.376923
-0.0725453 -0.0575502 -0.0806078 0.235575 0.893352 0.0659968 0.376923
-0.0725453 -0.0575502 -0.0806078 0.235575 0.893352 0.0659968 0.376923
-0.0725453 -0.0575502 -0.0806078 0.235575 0.893352 0.0659968 0.376923
-0.0725453 -0.0575502 -0.0806078 0.235575 0.893352 0.0659968 0.376923
-0.0725453 -0.0575502 -0.0806078 0.235575 0.893352 0.0659968 0.376923
-0.0725453 -0.0575502 -0.0806078 0.235575 0.893352 0.0659968 0.376923
-0.0725453 -0.0575502 -0.0806078 0.235575 0.893352 0.0659968 0.376923
-0.0725453 -0.0575502 -0.0806078 0.235575 0.893352 0.0659968 0.376923
-0.0725453 -0.0575502 -0.0806078 0.235575 0.893352 0.0659968 0.376923
-0.0725453 -0.0575502 -0.0806078 0.235575 0.893352 0.0659968 0.376923
-0.0725453 -0.0575502 -0.0806078 0.235575 0.893352 0.0659968 0.376923
-0.0725453 -0.0575502 -0.0806078 0.235575 0.893352 0.0659968 0.376923
-0.0725453 -0.0575502 -0.0806078 0.235575 0.893352 0.0659968 0.376923
-0.0725453 -0.0575502 -0.0806078 0.235575 0.893352 0.0659968 0.376923
-0.0725453 -0.0575502 -0.0806078 0.235575 0.893352 0.0659968 0.376923
-0.0725453 -0.0575502 -0.0806078 0.235575 0.893352 0.0659968 0.376923
-0.0725453 -0.0575502 -0.0806078 0.235575 0.893352 0.0659968 0.376923
-0.0725453 -0.0575502 -0.0806078 0.235575 0.893352 0.0659968 0.376923
-0.0725453 -0.0575502 -0.0806078 0.235575 0.893352 0.0659968 0.376923
-0.0725453 -0.0575502 -0.0806078 0.235575 0.893352 0.0659968 0.376923
-0.0725453 -0.0575502 -0.0806078 0.235575 0.893352 0.0659968 0.376923
-0.0725453 -0.0575502 -0.0806078 0.235575 0.893352 0.0659968 0.376923
-0.0725453 -0.0575502 -0.0806078 0.235575 0.893352 0.0659968 0.376923
-0.0725453 -0.0575502 -0.0806078 0.235575 0.893352 0.0659968 0.376923
-0.0725453 -0.0575502 -0.0806078 0.235575 0.893352 0.0659968 0.376923
-0.0725453 -0.0575502 -0.0806078 0.235575 0.893352 0.0659968 0.376923
-0.0725453 -0.0575502 -0.0806078 0.235575 0.893352 0.0659968 0.376923
-0.0725453 -0.0575502 -0.0806078 0.235575 0.893352 0.0659968 0.376923
-0.0725453 -0.0575502 -0.0806078 0.235575 0.893352 0.0659968 0.376923
-0.0725453 -0.0575502 -0.0806078 0.235575 0.893352 0.0659968 0.376923
-0.0725453 -0.0575502 -0.0806078 0.235575 0.893352 0.0659968 0.376923
-0.0725453 -0.0575502 -0.0806078 0.235575 0.893352 0.0659968 0.376923
-0.0725453 -0.0575502 -0.0806078 0.235575 0.893352 0.0659968 0.376923
-0.0725453 -0.0575502 -0.0806078 0.235575 0.893352 0.0659968 0.376923
-0.0725453 -0.0575502 -0.0806078 0.235575 0.893352 0.0659968 0.376923
-0.0725453 -0.0575502 -0.0806078 0.235575 0.893352 0.0659968 0.376923
-0.0725453 -0.0575502 -0.0806078 0.235575 0.893352 0.0659968 0.376923
-0.0725453 -0.0575502 -0.0806078 0.235575 0.893352 0.0659968 0.376923
-0.0725453 -0.0575502 -0.0806078 0.235575 0.893352 0.0659968 0.376923
-0.0725453 -0.0575502 -0.0806078 0.235575 0.893352 0.0659968 0.376923
-0.0725453 -0.0575502 -0.0806078 0.235575 0.893352 0.0659968 0.376923
-0.0725453 -0.0575502 -0.0806078 0.235575 0.893352 0.0659968 0.376923
-0.0725453 -0.0575502 -0.0806078 0.235575 0.893352 0.0659968 0.376923
-0.0725453 -0.0575502 -0.0806078 0.235575 0.893352 0.0659968 0.376923
-0.0725453 -0.0575502 -0.0806078 0.235575 0.893352 0.0659968 0.376923
-0.0725453 -0.0575502 -0.0806078 0.235575 0.893352 0.0659968 0.376923
-0.0725453 -0.0575502 -0.0806078 0.235575 0.893352 0.0659968 0.376923
-0.0725453 -0.0575502 -0.0806078 0.235575 0.893352 0.0659968 0.376923
-0.0725453 -0.0575502 -0.0806078 0.235575 0.893352 0.0659968 0.376923
-0.0725453 -0.0575502 -0.0806078 0.235575 0.893352 0.0659968 0.376923
-0.0725453 -0.0575502 -0.0806078 0.235575 0.893352 0.0659968 0.376923
-0.0725453 -0.0575502 -0.0806078 0.235575 0.893352 0.0659968 0.376923
-0.0725453 -0.0575502 -0.0806078 0.235575 0.893352 0.0659968 0.376923
-0.0725453 -0.0575502 -0.0806078 0.235575 0.893352 0.0659968 0.376923
-0.0725453 -0.0575502 -0.0806078 0.235575 0.893352 0.0659968 0.376923
-0.0725453 -0.0575502 -0.0806078 0.235575 0.893352 0.0659968 0.376923
-0.0725453 -0.0575502 -0.0806078 0.235575 0.893352 0.0659968 0.376923
-0.0725453 -0.0575502 -0.0806078 0.235575 0.893352 0.0659968 0.376923
-0.0725453 -0.0575502 -0.0806078 0.235575 0.893352 0.0659968 0.376923
-0.0725453 -0.0575502 -0.0806078 0.235575 0.893352 0.0659968 0.376923
-0.0725453 -0.0575502 -0.0806078 0.235575 0.893352 0.0659968 0.376923
-0.0725453 -0.0575502 -0.0806078 0.235575 0.893352 0.0659968 0.376923
-0.0725453 -0.0575502 -0.0806078 0.235575 0.893352 0.0659968 0.376923
-0.0725453 -0.0575502 -0.0806078 0.235575 0.893352 0.0659968 0.376923
-0.0725453 -0.0575502 -0.0806078 0.235575 0.893352 0.0659968 0.376923
-0.0725453 -0.0575502 -0.0806078 0.235575 0.893352 0.0659968 0.376923
-0.0724988 -0.0575716 -0.0806501 0.234943 0.893897 0.0653754 0.376132
-0.0723603 -0.0576356 -0.0807762 0.233071 0.895508 0.0635236 0.373775
-0.0721759 -0.0577209 -0.0809443 0.230585 0.897629 0.0610545 0.370627
-0.0719454 -0.0578274 -0.0811542 0.227485 0.900241 0.0579675 0.366682
-0.0716689 -0.0579551  -0.081406 0.22377 0.903321 0.0542594 0.361931
-0.0713465 -0.0581042 -0.0816997 0.219439 0.906841 0.0499271 0.356362
 -0.070978 -0.0582744 -0.0820353 0.214486 0.910771 0.0449649 0.349957
-0.0705635 -0.0584659 -0.0824128 0.208905 0.915077 0.0393673 0.3427
-0.0701031 -0.0586787 -0.0828322 0.211873 0.913916 0.0400025 0.343899
-0.0695966 -0.0589127 -0.0832935 0.221266 0.908583 0.0452796 0.351381
-0.0690441  -0.059168 -0.0837966 0.231502 0.902547 0.0510209 0.359462
-0.0684456 -0.0594445 -0.0843418 0.242574 0.89575 0.0572229 0.368123
-0.0678011 -0.0597424 -0.0849288 0.254476 0.888131 0.0638816 0.377339
-0.0671107 -0.0600614 -0.0855576 0.267192 0.879624 0.0709897 0.387081
-0.0663742 -0.0604017 -0.0862284 0.280704 0.870161 0.0785377 0.397313
-0.0655917 -0.0607633 -0.0869411 0.294983 0.859676 0.0865107 0.407993
-0.0647632 -0.0611461 -0.0876957 0.309991 0.848105 0.0948892 0.41907
-0.0638888 -0.0615502 -0.0884921 0.325679 0.835389 0.103648 0.430483
-0.0629683 -0.0619755 -0.0893305 0.341985 0.821478 0.112753 0.442163
-0.0620018 -0.0624221 -0.0902108 0.358831 0.806333 0.122163 0.45403
-0.0609893 -0.0628899 -0.0911329 0.376128 0.789936 0.131829 0.465994
-0.0599773 -0.0633575 -0.0920547 0.393168 0.772942 0.14131 0.477504
-0.0590113 -0.0638039 -0.0929345 0.409329 0.756069 0.150212 0.488105
-0.0580453 -0.0642502 -0.0938143 0.425262 0.738645 0.158942 0.498289
-0.0570792 -0.0646966 -0.0946942 0.440957 0.720686 0.167494 0.508049
-0.0561132  -0.065143  -0.095574 0.456402 0.702205 0.175861 0.517376
-0.0551472 -0.0655894 -0.0964539 0.471587 0.683215 0.184036 0.526264
-0.0541812 -0.0660357 -0.0973337 0.486499 0.663731 0.192013 0.534706
-0.0532152 -0.0664821 -0.0982136 0.50113 0.643769 0.199785 0.542694
-0.0522492 -0.0669285 -0.0990934 0.515467 0.623343 0.207346 0.550223
-0.0512831 -0.0673749 -0.0999732 0.529501 0.602468 0.214691 0.557286
