-0.635008 -0.23874 0.37268 
0.383931 -0.482541 0.439068 
-0.631796 -0.240661 0.373334 
0.384895 -0.487681 0.443334 
-0.633464 -0.240115 0.374183 
0.385109 -0.488785 0.443684 
-0.63444 -0.240203 0.374433 
0.384741 -0.488901 0.444681 
-0.634957 -0.240681 0.374022 
0.384496 -0.488886 0.444416 
-0.634638 -0.240982 0.373718 
0.384395 -0.489008 0.444316 
-0.632582 -0.240077 0.374341 
0.384775 -0.490187 0.443562 
-0.629459 -0.238936 0.375305 
0.385055 -0.490852 0.44337 
-0.625529 -0.237274 0.376531 
0.385492 -0.491824 0.443108 
-0.621963 -0.235712 0.377988 
0.386021 -0.492347 0.443813 
-0.619561 -0.234975 0.378757 
0.386218 -0.493241 0.442663 
-0.617726 -0.234073 0.379262 
0.386395 -0.494265 0.44246 
-0.616032 -0.233551 0.379893 
0.386153 -0.494438 0.441297 
-0.61426 -0.232912 0.380433 
0.385982 -0.495118 0.440565 
-0.612448 -0.231955 0.380734 
0.386043 -0.495916 0.441627 
-0.609919 -0.231078 0.38183 
0.386249 -0.497197 0.441429 
-0.607148 -0.229825 0.382243 
0.386398 -0.498678 0.441313 
-0.604307 -0.228353 0.382808 
0.386597 -0.499705 0.44129 
-0.602007 -0.227494 0.383315 
0.386524 -0.500466 0.441057 
-0.600246 -0.226694 0.383609 
0.385828 -0.500745 0.440437 
-0.599761 -0.225743 0.383067 
0.385132 -0.50116 0.43908 
-0.600503 -0.22561 0.38228 
0.384344 -0.501201 0.44042 
-0.45805 -0.16486 0.48415 
0.384609 -0.501117 0.440097 
-0.472617 -0.170861 0.473316 
0.3741 -0.488515 0.418042 
-0.472617 -0.170861 0.473316 
0.373867 -0.48786 0.417265 
-0.472617 -0.170861 0.473316 
0.374417 -0.486464 0.417678 
-0.472617 -0.170861 0.473316 
0.376817 -0.487482 0.421968 
-0.472617 -0.170861 0.473316 
0.380246 -0.487946 0.428452 
-0.472617 -0.170861 0.473316 
0.384147 -0.487391 0.432747 
-0.472617 -0.170861 0.473316 
0.388344 -0.486866 0.435174 
-0.472617 -0.170861 0.473316 
0.392835 -0.486443 0.438219 
-0.472617 -0.170861 0.473316 
0.39735 -0.486071 0.44146 
-0.472617 -0.170861 0.473316 
0.402144 -0.486059 0.446614 
-0.472617 -0.170861 0.473316 
0.406885 -0.486431 0.449051 
-0.472617 -0.170861 0.473316 
0.412035 -0.485073 0.452726 
-0.472617 -0.170861 0.473316 
0.416723 -0.484879 0.454392 
-0.472617 -0.170861 0.473316 
0.421474 -0.483762 0.457268 
-0.472617 -0.170861 0.473316 
0.425712 -0.483793 0.460679 
-0.472617 -0.170861 0.473316 
0.427917 -0.484464 0.46026 
-0.472617 -0.170861 0.473316 
0.428848 -0.484245 0.460433 
-0.472617 -0.170861 0.473316 
0.429134 -0.484352 0.459858 
-0.472617 -0.170861 0.473316 
0.42873 -0.484909 0.458331 
-0.472617 -0.170861 0.473316 
0.428397 -0.48536 0.458742 
-0.472617 -0.170861 0.473316 
0.427657 -0.485944 0.458705 
-0.472617 -0.170861 0.473316 
0.42674 -0.485493 0.457859 
-0.472617 -0.170861 0.473316 
0.426661 -0.48535 0.457737 
-0.599985 -0.226451 0.385355 
0.440698 -0.488624 0.476862 
-0.599985 -0.226451 0.385355 
0.438405 -0.482699 0.474941 
-0.599986 -0.226451 0.385352 
0.438282 -0.481614 0.475224 
-0.599985 -0.226444 0.385337 
0.438397 -0.481895 0.475439 
-0.599987 -0.226448 0.385339 
0.438087 -0.481899 0.475713 
-0.599988 -0.226443 0.385316 
0.437644 -0.482235 0.475112 
-0.59999 -0.226439 0.385291 
0.436949 -0.482144 0.47479 
-0.599991 -0.226443 0.385288 
0.436177 -0.48221 0.475646 
-0.599985 -0.226448 0.38532 
0.434802 -0.482132 0.475913 
-0.599962 -0.226421 0.385332 
0.432545 -0.481885 0.475667 
-0.599934 -0.226395 0.385365 
0.429431 -0.481635 0.473714 
-0.599895 -0.22633 0.385344 
0.427293 -0.482352 0.4726 
-0.599868 -0.226303 0.385369 
0.426003 -0.483095 0.473194 
-0.599861 -0.22631 0.385415 
0.423803 -0.483606 0.472513 
-0.59986 -0.226314 0.38542 
0.421488 -0.4844 0.47216 
-0.599858 -0.226333 0.385469 
0.419334 -0.484169 0.472226 
-0.599857 -0.226328 0.385458 
0.417313 -0.48447 0.471543 
-0.599854 -0.226336 0.385492 
0.415716 -0.485625 0.471484 
-0.59985 -0.226344 0.385534 
0.414056 -0.485851 0.471403 
-0.599847 -0.22635 0.385564 
0.412629 -0.486116 0.471359 
-0.599842 -0.226357 0.385607 
0.411241 -0.486493 0.471113 
-0.599849 -0.226369 0.385611 
0.410057 -0.486684 0.469496 
-0.599869 -0.226407 0.385633 
0.410375 -0.487349 0.469302 
-0.5999 -0.226457 0.385638 
0.411097 -0.487207 0.470321 
-0.599938 -0.226525 0.385679 
0.411716 -0.48745 0.471059 
-0.599954 -0.226551 0.385685 
0.411765 -0.487661 0.470768 
-0.599939 -0.226517 0.385689 
0.411213 -0.488101 0.469648 
-0.599906 -0.226461 0.385762 
0.411102 -0.488546 0.469696 
-0.599883 -0.22642 0.385808 
0.411385 -0.488899 0.47024 
-0.599869 -0.226406 0.38586 
0.411263 -0.489983 0.469776 
-0.599945 -0.2263 0.384877 
0.411222 -0.49031 0.469885 
-0.599945 -0.2263 0.384877 
0.411612 -0.490336 0.470566 
-0.600964 -0.225944 0.384299 
0.411659 -0.490035 0.470721 
-0.603656 -0.22531 0.382109 
0.411404 -0.490213 0.470138 
-0.606218 -0.225204 0.380676 
0.411677 -0.490521 0.470607 
-0.60854 -0.225022 0.379772 
0.411697 -0.490736 0.470623 
-0.610058 -0.225213 0.379393 
0.411449 -0.490821 0.470121 
-0.611842 -0.225294 0.378748 
0.411488 -0.491049 0.470087 
-0.613479 -0.225411 0.377959 
0.411565 -0.490272 0.470687 
-0.615416 -0.225418 0.376685 
0.411837 -0.490276 0.471145 
-0.61732 -0.2255 0.375409 
0.411882 -0.490912 0.470793 
-0.61908 -0.225342 0.374344 
0.411375 -0.490733 0.46947 
-0.620726 -0.225795 0.373278 
0.41105 -0.490182 0.468791 
-0.622048 -0.225871 0.372084 
0.41119 -0.490194 0.469409 
-0.621619 -0.225692 0.371313 
0.411416 -0.490638 0.46965 
-0.620166 -0.224789 0.370851 
0.411219 -0.490565 0.469173 
-0.618114 -0.223773 0.370836 
0.411406 -0.490455 0.469657 
-0.616105 -0.222992 0.371116 
0.411031 -0.490404 0.468762 
-0.613854 -0.221998 0.370937 
0.41135 -0.490473 0.469561 
-0.611102 -0.218489 0.369682 
0.411359 -0.490684 0.469404 
-0.60937 -0.21298 0.367469 
0.411508 -0.490826 0.469701 
-0.607981 -0.206876 0.365754 
0.41149 -0.4906 0.469648 
-0.607085 -0.200894 0.363808 
0.411537 -0.490376 0.470106 
-0.606196 -0.194966 0.362057 
0.41145 -0.490039 0.470255 
-0.605097 -0.18933 0.36047 
0.41151 -0.489981 0.470587 
-0.604573 -0.184029 0.358247 
0.411503 -0.490009 0.470575 
-0.604437 -0.179375 0.356111 
0.411607 -0.490482 0.470518 
-0.604145 -0.17534 0.354484 
0.411654 -0.490851 0.470506 
-0.603785 -0.173257 0.352844 
0.411636 -0.490882 0.470422 
-0.603216 -0.171483 0.351819 
0.411522 -0.490342 0.470347 
-0.602595 -0.170147 0.350198 
0.4117 -0.49068 0.470356 
-0.601915 -0.169049 0.348618 
0.411637 -0.490813 0.470052 
-0.601155 -0.172098 0.349056 
0.411778 -0.491269 0.470004 
-0.60004 -0.176288 0.350073 
0.411709 -0.491897 0.469342 
-0.598288 -0.18126 0.350847 
0.411766 -0.492295 0.468767 
-0.596179 -0.186121 0.352129 
0.412032 -0.492588 0.469286 
-0.594177 -0.19079 0.353642 
0.412283 -0.492808 0.470043 
-0.592573 -0.19544 0.354801 
0.412332 -0.493352 0.470492 
-0.590703 -0.199962 0.356433 
0.412074 -0.49334 0.470034 
-0.589346 -0.204529 0.357246 
0.411874 -0.493357 0.470098 
-0.588416 -0.207871 0.357745 
0.412394 -0.493191 0.471313 
-0.587955 -0.21089 0.357833 
0.413108 -0.493246 0.472765 
-0.587388 -0.214315 0.35918 
0.413228 -0.493468 0.472598 
-0.586964 -0.218684 0.359757 
0.413324 -0.493503 0.472554 
-0.586671 -0.223638 0.36039 
0.413588 -0.493881 0.472458 
-0.586077 -0.231117 0.360637 
0.414222 -0.494403 0.472019 
-0.586412 -0.230527 0.360499 
0.416111 -0.50093 0.471339 
-0.58654 -0.235349 0.360429 
0.417058 -0.502451 0.472104 
-0.585921 -0.240239 0.360971 
0.417403 -0.502749 0.471968 
-0.585541 -0.244631 0.361125 
0.418392 -0.502622 0.473254 
-0.585603 -0.251015 0.36078 
0.419543 -0.502745 0.473753 
-0.585811 -0.255659 0.360315 
0.419931 -0.502669 0.47345 
-0.585961 -0.261147 0.360488 
0.420144 -0.502627 0.47231 
-0.586193 -0.265094 0.360383 
0.420764 -0.502315 0.472414 
-0.586592 -0.268884 0.359764 
0.421646 -0.50213 0.473909 
-0.586978 -0.272111 0.358815 
0.422302 -0.502039 0.474647 
-0.586576 -0.273606 0.358766 
0.421733 -0.501989 0.474139 
-0.586275 -0.274625 0.358698 
0.421688 -0.502555 0.475214 
-0.585934 -0.27475 0.358186 
0.421054 -0.502496 0.475322 
-0.585203 -0.274584 0.358315 
0.420741 -0.503474 0.475469 
-0.584757 -0.274835 0.358346 
0.419758 -0.502825 0.476072 
-0.584953 -0.274741 0.357942 
0.416637 -0.503328 0.475965 
-0.585626 -0.274438 0.356933 
0.41152 -0.504661 0.475109 
-0.585948 -0.274305 0.35645 
0.407185 -0.505685 0.475016 
-0.585492 -0.274794 0.357212 
0.402903 -0.506372 0.473193 
-0.586415 -0.273785 0.359632 
0.399661 -0.507449 0.474418 
-0.588182 -0.271432 0.361917 
0.396428 -0.508161 0.474735 
-0.589905 -0.267992 0.36424 
0.393142 -0.508826 0.474897 
-0.634351 -0.232478 0.37483 
0.384442 -0.48663 0.443309 
-0.631479 -0.235075 0.375363 
0.38364 -0.479798 0.444654 
-0.63319 -0.234425 0.37626 
0.38332 -0.476131 0.444054 
-0.633882 -0.235031 0.376358 
0.382914 -0.474686 0.444679 
-0.634128 -0.235308 0.376161 
0.382642 -0.474446 0.443439 
-0.633792 -0.235244 0.375914 
0.382709 -0.475165 0.444057 
-0.632006 -0.234182 0.37642 
0.383121 -0.47658 0.443099 
-0.629025 -0.233106 0.377587 
0.383391 -0.477621 0.442703 
-0.6251 -0.231667 0.378887 
0.383841 -0.478416 0.44225 
-0.621829 -0.230522 0.379919 
0.384673 -0.481628 0.442527 
-0.619015 -0.229199 0.381151 
0.386 -0.487342 0.441609 
-0.617412 -0.228732 0.381706 
0.386394 -0.489423 0.441848 
-0.615849 -0.22797 0.382101 
0.386508 -0.490365 0.441729 
-0.613926 -0.227229 0.382596 
0.386584 -0.491587 0.440926 
-0.611962 -0.226536 0.383222 
0.386476 -0.492623 0.440829 
-0.60929 -0.225461 0.384099 
0.386513 -0.493704 0.440889 
-0.606804 -0.224271 0.384657 
0.386436 -0.494188 0.440165 
-0.60411 -0.223094 0.385444 
0.386262 -0.494594 0.438187 
-0.601892 -0.22208 0.385886 
0.3863 -0.49572 0.438158 
-0.600017 -0.221024 0.386258 
0.385732 -0.496208 0.438232 
-0.599514 -0.220485 0.38563 
0.38519 -0.496649 0.437747 
-0.60002 -0.220386 0.385226 
0.384566 -0.497587 0.43873 
-0.45805 -0.16486 0.48415 
0.384725 -0.497318 0.438474 
-0.486647 -0.175844 0.46374 
0.373717 -0.463784 0.406407 
-0.486647 -0.175844 0.46374 
0.372983 -0.463497 0.412064 
-0.486647 -0.175844 0.46374 
0.37345 -0.463191 0.412885 
-0.486647 -0.175844 0.46374 
0.375777 -0.462316 0.415934 
-0.486647 -0.175844 0.46374 
0.379028 -0.461896 0.420186 
-0.486647 -0.175844 0.46374 
0.382854 -0.461354 0.424178 
-0.486647 -0.175844 0.46374 
0.38689 -0.460959 0.427536 
-0.486647 -0.175844 0.46374 
0.391005 -0.461017 0.430514 
-0.486647 -0.175844 0.46374 
0.395541 -0.460517 0.43536 
-0.486647 -0.175844 0.46374 
0.400041 -0.459117 0.439217 
-0.486647 -0.175844 0.46374 
0.404535 -0.459251 0.439888 
-0.486647 -0.175844 0.46374 
0.409519 -0.459118 0.443089 
-0.486647 -0.175844 0.46374 
0.414315 -0.458274 0.446013 
-0.486647 -0.175844 0.46374 
0.419125 -0.4577 0.450264 
-0.486647 -0.175844 0.46374 
0.422906 -0.458523 0.4524 
-0.486647 -0.175844 0.46374 
0.425127 -0.458778 0.452536 
-0.486647 -0.175844 0.46374 
0.426562 -0.459271 0.452849 
-0.486647 -0.175844 0.46374 
0.425936 -0.456756 0.453057 
-0.486647 -0.175844 0.46374 
0.425747 -0.458087 0.451779 
-0.486647 -0.175844 0.46374 
0.425402 -0.458545 0.450756 
-0.486647 -0.175844 0.46374 
0.42467 -0.459164 0.449988 
-0.486647 -0.175844 0.46374 
0.42434 -0.460099 0.451249 
-0.486647 -0.175844 0.46374 
0.424319 -0.460166 0.451252 
-0.598893 -0.219664 0.387936 
0.441427 -0.482982 0.478283 
-0.598893 -0.219664 0.387936 
0.43924 -0.478369 0.47524 
-0.598893 -0.219663 0.387933 
0.438538 -0.477804 0.47412 
-0.598892 -0.219656 0.387918 
0.438927 -0.476735 0.475929 
-0.598894 -0.219661 0.38792 
0.438729 -0.476769 0.476021 
-0.598895 -0.219656 0.387896 
0.438239 -0.476886 0.475283 
-0.598897 -0.219653 0.387871 
0.437523 -0.477078 0.474874 
-0.598898 -0.219657 0.387868 
0.436371 -0.477532 0.47485 
-0.598892 -0.219661 0.3879 
0.434328 -0.477738 0.474035 
-0.598869 -0.219634 0.387912 
0.432439 -0.478232 0.473409 
-0.598842 -0.219606 0.387945 
0.430802 -0.478118 0.474988 
-0.598804 -0.219541 0.387923 
0.428015 -0.477878 0.472942 
-0.598777 -0.219514 0.387948 
0.426227 -0.477562 0.47278 
-0.59877 -0.21952 0.387995 
0.424163 -0.478322 0.472846 
-0.59877 -0.219523 0.387999 
0.421971 -0.479213 0.471741 
-0.598768 -0.219541 0.388049 
0.420702 -0.48013 0.471434 
-0.598767 -0.219537 0.388037 
0.418882 -0.480376 0.471963 
-0.598765 -0.219545 0.388072 
0.416469 -0.481084 0.471189 
-0.598761 -0.219551 0.388114 
0.414274 -0.481615 0.470342 
-0.598759 -0.219556 0.388145 
0.413094 -0.48212 0.470871 
-0.598754 -0.219563 0.388187 
0.411941 -0.482207 0.469613 
-0.598761 -0.219575 0.388191 
0.41188 -0.482823 0.469849 
-0.598781 -0.219613 0.388214 
0.411752 -0.482749 0.46939 
-0.598811 -0.219663 0.38822 
0.411863 -0.482926 0.469633 
-0.598848 -0.219731 0.388261 
0.412576 -0.483243 0.471276 
-0.598864 -0.219757 0.388268 
0.412152 -0.483004 0.470191 
-0.598849 -0.219722 0.388271 
0.412311 -0.483791 0.470155 
-0.598818 -0.219665 0.388343 
0.412323 -0.484642 0.470028 
-0.598797 -0.219622 0.388389 
0.411825 -0.485093 0.468544 
-0.598783 -0.219607 0.388442 
0.411837 -0.485822 0.468841 
-0.599684 -0.220887 0.386434 
0.411086 -0.485895 0.467639 
-0.599684 -0.220887 0.386434 
0.4114 -0.486119 0.468678 
-0.601696 -0.220313 0.384543 
0.411556 -0.485388 0.469608 
-0.603479 -0.219894 0.383386 
0.411499 -0.485301 0.469475 
-0.605199 -0.219971 0.382837 
0.411296 -0.484637 0.469342 
-0.60729 -0.219879 0.382078 
0.410913 -0.484687 0.468318 
-0.609284 -0.219862 0.381299 
0.411173 -0.484569 0.46922 
-0.611054 -0.219851 0.380679 
0.411118 -0.484783 0.468927 
-0.612728 -0.219979 0.379753 
0.411533 -0.485214 0.46963 
-0.614482 -0.220003 0.378616 
0.411419 -0.485352 0.469334 
-0.616318 -0.220291 0.377262 
0.411246 -0.485099 0.468825 
-0.618134 -0.220477 0.375947 
0.411141 -0.485354 0.467955 
-0.619721 -0.220767 0.37492 
0.411256 -0.48521 0.468481 
-0.62123 -0.220505 0.373582 
0.411284 -0.485123 0.468618 
-0.620831 -0.220199 0.372845 
0.411241 -0.485381 0.468366 
-0.619495 -0.219533 0.372686 
0.411191 -0.485356 0.4683 
-0.617355 -0.218393 0.372608 
0.411312 -0.485583 0.468435 
-0.615271 -0.217518 0.372668 
0.411426 -0.485869 0.46831 
-0.613139 -0.216683 0.372559 
0.411219 -0.486032 0.467776 
-0.610327 -0.212868 0.371492 
0.411205 -0.48615 0.46773 
-0.608227 -0.20738 0.369693 
0.411362 -0.485865 0.468433 
-0.6068 -0.201716 0.368046 
0.411464 -0.485577 0.468965 
-0.606186 -0.195628 0.366126 
0.411355 -0.485068 0.469039 
-0.605305 -0.189789 0.363999 
0.411184 -0.484702 0.468956 
-0.604283 -0.184036 0.362087 
0.411287 -0.484631 0.46935 
-0.603527 -0.178692 0.359792 
0.411107 -0.485086 0.468561 
-0.603491 -0.174042 0.357363 
0.411037 -0.48513 0.468158 
-0.603659 -0.170153 0.355786 
0.411163 -0.485032 0.468759 
-0.602883 -0.168318 0.354828 
0.411137 -0.485162 0.468427 
-0.602092 -0.166397 0.35352 
0.411209 -0.484862 0.468884 
-0.601341 -0.165145 0.352286 
0.411177 -0.484959 0.468666 
-0.600746 -0.163535 0.350939 
0.411087 -0.484914 0.468358 
-0.600316 -0.166532 0.351049 
0.41146 -0.485573 0.468778 
-0.599188 -0.170825 0.351788 
0.411416 -0.48697 0.467643 
-0.597251 -0.175894 0.35284 
0.411774 -0.486738 0.468365 
-0.595137 -0.180824 0.354187 
0.412054 -0.48721 0.468606 
-0.593476 -0.185252 0.355279 
0.411681 -0.487838 0.467677 
-0.591671 -0.190177 0.356618 
0.411355 -0.487182 0.467762 
-0.59001 -0.194635 0.357902 
0.411807 -0.487966 0.468557 
-0.588614 -0.199047 0.358988 
0.411955 -0.487807 0.469278 
-0.587628 -0.202739 0.359655 
0.411956 -0.488124 0.469116 
-0.586998 -0.205624 0.36014 
0.412513 -0.488599 0.470113 
-0.586396 -0.209096 0.36145 
0.412744 -0.488141 0.470681 
-0.585946 -0.213286 0.362123 
0.413124 -0.488452 0.471136 
-0.585864 -0.217744 0.362288 
0.413155 -0.488569 0.470767 
-0.585922 -0.226578 0.362056 
0.413755 -0.488178 0.472328 
-0.58636 -0.225855 0.361818 
0.415759 -0.495546 0.471559 
-0.586439 -0.231239 0.361837 
0.416838 -0.496871 0.472371 
-0.58581 -0.23641 0.362626 
0.417873 -0.497339 0.473403 
-0.585826 -0.242199 0.362329 
0.417769 -0.49714 0.472097 
-0.585783 -0.247328 0.36249 
0.418376 -0.496879 0.471814 
-0.585629 -0.25148 0.362444 
0.419584 -0.496673 0.473824 
-0.58567 -0.255455 0.362273 
0.420376 -0.496532 0.474425 
-0.586045 -0.260797 0.362202 
0.420987 -0.496412 0.474157 
-0.586311 -0.264726 0.362023 
0.420775 -0.496831 0.472558 
-0.58659 -0.267881 0.361162 
0.420552 -0.495911 0.471626 
-0.586417 -0.269496 0.361161 
0.420655 -0.496115 0.472482 
-0.585997 -0.270438 0.361126 
0.420522 -0.496081 0.473538 
-0.585619 -0.270756 0.360735 
0.420223 -0.496512 0.474206 
-0.584796 -0.270512 0.360977 
0.420135 -0.496679 0.475646 
-0.584454 -0.269869 0.360488 
0.419485 -0.496819 0.476276 
-0.584629 -0.269602 0.359868 
0.416166 -0.498128 0.476211 
-0.585087 -0.269491 0.359453 
0.411874 -0.499501 0.475976 
-0.584988 -0.269805 0.359756 
0.407249 -0.500028 0.474712 
-0.58504 -0.269783 0.359676 
0.403248 -0.500453 0.474375 
-0.586051 -0.269016 0.361891 
0.39947 -0.501425 0.475695 
-0.587687 -0.266458 0.364167 
0.395536 -0.502007 0.475468 
-0.589433 -0.263351 0.366425 
0.392253 -0.5028 0.474908 
-0.631429 -0.22183 0.380642 
0.384768 -0.473158 0.440045 
-0.629488 -0.223818 0.381342 
0.384348 -0.466548 0.441912 
-0.630797 -0.223314 0.382104 
0.384248 -0.463017 0.440125 
-0.631197 -0.224077 0.382157 
0.383578 -0.460602 0.438313 
-0.631404 -0.224943 0.381805 
0.383605 -0.461113 0.43894 
-0.631147 -0.224836 0.381385 
0.383614 -0.46124 0.438943 
-0.629378 -0.223792 0.382023 
0.383907 -0.462304 0.438571 
-0.626363 -0.222782 0.383278 
0.384154 -0.463387 0.437787 
-0.622296 -0.220715 0.38461 
0.38458 -0.464265 0.437127 
-0.61892 -0.219132 0.386 
0.385123 -0.464887 0.437653 
-0.616539 -0.218332 0.386854 
0.385404 -0.465896 0.437333 
-0.614587 -0.217596 0.387472 
0.385515 -0.466607 0.43698 
-0.613126 -0.216867 0.388008 
0.385538 -0.467323 0.436101 
-0.611534 -0.216203 0.388672 
0.385389 -0.468255 0.435637 
-0.609709 -0.215578 0.389194 
0.385445 -0.468241 0.435995 
-0.60728 -0.214663 0.390154 
0.385304 -0.469245 0.435764 
-0.604305 -0.213539 0.391037 
0.38534 -0.470351 0.435421 
-0.601775 -0.212373 0.391801 
0.385462 -0.471765 0.434884 
-0.599507 -0.21115 0.392017 
0.386612 -0.479164 0.433029 
-0.598362 -0.210681 0.392049 
0.386584 -0.482282 0.434202 
-0.597681 -0.210025 0.391657 
0.386076 -0.483282 0.435253 
-0.597672 -0.209833 0.391169 
0.385411 -0.484344 0.435701 
-0.45805 -0.16486 0.48415 
0.385563 -0.484039 0.435545 
-0.472024 -0.169037 0.473488 
0.398668 -0.437253 0.392968 
-0.472024 -0.169037 0.473488 
0.396927 -0.44389 0.396659 
-0.472024 -0.169037 0.473488 
0.397594 -0.444179 0.399363 
-0.472024 -0.169037 0.473488 
0.399762 -0.442827 0.403283 
-0.472024 -0.169037 0.473488 
0.403391 -0.439004 0.404057 
-0.472024 -0.169037 0.473488 
0.406516 -0.440671 0.408174 
-0.472024 -0.169037 0.473488 
0.409771 -0.441227 0.413895 
-0.472024 -0.169037 0.473488 
0.41389 -0.440292 0.418847 
-0.472024 -0.169037 0.473488 
0.417805 -0.440108 0.4239 
-0.472024 -0.169037 0.473488 
0.421847 -0.439107 0.42667 
-0.472024 -0.169037 0.473488 
0.426105 -0.44249 0.431787 
-0.472024 -0.169037 0.473488 
0.430695 -0.443723 0.436532 
-0.472024 -0.169037 0.473488 
0.435785 -0.440505 0.439094 
-0.472024 -0.169037 0.473488 
0.440134 -0.439504 0.442112 
-0.472024 -0.169037 0.473488 
0.443578 -0.439281 0.443265 
-0.472024 -0.169037 0.473488 
0.44596 -0.439039 0.444161 
-0.472024 -0.169037 0.473488 
0.446796 -0.439848 0.444815 
-0.472024 -0.169037 0.473488 
0.447313 -0.4405 0.445782 
-0.472024 -0.169037 0.473488 
0.446851 -0.439211 0.442958 
-0.472024 -0.169037 0.473488 
0.446448 -0.44059 0.443441 
-0.472024 -0.169037 0.473488 
0.445744 -0.440738 0.442035 
-0.472024 -0.169037 0.473488 
0.445432 -0.440014 0.443223 
-0.472024 -0.169037 0.473488 
0.445308 -0.440964 0.443725 
-0.573067 -0.192412 0.393044 
0.470501 -0.482418 0.480234 
