-0.597268 -0.255126 0.407261 
0 0 0 
-0.597268 -0.255126 0.407261 
386.889 -491.714 441.548 
-0.597268 -0.255126 0.407261 
386.889 -491.714 441.548 
-0.597268 -0.255126 0.407261 
386.889 -491.714 441.548 
-0.597268 -0.255126 0.407261 
386.889 -491.714 441.548 
-0.597268 -0.255126 0.407261 
386.889 -491.714 441.548 
-0.597268 -0.255126 0.407261 
386.889 -491.714 441.548 
-0.597268 -0.255126 0.407261 
386.889 -491.714 441.548 
-0.597268 -0.255126 0.407261 
386.889 -491.714 441.548 
-0.597268 -0.255126 0.407261 
386.889 -491.714 441.548 
-0.597268 -0.255126 0.407261 
386.889 -491.714 441.548 
-0.597268 -0.255126 0.407261 
386.889 -491.714 441.548 
-0.597268 -0.255126 0.407261 
386.889 -491.714 441.548 
-0.597268 -0.255126 0.407261 
386.889 -491.714 441.548 
-0.597268 -0.255126 0.407261 
386.889 -491.714 441.548 
-0.597268 -0.255126 0.407261 
386.889 -491.714 441.548 
-0.597268 -0.255126 0.407261 
386.889 -491.714 441.548 
-0.597268 -0.255126 0.407261 
386.889 -491.714 441.548 
-0.597268 -0.255126 0.407261 
386.889 -491.714 441.548 
-0.597268 -0.255126 0.407261 
386.889 -491.714 441.548 
-0.597268 -0.255126 0.407261 
386.889 -491.714 441.548 
-0.597268 -0.255126 0.407261 
386.889 -491.714 441.548 
-0.597268 -0.255126 0.407261 
386.889 -491.714 441.548 
-0.597268 -0.255126 0.407261 
386.889 -491.714 441.548 
-0.597268 -0.255126 0.407261 
386.889 -491.714 441.548 
-0.597268 -0.255126 0.407261 
386.889 -491.714 441.548 
-0.597268 -0.255126 0.407261 
386.889 -491.714 441.548 
-0.597268 -0.255126 0.407261 
386.889 -491.714 441.548 
-0.597268 -0.255126 0.407261 
386.889 -491.714 441.548 
-0.597268 -0.255126 0.407261 
386.889 -491.714 441.548 
-0.597268 -0.255126 0.407261 
386.889 -491.714 441.548 
-0.597268 -0.255126 0.407261 
386.889 -491.714 441.548 
-0.597268 -0.255126 0.407261 
386.889 -491.714 441.548 
-0.597268 -0.255126 0.407261 
386.889 -491.714 441.548 
-0.597268 -0.255126 0.407261 
386.889 -491.714 441.548 
-0.597268 -0.255126 0.407261 
386.889 -491.714 441.548 
-0.597268 -0.255126 0.407261 
386.889 -491.714 441.548 
-0.597268 -0.255126 0.407261 
386.889 -491.714 441.548 
-0.597268 -0.255126 0.407261 
386.889 -491.714 441.548 
-0.597268 -0.255126 0.407261 
386.889 -491.714 441.548 
-0.597268 -0.255126 0.407261 
386.889 -491.714 441.548 
-0.597268 -0.255126 0.407261 
386.889 -491.714 441.548 
-0.597268 -0.255126 0.407261 
386.889 -491.714 441.548 
-0.597268 -0.255126 0.407261 
386.889 -491.714 441.548 
-0.597268 -0.255126 0.407261 
386.889 -491.714 441.548 
-0.597268 -0.255126 0.407261 
386.889 -491.714 441.548 
-0.597268 -0.255126 0.407261 
386.889 -491.714 441.548 
-0.597268 -0.255126 0.407261 
386.889 -491.714 441.548 
-0.597268 -0.255126 0.407261 
386.889 -491.714 441.548 
-0.597268 -0.255126 0.407261 
386.889 -491.714 441.548 
-0.597268 -0.255126 0.407261 
386.889 -491.714 441.548 
-0.597268 -0.255126 0.407261 
386.889 -491.714 441.548 
-0.597268 -0.255126 0.407261 
386.889 -491.714 441.548 
-0.597268 -0.255126 0.407261 
386.889 -491.714 441.548 
-0.597268 -0.255126 0.407261 
386.889 -491.714 441.548 
-0.597268 -0.255126 0.407261 
386.889 -491.714 441.548 
-0.597268 -0.255126 0.407261 
386.889 -491.714 441.548 
-0.597268 -0.255126 0.407261 
386.889 -491.714 441.548 
-0.597268 -0.255126 0.407261 
0 0 0 
