-0.637693 -0.241966 0.373864 
0.381053 -0.482251 0.439379 
-0.636693 -0.242577 0.374768 
0.381156 -0.486549 0.442259 
-0.637203 -0.242978 0.375223 
0.381325 -0.487532 0.441986 
-0.637449 -0.243717 0.37553 
0.38148 -0.48782 0.443834 
-0.637668 -0.244552 0.375173 
0.381259 -0.487493 0.44454 
-0.637365 -0.24403 0.374967 
0.381521 -0.48814 0.445504 
-0.635534 -0.24323 0.375543 
0.381842 -0.489784 0.443927 
-0.632607 -0.24221 0.376622 
0.382184 -0.490596 0.444531 
-0.628188 -0.240854 0.377924 
0.382717 -0.491586 0.444309 
-0.624889 -0.239438 0.378886 
0.383166 -0.492756 0.443661 
-0.622561 -0.238498 0.379674 
0.38321 -0.493218 0.442057 
-0.620373 -0.237439 0.380411 
0.383311 -0.494271 0.441104 
-0.618826 -0.236824 0.380851 
0.383276 -0.494798 0.441255 
-0.617044 -0.235968 0.381259 
0.383148 -0.495157 0.44171 
-0.614997 -0.235543 0.381845 
0.383033 -0.495823 0.441169 
-0.612229 -0.234581 0.382612 
0.383016 -0.497414 0.439815 
-0.609146 -0.23307 0.383463 
0.383051 -0.498411 0.439703 
-0.606943 -0.232005 0.384043 
0.383143 -0.49881 0.440308 
-0.604728 -0.230896 0.384464 
0.383103 -0.49936 0.440307 
-0.603204 -0.230128 0.384524 
0.382551 -0.499295 0.440433 
-0.602281 -0.229377 0.384405 
0.381916 -0.499854 0.440713 
-0.602517 -0.229203 0.384055 
0.381219 -0.501086 0.440877 
