-0.597268 -0.255126 0.407261 
0.38673 -0.491463 0.441339 
-0.597268 -0.255126 0.407261 
0.38673 -0.491463 0.441339 
-0.597268 -0.255126 0.407261 
0.38673 -0.491463 0.441339 
-0.597268 -0.255126 0.407261 
0.387417 -0.490955 0.441201 
-0.597268 -0.255126 0.407261 
0.389002 -0.490917 0.442605 
-0.597268 -0.255126 0.407261 
0.389873 -0.490877 0.441572 
-0.597268 -0.255126 0.407261 
0.390508 -0.490985 0.441354 
-0.597268 -0.255126 0.407261 
0.391187 -0.4914 0.442164 
-0.597268 -0.255126 0.407261 
0.391995 -0.49153 0.443086 
-0.597268 -0.255126 0.407261 
0.392877 -0.491525 0.443053 
-0.597268 -0.255126 0.407261 
0.393848 -0.491668 0.442905 
-0.597268 -0.255126 0.407261 
0.395151 -0.491838 0.443444 
-0.597268 -0.255126 0.407261 
0.396529 -0.491958 0.444029 
-0.597268 -0.255126 0.407261 
0.398974 -0.492197 0.444636 
-0.597268 -0.255126 0.407261 
0.401371 -0.492548 0.445227 
-0.597268 -0.255126 0.407261 
0.403691 -0.492859 0.445484 
-0.597268 -0.255126 0.407261 
0.406226 -0.49315 0.446189 
-0.597268 -0.255126 0.407261 
0.408869 -0.493394 0.446323 
-0.597268 -0.255126 0.407261 
0.411539 -0.4936 0.446063 
-0.597268 -0.255126 0.407261 
0.414333 -0.493848 0.445937 
-0.597268 -0.255126 0.407261 
0.417118 -0.49403 0.446244 
-0.597268 -0.255126 0.407261 
0.419839 -0.494093 0.445788 
-0.597268 -0.255126 0.407261 
0.42244 -0.494192 0.445309 
-0.597268 -0.255126 0.407261 
0.425024 -0.494356 0.445074 
-0.597268 -0.255126 0.407261 
0.427597 -0.494593 0.445186 
-0.597268 -0.255126 0.407261 
0.430114 -0.494741 0.445014 
-0.597268 -0.255126 0.407261 
0.432556 -0.494945 0.444728 
-0.597268 -0.255126 0.407261 
0.43499 -0.495223 0.44494 
-0.597268 -0.255126 0.407261 
0.437293 -0.495406 0.445094 
-0.597268 -0.255126 0.407261 
0.439517 -0.495644 0.445051 
-0.597268 -0.255126 0.407261 
0.441553 -0.495928 0.444934 
-0.597268 -0.255126 0.407261 
0.443482 -0.496166 0.445015 
-0.597268 -0.255126 0.407261 
0.445273 -0.496493 0.445869 
-0.597268 -0.255126 0.407261 
0.446699 -0.496764 0.44582 
-0.597268 -0.255126 0.407261 
0.447818 -0.496916 0.445427 
-0.597268 -0.255126 0.407261 
0.448689 -0.497062 0.445367 
-0.597268 -0.255126 0.407261 
0.448686 -0.49706 0.445364 
-0.597268 -0.255126 0.407261 
0.44869 -0.497065 0.445362 
-0.597268 -0.255126 0.407261 
0.448689 -0.497064 0.445363 
-0.597268 -0.255126 0.407261 
0.448685 -0.497058 0.445367 
-0.597268 -0.255126 0.407261 
0.448686 -0.497059 0.445367 
-0.597268 -0.255126 0.407261 
0.448682 -0.497055 0.445367 
-0.597268 -0.255126 0.407261 
0.448687 -0.497057 0.445378 
-0.597268 -0.255126 0.407261 
0.448681 -0.497049 0.445385 
-0.597268 -0.255126 0.407261 
0.44868 -0.49705 0.445382 
-0.597268 -0.255126 0.407261 
0.448677 -0.497047 0.445381 
-0.597268 -0.255126 0.407261 
0.448673 -0.497042 0.445382 
-0.597268 -0.255126 0.407261 
0.44867 -0.497038 0.445386 
-0.597268 -0.255126 0.407261 
0.448666 -0.497035 0.445381 
-0.597268 -0.255126 0.407261 
0.448817 -0.497151 0.4455 
-0.597268 -0.255126 0.407261 
0.448817 -0.497151 0.4455 
-0.597268 -0.255126 0.407261 
0.448817 -0.497151 0.4455 
-0.597268 -0.255126 0.407261 
0.448817 -0.497151 0.4455 
-0.597268 -0.255126 0.407261 
0.448817 -0.497151 0.4455 
-0.597268 -0.255126 0.407261 
0.448817 -0.497151 0.4455 
-0.597268 -0.255126 0.407261 
0.448817 -0.497151 0.4455 
-0.597268 -0.255126 0.407261 
0.448817 -0.497151 0.4455 
-0.597268 -0.255126 0.407261 
0.448817 -0.497151 0.4455 
-0.597268 -0.255126 0.407261 
0.448817 -0.497151 0.4455 
-0.597268 -0.255126 0.407261 
0.448817 -0.497151 0.4455 
-0.597268 -0.255126 0.407261 
0.448817 -0.497151 0.4455 
-0.597268 -0.255126 0.407261 
0.448817 -0.497151 0.4455 
-0.597268 -0.255126 0.407261 
0.448817 -0.497151 0.4455 
-0.597268 -0.255126 0.407261 
0.448817 -0.497151 0.4455 
-0.597268 -0.255126 0.407261 
0.448817 -0.497151 0.4455 
-0.597268 -0.255126 0.407261 
0.448817 -0.497151 0.4455 
-0.597268 -0.255126 0.407261 
0.448817 -0.497151 0.4455 
-0.597268 -0.255126 0.407261 
0.448817 -0.497151 0.4455 
-0.597268 -0.255126 0.407261 
0.448817 -0.497151 0.4455 
-0.597268 -0.255126 0.407261 
0.448817 -0.497151 0.4455 
-0.597268 -0.255126 0.407261 
0.448817 -0.497151 0.4455 
-0.597268 -0.255126 0.407261 
0.448817 -0.497151 0.4455 
-0.597268 -0.255126 0.407261 
0.448817 -0.497151 0.4455 
-0.597268 -0.255126 0.407261 
0.448817 -0.497151 0.4455 
-0.597268 -0.255126 0.407261 
0.448817 -0.497151 0.4455 
-0.597268 -0.255126 0.407261 
0.448817 -0.497151 0.4455 
-0.597268 -0.255126 0.407261 
0.448817 -0.497151 0.4455 
-0.597268 -0.255126 0.407261 
0.448817 -0.497151 0.4455 
-0.597268 -0.255126 0.407261 
0.448817 -0.497151 0.4455 
-0.597268 -0.255126 0.407261 
0.448817 -0.497151 0.4455 
-0.597268 -0.255126 0.407261 
0.448817 -0.497151 0.4455 
-0.597268 -0.255126 0.407261 
0.448817 -0.497151 0.4455 
-0.597268 -0.255126 0.407261 
0.448817 -0.497151 0.4455 
-0.597268 -0.255126 0.407261 
0.448817 -0.497151 0.4455 
-0.597268 -0.255126 0.407261 
0.448817 -0.497151 0.4455 
-0.597268 -0.255126 0.407261 
0.448817 -0.497151 0.4455 
-0.597268 -0.255126 0.407261 
0.448817 -0.497151 0.4455 
-0.597268 -0.255126 0.407261 
0.448817 -0.497151 0.4455 
-0.597268 -0.255126 0.407261 
0.448817 -0.497151 0.4455 
-0.597268 -0.255126 0.407261 
0.448817 -0.497151 0.4455 
-0.597268 -0.255126 0.407261 
0.448817 -0.497151 0.4455 
-0.597268 -0.255126 0.407261 
0.448817 -0.497151 0.4455 
-0.597268 -0.255126 0.407261 
0.448817 -0.497151 0.4455 
-0.597268 -0.255126 0.407261 
0.448817 -0.497151 0.4455 
-0.597268 -0.255126 0.407261 
0.448817 -0.497151 0.4455 
-0.597268 -0.255126 0.407261 
0.448817 -0.497151 0.4455 
-0.597268 -0.255126 0.407261 
0.448817 -0.497151 0.4455 
-0.597268 -0.255126 0.407261 
0.448817 -0.497151 0.4455 
-0.597268 -0.255126 0.407261 
0.448817 -0.497151 0.4455 
