-0.603896 -0.226156 0.380279 
0.400795 -0.504304 0.485867 
-0.603897 -0.226157 0.380279 
0.400795 -0.504304 0.485867 
-0.603705 -0.22641 0.380464 
0.400795 -0.504304 0.485867 
-0.603884 -0.22642 0.380156 
0.400795 -0.504304 0.485867 
-0.60388 -0.226404 0.380044 
0.400795 -0.504304 0.485867 
-0.603839 -0.226246 0.38013 
0.400795 -0.504304 0.485867 
-0.603886 -0.22614 0.380045 
0.400795 -0.504304 0.485867 
-0.603863 -0.226064 0.38008 
0.400795 -0.504304 0.485867 
-0.603892 -0.22609 0.380089 
0.400795 -0.504304 0.485867 
-0.603804 -0.22613 0.380134 
0.400795 -0.504304 0.485867 
-0.603772 -0.226319 0.38024 
0.400795 -0.504304 0.485867 
