-0.62457 -0.234697 0.42279 
0.400795 -0.504304 0.485867 
-0.624571 -0.234698 0.42279 
0.400795 -0.504304 0.485867 
-0.624501 -0.234559 0.420771 
0.400795 -0.504304 0.485867 
-0.624039 -0.235255 0.420437 
0.400795 -0.504304 0.485867 
-0.623868 -0.235269 0.42079 
0.400795 -0.504304 0.485867 
-0.62354 -0.235275 0.42132 
0.400795 -0.504304 0.485867 
-0.623291 -0.236373 0.420886 
0.400795 -0.504304 0.485867 
-0.62271 -0.237802 0.421188 
0.400795 -0.504304 0.485867 
-0.622144 -0.238233 0.4207 
0.400795 -0.504304 0.485867 
-0.620823 -0.238656 0.42085 
0.400795 -0.504304 0.485867 
-0.619406 -0.238844 0.421173 
0.400795 -0.504304 0.485867 
-0.618194 -0.239232 0.421548 
0.400795 -0.504304 0.485867 
-0.617249 -0.239347 0.421831 
0.400795 -0.504304 0.485867 
-0.616443 -0.239136 0.421949 
0.400795 -0.504304 0.485867 
-0.615666 -0.239312 0.422253 
0.400795 -0.504304 0.485867 
-0.615106 -0.239352 0.422312 
0.400795 -0.504304 0.485867 
-0.614615 -0.239449 0.422591 
0.400795 -0.504304 0.485867 
-0.6142 -0.23957 0.422691 
0.400795 -0.504304 0.485867 
-0.613787 -0.239925 0.422934 
0.400795 -0.504304 0.485867 
-0.613454 -0.23995 0.422825 
0.400795 -0.504304 0.485867 
-0.613189 -0.240022 0.423046 
0.400795 -0.504304 0.485867 
-0.612934 -0.240025 0.422604 
0.400795 -0.504304 0.485867 
-0.612655 -0.240071 0.422948 
0.400795 -0.504304 0.485867 
-0.612652 -0.239964 0.422878 
0.400795 -0.504304 0.485867 
-0.612542 -0.24001 0.422781 
0.400795 -0.504304 0.485867 
-0.612241 -0.239861 0.422818 
0.400795 -0.504304 0.485867 
-0.612091 -0.239978 0.423028 
0.400795 -0.504304 0.485867 
-0.61205 -0.239885 0.423203 
0.400795 -0.504304 0.485867 
-0.611174 -0.240428 0.423142 
0.400795 -0.504304 0.485867 
-0.610567 -0.240579 0.423259 
0.400795 -0.504304 0.485867 
-0.609965 -0.240381 0.423371 
0.400795 -0.504304 0.485867 
-0.6094 -0.240678 0.423691 
0.400795 -0.504304 0.485867 
-0.608766 -0.240595 0.42403 
0.400795 -0.504304 0.485867 
-0.608442 -0.240429 0.423893 
0.400795 -0.504304 0.485867 
-0.608174 -0.240678 0.424184 
0.400795 -0.504304 0.485867 
-0.607965 -0.240813 0.424244 
0.400795 -0.504304 0.485867 
-0.608089 -0.24044 0.423946 
0.400795 -0.504304 0.485867 
-0.608073 -0.240593 0.424011 
0.400795 -0.504304 0.485867 
-0.608045 -0.240592 0.42386 
0.400795 -0.504304 0.485867 
-0.608074 -0.240366 0.424002 
0.400795 -0.504304 0.485867 
-0.608107 -0.240109 0.424045 
0.400795 -0.504304 0.485867 
-0.608099 -0.240307 0.423948 
0.400795 -0.504304 0.485867 
-0.608056 -0.240321 0.424002 
0.400795 -0.504304 0.485867 
-0.608106 -0.240279 0.423863 
0.400795 -0.504304 0.485867 
-0.608072 -0.240438 0.423762 
0.400795 -0.504304 0.485867 
-0.607991 -0.240415 0.423863 
0.400795 -0.504304 0.485867 
-0.608053 -0.240357 0.423881 
0.400795 -0.504304 0.485867 
-0.608029 -0.240423 0.423873 
0.400795 -0.504304 0.485867 
-0.608057 -0.24033 0.423811 
0.400795 -0.504304 0.485867 
-0.608026 -0.240406 0.423916 
0.400795 -0.504304 0.485867 
-0.608065 -0.240453 0.423822 
0.400795 -0.504304 0.485867 
-0.608059 -0.240407 0.423913 
0.400795 -0.504304 0.485867 
-0.608085 -0.240316 0.423833 
0.400795 -0.504304 0.485867 
-0.608105 -0.240263 0.423934 
0.400795 -0.504304 0.485867 
-0.608128 -0.240277 0.423817 
0.400795 -0.504304 0.485867 
-0.608192 -0.240273 0.423865 
0.400795 -0.504304 0.485867 
-0.608139 -0.240516 0.423927 
0.400795 -0.504304 0.485867 
-0.608169 -0.24055 0.424162 
0.400795 -0.504304 0.485867 
-0.608235 -0.240687 0.424303 
0.400795 -0.504304 0.485867 
-0.608239 -0.240792 0.424387 
0.400795 -0.504304 0.485867 
-0.608217 -0.24093 0.424546 
0.400795 -0.504304 0.485867 
-0.608251 -0.24081 0.424457 
0.400795 -0.504304 0.485867 
-0.608236 -0.240858 0.424381 
0.400795 -0.504304 0.485867 
-0.608228 -0.240763 0.42444 
0.400795 -0.504304 0.485867 
-0.608221 -0.240624 0.424494 
0.400795 -0.504304 0.485867 
-0.608254 -0.240603 0.424527 
0.400795 -0.504304 0.485867 
-0.608239 -0.240529 0.424428 
0.400795 -0.504304 0.485867 
-0.608246 -0.24066 0.424481 
0.400795 -0.504304 0.485867 
-0.608238 -0.240583 0.424334 
0.400795 -0.504304 0.485867 
-0.60826 -0.240439 0.424294 
0.400795 -0.504304 0.485867 
-0.608258 -0.240605 0.42416 
0.400795 -0.504304 0.485867 
-0.608232 -0.240634 0.424226 
0.400795 -0.504304 0.485867 
-0.608267 -0.240609 0.424164 
0.400795 -0.504304 0.485867 
-0.608231 -0.240616 0.424394 
0.400795 -0.504304 0.485867 
-0.608296 -0.240647 0.424141 
0.400795 -0.504304 0.485867 
-0.608246 -0.240594 0.424317 
0.400795 -0.504304 0.485867 
-0.608276 -0.240615 0.424114 
0.400795 -0.504304 0.485867 
-0.60827 -0.240645 0.424223 
0.400795 -0.504304 0.485867 
-0.608243 -0.240545 0.424331 
0.400795 -0.504304 0.485867 
-0.60828 -0.240641 0.424382 
0.400795 -0.504304 0.485867 
-0.608233 -0.240511 0.42431 
0.400795 -0.504304 0.485867 
-0.608219 -0.240428 0.424259 
0.400795 -0.504304 0.485867 
-0.608249 -0.240616 0.424259 
0.400795 -0.504304 0.485867 
-0.608126 -0.240366 0.424273 
0.400795 -0.504304 0.485867 
-0.608099 -0.240483 0.424128 
0.400795 -0.504304 0.485867 
-0.608065 -0.240757 0.424212 
0.400795 -0.504304 0.485867 
-0.608037 -0.24067 0.424168 
0.400795 -0.504304 0.485867 
-0.608061 -0.240539 0.424109 
0.400795 -0.504304 0.485867 
-0.608063 -0.240296 0.424098 
0.400795 -0.504304 0.485867 
-0.608048 -0.240397 0.424092 
0.400795 -0.504304 0.485867 
-0.608152 -0.240142 0.424067 
0.400795 -0.504304 0.485867 
-0.608193 -0.240186 0.423924 
0.400795 -0.504304 0.485867 
-0.608091 -0.240469 0.424187 
0.400795 -0.504304 0.485867 
-0.608093 -0.240496 0.42422 
0.400795 -0.504304 0.485867 
-0.608071 -0.240533 0.424314 
0.400795 -0.504304 0.485867 
-0.608096 -0.2405 0.42417 
0.400795 -0.504304 0.485867 
-0.608114 -0.240468 0.424088 
0.400795 -0.504304 0.485867 
-0.608137 -0.240518 0.424083 
0.400795 -0.504304 0.485867 
-0.608151 -0.240529 0.424024 
0.400795 -0.504304 0.485867 
-0.608068 -0.240627 0.424185 
0.400795 -0.504304 0.485867 
-0.608099 -0.240481 0.424146 
0.400795 -0.504304 0.485867 
-0.608161 -0.240606 0.424259 
0.400795 -0.504304 0.485867 
-0.608136 -0.24081 0.42429 
0.400795 -0.504304 0.485867 
-0.608158 -0.240854 0.424453 
0.400795 -0.504304 0.485867 
-0.608099 -0.240874 0.424485 
0.400795 -0.504304 0.485867 
-0.608083 -0.240818 0.42428 
0.400795 -0.504304 0.485867 
-0.608136 -0.240983 0.424226 
0.400795 -0.504304 0.485867 
-0.608177 -0.240771 0.424199 
0.400795 -0.504304 0.485867 
-0.608235 -0.240586 0.424318 
0.400795 -0.504304 0.485867 
-0.608227 -0.240817 0.424474 
0.400795 -0.504304 0.485867 
-0.608225 -0.240613 0.424424 
0.400795 -0.504304 0.485867 
-0.608182 -0.240652 0.424618 
0.400795 -0.504304 0.485867 
-0.608221 -0.240819 0.424706 
0.400795 -0.504304 0.485867 
-0.60821 -0.24061 0.424546 
0.400795 -0.504304 0.485867 
-0.608206 -0.240647 0.424658 
0.400795 -0.504304 0.485867 
-0.608191 -0.240599 0.424589 
0.400795 -0.504304 0.485867 
-0.608195 -0.240538 0.424311 
0.400795 -0.504304 0.485867 
-0.60818 -0.240596 0.424419 
0.400795 -0.504304 0.485867 
-0.607301 -0.239403 0.423394 
0.400795 -0.504304 0.485867 
-0.606416 -0.238221 0.422571 
0.400795 -0.504304 0.485867 
-0.60556 -0.236663 0.421612 
0.400795 -0.504304 0.485867 
-0.60479 -0.235227 0.420316 
0.400795 -0.504304 0.485867 
-0.603984 -0.233709 0.419301 
0.400795 -0.504304 0.485867 
