-0.640384 -0.25173 0.373521 
0.378897 -0.49324 0.439082 
-0.640384 -0.25173 0.373521 
0.378897 -0.49324 0.439082 
-0.63876 -0.252211 0.376212 
0.379129 -0.498157 0.44387 
-0.639718 -0.253348 0.375933 
0.378684 -0.493988 0.439435 
-0.640376 -0.254389 0.375315 
0.378539 -0.493909 0.439539 
-0.640013 -0.25418 0.37489 
0.378714 -0.499122 0.444236 
-0.637992 -0.253177 0.375546 
0.379216 -0.500049 0.444376 
-0.634762 -0.25203 0.376546 
0.37942 -0.503674 0.445893 
-0.630639 -0.250441 0.377864 
0.379848 -0.502264 0.444688 
-0.62767 -0.249514 0.378857 
0.38074 -0.503356 0.447355 
-0.624859 -0.248223 0.379752 
0.381115 -0.504432 0.447681 
-0.622532 -0.247156 0.380601 
0.381322 -0.50498 0.44909 
-0.621566 -0.246823 0.380658 
0.381286 -0.505519 0.448579 
-0.620048 -0.246047 0.380908 
0.380933 -0.50596 0.445682 
-0.617711 -0.244871 0.381342 
0.380901 -0.506907 0.445623 
-0.616296 -0.244172 0.382058 
0.380657 -0.508044 0.443382 
-0.612929 -0.242987 0.382817 
0.380981 -0.509064 0.444525 
-0.609686 -0.241513 0.383546 
0.380955 -0.509771 0.444481 
-0.608513 -0.2411 0.383835 
0.380879 -0.511037 0.443941 
-0.605669 -0.239676 0.384245 
0.380471 -0.511671 0.44415 
-0.605244 -0.239395 0.383869 
0.380049 -0.511982 0.445999 
-0.6056 -0.238957 0.383155 
0.379716 -0.51253 0.447937 
-0.45805 -0.16486 0.48415 
0.380004 -0.512093 0.446469 
-0.605261 -0.240117 0.38492 
0.449129 -0.523749 0.492744 
