-0.614387 -0.248322 0.379371 
0.400795 -0.504304 0.485867 
-0.614388 -0.248323 0.379371 
0.400795 -0.504304 0.485867 
-0.614381 -0.24831 0.37847 
0.400795 -0.504304 0.485867 
-0.613956 -0.248863 0.378378 
0.400795 -0.504304 0.485867 
-0.61385 -0.24891 0.378479 
0.400795 -0.504304 0.485867 
-0.613462 -0.248997 0.378743 
0.400795 -0.504304 0.485867 
-0.613142 -0.25031 0.378876 
0.400795 -0.504304 0.485867 
-0.612754 -0.251583 0.378493 
0.400795 -0.504304 0.485867 
-0.612126 -0.252057 0.37819 
0.400795 -0.504304 0.485867 
-0.610944 -0.252536 0.37784 
0.400795 -0.504304 0.485867 
-0.60952 -0.252744 0.377685 
0.400795 -0.504304 0.485867 
-0.608434 -0.253002 0.377339 
0.400795 -0.504304 0.485867 
-0.607438 -0.253146 0.37725 
0.400795 -0.504304 0.485867 
-0.606604 -0.253459 0.377175 
0.400795 -0.504304 0.485867 
-0.605866 -0.253577 0.377163 
0.400795 -0.504304 0.485867 
-0.605269 -0.253534 0.377038 
0.400795 -0.504304 0.485867 
-0.604875 -0.253524 0.376676 
0.400795 -0.504304 0.485867 
-0.604479 -0.253502 0.376579 
0.400795 -0.504304 0.485867 
-0.603993 -0.253516 0.376783 
0.400795 -0.504304 0.485867 
-0.603667 -0.253522 0.376693 
0.400795 -0.504304 0.485867 
-0.603446 -0.25335 0.37651 
0.400795 -0.504304 0.485867 
-0.603192 -0.253305 0.376438 
0.400795 -0.504304 0.485867 
-0.602881 -0.253591 0.376442 
0.400795 -0.504304 0.485867 
-0.602723 -0.253505 0.376265 
0.400795 -0.504304 0.485867 
-0.602522 -0.253785 0.376154 
0.400795 -0.504304 0.485867 
-0.602313 -0.253795 0.376168 
0.400795 -0.504304 0.485867 
-0.602158 -0.253742 0.376184 
0.400795 -0.504304 0.485867 
-0.601986 -0.253628 0.376221 
0.400795 -0.504304 0.485867 
-0.601408 -0.253891 0.375948 
0.400795 -0.504304 0.485867 
-0.600785 -0.254042 0.375785 
0.400795 -0.504304 0.485867 
-0.600217 -0.254183 0.375656 
0.400795 -0.504304 0.485867 
-0.599588 -0.254103 0.375658 
0.400795 -0.504304 0.485867 
-0.599073 -0.254213 0.375518 
0.400795 -0.504304 0.485867 
-0.598676 -0.254046 0.375304 
0.400795 -0.504304 0.485867 
-0.598405 -0.253835 0.375327 
0.400795 -0.504304 0.485867 
-0.598232 -0.253903 0.375353 
0.400795 -0.504304 0.485867 
-0.598282 -0.253949 0.375192 
0.400795 -0.504304 0.485867 
-0.598253 -0.253928 0.37529 
0.400795 -0.504304 0.485867 
-0.598269 -0.25397 0.375262 
0.400795 -0.504304 0.485867 
-0.598233 -0.253832 0.375309 
0.400795 -0.504304 0.485867 
-0.598274 -0.253966 0.375229 
0.400795 -0.504304 0.485867 
-0.598289 -0.253907 0.375165 
0.400795 -0.504304 0.485867 
-0.598291 -0.254052 0.375129 
0.400795 -0.504304 0.485867 
-0.598253 -0.253962 0.375203 
0.400795 -0.504304 0.485867 
-0.598274 -0.254033 0.375181 
0.400795 -0.504304 0.485867 
-0.598169 -0.25407 0.375352 
0.400795 -0.504304 0.485867 
-0.598188 -0.254135 0.375386 
0.400795 -0.504304 0.485867 
-0.59823 -0.254098 0.375305 
0.400795 -0.504304 0.485867 
-0.598217 -0.253954 0.375325 
0.400795 -0.504304 0.485867 
-0.598297 -0.253998 0.375206 
0.400795 -0.504304 0.485867 
-0.598308 -0.253936 0.375204 
0.400795 -0.504304 0.485867 
-0.598293 -0.253948 0.375221 
0.400795 -0.504304 0.485867 
-0.598248 -0.253952 0.375206 
0.400795 -0.504304 0.485867 
-0.598217 -0.253936 0.375309 
0.400795 -0.504304 0.485867 
-0.598238 -0.253948 0.375318 
0.400795 -0.504304 0.485867 
-0.598242 -0.254041 0.375424 
0.400795 -0.504304 0.485867 
-0.598254 -0.254007 0.375466 
0.400795 -0.504304 0.485867 
-0.598321 -0.25397 0.375397 
0.400795 -0.504304 0.485867 
-0.598299 -0.254127 0.375577 
0.400795 -0.504304 0.485867 
-0.598332 -0.254166 0.375568 
0.400795 -0.504304 0.485867 
-0.598311 -0.254172 0.375608 
0.400795 -0.504304 0.485867 
-0.5983 -0.254439 0.375664 
0.400795 -0.504304 0.485867 
-0.598274 -0.254232 0.375776 
0.400795 -0.504304 0.485867 
-0.598237 -0.254263 0.375837 
0.400795 -0.504304 0.485867 
-0.59827 -0.254319 0.375783 
0.400795 -0.504304 0.485867 
-0.598265 -0.254431 0.375753 
0.400795 -0.504304 0.485867 
-0.598278 -0.254343 0.375788 
0.400795 -0.504304 0.485867 
-0.598277 -0.254423 0.375761 
0.400795 -0.504304 0.485867 
-0.598367 -0.254321 0.375609 
0.400795 -0.504304 0.485867 
-0.598369 -0.254242 0.375604 
0.400795 -0.504304 0.485867 
-0.598381 -0.25424 0.375608 
0.400795 -0.504304 0.485867 
-0.598345 -0.254306 0.375681 
0.400795 -0.504304 0.485867 
-0.598348 -0.254401 0.375665 
0.400795 -0.504304 0.485867 
-0.59837 -0.254217 0.375641 
0.400795 -0.504304 0.485867 
-0.598234 -0.254422 0.375847 
0.400795 -0.504304 0.485867 
-0.598335 -0.254315 0.375691 
0.400795 -0.504304 0.485867 
-0.598342 -0.254385 0.375689 
0.400795 -0.504304 0.485867 
-0.598311 -0.254443 0.375731 
0.400795 -0.504304 0.485867 
-0.598296 -0.254405 0.375686 
0.400795 -0.504304 0.485867 
-0.59825 -0.254441 0.375831 
0.400795 -0.504304 0.485867 
-0.598242 -0.254351 0.375769 
0.400795 -0.504304 0.485867 
-0.598267 -0.254239 0.375666 
0.400795 -0.504304 0.485867 
-0.598278 -0.254201 0.375663 
0.400795 -0.504304 0.485867 
-0.598216 -0.254085 0.375595 
0.400795 -0.504304 0.485867 
-0.598285 -0.253901 0.375373 
0.400795 -0.504304 0.485867 
-0.598258 -0.253941 0.375381 
0.400795 -0.504304 0.485867 
-0.598245 -0.253975 0.375416 
0.400795 -0.504304 0.485867 
-0.598236 -0.253994 0.375368 
0.400795 -0.504304 0.485867 
-0.598242 -0.253919 0.375386 
0.400795 -0.504304 0.485867 
-0.598153 -0.253996 0.375554 
0.400795 -0.504304 0.485867 
-0.598193 -0.253947 0.375535 
0.400795 -0.504304 0.485867 
-0.598214 -0.253827 0.375572 
0.400795 -0.504304 0.485867 
-0.598275 -0.254065 0.375392 
0.400795 -0.504304 0.485867 
-0.598272 -0.254029 0.375433 
0.400795 -0.504304 0.485867 
-0.598293 -0.253863 0.375431 
0.400795 -0.504304 0.485867 
-0.598271 -0.2539 0.375449 
0.400795 -0.504304 0.485867 
-0.598275 -0.253935 0.375382 
0.400795 -0.504304 0.485867 
-0.598278 -0.25396 0.375383 
0.400795 -0.504304 0.485867 
-0.598299 -0.253881 0.375356 
0.400795 -0.504304 0.485867 
-0.598283 -0.253911 0.375421 
0.400795 -0.504304 0.485867 
-0.598294 -0.254062 0.375361 
0.400795 -0.504304 0.485867 
-0.598231 -0.253985 0.375649 
0.400795 -0.504304 0.485867 
-0.598237 -0.253994 0.375621 
0.400795 -0.504304 0.485867 
-0.598238 -0.253971 0.375736 
0.400795 -0.504304 0.485867 
-0.598217 -0.253999 0.375652 
0.400795 -0.504304 0.485867 
-0.598272 -0.254012 0.375531 
0.400795 -0.504304 0.485867 
-0.598229 -0.254034 0.375672 
0.400795 -0.504304 0.485867 
-0.598244 -0.254005 0.375647 
0.400795 -0.504304 0.485867 
-0.598298 -0.253949 0.375571 
0.400795 -0.504304 0.485867 
-0.598316 -0.254084 0.375586 
0.400795 -0.504304 0.485867 
-0.598274 -0.254151 0.375692 
0.400795 -0.504304 0.485867 
-0.598257 -0.254081 0.375772 
0.400795 -0.504304 0.485867 
-0.59819 -0.254113 0.375929 
0.400795 -0.504304 0.485867 
-0.598176 -0.25421 0.375929 
0.400795 -0.504304 0.485867 
-0.598211 -0.254238 0.375899 
0.400795 -0.504304 0.485867 
-0.598217 -0.25429 0.3759 
0.400795 -0.504304 0.485867 
-0.598337 -0.254063 0.375616 
0.400795 -0.504304 0.485867 
-0.598353 -0.254091 0.375574 
0.400795 -0.504304 0.485867 
-0.59777 -0.25287 0.374495 
0.400795 -0.504304 0.485867 
-0.59724 -0.251672 0.373428 
0.400795 -0.504304 0.485867 
-0.596758 -0.250562 0.372119 
0.400795 -0.504304 0.485867 
-0.596423 -0.249089 0.370723 
0.400795 -0.504304 0.485867 
-0.595945 -0.247506 0.36943 
0.400795 -0.504304 0.485867 
-0.595607 -0.245853 0.368239 
0.400795 -0.504304 0.485867 
-0.595355 -0.244322 0.36664 
0.400795 -0.504304 0.485867 
-0.595238 -0.242239 0.365134 
0.400795 -0.504304 0.485867 
-0.595158 -0.240571 0.363547 
0.400795 -0.504304 0.485867 
-0.595283 -0.238366 0.361718 
0.400795 -0.504304 0.485867 
-0.595165 -0.23656 0.3602 
0.400795 -0.504304 0.485867 
-0.595404 -0.234467 0.358209 
0.400795 -0.504304 0.485867 
-0.595521 -0.232351 0.35654 
0.400795 -0.504304 0.485867 
-0.595736 -0.229977 0.354875 
0.400795 -0.504304 0.485867 
-0.595989 -0.227926 0.353058 
0.400795 -0.504304 0.485867 
-0.596418 -0.225588 0.351172 
0.400795 -0.504304 0.485867 
-0.596975 -0.223273 0.349201 
0.400795 -0.504304 0.485867 
-0.597562 -0.220767 0.347415 
0.400795 -0.504304 0.485867 
-0.598248 -0.218106 0.345639 
0.400795 -0.504304 0.485867 
-0.598925 -0.215876 0.343674 
0.400795 -0.504304 0.485867 
-0.599419 -0.213981 0.341987 
0.400795 -0.504304 0.485867 
-0.600433 -0.211554 0.339842 
0.400795 -0.504304 0.485867 
-0.601176 -0.209045 0.338169 
0.400795 -0.504304 0.485867 
-0.601875 -0.206851 0.336385 
0.400795 -0.504304 0.485867 
-0.602526 -0.204839 0.334588 
0.400795 -0.504304 0.485867 
-0.603723 -0.202931 0.333265 
0.400795 -0.504304 0.485867 
-0.605078 -0.202086 0.332266 
0.400795 -0.504304 0.485867 
-0.606108 -0.201378 0.331664 
0.400795 -0.504304 0.485867 
-0.607093 -0.200691 0.331216 
0.400795 -0.504304 0.485867 
-0.608134 -0.199839 0.330701 
0.400795 -0.504304 0.485867 
-0.608594 -0.199516 0.330714 
0.400795 -0.504304 0.485867 
-0.609205 -0.199376 0.330486 
0.400795 -0.504304 0.485867 
-0.609806 -0.199722 0.329958 
0.400795 -0.504304 0.485867 
-0.610149 -0.199922 0.329788 
0.400795 -0.504304 0.485867 
-0.610168 -0.200319 0.330024 
0.400795 -0.504304 0.485867 
-0.610416 -0.200641 0.33006 
0.400795 -0.504304 0.485867 
-0.610199 -0.201466 0.33037 
0.400795 -0.504304 0.485867 
-0.610115 -0.202191 0.330719 
0.400795 -0.504304 0.485867 
-0.609624 -0.203304 0.331286 
0.400795 -0.504304 0.485867 
-0.609208 -0.204651 0.331589 
0.400795 -0.504304 0.485867 
-0.608614 -0.206087 0.332364 
0.400795 -0.504304 0.485867 
-0.608033 -0.207692 0.332756 
0.400795 -0.504304 0.485867 
-0.607441 -0.209581 0.333141 
0.400795 -0.504304 0.485867 
-0.606495 -0.211471 0.333984 
0.400795 -0.504304 0.485867 
-0.605534 -0.213768 0.334529 
0.400795 -0.504304 0.485867 
-0.604824 -0.215439 0.335183 
0.400795 -0.504304 0.485867 
-0.604029 -0.217867 0.335606 
0.400795 -0.504304 0.485867 
-0.603131 -0.220264 0.336069 
0.400795 -0.504304 0.485867 
-0.602596 -0.222675 0.336045 
0.400795 -0.504304 0.485867 
-0.601634 -0.225436 0.336492 
0.400795 -0.504304 0.485867 
