-0.636252 -0.243073 0.371735 
0.383004 -0.482966 0.439486 
-0.636252 -0.243073 0.371735 
0.383406 -0.487026 0.445435 
-0.636472 -0.244305 0.372664 
0.383227 -0.483818 0.439926 
-0.636467 -0.245368 0.373243 
0.383396 -0.489207 0.445038 
-0.636472 -0.24613 0.373072 
0.383348 -0.488777 0.445108 
-0.635785 -0.245834 0.372944 
0.383392 -0.489567 0.446406 
-0.633723 -0.244611 0.373596 
0.382902 -0.486939 0.441056 
-0.63052 -0.243274 0.37463 
0.383174 -0.487982 0.44079 
-0.627839 -0.242595 0.375466 
0.383686 -0.48875 0.440345 
-0.624977 -0.241173 0.376361 
0.384797 -0.492792 0.444803 
-0.620361 -0.239537 0.377589 
0.38501 -0.493881 0.444957 
-0.619098 -0.238878 0.378152 
0.384508 -0.491838 0.440353 
-0.616598 -0.237777 0.379176 
0.384547 -0.492407 0.440075 
-0.615855 -0.237324 0.379335 
0.384495 -0.492902 0.439812 
-0.614273 -0.236707 0.379809 
0.385239 -0.497018 0.444162 
-0.610774 -0.235684 0.380643 
0.384603 -0.495363 0.440231 
-0.607958 -0.234784 0.381439 
0.38473 -0.497565 0.441328 
-0.605523 -0.233164 0.381859 
0.385196 -0.499545 0.443533 
-0.603286 -0.232446 0.38223 
0.384938 -0.50142 0.440992 
-0.6013 -0.231485 0.382374 
0.384876 -0.501557 0.444007 
-0.600793 -0.230664 0.382076 
0.384217 -0.501546 0.444512 
-0.601787 -0.231307 0.381729 
0.383635 -0.502686 0.445656 
-0.45805 -0.16486 0.48415 
0.384512 -0.501607 0.444003 
-0.45805 -0.16486 0.48415 
0.384512 -0.501607 0.444003 
