-0.596452 -0.196513 0.483249 
0.400795 -0.504304 0.485867 
-0.596452 -0.196512 0.483249 
0.400795 -0.504304 0.485867 
-0.596452 -0.196512 0.483249 
0.400795 -0.504304 0.485867 
-0.590549 -0.220398 0.460414 
0.400795 -0.504304 0.485867 
-0.591436 -0.241532 0.437706 
0.400795 -0.504304 0.485867 
-0.597129 -0.26151 0.418659 
0.400795 -0.504304 0.485867 
-0.605377 -0.275941 0.4019 
0.400795 -0.504304 0.485867 
-0.60396 -0.278015 0.405814 
0.400795 -0.504304 0.485867 
-0.601441 -0.276134 0.413468 
0.400795 -0.504304 0.485867 
-0.600767 -0.274034 0.418936 
0.400795 -0.504304 0.485867 
-0.600749 -0.271808 0.422943 
0.400795 -0.504304 0.485867 
-0.600998 -0.270586 0.424752 
0.400795 -0.504304 0.485867 
-0.601318 -0.270621 0.425589 
0.400795 -0.504304 0.485867 
-0.601402 -0.270094 0.425004 
0.400795 -0.504304 0.485867 
-0.601401 -0.270186 0.424839 
0.400795 -0.504304 0.485867 
-0.601381 -0.269959 0.424709 
0.400795 -0.504304 0.485867 
-0.601402 -0.269857 0.42469 
0.400795 -0.504304 0.485867 
-0.601402 -0.270135 0.425259 
0.400795 -0.504304 0.485867 
-0.601287 -0.269922 0.424939 
0.400795 -0.504304 0.485867 
-0.601025 -0.269992 0.425158 
0.400795 -0.504304 0.485867 
-0.60069 -0.269489 0.424629 
0.400795 -0.504304 0.485867 
-0.600061 -0.268616 0.425361 
0.400795 -0.504304 0.485867 
-0.599523 -0.267755 0.425618 
0.400795 -0.504304 0.485867 
-0.598884 -0.26581 0.425448 
0.400795 -0.504304 0.485867 
-0.598307 -0.263954 0.424821 
0.400795 -0.504304 0.485867 
-0.597735 -0.26161 0.424816 
0.400795 -0.504304 0.485867 
-0.597187 -0.25857 0.425704 
0.400795 -0.504304 0.485867 
-0.59652 -0.255056 0.425926 
0.400795 -0.504304 0.485867 
-0.596034 -0.253137 0.425483 
0.400795 -0.504304 0.485867 
-0.595537 -0.24978 0.425953 
0.400795 -0.504304 0.485867 
-0.595273 -0.246612 0.42565 
0.400795 -0.504304 0.485867 
-0.595227 -0.243852 0.425603 
0.400795 -0.504304 0.485867 
-0.595346 -0.241655 0.425135 
0.400795 -0.504304 0.485867 
-0.595536 -0.239151 0.424713 
0.400795 -0.504304 0.485867 
-0.595854 -0.237134 0.425295 
0.400795 -0.504304 0.485867 
-0.596054 -0.23545 0.425181 
0.400795 -0.504304 0.485867 
-0.596219 -0.233349 0.425189 
0.400795 -0.504304 0.485867 
-0.59639 -0.231993 0.425008 
0.400795 -0.504304 0.485867 
-0.596646 -0.23099 0.424948 
0.400795 -0.504304 0.485867 
-0.596869 -0.229446 0.425027 
0.400795 -0.504304 0.485867 
-0.597098 -0.22847 0.425606 
0.400795 -0.504304 0.485867 
-0.59738 -0.227443 0.425278 
0.400795 -0.504304 0.485867 
-0.597598 -0.227012 0.426016 
0.400795 -0.504304 0.485867 
-0.597777 -0.225754 0.426783 
0.400795 -0.504304 0.485867 
-0.597763 -0.224392 0.427563 
0.400795 -0.504304 0.485867 
-0.597844 -0.223477 0.42755 
0.400795 -0.504304 0.485867 
-0.598073 -0.223029 0.42754 
0.400795 -0.504304 0.485867 
-0.598286 -0.22104 0.428156 
0.400795 -0.504304 0.485867 
-0.598593 -0.219457 0.428583 
0.400795 -0.504304 0.485867 
-0.598852 -0.217533 0.429724 
0.400795 -0.504304 0.485867 
-0.599134 -0.215766 0.430571 
0.400795 -0.504304 0.485867 
-0.599406 -0.213633 0.431177 
0.400795 -0.504304 0.485867 
-0.599673 -0.211146 0.432161 
0.400795 -0.504304 0.485867 
-0.599977 -0.208906 0.432819 
0.400795 -0.504304 0.485867 
-0.600386 -0.20604 0.433567 
0.400795 -0.504304 0.485867 
-0.600978 -0.202996 0.434578 
0.400795 -0.504304 0.485867 
-0.601545 -0.19995 0.435621 
0.400795 -0.504304 0.485867 
-0.602026 -0.196786 0.436197 
0.400795 -0.504304 0.485867 
-0.602566 -0.193401 0.436965 
0.400795 -0.504304 0.485867 
-0.602969 -0.190738 0.437368 
0.400795 -0.504304 0.485867 
-0.603459 -0.187305 0.437508 
0.400795 -0.504304 0.485867 
-0.603785 -0.18437 0.437346 
0.400795 -0.504304 0.485867 
-0.604051 -0.181674 0.436898 
0.400795 -0.504304 0.485867 
-0.604284 -0.179365 0.436561 
0.400795 -0.504304 0.485867 
-0.604654 -0.176882 0.43596 
0.400795 -0.504304 0.485867 
-0.60501 -0.174742 0.435558 
0.400795 -0.504304 0.485867 
-0.605284 -0.173158 0.43518 
0.400795 -0.504304 0.485867 
-0.605531 -0.171661 0.434773 
0.400795 -0.504304 0.485867 
-0.605821 -0.170148 0.434028 
0.400795 -0.504304 0.485867 
-0.606088 -0.168783 0.433559 
0.400795 -0.504304 0.485867 
-0.606506 -0.167628 0.433098 
0.400795 -0.504304 0.485867 
-0.607126 -0.166426 0.432447 
0.400795 -0.504304 0.485867 
-0.607797 -0.165354 0.432034 
0.400795 -0.504304 0.485867 
-0.60839 -0.164562 0.431668 
0.400795 -0.504304 0.485867 
-0.609038 -0.163655 0.431412 
0.400795 -0.504304 0.485867 
-0.609782 -0.162778 0.431351 
0.400795 -0.504304 0.485867 
-0.610446 -0.162438 0.43162 
0.400795 -0.504304 0.485867 
-0.611238 -0.161529 0.431382 
0.400795 -0.504304 0.485867 
-0.611764 -0.161238 0.431609 
0.400795 -0.504304 0.485867 
-0.612379 -0.160397 0.431515 
0.400795 -0.504304 0.485867 
-0.61288 -0.15973 0.431252 
0.400795 -0.504304 0.485867 
-0.613237 -0.159324 0.431392 
0.400795 -0.504304 0.485867 
-0.613465 -0.159196 0.431549 
0.400795 -0.504304 0.485867 
-0.613587 -0.159302 0.431617 
0.400795 -0.504304 0.485867 
-0.613697 -0.159475 0.431805 
0.400795 -0.504304 0.485867 
-0.613697 -0.1599 0.431992 
0.400795 -0.504304 0.485867 
-0.613428 -0.160391 0.432173 
0.400795 -0.504304 0.485867 
-0.613031 -0.161175 0.432495 
0.400795 -0.504304 0.485867 
-0.612511 -0.162308 0.432765 
0.400795 -0.504304 0.485867 
-0.612009 -0.163609 0.433094 
0.400795 -0.504304 0.485867 
-0.611453 -0.165117 0.43355 
0.400795 -0.504304 0.485867 
-0.6108 -0.166787 0.434217 
0.400795 -0.504304 0.485867 
-0.610164 -0.16856 0.434762 
0.400795 -0.504304 0.485867 
-0.609518 -0.170054 0.435001 
0.400795 -0.504304 0.485867 
-0.608672 -0.172021 0.435453 
0.400795 -0.504304 0.485867 
-0.607872 -0.174144 0.435786 
0.400795 -0.504304 0.485867 
-0.607071 -0.176524 0.436121 
0.400795 -0.504304 0.485867 
-0.606329 -0.179312 0.436579 
0.400795 -0.504304 0.485867 
-0.605606 -0.182278 0.43699 
0.400795 -0.504304 0.485867 
-0.604868 -0.185623 0.437524 
0.400795 -0.504304 0.485867 
-0.604038 -0.189034 0.437584 
0.400795 -0.504304 0.485867 
-0.60343 -0.191999 0.437637 
0.400795 -0.504304 0.485867 
-0.602808 -0.195284 0.437608 
0.400795 -0.504304 0.485867 
-0.602351 -0.198377 0.437885 
0.400795 -0.504304 0.485867 
-0.602024 -0.200933 0.437891 
0.400795 -0.504304 0.485867 
-0.601821 -0.203339 0.43778 
0.400795 -0.504304 0.485867 
-0.601684 -0.205256 0.43745 
0.400795 -0.504304 0.485867 
-0.601504 -0.206757 0.436956 
0.400795 -0.504304 0.485867 
-0.601327 -0.207992 0.436818 
0.400795 -0.504304 0.485867 
-0.601241 -0.208462 0.436681 
0.400795 -0.504304 0.485867 
-0.60108 -0.209286 0.436554 
0.400795 -0.504304 0.485867 
-0.600957 -0.210127 0.43626 
0.400795 -0.504304 0.485867 
-0.600807 -0.211606 0.436219 
0.400795 -0.504304 0.485867 
-0.600748 -0.212846 0.436068 
0.400795 -0.504304 0.485867 
-0.600625 -0.214605 0.436036 
0.400795 -0.504304 0.485867 
-0.600533 -0.216445 0.435775 
0.400795 -0.504304 0.485867 
-0.600441 -0.218483 0.436168 
0.400795 -0.504304 0.485867 
-0.600375 -0.219982 0.436022 
0.400795 -0.504304 0.485867 
-0.60039 -0.222358 0.435793 
0.400795 -0.504304 0.485867 
-0.600486 -0.224453 0.435533 
0.400795 -0.504304 0.485867 
-0.600773 -0.227078 0.435408 
0.400795 -0.504304 0.485867 
-0.60118 -0.228998 0.435325 
0.400795 -0.504304 0.485867 
-0.601793 -0.232169 0.435086 
0.400795 -0.504304 0.485867 
-0.602366 -0.234745 0.433803 
0.400795 -0.504304 0.485867 
-0.602868 -0.237313 0.433655 
0.400795 -0.504304 0.485867 
-0.60343 -0.239742 0.432466 
0.400795 -0.504304 0.485867 
-0.604085 -0.242486 0.431547 
0.400795 -0.504304 0.485867 
-0.604874 -0.245616 0.430573 
0.400795 -0.504304 0.485867 
-0.605505 -0.248827 0.429291 
0.400795 -0.504304 0.485867 
-0.606127 -0.252063 0.427713 
0.400795 -0.504304 0.485867 
-0.606661 -0.254668 0.426439 
0.400795 -0.504304 0.485867 
-0.607208 -0.257324 0.424861 
0.400795 -0.504304 0.485867 
-0.607668 -0.259012 0.423454 
0.400795 -0.504304 0.485867 
-0.60801 -0.260377 0.422124 
0.400795 -0.504304 0.485867 
-0.608488 -0.261712 0.420695 
0.400795 -0.504304 0.485867 
-0.60895 -0.262666 0.419919 
0.400795 -0.504304 0.485867 
-0.609318 -0.263059 0.419515 
0.400795 -0.504304 0.485867 
-0.609515 -0.263384 0.419525 
0.400795 -0.504304 0.485867 
-0.609863 -0.263674 0.419434 
0.400795 -0.504304 0.485867 
-0.610259 -0.263712 0.419266 
0.400795 -0.504304 0.485867 
-0.61055 -0.263384 0.419337 
0.400795 -0.504304 0.485867 
-0.610734 -0.262898 0.419463 
0.400795 -0.504304 0.485867 
-0.610736 -0.262369 0.419679 
0.400795 -0.504304 0.485867 
-0.610575 -0.262016 0.419681 
0.400795 -0.504304 0.485867 
-0.610476 -0.261918 0.419576 
0.400795 -0.504304 0.485867 
-0.610398 -0.261522 0.419537 
0.400795 -0.504304 0.485867 
-0.610177 -0.261173 0.419483 
0.400795 -0.504304 0.485867 
-0.609937 -0.261244 0.419346 
0.400795 -0.504304 0.485867 
-0.609695 -0.261247 0.418873 
0.400795 -0.504304 0.485867 
-0.609387 -0.261084 0.418641 
0.400795 -0.504304 0.485867 
-0.609177 -0.261056 0.418361 
0.400795 -0.504304 0.485867 
-0.60901 -0.261372 0.418031 
0.400795 -0.504304 0.485867 
-0.608894 -0.26142 0.417931 
0.400795 -0.504304 0.485867 
-0.608932 -0.261615 0.418042 
0.400795 -0.504304 0.485867 
-0.608982 -0.261826 0.418455 
0.400795 -0.504304 0.485867 
-0.608982 -0.26187 0.418803 
0.400795 -0.504304 0.485867 
-0.609059 -0.262123 0.418684 
0.400795 -0.504304 0.485867 
-0.6091 -0.262219 0.418364 
0.400795 -0.504304 0.485867 
-0.6091 -0.262164 0.418418 
0.400795 -0.504304 0.485867 
-0.609078 -0.262067 0.418323 
0.400795 -0.504304 0.485867 
-0.609048 -0.261918 0.418431 
0.400795 -0.504304 0.485867 
-0.609113 -0.261916 0.418635 
0.400795 -0.504304 0.485867 
-0.609257 -0.262006 0.418554 
0.400795 -0.504304 0.485867 
-0.609175 -0.261993 0.418793 
0.400795 -0.504304 0.485867 
-0.609181 -0.262058 0.418581 
0.400795 -0.504304 0.485867 
-0.609139 -0.262028 0.418563 
0.400795 -0.504304 0.485867 
-0.609181 -0.262079 0.41867 
0.400795 -0.504304 0.485867 
-0.609218 -0.262159 0.418972 
0.400795 -0.504304 0.485867 
-0.609181 -0.262241 0.419031 
0.400795 -0.504304 0.485867 
-0.609149 -0.262333 0.419108 
0.400795 -0.504304 0.485867 
-0.60901 -0.262444 0.419483 
0.400795 -0.504304 0.485867 
-0.608818 -0.262528 0.419677 
0.400795 -0.504304 0.485867 
-0.608513 -0.262551 0.419824 
0.400795 -0.504304 0.485867 
-0.608255 -0.262534 0.420031 
0.400795 -0.504304 0.485867 
-0.608065 -0.262446 0.420234 
0.400795 -0.504304 0.485867 
-0.6079 -0.262351 0.420594 
0.400795 -0.504304 0.485867 
-0.607749 -0.262432 0.420827 
0.400795 -0.504304 0.485867 
-0.607425 -0.262326 0.420989 
0.400795 -0.504304 0.485867 
-0.607219 -0.262102 0.420895 
0.400795 -0.504304 0.485867 
-0.607047 -0.262029 0.421036 
0.400795 -0.504304 0.485867 
-0.606892 -0.261775 0.421094 
0.400795 -0.504304 0.485867 
-0.606818 -0.261581 0.421079 
0.400795 -0.504304 0.485867 
-0.606758 -0.26126 0.42122 
0.400795 -0.504304 0.485867 
-0.606618 -0.260882 0.421382 
0.400795 -0.504304 0.485867 
-0.606452 -0.260419 0.421648 
0.400795 -0.504304 0.485867 
-0.606235 -0.259738 0.421816 
0.400795 -0.504304 0.485867 
-0.606072 -0.259015 0.421995 
0.400795 -0.504304 0.485867 
-0.605855 -0.258258 0.422444 
0.400795 -0.504304 0.485867 
-0.605601 -0.257512 0.422778 
0.400795 -0.504304 0.485867 
-0.605369 -0.256354 0.42309 
0.400795 -0.504304 0.485867 
-0.605118 -0.255377 0.423272 
0.400795 -0.504304 0.485867 
-0.604909 -0.254361 0.423592 
0.400795 -0.504304 0.485867 
-0.604701 -0.253453 0.423566 
0.400795 -0.504304 0.485867 
-0.604613 -0.252761 0.423528 
0.400795 -0.504304 0.485867 
-0.604519 -0.251992 0.423418 
0.400795 -0.504304 0.485867 
-0.604392 -0.251215 0.423328 
0.400795 -0.504304 0.485867 
-0.604336 -0.250691 0.423141 
0.400795 -0.504304 0.485867 
-0.604318 -0.250367 0.423155 
0.400795 -0.504304 0.485867 
-0.604346 -0.250075 0.422845 
0.400795 -0.504304 0.485867 
-0.604444 -0.250102 0.422702 
0.400795 -0.504304 0.485867 
-0.604573 -0.250071 0.422638 
0.400795 -0.504304 0.485867 
-0.604712 -0.250015 0.422547 
0.400795 -0.504304 0.485867 
-0.604884 -0.250296 0.422633 
0.400795 -0.504304 0.485867 
-0.605055 -0.250542 0.422736 
0.400795 -0.504304 0.485867 
-0.605473 -0.251119 0.422675 
0.400795 -0.504304 0.485867 
-0.605774 -0.251969 0.422931 
0.400795 -0.504304 0.485867 
-0.606293 -0.253189 0.422885 
0.400795 -0.504304 0.485867 
-0.606875 -0.254574 0.42309 
0.400795 -0.504304 0.485867 
-0.607717 -0.256019 0.423455 
0.400795 -0.504304 0.485867 
-0.608541 -0.257783 0.423616 
0.400795 -0.504304 0.485867 
-0.609405 -0.259924 0.423542 
0.400795 -0.504304 0.485867 
-0.610057 -0.261548 0.423976 
0.400795 -0.504304 0.485867 
-0.610812 -0.263584 0.423792 
0.400795 -0.504304 0.485867 
-0.611436 -0.265195 0.423765 
0.400795 -0.504304 0.485867 
-0.612093 -0.266895 0.423608 
0.400795 -0.504304 0.485867 
-0.612564 -0.268518 0.423635 
0.400795 -0.504304 0.485867 
-0.612973 -0.269703 0.423778 
0.400795 -0.504304 0.485867 
-0.61335 -0.270951 0.423595 
0.400795 -0.504304 0.485867 
-0.613635 -0.272085 0.423564 
0.400795 -0.504304 0.485867 
-0.614079 -0.273035 0.423248 
0.400795 -0.504304 0.485867 
-0.614467 -0.274088 0.423236 
0.400795 -0.504304 0.485867 
-0.615162 -0.275632 0.422976 
0.400795 -0.504304 0.485867 
-0.61602 -0.277473 0.422787 
0.400795 -0.504304 0.485867 
-0.617 -0.279068 0.423057 
0.400795 -0.504304 0.485867 
-0.618063 -0.281161 0.423039 
0.400795 -0.504304 0.485867 
-0.619212 -0.283201 0.42309 
0.400795 -0.504304 0.485867 
-0.620251 -0.285215 0.423285 
0.400795 -0.504304 0.485867 
-0.621264 -0.287334 0.423432 
0.400795 -0.504304 0.485867 
-0.622115 -0.289188 0.424152 
0.400795 -0.504304 0.485867 
-0.622521 -0.290366 0.424983 
0.400795 -0.504304 0.485867 
-0.622798 -0.291843 0.425938 
0.400795 -0.504304 0.485867 
-0.622715 -0.292792 0.427212 
0.400795 -0.504304 0.485867 
-0.622233 -0.293184 0.428766 
0.400795 -0.504304 0.485867 
-0.621303 -0.293014 0.430486 
0.400795 -0.504304 0.485867 
-0.620036 -0.292804 0.43249 
0.400795 -0.504304 0.485867 
-0.618668 -0.29239 0.43441 
0.400795 -0.504304 0.485867 
-0.616991 -0.29192 0.436145 
0.400795 -0.504304 0.485867 
-0.615162 -0.291306 0.438261 
0.400795 -0.504304 0.485867 
-0.61345 -0.290882 0.440173 
0.400795 -0.504304 0.485867 
-0.611905 -0.290515 0.442078 
0.400795 -0.504304 0.485867 
-0.610161 -0.289888 0.443937 
0.400795 -0.504304 0.485867 
-0.609074 -0.289521 0.445016 
0.400795 -0.504304 0.485867 
-0.607845 -0.289252 0.445801 
0.400795 -0.504304 0.485867 
-0.606996 -0.289136 0.446672 
0.400795 -0.504304 0.485867 
-0.606207 -0.28895 0.44728 
0.400795 -0.504304 0.485867 
-0.605445 -0.288941 0.447005 
0.400795 -0.504304 0.485867 
-0.605141 -0.288974 0.447145 
0.400795 -0.504304 0.485867 
-0.605083 -0.288986 0.447149 
0.400795 -0.504304 0.485867 
-0.605083 -0.288986 0.447149 
0.400795 -0.504304 0.485867 
-0.605083 -0.288986 0.447149 
0.400795 -0.504304 0.485867 
-0.605083 -0.288986 0.447149 
0.400795 -0.504304 0.485867 
-0.605083 -0.288986 0.447149 
0.400795 -0.504304 0.485867 
-0.605083 -0.288986 0.447149 
0.400795 -0.504304 0.485867 
-0.605083 -0.288986 0.447149 
0.400795 -0.504304 0.485867 
-0.605083 -0.288986 0.447149 
0.400795 -0.504304 0.485867 
-0.605083 -0.288986 0.447149 
0.400795 -0.504304 0.485867 
-0.605083 -0.288986 0.447149 
0.400795 -0.504304 0.485867 
-0.605083 -0.288986 0.447149 
0.400795 -0.504304 0.485867 
-0.605083 -0.288986 0.447149 
0.400795 -0.504304 0.485867 
-0.605083 -0.288986 0.447149 
0.400795 -0.504304 0.485867 
-0.605083 -0.288986 0.447149 
0.400795 -0.504304 0.485867 
-0.605083 -0.288986 0.447149 
0.400795 -0.504304 0.485867 
-0.605083 -0.288986 0.447149 
0.400795 -0.504304 0.485867 
-0.605083 -0.288986 0.447149 
0.400795 -0.504304 0.485867 
-0.605083 -0.288986 0.447149 
0.400795 -0.504304 0.485867 
-0.605083 -0.288986 0.447149 
0.400795 -0.504304 0.485867 
-0.605083 -0.288986 0.447149 
0.400795 -0.504304 0.485867 
-0.605083 -0.288986 0.447149 
0.400795 -0.504304 0.485867 
-0.605083 -0.288986 0.447149 
0.400795 -0.504304 0.485867 
-0.605083 -0.288986 0.447149 
0.400795 -0.504304 0.485867 
-0.605083 -0.288986 0.447149 
0.400795 -0.504304 0.485867 
-0.605083 -0.288986 0.447149 
0.400795 -0.504304 0.485867 
-0.605083 -0.288986 0.447149 
0.400795 -0.504304 0.485867 
-0.605083 -0.288986 0.447149 
0.400795 -0.504304 0.485867 
-0.605083 -0.288986 0.447149 
0.400795 -0.504304 0.485867 
-0.605083 -0.288986 0.447149 
0.400795 -0.504304 0.485867 
-0.605083 -0.288986 0.447149 
0.400795 -0.504304 0.485867 
-0.605083 -0.288986 0.447149 
0.400795 -0.504304 0.485867 
-0.605083 -0.288986 0.447149 
0.400795 -0.504304 0.485867 
-0.605083 -0.288986 0.447149 
0.400795 -0.504304 0.485867 
-0.605083 -0.288986 0.447149 
0.400795 -0.504304 0.485867 
-0.605083 -0.288986 0.447149 
0.400795 -0.504304 0.485867 
-0.605083 -0.288986 0.447149 
0.400795 -0.504304 0.485867 
-0.605083 -0.288986 0.447149 
0.400795 -0.504304 0.485867 
-0.605083 -0.288986 0.447149 
0.400795 -0.504304 0.485867 
-0.605083 -0.288986 0.447149 
0.400795 -0.504304 0.485867 
-0.605083 -0.288986 0.447149 
0.400795 -0.504304 0.485867 
-0.605174 -0.289065 0.446349 
0.400795 -0.504304 0.485867 
-0.605402 -0.289213 0.444564 
0.400795 -0.504304 0.485867 
-0.605794 -0.289358 0.441999 
0.400795 -0.504304 0.485867 
-0.606422 -0.289429 0.438657 
0.400795 -0.504304 0.485867 
