-0.597268 -0.255126 0.407261 
0.378644 -0.493492 0.439826 
-0.597268 -0.255126 0.407261 
0.378644 -0.493492 0.439826 
-0.597268 -0.255126 0.407261 
0.377839 -0.493902 0.445316 
-0.597268 -0.255126 0.407261 
0.377584 -0.49416 0.443787 
-0.597268 -0.255126 0.407261 
0.37773 -0.494489 0.445649 
-0.597268 -0.255126 0.407261 
0.377738 -0.494556 0.44532 
-0.597268 -0.255126 0.407261 
0.378217 -0.496158 0.445111 
-0.597268 -0.255126 0.407261 
0.378348 -0.497601 0.442785 
-0.597268 -0.255126 0.407261 
0.378728 -0.49798 0.443515 
-0.597268 -0.255126 0.407261 
0.379088 -0.49857 0.442955 
-0.597268 -0.255126 0.407261 
0.379415 -0.499424 0.442669 
-0.597268 -0.255126 0.407261 
0.379172 -0.499593 0.440176 
-0.597268 -0.255126 0.407261 
0.379286 -0.499999 0.441403 
-0.597268 -0.255126 0.407261 
0.379052 -0.500356 0.44047 
-0.597268 -0.255126 0.407261 
0.378933 -0.501588 0.439263 
-0.597268 -0.255126 0.407261 
0.379144 -0.503049 0.44013 
-0.597268 -0.255126 0.407261 
0.379275 -0.503768 0.44102 
-0.597268 -0.255126 0.407261 
0.379503 -0.504778 0.439713 
-0.597268 -0.255126 0.407261 
0.379608 -0.505939 0.441288 
-0.597268 -0.255126 0.407261 
0.379022 -0.506095 0.439328 
-0.597268 -0.255126 0.407261 
0.378553 -0.506864 0.441271 
-0.597268 -0.255126 0.407261 
0.377802 -0.508542 0.439452 
-0.597268 -0.255126 0.407261 
0.445569 -0.514335 0.495038 
-0.597268 -0.255126 0.407261 
0.445453 -0.51571 0.492752 
-0.597268 -0.255126 0.407261 
0.44659 -0.517771 0.490349 
-0.597268 -0.255126 0.407261 
0.446627 -0.51949 0.488662 
-0.597268 -0.255126 0.407261 
0.446231 -0.520062 0.48766 
-0.597268 -0.255126 0.407261 
0.445457 -0.521147 0.486662 
-0.597268 -0.255126 0.407261 
0.445813 -0.520978 0.488497 
-0.597268 -0.255126 0.407261 
0.445549 -0.52129 0.488369 
-0.597268 -0.255126 0.407261 
0.445633 -0.521512 0.48924 
-0.597268 -0.255126 0.407261 
0.445432 -0.521668 0.489572 
-0.597268 -0.255126 0.407261 
0.444827 -0.521945 0.488781 
-0.597268 -0.255126 0.407261 
0.444527 -0.52178 0.489111 
-0.597268 -0.255126 0.407261 
0.443665 -0.521195 0.489038 
-0.597268 -0.255126 0.407261 
0.442728 -0.522057 0.488944 
-0.597268 -0.255126 0.407261 
0.440834 -0.522071 0.488769 
-0.597268 -0.255126 0.407261 
0.439079 -0.522228 0.489128 
-0.597268 -0.255126 0.407261 
0.436648 -0.522734 0.489062 
-0.597268 -0.255126 0.407261 
0.435155 -0.522987 0.489431 
-0.597268 -0.255126 0.407261 
0.432781 -0.523436 0.488882 
-0.597268 -0.255126 0.407261 
0.430946 -0.523515 0.4897 
-0.597268 -0.255126 0.407261 
0.429831 -0.524005 0.491092 
-0.597268 -0.255126 0.407261 
0.427135 -0.525086 0.488741 
-0.597268 -0.255126 0.407261 
0.42566 -0.524634 0.490423 
-0.597268 -0.255126 0.407261 
0.423864 -0.525592 0.490258 
-0.597268 -0.255126 0.407261 
0.421952 -0.525209 0.490514 
-0.597268 -0.255126 0.407261 
0.419589 -0.525408 0.488924 
-0.597268 -0.255126 0.407261 
0.419457 -0.525386 0.490388 
-0.597268 -0.255126 0.407261 
0.41925 -0.525838 0.490651 
-0.597268 -0.255126 0.407261 
0.41937 -0.526338 0.49067 
-0.597268 -0.255126 0.407261 
0.41933 -0.526976 0.490001 
-0.597268 -0.255126 0.407261 
0.419588 -0.527384 0.490232 
-0.597268 -0.255126 0.407261 
0.419357 -0.527893 0.489496 
-0.597268 -0.255126 0.407261 
0.418855 -0.527543 0.488994 
-0.597268 -0.255126 0.407261 
0.418696 -0.527641 0.488949 
-0.597268 -0.255126 0.407261 
0.419159 -0.528264 0.489666 
-0.597268 -0.255126 0.407261 
0.419061 -0.528724 0.489445 
-0.597268 -0.255126 0.407261 
0.41864 -0.528652 0.488963 
-0.597268 -0.255126 0.407261 
0.419122 -0.529082 0.48967 
-0.597268 -0.255126 0.407261 
0.418658 -0.529897 0.487725 
-0.597268 -0.255126 0.407261 
0.419033 -0.530709 0.487614 
