-0.581457 -0.253015 0.405937 
0.371952 -0.461656 0.45548 
-0.581457 -0.253015 0.405937 
0.371952 -0.461657 0.45548 
-0.580043 -0.25273 0.404589 
0.371952 -0.461657 0.45548 
-0.581803 -0.251735 0.402964 
0.372257 -0.4609 0.455669 
-0.581385 -0.252939 0.405863 
0.372008 -0.461808 0.455448 
-0.581385 -0.252939 0.405863 
0.372007 -0.461808 0.455448 
-0.582123 -0.251874 0.403592 
0.372313 -0.461052 0.455639 
-0.581471 -0.25302 0.406489 
0.371876 -0.461486 0.455344 
-0.581406 -0.253 0.406272 
0.371969 -0.461671 0.45555 
-0.581435 -0.253036 0.406076 
0.371961 -0.461685 0.455509 
-0.581435 -0.253036 0.406076 
0.371961 -0.461685 0.455509 
-0.580647 -0.251652 0.404872 
0.370429 -0.462627 0.453648 
-0.583395 -0.250689 0.403723 
0.371493 -0.461894 0.452759 
-0.585393 -0.250196 0.402788 
0.372723 -0.461429 0.451042 
-0.586545 -0.250057 0.402869 
0.37421 -0.461381 0.448596 
-0.5879 -0.250012 0.402717 
0.375732 -0.460758 0.451925 
-0.591594 -0.249718 0.402099 
0.37971 -0.459516 0.453192 
-0.5943 -0.249687 0.401283 
0.382458 -0.458395 0.45298 
-0.596413 -0.249475 0.400637 
0.383862 -0.457908 0.453151 
-0.598906 -0.249504 0.399589 
0.386856 -0.457127 0.451173 
-0.601305 -0.249385 0.399245 
0.389272 -0.457259 0.451888 
-0.603223 -0.249046 0.398933 
0.39053 -0.456196 0.449531 
-0.605151 -0.249132 0.398788 
0.392561 -0.456846 0.450859 
-0.607382 -0.249032 0.398344 
0.394914 -0.45584 0.452051 
-0.608874 -0.248772 0.398039 
0.396078 -0.455052 0.452632 
-0.6102 -0.248835 0.397666 
0.39823 -0.455322 0.453787 
-0.612002 -0.24908 0.39736 
0.40018 -0.455359 0.45299 
-0.614172 -0.248816 0.397382 
0.402697 -0.454958 0.452217 
-0.581396 -0.253026 0.406002 
0.372057 -0.461637 0.455944 
-0.585211 -0.251737 0.404091 
0.370057 -0.463066 0.452604 
-0.584562 -0.251192 0.403723 
0.372062 -0.461928 0.452258 
-0.587724 -0.250089 0.402614 
0.375981 -0.460828 0.452848 
-0.58914 -0.250064 0.402537 
0.377934 -0.459576 0.452441 
-0.591513 -0.249919 0.401963 
0.379846 -0.459577 0.451955 
-0.594229 -0.249796 0.40114 
0.383115 -0.458594 0.452915 
-0.597073 -0.249498 0.400441 
0.385682 -0.458175 0.453916 
-0.600078 -0.24929 0.399709 
0.388025 -0.457011 0.454151 
-0.602935 -0.248914 0.398955 
0.390287 -0.457287 0.452912 
-0.603895 -0.248968 0.398629 
0.39198 -0.456662 0.453049 
-0.605221 -0.249095 0.398493 
0.393028 -0.456591 0.453113 
-0.607169 -0.248953 0.398555 
0.395177 -0.456317 0.454828 
-0.608975 -0.249117 0.398113 
0.397418 -0.456165 0.453992 
-0.610699 -0.248961 0.397882 
0.398587 -0.455427 0.451946 
-0.612228 -0.248927 0.397892 
0.400299 -0.455815 0.453029 
-0.614583 -0.248762 0.397537 
0.402841 -0.455452 0.45303 
-0.581182 -0.252849 0.405949 
-0.581182 -0.25285 0.405949 
