-0.59623 -0.190796 0.484352 
0.400795 -0.504304 0.485867 
-0.59623 -0.190796 0.484352 
0.400795 -0.504304 0.485867 
-0.59623 -0.190796 0.484352 
0.400795 -0.504304 0.485867 
-0.590028 -0.214476 0.46244 
0.400795 -0.504304 0.485867 
-0.590476 -0.235582 0.440544 
0.400795 -0.504304 0.485867 
-0.595655 -0.252799 0.420853 
0.400795 -0.504304 0.485867 
-0.601643 -0.267738 0.403759 
0.400795 -0.504304 0.485867 
-0.600335 -0.270561 0.406559 
0.400795 -0.504304 0.485867 
-0.599849 -0.26548 0.414846 
0.400795 -0.504304 0.485867 
-0.599111 -0.263226 0.420677 
0.400795 -0.504304 0.485867 
-0.598153 -0.264495 0.422119 
0.400795 -0.504304 0.485867 
-0.59913 -0.260257 0.427501 
0.400795 -0.504304 0.485867 
-0.598297 -0.262863 0.42531 
0.400795 -0.504304 0.485867 
-0.598029 -0.263963 0.424812 
0.400795 -0.504304 0.485867 
-0.59791 -0.264018 0.42456 
0.400795 -0.504304 0.485867 
-0.597872 -0.264156 0.42473 
0.400795 -0.504304 0.485867 
-0.597828 -0.264314 0.424605 
0.400795 -0.504304 0.485867 
-0.597823 -0.264288 0.424593 
0.400795 -0.504304 0.485867 
-0.597705 -0.264032 0.424581 
0.400795 -0.504304 0.485867 
-0.59747 -0.263784 0.424457 
0.400795 -0.504304 0.485867 
-0.597069 -0.263123 0.424685 
0.400795 -0.504304 0.485867 
-0.596595 -0.262206 0.424729 
0.400795 -0.504304 0.485867 
-0.596086 -0.261054 0.424985 
0.400795 -0.504304 0.485867 
-0.595435 -0.259951 0.425301 
0.400795 -0.504304 0.485867 
-0.59482 -0.257472 0.425323 
0.400795 -0.504304 0.485867 
-0.59428 -0.255046 0.424651 
0.400795 -0.504304 0.485867 
-0.593855 -0.253141 0.424926 
0.400795 -0.504304 0.485867 
-0.593266 -0.249575 0.425245 
0.400795 -0.504304 0.485867 
-0.592726 -0.247246 0.425032 
0.400795 -0.504304 0.485867 
-0.592371 -0.244327 0.425411 
0.400795 -0.504304 0.485867 
-0.592177 -0.241696 0.425694 
0.400795 -0.504304 0.485867 
-0.592171 -0.23865 0.425145 
0.400795 -0.504304 0.485867 
-0.592273 -0.236116 0.425303 
0.400795 -0.504304 0.485867 
-0.592564 -0.233506 0.424412 
0.400795 -0.504304 0.485867 
-0.592794 -0.231364 0.424922 
0.400795 -0.504304 0.485867 
-0.592704 -0.229291 0.424917 
0.400795 -0.504304 0.485867 
-0.59318 -0.228081 0.424596 
0.400795 -0.504304 0.485867 
-0.593456 -0.226691 0.424933 
0.400795 -0.504304 0.485867 
-0.593368 -0.225019 0.424836 
0.400795 -0.504304 0.485867 
-0.593883 -0.22398 0.425101 
0.400795 -0.504304 0.485867 
-0.594217 -0.222842 0.424617 
0.400795 -0.504304 0.485867 
-0.594474 -0.222415 0.424986 
0.400795 -0.504304 0.485867 
-0.594721 -0.220654 0.424812 
0.400795 -0.504304 0.485867 
-0.594869 -0.219898 0.425562 
0.400795 -0.504304 0.485867 
-0.594979 -0.219292 0.426339 
0.400795 -0.504304 0.485867 
-0.595041 -0.21803 0.426304 
0.400795 -0.504304 0.485867 
-0.595171 -0.216093 0.427199 
0.400795 -0.504304 0.485867 
-0.595475 -0.214552 0.427752 
0.400795 -0.504304 0.485867 
-0.595709 -0.213161 0.42841 
0.400795 -0.504304 0.485867 
-0.596085 -0.211166 0.428933 
0.400795 -0.504304 0.485867 
-0.596371 -0.209974 0.429934 
0.400795 -0.504304 0.485867 
-0.596669 -0.208012 0.430873 
0.400795 -0.504304 0.485867 
-0.597004 -0.205216 0.431524 
0.400795 -0.504304 0.485867 
-0.597271 -0.202919 0.432312 
0.400795 -0.504304 0.485867 
-0.597713 -0.200013 0.433057 
0.400795 -0.504304 0.485867 
-0.598313 -0.196981 0.434259 
0.400795 -0.504304 0.485867 
-0.598865 -0.194006 0.435097 
0.400795 -0.504304 0.485867 
-0.59937 -0.191038 0.435859 
0.400795 -0.504304 0.485867 
-0.599883 -0.188001 0.436375 
0.400795 -0.504304 0.485867 
-0.600382 -0.185001 0.43674 
0.400795 -0.504304 0.485867 
-0.600784 -0.181781 0.436932 
0.400795 -0.504304 0.485867 
-0.601159 -0.178767 0.436869 
0.400795 -0.504304 0.485867 
-0.601461 -0.175806 0.436421 
0.400795 -0.504304 0.485867 
-0.601834 -0.173326 0.436192 
0.400795 -0.504304 0.485867 
-0.602188 -0.1712 0.435807 
0.400795 -0.504304 0.485867 
-0.602538 -0.16909 0.435342 
0.400795 -0.504304 0.485867 
-0.602745 -0.167745 0.434814 
0.400795 -0.504304 0.485867 
-0.603029 -0.166202 0.434277 
0.400795 -0.504304 0.485867 
-0.60333 -0.16469 0.433657 
0.400795 -0.504304 0.485867 
-0.603611 -0.16345 0.433234 
0.400795 -0.504304 0.485867 
-0.604027 -0.162352 0.432634 
0.400795 -0.504304 0.485867 
-0.604551 -0.160983 0.432277 
0.400795 -0.504304 0.485867 
-0.605217 -0.160194 0.43179 
0.400795 -0.504304 0.485867 
-0.605849 -0.159418 0.431501 
0.400795 -0.504304 0.485867 
-0.606577 -0.158415 0.431196 
0.400795 -0.504304 0.485867 
-0.60729 -0.157407 0.431464 
0.400795 -0.504304 0.485867 
-0.608046 -0.156835 0.431036 
0.400795 -0.504304 0.485867 
-0.60874 -0.156214 0.431124 
0.400795 -0.504304 0.485867 
-0.609368 -0.155448 0.431498 
0.400795 -0.504304 0.485867 
-0.609938 -0.154911 0.431231 
0.400795 -0.504304 0.485867 
-0.610399 -0.15431 0.431466 
0.400795 -0.504304 0.485867 
-0.610753 -0.153927 0.431511 
0.400795 -0.504304 0.485867 
-0.611004 -0.153726 0.431646 
0.400795 -0.504304 0.485867 
-0.611186 -0.153756 0.431819 
0.400795 -0.504304 0.485867 
-0.611277 -0.153943 0.432065 
0.400795 -0.504304 0.485867 
-0.611231 -0.154327 0.432304 
0.400795 -0.504304 0.485867 
-0.611001 -0.154909 0.432529 
0.400795 -0.504304 0.485867 
-0.610594 -0.155718 0.432777 
0.400795 -0.504304 0.485867 
-0.610102 -0.15677 0.433032 
0.400795 -0.504304 0.485867 
-0.60959 -0.158106 0.433465 
0.400795 -0.504304 0.485867 
-0.609087 -0.159352 0.433268 
0.400795 -0.504304 0.485867 
-0.608397 -0.161149 0.433766 
0.400795 -0.504304 0.485867 
-0.607771 -0.162631 0.434085 
0.400795 -0.504304 0.485867 
-0.607066 -0.164606 0.434812 
0.400795 -0.504304 0.485867 
-0.606327 -0.166138 0.434878 
0.400795 -0.504304 0.485867 
-0.605482 -0.168088 0.435042 
0.400795 -0.504304 0.485867 
-0.604685 -0.170378 0.435457 
0.400795 -0.504304 0.485867 
-0.603857 -0.173519 0.43605 
0.400795 -0.504304 0.485867 
-0.603117 -0.176611 0.436562 
0.400795 -0.504304 0.485867 
-0.602313 -0.180009 0.436992 
0.400795 -0.504304 0.485867 
-0.601536 -0.183053 0.437165 
0.400795 -0.504304 0.485867 
-0.600834 -0.186147 0.437293 
0.400795 -0.504304 0.485867 
-0.600296 -0.189229 0.437428 
0.400795 -0.504304 0.485867 
-0.599838 -0.192092 0.437419 
0.400795 -0.504304 0.485867 
-0.599346 -0.195345 0.437441 
0.400795 -0.504304 0.485867 
-0.599073 -0.197695 0.437358 
0.400795 -0.504304 0.485867 
-0.598976 -0.199352 0.437081 
0.400795 -0.504304 0.485867 
-0.598795 -0.2008 0.436765 
0.400795 -0.504304 0.485867 
-0.598651 -0.201674 0.436287 
0.400795 -0.504304 0.485867 
-0.598519 -0.202416 0.436393 
0.400795 -0.504304 0.485867 
-0.598359 -0.203239 0.436154 
0.400795 -0.504304 0.485867 
-0.598228 -0.204343 0.43611 
0.400795 -0.504304 0.485867 
-0.598142 -0.205539 0.435954 
0.400795 -0.504304 0.485867 
-0.598041 -0.206696 0.435792 
0.400795 -0.504304 0.485867 
-0.597943 -0.20863 0.435509 
0.400795 -0.504304 0.485867 
-0.597811 -0.210346 0.435509 
0.400795 -0.504304 0.485867 
-0.597699 -0.212345 0.435728 
0.400795 -0.504304 0.485867 
-0.597586 -0.21407 0.435545 
0.400795 -0.504304 0.485867 
-0.597544 -0.216093 0.434993 
0.400795 -0.504304 0.485867 
-0.597641 -0.218586 0.434961 
0.400795 -0.504304 0.485867 
-0.597878 -0.220571 0.434439 
0.400795 -0.504304 0.485867 
-0.59827 -0.222892 0.434424 
0.400795 -0.504304 0.485867 
-0.598811 -0.225804 0.433558 
0.400795 -0.504304 0.485867 
-0.599303 -0.228029 0.433193 
0.400795 -0.504304 0.485867 
-0.599802 -0.230594 0.432845 
0.400795 -0.504304 0.485867 
-0.600348 -0.233453 0.432197 
0.400795 -0.504304 0.485867 
-0.601114 -0.236704 0.430934 
0.400795 -0.504304 0.485867 
-0.60182 -0.239522 0.429709 
0.400795 -0.504304 0.485867 
-0.602336 -0.242476 0.428674 
0.400795 -0.504304 0.485867 
-0.602873 -0.245444 0.427184 
0.400795 -0.504304 0.485867 
-0.603534 -0.248368 0.425581 
0.400795 -0.504304 0.485867 
-0.604059 -0.250928 0.424226 
0.400795 -0.504304 0.485867 
-0.604593 -0.252939 0.42253 
0.400795 -0.504304 0.485867 
-0.604967 -0.25433 0.421214 
0.400795 -0.504304 0.485867 
-0.605304 -0.255216 0.420405 
0.400795 -0.504304 0.485867 
-0.60572 -0.256093 0.41955 
0.400795 -0.504304 0.485867 
-0.606153 -0.25679 0.419194 
0.400795 -0.504304 0.485867 
-0.606453 -0.257299 0.418745 
0.400795 -0.504304 0.485867 
-0.606714 -0.257323 0.418495 
0.400795 -0.504304 0.485867 
-0.607097 -0.257287 0.418492 
0.400795 -0.504304 0.485867 
-0.607446 -0.257328 0.418685 
0.400795 -0.504304 0.485867 
-0.607675 -0.256948 0.41871 
0.400795 -0.504304 0.485867 
-0.607714 -0.256544 0.418896 
0.400795 -0.504304 0.485867 
-0.607509 -0.256216 0.418917 
0.400795 -0.504304 0.485867 
-0.60742 -0.255679 0.418841 
0.400795 -0.504304 0.485867 
-0.607313 -0.255578 0.418878 
0.400795 -0.504304 0.485867 
-0.607134 -0.255334 0.418675 
0.400795 -0.504304 0.485867 
-0.606867 -0.255262 0.418703 
0.400795 -0.504304 0.485867 
-0.606605 -0.255165 0.418211 
0.400795 -0.504304 0.485867 
-0.606363 -0.255271 0.417922 
0.400795 -0.504304 0.485867 
-0.606157 -0.255251 0.417652 
0.400795 -0.504304 0.485867 
-0.606012 -0.255342 0.417369 
0.400795 -0.504304 0.485867 
-0.605966 -0.255581 0.417194 
0.400795 -0.504304 0.485867 
-0.605917 -0.255545 0.417297 
0.400795 -0.504304 0.485867 
-0.605981 -0.255626 0.417547 
0.400795 -0.504304 0.485867 
-0.605979 -0.25577 0.417601 
0.400795 -0.504304 0.485867 
-0.606 -0.255949 0.417619 
0.400795 -0.504304 0.485867 
-0.605975 -0.255924 0.417587 
0.400795 -0.504304 0.485867 
-0.605984 -0.255832 0.417428 
0.400795 -0.504304 0.485867 
-0.605964 -0.255758 0.417489 
0.400795 -0.504304 0.485867 
-0.605993 -0.255878 0.417576 
0.400795 -0.504304 0.485867 
-0.606042 -0.255825 0.41768 
0.400795 -0.504304 0.485867 
-0.606165 -0.25604 0.417713 
0.400795 -0.504304 0.485867 
-0.606112 -0.255856 0.417881 
0.400795 -0.504304 0.485867 
-0.606067 -0.255871 0.418004 
0.400795 -0.504304 0.485867 
-0.606063 -0.255819 0.417929 
0.400795 -0.504304 0.485867 
-0.606143 -0.255973 0.417931 
0.400795 -0.504304 0.485867 
-0.606147 -0.256001 0.41797 
0.400795 -0.504304 0.485867 
-0.60611 -0.256092 0.418131 
0.400795 -0.504304 0.485867 
-0.6061 -0.256306 0.418362 
0.400795 -0.504304 0.485867 
-0.605981 -0.256356 0.418544 
0.400795 -0.504304 0.485867 
-0.605719 -0.256322 0.418828 
0.400795 -0.504304 0.485867 
-0.605405 -0.256325 0.418933 
0.400795 -0.504304 0.485867 
-0.605193 -0.256359 0.419103 
0.400795 -0.504304 0.485867 
-0.604964 -0.256102 0.419577 
0.400795 -0.504304 0.485867 
-0.604873 -0.256204 0.419714 
0.400795 -0.504304 0.485867 
-0.604669 -0.256306 0.419938 
0.400795 -0.504304 0.485867 
-0.604322 -0.256146 0.420063 
0.400795 -0.504304 0.485867 
-0.604147 -0.256019 0.420065 
0.400795 -0.504304 0.485867 
-0.603934 -0.255839 0.420308 
0.400795 -0.504304 0.485867 
-0.603823 -0.2558 0.420246 
0.400795 -0.504304 0.485867 
-0.603683 -0.25551 0.420567 
0.400795 -0.504304 0.485867 
-0.603535 -0.255096 0.420754 
0.400795 -0.504304 0.485867 
-0.603434 -0.254661 0.420901 
0.400795 -0.504304 0.485867 
-0.603271 -0.254293 0.42109 
0.400795 -0.504304 0.485867 
-0.603098 -0.253596 0.421253 
0.400795 -0.504304 0.485867 
-0.602878 -0.252906 0.421507 
0.400795 -0.504304 0.485867 
-0.602752 -0.252254 0.421769 
0.400795 -0.504304 0.485867 
-0.602551 -0.251408 0.421959 
0.400795 -0.504304 0.485867 
-0.602352 -0.250282 0.422338 
0.400795 -0.504304 0.485867 
-0.602092 -0.249515 0.422522 
0.400795 -0.504304 0.485867 
-0.601862 -0.248611 0.422638 
0.400795 -0.504304 0.485867 
-0.601641 -0.24765 0.422834 
0.400795 -0.504304 0.485867 
-0.601502 -0.246725 0.422789 
0.400795 -0.504304 0.485867 
-0.601433 -0.246126 0.422609 
0.400795 -0.504304 0.485867 
-0.601372 -0.245371 0.422679 
0.400795 -0.504304 0.485867 
-0.601277 -0.244831 0.422486 
0.400795 -0.504304 0.485867 
-0.601217 -0.24439 0.422334 
0.400795 -0.504304 0.485867 
-0.601201 -0.243971 0.422146 
0.400795 -0.504304 0.485867 
-0.601306 -0.243744 0.42211 
0.400795 -0.504304 0.485867 
-0.601433 -0.243759 0.422056 
0.400795 -0.504304 0.485867 
-0.601614 -0.24396 0.421956 
0.400795 -0.504304 0.485867 
-0.601729 -0.243774 0.422027 
0.400795 -0.504304 0.485867 
-0.601941 -0.244092 0.42204 
0.400795 -0.504304 0.485867 
-0.602349 -0.244853 0.421846 
0.400795 -0.504304 0.485867 
-0.60272 -0.245721 0.421933 
0.400795 -0.504304 0.485867 
-0.603226 -0.247104 0.422015 
0.400795 -0.504304 0.485867 
-0.603844 -0.248246 0.422205 
0.400795 -0.504304 0.485867 
-0.604588 -0.249748 0.422481 
0.400795 -0.504304 0.485867 
-0.605384 -0.251651 0.422466 
0.400795 -0.504304 0.485867 
-0.606109 -0.25335 0.422796 
0.400795 -0.504304 0.485867 
-0.606931 -0.255362 0.422761 
0.400795 -0.504304 0.485867 
-0.607576 -0.257166 0.422688 
0.400795 -0.504304 0.485867 
-0.608281 -0.25896 0.422678 
0.400795 -0.504304 0.485867 
-0.608799 -0.260698 0.422738 
0.400795 -0.504304 0.485867 
-0.609341 -0.262208 0.422682 
0.400795 -0.504304 0.485867 
-0.609655 -0.263655 0.422564 
0.400795 -0.504304 0.485867 
-0.61004 -0.264567 0.422686 
0.400795 -0.504304 0.485867 
-0.610354 -0.265745 0.422493 
0.400795 -0.504304 0.485867 
-0.610712 -0.266685 0.422279 
0.400795 -0.504304 0.485867 
-0.611212 -0.267986 0.42204 
0.400795 -0.504304 0.485867 
-0.611832 -0.269284 0.421724 
0.400795 -0.504304 0.485867 
-0.612621 -0.270858 0.421654 
0.400795 -0.504304 0.485867 
-0.613603 -0.27274 0.421718 
0.400795 -0.504304 0.485867 
-0.614611 -0.274644 0.421902 
0.400795 -0.504304 0.485867 
-0.615756 -0.276787 0.421812 
0.400795 -0.504304 0.485867 
-0.616772 -0.278986 0.421925 
0.400795 -0.504304 0.485867 
-0.617763 -0.28076 0.42194 
0.400795 -0.504304 0.485867 
-0.61846 -0.282484 0.422651 
0.400795 -0.504304 0.485867 
-0.618793 -0.28416 0.42355 
0.400795 -0.504304 0.485867 
-0.618882 -0.285424 0.42487 
0.400795 -0.504304 0.485867 
-0.618822 -0.286079 0.426191 
0.400795 -0.504304 0.485867 
-0.618354 -0.286267 0.427648 
0.400795 -0.504304 0.485867 
-0.617624 -0.286353 0.429156 
0.400795 -0.504304 0.485867 
-0.616525 -0.286263 0.430606 
0.400795 -0.504304 0.485867 
-0.615036 -0.285614 0.432724 
0.400795 -0.504304 0.485867 
-0.613352 -0.285098 0.434702 
0.400795 -0.504304 0.485867 
-0.611557 -0.284503 0.436886 
0.400795 -0.504304 0.485867 
-0.609867 -0.283981 0.438831 
0.400795 -0.504304 0.485867 
-0.608312 -0.283488 0.440613 
0.400795 -0.504304 0.485867 
-0.606725 -0.282956 0.44229 
0.400795 -0.504304 0.485867 
-0.605275 -0.282752 0.442408 
0.400795 -0.504304 0.485867 
-0.604052 -0.282478 0.443311 
0.400795 -0.504304 0.485867 
-0.603028 -0.282292 0.444022 
0.400795 -0.504304 0.485867 
-0.602224 -0.28218 0.444554 
0.400795 -0.504304 0.485867 
-0.601628 -0.282094 0.444904 
0.400795 -0.504304 0.485867 
-0.601318 -0.282119 0.445048 
0.400795 -0.504304 0.485867 
-0.601259 -0.282128 0.445053 
0.400795 -0.504304 0.485867 
-0.601259 -0.282128 0.445053 
0.400795 -0.504304 0.485867 
-0.601259 -0.282128 0.445053 
0.400795 -0.504304 0.485867 
-0.601259 -0.282128 0.445053 
0.400795 -0.504304 0.485867 
-0.601259 -0.282128 0.445053 
0.400795 -0.504304 0.485867 
-0.601259 -0.282128 0.445053 
0.400795 -0.504304 0.485867 
-0.601259 -0.282128 0.445053 
0.400795 -0.504304 0.485867 
-0.601259 -0.282128 0.445053 
0.400795 -0.504304 0.485867 
-0.601259 -0.282128 0.445053 
0.400795 -0.504304 0.485867 
-0.601259 -0.282128 0.445053 
0.400795 -0.504304 0.485867 
-0.601259 -0.282128 0.445053 
0.400795 -0.504304 0.485867 
-0.601259 -0.282128 0.445053 
0.400795 -0.504304 0.485867 
-0.601259 -0.282128 0.445053 
0.400795 -0.504304 0.485867 
-0.601259 -0.282128 0.445053 
0.400795 -0.504304 0.485867 
-0.601259 -0.282128 0.445053 
0.400795 -0.504304 0.485867 
-0.601259 -0.282128 0.445053 
0.400795 -0.504304 0.485867 
-0.601259 -0.282128 0.445053 
0.400795 -0.504304 0.485867 
-0.601259 -0.282128 0.445053 
0.400795 -0.504304 0.485867 
-0.601259 -0.282128 0.445053 
0.400795 -0.504304 0.485867 
-0.601259 -0.282128 0.445053 
0.400795 -0.504304 0.485867 
-0.601259 -0.282128 0.445053 
0.400795 -0.504304 0.485867 
-0.601259 -0.282128 0.445053 
0.400795 -0.504304 0.485867 
-0.601259 -0.282128 0.445053 
0.400795 -0.504304 0.485867 
-0.601259 -0.282128 0.445053 
0.400795 -0.504304 0.485867 
-0.601259 -0.282128 0.445053 
0.400795 -0.504304 0.485867 
-0.601259 -0.282128 0.445053 
0.400795 -0.504304 0.485867 
-0.601259 -0.282128 0.445053 
0.400795 -0.504304 0.485867 
-0.601259 -0.282128 0.445053 
0.400795 -0.504304 0.485867 
-0.601259 -0.282128 0.445053 
0.400795 -0.504304 0.485867 
-0.601259 -0.282128 0.445053 
0.400795 -0.504304 0.485867 
-0.601259 -0.282128 0.445053 
0.400795 -0.504304 0.485867 
-0.601259 -0.282128 0.445053 
0.400795 -0.504304 0.485867 
-0.601259 -0.282128 0.445053 
0.400795 -0.504304 0.485867 
-0.601259 -0.282128 0.445053 
0.400795 -0.504304 0.485867 
-0.601259 -0.282128 0.445053 
0.400795 -0.504304 0.485867 
-0.601259 -0.282128 0.445053 
0.400795 -0.504304 0.485867 
-0.601259 -0.282128 0.445053 
0.400795 -0.504304 0.485867 
-0.601259 -0.282128 0.445053 
0.400795 -0.504304 0.485867 
-0.601259 -0.282128 0.445053 
0.400795 -0.504304 0.485867 
-0.601259 -0.282128 0.445053 
0.400795 -0.504304 0.485867 
-0.601341 -0.282205 0.444276 
0.400795 -0.504304 0.485867 
-0.60155 -0.282348 0.442542 
0.400795 -0.504304 0.485867 
-0.601916 -0.282489 0.440049 
0.400795 -0.504304 0.485867 
-0.602508 -0.282559 0.436802 
0.400795 -0.504304 0.485867 
-0.600963 -0.280817 0.440908 
0.400795 -0.504304 0.485867 
-0.598797 -0.278105 0.447969 
0.400795 -0.504304 0.485867 
-0.596731 -0.274692 0.456218 
0.400795 -0.504304 0.485867 
-0.594983 -0.270477 0.465623 
0.400795 -0.504304 0.485867 
-0.593808 -0.265366 0.476095 
0.400795 -0.504304 0.485867 
-0.593476 -0.259295 0.487454 
0.400795 -0.504304 0.485867 
-0.594224 -0.252396 0.499196 
0.400795 -0.504304 0.485867 
-0.596003 -0.245453 0.509991 
0.400795 -0.504304 0.485867 
