-0.591229 -0.218128 0.341339 
0.400795 -0.504304 0.485867 
-0.59123 -0.218129 0.341338 
0.400795 -0.504304 0.485867 
-0.591152 -0.217931 0.340646 
0.400795 -0.504304 0.485867 
-0.591246 -0.218328 0.341148 
0.400795 -0.504304 0.485867 
-0.591347 -0.218111 0.340706 
0.400795 -0.504304 0.485867 
-0.591096 -0.218178 0.341089 
0.400795 -0.504304 0.485867 
-0.591305 -0.218334 0.341092 
0.400795 -0.504304 0.485867 
-0.591355 -0.218059 0.341155 
0.400795 -0.504304 0.485867 
-0.591133 -0.218169 0.341319 
0.400795 -0.504304 0.485867 
-0.591334 -0.218241 0.341105 
0.400795 -0.504304 0.485867 
-0.59136 -0.217941 0.341037 
0.400795 -0.504304 0.485867 
-0.591172 -0.218032 0.340862 
0.400795 -0.504304 0.485867 
-0.591355 -0.218137 0.341091 
0.400795 -0.504304 0.485867 
-0.591467 -0.218291 0.340936 
0.400795 -0.504304 0.485867 
-0.591385 -0.218274 0.340923 
0.400795 -0.504304 0.485867 
-0.59146 -0.217956 0.341065 
0.400795 -0.504304 0.485867 
-0.591506 -0.21802 0.340904 
0.400795 -0.504304 0.485867 
