-0.594127 -0.186395 0.345919 
0.400795 -0.504304 0.485867 
-0.594128 -0.186396 0.345919 
0.400795 -0.504304 0.485867 
-0.593518 -0.18655 0.345507 
0.400795 -0.504304 0.485867 
-0.594124 -0.186734 0.345154 
0.400795 -0.504304 0.485867 
-0.59422 -0.187019 0.345398 
0.400795 -0.504304 0.485867 
-0.594209 -0.187036 0.344952 
0.400795 -0.504304 0.485867 
-0.59397 -0.187152 0.345878 
0.400795 -0.504304 0.485867 
-0.593969 -0.187052 0.346145 
0.400795 -0.504304 0.485867 
-0.594095 -0.186834 0.345844 
0.400795 -0.504304 0.485867 
-0.594005 -0.187026 0.346224 
0.400795 -0.504304 0.485867 
-0.594167 -0.187051 0.345952 
0.400795 -0.504304 0.485867 
-0.594248 -0.186636 0.345631 
0.400795 -0.504304 0.485867 
-0.594422 -0.186778 0.345598 
0.400795 -0.504304 0.485867 
-0.594301 -0.186746 0.34551 
0.400795 -0.504304 0.485867 
-0.594177 -0.186727 0.345725 
0.400795 -0.504304 0.485867 
-0.59404 -0.186742 0.34606 
0.400795 -0.504304 0.485867 
-0.594219 -0.187037 0.345839 
0.400795 -0.504304 0.485867 
-0.594217 -0.187217 0.34571 
0.400795 -0.504304 0.485867 
-0.594229 -0.186891 0.345542 
0.400795 -0.504304 0.485867 
-0.593969 -0.187161 0.345686 
0.400795 -0.504304 0.485867 
-0.59409 -0.187345 0.345849 
0.400795 -0.504304 0.485867 
-0.593983 -0.187182 0.345933 
0.400795 -0.504304 0.485867 
-0.594181 -0.18684 0.345674 
0.400795 -0.504304 0.485867 
-0.59401 -0.18725 0.346038 
0.400795 -0.504304 0.485867 
-0.594256 -0.187018 0.345387 
0.400795 -0.504304 0.485867 
-0.59426 -0.187085 0.345615 
0.400795 -0.504304 0.485867 
-0.594364 -0.186914 0.345576 
0.400795 -0.504304 0.485867 
-0.594255 -0.186974 0.345678 
0.400795 -0.504304 0.485867 
-0.594159 -0.187199 0.346131 
0.400795 -0.504304 0.485867 
-0.593997 -0.187118 0.346085 
0.400795 -0.504304 0.485867 
-0.593965 -0.187015 0.346107 
0.400795 -0.504304 0.485867 
-0.59423 -0.186913 0.345989 
0.400795 -0.504304 0.485867 
-0.594077 -0.187303 0.346011 
0.400795 -0.504304 0.485867 
-0.594161 -0.186982 0.345974 
0.400795 -0.504304 0.485867 
-0.594095 -0.186754 0.345998 
0.400795 -0.504304 0.485867 
-0.594223 -0.186644 0.345822 
0.400795 -0.504304 0.485867 
-0.594271 -0.186623 0.345962 
0.400795 -0.504304 0.485867 
-0.594345 -0.186785 0.345464 
0.400795 -0.504304 0.485867 
