-0.597268 -0.255126 0.407261 
0.391273 -0.499777 0.455855 
-0.597268 -0.255126 0.407261 
0.389694 -0.49997 0.456092 
-0.597268 -0.255126 0.407261 
0.390378 -0.500051 0.454893 
-0.597268 -0.255126 0.407261 
0.390233 -0.499937 0.455614 
-0.597268 -0.255126 0.407261 
0.390196 -0.499933 0.455473 
-0.597268 -0.255126 0.407261 
0.390136 -0.500121 0.455403 
-0.597268 -0.255126 0.407261 
0.390248 -0.500804 0.454318 
-0.597268 -0.255126 0.407261 
0.390412 -0.501728 0.453433 
-0.597268 -0.255126 0.407261 
0.391111 -0.503061 0.454228 
-0.597268 -0.255126 0.407261 
0.391546 -0.503673 0.453643 
-0.597268 -0.255126 0.407261 
0.39166 -0.503975 0.453186 
-0.597268 -0.255126 0.407261 
0.391526 -0.504361 0.452591 
-0.597268 -0.255126 0.407261 
0.39134 -0.504858 0.451152 
-0.597268 -0.255126 0.407261 
0.391383 -0.505557 0.451582 
-0.597268 -0.255126 0.407261 
0.391391 -0.507058 0.450749 
-0.597268 -0.255126 0.407261 
0.391431 -0.508378 0.450137 
-0.597268 -0.255126 0.407261 
0.391741 -0.510171 0.451005 
-0.597268 -0.255126 0.407261 
0.391697 -0.511081 0.450402 
-0.597268 -0.255126 0.407261 
0.391988 -0.511728 0.451929 
-0.597268 -0.255126 0.407261 
0.391409 -0.512245 0.450731 
-0.597268 -0.255126 0.407261 
0.390494 -0.511841 0.448864 
-0.597268 -0.255126 0.407261 
0.390076 -0.512717 0.450831 
-0.597268 -0.255126 0.407261 
0.447567 -0.496361 0.486612 
-0.597268 -0.255126 0.407261 
0.447352 -0.499945 0.485137 
-0.597268 -0.255126 0.407261 
0.449276 -0.500317 0.4833 
-0.597268 -0.255126 0.407261 
0.450052 -0.5008 0.483539 
-0.597268 -0.255126 0.407261 
0.449933 -0.501592 0.482802 
-0.597268 -0.255126 0.407261 
0.44732 -0.49941 0.484664 
-0.597268 -0.255126 0.407261 
0.448792 -0.501938 0.48319 
-0.597268 -0.255126 0.407261 
0.446786 -0.50044 0.484319 
-0.597268 -0.255126 0.407261 
0.447397 -0.50174 0.482215 
-0.597268 -0.255126 0.407261 
0.447642 -0.502398 0.482326 
-0.597268 -0.255126 0.407261 
0.44613 -0.501696 0.483382 
-0.597268 -0.255126 0.407261 
0.446514 -0.502733 0.481727 
-0.597268 -0.255126 0.407261 
0.446534 -0.503853 0.482058 
-0.597268 -0.255126 0.407261 
0.445292 -0.503268 0.482297 
-0.597268 -0.255126 0.407261 
0.444063 -0.50396 0.482462 
-0.597268 -0.255126 0.407261 
0.441851 -0.503837 0.481834 
-0.597268 -0.255126 0.407261 
0.439421 -0.502786 0.481561 
-0.597268 -0.255126 0.407261 
0.437343 -0.5039 0.480849 
-0.597268 -0.255126 0.407261 
0.43495 -0.504256 0.479991 
-0.597268 -0.255126 0.407261 
0.433748 -0.50524 0.481388 
-0.597268 -0.255126 0.407261 
0.431551 -0.506176 0.480299 
-0.597268 -0.255126 0.407261 
0.429453 -0.505344 0.480308 
-0.597268 -0.255126 0.407261 
0.427673 -0.505958 0.480944 
-0.597268 -0.255126 0.407261 
0.425242 -0.506314 0.479784 
-0.597268 -0.255126 0.407261 
0.424222 -0.507205 0.480965 
-0.597268 -0.255126 0.407261 
0.422572 -0.507489 0.48032 
-0.597268 -0.255126 0.407261 
0.421034 -0.50824 0.478909 
-0.597268 -0.255126 0.407261 
0.420444 -0.508606 0.478259 
-0.597268 -0.255126 0.407261 
0.420141 -0.509195 0.477561 
-0.597268 -0.255126 0.407261 
0.420586 -0.509289 0.478607 
-0.597268 -0.255126 0.407261 
0.421232 -0.509962 0.47982 
-0.597268 -0.255126 0.407261 
0.421568 -0.509938 0.481032 
-0.597268 -0.255126 0.407261 
0.421425 -0.509703 0.481046 
-0.597268 -0.255126 0.407261 
0.421195 -0.509789 0.480633 
-0.597268 -0.255126 0.407261 
0.420713 -0.51055 0.479315 
-0.597268 -0.255126 0.407261 
0.420981 -0.511375 0.47951 
-0.597268 -0.255126 0.407261 
0.420824 -0.511915 0.479168 
-0.597268 -0.255126 0.407261 
0.420473 -0.512107 0.478343 
-0.597268 -0.255126 0.407261 
0.421057 -0.512528 0.478831 
-0.597268 -0.255126 0.407261 
0.421267 -0.513121 0.47875 
-0.597268 -0.255126 0.407261 
0.42152 -0.513846 0.479041 
-0.597268 -0.255126 0.407261 
0.421921 -0.513977 0.480118 
-0.597268 -0.255126 0.407261 
0.421665 -0.514192 0.47919 
-0.597268 -0.255126 0.407261 
0.42171 -0.514102 0.480102 
-0.597268 -0.255126 0.407261 
0.421592 -0.51409 0.480182 
-0.597268 -0.255126 0.407261 
0.421499 -0.514024 0.480242 
-0.597268 -0.255126 0.407261 
0.421609 -0.514518 0.480211 
-0.597268 -0.255126 0.407261 
0.422029 -0.514761 0.480699 
-0.597268 -0.255126 0.407261 
0.422165 -0.514864 0.480795 
-0.597268 -0.255126 0.407261 
0.421714 -0.51465 0.479446 
-0.597268 -0.255126 0.407261 
0.422714 -0.514474 0.481437 
-0.597268 -0.255126 0.407261 
0.423537 -0.514692 0.48254 
-0.597268 -0.255126 0.407261 
0.42392 -0.514555 0.482549 
-0.597268 -0.255126 0.407261 
0.424813 -0.514475 0.483492 
-0.597268 -0.255126 0.407261 
0.424939 -0.514264 0.482676 
-0.597268 -0.255126 0.407261 
0.425402 -0.514132 0.482118 
-0.597268 -0.255126 0.407261 
0.425798 -0.513211 0.481803 
-0.597268 -0.255126 0.407261 
0.426928 -0.513435 0.482949 
-0.597268 -0.255126 0.407261 
0.427682 -0.512902 0.483339 
-0.597268 -0.255126 0.407261 
0.428206 -0.513449 0.483102 
-0.597268 -0.255126 0.407261 
0.428168 -0.51324 0.482486 
-0.597268 -0.255126 0.407261 
0.427915 -0.512554 0.482584 
-0.597268 -0.255126 0.407261 
0.427947 -0.512904 0.483641 
-0.597268 -0.255126 0.407261 
0.427274 -0.512823 0.483448 
-0.597268 -0.255126 0.407261 
0.426568 -0.512992 0.483042 
-0.597268 -0.255126 0.407261 
0.426465 -0.513336 0.484148 
-0.597268 -0.255126 0.407261 
0.424246 -0.51413 0.484886 
-0.597268 -0.255126 0.407261 
0.419408 -0.51485 0.482574 
-0.597268 -0.255126 0.407261 
0.415751 -0.516005 0.483918 
-0.597268 -0.255126 0.407261 
0.410887 -0.516873 0.480656 
-0.597268 -0.255126 0.407261 
0.407647 -0.518262 0.482438 
-0.597268 -0.255126 0.407261 
0.40396 -0.519209 0.483004 
-0.597268 -0.255126 0.407261 
0.40049 -0.520027 0.484115 
-0.597268 -0.255126 0.407261 
0.449733 -0.498872 0.485441 
-0.597268 -0.255126 0.407261 
0.447178 -0.500845 0.486077 
-0.597268 -0.255126 0.407261 
0.44923 -0.501168 0.482939 
-0.597268 -0.255126 0.407261 
0.449763 -0.500959 0.482699 
-0.597268 -0.255126 0.407261 
0.449374 -0.501268 0.48195 
-0.597268 -0.255126 0.407261 
0.449387 -0.502373 0.482614 
-0.597268 -0.255126 0.407261 
0.449144 -0.502543 0.48292 
-0.597268 -0.255126 0.407261 
0.44809 -0.502459 0.481576 
-0.597268 -0.255126 0.407261 
0.4475 -0.502229 0.483072 
-0.597268 -0.255126 0.407261 
0.447483 -0.503075 0.482679 
-0.597268 -0.255126 0.407261 
0.446896 -0.502801 0.482741 
-0.597268 -0.255126 0.407261 
0.446342 -0.502367 0.481364 
-0.597268 -0.255126 0.407261 
0.446469 -0.502948 0.482536 
-0.597268 -0.255126 0.407261 
0.445265 -0.503144 0.482294 
-0.597268 -0.255126 0.407261 
0.444073 -0.503853 0.482475 
-0.597268 -0.255126 0.407261 
0.441813 -0.503726 0.481919 
-0.597268 -0.255126 0.407261 
0.439922 -0.504117 0.481889 
-0.597268 -0.255126 0.407261 
0.436859 -0.504908 0.479449 
-0.597268 -0.255126 0.407261 
0.435156 -0.504831 0.480188 
-0.597268 -0.255126 0.407261 
0.433218 -0.505791 0.48029 
-0.597268 -0.255126 0.407261 
0.430883 -0.505432 0.479604 
-0.597268 -0.255126 0.407261 
0.428978 -0.505686 0.479763 
