-0.599757 -0.2229 0.382081 
0.400795 -0.504304 0.485867 
-0.599758 -0.2229 0.382081 
0.400795 -0.504304 0.485867 
-0.599755 -0.222902 0.381898 
0.400795 -0.504304 0.485867 
-0.599767 -0.222726 0.381801 
0.400795 -0.504304 0.485867 
-0.599751 -0.222923 0.381766 
0.400795 -0.504304 0.485867 
-0.599786 -0.222836 0.381826 
0.400795 -0.504304 0.485867 
-0.599807 -0.222882 0.381724 
0.400795 -0.504304 0.485867 
-0.599837 -0.222768 0.381631 
0.400795 -0.504304 0.485867 
-0.599841 -0.222675 0.381646 
0.400795 -0.504304 0.485867 
-0.599829 -0.222705 0.381685 
0.400795 -0.504304 0.485867 
-0.599813 -0.222717 0.381661 
0.400795 -0.504304 0.485867 
-0.599773 -0.222859 0.381752 
0.400795 -0.504304 0.485867 
-0.599805 -0.222729 0.381701 
0.400795 -0.504304 0.485867 
-0.599782 -0.222828 0.38178 
0.400795 -0.504304 0.485867 
-0.599829 -0.222831 0.381768 
0.400795 -0.504304 0.485867 
-0.599803 -0.222725 0.381758 
0.400795 -0.504304 0.485867 
-0.599815 -0.222807 0.381665 
0.400795 -0.504304 0.485867 
-0.599748 -0.222832 0.381765 
0.400795 -0.504304 0.485867 
-0.599789 -0.222711 0.381801 
0.400795 -0.504304 0.485867 
-0.599888 -0.222707 0.381581 
0.400795 -0.504304 0.485867 
-0.599877 -0.222625 0.381562 
0.400795 -0.504304 0.485867 
-0.59983 -0.222779 0.381661 
0.400795 -0.504304 0.485867 
-0.599768 -0.222733 0.381845 
0.400795 -0.504304 0.485867 
-0.599756 -0.222767 0.381794 
0.400795 -0.504304 0.485867 
-0.599798 -0.222687 0.381724 
0.400795 -0.504304 0.485867 
-0.599828 -0.222547 0.381694 
0.400795 -0.504304 0.485867 
-0.599802 -0.222745 0.381672 
0.400795 -0.504304 0.485867 
-0.599788 -0.222789 0.38179 
0.400795 -0.504304 0.485867 
-0.599829 -0.222709 0.381731 
0.400795 -0.504304 0.485867 
-0.599839 -0.222729 0.381685 
0.400795 -0.504304 0.485867 
-0.599876 -0.222706 0.381598 
0.400795 -0.504304 0.485867 
-0.599811 -0.222711 0.381724 
0.400795 -0.504304 0.485867 
-0.599845 -0.222616 0.381656 
0.400795 -0.504304 0.485867 
-0.599851 -0.222724 0.381585 
0.400795 -0.504304 0.485867 
-0.599773 -0.222722 0.381721 
0.400795 -0.504304 0.485867 
-0.59981 -0.222827 0.381699 
0.400795 -0.504304 0.485867 
-0.599843 -0.222769 0.381654 
0.400795 -0.504304 0.485867 
-0.59981 -0.222693 0.381668 
0.400795 -0.504304 0.485867 
-0.599873 -0.222761 0.381585 
0.400795 -0.504304 0.485867 
-0.599838 -0.222834 0.381595 
0.400795 -0.504304 0.485867 
-0.599872 -0.222752 0.381561 
0.400795 -0.504304 0.485867 
-0.599807 -0.222794 0.381678 
0.400795 -0.504304 0.485867 
-0.599794 -0.22283 0.381702 
0.400795 -0.504304 0.485867 
-0.599826 -0.222736 0.381711 
0.400795 -0.504304 0.485867 
-0.599718 -0.222838 0.381861 
0.400795 -0.504304 0.485867 
-0.59989 -0.222621 0.381633 
0.400795 -0.504304 0.485867 
-0.599781 -0.222672 0.381722 
0.400795 -0.504304 0.485867 
-0.599835 -0.222857 0.38167 
0.400795 -0.504304 0.485867 
-0.599867 -0.222981 0.381618 
0.400795 -0.504304 0.485867 
-0.599799 -0.222871 0.381756 
0.400795 -0.504304 0.485867 
-0.599786 -0.223001 0.381784 
0.400795 -0.504304 0.485867 
-0.599805 -0.222713 0.381743 
0.400795 -0.504304 0.485867 
-0.599831 -0.222834 0.381692 
0.400795 -0.504304 0.485867 
-0.599831 -0.222776 0.381704 
0.400795 -0.504304 0.485867 
-0.599827 -0.22281 0.381726 
0.400795 -0.504304 0.485867 
-0.599813 -0.222763 0.381734 
0.400795 -0.504304 0.485867 
-0.599768 -0.2228 0.381843 
0.400795 -0.504304 0.485867 
-0.599805 -0.222895 0.381757 
0.400795 -0.504304 0.485867 
-0.599877 -0.222887 0.381633 
0.400795 -0.504304 0.485867 
-0.59984 -0.222727 0.381661 
0.400795 -0.504304 0.485867 
-0.599835 -0.222716 0.381674 
0.400795 -0.504304 0.485867 
-0.599814 -0.222823 0.381728 
0.400795 -0.504304 0.485867 
-0.599797 -0.222877 0.381777 
0.400795 -0.504304 0.485867 
-0.599816 -0.222805 0.381712 
0.400795 -0.504304 0.485867 
-0.599834 -0.222689 0.381699 
0.400795 -0.504304 0.485867 
-0.599782 -0.222748 0.381763 
0.400795 -0.504304 0.485867 
-0.599831 -0.222759 0.38167 
0.400795 -0.504304 0.485867 
-0.599836 -0.222764 0.381683 
0.400795 -0.504304 0.485867 
-0.599834 -0.222784 0.38165 
0.400795 -0.504304 0.485867 
-0.599786 -0.222895 0.3817 
0.400795 -0.504304 0.485867 
-0.599791 -0.22279 0.381743 
0.400795 -0.504304 0.485867 
-0.599748 -0.222871 0.381858 
0.400795 -0.504304 0.485867 
-0.599814 -0.222766 0.381724 
0.400795 -0.504304 0.485867 
-0.599828 -0.222765 0.381665 
0.400795 -0.504304 0.485867 
-0.599836 -0.222717 0.381663 
0.400795 -0.504304 0.485867 
-0.599834 -0.22284 0.381638 
0.400795 -0.504304 0.485867 
-0.599838 -0.222618 0.381648 
0.400795 -0.504304 0.485867 
-0.599793 -0.222802 0.381668 
0.400795 -0.504304 0.485867 
-0.599811 -0.222816 0.381666 
0.400795 -0.504304 0.485867 
-0.599814 -0.222844 0.381683 
0.400795 -0.504304 0.485867 
-0.599866 -0.222753 0.381587 
0.400795 -0.504304 0.485867 
-0.599849 -0.222891 0.381617 
0.400795 -0.504304 0.485867 
-0.599659 -0.222401 0.381324 
0.400795 -0.504304 0.485867 
