-0.597268 -0.255126 0.407261 
0.386595 -0.491234 0.439593 
-0.597268 -0.255126 0.407261 
0.386595 -0.491234 0.439593 
-0.597268 -0.255126 0.407261 
0.386121 -0.493252 0.445627 
-0.597268 -0.255126 0.407261 
0.38608 -0.493409 0.4425 
-0.597268 -0.255126 0.407261 
0.387315 -0.494428 0.442581 
-0.597268 -0.255126 0.407261 
0.388062 -0.494839 0.440297 
-0.597268 -0.255126 0.407261 
0.38918 -0.493916 0.444528 
-0.597268 -0.255126 0.407261 
0.389976 -0.494656 0.44592 
-0.597268 -0.255126 0.407261 
0.390694 -0.495155 0.445489 
-0.597268 -0.255126 0.407261 
0.3914 -0.495839 0.444301 
-0.597268 -0.255126 0.407261 
0.392226 -0.495709 0.442977 
-0.597268 -0.255126 0.407261 
0.393783 -0.495614 0.444789 
-0.597268 -0.255126 0.407261 
0.395013 -0.495825 0.444777 
-0.597268 -0.255126 0.407261 
0.398403 -0.496077 0.450761 
-0.597268 -0.255126 0.407261 
0.400549 -0.495938 0.449822 
-0.597268 -0.255126 0.407261 
0.402573 -0.495014 0.449017 
-0.597268 -0.255126 0.407261 
0.40526 -0.496257 0.451203 
-0.597268 -0.255126 0.407261 
0.407493 -0.496681 0.448619 
-0.597268 -0.255126 0.407261 
0.409802 -0.49659 0.446537 
-0.597268 -0.255126 0.407261 
0.413108 -0.497579 0.45068 
-0.597268 -0.255126 0.407261 
0.415354 -0.49819 0.448157 
-0.597268 -0.255126 0.407261 
0.417996 -0.498437 0.446932 
-0.597268 -0.255126 0.407261 
0.42075 -0.498428 0.44735 
-0.597268 -0.255126 0.407261 
0.423348 -0.497849 0.445269 
-0.597268 -0.255126 0.407261 
0.425759 -0.498359 0.44606 
-0.597268 -0.255126 0.407261 
0.428263 -0.498089 0.445717 
-0.597268 -0.255126 0.407261 
0.43125 -0.499052 0.448785 
-0.597268 -0.255126 0.407261 
0.433358 -0.498379 0.447652 
-0.597268 -0.255126 0.407261 
0.435565 -0.499463 0.447321 
-0.597268 -0.255126 0.407261 
0.437998 -0.499647 0.447956 
-0.597268 -0.255126 0.407261 
0.439803 -0.499716 0.446055 
-0.597268 -0.255126 0.407261 
0.441464 -0.500464 0.44507 
-0.597268 -0.255126 0.407261 
0.443456 -0.501348 0.447371 
-0.597268 -0.255126 0.407261 
0.444961 -0.500565 0.447507 
-0.597268 -0.255126 0.407261 
0.445871 -0.500059 0.445722 
-0.597268 -0.255126 0.407261 
0.446653 -0.501919 0.446464 
-0.597268 -0.255126 0.407261 
0.446602 -0.501964 0.445574 
-0.597268 -0.255126 0.407261 
0.446685 -0.501391 0.44538 
-0.597268 -0.255126 0.407261 
0.446774 -0.50138 0.445901 
-0.597268 -0.255126 0.407261 
0.44678 -0.502008 0.446466 
-0.597268 -0.255126 0.407261 
0.44671 -0.501413 0.44538 
-0.597268 -0.255126 0.407261 
0.446637 -0.502784 0.445533 
-0.597268 -0.255126 0.407261 
0.446748 -0.502154 0.445783 
-0.597268 -0.255126 0.407261 
0.446735 -0.501072 0.445358 
-0.597268 -0.255126 0.407261 
0.446635 -0.500956 0.445111 
-0.597268 -0.255126 0.407261 
0.44661 -0.501647 0.444644 
-0.597268 -0.255126 0.407261 
0.446586 -0.502033 0.445295 
-0.597268 -0.255126 0.407261 
0.446659 -0.502152 0.445645 
-0.597268 -0.255126 0.407261 
0.4467 -0.501582 0.445342 
-0.597268 -0.255126 0.407261 
0.446952 -0.500955 0.446047 
-0.597268 -0.255126 0.407261 
0.44695 -0.501877 0.446031 
-0.597268 -0.255126 0.407261 
0.446756 -0.501645 0.44602 
-0.597268 -0.255126 0.407261 
0.446866 -0.501746 0.445897 
-0.597268 -0.255126 0.407261 
0.446772 -0.501703 0.444663 
-0.597268 -0.255126 0.407261 
0.446761 -0.501372 0.444738 
-0.597268 -0.255126 0.407261 
0.44671 -0.50147 0.445267 
-0.597268 -0.255126 0.407261 
0.44681 -0.50232 0.445965 
-0.597268 -0.255126 0.407261 
0.446882 -0.502236 0.445818 
-0.597268 -0.255126 0.407261 
0.446827 -0.502011 0.445523 
-0.597268 -0.255126 0.407261 
0.446989 -0.500761 0.445866 
-0.597268 -0.255126 0.407261 
0.446966 -0.500852 0.445837 
-0.597268 -0.255126 0.407261 
0.446861 -0.501212 0.445804 
-0.597268 -0.255126 0.407261 
0.44685 -0.501381 0.446237 
-0.597268 -0.255126 0.407261 
0.446789 -0.501519 0.445876 
-0.597268 -0.255126 0.407261 
0.446896 -0.501757 0.44649 
-0.597268 -0.255126 0.407261 
0.446703 -0.501808 0.445012 
-0.597268 -0.255126 0.407261 
0.446691 -0.502097 0.444662 
-0.597268 -0.255126 0.407261 
0.446768 -0.502294 0.445216 
-0.597268 -0.255126 0.407261 
0.44688 -0.501573 0.445639 
-0.597268 -0.255126 0.407261 
0.446879 -0.501302 0.445731 
-0.597268 -0.255126 0.407261 
0.446863 -0.501151 0.445312 
-0.597268 -0.255126 0.407261 
0.446993 -0.501473 0.446786 
-0.597268 -0.255126 0.407261 
0.446971 -0.501336 0.446082 
-0.597268 -0.255126 0.407261 
0.44698 -0.501094 0.44587 
-0.597268 -0.255126 0.407261 
0.446823 -0.502469 0.445702 
-0.597268 -0.255126 0.407261 
0.446825 -0.501643 0.445277 
-0.597268 -0.255126 0.407261 
0.4469 -0.501032 0.445658 
-0.597268 -0.255126 0.407261 
0.446826 -0.501113 0.445297 
-0.597268 -0.255126 0.407261 
0.446782 -0.501185 0.445131 
-0.597268 -0.255126 0.407261 
0.446852 -0.501046 0.445694 
-0.597268 -0.255126 0.407261 
0.446881 -0.501094 0.4459 
-0.597268 -0.255126 0.407261 
0.446929 -0.502157 0.446431 
-0.597268 -0.255126 0.407261 
0.446699 -0.501721 0.444617 
-0.597268 -0.255126 0.407261 
0.44688 -0.501421 0.446008 
-0.597268 -0.255126 0.407261 
0.446853 -0.501382 0.44575 
-0.597268 -0.255126 0.407261 
0.446685 -0.501342 0.444287 
-0.597268 -0.255126 0.407261 
0.446768 -0.501721 0.445307 
-0.597268 -0.255126 0.407261 
0.446825 -0.501851 0.44585 
-0.597268 -0.255126 0.407261 
0.446844 -0.501116 0.445578 
-0.597268 -0.255126 0.407261 
0.446941 -0.500518 0.445676 
-0.597268 -0.255126 0.407261 
0.446908 -0.501542 0.445921 
-0.597268 -0.255126 0.407261 
0.44684 -0.501102 0.445174 
-0.597268 -0.255126 0.407261 
0.446919 -0.501278 0.446269 
-0.597268 -0.255126 0.407261 
0.446845 -0.501157 0.445509 
-0.597268 -0.255126 0.407261 
0.446869 -0.500923 0.445591 
-0.597268 -0.255126 0.407261 
0.447008 -0.500917 0.446302 
-0.597268 -0.255126 0.407261 
0.446861 -0.501074 0.445554 
-0.597268 -0.255126 0.407261 
0.446996 -0.501512 0.446713 
-0.597268 -0.255126 0.407261 
0.447 -0.501111 0.446499 
