-0.61437 -0.248563 0.381288 
0.400795 -0.504304 0.485867 
-0.614371 -0.248563 0.381287 
0.400795 -0.504304 0.485867 
-0.614381 -0.248996 0.380351 
0.400795 -0.504304 0.485867 
-0.614156 -0.249241 0.379875 
0.400795 -0.504304 0.485867 
-0.613934 -0.249185 0.380296 
0.400795 -0.504304 0.485867 
-0.613592 -0.249272 0.380399 
0.400795 -0.504304 0.485867 
-0.613063 -0.250409 0.381081 
0.400795 -0.504304 0.485867 
-0.612521 -0.251508 0.381042 
0.400795 -0.504304 0.485867 
-0.611921 -0.252582 0.380504 
0.400795 -0.504304 0.485867 
-0.610926 -0.252983 0.379944 
0.400795 -0.504304 0.485867 
-0.609342 -0.25335 0.379726 
0.400795 -0.504304 0.485867 
-0.608138 -0.253229 0.379956 
0.400795 -0.504304 0.485867 
-0.607166 -0.253392 0.379899 
0.400795 -0.504304 0.485867 
-0.606411 -0.253721 0.379596 
0.400795 -0.504304 0.485867 
-0.605905 -0.253684 0.379072 
0.400795 -0.504304 0.485867 
-0.605415 -0.253621 0.379187 
0.400795 -0.504304 0.485867 
-0.604884 -0.253355 0.379143 
0.400795 -0.504304 0.485867 
-0.604432 -0.253697 0.378615 
0.400795 -0.504304 0.485867 
-0.604238 -0.253743 0.378447 
0.400795 -0.504304 0.485867 
-0.603615 -0.253797 0.378686 
0.400795 -0.504304 0.485867 
-0.60335 -0.25388 0.378696 
0.400795 -0.504304 0.485867 
-0.603196 -0.253865 0.378601 
0.400795 -0.504304 0.485867 
-0.602952 -0.253847 0.378646 
0.400795 -0.504304 0.485867 
-0.602772 -0.253932 0.378265 
0.400795 -0.504304 0.485867 
-0.60252 -0.253951 0.378616 
0.400795 -0.504304 0.485867 
-0.602377 -0.253758 0.37843 
0.400795 -0.504304 0.485867 
-0.602404 -0.25366 0.378374 
0.400795 -0.504304 0.485867 
-0.602204 -0.25391 0.378198 
0.400795 -0.504304 0.485867 
-0.601396 -0.254348 0.378222 
0.400795 -0.504304 0.485867 
-0.600707 -0.254617 0.377967 
0.400795 -0.504304 0.485867 
-0.600215 -0.254648 0.377931 
0.400795 -0.504304 0.485867 
-0.59984 -0.254734 0.377883 
0.400795 -0.504304 0.485867 
-0.599216 -0.254672 0.378016 
0.400795 -0.504304 0.485867 
-0.598754 -0.254333 0.37803 
0.400795 -0.504304 0.485867 
-0.598416 -0.254192 0.377768 
0.400795 -0.504304 0.485867 
-0.598351 -0.254135 0.37794 
0.400795 -0.504304 0.485867 
-0.598371 -0.254327 0.378137 
0.400795 -0.504304 0.485867 
-0.598386 -0.254144 0.377861 
0.400795 -0.504304 0.485867 
-0.598326 -0.25412 0.377612 
0.400795 -0.504304 0.485867 
-0.598332 -0.25432 0.377367 
0.400795 -0.504304 0.485867 
-0.598297 -0.254344 0.377403 
0.400795 -0.504304 0.485867 
-0.59827 -0.254233 0.377489 
0.400795 -0.504304 0.485867 
-0.598146 -0.254314 0.377588 
0.400795 -0.504304 0.485867 
-0.598154 -0.254328 0.377469 
0.400795 -0.504304 0.485867 
-0.598195 -0.254188 0.377722 
0.400795 -0.504304 0.485867 
-0.598283 -0.254321 0.377458 
0.400795 -0.504304 0.485867 
-0.59818 -0.254328 0.377533 
0.400795 -0.504304 0.485867 
-0.598272 -0.254476 0.37736 
0.400795 -0.504304 0.485867 
-0.598248 -0.254306 0.377454 
0.400795 -0.504304 0.485867 
-0.598235 -0.254262 0.37744 
0.400795 -0.504304 0.485867 
-0.598207 -0.254193 0.377446 
0.400795 -0.504304 0.485867 
-0.598188 -0.25426 0.377577 
0.400795 -0.504304 0.485867 
-0.598209 -0.254252 0.377412 
0.400795 -0.504304 0.485867 
-0.598184 -0.25424 0.377515 
0.400795 -0.504304 0.485867 
-0.598359 -0.254198 0.377342 
0.400795 -0.504304 0.485867 
-0.598204 -0.254567 0.377654 
0.400795 -0.504304 0.485867 
-0.598222 -0.254688 0.377902 
0.400795 -0.504304 0.485867 
-0.598241 -0.25458 0.377802 
0.400795 -0.504304 0.485867 
-0.598288 -0.254438 0.377929 
0.400795 -0.504304 0.485867 
-0.598304 -0.25447 0.377996 
0.400795 -0.504304 0.485867 
-0.598321 -0.254429 0.377686 
0.400795 -0.504304 0.485867 
-0.598302 -0.254642 0.377933 
0.400795 -0.504304 0.485867 
-0.598302 -0.254476 0.377835 
0.400795 -0.504304 0.485867 
-0.598349 -0.254693 0.37769 
0.400795 -0.504304 0.485867 
-0.598325 -0.254605 0.37788 
0.400795 -0.504304 0.485867 
-0.598301 -0.254717 0.377874 
0.400795 -0.504304 0.485867 
-0.598298 -0.254517 0.377822 
0.400795 -0.504304 0.485867 
-0.598273 -0.254527 0.377916 
0.400795 -0.504304 0.485867 
-0.598387 -0.254415 0.377657 
0.400795 -0.504304 0.485867 
-0.59822 -0.254628 0.378083 
0.400795 -0.504304 0.485867 
-0.598241 -0.254861 0.37806 
0.400795 -0.504304 0.485867 
-0.598356 -0.254595 0.377704 
0.400795 -0.504304 0.485867 
-0.598281 -0.254549 0.377952 
0.400795 -0.504304 0.485867 
-0.598504 -0.254296 0.377456 
0.400795 -0.504304 0.485867 
-0.598438 -0.254314 0.377811 
0.400795 -0.504304 0.485867 
-0.598385 -0.254444 0.378068 
0.400795 -0.504304 0.485867 
-0.598305 -0.254392 0.378 
0.400795 -0.504304 0.485867 
-0.598302 -0.254321 0.378015 
0.400795 -0.504304 0.485867 
-0.598287 -0.254635 0.377625 
0.400795 -0.504304 0.485867 
-0.598158 -0.254681 0.377967 
0.400795 -0.504304 0.485867 
-0.598345 -0.254572 0.377927 
0.400795 -0.504304 0.485867 
-0.598315 -0.25443 0.377762 
0.400795 -0.504304 0.485867 
-0.598238 -0.254459 0.377851 
0.400795 -0.504304 0.485867 
-0.598342 -0.254577 0.377651 
0.400795 -0.504304 0.485867 
-0.59823 -0.254402 0.377705 
0.400795 -0.504304 0.485867 
-0.598206 -0.254367 0.377664 
0.400795 -0.504304 0.485867 
-0.598272 -0.254302 0.377577 
0.400795 -0.504304 0.485867 
-0.598171 -0.254195 0.377716 
0.400795 -0.504304 0.485867 
-0.598338 -0.254154 0.377412 
0.400795 -0.504304 0.485867 
-0.598297 -0.254046 0.377641 
0.400795 -0.504304 0.485867 
-0.598273 -0.254177 0.377587 
0.400795 -0.504304 0.485867 
-0.598141 -0.253991 0.378046 
0.400795 -0.504304 0.485867 
-0.598242 -0.254 0.377744 
0.400795 -0.504304 0.485867 
-0.598223 -0.254123 0.377572 
0.400795 -0.504304 0.485867 
-0.598233 -0.254151 0.377501 
0.400795 -0.504304 0.485867 
-0.598247 -0.254346 0.377477 
0.400795 -0.504304 0.485867 
-0.598232 -0.254558 0.377509 
0.400795 -0.504304 0.485867 
-0.598186 -0.254505 0.377553 
0.400795 -0.504304 0.485867 
-0.598284 -0.254276 0.377608 
0.400795 -0.504304 0.485867 
-0.598238 -0.254507 0.377578 
0.400795 -0.504304 0.485867 
-0.598179 -0.254132 0.377521 
0.400795 -0.504304 0.485867 
-0.598186 -0.254178 0.377885 
0.400795 -0.504304 0.485867 
-0.598231 -0.254297 0.377755 
0.400795 -0.504304 0.485867 
-0.598112 -0.254373 0.37816 
0.400795 -0.504304 0.485867 
-0.598279 -0.254266 0.37774 
0.400795 -0.504304 0.485867 
-0.598282 -0.254355 0.377512 
0.400795 -0.504304 0.485867 
-0.598297 -0.254374 0.377699 
0.400795 -0.504304 0.485867 
-0.598256 -0.254285 0.377742 
0.400795 -0.504304 0.485867 
-0.598219 -0.254495 0.378001 
0.400795 -0.504304 0.485867 
-0.598279 -0.254409 0.377981 
0.400795 -0.504304 0.485867 
-0.598244 -0.254515 0.37803 
0.400795 -0.504304 0.485867 
-0.598187 -0.254393 0.378255 
0.400795 -0.504304 0.485867 
-0.598255 -0.254309 0.378138 
0.400795 -0.504304 0.485867 
-0.598139 -0.254552 0.378178 
0.400795 -0.504304 0.485867 
-0.598185 -0.254579 0.378003 
0.400795 -0.504304 0.485867 
-0.598263 -0.254303 0.378012 
0.400795 -0.504304 0.485867 
-0.598231 -0.254478 0.377912 
0.400795 -0.504304 0.485867 
-0.598148 -0.254115 0.378242 
0.400795 -0.504304 0.485867 
-0.597696 -0.252987 0.376802 
0.400795 -0.504304 0.485867 
-0.597285 -0.252096 0.375276 
0.400795 -0.504304 0.485867 
-0.596887 -0.250673 0.37376 
0.400795 -0.504304 0.485867 
-0.596389 -0.249413 0.37266 
0.400795 -0.504304 0.485867 
-0.595962 -0.247922 0.371443 
0.400795 -0.504304 0.485867 
-0.595589 -0.246241 0.370042 
0.400795 -0.504304 0.485867 
-0.59539 -0.244573 0.368402 
0.400795 -0.504304 0.485867 
-0.595152 -0.242929 0.367026 
0.400795 -0.504304 0.485867 
-0.59494 -0.241353 0.365513 
0.400795 -0.504304 0.485867 
-0.595071 -0.239167 0.363624 
0.400795 -0.504304 0.485867 
-0.595034 -0.237294 0.362043 
0.400795 -0.504304 0.485867 
-0.595127 -0.235034 0.360109 
0.400795 -0.504304 0.485867 
-0.595281 -0.233141 0.358379 
0.400795 -0.504304 0.485867 
-0.595505 -0.230906 0.35653 
0.400795 -0.504304 0.485867 
-0.595964 -0.22844 0.354551 
0.400795 -0.504304 0.485867 
-0.596341 -0.226153 0.352545 
0.400795 -0.504304 0.485867 
-0.596687 -0.22415 0.350731 
0.400795 -0.504304 0.485867 
-0.597258 -0.221544 0.349049 
0.400795 -0.504304 0.485867 
-0.598213 -0.21906 0.346676 
0.400795 -0.504304 0.485867 
-0.598855 -0.216484 0.344838 
0.400795 -0.504304 0.485867 
-0.599396 -0.214873 0.342824 
0.400795 -0.504304 0.485867 
-0.599903 -0.212603 0.341264 
0.400795 -0.504304 0.485867 
-0.600717 -0.210206 0.339317 
0.400795 -0.504304 0.485867 
-0.601478 -0.208083 0.33754 
0.400795 -0.504304 0.485867 
-0.602381 -0.206285 0.335263 
0.400795 -0.504304 0.485867 
-0.603586 -0.204055 0.334004 
0.400795 -0.504304 0.485867 
-0.604741 -0.20293 0.333351 
0.400795 -0.504304 0.485867 
-0.605842 -0.202251 0.332597 
0.400795 -0.504304 0.485867 
-0.606708 -0.20158 0.332452 
0.400795 -0.504304 0.485867 
-0.607649 -0.200938 0.331945 
0.400795 -0.504304 0.485867 
-0.608274 -0.200541 0.331747 
0.400795 -0.504304 0.485867 
-0.609041 -0.200376 0.3315 
0.400795 -0.504304 0.485867 
-0.609762 -0.200301 0.33122 
0.400795 -0.504304 0.485867 
-0.609912 -0.200415 0.331032 
0.400795 -0.504304 0.485867 
-0.609698 -0.201588 0.331118 
0.400795 -0.504304 0.485867 
-0.609659 -0.202005 0.331417 
0.400795 -0.504304 0.485867 
-0.609891 -0.202493 0.331269 
0.400795 -0.504304 0.485867 
-0.609632 -0.203513 0.331658 
0.400795 -0.504304 0.485867 
-0.609281 -0.204665 0.332036 
0.400795 -0.504304 0.485867 
-0.608824 -0.205863 0.332611 
0.400795 -0.504304 0.485867 
-0.608538 -0.207079 0.333102 
0.400795 -0.504304 0.485867 
-0.607794 -0.208804 0.333678 
0.400795 -0.504304 0.485867 
-0.607184 -0.210457 0.334105 
0.400795 -0.504304 0.485867 
-0.606467 -0.21225 0.334744 
0.400795 -0.504304 0.485867 
-0.605582 -0.214339 0.335406 
0.400795 -0.504304 0.485867 
-0.604479 -0.216632 0.336199 
0.400795 -0.504304 0.485867 
-0.60377 -0.218905 0.336672 
0.400795 -0.504304 0.485867 
-0.603019 -0.221278 0.337222 
0.400795 -0.504304 0.485867 
-0.60231 -0.223891 0.337338 
0.400795 -0.504304 0.485867 
-0.60157 -0.226062 0.337784 
0.400795 -0.504304 0.485867 
-0.600711 -0.228702 0.338383 
0.400795 -0.504304 0.485867 
-0.600065 -0.231551 0.338515 
0.400795 -0.504304 0.485867 
-0.599235 -0.234051 0.339045 
0.400795 -0.504304 0.485867 
-0.598765 -0.236697 0.33896 
0.400795 -0.504304 0.485867 
-0.597993 -0.239487 0.339578 
0.400795 -0.504304 0.485867 
