-0.612662 -0.207218 0.32614 
0.400795 -0.504304 0.485867 
-0.612662 -0.20722 0.32614 
0.400795 -0.504304 0.485867 
-0.611968 -0.207443 0.326107 
0.400795 -0.504304 0.485867 
-0.611549 -0.207437 0.325722 
0.400795 -0.504304 0.485867 
-0.610896 -0.208899 0.325827 
0.400795 -0.504304 0.485867 
-0.609559 -0.21109 0.325445 
0.400795 -0.504304 0.485867 
-0.607486 -0.211928 0.323851 
0.400795 -0.504304 0.485867 
-0.605896 -0.211685 0.322624 
0.400795 -0.504304 0.485867 
-0.60515 -0.211691 0.321712 
0.400795 -0.504304 0.485867 
-0.603967 -0.211769 0.321267 
0.400795 -0.504304 0.485867 
-0.602851 -0.211913 0.320866 
0.400795 -0.504304 0.485867 
-0.602189 -0.211612 0.320672 
0.400795 -0.504304 0.485867 
-0.601615 -0.21193 0.320283 
0.400795 -0.504304 0.485867 
-0.601491 -0.212035 0.319625 
0.400795 -0.504304 0.485867 
-0.601501 -0.212292 0.319569 
0.400795 -0.504304 0.485867 
-0.600793 -0.212495 0.319193 
0.400795 -0.504304 0.485867 
-0.599691 -0.212502 0.318526 
0.400795 -0.504304 0.485867 
-0.598903 -0.212532 0.317739 
0.400795 -0.504304 0.485867 
-0.598051 -0.21264 0.317247 
0.400795 -0.504304 0.485867 
-0.597674 -0.212432 0.317484 
0.400795 -0.504304 0.485867 
-0.597598 -0.21229 0.317524 
0.400795 -0.504304 0.485867 
-0.597871 -0.212366 0.317367 
0.400795 -0.504304 0.485867 
-0.597852 -0.212423 0.317516 
0.400795 -0.504304 0.485867 
-0.597673 -0.21275 0.317462 
0.400795 -0.504304 0.485867 
-0.597787 -0.212227 0.317373 
0.400795 -0.504304 0.485867 
-0.598129 -0.212274 0.317238 
0.400795 -0.504304 0.485867 
-0.597832 -0.21247 0.317276 
0.400795 -0.504304 0.485867 
-0.597989 -0.212566 0.317146 
0.400795 -0.504304 0.485867 
-0.598127 -0.21264 0.317135 
0.400795 -0.504304 0.485867 
-0.598044 -0.212225 0.317306 
0.400795 -0.504304 0.485867 
-0.597785 -0.212695 0.317639 
0.400795 -0.504304 0.485867 
-0.597853 -0.212722 0.317626 
0.400795 -0.504304 0.485867 
-0.597821 -0.212504 0.317711 
0.400795 -0.504304 0.485867 
-0.598063 -0.212515 0.317562 
0.400795 -0.504304 0.485867 
-0.59809 -0.212677 0.317422 
0.400795 -0.504304 0.485867 
-0.597802 -0.213106 0.317487 
0.400795 -0.504304 0.485867 
-0.597767 -0.2131 0.31744 
0.400795 -0.504304 0.485867 
-0.597632 -0.213359 0.317898 
0.400795 -0.504304 0.485867 
-0.598246 -0.21317 0.317638 
0.400795 -0.504304 0.485867 
-0.598058 -0.212766 0.317529 
0.400795 -0.504304 0.485867 
-0.597861 -0.212743 0.317495 
0.400795 -0.504304 0.485867 
-0.597871 -0.212336 0.317502 
0.400795 -0.504304 0.485867 
-0.597762 -0.212512 0.317534 
0.400795 -0.504304 0.485867 
-0.597922 -0.21227 0.317451 
0.400795 -0.504304 0.485867 
-0.597684 -0.212343 0.317547 
0.400795 -0.504304 0.485867 
-0.598079 -0.212139 0.317166 
0.400795 -0.504304 0.485867 
-0.59766 -0.21249 0.317809 
0.400795 -0.504304 0.485867 
-0.597777 -0.212482 0.317525 
0.400795 -0.504304 0.485867 
-0.597895 -0.212376 0.317412 
0.400795 -0.504304 0.485867 
-0.597697 -0.212424 0.317714 
0.400795 -0.504304 0.485867 
-0.597752 -0.212587 0.317598 
0.400795 -0.504304 0.485867 
-0.597729 -0.212569 0.317608 
0.400795 -0.504304 0.485867 
-0.597713 -0.21257 0.317572 
0.400795 -0.504304 0.485867 
-0.597733 -0.212507 0.317605 
0.400795 -0.504304 0.485867 
-0.59783 -0.212821 0.317498 
0.400795 -0.504304 0.485867 
-0.59764 -0.212603 0.317782 
0.400795 -0.504304 0.485867 
-0.597756 -0.212438 0.317818 
0.400795 -0.504304 0.485867 
-0.597669 -0.212672 0.317728 
0.400795 -0.504304 0.485867 
-0.597758 -0.21239 0.317506 
0.400795 -0.504304 0.485867 
-0.597907 -0.212539 0.317387 
0.400795 -0.504304 0.485867 
-0.597799 -0.211592 0.316397 
0.400795 -0.504304 0.485867 
-0.597989 -0.20906 0.313502 
0.400795 -0.504304 0.485867 
-0.598603 -0.206051 0.310969 
0.400795 -0.504304 0.485867 
-0.599396 -0.202573 0.308068 
0.400795 -0.504304 0.485867 
-0.600616 -0.199588 0.305115 
0.400795 -0.504304 0.485867 
-0.602108 -0.195962 0.302076 
0.400795 -0.504304 0.485867 
-0.603739 -0.191288 0.299203 
0.400795 -0.504304 0.485867 
-0.606134 -0.186979 0.296051 
0.400795 -0.504304 0.485867 
-0.608984 -0.182556 0.292821 
0.400795 -0.504304 0.485867 
-0.611909 -0.17787 0.289879 
0.400795 -0.504304 0.485867 
-0.614723 -0.174017 0.28679 
0.400795 -0.504304 0.485867 
-0.618174 -0.168947 0.283981 
0.400795 -0.504304 0.485867 
-0.621502 -0.164968 0.281125 
0.400795 -0.504304 0.485867 
-0.624201 -0.1631 0.279909 
0.400795 -0.504304 0.485867 
-0.626042 -0.161677 0.280156 
0.400795 -0.504304 0.485867 
-0.628235 -0.160753 0.279905 
0.400795 -0.504304 0.485867 
-0.62879 -0.160074 0.280517 
0.400795 -0.504304 0.485867 
-0.628771 -0.160792 0.280979 
0.400795 -0.504304 0.485867 
-0.628591 -0.162041 0.281149 
0.400795 -0.504304 0.485867 
-0.62828 -0.163791 0.281409 
0.400795 -0.504304 0.485867 
-0.626802 -0.166298 0.282046 
0.400795 -0.504304 0.485867 
-0.62562 -0.169678 0.282152 
0.400795 -0.504304 0.485867 
-0.623443 -0.17382 0.282527 
0.400795 -0.504304 0.485867 
-0.621307 -0.178311 0.282737 
0.400795 -0.504304 0.485867 
