-0.636826 -0.252213 0.374392 
0.400795 -0.504304 0.485867 
-0.639123 -0.251882 0.376821 
0.400795 -0.504304 0.485867 
-0.642804 -0.253313 0.377618 
0.400795 -0.504304 0.485867 
-0.643968 -0.254237 0.37813 
0.400795 -0.504304 0.485867 
-0.643917 -0.254574 0.377492 
0.400795 -0.504304 0.485867 
-0.643219 -0.254215 0.377381 
0.400795 -0.504304 0.485867 
-0.641358 -0.253247 0.377894 
0.400795 -0.504304 0.485867 
-0.638231 -0.25226 0.378974 
0.400795 -0.504304 0.485867 
-0.633822 -0.250406 0.380646 
0.400795 -0.504304 0.485867 
-0.630763 -0.248923 0.38152 
0.400795 -0.504304 0.485867 
-0.628377 -0.24832 0.382273 
0.400795 -0.504304 0.485867 
-0.626113 -0.247629 0.382998 
0.400795 -0.504304 0.485867 
-0.62483 -0.246817 0.383491 
0.400795 -0.504304 0.485867 
-0.623476 -0.246074 0.383871 
0.400795 -0.504304 0.485867 
-0.62157 -0.245099 0.384286 
0.400795 -0.504304 0.485867 
-0.618632 -0.244431 0.385351 
0.400795 -0.504304 0.485867 
-0.616445 -0.243175 0.385772 
0.400795 -0.504304 0.485867 
-0.6138 -0.241885 0.386351 
0.400795 -0.504304 0.485867 
