-0.634571 -0.220196 0.380974 
0.400795 -0.504304 0.485867 
-0.634572 -0.220197 0.380974 
0.400795 -0.504304 0.485867 
-0.615702 -0.230273 0.36995 
0.400795 -0.504304 0.485867 
-0.620633 -0.225701 0.373562 
0.400795 -0.504304 0.485867 
-0.620272 -0.226954 0.3724 
0.400795 -0.504304 0.485867 
-0.621367 -0.225333 0.373884 
0.400795 -0.504304 0.485867 
-0.622084 -0.226601 0.374402 
0.400795 -0.504304 0.485867 
-0.622847 -0.226719 0.374715 
0.400795 -0.504304 0.485867 
-0.623107 -0.226995 0.374655 
0.400795 -0.504304 0.485867 
-0.622838 -0.227397 0.373842 
0.400795 -0.504304 0.485867 
-0.622426 -0.227194 0.374561 
0.400795 -0.504304 0.485867 
-0.622422 -0.226318 0.375164 
0.400795 -0.504304 0.485867 
-0.62203 -0.226277 0.37526 
0.400795 -0.504304 0.485867 
-0.620934 -0.226601 0.376573 
0.400795 -0.504304 0.485867 
-0.620647 -0.225821 0.37619 
0.400795 -0.504304 0.485867 
-0.620556 -0.224987 0.377276 
0.400795 -0.504304 0.485867 
-0.620201 -0.224541 0.37777 
0.400795 -0.504304 0.485867 
-0.619737 -0.224296 0.377979 
0.400795 -0.504304 0.485867 
-0.619251 -0.22369 0.378277 
0.400795 -0.504304 0.485867 
-0.618556 -0.224381 0.379148 
0.400795 -0.504304 0.485867 
-0.617536 -0.223587 0.379593 
0.400795 -0.504304 0.485867 
-0.617327 -0.224331 0.379427 
0.400795 -0.504304 0.485867 
-0.616795 -0.224263 0.379292 
0.400795 -0.504304 0.485867 
-0.616354 -0.224669 0.37918 
0.400795 -0.504304 0.485867 
-0.616382 -0.224625 0.37833 
0.400795 -0.504304 0.485867 
-0.6158 -0.225275 0.378538 
0.400795 -0.504304 0.485867 
-0.616157 -0.225058 0.37819 
0.400795 -0.504304 0.485867 
-0.615744 -0.225619 0.378214 
0.400795 -0.504304 0.485867 
-0.615577 -0.225545 0.378122 
0.400795 -0.504304 0.485867 
-0.61495 -0.22597 0.377968 
0.400795 -0.504304 0.485867 
-0.614429 -0.225847 0.37817 
0.400795 -0.504304 0.485867 
-0.613793 -0.226263 0.377778 
0.400795 -0.504304 0.485867 
-0.613083 -0.225973 0.377885 
0.400795 -0.504304 0.485867 
-0.612475 -0.226351 0.377707 
0.400795 -0.504304 0.485867 
-0.612264 -0.225882 0.3776 
0.400795 -0.504304 0.485867 
-0.612096 -0.226267 0.377843 
0.400795 -0.504304 0.485867 
-0.612003 -0.22594 0.377571 
0.400795 -0.504304 0.485867 
-0.612064 -0.22624 0.377727 
0.400795 -0.504304 0.485867 
-0.61203 -0.22609 0.377588 
0.400795 -0.504304 0.485867 
-0.612331 -0.226416 0.377772 
0.400795 -0.504304 0.485867 
-0.612427 -0.226043 0.377663 
0.400795 -0.504304 0.485867 
-0.612606 -0.226289 0.377774 
0.400795 -0.504304 0.485867 
-0.61268 -0.225875 0.377603 
0.400795 -0.504304 0.485867 
-0.612688 -0.226152 0.377822 
0.400795 -0.504304 0.485867 
-0.612744 -0.225658 0.377611 
0.400795 -0.504304 0.485867 
-0.612706 -0.226184 0.378013 
0.400795 -0.504304 0.485867 
-0.612735 -0.225633 0.377593 
0.400795 -0.504304 0.485867 
-0.612548 -0.22583 0.378079 
0.400795 -0.504304 0.485867 
-0.612517 -0.226098 0.377796 
0.400795 -0.504304 0.485867 
-0.612457 -0.225641 0.377849 
0.400795 -0.504304 0.485867 
-0.612516 -0.22579 0.377542 
0.400795 -0.504304 0.485867 
-0.612341 -0.225754 0.378067 
0.400795 -0.504304 0.485867 
-0.61245 -0.225861 0.377567 
0.400795 -0.504304 0.485867 
-0.612628 -0.225958 0.377816 
0.400795 -0.504304 0.485867 
-0.612616 -0.225968 0.377828 
0.400795 -0.504304 0.485867 
