-0.613101 -0.195384 0.304313 
0.400795 -0.504304 0.485867 
-0.613102 -0.195385 0.304313 
0.400795 -0.504304 0.485867 
-0.613447 -0.196023 0.302659 
0.400795 -0.504304 0.485867 
-0.613067 -0.195708 0.303826 
0.400795 -0.504304 0.485867 
-0.612571 -0.195699 0.304545 
0.400795 -0.504304 0.485867 
-0.612525 -0.195553 0.3049 
0.400795 -0.504304 0.485867 
-0.612563 -0.195922 0.304457 
0.400795 -0.504304 0.485867 
-0.61296 -0.19573 0.304143 
0.400795 -0.504304 0.485867 
-0.612833 -0.195893 0.304254 
0.400795 -0.504304 0.485867 
-0.612777 -0.196237 0.304361 
0.400795 -0.504304 0.485867 
-0.612712 -0.196341 0.304554 
0.400795 -0.504304 0.485867 
-0.612981 -0.196395 0.304317 
0.400795 -0.504304 0.485867 
-0.612495 -0.196533 0.304846 
0.400795 -0.504304 0.485867 
-0.612588 -0.196463 0.304625 
0.400795 -0.504304 0.485867 
-0.61251 -0.196641 0.304759 
0.400795 -0.504304 0.485867 
-0.612907 -0.196486 0.304106 
0.400795 -0.504304 0.485867 
-0.612856 -0.196317 0.304471 
0.400795 -0.504304 0.485867 
-0.61275 -0.196016 0.304544 
0.400795 -0.504304 0.485867 
-0.61299 -0.195866 0.304164 
0.400795 -0.504304 0.485867 
-0.613053 -0.195763 0.30416 
0.400795 -0.504304 0.485867 
-0.613074 -0.195444 0.304542 
0.400795 -0.504304 0.485867 
-0.612658 -0.195873 0.304851 
0.400795 -0.504304 0.485867 
-0.612325 -0.195899 0.30513 
0.400795 -0.504304 0.485867 
-0.61229 -0.196429 0.304964 
0.400795 -0.504304 0.485867 
