-0.636847 -0.252213 0.37412 
0.400795 -0.504304 0.485867 
-0.636847 -0.252213 0.37412 
0.400795 -0.504304 0.485867 
-0.637362 -0.252158 0.374636 
0.400795 -0.504304 0.485867 
-0.637734 -0.252744 0.374885 
0.400795 -0.504304 0.485867 
-0.637962 -0.253417 0.374575 
0.400795 -0.504304 0.485867 
-0.637634 -0.253095 0.374362 
0.400795 -0.504304 0.485867 
-0.635847 -0.252252 0.374966 
0.400795 -0.504304 0.485867 
-0.632907 -0.251281 0.375975 
0.400795 -0.504304 0.485867 
-0.628982 -0.249775 0.377036 
0.400795 -0.504304 0.485867 
-0.625824 -0.24859 0.377858 
0.400795 -0.504304 0.485867 
-0.623345 -0.247663 0.37852 
0.400795 -0.504304 0.485867 
-0.621353 -0.24692 0.379053 
0.400795 -0.504304 0.485867 
-0.619714 -0.246307 0.379487 
0.400795 -0.504304 0.485867 
-0.618342 -0.245789 0.379842 
0.400795 -0.504304 0.485867 
-0.616403 -0.245082 0.38038 
0.400795 -0.504304 0.485867 
-0.613665 -0.244161 0.381123 
0.400795 -0.504304 0.485867 
-0.618758 -0.237732 0.377259 
0.400795 -0.504304 0.485867 
-0.613828 -0.238059 0.381503 
0.400795 -0.504304 0.485867 
-0.612567 -0.236424 0.383521 
0.400795 -0.504304 0.485867 
-0.610821 -0.237013 0.384573 
0.400795 -0.504304 0.485867 
-0.60929 -0.236969 0.385942 
0.400795 -0.504304 0.485867 
-0.60838 -0.236923 0.387315 
0.400795 -0.504304 0.485867 
-0.45805 -0.16486 0.48415 
0.400795 -0.504304 0.485867 
