-0.597268 -0.255126 0.407261 
0.386893 -0.491822 0.441289 
-0.597268 -0.255126 0.407261 
0.386893 -0.491822 0.441288 
-0.597268 -0.255126 0.407261 
0.386507 -0.493156 0.441505 
-0.597268 -0.255126 0.407261 
0.386637 -0.492062 0.44018 
-0.597268 -0.255126 0.407261 
0.388241 -0.492143 0.442981 
-0.597268 -0.255126 0.407261 
0.388933 -0.491586 0.440996 
-0.597268 -0.255126 0.407261 
0.390153 -0.491322 0.445674 
-0.597268 -0.255126 0.407261 
0.390941 -0.492814 0.446793 
-0.597268 -0.255126 0.407261 
0.391513 -0.493358 0.445767 
-0.597268 -0.255126 0.407261 
0.392129 -0.492847 0.443626 
-0.597268 -0.255126 0.407261 
0.393025 -0.492491 0.442648 
-0.597268 -0.255126 0.407261 
0.394018 -0.494125 0.441255 
-0.597268 -0.255126 0.407261 
0.396063 -0.494193 0.447567 
-0.597268 -0.255126 0.407261 
0.398129 -0.4938 0.445058 
-0.597268 -0.255126 0.407261 
0.400541 -0.49451 0.446126 
-0.597268 -0.255126 0.407261 
0.403175 -0.49278 0.447791 
-0.597268 -0.255126 0.407261 
0.405228 -0.494371 0.446706 
-0.597268 -0.255126 0.407261 
0.408664 -0.494028 0.451287 
-0.597268 -0.255126 0.407261 
0.411159 -0.495358 0.448549 
-0.597268 -0.255126 0.407261 
0.413959 -0.495338 0.449661 
-0.597268 -0.255126 0.407261 
0.41668 -0.496136 0.449247 
-0.597268 -0.255126 0.407261 
0.419781 -0.494743 0.45141 
-0.597268 -0.255126 0.407261 
0.421808 -0.495389 0.447608 
-0.597268 -0.255126 0.407261 
0.424297 -0.495718 0.447449 
-0.597268 -0.255126 0.407261 
0.426841 -0.495705 0.447094 
-0.597268 -0.255126 0.407261 
0.429211 -0.496401 0.445498 
-0.597268 -0.255126 0.407261 
0.431911 -0.496915 0.447852 
-0.597268 -0.255126 0.407261 
0.434067 -0.49639 0.444579 
-0.597268 -0.255126 0.407261 
0.436575 -0.496498 0.4465 
-0.597268 -0.255126 0.407261 
0.438926 -0.496863 0.44713 
-0.597268 -0.255126 0.407261 
0.440482 -0.498535 0.444729 
-0.597268 -0.255126 0.407261 
0.44251 -0.498305 0.445754 
-0.597268 -0.255126 0.407261 
0.444417 -0.49975 0.446696 
-0.597268 -0.255126 0.407261 
0.445697 -0.499756 0.445332 
-0.597268 -0.255126 0.407261 
0.447215 -0.499123 0.447668 
-0.597268 -0.255126 0.407261 
0.447743 -0.499786 0.445195 
-0.597268 -0.255126 0.407261 
0.447913 -0.499549 0.445339 
-0.597268 -0.255126 0.407261 
0.448048 -0.499825 0.44673 
-0.597268 -0.255126 0.407261 
0.448251 -0.499932 0.44836 
-0.597268 -0.255126 0.407261 
0.448189 -0.500133 0.447752 
-0.597268 -0.255126 0.407261 
0.448013 -0.499822 0.44619 
-0.597268 -0.255126 0.407261 
0.448276 -0.499292 0.447915 
-0.597268 -0.255126 0.407261 
0.448299 -0.499819 0.448306 
-0.597268 -0.255126 0.407261 
0.448235 -0.499327 0.447665 
-0.597268 -0.255126 0.407261 
0.448227 -0.499141 0.447392 
-0.597268 -0.255126 0.407261 
0.447992 -0.499243 0.44567 
-0.597268 -0.255126 0.407261 
0.4479 -0.499822 0.445111 
-0.597268 -0.255126 0.407261 
0.448123 -0.499351 0.446846 
-0.597268 -0.255126 0.407261 
0.448192 -0.498739 0.447453 
-0.597268 -0.255126 0.407261 
0.448499 -0.499772 0.448994 
-0.597268 -0.255126 0.407261 
0.448404 -0.499315 0.448169 
-0.597268 -0.255126 0.407261 
0.448345 -0.4987 0.447389 
-0.597268 -0.255126 0.407261 
0.448259 -0.500372 0.447469 
-0.597268 -0.255126 0.407261 
0.447883 -0.499901 0.44433 
-0.597268 -0.255126 0.407261 
0.448372 -0.499832 0.447807 
-0.597268 -0.255126 0.407261 
0.44839 -0.499646 0.447685 
-0.597268 -0.255126 0.407261 
0.448269 -0.500254 0.447293 
-0.597268 -0.255126 0.407261 
0.44809 -0.500081 0.445723 
-0.597268 -0.255126 0.407261 
0.448525 -0.499841 0.448864 
-0.597268 -0.255126 0.407261 
0.448028 -0.500438 0.44611 
-0.597268 -0.255126 0.407261 
0.448435 -0.500426 0.448931 
-0.597268 -0.255126 0.407261 
0.448446 -0.499731 0.448394 
-0.597268 -0.255126 0.407261 
0.448859 -0.499271 0.450484 
-0.597268 -0.255126 0.407261 
0.448582 -0.499882 0.448953 
-0.597268 -0.255126 0.407261 
0.448449 -0.500111 0.448189 
-0.597268 -0.255126 0.407261 
0.44801 -0.499848 0.445253 
-0.597268 -0.255126 0.407261 
0.448155 -0.50021 0.446772 
-0.597268 -0.255126 0.407261 
0.448104 -0.499492 0.446047 
-0.597268 -0.255126 0.407261 
0.448231 -0.499616 0.447084 
-0.597268 -0.255126 0.407261 
0.448264 -0.498759 0.446271 
-0.597268 -0.255126 0.407261 
0.448545 -0.500002 0.449077 
-0.597268 -0.255126 0.407261 
0.448579 -0.499913 0.449296 
-0.597268 -0.255126 0.407261 
0.448892 -0.499565 0.451171 
-0.597268 -0.255126 0.407261 
0.448279 -0.499348 0.446971 
-0.597268 -0.255126 0.407261 
0.447837 -0.500529 0.444325 
-0.597268 -0.255126 0.407261 
0.448193 -0.500513 0.446572 
-0.597268 -0.255126 0.407261 
0.448026 -0.500376 0.445902 
-0.597268 -0.255126 0.407261 
0.448381 -0.499657 0.447953 
-0.597268 -0.255126 0.407261 
0.448708 -0.499126 0.450052 
-0.597268 -0.255126 0.407261 
0.448426 -0.499552 0.448228 
-0.597268 -0.255126 0.407261 
0.448541 -0.498947 0.448118 
-0.597268 -0.255126 0.407261 
0.448305 -0.499797 0.44787 
-0.597268 -0.255126 0.407261 
0.448604 -0.499607 0.449706 
-0.597268 -0.255126 0.407261 
0.44837 -0.498932 0.44737 
-0.597268 -0.255126 0.407261 
0.448309 -0.499987 0.447567 
-0.597268 -0.255126 0.407261 
0.448038 -0.500637 0.445858 
-0.597268 -0.255126 0.407261 
0.448145 -0.499626 0.445856 
-0.597268 -0.255126 0.407261 
0.44827 -0.499393 0.446962 
-0.597268 -0.255126 0.407261 
0.448632 -0.498984 0.449335 
-0.597268 -0.255126 0.407261 
0.448918 -0.499204 0.451137 
-0.597268 -0.255126 0.407261 
0.448954 -0.499095 0.451482 
-0.597268 -0.255126 0.407261 
0.448909 -0.498918 0.450452 
-0.597268 -0.255126 0.407261 
0.448748 -0.499669 0.449842 
-0.597268 -0.255126 0.407261 
0.448118 -0.500151 0.445773 
-0.597268 -0.255126 0.407261 
0.44816 -0.500355 0.446559 
-0.597268 -0.255126 0.407261 
0.448408 -0.499874 0.447723 
-0.597268 -0.255126 0.407261 
0.44824 -0.500395 0.447196 
-0.597268 -0.255126 0.407261 
0.447948 -0.500172 0.4448 
-0.597268 -0.255126 0.407261 
0.448355 -0.50034 0.447811 
