-0.614816 -0.24909 0.381694 
0.400795 -0.504304 0.485867 
-0.614817 -0.249091 0.381694 
0.400795 -0.504304 0.485867 
-0.609267 -0.244001 0.376038 
0.400795 -0.504304 0.485867 
-0.610029 -0.246863 0.378225 
0.400795 -0.504304 0.485867 
-0.609739 -0.246297 0.378698 
0.400795 -0.504304 0.485867 
-0.609805 -0.246535 0.379443 
0.400795 -0.504304 0.485867 
-0.60975 -0.24832 0.379826 
0.400795 -0.504304 0.485867 
-0.609602 -0.249363 0.379565 
0.400795 -0.504304 0.485867 
-0.60912 -0.24924 0.380042 
0.400795 -0.504304 0.485867 
-0.60828 -0.24988 0.379602 
0.400795 -0.504304 0.485867 
-0.607083 -0.250933 0.37999 
0.400795 -0.504304 0.485867 
-0.606463 -0.250705 0.379903 
0.400795 -0.504304 0.485867 
-0.605828 -0.250662 0.380247 
0.400795 -0.504304 0.485867 
-0.605193 -0.251413 0.380481 
0.400795 -0.504304 0.485867 
-0.604958 -0.251266 0.379949 
0.400795 -0.504304 0.485867 
-0.604431 -0.251623 0.380503 
0.400795 -0.504304 0.485867 
-0.604126 -0.251926 0.380027 
0.400795 -0.504304 0.485867 
-0.603813 -0.252006 0.380366 
0.400795 -0.504304 0.485867 
-0.603547 -0.251839 0.380077 
0.400795 -0.504304 0.485867 
-0.603212 -0.252301 0.379574 
0.400795 -0.504304 0.485867 
-0.602943 -0.252442 0.37945 
0.400795 -0.504304 0.485867 
-0.602608 -0.25221 0.37981 
0.400795 -0.504304 0.485867 
-0.602686 -0.252388 0.379173 
0.400795 -0.504304 0.485867 
-0.602328 -0.252838 0.379459 
0.400795 -0.504304 0.485867 
-0.602219 -0.25234 0.379742 
0.400795 -0.504304 0.485867 
-0.601998 -0.252883 0.379434 
0.400795 -0.504304 0.485867 
-0.602014 -0.252626 0.379303 
0.400795 -0.504304 0.485867 
-0.601731 -0.252873 0.379345 
0.400795 -0.504304 0.485867 
-0.601274 -0.25312 0.3791 
0.400795 -0.504304 0.485867 
-0.600665 -0.253295 0.37921 
0.400795 -0.504304 0.485867 
-0.600367 -0.253446 0.378801 
0.400795 -0.504304 0.485867 
-0.599854 -0.253869 0.378709 
0.400795 -0.504304 0.485867 
-0.59951 -0.253718 0.378624 
0.400795 -0.504304 0.485867 
-0.599042 -0.253949 0.378369 
0.400795 -0.504304 0.485867 
-0.598793 -0.253949 0.378617 
0.400795 -0.504304 0.485867 
-0.598882 -0.253926 0.37828 
0.400795 -0.504304 0.485867 
-0.598751 -0.253737 0.378623 
0.400795 -0.504304 0.485867 
-0.598739 -0.253913 0.378426 
0.400795 -0.504304 0.485867 
-0.598872 -0.253704 0.378462 
0.400795 -0.504304 0.485867 
-0.59897 -0.253726 0.378186 
0.400795 -0.504304 0.485867 
-0.598733 -0.254142 0.377953 
0.400795 -0.504304 0.485867 
-0.598688 -0.254017 0.378481 
0.400795 -0.504304 0.485867 
-0.598668 -0.253929 0.378672 
0.400795 -0.504304 0.485867 
-0.598666 -0.254212 0.378594 
0.400795 -0.504304 0.485867 
-0.59888 -0.254284 0.377964 
0.400795 -0.504304 0.485867 
