-0.615291 -0.251286 0.385869 
0.400795 -0.504304 0.485867 
-0.615292 -0.251287 0.385869 
0.400795 -0.504304 0.485867 
-0.615111 -0.251259 0.38478 
0.400795 -0.504304 0.485867 
-0.615016 -0.251973 0.38454 
0.400795 -0.504304 0.485867 
-0.614793 -0.252047 0.385087 
0.400795 -0.504304 0.485867 
-0.614596 -0.252027 0.385223 
0.400795 -0.504304 0.485867 
-0.614054 -0.253297 0.385891 
0.400795 -0.504304 0.485867 
-0.613591 -0.254842 0.385288 
0.400795 -0.504304 0.485867 
-0.6131 -0.255254 0.3849 
0.400795 -0.504304 0.485867 
-0.611892 -0.255832 0.384389 
0.400795 -0.504304 0.485867 
-0.610531 -0.256246 0.384227 
0.400795 -0.504304 0.485867 
-0.609346 -0.256425 0.384478 
0.400795 -0.504304 0.485867 
-0.608294 -0.256264 0.384626 
0.400795 -0.504304 0.485867 
-0.607473 -0.256361 0.384524 
0.400795 -0.504304 0.485867 
-0.606876 -0.256443 0.384023 
0.400795 -0.504304 0.485867 
-0.606335 -0.25642 0.38361 
0.400795 -0.504304 0.485867 
-0.60591 -0.256266 0.383714 
0.400795 -0.504304 0.485867 
-0.605544 -0.256303 0.383697 
0.400795 -0.504304 0.485867 
-0.605068 -0.25635 0.383844 
0.400795 -0.504304 0.485867 
-0.604745 -0.256523 0.383166 
0.400795 -0.504304 0.485867 
-0.604553 -0.256524 0.3832 
0.400795 -0.504304 0.485867 
-0.60426 -0.256814 0.383135 
0.400795 -0.504304 0.485867 
-0.604009 -0.2569 0.383353 
0.400795 -0.504304 0.485867 
-0.603789 -0.256801 0.383629 
0.400795 -0.504304 0.485867 
-0.603487 -0.25663 0.38328 
0.400795 -0.504304 0.485867 
-0.603276 -0.256881 0.38363 
0.400795 -0.504304 0.485867 
-0.603285 -0.256918 0.383058 
0.400795 -0.504304 0.485867 
-0.603004 -0.256977 0.382751 
0.400795 -0.504304 0.485867 
-0.60242 -0.257223 0.383095 
0.400795 -0.504304 0.485867 
-0.601796 -0.257436 0.382952 
0.400795 -0.504304 0.485867 
-0.601139 -0.257732 0.383394 
0.400795 -0.504304 0.485867 
-0.600519 -0.257793 0.38315 
0.400795 -0.504304 0.485867 
-0.599901 -0.257206 0.382894 
0.400795 -0.504304 0.485867 
-0.599716 -0.257461 0.382659 
0.400795 -0.504304 0.485867 
-0.599267 -0.257535 0.382849 
0.400795 -0.504304 0.485867 
-0.599237 -0.257512 0.382763 
0.400795 -0.504304 0.485867 
-0.599192 -0.257474 0.382747 
0.400795 -0.504304 0.485867 
-0.599258 -0.257374 0.382285 
0.400795 -0.504304 0.485867 
-0.599239 -0.257501 0.382235 
0.400795 -0.504304 0.485867 
-0.599366 -0.257348 0.381848 
0.400795 -0.504304 0.485867 
-0.599251 -0.257335 0.382265 
0.400795 -0.504304 0.485867 
-0.599319 -0.257373 0.382166 
0.400795 -0.504304 0.485867 
-0.599183 -0.257159 0.382739 
0.400795 -0.504304 0.485867 
-0.599202 -0.257404 0.382677 
0.400795 -0.504304 0.485867 
-0.599253 -0.257438 0.382413 
0.400795 -0.504304 0.485867 
-0.599188 -0.25742 0.382432 
0.400795 -0.504304 0.485867 
-0.599293 -0.257482 0.382245 
0.400795 -0.504304 0.485867 
-0.599241 -0.257256 0.382198 
0.400795 -0.504304 0.485867 
-0.599283 -0.257375 0.382308 
0.400795 -0.504304 0.485867 
-0.599281 -0.257344 0.382237 
0.400795 -0.504304 0.485867 
-0.599273 -0.257315 0.382253 
0.400795 -0.504304 0.485867 
-0.599354 -0.257378 0.382045 
0.400795 -0.504304 0.485867 
-0.599288 -0.257265 0.382155 
0.400795 -0.504304 0.485867 
-0.599235 -0.257222 0.382278 
0.400795 -0.504304 0.485867 
-0.599339 -0.257224 0.382326 
0.400795 -0.504304 0.485867 
-0.599266 -0.257334 0.382584 
0.400795 -0.504304 0.485867 
-0.599232 -0.257514 0.382523 
0.400795 -0.504304 0.485867 
-0.599255 -0.257476 0.382792 
0.400795 -0.504304 0.485867 
-0.599379 -0.257583 0.382603 
0.400795 -0.504304 0.485867 
-0.59924 -0.257707 0.38282 
0.400795 -0.504304 0.485867 
-0.599338 -0.257597 0.382577 
0.400795 -0.504304 0.485867 
-0.599296 -0.257596 0.382834 
0.400795 -0.504304 0.485867 
-0.599396 -0.25754 0.382566 
0.400795 -0.504304 0.485867 
-0.599193 -0.257708 0.383191 
0.400795 -0.504304 0.485867 
-0.59918 -0.257763 0.383303 
0.400795 -0.504304 0.485867 
-0.599212 -0.257692 0.383247 
0.400795 -0.504304 0.485867 
-0.599321 -0.257634 0.38295 
0.400795 -0.504304 0.485867 
-0.599255 -0.257697 0.383026 
0.400795 -0.504304 0.485867 
-0.599377 -0.257439 0.382656 
0.400795 -0.504304 0.485867 
-0.599357 -0.257514 0.382907 
0.400795 -0.504304 0.485867 
-0.599448 -0.257624 0.38235 
0.400795 -0.504304 0.485867 
-0.599411 -0.257566 0.382504 
0.400795 -0.504304 0.485867 
-0.599358 -0.257681 0.382582 
0.400795 -0.504304 0.485867 
-0.59932 -0.257538 0.382582 
0.400795 -0.504304 0.485867 
-0.599246 -0.257751 0.383018 
0.400795 -0.504304 0.485867 
-0.599302 -0.257711 0.382874 
0.400795 -0.504304 0.485867 
-0.599266 -0.257748 0.382981 
0.400795 -0.504304 0.485867 
-0.599386 -0.257738 0.382858 
0.400795 -0.504304 0.485867 
-0.59927 -0.257781 0.382708 
0.400795 -0.504304 0.485867 
-0.599368 -0.257587 0.382628 
0.400795 -0.504304 0.485867 
-0.599362 -0.257644 0.382844 
0.400795 -0.504304 0.485867 
-0.599364 -0.257424 0.382426 
0.400795 -0.504304 0.485867 
-0.599145 -0.257485 0.383262 
0.400795 -0.504304 0.485867 
-0.599148 -0.257406 0.382813 
0.400795 -0.504304 0.485867 
-0.599191 -0.257478 0.382838 
0.400795 -0.504304 0.485867 
-0.599274 -0.257501 0.382359 
0.400795 -0.504304 0.485867 
-0.599224 -0.257357 0.382637 
0.400795 -0.504304 0.485867 
-0.599294 -0.257236 0.382278 
0.400795 -0.504304 0.485867 
-0.599196 -0.257327 0.382676 
0.400795 -0.504304 0.485867 
-0.59933 -0.257341 0.382261 
0.400795 -0.504304 0.485867 
-0.599367 -0.257204 0.382289 
0.400795 -0.504304 0.485867 
-0.599336 -0.257208 0.382418 
0.400795 -0.504304 0.485867 
-0.59933 -0.257222 0.382241 
0.400795 -0.504304 0.485867 
-0.5992 -0.257387 0.38272 
0.400795 -0.504304 0.485867 
-0.599184 -0.257393 0.382624 
0.400795 -0.504304 0.485867 
-0.599104 -0.257235 0.382999 
0.400795 -0.504304 0.485867 
-0.59927 -0.256987 0.382463 
0.400795 -0.504304 0.485867 
-0.599355 -0.257198 0.382313 
0.400795 -0.504304 0.485867 
-0.599285 -0.257246 0.38234 
0.400795 -0.504304 0.485867 
-0.599304 -0.257459 0.382492 
0.400795 -0.504304 0.485867 
-0.599252 -0.257193 0.38261 
0.400795 -0.504304 0.485867 
-0.599263 -0.257284 0.382764 
0.400795 -0.504304 0.485867 
-0.599266 -0.257191 0.382537 
0.400795 -0.504304 0.485867 
-0.599302 -0.257347 0.382543 
0.400795 -0.504304 0.485867 
-0.599267 -0.257372 0.382635 
0.400795 -0.504304 0.485867 
-0.599259 -0.257314 0.382619 
0.400795 -0.504304 0.485867 
-0.599288 -0.257341 0.382653 
0.400795 -0.504304 0.485867 
-0.599218 -0.257546 0.383004 
0.400795 -0.504304 0.485867 
-0.599242 -0.257247 0.38292 
0.400795 -0.504304 0.485867 
-0.599203 -0.257574 0.382985 
0.400795 -0.504304 0.485867 
-0.599225 -0.257642 0.382765 
0.400795 -0.504304 0.485867 
-0.59916 -0.257598 0.383024 
0.400795 -0.504304 0.485867 
-0.599287 -0.257491 0.382739 
0.400795 -0.504304 0.485867 
-0.599168 -0.25735 0.383091 
0.400795 -0.504304 0.485867 
-0.599152 -0.257628 0.383197 
0.400795 -0.504304 0.485867 
-0.599278 -0.257361 0.38274 
0.400795 -0.504304 0.485867 
-0.599248 -0.257153 0.382888 
0.400795 -0.504304 0.485867 
-0.59942 -0.257074 0.382519 
0.400795 -0.504304 0.485867 
-0.598734 -0.256114 0.38162 
0.400795 -0.504304 0.485867 
-0.598221 -0.254958 0.380308 
0.400795 -0.504304 0.485867 
-0.597696 -0.253789 0.378965 
0.400795 -0.504304 0.485867 
-0.597051 -0.252163 0.377871 
0.400795 -0.504304 0.485867 
-0.596609 -0.250975 0.376688 
0.400795 -0.504304 0.485867 
-0.596175 -0.24917 0.375395 
0.400795 -0.504304 0.485867 
-0.595721 -0.24763 0.374026 
0.400795 -0.504304 0.485867 
-0.59544 -0.24586 0.372413 
0.400795 -0.504304 0.485867 
-0.59523 -0.244091 0.370854 
0.400795 -0.504304 0.485867 
-0.595205 -0.241818 0.369033 
0.400795 -0.504304 0.485867 
-0.595094 -0.240048 0.367377 
0.400795 -0.504304 0.485867 
-0.595088 -0.238004 0.365533 
0.400795 -0.504304 0.485867 
-0.59509 -0.235967 0.364031 
0.400795 -0.504304 0.485867 
-0.595425 -0.233616 0.361657 
0.400795 -0.504304 0.485867 
-0.595657 -0.231281 0.359769 
0.400795 -0.504304 0.485867 
-0.595914 -0.229013 0.358017 
0.400795 -0.504304 0.485867 
-0.59626 -0.22664 0.356138 
0.400795 -0.504304 0.485867 
-0.596748 -0.22435 0.35416 
0.400795 -0.504304 0.485867 
-0.597277 -0.221462 0.352433 
0.400795 -0.504304 0.485867 
-0.597752 -0.219547 0.350424 
0.400795 -0.504304 0.485867 
-0.59834 -0.217289 0.348577 
0.400795 -0.504304 0.485867 
-0.598861 -0.214984 0.346676 
0.400795 -0.504304 0.485867 
-0.599337 -0.212645 0.345081 
0.400795 -0.504304 0.485867 
-0.600133 -0.210729 0.342984 
0.400795 -0.504304 0.485867 
-0.600829 -0.208279 0.341074 
0.400795 -0.504304 0.485867 
-0.601896 -0.206703 0.339568 
0.400795 -0.504304 0.485867 
-0.602817 -0.205634 0.339085 
0.400795 -0.504304 0.485867 
-0.603883 -0.204936 0.338393 
0.400795 -0.504304 0.485867 
-0.604807 -0.204052 0.337913 
0.400795 -0.504304 0.485867 
-0.605789 -0.203337 0.337294 
0.400795 -0.504304 0.485867 
-0.606433 -0.202853 0.337157 
0.400795 -0.504304 0.485867 
-0.607177 -0.202423 0.33693 
0.400795 -0.504304 0.485867 
-0.607783 -0.202206 0.336657 
0.400795 -0.504304 0.485867 
-0.608067 -0.202884 0.336262 
0.400795 -0.504304 0.485867 
-0.608161 -0.203573 0.336291 
0.400795 -0.504304 0.485867 
-0.608217 -0.204094 0.3364 
0.400795 -0.504304 0.485867 
-0.608052 -0.204541 0.33687 
0.400795 -0.504304 0.485867 
-0.60817 -0.2053 0.337001 
0.400795 -0.504304 0.485867 
-0.60776 -0.206602 0.337488 
0.400795 -0.504304 0.485867 
-0.60731 -0.2077 0.338146 
0.400795 -0.504304 0.485867 
-0.606856 -0.209002 0.338791 
0.400795 -0.504304 0.485867 
-0.606371 -0.210723 0.339056 
0.400795 -0.504304 0.485867 
-0.605571 -0.212733 0.339819 
0.400795 -0.504304 0.485867 
-0.604709 -0.214681 0.340559 
0.400795 -0.504304 0.485867 
-0.604035 -0.216792 0.341092 
0.400795 -0.504304 0.485867 
-0.603323 -0.218958 0.341596 
0.400795 -0.504304 0.485867 
-0.602667 -0.220883 0.342184 
0.400795 -0.504304 0.485867 
-0.601907 -0.223571 0.342654 
0.400795 -0.504304 0.485867 
-0.601251 -0.225809 0.342892 
0.400795 -0.504304 0.485867 
-0.60025 -0.228734 0.343543 
0.400795 -0.504304 0.485867 
-0.599871 -0.231168 0.343553 
0.400795 -0.504304 0.485867 
-0.599231 -0.23361 0.343922 
0.400795 -0.504304 0.485867 
-0.598659 -0.236568 0.344007 
0.400795 -0.504304 0.485867 
-0.597974 -0.239323 0.344389 
0.400795 -0.504304 0.485867 
-0.597372 -0.241929 0.344776 
0.400795 -0.504304 0.485867 
-0.597031 -0.244361 0.344743 
0.400795 -0.504304 0.485867 
-0.596817 -0.246416 0.34467 
0.400795 -0.504304 0.485867 
-0.596466 -0.248795 0.344798 
0.400795 -0.504304 0.485867 
-0.596041 -0.251026 0.345042 
0.400795 -0.504304 0.485867 
-0.595891 -0.252941 0.344964 
0.400795 -0.504304 0.485867 
-0.595732 -0.25513 0.345005 
0.400795 -0.504304 0.485867 
-0.595622 -0.257005 0.344872 
0.400795 -0.504304 0.485867 
-0.595487 -0.259254 0.344783 
0.400795 -0.504304 0.485867 
-0.597042 -0.260886 0.344467 
0.400795 -0.504304 0.485867 
-0.596963 -0.262317 0.344239 
0.400795 -0.504304 0.485867 
-0.596746 -0.263731 0.344331 
0.400795 -0.504304 0.485867 
-0.596532 -0.265039 0.344405 
0.400795 -0.504304 0.485867 
-0.59728 -0.266197 0.343211 
0.400795 -0.504304 0.485867 
-0.596975 -0.268868 0.34362 
0.400795 -0.504304 0.485867 
-0.596922 -0.269053 0.343463 
0.400795 -0.504304 0.485867 
-0.596999 -0.270058 0.343071 
0.400795 -0.504304 0.485867 
-0.597317 -0.27021 0.342241 
0.400795 -0.504304 0.485867 
-0.597428 -0.27095 0.342121 
0.400795 -0.504304 0.485867 
-0.59735 -0.271858 0.342146 
0.400795 -0.504304 0.485867 
-0.597467 -0.272686 0.342031 
0.400795 -0.504304 0.485867 
-0.597853 -0.273907 0.341728 
0.400795 -0.504304 0.485867 
-0.598037 -0.274015 0.341457 
0.400795 -0.504304 0.485867 
-0.598283 -0.274788 0.341242 
0.400795 -0.504304 0.485867 
-0.598411 -0.275813 0.341145 
0.400795 -0.504304 0.485867 
-0.598272 -0.276054 0.341301 
0.400795 -0.504304 0.485867 
-0.599177 -0.277502 0.340283 
0.400795 -0.504304 0.485867 
-0.599406 -0.278868 0.340309 
0.400795 -0.504304 0.485867 
-0.600023 -0.279869 0.339401 
0.400795 -0.504304 0.485867 
-0.59978 -0.280769 0.339663 
0.400795 -0.504304 0.485867 
-0.600073 -0.281379 0.339338 
0.400795 -0.504304 0.485867 
-0.600395 -0.282354 0.338961 
0.400795 -0.504304 0.485867 
-0.600628 -0.283038 0.33851 
0.400795 -0.504304 0.485867 
-0.601003 -0.284384 0.338056 
0.400795 -0.504304 0.485867 
-0.599258 -0.284414 0.337985 
0.400795 -0.504304 0.485867 
-0.599314 -0.28503 0.337944 
0.400795 -0.504304 0.485867 
-0.599346 -0.286324 0.337998 
0.400795 -0.504304 0.485867 
-0.59954 -0.287357 0.337833 
0.400795 -0.504304 0.485867 
-0.59985 -0.288193 0.337333 
0.400795 -0.504304 0.485867 
-0.599672 -0.28863 0.337309 
0.400795 -0.504304 0.485867 
-0.599804 -0.289956 0.337243 
0.400795 -0.504304 0.485867 
-0.599841 -0.290238 0.336899 
0.400795 -0.504304 0.485867 
-0.599711 -0.290591 0.336877 
0.400795 -0.504304 0.485867 
-0.599802 -0.291239 0.336562 
0.400795 -0.504304 0.485867 
-0.599648 -0.291624 0.336443 
0.400795 -0.504304 0.485867 
-0.599452 -0.291995 0.336374 
0.400795 -0.504304 0.485867 
-0.599327 -0.292107 0.336197 
0.400795 -0.504304 0.485867 
-0.599191 -0.292241 0.335902 
0.400795 -0.504304 0.485867 
-0.59904 -0.292282 0.335742 
0.400795 -0.504304 0.485867 
-0.598571 -0.29196 0.335744 
0.400795 -0.504304 0.485867 
-0.598387 -0.291745 0.335692 
0.400795 -0.504304 0.485867 
-0.597904 -0.29192 0.33591 
0.400795 -0.504304 0.485867 
-0.597496 -0.292303 0.336088 
0.400795 -0.504304 0.485867 
-0.597155 -0.291908 0.336104 
0.400795 -0.504304 0.485867 
-0.596834 -0.292217 0.336235 
0.400795 -0.504304 0.485867 
-0.59644 -0.292286 0.336162 
0.400795 -0.504304 0.485867 
-0.595945 -0.292181 0.336268 
0.400795 -0.504304 0.485867 
-0.595548 -0.292208 0.336231 
0.400795 -0.504304 0.485867 
-0.594693 -0.291696 0.336348 
0.400795 -0.504304 0.485867 
-0.594283 -0.291359 0.336137 
0.400795 -0.504304 0.485867 
-0.593749 -0.291407 0.336049 
0.400795 -0.504304 0.485867 
-0.593501 -0.291532 0.33549 
0.400795 -0.504304 0.485867 
-0.593174 -0.292016 0.335298 
0.400795 -0.504304 0.485867 
-0.592897 -0.29211 0.335092 
0.400795 -0.504304 0.485867 
-0.592634 -0.292344 0.334893 
0.400795 -0.504304 0.485867 
-0.592385 -0.292716 0.334876 
0.400795 -0.504304 0.485867 
-0.592045 -0.293413 0.335081 
0.400795 -0.504304 0.485867 
-0.591782 -0.293392 0.334991 
0.400795 -0.504304 0.485867 
-0.591481 -0.293826 0.334856 
0.400795 -0.504304 0.485867 
-0.590973 -0.294363 0.33516 
0.400795 -0.504304 0.485867 
-0.591009 -0.294244 0.33442 
0.400795 -0.504304 0.485867 
-0.590905 -0.294737 0.334223 
0.400795 -0.504304 0.485867 
-0.590644 -0.295352 0.334333 
0.400795 -0.504304 0.485867 
-0.590402 -0.295461 0.33425 
0.400795 -0.504304 0.485867 
-0.590282 -0.295987 0.33413 
0.400795 -0.504304 0.485867 
-0.58999 -0.296615 0.334256 
0.400795 -0.504304 0.485867 
-0.589968 -0.297186 0.334037 
0.400795 -0.504304 0.485867 
-0.589853 -0.297814 0.333998 
0.400795 -0.504304 0.485867 
-0.589677 -0.298194 0.333999 
0.400795 -0.504304 0.485867 
-0.589603 -0.298365 0.333737 
0.400795 -0.504304 0.485867 
-0.589614 -0.298627 0.333486 
0.400795 -0.504304 0.485867 
-0.589604 -0.299257 0.333529 
0.400795 -0.504304 0.485867 
-0.589505 -0.299445 0.333368 
0.400795 -0.504304 0.485867 
-0.589539 -0.300017 0.33355 
0.400795 -0.504304 0.485867 
-0.589463 -0.300466 0.333746 
0.400795 -0.504304 0.485867 
-0.589355 -0.300594 0.333727 
0.400795 -0.504304 0.485867 
-0.589498 -0.300703 0.333697 
0.400795 -0.504304 0.485867 
-0.589358 -0.300384 0.333618 
0.400795 -0.504304 0.485867 
-0.5894 -0.300734 0.333813 
0.400795 -0.504304 0.485867 
-0.589415 -0.300706 0.333826 
0.400795 -0.504304 0.485867 
-0.589404 -0.300434 0.333574 
0.400795 -0.504304 0.485867 
-0.589316 -0.300342 0.333705 
0.400795 -0.504304 0.485867 
-0.589309 -0.300642 0.334057 
0.400795 -0.504304 0.485867 
-0.58923 -0.300224 0.333804 
0.400795 -0.504304 0.485867 
-0.589239 -0.300287 0.333855 
0.400795 -0.504304 0.485867 
-0.589328 -0.300143 0.333474 
0.400795 -0.504304 0.485867 
-0.589469 -0.300491 0.333354 
0.400795 -0.504304 0.485867 
-0.589258 -0.300533 0.333696 
0.400795 -0.504304 0.485867 
-0.589423 -0.300809 0.33384 
0.400795 -0.504304 0.485867 
-0.589542 -0.3007 0.33375 
0.400795 -0.504304 0.485867 
-0.589325 -0.300556 0.333718 
0.400795 -0.504304 0.485867 
-0.589309 -0.300739 0.333825 
0.400795 -0.504304 0.485867 
-0.589184 -0.300847 0.33425 
0.400795 -0.504304 0.485867 
-0.589258 -0.301023 0.334191 
0.400795 -0.504304 0.485867 
-0.589127 -0.300571 0.334026 
0.400795 -0.504304 0.485867 
-0.589402 -0.301005 0.333885 
0.400795 -0.504304 0.485867 
-0.58939 -0.300532 0.333483 
0.400795 -0.504304 0.485867 
-0.589395 -0.300553 0.333446 
0.400795 -0.504304 0.485867 
-0.589387 -0.300014 0.333271 
0.400795 -0.504304 0.485867 
-0.589398 -0.300425 0.333407 
0.400795 -0.504304 0.485867 
-0.589461 -0.300508 0.333541 
0.400795 -0.504304 0.485867 
