-0.614362 -0.250174 0.384358 
0.400795 -0.504304 0.485867 
-0.614363 -0.250175 0.384357 
0.400795 -0.504304 0.485867 
-0.6144 -0.25079 0.383359 
0.400795 -0.504304 0.485867 
-0.614012 -0.25102 0.383287 
0.400795 -0.504304 0.485867 
-0.613764 -0.251071 0.383616 
0.400795 -0.504304 0.485867 
-0.613589 -0.251078 0.383637 
0.400795 -0.504304 0.485867 
-0.613174 -0.252592 0.383632 
0.400795 -0.504304 0.485867 
-0.612768 -0.253625 0.383364 
0.400795 -0.504304 0.485867 
-0.612145 -0.253984 0.383254 
0.400795 -0.504304 0.485867 
-0.610905 -0.254416 0.382882 
0.400795 -0.504304 0.485867 
-0.609494 -0.254766 0.382736 
0.400795 -0.504304 0.485867 
-0.608162 -0.255171 0.382589 
0.400795 -0.504304 0.485867 
-0.607285 -0.254962 0.382582 
0.400795 -0.504304 0.485867 
-0.606489 -0.254998 0.382301 
0.400795 -0.504304 0.485867 
-0.605854 -0.255305 0.381949 
0.400795 -0.504304 0.485867 
-0.60551 -0.255307 0.381807 
0.400795 -0.504304 0.485867 
-0.605144 -0.255032 0.381704 
0.400795 -0.504304 0.485867 
-0.604654 -0.2553 0.381723 
0.400795 -0.504304 0.485867 
-0.604228 -0.255574 0.381699 
0.400795 -0.504304 0.485867 
-0.603888 -0.255408 0.381591 
0.400795 -0.504304 0.485867 
-0.603667 -0.255384 0.381275 
0.400795 -0.504304 0.485867 
-0.603228 -0.255466 0.381667 
0.400795 -0.504304 0.485867 
-0.602954 -0.255432 0.381729 
0.400795 -0.504304 0.485867 
-0.602865 -0.255386 0.38148 
0.400795 -0.504304 0.485867 
-0.602607 -0.255701 0.381509 
0.400795 -0.504304 0.485867 
-0.602385 -0.255561 0.381313 
0.400795 -0.504304 0.485867 
-0.602173 -0.255808 0.381556 
0.400795 -0.504304 0.485867 
-0.602032 -0.255989 0.381396 
0.400795 -0.504304 0.485867 
-0.601511 -0.255958 0.381007 
0.400795 -0.504304 0.485867 
-0.600801 -0.25637 0.381279 
0.400795 -0.504304 0.485867 
-0.600192 -0.256384 0.381237 
0.400795 -0.504304 0.485867 
-0.59961 -0.256385 0.380942 
0.400795 -0.504304 0.485867 
-0.599151 -0.255844 0.38079 
0.400795 -0.504304 0.485867 
-0.598697 -0.255905 0.380799 
0.400795 -0.504304 0.485867 
-0.598483 -0.25603 0.380689 
0.400795 -0.504304 0.485867 
-0.598444 -0.255861 0.380843 
0.400795 -0.504304 0.485867 
-0.598341 -0.256164 0.380731 
0.400795 -0.504304 0.485867 
-0.598367 -0.256093 0.380503 
0.400795 -0.504304 0.485867 
-0.598237 -0.256117 0.380792 
0.400795 -0.504304 0.485867 
-0.598304 -0.256026 0.380469 
0.400795 -0.504304 0.485867 
-0.598351 -0.255901 0.380589 
0.400795 -0.504304 0.485867 
-0.598389 -0.255825 0.380316 
0.400795 -0.504304 0.485867 
-0.598257 -0.256052 0.380606 
0.400795 -0.504304 0.485867 
-0.598237 -0.256031 0.380647 
0.400795 -0.504304 0.485867 
-0.598194 -0.255997 0.380722 
0.400795 -0.504304 0.485867 
-0.598223 -0.256028 0.380597 
0.400795 -0.504304 0.485867 
-0.598249 -0.25617 0.380509 
0.400795 -0.504304 0.485867 
-0.598263 -0.255953 0.380654 
0.400795 -0.504304 0.485867 
-0.598324 -0.255914 0.380475 
0.400795 -0.504304 0.485867 
-0.598243 -0.255882 0.380753 
0.400795 -0.504304 0.485867 
-0.598292 -0.255798 0.380711 
0.400795 -0.504304 0.485867 
-0.598235 -0.255887 0.380783 
0.400795 -0.504304 0.485867 
-0.598292 -0.25598 0.380451 
0.400795 -0.504304 0.485867 
-0.598299 -0.255795 0.380647 
0.400795 -0.504304 0.485867 
-0.598302 -0.255668 0.380742 
0.400795 -0.504304 0.485867 
-0.598291 -0.256044 0.380779 
0.400795 -0.504304 0.485867 
-0.598294 -0.256161 0.380834 
0.400795 -0.504304 0.485867 
-0.598352 -0.256007 0.380795 
0.400795 -0.504304 0.485867 
-0.59832 -0.256187 0.380957 
0.400795 -0.504304 0.485867 
-0.598355 -0.256104 0.380939 
0.400795 -0.504304 0.485867 
-0.598319 -0.256356 0.381135 
0.400795 -0.504304 0.485867 
-0.598365 -0.256293 0.381025 
0.400795 -0.504304 0.485867 
-0.598247 -0.256382 0.381249 
0.400795 -0.504304 0.485867 
-0.59817 -0.256528 0.381364 
0.400795 -0.504304 0.485867 
-0.598285 -0.256351 0.381145 
0.400795 -0.504304 0.485867 
-0.598346 -0.256257 0.381105 
0.400795 -0.504304 0.485867 
-0.598343 -0.256262 0.381049 
0.400795 -0.504304 0.485867 
-0.5983 -0.256228 0.381081 
0.400795 -0.504304 0.485867 
-0.598416 -0.256137 0.380761 
0.400795 -0.504304 0.485867 
-0.598339 -0.256244 0.381024 
0.400795 -0.504304 0.485867 
-0.598293 -0.256365 0.381045 
0.400795 -0.504304 0.485867 
-0.598333 -0.256179 0.381014 
0.400795 -0.504304 0.485867 
-0.598333 -0.256244 0.381146 
0.400795 -0.504304 0.485867 
-0.598309 -0.256382 0.380996 
0.400795 -0.504304 0.485867 
-0.59828 -0.256316 0.381207 
0.400795 -0.504304 0.485867 
-0.598423 -0.256155 0.380772 
0.400795 -0.504304 0.485867 
-0.598403 -0.25613 0.380835 
0.400795 -0.504304 0.485867 
-0.598378 -0.256146 0.380995 
0.400795 -0.504304 0.485867 
-0.598401 -0.256124 0.380823 
0.400795 -0.504304 0.485867 
-0.598331 -0.256165 0.381119 
0.400795 -0.504304 0.485867 
-0.598313 -0.256273 0.381224 
0.400795 -0.504304 0.485867 
-0.598383 -0.255913 0.380951 
0.400795 -0.504304 0.485867 
-0.598352 -0.255899 0.380878 
0.400795 -0.504304 0.485867 
-0.598296 -0.256001 0.380908 
0.400795 -0.504304 0.485867 
-0.5983 -0.255884 0.380771 
0.400795 -0.504304 0.485867 
-0.598256 -0.2559 0.380903 
0.400795 -0.504304 0.485867 
-0.598263 -0.255868 0.380895 
0.400795 -0.504304 0.485867 
-0.598227 -0.255829 0.380774 
0.400795 -0.504304 0.485867 
-0.598221 -0.255898 0.380832 
0.400795 -0.504304 0.485867 
-0.598325 -0.255809 0.380659 
0.400795 -0.504304 0.485867 
-0.598195 -0.256085 0.380796 
0.400795 -0.504304 0.485867 
-0.598248 -0.255885 0.380753 
0.400795 -0.504304 0.485867 
-0.598326 -0.255884 0.380664 
0.400795 -0.504304 0.485867 
-0.598277 -0.255946 0.380745 
0.400795 -0.504304 0.485867 
-0.598297 -0.255773 0.38083 
0.400795 -0.504304 0.485867 
-0.598351 -0.255791 0.380776 
0.400795 -0.504304 0.485867 
-0.59836 -0.255748 0.380616 
0.400795 -0.504304 0.485867 
-0.598329 -0.256019 0.380671 
0.400795 -0.504304 0.485867 
-0.598289 -0.255916 0.380706 
0.400795 -0.504304 0.485867 
-0.59824 -0.256041 0.380866 
0.400795 -0.504304 0.485867 
-0.598232 -0.256012 0.380887 
0.400795 -0.504304 0.485867 
-0.598308 -0.255979 0.380906 
0.400795 -0.504304 0.485867 
-0.598259 -0.255889 0.381026 
0.400795 -0.504304 0.485867 
-0.598282 -0.256157 0.38105 
0.400795 -0.504304 0.485867 
-0.598327 -0.255915 0.380919 
0.400795 -0.504304 0.485867 
-0.598369 -0.25584 0.381035 
0.400795 -0.504304 0.485867 
-0.598329 -0.256014 0.381146 
0.400795 -0.504304 0.485867 
-0.5983 -0.255929 0.380983 
0.400795 -0.504304 0.485867 
-0.598225 -0.256113 0.381118 
0.400795 -0.504304 0.485867 
-0.598265 -0.25594 0.381196 
0.400795 -0.504304 0.485867 
-0.598361 -0.256081 0.380985 
0.400795 -0.504304 0.485867 
-0.598265 -0.256302 0.381103 
0.400795 -0.504304 0.485867 
-0.598302 -0.256034 0.381134 
0.400795 -0.504304 0.485867 
-0.598262 -0.256209 0.3812 
0.400795 -0.504304 0.485867 
-0.598232 -0.25629 0.381182 
0.400795 -0.504304 0.485867 
-0.598274 -0.25622 0.381143 
0.400795 -0.504304 0.485867 
-0.598287 -0.256078 0.380987 
0.400795 -0.504304 0.485867 
-0.598323 -0.256228 0.381014 
0.400795 -0.504304 0.485867 
-0.597749 -0.254871 0.379841 
0.400795 -0.504304 0.485867 
-0.597242 -0.253579 0.378704 
0.400795 -0.504304 0.485867 
-0.596695 -0.252276 0.377483 
0.400795 -0.504304 0.485867 
-0.59618 -0.250806 0.376443 
0.400795 -0.504304 0.485867 
-0.595722 -0.249277 0.375003 
0.400795 -0.504304 0.485867 
-0.595291 -0.247833 0.3737 
0.400795 -0.504304 0.485867 
-0.5949 -0.246171 0.372376 
0.400795 -0.504304 0.485867 
-0.594609 -0.244317 0.370849 
0.400795 -0.504304 0.485867 
-0.59451 -0.242472 0.369311 
0.400795 -0.504304 0.485867 
-0.594327 -0.240587 0.367676 
0.400795 -0.504304 0.485867 
-0.594274 -0.238491 0.366068 
0.400795 -0.504304 0.485867 
-0.594386 -0.236103 0.364193 
0.400795 -0.504304 0.485867 
-0.594459 -0.233914 0.362465 
0.400795 -0.504304 0.485867 
-0.594768 -0.231458 0.360542 
0.400795 -0.504304 0.485867 
-0.595009 -0.229164 0.358802 
0.400795 -0.504304 0.485867 
-0.595233 -0.227035 0.357092 
0.400795 -0.504304 0.485867 
-0.595643 -0.224641 0.355139 
0.400795 -0.504304 0.485867 
-0.596116 -0.222155 0.353349 
0.400795 -0.504304 0.485867 
-0.596599 -0.219847 0.351529 
0.400795 -0.504304 0.485867 
-0.597247 -0.21752 0.3495 
0.400795 -0.504304 0.485867 
-0.597876 -0.215164 0.347696 
0.400795 -0.504304 0.485867 
-0.598557 -0.212977 0.345703 
0.400795 -0.504304 0.485867 
-0.599124 -0.210447 0.344205 
0.400795 -0.504304 0.485867 
-0.59986 -0.208181 0.342294 
0.400795 -0.504304 0.485867 
-0.600506 -0.205852 0.340551 
0.400795 -0.504304 0.485867 
-0.6014 -0.204317 0.339233 
0.400795 -0.504304 0.485867 
-0.60257 -0.203081 0.338537 
0.400795 -0.504304 0.485867 
-0.603583 -0.202361 0.337916 
0.400795 -0.504304 0.485867 
-0.604411 -0.201791 0.33747 
0.400795 -0.504304 0.485867 
-0.605409 -0.200955 0.336927 
0.400795 -0.504304 0.485867 
-0.606109 -0.200725 0.336623 
0.400795 -0.504304 0.485867 
-0.606836 -0.20045 0.336353 
0.400795 -0.504304 0.485867 
-0.607392 -0.200276 0.336156 
0.400795 -0.504304 0.485867 
-0.607524 -0.200923 0.336021 
0.400795 -0.504304 0.485867 
-0.607604 -0.201122 0.33621 
0.400795 -0.504304 0.485867 
-0.607693 -0.201427 0.336334 
0.400795 -0.504304 0.485867 
-0.607665 -0.202235 0.336468 
0.400795 -0.504304 0.485867 
-0.60755 -0.203275 0.33664 
0.400795 -0.504304 0.485867 
-0.607276 -0.204364 0.336993 
0.400795 -0.504304 0.485867 
-0.606938 -0.205683 0.337324 
0.400795 -0.504304 0.485867 
-0.606299 -0.207305 0.33805 
0.400795 -0.504304 0.485867 
-0.605794 -0.208858 0.338489 
0.400795 -0.504304 0.485867 
-0.60501 -0.210596 0.339235 
0.400795 -0.504304 0.485867 
-0.604356 -0.212602 0.339575 
0.400795 -0.504304 0.485867 
-0.603705 -0.214558 0.340085 
0.400795 -0.504304 0.485867 
-0.60266 -0.217018 0.340868 
0.400795 -0.504304 0.485867 
-0.602074 -0.218976 0.341289 
0.400795 -0.504304 0.485867 
-0.601277 -0.221385 0.341717 
0.400795 -0.504304 0.485867 
-0.600502 -0.223965 0.341941 
0.400795 -0.504304 0.485867 
-0.599805 -0.226225 0.342324 
0.400795 -0.504304 0.485867 
-0.598905 -0.22927 0.342792 
0.400795 -0.504304 0.485867 
-0.598446 -0.231701 0.342828 
0.400795 -0.504304 0.485867 
-0.597714 -0.234511 0.343159 
0.400795 -0.504304 0.485867 
-0.59709 -0.237441 0.343264 
0.400795 -0.504304 0.485867 
-0.596627 -0.239782 0.343477 
0.400795 -0.504304 0.485867 
-0.596202 -0.241978 0.343514 
0.400795 -0.504304 0.485867 
-0.59584 -0.244325 0.34349 
0.400795 -0.504304 0.485867 
-0.59547 -0.246795 0.343491 
0.400795 -0.504304 0.485867 
-0.595195 -0.248849 0.34357 
0.400795 -0.504304 0.485867 
