-0.592267 -0.229432 0.358861 
0.400795 -0.504304 0.485867 
-0.592268 -0.229433 0.358861 
0.400795 -0.504304 0.485867 
-0.592138 -0.229478 0.358308 
0.400795 -0.504304 0.485867 
-0.59242 -0.229866 0.358018 
0.400795 -0.504304 0.485867 
-0.592367 -0.229824 0.358135 
0.400795 -0.504304 0.485867 
-0.592307 -0.229755 0.358265 
0.400795 -0.504304 0.485867 
-0.592278 -0.229763 0.358453 
0.400795 -0.504304 0.485867 
-0.592306 -0.229738 0.358418 
0.400795 -0.504304 0.485867 
-0.59242 -0.22959 0.358293 
0.400795 -0.504304 0.485867 
-0.592448 -0.229783 0.357838 
0.400795 -0.504304 0.485867 
-0.592402 -0.229635 0.357956 
0.400795 -0.504304 0.485867 
-0.592397 -0.229452 0.358037 
0.400795 -0.504304 0.485867 
-0.592362 -0.229463 0.358378 
0.400795 -0.504304 0.485867 
-0.592409 -0.229543 0.358115 
0.400795 -0.504304 0.485867 
-0.592278 -0.229713 0.358366 
0.400795 -0.504304 0.485867 
-0.592356 -0.229644 0.358182 
0.400795 -0.504304 0.485867 
-0.592378 -0.229606 0.358279 
0.400795 -0.504304 0.485867 
-0.592448 -0.229708 0.357834 
0.400795 -0.504304 0.485867 
-0.592407 -0.229716 0.357731 
0.400795 -0.504304 0.485867 
-0.592343 -0.229876 0.35781 
0.400795 -0.504304 0.485867 
-0.592266 -0.230036 0.358267 
0.400795 -0.504304 0.485867 
-0.59223 -0.229939 0.358432 
0.400795 -0.504304 0.485867 
-0.592362 -0.229651 0.358108 
0.400795 -0.504304 0.485867 
-0.592195 -0.229675 0.358344 
0.400795 -0.504304 0.485867 
-0.592264 -0.229714 0.358092 
0.400795 -0.504304 0.485867 
-0.592386 -0.22966 0.358092 
0.400795 -0.504304 0.485867 
-0.592354 -0.229476 0.358093 
0.400795 -0.504304 0.485867 
-0.592457 -0.229603 0.35805 
0.400795 -0.504304 0.485867 
-0.592372 -0.229539 0.358071 
0.400795 -0.504304 0.485867 
-0.592466 -0.22967 0.357622 
0.400795 -0.504304 0.485867 
-0.592367 -0.229799 0.358032 
0.400795 -0.504304 0.485867 
-0.592437 -0.229759 0.358079 
0.400795 -0.504304 0.485867 
-0.592235 -0.229627 0.358421 
0.400795 -0.504304 0.485867 
-0.592255 -0.229805 0.358682 
0.400795 -0.504304 0.485867 
-0.592436 -0.229597 0.35823 
0.400795 -0.504304 0.485867 
