-0.597268 -0.255126 0.407261 
0.386809 -0.491416 0.438602 
-0.597268 -0.255126 0.407261 
0.386808 -0.491416 0.438602 
-0.597268 -0.255126 0.407261 
0.38564 -0.49345 0.439924 
-0.597268 -0.255126 0.407261 
0.386242 -0.493006 0.444096 
-0.597268 -0.255126 0.407261 
0.387644 -0.491848 0.444959 
-0.597268 -0.255126 0.407261 
0.388459 -0.49229 0.443482 
-0.597268 -0.255126 0.407261 
0.388805 -0.491799 0.440174 
-0.597268 -0.255126 0.407261 
0.389609 -0.493065 0.442665 
-0.597268 -0.255126 0.407261 
0.390422 -0.492196 0.444246 
-0.597268 -0.255126 0.407261 
0.390985 -0.493123 0.441051 
-0.597268 -0.255126 0.407261 
0.392064 -0.492012 0.44253 
-0.597268 -0.255126 0.407261 
0.393639 -0.493017 0.445429 
-0.597268 -0.255126 0.407261 
0.39512 -0.493315 0.446532 
-0.597268 -0.255126 0.407261 
0.397191 -0.494013 0.444354 
-0.597268 -0.255126 0.407261 
0.399286 -0.493778 0.442836 
-0.597268 -0.255126 0.407261 
0.401776 -0.493874 0.445557 
-0.597268 -0.255126 0.407261 
0.404629 -0.49417 0.448965 
-0.597268 -0.255126 0.407261 
0.407639 -0.494413 0.451379 
-0.597268 -0.255126 0.407261 
0.409827 -0.494798 0.446484 
-0.597268 -0.255126 0.407261 
0.412559 -0.495703 0.446539 
-0.597268 -0.255126 0.407261 
0.415339 -0.496466 0.446961 
-0.597268 -0.255126 0.407261 
0.418407 -0.496394 0.449557 
-0.597268 -0.255126 0.407261 
0.420438 -0.495724 0.444758 
-0.597268 -0.255126 0.407261 
0.423219 -0.49627 0.448107 
-0.597268 -0.255126 0.407261 
0.425482 -0.497127 0.445911 
-0.597268 -0.255126 0.407261 
0.428146 -0.497424 0.447015 
-0.597268 -0.255126 0.407261 
0.430695 -0.496821 0.446317 
-0.597268 -0.255126 0.407261 
0.432973 -0.498134 0.445238 
-0.597268 -0.255126 0.407261 
0.435198 -0.497905 0.444943 
-0.597268 -0.255126 0.407261 
0.437485 -0.497939 0.445733 
-0.597268 -0.255126 0.407261 
0.439478 -0.49768 0.444743 
-0.597268 -0.255126 0.407261 
0.441302 -0.497451 0.444208 
-0.597268 -0.255126 0.407261 
0.443166 -0.497549 0.445722 
-0.597268 -0.255126 0.407261 
0.444533 -0.499522 0.445544 
-0.597268 -0.255126 0.407261 
0.445509 -0.49955 0.444876 
-0.597268 -0.255126 0.407261 
0.446287 -0.500264 0.443266 
-0.597268 -0.255126 0.407261 
0.446281 -0.500173 0.443477 
-0.597268 -0.255126 0.407261 
0.446288 -0.498927 0.442441 
-0.597268 -0.255126 0.407261 
0.446478 -0.498889 0.44352 
-0.597268 -0.255126 0.407261 
0.446414 -0.500073 0.444575 
-0.597268 -0.255126 0.407261 
0.4466 -0.499781 0.445664 
-0.597268 -0.255126 0.407261 
0.446334 -0.499666 0.443671 
-0.597268 -0.255126 0.407261 
0.446262 -0.499837 0.443766 
-0.597268 -0.255126 0.407261 
0.446359 -0.500301 0.444398 
-0.597268 -0.255126 0.407261 
0.44631 -0.499324 0.443887 
-0.597268 -0.255126 0.407261 
0.44637 -0.499003 0.443696 
-0.597268 -0.255126 0.407261 
0.446398 -0.499665 0.443837 
-0.597268 -0.255126 0.407261 
0.446439 -0.499251 0.444322 
-0.597268 -0.255126 0.407261 
0.446332 -0.499358 0.443461 
-0.597268 -0.255126 0.407261 
0.446583 -0.499053 0.444666 
-0.597268 -0.255126 0.407261 
0.446654 -0.499007 0.444986 
-0.597268 -0.255126 0.407261 
0.44646 -0.49941 0.442929 
-0.597268 -0.255126 0.407261 
0.446545 -0.498782 0.443593 
-0.597268 -0.255126 0.407261 
0.446415 -0.500209 0.443191 
-0.597268 -0.255126 0.407261 
0.446447 -0.499772 0.442893 
-0.597268 -0.255126 0.407261 
0.446515 -0.499209 0.443951 
-0.597268 -0.255126 0.407261 
0.446558 -0.498638 0.443703 
-0.597268 -0.255126 0.407261 
0.446474 -0.500245 0.443515 
-0.597268 -0.255126 0.407261 
0.446638 -0.499004 0.443893 
-0.597268 -0.255126 0.407261 
0.446586 -0.500648 0.444506 
-0.597268 -0.255126 0.407261 
0.446582 -0.499886 0.443553 
-0.597268 -0.255126 0.407261 
0.446542 -0.500595 0.444646 
-0.597268 -0.255126 0.407261 
0.446525 -0.499951 0.444212 
-0.597268 -0.255126 0.407261 
0.446594 -0.498915 0.444161 
-0.597268 -0.255126 0.407261 
0.446667 -0.498736 0.444787 
-0.597268 -0.255126 0.407261 
0.446506 -0.500026 0.443014 
-0.597268 -0.255126 0.407261 
0.446525 -0.500059 0.443934 
-0.597268 -0.255126 0.407261 
0.446501 -0.499788 0.443785 
-0.597268 -0.255126 0.407261 
0.446602 -0.499015 0.444373 
-0.597268 -0.255126 0.407261 
0.446583 -0.498892 0.444054 
-0.597268 -0.255126 0.407261 
0.446568 -0.498692 0.444032 
-0.597268 -0.255126 0.407261 
0.446582 -0.500157 0.444372 
-0.597268 -0.255126 0.407261 
0.446677 -0.499274 0.444235 
-0.597268 -0.255126 0.407261 
0.446513 -0.500674 0.443708 
-0.597268 -0.255126 0.407261 
0.446566 -0.499268 0.444046 
-0.597268 -0.255126 0.407261 
0.446418 -0.500154 0.443871 
-0.597268 -0.255126 0.407261 
0.446469 -0.499526 0.443835 
-0.597268 -0.255126 0.407261 
0.446615 -0.499458 0.444893 
-0.597268 -0.255126 0.407261 
0.446673 -0.499292 0.445225 
-0.597268 -0.255126 0.407261 
0.446514 -0.499197 0.443461 
-0.597268 -0.255126 0.407261 
0.446571 -0.498399 0.443736 
-0.597268 -0.255126 0.407261 
0.446554 -0.49883 0.44308 
-0.597268 -0.255126 0.407261 
0.446565 -0.500189 0.444292 
-0.597268 -0.255126 0.407261 
0.446715 -0.498701 0.444759 
-0.597268 -0.255126 0.407261 
0.446591 -0.498909 0.443774 
-0.597268 -0.255126 0.407261 
0.446604 -0.499368 0.444362 
-0.597268 -0.255126 0.407261 
0.446466 -0.500075 0.443541 
-0.597268 -0.255126 0.407261 
0.446538 -0.499482 0.444297 
-0.597268 -0.255126 0.407261 
0.446539 -0.499741 0.444203 
-0.597268 -0.255126 0.407261 
0.446549 -0.499985 0.444178 
-0.597268 -0.255126 0.407261 
0.446517 -0.498867 0.44394 
-0.597268 -0.255126 0.407261 
0.446566 -0.49871 0.444126 
-0.597268 -0.255126 0.407261 
0.446604 -0.499807 0.444909 
-0.597268 -0.255126 0.407261 
0.446742 -0.499373 0.445345 
-0.597268 -0.255126 0.407261 
0.446534 -0.500459 0.443871 
-0.597268 -0.255126 0.407261 
0.44657 -0.499264 0.444106 
-0.597268 -0.255126 0.407261 
0.446409 -0.498953 0.442847 
-0.597268 -0.255126 0.407261 
0.446573 -0.499397 0.444073 
-0.597268 -0.255126 0.407261 
0.44658 -0.49925 0.443958 
