-0.6023 -0.233584 0.389793 
0.380525 -0.493157 0.429041 
-0.602394 -0.233034 0.38981 
0.379339 -0.490304 0.435447 
-0.602266 -0.232806 0.390127 
0.380629 -0.490453 0.436425 
-0.60232 -0.233002 0.389885 
0.382825 -0.490203 0.439913 
-0.60247 -0.232884 0.389622 
0.385857 -0.489459 0.444732 
-0.602466 -0.232981 0.389675 
0.388605 -0.488541 0.446345 
-0.602441 -0.23297 0.389567 
0.392056 -0.487858 0.449246 
-0.602507 -0.232835 0.389521 
0.395593 -0.486462 0.452234 
-0.602374 -0.232974 0.389923 
0.398938 -0.485921 0.454872 
-0.602401 -0.232982 0.389765 
0.401981 -0.485188 0.456251 
-0.602425 -0.233057 0.389633 
0.406715 -0.484158 0.460556 
-0.602384 -0.233173 0.389853 
0.410185 -0.483381 0.462418 
-0.6024 -0.232953 0.389765 
0.413881 -0.482203 0.463897 
-0.602519 -0.232903 0.389548 
0.417589 -0.481709 0.466061 
-0.602443 -0.232906 0.38977 
0.420332 -0.480074 0.467142 
-0.602355 -0.232813 0.389939 
0.423311 -0.47993 0.467633 
-0.602306 -0.232836 0.390007 
0.424113 -0.48028 0.468211 
-0.602405 -0.232786 0.390017 
0.425095 -0.479511 0.468193 
-0.602391 -0.232712 0.389838 
0.425372 -0.479486 0.46839 
-0.602331 -0.23284 0.390003 
0.425464 -0.479914 0.467405 
-0.602433 -0.2326 0.389866 
0.425736 -0.479731 0.468098 
-0.602371 -0.232661 0.389915 
0.425453 -0.480157 0.466397 
-0.602274 -0.232812 0.390091 
0.426545 -0.479866 0.467983 
