-0.597268 -0.255126 0.407261 
0.386871 -0.491859 0.441147 
-0.597268 -0.255126 0.407261 
0.386871 -0.491859 0.441147 
-0.597268 -0.255126 0.407261 
0.386871 -0.491859 0.441147 
-0.597268 -0.255126 0.407261 
0.386871 -0.491859 0.441147 
-0.597268 -0.255126 0.407261 
0.386871 -0.491859 0.441147 
-0.597268 -0.255126 0.407261 
0.386871 -0.491859 0.441147 
-0.597268 -0.255126 0.407261 
0.386871 -0.491859 0.441147 
-0.597268 -0.255126 0.407261 
0.386871 -0.491859 0.441147 
-0.597268 -0.255126 0.407261 
0.386871 -0.491859 0.441147 
-0.597268 -0.255126 0.407261 
0.386871 -0.491859 0.441147 
-0.597268 -0.255126 0.407261 
0.386871 -0.491859 0.441147 
-0.597268 -0.255126 0.407261 
0.386871 -0.491859 0.441147 
-0.597268 -0.255126 0.407261 
0.386871 -0.491859 0.441147 
-0.597268 -0.255126 0.407261 
0.386871 -0.491859 0.441147 
-0.597268 -0.255126 0.407261 
0.386871 -0.491859 0.441147 
-0.597268 -0.255126 0.407261 
0.386871 -0.491859 0.441147 
-0.597268 -0.255126 0.407261 
0.386871 -0.491859 0.441147 
-0.597268 -0.255126 0.407261 
0.386871 -0.491859 0.441147 
-0.597268 -0.255126 0.407261 
0.386871 -0.491859 0.441147 
-0.597268 -0.255126 0.407261 
0.386871 -0.491859 0.441147 
-0.597268 -0.255126 0.407261 
0.386871 -0.491859 0.441147 
-0.597268 -0.255126 0.407261 
0.386871 -0.491859 0.441147 
-0.597268 -0.255126 0.407261 
0.386871 -0.491859 0.441147 
-0.597268 -0.255126 0.407261 
0.386871 -0.491859 0.441147 
-0.597268 -0.255126 0.407261 
0.386871 -0.491859 0.441147 
-0.597268 -0.255126 0.407261 
0.386871 -0.491859 0.441147 
-0.597268 -0.255126 0.407261 
0.386871 -0.491859 0.441147 
-0.597268 -0.255126 0.407261 
0.386871 -0.491859 0.441147 
-0.597268 -0.255126 0.407261 
0.386871 -0.491859 0.441147 
-0.597268 -0.255126 0.407261 
0.386871 -0.491859 0.441147 
-0.597268 -0.255126 0.407261 
0.386871 -0.491859 0.441147 
-0.597268 -0.255126 0.407261 
0.386871 -0.491859 0.441147 
-0.597268 -0.255126 0.407261 
0.386871 -0.491859 0.441147 
-0.597268 -0.255126 0.407261 
0.386871 -0.491859 0.441147 
-0.597268 -0.255126 0.407261 
0.386871 -0.491859 0.441147 
-0.597268 -0.255126 0.407261 
0.386871 -0.491859 0.441147 
-0.597268 -0.255126 0.407261 
0.386871 -0.491859 0.441147 
-0.597268 -0.255126 0.407261 
0.386871 -0.491859 0.441147 
-0.597268 -0.255126 0.407261 
0.386871 -0.491859 0.441147 
-0.597268 -0.255126 0.407261 
0.386871 -0.491859 0.441147 
-0.597268 -0.255126 0.407261 
0.386871 -0.491859 0.441147 
-0.597268 -0.255126 0.407261 
0.386871 -0.491859 0.441147 
-0.597268 -0.255126 0.407261 
0.386871 -0.491859 0.441147 
-0.597268 -0.255126 0.407261 
0.386871 -0.491859 0.441147 
-0.597268 -0.255126 0.407261 
0.386871 -0.491859 0.441147 
-0.597268 -0.255126 0.407261 
0.386871 -0.491859 0.441147 
-0.597268 -0.255126 0.407261 
0.386871 -0.491859 0.441147 
-0.597268 -0.255126 0.407261 
0.386871 -0.491859 0.441147 
-0.597268 -0.255126 0.407261 
0.386871 -0.491859 0.441147 
-0.597268 -0.255126 0.407261 
0.386871 -0.491859 0.441147 
-0.597268 -0.255126 0.407261 
0.386871 -0.491859 0.441147 
-0.597268 -0.255126 0.407261 
0.386871 -0.491859 0.441147 
-0.597268 -0.255126 0.407261 
0.386871 -0.491859 0.441147 
-0.597268 -0.255126 0.407261 
0.386871 -0.491859 0.441147 
-0.597268 -0.255126 0.407261 
0.386871 -0.491859 0.441147 
-0.597268 -0.255126 0.407261 
0.386871 -0.491859 0.441147 
-0.597268 -0.255126 0.407261 
0.386871 -0.491859 0.441147 
-0.597268 -0.255126 0.407261 
0.386871 -0.491859 0.441147 
-0.597268 -0.255126 0.407261 
0.386871 -0.491859 0.441147 
