-0.634475 -0.241979 0.371629 
0.400795 -0.504304 0.485867 
-0.620511 -0.236606 0.368289 
0.400795 -0.504304 0.485867 
-0.629625 -0.241448 0.371975 
0.400795 -0.504304 0.485867 
-0.632391 -0.242913 0.373124 
0.400795 -0.504304 0.485867 
-0.633632 -0.243961 0.373031 
0.400795 -0.504304 0.485867 
-0.633777 -0.243744 0.372828 
0.400795 -0.504304 0.485867 
-0.632057 -0.243391 0.373808 
0.400795 -0.504304 0.485867 
-0.629164 -0.242217 0.374976 
0.400795 -0.504304 0.485867 
-0.625177 -0.24026 0.376054 
0.400795 -0.504304 0.485867 
-0.622114 -0.239221 0.377141 
0.400795 -0.504304 0.485867 
-0.619621 -0.23818 0.377813 
0.400795 -0.504304 0.485867 
-0.617605 -0.237551 0.378395 
0.400795 -0.504304 0.485867 
-0.615893 -0.23653 0.378897 
0.400795 -0.504304 0.485867 
-0.614558 -0.235931 0.379245 
0.400795 -0.504304 0.485867 
-0.612646 -0.234974 0.379582 
0.400795 -0.504304 0.485867 
-0.609976 -0.233932 0.380251 
0.400795 -0.504304 0.485867 
-0.607452 -0.232746 0.380493 
0.400795 -0.504304 0.485867 
-0.604827 -0.231221 0.380953 
0.400795 -0.504304 0.485867 
-0.602538 -0.230118 0.381448 
0.400795 -0.504304 0.485867 
-0.601068 -0.229202 0.381349 
0.400795 -0.504304 0.485867 
-0.600428 -0.228757 0.381057 
0.400795 -0.504304 0.485867 
-0.600645 -0.228821 0.380596 
0.400795 -0.504304 0.485867 
-0.4054 -0.23257 0.48858 
0.400795 -0.504304 0.485867 
-0.59996 -0.229788 0.38233 
0.400795 -0.504304 0.485867 
-0.59996 -0.229788 0.38233 
0.400795 -0.504304 0.485867 
-0.599952 -0.229787 0.382371 
0.400795 -0.504304 0.485867 
-0.599942 -0.229768 0.382384 
0.400795 -0.504304 0.485867 
-0.599934 -0.229759 0.382403 
0.400795 -0.504304 0.485867 
-0.599934 -0.229749 0.382383 
0.400795 -0.504304 0.485867 
-0.599934 -0.229752 0.382387 
0.400795 -0.504304 0.485867 
-0.60071 -0.229384 0.382017 
0.400795 -0.504304 0.485867 
-0.60186 -0.229073 0.381404 
0.400795 -0.504304 0.485867 
-0.603521 -0.228932 0.380636 
0.400795 -0.504304 0.485867 
-0.605628 -0.22892 0.379763 
0.400795 -0.504304 0.485867 
-0.6086 -0.2283 0.377537 
0.400795 -0.504304 0.485867 
-0.610715 -0.228288 0.376495 
0.400795 -0.504304 0.485867 
-0.612556 -0.228344 0.375646 
0.400795 -0.504304 0.485867 
-0.61443 -0.228432 0.374798 
0.400795 -0.504304 0.485867 
-0.616015 -0.228744 0.373988 
0.400795 -0.504304 0.485867 
-0.617924 -0.22896 0.372921 
0.400795 -0.504304 0.485867 
-0.619711 -0.229117 0.371852 
0.400795 -0.504304 0.485867 
-0.621283 -0.229427 0.370822 
0.400795 -0.504304 0.485867 
-0.622227 -0.229628 0.36988 
0.400795 -0.504304 0.485867 
-0.621738 -0.229389 0.369072 
0.400795 -0.504304 0.485867 
-0.620287 -0.228589 0.368555 
0.400795 -0.504304 0.485867 
-0.618143 -0.22749 0.36855 
0.400795 -0.504304 0.485867 
-0.61615 -0.22638 0.368531 
0.400795 -0.504304 0.485867 
-0.614173 -0.225306 0.368436 
0.400795 -0.504304 0.485867 
-0.611519 -0.220971 0.366219 
0.400795 -0.504304 0.485867 
-0.609545 -0.215278 0.363932 
0.400795 -0.504304 0.485867 
-0.608482 -0.209852 0.362229 
0.400795 -0.504304 0.485867 
-0.607865 -0.203956 0.360145 
0.400795 -0.504304 0.485867 
-0.607036 -0.197909 0.358106 
0.400795 -0.504304 0.485867 
-0.605955 -0.19221 0.35613 
0.400795 -0.504304 0.485867 
-0.605837 -0.187651 0.353326 
0.400795 -0.504304 0.485867 
-0.605659 -0.182621 0.351303 
0.400795 -0.504304 0.485867 
-0.605698 -0.179604 0.349608 
0.400795 -0.504304 0.485867 
-0.605363 -0.177022 0.34823 
0.400795 -0.504304 0.485867 
-0.604433 -0.176139 0.346868 
0.400795 -0.504304 0.485867 
-0.603599 -0.174955 0.345548 
0.400795 -0.504304 0.485867 
-0.603041 -0.174589 0.34463 
0.400795 -0.504304 0.485867 
-0.602388 -0.177852 0.344962 
0.400795 -0.504304 0.485867 
-0.601195 -0.18139 0.345899 
0.400795 -0.504304 0.485867 
-0.599083 -0.186543 0.346975 
0.400795 -0.504304 0.485867 
-0.597058 -0.191699 0.347924 
0.400795 -0.504304 0.485867 
-0.595238 -0.195553 0.34958 
0.400795 -0.504304 0.485867 
-0.593255 -0.200801 0.350968 
0.400795 -0.504304 0.485867 
-0.591669 -0.205056 0.3522 
0.400795 -0.504304 0.485867 
-0.590336 -0.209208 0.353127 
0.400795 -0.504304 0.485867 
-0.589524 -0.212154 0.353695 
0.400795 -0.504304 0.485867 
-0.588523 -0.215549 0.354887 
0.400795 -0.504304 0.485867 
-0.588011 -0.219171 0.356009 
0.400795 -0.504304 0.485867 
-0.587457 -0.224003 0.356703 
0.400795 -0.504304 0.485867 
-0.587276 -0.228977 0.357475 
0.400795 -0.504304 0.485867 
-0.587437 -0.233721 0.3578 
0.400795 -0.504304 0.485867 
-0.587574 -0.238686 0.357956 
0.400795 -0.504304 0.485867 
-0.587129 -0.2438 0.358424 
0.400795 -0.504304 0.485867 
-0.586899 -0.248692 0.358298 
0.400795 -0.504304 0.485867 
-0.586813 -0.253787 0.358463 
0.400795 -0.504304 0.485867 
-0.586528 -0.258583 0.359013 
0.400795 -0.504304 0.485867 
-0.586704 -0.26346 0.358947 
0.400795 -0.504304 0.485867 
