-0.597268 -0.255126 0.407261 
0.383656 -0.48467 0.440345 
-0.597268 -0.255126 0.407261 
0.383656 -0.48467 0.440345 
-0.597268 -0.255126 0.407261 
0.383862 -0.488816 0.445296 
-0.597268 -0.255126 0.407261 
0.383659 -0.489773 0.443641 
-0.597268 -0.255126 0.407261 
0.383739 -0.489968 0.444404 
-0.597268 -0.255126 0.407261 
0.383805 -0.490696 0.444387 
-0.597268 -0.255126 0.407261 
0.384356 -0.491785 0.44489 
-0.597268 -0.255126 0.407261 
0.384555 -0.493002 0.444246 
-0.597268 -0.255126 0.407261 
0.385288 -0.494025 0.444451 
-0.597268 -0.255126 0.407261 
0.385764 -0.494756 0.443939 
-0.597268 -0.255126 0.407261 
0.386175 -0.495551 0.445164 
-0.597268 -0.255126 0.407261 
0.385914 -0.496185 0.442797 
-0.597268 -0.255126 0.407261 
0.385833 -0.496648 0.441846 
-0.597268 -0.255126 0.407261 
0.385764 -0.497354 0.441525 
-0.597268 -0.255126 0.407261 
0.385816 -0.498196 0.44204 
-0.597268 -0.255126 0.407261 
0.38578 -0.499518 0.44208 
-0.597268 -0.255126 0.407261 
0.385956 -0.500143 0.442733 
-0.597268 -0.255126 0.407261 
0.385891 -0.501013 0.441669 
-0.597268 -0.255126 0.407261 
0.385807 -0.501473 0.442555 
-0.597268 -0.255126 0.407261 
0.385216 -0.501779 0.442354 
-0.597268 -0.255126 0.407261 
0.384527 -0.501945 0.440952 
-0.597268 -0.255126 0.407261 
0.384033 -0.502903 0.442168 
-0.597268 -0.255126 0.407261 
0.374095 -0.490739 0.390641 
-0.597268 -0.255126 0.407261 
0.373351 -0.489993 0.394346 
-0.597268 -0.255126 0.407261 
0.373458 -0.490773 0.395913 
-0.597268 -0.255126 0.407261 
0.375407 -0.490486 0.397733 
-0.597268 -0.255126 0.407261 
0.378093 -0.4912 0.402188 
-0.597268 -0.255126 0.407261 
0.381315 -0.491378 0.406598 
-0.597268 -0.255126 0.407261 
0.384986 -0.491718 0.411317 
-0.597268 -0.255126 0.407261 
0.388842 -0.491745 0.414281 
-0.597268 -0.255126 0.407261 
0.392807 -0.491966 0.418396 
-0.597268 -0.255126 0.407261 
0.396788 -0.491704 0.420697 
-0.597268 -0.255126 0.407261 
0.401427 -0.491948 0.426278 
-0.597268 -0.255126 0.407261 
0.406021 -0.492622 0.43078 
-0.597268 -0.255126 0.407261 
0.410601 -0.492284 0.432724 
-0.597268 -0.255126 0.407261 
0.414876 -0.492049 0.435215 
-0.597268 -0.255126 0.407261 
0.41837 -0.492003 0.437077 
-0.597268 -0.255126 0.407261 
0.420896 -0.492414 0.438617 
-0.597268 -0.255126 0.407261 
0.421877 -0.492525 0.438437 
-0.597268 -0.255126 0.407261 
0.422411 -0.492675 0.438511 
-0.597268 -0.255126 0.407261 
0.422062 -0.492783 0.437318 
-0.597268 -0.255126 0.407261 
0.421724 -0.492569 0.43599 
-0.597268 -0.255126 0.407261 
0.421423 -0.493321 0.435707 
