-0.600048 -0.19355 0.382633 
0.400795 -0.504304 0.485867 
-0.600049 -0.193551 0.382633 
0.400795 -0.504304 0.485867 
-0.599719 -0.193614 0.381873 
0.400795 -0.504304 0.485867 
-0.600224 -0.193718 0.380781 
0.400795 -0.504304 0.485867 
-0.600341 -0.193834 0.380816 
0.400795 -0.504304 0.485867 
-0.600271 -0.194036 0.381108 
0.400795 -0.504304 0.485867 
-0.600285 -0.194026 0.381207 
0.400795 -0.504304 0.485867 
-0.600239 -0.193802 0.381335 
0.400795 -0.504304 0.485867 
-0.600228 -0.193556 0.381294 
0.400795 -0.504304 0.485867 
-0.600239 -0.193748 0.381476 
0.400795 -0.504304 0.485867 
-0.600341 -0.19367 0.380766 
0.400795 -0.504304 0.485867 
-0.600265 -0.193673 0.381342 
0.400795 -0.504304 0.485867 
-0.600245 -0.194011 0.381543 
0.400795 -0.504304 0.485867 
-0.600199 -0.193792 0.381573 
0.400795 -0.504304 0.485867 
-0.600254 -0.193652 0.381541 
0.400795 -0.504304 0.485867 
-0.600275 -0.19363 0.381494 
0.400795 -0.504304 0.485867 
-0.600363 -0.193668 0.381008 
0.400795 -0.504304 0.485867 
