-0.638485 -0.239856 0.373258 
0.380205 -0.481426 0.438377 
-0.638485 -0.239856 0.373258 
0.380863 -0.485417 0.441304 
-0.638884 -0.241148 0.373976 
0.380736 -0.486578 0.441134 
-0.638519 -0.241851 0.374686 
0.380414 -0.486721 0.442502 
-0.638514 -0.242535 0.374513 
0.380479 -0.487418 0.444436 
-0.638083 -0.241914 0.374219 
0.380449 -0.487611 0.443646 
-0.636239 -0.241033 0.374713 
0.38089 -0.488693 0.443399 
-0.633147 -0.240178 0.375769 
0.38119 -0.490115 0.442653 
-0.628635 -0.238475 0.377084 
0.38184 -0.490996 0.442733 
-0.625466 -0.237515 0.378465 
0.38225 -0.491605 0.442633 
-0.622908 -0.236237 0.379379 
0.382357 -0.4923 0.440569 
-0.621156 -0.235478 0.379939 
0.382477 -0.493236 0.441163 
-0.619313 -0.234733 0.380334 
0.382488 -0.494157 0.440725 
-0.617609 -0.233824 0.380656 
0.382493 -0.494814 0.441151 
-0.615772 -0.233202 0.381129 
0.382414 -0.495571 0.441204 
-0.612975 -0.23211 0.382162 
0.382315 -0.496571 0.440593 
-0.610324 -0.231076 0.383029 
0.38237 -0.497198 0.439725 
-0.607535 -0.229925 0.383743 
0.382578 -0.498203 0.440461 
-0.605523 -0.229072 0.384365 
0.382471 -0.498497 0.439723 
-0.60387 -0.228175 0.384362 
0.381893 -0.498711 0.440172 
-0.602594 -0.227197 0.384346 
0.381211 -0.499271 0.440618 
-0.60315 -0.227234 0.383913 
0.380413 -0.500584 0.439315 
-0.45805 -0.16486 0.48415 
0.380578 -0.50032 0.439524 
-0.473154 -0.172351 0.474139 
0.373315 -0.490679 0.420665 
-0.473154 -0.172351 0.474139 
0.37265 -0.489482 0.420273 
-0.473154 -0.172351 0.474139 
0.373641 -0.489341 0.421287 
-0.473154 -0.172351 0.474139 
0.376313 -0.489067 0.425803 
-0.473154 -0.172351 0.474139 
0.379813 -0.489421 0.429783 
-0.473154 -0.172351 0.474139 
0.383975 -0.489838 0.43422 
-0.473154 -0.172351 0.474139 
0.38855 -0.490418 0.438411 
-0.473154 -0.172351 0.474139 
0.392947 -0.489995 0.441502 
-0.473154 -0.172351 0.474139 
0.397307 -0.489599 0.444883 
-0.473154 -0.172351 0.474139 
0.402178 -0.488857 0.449044 
-0.473154 -0.172351 0.474139 
0.406708 -0.488702 0.450845 
-0.473154 -0.172351 0.474139 
0.411998 -0.488785 0.454107 
-0.473154 -0.172351 0.474139 
0.417347 -0.488 0.457521 
-0.473154 -0.172351 0.474139 
0.421736 -0.487709 0.459863 
-0.473154 -0.172351 0.474139 
0.425333 -0.486965 0.460122 
-0.473154 -0.172351 0.474139 
0.428236 -0.487039 0.460512 
-0.473154 -0.172351 0.474139 
0.428214 -0.485348 0.46311 
-0.473154 -0.172351 0.474139 
0.428816 -0.487264 0.461528 
-0.473154 -0.172351 0.474139 
0.428254 -0.488106 0.458788 
-0.473154 -0.172351 0.474139 
0.427325 -0.488407 0.456621 
-0.473154 -0.172351 0.474139 
0.426802 -0.488593 0.457054 
-0.473154 -0.172351 0.474139 
0.426254 -0.48937 0.457568 
-0.473154 -0.172351 0.474139 
0.426555 -0.489984 0.458996 
-0.601554 -0.224773 0.38521 
0.439261 -0.489641 0.477014 
-0.601554 -0.224773 0.38521 
0.43714 -0.48444 0.475386 
-0.601554 -0.224772 0.385206 
0.437442 -0.482764 0.47725 
-0.601554 -0.224765 0.385191 
0.43754 -0.482566 0.478111 
-0.602873 -0.224457 0.383702 
0.436911 -0.482233 0.477696 
-0.603377 -0.224245 0.383164 
0.436239 -0.483037 0.47618 
-0.603486 -0.223905 0.383159 
0.435779 -0.483637 0.475933 
-0.60336 -0.223948 0.383248 
0.434317 -0.483314 0.475174 
-0.603157 -0.224058 0.383521 
0.432662 -0.482971 0.475787 
-0.603126 -0.224087 0.383473 
0.430509 -0.483545 0.475288 
-0.603119 -0.223956 0.383433 
0.428529 -0.48401 0.476277 
-0.60303 -0.224006 0.383496 
0.427 -0.484715 0.476001 
-0.603061 -0.223941 0.383493 
0.425243 -0.484995 0.475884 
-0.603007 -0.224224 0.383511 
0.422993 -0.485543 0.475474 
-0.603007 -0.22422 0.383539 
0.420773 -0.485915 0.475217 
-0.603035 -0.224195 0.383584 
0.418926 -0.486001 0.475245 
-0.603057 -0.224046 0.383491 
0.416697 -0.486363 0.473782 
-0.602993 -0.223937 0.383665 
0.414693 -0.486533 0.472878 
-0.603143 -0.223995 0.383418 
0.413224 -0.486661 0.473525 
-0.60321 -0.223951 0.383401 
0.41165 -0.487635 0.473518 
-0.603008 -0.224167 0.383717 
0.410775 -0.48845 0.473126 
-0.602989 -0.224177 0.383733 
0.410035 -0.488742 0.47189 
-0.603125 -0.224155 0.383662 
0.409981 -0.48887 0.472347 
-0.603097 -0.224075 0.383762 
0.410298 -0.489057 0.472519 
-0.603153 -0.22411 0.383763 
0.410595 -0.489416 0.473073 
-0.603216 -0.224123 0.383781 
0.410647 -0.489763 0.472638 
-0.603153 -0.224206 0.38387 
0.410774 -0.490325 0.472495 
-0.603068 -0.224324 0.383907 
0.410294 -0.490011 0.472031 
-0.603081 -0.224154 0.383982 
0.410439 -0.490449 0.472157 
-0.603089 -0.224049 0.383939 
0.410381 -0.491058 0.471876 
-0.604685 -0.226806 0.382937 
0.407885 -0.490248 0.469066 
-0.604686 -0.227188 0.382975 
0.407674 -0.489933 0.468932 
-0.605457 -0.226787 0.382823 
0.408178 -0.489776 0.470422 
-0.60691 -0.226527 0.382116 
0.408529 -0.490022 0.470931 
-0.608995 -0.226258 0.381189 
0.408635 -0.490038 0.471036 
-0.610848 -0.226094 0.380592 
0.408573 -0.489702 0.471405 
-0.612996 -0.226247 0.379624 
0.408397 -0.490191 0.470437 
-0.614747 -0.226589 0.378866 
0.408449 -0.489812 0.470735 
-0.616404 -0.226711 0.378044 
0.40856 -0.489937 0.470958 
-0.618456 -0.226564 0.376593 
0.408154 -0.490397 0.469645 
-0.620584 -0.226422 0.375155 
0.408605 -0.490531 0.470658 
-0.622021 -0.226887 0.374121 
0.408666 -0.490956 0.470602 
-0.623953 -0.226907 0.372717 
0.408328 -0.490679 0.469852 
-0.62523 -0.226871 0.371642 
0.40806 -0.49084 0.469128 
-0.624721 -0.226848 0.370819 
0.407819 -0.490696 0.468175 
-0.623252 -0.226227 0.370733 
0.408221 -0.490388 0.469639 
-0.621018 -0.225174 0.370639 
0.408009 -0.490259 0.46924 
-0.618947 -0.223843 0.370607 
0.408294 -0.490768 0.469647 
-0.616362 -0.222722 0.371055 
0.408396 -0.490533 0.469876 
-0.614084 -0.219243 0.369783 
0.408219 -0.490687 0.469111 
-0.611868 -0.214059 0.367448 
0.40833 -0.491064 0.469322 
-0.610592 -0.207685 0.365748 
0.408368 -0.490766 0.469494 
-0.609852 -0.201845 0.363899 
0.408223 -0.4906 0.469495 
-0.609113 -0.195433 0.36204 
0.408051 -0.490095 0.46956 
-0.608088 -0.189897 0.360362 
0.408255 -0.490277 0.470224 
-0.607025 -0.184612 0.35852 
0.408849 -0.490394 0.471647 
-0.60682 -0.179503 0.356064 
0.408909 -0.49029 0.471867 
-0.60693 -0.175719 0.354316 
0.408422 -0.490042 0.470838 
-0.606612 -0.173404 0.353244 
0.408555 -0.490557 0.470753 
-0.606151 -0.172014 0.351445 
0.408619 -0.490536 0.470672 
-0.605276 -0.170658 0.350271 
0.408149 -0.490614 0.469359 
-0.60417 -0.169408 0.349233 
0.408347 -0.490193 0.470007 
-0.603702 -0.172629 0.349374 
0.408334 -0.491296 0.468969 
-0.602764 -0.177387 0.35001 
0.408598 -0.491713 0.469273 
-0.601002 -0.182207 0.351039 
0.408534 -0.491799 0.468865 
-0.599045 -0.187132 0.352148 
0.408493 -0.492076 0.468546 
-0.597306 -0.191705 0.353358 
0.408654 -0.492536 0.469035 
-0.595414 -0.196951 0.354764 
0.408059 -0.49229 0.468356 
-0.59517 -0.203353 0.35245 
0.40803 -0.491916 0.470766 
-0.595413 -0.203409 0.352607 
0.408446 -0.491954 0.472068 
-0.594144 -0.207727 0.353572 
0.408478 -0.492003 0.472203 
-0.593159 -0.211552 0.354041 
0.407675 -0.491519 0.470304 
-0.592497 -0.214644 0.354848 
0.408094 -0.491502 0.471218 
-0.591952 -0.218738 0.356061 
0.408676 -0.491777 0.472057 
-0.591729 -0.223053 0.356369 
0.409346 -0.492453 0.472877 
-0.591484 -0.227911 0.356807 
0.409194 -0.492169 0.472363 
-0.591719 -0.232526 0.357141 
0.409357 -0.492133 0.472519 
-0.592157 -0.237741 0.356971 
0.409831 -0.492181 0.473046 
-0.591952 -0.242854 0.357124 
0.410352 -0.491933 0.4732 
-0.591675 -0.248107 0.357308 
0.411549 -0.492109 0.47462 
-0.591685 -0.253986 0.357434 
0.411286 -0.491605 0.472728 
-0.59175 -0.25852 0.357411 
0.411371 -0.491065 0.471638 
-0.591995 -0.263157 0.357027 
0.412202 -0.491239 0.472042 
-0.592078 -0.267656 0.357268 
0.413613 -0.491147 0.474227 
-0.592383 -0.272217 0.357115 
0.413839 -0.491113 0.473359 
-0.593045 -0.276746 0.35662 
0.41378 -0.490854 0.472374 
-0.593068 -0.278602 0.356071 
0.41382 -0.490897 0.472012 
-0.592769 -0.279548 0.356004 
0.413593 -0.490824 0.472768 
-0.592335 -0.280246 0.355886 
0.413048 -0.490996 0.472831 
-0.591513 -0.279866 0.355754 
0.412682 -0.490975 0.473576 
-0.590481 -0.279524 0.356188 
0.412333 -0.491286 0.474649 
-0.590448 -0.279442 0.356258 
0.41068 -0.491855 0.475239 
-0.590479 -0.27918 0.356126 
0.406244 -0.492702 0.474639 
-0.590986 -0.279385 0.355454 
0.4016 -0.49303 0.473928 
-0.591215 -0.279759 0.355703 
0.397585 -0.493734 0.475211 
-0.591674 -0.279781 0.356316 
0.393086 -0.494649 0.473496 
-0.59301 -0.277989 0.359147 
0.389294 -0.495634 0.472731 
-0.594503 -0.274587 0.361785 
0.386462 -0.495688 0.475169 
-0.646243 -0.236668 0.381175 
0.368682 -0.463922 0.441664 
-0.64479 -0.238281 0.38085 
0.369783 -0.4633 0.444353 
