-0.597268 -0.255126 0.407261 
0.369012 -0.478893 0.39906 
-0.597268 -0.255126 0.407261 
0.369011 -0.478893 0.39906 
-0.597268 -0.255126 0.407261 
0.369011 -0.478893 0.39906 
-0.597268 -0.255126 0.407261 
0.369316 -0.479382 0.399738 
-0.597268 -0.255126 0.407261 
0.369666 -0.479355 0.399706 
-0.597268 -0.255126 0.407261 
0.370067 -0.479194 0.399933 
-0.597268 -0.255126 0.407261 
0.370043 -0.479565 0.399786 
-0.597268 -0.255126 0.407261 
0.369924 -0.480291 0.399746 
-0.597268 -0.255126 0.407261 
0.370283 -0.481181 0.399618 
-0.597268 -0.255126 0.407261 
0.370921 -0.482148 0.399343 
-0.597268 -0.255126 0.407261 
0.371394 -0.482922 0.399007 
-0.597268 -0.255126 0.407261 
0.371545 -0.483611 0.398967 
-0.597268 -0.255126 0.407261 
0.371673 -0.484264 0.398638 
-0.597268 -0.255126 0.407261 
0.371716 -0.484862 0.398545 
-0.597268 -0.255126 0.407261 
0.371748 -0.485346 0.398325 
-0.597268 -0.255126 0.407261 
0.371714 -0.48578 0.398239 
-0.597268 -0.255126 0.407261 
0.371665 -0.486289 0.398219 
-0.597268 -0.255126 0.407261 
0.371662 -0.486739 0.398073 
-0.597268 -0.255126 0.407261 
0.371621 -0.487167 0.39814 
-0.597268 -0.255126 0.407261 
0.371575 -0.487528 0.398148 
-0.597268 -0.255126 0.407261 
0.371537 -0.48786 0.398143 
-0.597268 -0.255126 0.407261 
0.371507 -0.488228 0.39813 
-0.597268 -0.255126 0.407261 
0.371494 -0.488557 0.398017 
-0.597268 -0.255126 0.407261 
0.371446 -0.48888 0.397889 
-0.597268 -0.255126 0.407261 
0.371446 -0.489191 0.397783 
-0.597268 -0.255126 0.407261 
0.371429 -0.489461 0.397739 
-0.597268 -0.255126 0.407261 
0.371388 -0.489707 0.397672 
-0.597268 -0.255126 0.407261 
0.371354 -0.489954 0.397652 
-0.597268 -0.255126 0.407261 
0.371384 -0.490599 0.397589 
-0.597268 -0.255126 0.407261 
0.371365 -0.491262 0.397517 
-0.597268 -0.255126 0.407261 
0.371327 -0.491961 0.397385 
-0.597268 -0.255126 0.407261 
0.371351 -0.492705 0.397092 
-0.597268 -0.255126 0.407261 
0.371367 -0.493247 0.396885 
-0.597268 -0.255126 0.407261 
0.371368 -0.4938 0.396711 
-0.597268 -0.255126 0.407261 
0.371178 -0.494188 0.396569 
-0.597268 -0.255126 0.407261 
0.370936 -0.49452 0.396421 
-0.597268 -0.255126 0.407261 
0.370738 -0.494917 0.396312 
-0.597268 -0.255126 0.407261 
0.370555 -0.495294 0.396168 
-0.597268 -0.255126 0.407261 
0.37039 -0.495638 0.396092 
-0.597268 -0.255126 0.407261 
0.370249 -0.495971 0.396091 
-0.597268 -0.255126 0.407261 
0.370165 -0.496236 0.396032 
-0.597268 -0.255126 0.407261 
0.370049 -0.496482 0.396036 
-0.597268 -0.255126 0.407261 
0.369965 -0.496685 0.396067 
-0.597268 -0.255126 0.407261 
0.369928 -0.496852 0.39633 
-0.597268 -0.255126 0.407261 
0.370037 -0.49703 0.396586 
-0.597268 -0.255126 0.407261 
0.370207 -0.497101 0.397018 
-0.597268 -0.255126 0.407261 
0.37047 -0.497038 0.397453 
-0.597268 -0.255126 0.407261 
0.370852 -0.496844 0.397985 
-0.597268 -0.255126 0.407261 
0.37137 -0.496583 0.398744 
-0.597268 -0.255126 0.407261 
0.372028 -0.496212 0.399655 
-0.597268 -0.255126 0.407261 
0.372886 -0.495712 0.400775 
-0.597268 -0.255126 0.407261 
0.373929 -0.495186 0.401844 
-0.597268 -0.255126 0.407261 
0.375104 -0.494726 0.403083 
-0.597268 -0.255126 0.407261 
0.37628 -0.49422 0.404219 
-0.597268 -0.255126 0.407261 
0.377499 -0.493748 0.405352 
-0.597268 -0.255126 0.407261 
0.378686 -0.493202 0.406394 
-0.597268 -0.255126 0.407261 
0.379877 -0.492627 0.407576 
-0.597268 -0.255126 0.407261 
0.381049 -0.492081 0.408865 
-0.597268 -0.255126 0.407261 
0.382215 -0.491478 0.410091 
-0.597268 -0.255126 0.407261 
0.383437 -0.490911 0.411302 
-0.597268 -0.255126 0.407261 
0.384697 -0.490379 0.412596 
-0.597268 -0.255126 0.407261 
0.385949 -0.489802 0.413898 
-0.597268 -0.255126 0.407261 
0.387244 -0.48917 0.415163 
-0.597268 -0.255126 0.407261 
0.388578 -0.488544 0.416385 
-0.597268 -0.255126 0.407261 
0.389881 -0.487906 0.417713 
-0.597268 -0.255126 0.407261 
0.391179 -0.487318 0.418999 
-0.597268 -0.255126 0.407261 
0.392468 -0.486786 0.42019 
-0.597268 -0.255126 0.407261 
0.393784 -0.486196 0.421321 
-0.597268 -0.255126 0.407261 
0.395044 -0.48561 0.422321 
-0.597268 -0.255126 0.407261 
0.396227 -0.485059 0.423214 
-0.597268 -0.255126 0.407261 
0.397304 -0.484535 0.424044 
-0.597268 -0.255126 0.407261 
0.398317 -0.484124 0.424663 
-0.597268 -0.255126 0.407261 
0.399224 -0.483815 0.425416 
-0.597268 -0.255126 0.407261 
0.400013 -0.483573 0.426017 
-0.597268 -0.255126 0.407261 
0.400581 -0.483444 0.426335 
-0.597268 -0.255126 0.407261 
0.401012 -0.48338 0.426534 
-0.597268 -0.255126 0.407261 
0.401215 -0.483446 0.426682 
-0.597268 -0.255126 0.407261 
0.40125 -0.483458 0.426717 
-0.597268 -0.255126 0.407261 
0.40127 -0.483465 0.426761 
-0.597268 -0.255126 0.407261 
0.401245 -0.483442 0.426725 
-0.597268 -0.255126 0.407261 
0.401267 -0.483453 0.426777 
-0.597268 -0.255126 0.407261 
0.401311 -0.483478 0.426861 
-0.597268 -0.255126 0.407261 
0.401303 -0.483451 0.426876 
-0.597268 -0.255126 0.407261 
0.401348 -0.48348 0.426956 
-0.597268 -0.255126 0.407261 
0.401392 -0.483505 0.427043 
-0.597268 -0.255126 0.407261 
0.401391 -0.483499 0.427049 
-0.597268 -0.255126 0.407261 
0.401387 -0.483487 0.427055 
-0.597268 -0.255126 0.407261 
0.401408 -0.483494 0.427104 
-0.597268 -0.255126 0.407261 
0.401406 -0.483486 0.427112 
-0.597268 -0.255126 0.407261 
0.401408 -0.483493 0.427109 
-0.597268 -0.255126 0.407261 
0.401381 -0.48347 0.427066 
-0.597268 -0.255126 0.407261 
0.401377 -0.483458 0.427069 
-0.597268 -0.255126 0.407261 
0.401376 -0.483453 0.427077 
-0.597268 -0.255126 0.407261 
0.401375 -0.483448 0.427083 
-0.597268 -0.255126 0.407261 
0.401374 -0.483444 0.427088 
-0.597268 -0.255126 0.407261 
0.401372 -0.483435 0.427094 
-0.597268 -0.255126 0.407261 
0.401369 -0.483429 0.427093 
-0.597268 -0.255126 0.407261 
0.40137 -0.483429 0.427097 
-0.597268 -0.255126 0.407261 
0.401369 -0.483428 0.427095 
-0.597268 -0.255126 0.407261 
0.401373 -0.483436 0.427098 
-0.597268 -0.255126 0.407261 
0.401377 -0.483445 0.427096 
-0.597268 -0.255126 0.407261 
0.401334 -0.483421 0.427007 
-0.597268 -0.255126 0.407261 
0.401334 -0.483419 0.427011 
-0.597268 -0.255126 0.407261 
0.401136 -0.48364 0.427181 
-0.597268 -0.255126 0.407261 
0.400823 -0.484159 0.42772 
-0.597268 -0.255126 0.407261 
0.400429 -0.484638 0.428183 
-0.597268 -0.255126 0.407261 
0.399931 -0.485108 0.428575 
-0.597268 -0.255126 0.407261 
0.399425 -0.485637 0.428838 
-0.597268 -0.255126 0.407261 
0.398849 -0.486226 0.429067 
-0.597268 -0.255126 0.407261 
0.398214 -0.48674 0.429136 
-0.597268 -0.255126 0.407261 
0.397603 -0.487275 0.429218 
-0.597268 -0.255126 0.407261 
0.396986 -0.487769 0.429302 
-0.597268 -0.255126 0.407261 
0.396282 -0.488303 0.429273 
-0.597268 -0.255126 0.407261 
0.395606 -0.488845 0.429248 
-0.597268 -0.255126 0.407261 
0.394975 -0.489368 0.429269 
-0.597268 -0.255126 0.407261 
0.394348 -0.489898 0.429278 
-0.597268 -0.255126 0.407261 
0.393726 -0.49044 0.429308 
-0.597268 -0.255126 0.407261 
0.393033 -0.490946 0.429234 
-0.597268 -0.255126 0.407261 
0.392352 -0.491471 0.429227 
-0.597268 -0.255126 0.407261 
0.39163 -0.491956 0.429128 
-0.597268 -0.255126 0.407261 
0.390926 -0.492471 0.429077 
-0.597268 -0.255126 0.407261 
0.390177 -0.493011 0.428991 
-0.597268 -0.255126 0.407261 
0.389434 -0.493526 0.429057 
-0.597268 -0.255126 0.407261 
0.388683 -0.494078 0.429066 
-0.597268 -0.255126 0.407261 
0.387963 -0.494656 0.429111 
-0.597268 -0.255126 0.407261 
0.387231 -0.495177 0.42912 
-0.597268 -0.255126 0.407261 
0.386487 -0.495716 0.429089 
-0.597268 -0.255126 0.407261 
0.385798 -0.496261 0.429118 
-0.597268 -0.255126 0.407261 
0.385067 -0.496794 0.429068 
-0.597268 -0.255126 0.407261 
0.38456 -0.496948 0.42851 
-0.597268 -0.255126 0.407261 
0.384046 -0.497029 0.427919 
-0.597268 -0.255126 0.407261 
0.383603 -0.497112 0.427387 
-0.597268 -0.255126 0.407261 
0.383234 -0.497163 0.426927 
-0.597268 -0.255126 0.407261 
0.382869 -0.497157 0.426482 
-0.597268 -0.255126 0.407261 
0.382621 -0.497159 0.42618 
-0.597268 -0.255126 0.407261 
0.382304 -0.497137 0.425834 
-0.597268 -0.255126 0.407261 
0.381998 -0.497137 0.425499 
-0.597268 -0.255126 0.407261 
0.381771 -0.497134 0.425232 
-0.597268 -0.255126 0.407261 
0.381558 -0.497108 0.424979 
-0.597268 -0.255126 0.407261 
0.38134 -0.49707 0.424657 
-0.597268 -0.255126 0.407261 
0.381068 -0.497029 0.424384 
-0.597268 -0.255126 0.407261 
0.380799 -0.496961 0.424051 
-0.597268 -0.255126 0.407261 
0.380583 -0.496916 0.423851 
-0.597268 -0.255126 0.407261 
0.380415 -0.496901 0.423579 
-0.597268 -0.255126 0.407261 
0.38025 -0.496888 0.423389 
-0.597268 -0.255126 0.407261 
0.380029 -0.496875 0.423001 
-0.597268 -0.255126 0.407261 
0.379849 -0.496832 0.422689 
-0.597268 -0.255126 0.407261 
0.379722 -0.496812 0.42241 
-0.597268 -0.255126 0.407261 
0.379553 -0.496766 0.421974 
-0.597268 -0.255126 0.407261 
0.379372 -0.496656 0.421581 
-0.597268 -0.255126 0.407261 
0.37922 -0.496598 0.421299 
-0.597268 -0.255126 0.407261 
0.37906 -0.496541 0.42092 
-0.597268 -0.255126 0.407261 
0.378878 -0.496435 0.420574 
-0.597268 -0.255126 0.407261 
0.378751 -0.496434 0.420262 
-0.597268 -0.255126 0.407261 
0.378608 -0.496329 0.41996 
-0.597268 -0.255126 0.407261 
0.378504 -0.496285 0.419724 
-0.597268 -0.255126 0.407261 
0.378438 -0.496297 0.419397 
-0.597268 -0.255126 0.407261 
0.378383 -0.496339 0.419187 
-0.597268 -0.255126 0.407261 
0.378291 -0.496296 0.418706 
-0.597268 -0.255126 0.407261 
0.37827 -0.496304 0.418489 
-0.597268 -0.255126 0.407261 
0.378231 -0.496288 0.418129 
-0.597268 -0.255126 0.407261 
0.378238 -0.49626 0.417935 
-0.597268 -0.255126 0.407261 
0.378248 -0.496202 0.417663 
-0.597268 -0.255126 0.407261 
0.37826 -0.496156 0.417372 
-0.597268 -0.255126 0.407261 
0.378271 -0.496154 0.41717 
-0.597268 -0.255126 0.407261 
0.378304 -0.496126 0.417042 
-0.597268 -0.255126 0.407261 
0.378377 -0.496158 0.416868 
-0.597268 -0.255126 0.407261 
0.378447 -0.496261 0.416668 
-0.597268 -0.255126 0.407261 
0.378468 -0.496294 0.416444 
-0.597268 -0.255126 0.407261 
0.378496 -0.496346 0.416037 
-0.597268 -0.255126 0.407261 
0.378542 -0.496467 0.415863 
-0.597268 -0.255126 0.407261 
0.378502 -0.496511 0.415507 
-0.597268 -0.255126 0.407261 
0.378437 -0.496438 0.415131 
-0.597268 -0.255126 0.407261 
0.378441 -0.496473 0.41492 
-0.597268 -0.255126 0.407261 
0.378403 -0.496443 0.414635 
-0.597268 -0.255126 0.407261 
0.378378 -0.496342 0.41439 
-0.597268 -0.255126 0.407261 
0.37834 -0.496219 0.414132 
-0.597268 -0.255126 0.407261 
0.378341 -0.496193 0.414035 
-0.597268 -0.255126 0.407261 
0.378256 -0.496036 0.413716 
-0.597268 -0.255126 0.407261 
0.378202 -0.495988 0.413439 
-0.597268 -0.255126 0.407261 
0.378107 -0.495806 0.413117 
-0.597268 -0.255126 0.407261 
0.378013 -0.495611 0.412808 
-0.597268 -0.255126 0.407261 
0.377984 -0.495498 0.412586 
-0.597268 -0.255126 0.407261 
0.377989 -0.49544 0.412527 
-0.597268 -0.255126 0.407261 
0.377955 -0.495322 0.412332 
-0.597268 -0.255126 0.407261 
0.377966 -0.495266 0.412181 
-0.597268 -0.255126 0.407261 
0.378039 -0.495259 0.412219 
-0.597268 -0.255126 0.407261 
0.378063 -0.495287 0.412105 
-0.597268 -0.255126 0.407261 
0.37806 -0.49527 0.411966 
-0.597268 -0.255126 0.407261 
0.378102 -0.49529 0.411902 
-0.597268 -0.255126 0.407261 
0.378172 -0.495382 0.411837 
-0.597268 -0.255126 0.407261 
0.37821 -0.495477 0.411701 
-0.597268 -0.255126 0.407261 
0.37825 -0.495525 0.411554 
-0.597268 -0.255126 0.407261 
0.37827 -0.495564 0.411309 
-0.597268 -0.255126 0.407261 
0.378344 -0.495642 0.411378 
-0.597268 -0.255126 0.407261 
0.378419 -0.495636 0.411392 
-0.597268 -0.255126 0.407261 
0.378548 -0.495617 0.411358 
-0.597268 -0.255126 0.407261 
0.378729 -0.495764 0.411548 
-0.597268 -0.255126 0.407261 
0.378897 -0.495861 0.411569 
-0.597268 -0.255126 0.407261 
0.379076 -0.495945 0.411648 
-0.597268 -0.255126 0.407261 
0.379284 -0.496106 0.411743 
-0.597268 -0.255126 0.407261 
0.379473 -0.496333 0.411728 
-0.597268 -0.255126 0.407261 
0.379646 -0.496511 0.411691 
-0.597268 -0.255126 0.407261 
0.37985 -0.496701 0.411722 
-0.597268 -0.255126 0.407261 
0.380072 -0.496917 0.411881 
-0.597268 -0.255126 0.407261 
0.380261 -0.497116 0.41187 
-0.597268 -0.255126 0.407261 
0.380423 -0.497307 0.411807 
-0.597268 -0.255126 0.407261 
0.380534 -0.497413 0.411746 
-0.597268 -0.255126 0.407261 
0.380666 -0.497516 0.411687 
-0.597268 -0.255126 0.407261 
0.380788 -0.497662 0.411768 
-0.597268 -0.255126 0.407261 
0.380869 -0.497775 0.411892 
-0.597268 -0.255126 0.407261 
0.380888 -0.497821 0.411712 
-0.597268 -0.255126 0.407261 
0.380899 -0.497911 0.411593 
-0.597268 -0.255126 0.407261 
0.380936 -0.497969 0.411613 
-0.597268 -0.255126 0.407261 
0.380908 -0.497987 0.411651 
-0.597268 -0.255126 0.407261 
0.380882 -0.498021 0.41149 
-0.597268 -0.255126 0.407261 
0.380834 -0.497983 0.411345 
-0.597268 -0.255126 0.407261 
0.380811 -0.497966 0.41134 
-0.597268 -0.255126 0.407261 
0.380755 -0.497803 0.41129 
-0.597268 -0.255126 0.407261 
0.380707 -0.497677 0.411297 
-0.597268 -0.255126 0.407261 
0.38062 -0.497578 0.411344 
-0.597268 -0.255126 0.407261 
0.380484 -0.497637 0.411274 
-0.597268 -0.255126 0.407261 
0.38028 -0.497831 0.41132 
-0.597268 -0.255126 0.407261 
0.380056 -0.498119 0.411339 
-0.597268 -0.255126 0.407261 
0.379776 -0.498433 0.411386 
-0.597268 -0.255126 0.407261 
0.379451 -0.498744 0.411424 
-0.597268 -0.255126 0.407261 
0.379157 -0.499032 0.411561 
-0.597268 -0.255126 0.407261 
0.378895 -0.499371 0.411671 
-0.597268 -0.255126 0.407261 
0.378593 -0.499668 0.411694 
-0.597268 -0.255126 0.407261 
0.378248 -0.499957 0.411677 
-0.597268 -0.255126 0.407261 
0.377955 -0.500261 0.411724 
-0.597268 -0.255126 0.407261 
0.377651 -0.500654 0.411859 
-0.597268 -0.255126 0.407261 
0.377358 -0.501029 0.412036 
-0.597268 -0.255126 0.407261 
0.377086 -0.501385 0.412214 
-0.597268 -0.255126 0.407261 
0.376802 -0.501756 0.412341 
-0.597268 -0.255126 0.407261 
0.376573 -0.502144 0.412455 
-0.597268 -0.255126 0.407261 
0.376306 -0.502592 0.412648 
-0.597268 -0.255126 0.407261 
0.376027 -0.503033 0.412759 
-0.597268 -0.255126 0.407261 
0.375737 -0.503466 0.412774 
-0.597268 -0.255126 0.407261 
0.37546 -0.503944 0.412836 
-0.597268 -0.255126 0.407261 
0.375177 -0.504416 0.412934 
-0.597268 -0.255126 0.407261 
0.374781 -0.504812 0.412953 
-0.597268 -0.255126 0.407261 
0.374466 -0.505329 0.413152 
-0.597268 -0.255126 0.407261 
0.374107 -0.505817 0.413257 
-0.597268 -0.255126 0.407261 
0.373786 -0.506339 0.413334 
-0.597268 -0.255126 0.407261 
0.373453 -0.506834 0.413334 
-0.597268 -0.255126 0.407261 
0.373156 -0.507323 0.413404 
-0.597268 -0.255126 0.407261 
0.372867 -0.507618 0.41316 
-0.597268 -0.255126 0.407261 
0.37268 -0.507882 0.413084 
-0.597268 -0.255126 0.407261 
0.372488 -0.508042 0.412839 
-0.597268 -0.255126 0.407261 
0.372305 -0.508198 0.412593 
-0.597268 -0.255126 0.407261 
0.372118 -0.508439 0.412392 
-0.597268 -0.255126 0.407261 
0.371959 -0.508649 0.412259 
-0.597268 -0.255126 0.407261 
0.371768 -0.508828 0.412113 
-0.597268 -0.255126 0.407261 
0.371667 -0.509029 0.412125 
-0.597268 -0.255126 0.407261 
0.371578 -0.509251 0.412086 
-0.597268 -0.255126 0.407261 
0.371377 -0.509382 0.411797 
-0.597268 -0.255126 0.407261 
0.371228 -0.509518 0.411539 
-0.597268 -0.255126 0.407261 
0.371027 -0.509668 0.411256 
-0.597268 -0.255126 0.407261 
0.370806 -0.509807 0.410937 
-0.597268 -0.255126 0.407261 
0.370524 -0.509884 0.410559 
-0.597268 -0.255126 0.407261 
0.370258 -0.509963 0.410317 
-0.597268 -0.255126 0.407261 
0.370002 -0.510034 0.410229 
-0.597268 -0.255126 0.407261 
0.36961 -0.510113 0.410005 
-0.597268 -0.255126 0.407261 
0.369334 -0.510211 0.409752 
-0.597268 -0.255126 0.407261 
0.369114 -0.510312 0.409537 
-0.597268 -0.255126 0.407261 
0.368878 -0.510447 0.409333 
-0.597268 -0.255126 0.407261 
0.368616 -0.510624 0.409202 
-0.597268 -0.255126 0.407261 
0.368291 -0.51083 0.408882 
-0.597268 -0.255126 0.407261 
0.367877 -0.511051 0.408769 
-0.597268 -0.255126 0.407261 
0.367468 -0.511178 0.408638 
-0.597268 -0.255126 0.407261 
0.367153 -0.511354 0.408501 
-0.597268 -0.255126 0.407261 
0.366907 -0.511383 0.408341 
-0.597268 -0.255126 0.407261 
0.36671 -0.511252 0.408288 
-0.597268 -0.255126 0.407261 
0.366606 -0.51096 0.408026 
-0.597268 -0.255126 0.407261 
0.366635 -0.510463 0.407688 
-0.597268 -0.255126 0.407261 
0.366836 -0.509878 0.407357 
-0.597268 -0.255126 0.407261 
0.366956 -0.509115 0.406859 
-0.597268 -0.255126 0.407261 
0.367032 -0.508345 0.40633 
-0.597268 -0.255126 0.407261 
0.367145 -0.507784 0.40595 
-0.597268 -0.255126 0.407261 
0.367238 -0.50719 0.405527 
-0.597268 -0.255126 0.407261 
0.367423 -0.506618 0.405126 
-0.597268 -0.255126 0.407261 
0.367656 -0.506009 0.404918 
-0.597268 -0.255126 0.407261 
0.373713 -0.508092 0.484715 
-0.597268 -0.255126 0.407261 
0.373713 -0.508092 0.484715 
-0.597268 -0.255126 0.407261 
0.384096 -0.507008 0.483103 
-0.597268 -0.255126 0.407261 
0.38942 -0.50441 0.472867 
-0.597268 -0.255126 0.407261 
0.397842 -0.501715 0.472432 
-0.597268 -0.255126 0.407261 
0.401865 -0.501633 0.475888 
-0.597268 -0.255126 0.407261 
0.410321 -0.501477 0.473357 
-0.597268 -0.255126 0.407261 
0.417801 -0.497173 0.460122 
-0.597268 -0.255126 0.407261 
0.424807 -0.495666 0.461232 
-0.597268 -0.255126 0.407261 
0.429437 -0.493133 0.456592 
-0.597268 -0.255126 0.407261 
0.432682 -0.490841 0.459338 
-0.597268 -0.255126 0.407261 
0.435765 -0.489381 0.457063 
-0.597268 -0.255126 0.407261 
0.440472 -0.488762 0.457243 
-0.597268 -0.255126 0.407261 
0.442993 -0.485891 0.457032 
-0.597268 -0.255126 0.407261 
0.443141 -0.487896 0.45452 
-0.597268 -0.255126 0.407261 
0.380597 -0.512831 0.495586 
-0.597268 -0.255126 0.407261 
0.380597 -0.512831 0.495586 
-0.597268 -0.255126 0.407261 
0.390844 -0.51152 0.49338 
-0.597268 -0.255126 0.407261 
0.395504 -0.508701 0.482882 
-0.597268 -0.255126 0.407261 
0.403832 -0.505834 0.481986 
-0.597268 -0.255126 0.407261 
0.408049 -0.50571 0.485201 
-0.597268 -0.255126 0.407261 
0.416336 -0.505356 0.482179 
-0.597268 -0.255126 0.407261 
0.422937 -0.500755 0.468582 
-0.597268 -0.255126 0.407261 
0.429966 -0.49912 0.469297 
-0.597268 -0.255126 0.407261 
0.434265 -0.496443 0.464425 
-0.597268 -0.255126 0.407261 
0.437621 -0.494117 0.467004 
-0.597268 -0.255126 0.407261 
0.440536 -0.49257 0.46457 
-0.597268 -0.255126 0.407261 
0.445232 -0.491859 0.46448 
-0.597268 -0.255126 0.407261 
0.44768 -0.488936 0.464158 
-0.597268 -0.255126 0.407261 
0.447719 -0.490909 0.461617 
-0.597268 -0.255126 0.407261 
0.369053 -0.47902 0.399069 
-0.597268 -0.255126 0.407261 
0.369053 -0.47902 0.399069 
-0.597268 -0.255126 0.407261 
0.369358 -0.479508 0.399748 
-0.597268 -0.255126 0.407261 
0.369708 -0.479481 0.399716 
-0.597268 -0.255126 0.407261 
0.370109 -0.479319 0.399943 
-0.597268 -0.255126 0.407261 
0.370085 -0.479691 0.399797 
-0.597268 -0.255126 0.407261 
0.369966 -0.480417 0.399758 
-0.597268 -0.255126 0.407261 
0.370326 -0.481307 0.399632 
-0.597268 -0.255126 0.407261 
0.370965 -0.482274 0.399358 
-0.597268 -0.255126 0.407261 
0.371438 -0.483048 0.399023 
-0.597268 -0.255126 0.407261 
0.37159 -0.483737 0.398985 
-0.597268 -0.255126 0.407261 
0.371718 -0.484391 0.398657 
-0.597268 -0.255126 0.407261 
0.371761 -0.484989 0.398566 
-0.597268 -0.255126 0.407261 
0.371794 -0.485473 0.398346 
-0.597268 -0.255126 0.407261 
0.37176 -0.485907 0.398261 
-0.597268 -0.255126 0.407261 
0.371711 -0.486416 0.398241 
-0.597268 -0.255126 0.407261 
0.371709 -0.486867 0.398096 
-0.597268 -0.255126 0.407261 
0.371668 -0.487295 0.398164 
-0.597268 -0.255126 0.407261 
0.371622 -0.487656 0.398172 
-0.597268 -0.255126 0.407261 
0.371584 -0.487987 0.398168 
-0.597268 -0.255126 0.407261 
0.371554 -0.488356 0.398156 
-0.597268 -0.255126 0.407261 
0.371542 -0.488685 0.398044 
-0.597268 -0.255126 0.407261 
0.371493 -0.489008 0.397915 
-0.597268 -0.255126 0.407261 
0.371494 -0.48932 0.39781 
-0.597268 -0.255126 0.407261 
0.371478 -0.489589 0.397766 
-0.597268 -0.255126 0.407261 
0.371436 -0.489835 0.3977 
-0.597268 -0.255126 0.407261 
0.371402 -0.490082 0.39768 
-0.597268 -0.255126 0.407261 
0.371433 -0.490728 0.397618 
-0.597268 -0.255126 0.407261 
0.371414 -0.491391 0.397548 
-0.597268 -0.255126 0.407261 
0.371377 -0.49209 0.397417 
-0.597268 -0.255126 0.407261 
0.371401 -0.492834 0.397125 
-0.597268 -0.255126 0.407261 
0.371418 -0.493377 0.396919 
-0.597268 -0.255126 0.407261 
0.371419 -0.49393 0.396745 
-0.597268 -0.255126 0.407261 
0.371229 -0.494318 0.396605 
-0.597268 -0.255126 0.407261 
0.370988 -0.494651 0.396457 
-0.597268 -0.255126 0.407261 
0.37079 -0.495048 0.396348 
-0.597268 -0.255126 0.407261 
0.370607 -0.495426 0.396205 
-0.597268 -0.255126 0.407261 
0.370442 -0.495769 0.396129 
-0.597268 -0.255126 0.407261 
0.370302 -0.496103 0.396129 
-0.597268 -0.255126 0.407261 
0.370218 -0.496368 0.396071 
-0.597268 -0.255126 0.407261 
0.370102 -0.496614 0.396075 
-0.597268 -0.255126 0.407261 
0.370018 -0.496817 0.396106 
-0.597268 -0.255126 0.407261 
0.369981 -0.496983 0.39637 
-0.597268 -0.255126 0.407261 
0.37009 -0.497161 0.396626 
-0.597268 -0.255126 0.407261 
0.37026 -0.497231 0.397058 
-0.597268 -0.255126 0.407261 
0.370523 -0.497167 0.397493 
-0.597268 -0.255126 0.407261 
0.370904 -0.496972 0.398025 
-0.597268 -0.255126 0.407261 
0.371421 -0.49671 0.398783 
-0.597268 -0.255126 0.407261 
0.372079 -0.496337 0.399694 
-0.597268 -0.255126 0.407261 
0.372936 -0.495835 0.400814 
-0.597268 -0.255126 0.407261 
0.373979 -0.495306 0.401882 
-0.597268 -0.255126 0.407261 
0.375153 -0.494843 0.403121 
-0.597268 -0.255126 0.407261 
0.376329 -0.494335 0.404256 
-0.597268 -0.255126 0.407261 
0.377547 -0.49386 0.405389 
-0.597268 -0.255126 0.407261 
0.378733 -0.493312 0.406431 
-0.597268 -0.255126 0.407261 
0.379923 -0.492734 0.407612 
-0.597268 -0.255126 0.407261 
0.381095 -0.492185 0.4089 
-0.597268 -0.255126 0.407261 
0.382259 -0.49158 0.410126 
-0.597268 -0.255126 0.407261 
0.383481 -0.49101 0.411336 
-0.597268 -0.255126 0.407261 
0.38474 -0.490475 0.41263 
-0.597268 -0.255126 0.407261 
0.385991 -0.489895 0.413932 
-0.597268 -0.255126 0.407261 
0.387285 -0.48926 0.415196 
-0.597268 -0.255126 0.407261 
0.388619 -0.488631 0.416417 
-0.597268 -0.255126 0.407261 
0.38992 -0.48799 0.417745 
-0.597268 -0.255126 0.407261 
0.391218 -0.4874 0.41903 
-0.597268 -0.255126 0.407261 
0.392506 -0.486865 0.420221 
-0.597268 -0.255126 0.407261 
0.393821 -0.486272 0.421351 
-0.597268 -0.255126 0.407261 
0.395081 -0.485684 0.422352 
-0.597268 -0.255126 0.407261 
0.396263 -0.485131 0.423243 
-0.597268 -0.255126 0.407261 
0.39734 -0.484604 0.424073 
-0.597268 -0.255126 0.407261 
0.398352 -0.484192 0.424692 
-0.597268 -0.255126 0.407261 
0.399258 -0.483881 0.425444 
-0.597268 -0.255126 0.407261 
0.400048 -0.483638 0.426046 
-0.597268 -0.255126 0.407261 
0.400615 -0.483508 0.426364 
-0.597268 -0.255126 0.407261 
0.401046 -0.483444 0.426563 
-0.597268 -0.255126 0.407261 
0.401249 -0.483509 0.426711 
-0.597268 -0.255126 0.407261 
0.401284 -0.483521 0.426746 
-0.597268 -0.255126 0.407261 
0.401304 -0.483528 0.42679 
-0.597268 -0.255126 0.407261 
0.401278 -0.483505 0.426754 
-0.597268 -0.255126 0.407261 
0.4013 -0.483516 0.426806 
-0.597268 -0.255126 0.407261 
0.401345 -0.483541 0.42689 
-0.597268 -0.255126 0.407261 
0.401337 -0.483513 0.426904 
-0.597268 -0.255126 0.407261 
0.401382 -0.483543 0.426984 
-0.597268 -0.255126 0.407261 
0.401426 -0.483567 0.427072 
-0.597268 -0.255126 0.407261 
0.401424 -0.483561 0.427078 
-0.597268 -0.255126 0.407261 
0.401421 -0.48355 0.427084 
-0.597268 -0.255126 0.407261 
0.401442 -0.483557 0.427133 
-0.597268 -0.255126 0.407261 
0.40144 -0.483548 0.427141 
-0.597268 -0.255126 0.407261 
0.401442 -0.483555 0.427138 
-0.597268 -0.255126 0.407261 
0.401415 -0.483532 0.427095 
-0.597268 -0.255126 0.407261 
0.40141 -0.48352 0.427098 
-0.597268 -0.255126 0.407261 
0.401409 -0.483515 0.427106 
-0.597268 -0.255126 0.407261 
0.401409 -0.483511 0.427112 
-0.597268 -0.255126 0.407261 
0.401408 -0.483506 0.427117 
-0.597268 -0.255126 0.407261 
0.401406 -0.483497 0.427123 
-0.597268 -0.255126 0.407261 
0.401402 -0.483491 0.427122 
-0.597268 -0.255126 0.407261 
0.401404 -0.483492 0.427126 
-0.597268 -0.255126 0.407261 
0.401402 -0.48349 0.427123 
-0.597268 -0.255126 0.407261 
0.401406 -0.483498 0.427127 
-0.597268 -0.255126 0.407261 
0.40141 -0.483507 0.427125 
-0.597268 -0.255126 0.407261 
0.401367 -0.483483 0.427036 
-0.597268 -0.255126 0.407261 
0.401368 -0.483481 0.42704 
-0.597268 -0.255126 0.407261 
0.40117 -0.483702 0.42721 
-0.597268 -0.255126 0.407261 
0.400856 -0.48422 0.42775 
-0.597268 -0.255126 0.407261 
0.400463 -0.484699 0.428214 
-0.597268 -0.255126 0.407261 
0.399966 -0.485169 0.428606 
-0.597268 -0.255126 0.407261 
0.399459 -0.485698 0.42887 
-0.597268 -0.255126 0.407261 
0.398884 -0.486287 0.4291 
-0.597268 -0.255126 0.407261 
0.398249 -0.4868 0.429169 
-0.597268 -0.255126 0.407261 
0.397638 -0.487336 0.429252 
-0.597268 -0.255126 0.407261 
0.397021 -0.48783 0.429336 
-0.597268 -0.255126 0.407261 
0.396317 -0.488365 0.429308 
-0.597268 -0.255126 0.407261 
0.395642 -0.488907 0.429284 
-0.597268 -0.255126 0.407261 
0.395011 -0.48943 0.429306 
-0.597268 -0.255126 0.407261 
0.394385 -0.489961 0.429316 
-0.597268 -0.255126 0.407261 
0.393763 -0.490503 0.429346 
-0.597268 -0.255126 0.407261 
0.39307 -0.49101 0.429272 
-0.597268 -0.255126 0.407261 
0.392389 -0.491535 0.429266 
-0.597268 -0.255126 0.407261 
0.391668 -0.49202 0.429167 
-0.597268 -0.255126 0.407261 
0.390964 -0.492536 0.429118 
-0.597268 -0.255126 0.407261 
0.390215 -0.493076 0.429032 
-0.597268 -0.255126 0.407261 
0.389473 -0.493592 0.429099 
-0.597268 -0.255126 0.407261 
0.388722 -0.494144 0.429108 
-0.597268 -0.255126 0.407261 
0.388003 -0.494722 0.429154 
-0.597268 -0.255126 0.407261 
0.387271 -0.495244 0.429163 
-0.597268 -0.255126 0.407261 
0.386527 -0.495784 0.429132 
-0.597268 -0.255126 0.407261 
0.385838 -0.496329 0.429162 
-0.597268 -0.255126 0.407261 
0.385108 -0.496862 0.429113 
-0.597268 -0.255126 0.407261 
0.3846 -0.497017 0.428555 
-0.597268 -0.255126 0.407261 
0.384087 -0.4971 0.427964 
-0.597268 -0.255126 0.407261 
0.383644 -0.497184 0.427432 
-0.597268 -0.255126 0.407261 
0.383275 -0.497236 0.426972 
-0.597268 -0.255126 0.407261 
0.38291 -0.497231 0.426527 
-0.597268 -0.255126 0.407261 
0.382662 -0.497233 0.426225 
-0.597268 -0.255126 0.407261 
0.382346 -0.497212 0.425879 
-0.597268 -0.255126 0.407261 
0.38204 -0.497212 0.425544 
-0.597268 -0.255126 0.407261 
0.381813 -0.497211 0.425277 
-0.597268 -0.255126 0.407261 
0.3816 -0.497185 0.425023 
-0.597268 -0.255126 0.407261 
0.381383 -0.497147 0.424701 
-0.597268 -0.255126 0.407261 
0.381111 -0.497107 0.424428 
-0.597268 -0.255126 0.407261 
0.380842 -0.49704 0.424095 
-0.597268 -0.255126 0.407261 
0.380625 -0.496995 0.423895 
-0.597268 -0.255126 0.407261 
0.380458 -0.496981 0.423623 
-0.597268 -0.255126 0.407261 
0.380293 -0.496969 0.423432 
-0.597268 -0.255126 0.407261 
0.380072 -0.496956 0.423045 
-0.597268 -0.255126 0.407261 
0.379892 -0.496914 0.422732 
-0.597268 -0.255126 0.407261 
0.379765 -0.496894 0.422453 
-0.597268 -0.255126 0.407261 
0.379596 -0.496849 0.422017 
-0.597268 -0.255126 0.407261 
0.379415 -0.49674 0.421624 
-0.597268 -0.255126 0.407261 
0.379263 -0.496682 0.421342 
-0.597268 -0.255126 0.407261 
0.379103 -0.496626 0.420962 
-0.597268 -0.255126 0.407261 
0.378922 -0.496521 0.420616 
-0.597268 -0.255126 0.407261 
0.378795 -0.496521 0.420304 
-0.597268 -0.255126 0.407261 
0.378651 -0.496417 0.420002 
-0.597268 -0.255126 0.407261 
0.378548 -0.496372 0.419766 
-0.597268 -0.255126 0.407261 
0.378482 -0.496386 0.419439 
-0.597268 -0.255126 0.407261 
0.378427 -0.496428 0.419229 
-0.597268 -0.255126 0.407261 
0.378335 -0.496385 0.418748 
-0.597268 -0.255126 0.407261 
0.378315 -0.496394 0.41853 
-0.597268 -0.255126 0.407261 
0.378276 -0.496379 0.41817 
-0.597268 -0.255126 0.407261 
0.378282 -0.496351 0.417976 
-0.597268 -0.255126 0.407261 
0.378292 -0.496294 0.417704 
-0.597268 -0.255126 0.407261 
0.378305 -0.496247 0.417413 
-0.597268 -0.255126 0.407261 
0.378316 -0.496246 0.417211 
-0.597268 -0.255126 0.407261 
0.378349 -0.496218 0.417084 
-0.597268 -0.255126 0.407261 
0.378422 -0.49625 0.41691 
-0.597268 -0.255126 0.407261 
0.378492 -0.496354 0.41671 
-0.597268 -0.255126 0.407261 
0.378513 -0.496387 0.416486 
-0.597268 -0.255126 0.407261 
0.378541 -0.49644 0.416079 
-0.597268 -0.255126 0.407261 
0.378587 -0.496561 0.415905 
-0.597268 -0.255126 0.407261 
0.378548 -0.496606 0.41555 
-0.597268 -0.255126 0.407261 
0.378483 -0.496533 0.415173 
-0.597268 -0.255126 0.407261 
0.378487 -0.496568 0.414962 
-0.597268 -0.255126 0.407261 
0.378449 -0.496539 0.414677 
-0.597268 -0.255126 0.407261 
0.378424 -0.496438 0.414432 
-0.597268 -0.255126 0.407261 
0.378386 -0.496316 0.414173 
-0.597268 -0.255126 0.407261 
0.378387 -0.49629 0.414076 
-0.597268 -0.255126 0.407261 
0.378302 -0.496134 0.413758 
-0.597268 -0.255126 0.407261 
0.378248 -0.496086 0.41348 
-0.597268 -0.255126 0.407261 
0.378153 -0.495904 0.413158 
-0.597268 -0.255126 0.407261 
0.378059 -0.495711 0.412848 
-0.597268 -0.255126 0.407261 
0.37803 -0.495597 0.412626 
-0.597268 -0.255126 0.407261 
0.378035 -0.49554 0.412567 
-0.597268 -0.255126 0.407261 
0.378001 -0.495423 0.412372 
-0.597268 -0.255126 0.407261 
0.378012 -0.495366 0.412221 
-0.597268 -0.255126 0.407261 
0.378085 -0.49536 0.412259 
-0.597268 -0.255126 0.407261 
0.378109 -0.495388 0.412145 
-0.597268 -0.255126 0.407261 
0.378106 -0.495371 0.412006 
-0.597268 -0.255126 0.407261 
0.378148 -0.49539 0.411942 
-0.597268 -0.255126 0.407261 
0.378218 -0.495483 0.411877 
-0.597268 -0.255126 0.407261 
0.378256 -0.495578 0.411741 
-0.597268 -0.255126 0.407261 
0.378297 -0.495627 0.411595 
-0.597268 -0.255126 0.407261 
0.378316 -0.495665 0.411349 
-0.597268 -0.255126 0.407261 
0.378391 -0.495743 0.411418 
-0.597268 -0.255126 0.407261 
0.378466 -0.495738 0.411432 
-0.597268 -0.255126 0.407261 
0.378594 -0.495718 0.411398 
-0.597268 -0.255126 0.407261 
0.378776 -0.495865 0.411589 
-0.597268 -0.255126 0.407261 
0.378944 -0.495962 0.41161 
-0.597268 -0.255126 0.407261 
0.379123 -0.496046 0.411689 
-0.597268 -0.255126 0.407261 
0.379331 -0.496207 0.411785 
-0.597268 -0.255126 0.407261 
0.37952 -0.496434 0.41177 
-0.597268 -0.255126 0.407261 
0.379693 -0.496611 0.411734 
-0.597268 -0.255126 0.407261 
0.379897 -0.496802 0.411765 
-0.597268 -0.255126 0.407261 
0.380119 -0.497016 0.411924 
-0.597268 -0.255126 0.407261 
0.380308 -0.497216 0.411914 
-0.597268 -0.255126 0.407261 
0.38047 -0.497406 0.411851 
-0.597268 -0.255126 0.407261 
0.380582 -0.497513 0.41179 
-0.597268 -0.255126 0.407261 
0.380713 -0.497615 0.411732 
-0.597268 -0.255126 0.407261 
0.380836 -0.497762 0.411813 
-0.597268 -0.255126 0.407261 
0.380916 -0.497875 0.411937 
-0.597268 -0.255126 0.407261 
0.380936 -0.497921 0.411757 
-0.597268 -0.255126 0.407261 
0.380946 -0.498011 0.411638 
-0.597268 -0.255126 0.407261 
0.380984 -0.498069 0.411658 
-0.597268 -0.255126 0.407261 
0.380956 -0.498086 0.411697 
-0.597268 -0.255126 0.407261 
0.380929 -0.498121 0.411536 
-0.597268 -0.255126 0.407261 
0.380882 -0.498083 0.41139 
-0.597268 -0.255126 0.407261 
0.380858 -0.498066 0.411385 
-0.597268 -0.255126 0.407261 
0.380803 -0.497904 0.411335 
-0.597268 -0.255126 0.407261 
0.380755 -0.497777 0.411342 
-0.597268 -0.255126 0.407261 
0.380668 -0.497678 0.411389 
-0.597268 -0.255126 0.407261 
0.380531 -0.497737 0.411319 
-0.597268 -0.255126 0.407261 
0.380327 -0.497932 0.411366 
-0.597268 -0.255126 0.407261 
0.380104 -0.498219 0.411384 
-0.597268 -0.255126 0.407261 
0.379824 -0.498533 0.411431 
-0.597268 -0.255126 0.407261 
0.379499 -0.498844 0.41147 
-0.597268 -0.255126 0.407261 
0.379205 -0.499133 0.411607 
-0.597268 -0.255126 0.407261 
0.378943 -0.499472 0.411718 
-0.597268 -0.255126 0.407261 
0.378642 -0.499769 0.411742 
-0.597268 -0.255126 0.407261 
0.378296 -0.500059 0.411725 
-0.597268 -0.255126 0.407261 
0.378004 -0.500363 0.411772 
-0.597268 -0.255126 0.407261 
0.3777 -0.500756 0.411908 
-0.597268 -0.255126 0.407261 
0.377408 -0.50113 0.412086 
-0.597268 -0.255126 0.407261 
0.377136 -0.501485 0.412264 
-0.597268 -0.255126 0.407261 
0.376852 -0.501857 0.412392 
-0.597268 -0.255126 0.407261 
0.376623 -0.502245 0.412506 
-0.597268 -0.255126 0.407261 
0.376356 -0.502692 0.4127 
-0.597268 -0.255126 0.407261 
0.376077 -0.503134 0.412811 
-0.597268 -0.255126 0.407261 
0.375787 -0.503567 0.412827 
-0.597268 -0.255126 0.407261 
0.375511 -0.504044 0.412889 
-0.597268 -0.255126 0.407261 
0.375228 -0.504517 0.412988 
-0.597268 -0.255126 0.407261 
0.374832 -0.504913 0.413007 
-0.597268 -0.255126 0.407261 
0.374517 -0.50543 0.413207 
-0.597268 -0.255126 0.407261 
0.374158 -0.505918 0.413314 
-0.597268 -0.255126 0.407261 
0.373838 -0.50644 0.41339 
-0.597268 -0.255126 0.407261 
0.373505 -0.506935 0.413392 
-0.597268 -0.255126 0.407261 
0.373208 -0.507424 0.413463 
-0.597268 -0.255126 0.407261 
0.37292 -0.50772 0.413219 
-0.597268 -0.255126 0.407261 
0.372733 -0.507984 0.413143 
-0.597268 -0.255126 0.407261 
0.372541 -0.508145 0.412899 
-0.597268 -0.255126 0.407261 
0.372359 -0.508301 0.412652 
-0.597268 -0.255126 0.407261 
0.372171 -0.508543 0.412452 
-0.597268 -0.255126 0.407261 
0.372013 -0.508753 0.412319 
-0.597268 -0.255126 0.407261 
0.371822 -0.508932 0.412173 
-0.597268 -0.255126 0.407261 
0.371721 -0.509133 0.412186 
-0.597268 -0.255126 0.407261 
0.371632 -0.509355 0.412147 
-0.597268 -0.255126 0.407261 
0.371431 -0.509486 0.411858 
-0.597268 -0.255126 0.407261 
0.371282 -0.509624 0.411601 
-0.597268 -0.255126 0.407261 
0.371081 -0.509774 0.411317 
-0.597268 -0.255126 0.407261 
0.370861 -0.509913 0.410998 
-0.597268 -0.255126 0.407261 
0.370579 -0.509991 0.410621 
-0.597268 -0.255126 0.407261 
0.370313 -0.510071 0.410378 
-0.597268 -0.255126 0.407261 
0.370057 -0.510143 0.41029 
-0.597268 -0.255126 0.407261 
0.369666 -0.510222 0.410067 
-0.597268 -0.255126 0.407261 
0.369389 -0.51032 0.409814 
-0.597268 -0.255126 0.407261 
0.36917 -0.510422 0.409598 
-0.597268 -0.255126 0.407261 
0.368933 -0.510558 0.409395 
-0.597268 -0.255126 0.407261 
0.368672 -0.510734 0.409264 
-0.597268 -0.255126 0.407261 
0.368347 -0.510941 0.408944 
-0.597268 -0.255126 0.407261 
0.367933 -0.511163 0.408832 
-0.597268 -0.255126 0.407261 
0.367524 -0.51129 0.408701 
-0.597268 -0.255126 0.407261 
0.36721 -0.511467 0.408564 
-0.597268 -0.255126 0.407261 
0.366963 -0.511496 0.408403 
-0.597268 -0.255126 0.407261 
0.366767 -0.511365 0.408351 
-0.597268 -0.255126 0.407261 
0.366663 -0.511074 0.408088 
-0.597268 -0.255126 0.407261 
0.366691 -0.510577 0.407749 
-0.597268 -0.255126 0.407261 
0.366892 -0.509993 0.407417 
-0.597268 -0.255126 0.407261 
0.367012 -0.509231 0.406918 
-0.597268 -0.255126 0.407261 
0.367087 -0.508462 0.406387 
-0.597268 -0.255126 0.407261 
0.3672 -0.507901 0.406007 
-0.597268 -0.255126 0.407261 
0.367293 -0.507308 0.405582 
-0.597268 -0.255126 0.407261 
0.367478 -0.506736 0.405181 
-0.597268 -0.255126 0.407261 
0.367711 -0.506128 0.404972 
