-0.597268 -0.255126 0.407261 
0.391727 -0.49121 0.443612 
-0.597268 -0.255126 0.407261 
0.391727 -0.49121 0.443612 
-0.597268 -0.255126 0.407261 
0.391727 -0.49121 0.443612 
-0.597268 -0.255126 0.407261 
0.391727 -0.49121 0.443612 
-0.597268 -0.255126 0.407261 
0.391727 -0.49121 0.443612 
-0.597268 -0.255126 0.407261 
0.391727 -0.49121 0.443612 
-0.597268 -0.255126 0.407261 
0.391727 -0.49121 0.443612 
-0.597268 -0.255126 0.407261 
0.391727 -0.49121 0.443612 
-0.597268 -0.255126 0.407261 
0.391727 -0.49121 0.443612 
-0.597268 -0.255126 0.407261 
0.391727 -0.49121 0.443612 
-0.597268 -0.255126 0.407261 
0.391727 -0.49121 0.443612 
-0.597268 -0.255126 0.407261 
0.391727 -0.49121 0.443612 
-0.597268 -0.255126 0.407261 
0.391727 -0.49121 0.443612 
-0.597268 -0.255126 0.407261 
0.391727 -0.49121 0.443612 
-0.597268 -0.255126 0.407261 
0.391727 -0.49121 0.443612 
-0.597268 -0.255126 0.407261 
0.391727 -0.49121 0.443612 
-0.597268 -0.255126 0.407261 
0.391727 -0.49121 0.443612 
-0.597268 -0.255126 0.407261 
0.391727 -0.49121 0.443612 
-0.597268 -0.255126 0.407261 
0.391727 -0.49121 0.443612 
-0.597268 -0.255126 0.407261 
0.391727 -0.49121 0.443612 
-0.597268 -0.255126 0.407261 
0.391727 -0.49121 0.443612 
-0.597268 -0.255126 0.407261 
0.391727 -0.49121 0.443612 
-0.597268 -0.255126 0.407261 
0.391727 -0.49121 0.443612 
-0.597268 -0.255126 0.407261 
0.391727 -0.49121 0.443612 
-0.597268 -0.255126 0.407261 
0.391727 -0.49121 0.443612 
-0.597268 -0.255126 0.407261 
0.391727 -0.49121 0.443612 
-0.597268 -0.255126 0.407261 
0.391727 -0.49121 0.443612 
-0.597268 -0.255126 0.407261 
0.391727 -0.49121 0.443612 
