-0.597268 -0.255126 0.407261 
0.386683 -0.491518 0.441023 
-0.597268 -0.255126 0.407261 
0.386682 -0.491518 0.441023 
-0.597268 -0.255126 0.407261 
0.386682 -0.491518 0.441023 
-0.597268 -0.255126 0.407261 
0.386682 -0.491518 0.441023 
-0.597268 -0.255126 0.407261 
0.386682 -0.491518 0.441023 
-0.597268 -0.255126 0.407261 
0.386682 -0.491518 0.441023 
-0.597268 -0.255126 0.407261 
0.386682 -0.491518 0.441023 
-0.597268 -0.255126 0.407261 
0.386682 -0.491518 0.441023 
-0.597268 -0.255126 0.407261 
0.386682 -0.491518 0.441023 
-0.597268 -0.255126 0.407261 
0.386682 -0.491518 0.441023 
-0.597268 -0.255126 0.407261 
0.386682 -0.491518 0.441023 
-0.597268 -0.255126 0.407261 
0.386682 -0.491518 0.441023 
-0.597268 -0.255126 0.407261 
0.386682 -0.491518 0.441023 
-0.597268 -0.255126 0.407261 
0.386682 -0.491518 0.441023 
-0.597268 -0.255126 0.407261 
0.386682 -0.491518 0.441023 
-0.597268 -0.255126 0.407261 
0.386682 -0.491518 0.441023 
-0.597268 -0.255126 0.407261 
0.386682 -0.491518 0.441023 
-0.597268 -0.255126 0.407261 
0.386682 -0.491518 0.441023 
-0.597268 -0.255126 0.407261 
0.386682 -0.491518 0.441023 
-0.597268 -0.255126 0.407261 
0.386682 -0.491518 0.441023 
-0.597268 -0.255126 0.407261 
0.386682 -0.491518 0.441023 
-0.597268 -0.255126 0.407261 
0.386682 -0.491518 0.441023 
-0.597268 -0.255126 0.407261 
0.386682 -0.491518 0.441023 
-0.597268 -0.255126 0.407261 
0.386682 -0.491518 0.441023 
-0.597268 -0.255126 0.407261 
0.386682 -0.491518 0.441023 
-0.597268 -0.255126 0.407261 
0.386682 -0.491518 0.441023 
-0.597268 -0.255126 0.407261 
0.386682 -0.491518 0.441023 
-0.597268 -0.255126 0.407261 
0.386682 -0.491518 0.441023 
-0.597268 -0.255126 0.407261 
0.386682 -0.491518 0.441023 
-0.597268 -0.255126 0.407261 
0.386682 -0.491518 0.441023 
-0.597268 -0.255126 0.407261 
0.386682 -0.491518 0.441023 
-0.597268 -0.255126 0.407261 
0.386682 -0.491518 0.441023 
-0.597268 -0.255126 0.407261 
0.386682 -0.491518 0.441023 
-0.597268 -0.255126 0.407261 
0.386682 -0.491518 0.441023 
-0.597268 -0.255126 0.407261 
0.386682 -0.491518 0.441023 
-0.597268 -0.255126 0.407261 
0.386682 -0.491518 0.441023 
-0.597268 -0.255126 0.407261 
0.386682 -0.491518 0.441023 
-0.597268 -0.255126 0.407261 
0.386682 -0.491518 0.441023 
-0.597268 -0.255126 0.407261 
0.386682 -0.491518 0.441023 
-0.597268 -0.255126 0.407261 
0.386682 -0.491518 0.441023 
-0.597268 -0.255126 0.407261 
0.386682 -0.491518 0.441023 
-0.597268 -0.255126 0.407261 
0.386682 -0.491518 0.441023 
-0.597268 -0.255126 0.407261 
0.386682 -0.491518 0.441023 
-0.597268 -0.255126 0.407261 
0.386682 -0.491518 0.441023 
-0.597268 -0.255126 0.407261 
0.386682 -0.491518 0.441023 
-0.597268 -0.255126 0.407261 
0.386682 -0.491518 0.441023 
-0.597268 -0.255126 0.407261 
0.386682 -0.491518 0.441023 
-0.597268 -0.255126 0.407261 
0.386682 -0.491518 0.441023 
-0.597268 -0.255126 0.407261 
0.386682 -0.491518 0.441023 
-0.597268 -0.255126 0.407261 
0.386682 -0.491518 0.441023 
-0.597268 -0.255126 0.407261 
0.386682 -0.491518 0.441023 
-0.597268 -0.255126 0.407261 
0.386682 -0.491518 0.441023 
-0.597268 -0.255126 0.407261 
0.386682 -0.491518 0.441023 
-0.597268 -0.255126 0.407261 
0.386682 -0.491518 0.441023 
-0.597268 -0.255126 0.407261 
0.386682 -0.491518 0.441023 
-0.597268 -0.255126 0.407261 
0.386682 -0.491518 0.441023 
-0.597268 -0.255126 0.407261 
0.386682 -0.491518 0.441023 
-0.597268 -0.255126 0.407261 
0.386682 -0.491518 0.441023 
-0.597268 -0.255126 0.407261 
0.386682 -0.491518 0.441023 
