-0.597268 -0.255126 0.407261 
0.382918 -0.483617 0.44038 
-0.597268 -0.255126 0.407261 
0.382918 -0.483617 0.44038 
-0.597268 -0.255126 0.407261 
0.383178 -0.483994 0.440311 
-0.597268 -0.255126 0.407261 
0.382835 -0.483857 0.440346 
-0.597268 -0.255126 0.407261 
0.38269 -0.483778 0.440452 
-0.597268 -0.255126 0.407261 
0.382866 -0.488646 0.443847 
-0.597268 -0.255126 0.407261 
0.383649 -0.491267 0.448085 
-0.597268 -0.255126 0.407261 
0.384052 -0.492587 0.448741 
-0.597268 -0.255126 0.407261 
0.384627 -0.493381 0.448525 
-0.597268 -0.255126 0.407261 
0.385339 -0.494811 0.448907 
-0.597268 -0.255126 0.407261 
0.385512 -0.495638 0.448314 
-0.597268 -0.255126 0.407261 
0.384459 -0.493108 0.442297 
-0.597268 -0.255126 0.407261 
0.384962 -0.495359 0.445548 
-0.597268 -0.255126 0.407261 
0.385021 -0.497135 0.444089 
-0.597268 -0.255126 0.407261 
0.385076 -0.497838 0.446364 
-0.597268 -0.255126 0.407261 
0.3854 -0.499395 0.447253 
-0.597268 -0.255126 0.407261 
0.385656 -0.500005 0.448475 
-0.597268 -0.255126 0.407261 
0.385265 -0.500431 0.446026 
-0.597268 -0.255126 0.407261 
0.38539 -0.501937 0.446116 
-0.597268 -0.255126 0.407261 
0.385168 -0.502234 0.445299 
-0.597268 -0.255126 0.407261 
0.384199 -0.501383 0.44589 
-0.597268 -0.255126 0.407261 
0.383491 -0.502546 0.446542 
-0.597268 -0.255126 0.407261 
0.447999 -0.507759 0.488778 
