-0.595065 -0.197208 0.480564 
0.400795 -0.504304 0.485867 
-0.595065 -0.197208 0.480564 
0.400795 -0.504304 0.485867 
-0.595065 -0.197208 0.480564 
0.400795 -0.504304 0.485867 
-0.589755 -0.22099 0.457933 
0.400795 -0.504304 0.485867 
-0.591117 -0.241961 0.435498 
0.400795 -0.504304 0.485867 
-0.596955 -0.260897 0.417789 
0.400795 -0.504304 0.485867 
-0.605237 -0.275233 0.400964 
0.400795 -0.504304 0.485867 
-0.603337 -0.276495 0.405302 
0.400795 -0.504304 0.485867 
-0.601075 -0.27534 0.412529 
0.400795 -0.504304 0.485867 
-0.60028 -0.273034 0.417971 
0.400795 -0.504304 0.485867 
-0.600278 -0.271244 0.421596 
0.400795 -0.504304 0.485867 
-0.600543 -0.26999 0.42393 
0.400795 -0.504304 0.485867 
-0.600765 -0.269156 0.424706 
0.400795 -0.504304 0.485867 
-0.600895 -0.269603 0.423845 
0.400795 -0.504304 0.485867 
-0.600913 -0.269335 0.424132 
0.400795 -0.504304 0.485867 
-0.600955 -0.26942 0.423648 
0.400795 -0.504304 0.485867 
-0.600914 -0.269766 0.423553 
0.400795 -0.504304 0.485867 
-0.600894 -0.268865 0.424727 
0.400795 -0.504304 0.485867 
-0.600868 -0.268904 0.423546 
0.400795 -0.504304 0.485867 
-0.600603 -0.268069 0.424278 
0.400795 -0.504304 0.485867 
-0.600284 -0.268363 0.42385 
0.400795 -0.504304 0.485867 
-0.599769 -0.267172 0.423417 
0.400795 -0.504304 0.485867 
-0.599128 -0.266167 0.423722 
0.400795 -0.504304 0.485867 
-0.5985 -0.26439 0.423829 
0.400795 -0.504304 0.485867 
-0.597809 -0.262546 0.42422 
0.400795 -0.504304 0.485867 
-0.59732 -0.260293 0.424456 
0.400795 -0.504304 0.485867 
-0.596854 -0.257866 0.424173 
0.400795 -0.504304 0.485867 
-0.59627 -0.254851 0.424099 
0.400795 -0.504304 0.485867 
-0.595605 -0.251889 0.424797 
0.400795 -0.504304 0.485867 
-0.595194 -0.249251 0.42497 
0.400795 -0.504304 0.485867 
-0.594985 -0.246235 0.42486 
0.400795 -0.504304 0.485867 
-0.594908 -0.243757 0.424327 
0.400795 -0.504304 0.485867 
-0.594998 -0.240486 0.424263 
0.400795 -0.504304 0.485867 
-0.595232 -0.238455 0.42418 
0.400795 -0.504304 0.485867 
