-0.599627 -0.222327 0.382544 
0.400795 -0.504304 0.485867 
-0.599628 -0.222328 0.382543 
0.400795 -0.504304 0.485867 
-0.599591 -0.22212 0.382474 
0.400795 -0.504304 0.485867 
-0.59963 -0.222039 0.382358 
0.400795 -0.504304 0.485867 
-0.599629 -0.22205 0.382372 
0.400795 -0.504304 0.485867 
-0.599614 -0.222133 0.382367 
0.400795 -0.504304 0.485867 
-0.59958 -0.222322 0.382509 
0.400795 -0.504304 0.485867 
-0.599508 -0.222307 0.382714 
0.400795 -0.504304 0.485867 
-0.599607 -0.222285 0.382388 
0.400795 -0.504304 0.485867 
-0.599692 -0.222172 0.382286 
0.400795 -0.504304 0.485867 
-0.599628 -0.222106 0.382317 
0.400795 -0.504304 0.485867 
-0.599638 -0.222146 0.382364 
0.400795 -0.504304 0.485867 
-0.5996 -0.222247 0.382417 
0.400795 -0.504304 0.485867 
-0.599624 -0.222173 0.382341 
0.400795 -0.504304 0.485867 
-0.599584 -0.222184 0.38252 
0.400795 -0.504304 0.485867 
-0.59966 -0.222092 0.382304 
0.400795 -0.504304 0.485867 
