-0.597268 -0.255126 0.407261 
0.386162 -0.4937 0.442062 
-0.597268 -0.255126 0.407261 
0.386162 -0.4937 0.442062 
-0.597268 -0.255126 0.407261 
0.385827 -0.495597 0.442803 
-0.597268 -0.255126 0.407261 
0.386342 -0.49572 0.442894 
-0.597268 -0.255126 0.407261 
0.388188 -0.495816 0.447281 
-0.597268 -0.255126 0.407261 
0.388796 -0.494822 0.444442 
-0.597268 -0.255126 0.407261 
0.389506 -0.494619 0.444519 
-0.597268 -0.255126 0.407261 
0.389889 -0.495531 0.443652 
-0.597268 -0.255126 0.407261 
0.390706 -0.495893 0.445284 
-0.597268 -0.255126 0.407261 
0.391724 -0.495433 0.446213 
-0.597268 -0.255126 0.407261 
0.393371 -0.49529 0.448774 
-0.597268 -0.255126 0.407261 
0.39469 -0.495537 0.450422 
-0.597268 -0.255126 0.407261 
0.396068 -0.495981 0.450454 
-0.597268 -0.255126 0.407261 
0.398179 -0.495929 0.449448 
-0.597268 -0.255126 0.407261 
0.400127 -0.496243 0.447133 
-0.597268 -0.255126 0.407261 
0.402511 -0.496918 0.448338 
-0.597268 -0.255126 0.407261 
0.405252 -0.49645 0.449909 
-0.597268 -0.255126 0.407261 
0.408285 -0.496706 0.452544 
-0.597268 -0.255126 0.407261 
0.410297 -0.497197 0.448025 
-0.597268 -0.255126 0.407261 
0.413591 -0.498257 0.452852 
-0.597268 -0.255126 0.407261 
0.41578 -0.497275 0.448158 
-0.597268 -0.255126 0.407261 
0.41856 -0.497725 0.449528 
-0.597268 -0.255126 0.407261 
0.421363 -0.498302 0.450142 
-0.597268 -0.255126 0.407261 
0.423736 -0.498686 0.448927 
-0.597268 -0.255126 0.407261 
0.426478 -0.497624 0.449323 
-0.597268 -0.255126 0.407261 
0.429054 -0.499048 0.449281 
-0.597268 -0.255126 0.407261 
0.430961 -0.499546 0.445969 
-0.597268 -0.255126 0.407261 
0.433485 -0.498693 0.447838 
-0.597268 -0.255126 0.407261 
0.436119 -0.499511 0.449084 
-0.597268 -0.255126 0.407261 
0.437797 -0.500095 0.44377 
-0.597268 -0.255126 0.407261 
0.439874 -0.500063 0.445731 
-0.597268 -0.255126 0.407261 
0.442087 -0.499575 0.447719 
-0.597268 -0.255126 0.407261 
0.443993 -0.500882 0.449817 
-0.597268 -0.255126 0.407261 
0.444987 -0.500367 0.446066 
-0.597268 -0.255126 0.407261 
0.446261 -0.500994 0.447268 
-0.597268 -0.255126 0.407261 
0.446969 -0.501944 0.446426 
-0.597268 -0.255126 0.407261 
0.446998 -0.501851 0.446232 
-0.597268 -0.255126 0.407261 
0.447217 -0.500991 0.446618 
-0.597268 -0.255126 0.407261 
0.447044 -0.501821 0.446175 
-0.597268 -0.255126 0.407261 
0.447024 -0.502098 0.445892 
-0.597268 -0.255126 0.407261 
0.446859 -0.502277 0.444899 
-0.597268 -0.255126 0.407261 
0.446656 -0.501939 0.443492 
-0.597268 -0.255126 0.407261 
0.446611 -0.50297 0.442817 
-0.597268 -0.255126 0.407261 
0.446908 -0.503155 0.445348 
-0.597268 -0.255126 0.407261 
0.446812 -0.502978 0.444733 
-0.597268 -0.255126 0.407261 
0.446753 -0.501915 0.442573 
-0.597268 -0.255126 0.407261 
0.447476 -0.501912 0.449693 
-0.597268 -0.255126 0.407261 
0.447012 -0.502577 0.446129 
-0.597268 -0.255126 0.407261 
0.447018 -0.502495 0.445996 
-0.597268 -0.255126 0.407261 
0.44697 -0.502194 0.444262 
-0.597268 -0.255126 0.407261 
0.447674 -0.502908 0.450373 
-0.597268 -0.255126 0.407261 
0.447161 -0.50297 0.445812 
-0.597268 -0.255126 0.407261 
0.447283 -0.502216 0.446707 
-0.597268 -0.255126 0.407261 
0.447703 -0.502621 0.449673 
-0.597268 -0.255126 0.407261 
0.447608 -0.502596 0.449068 
-0.597268 -0.255126 0.407261 
0.447521 -0.502219 0.448666 
-0.597268 -0.255126 0.407261 
0.447235 -0.502849 0.446889 
-0.597268 -0.255126 0.407261 
0.447241 -0.502815 0.447169 
-0.597268 -0.255126 0.407261 
0.447336 -0.502654 0.448079 
-0.597268 -0.255126 0.407261 
0.447324 -0.502951 0.447957 
-0.597268 -0.255126 0.407261 
0.44724 -0.502876 0.446925 
-0.597268 -0.255126 0.407261 
0.447295 -0.502679 0.447291 
-0.597268 -0.255126 0.407261 
0.447378 -0.502828 0.448051 
-0.597268 -0.255126 0.407261 
0.447283 -0.503148 0.447314 
-0.597268 -0.255126 0.407261 
0.447321 -0.502838 0.447504 
-0.597268 -0.255126 0.407261 
0.447042 -0.502486 0.445176 
-0.597268 -0.255126 0.407261 
0.447487 -0.502483 0.448115 
-0.597268 -0.255126 0.407261 
0.44723 -0.50198 0.446579 
-0.597268 -0.255126 0.407261 
0.447365 -0.502128 0.447709 
-0.597268 -0.255126 0.407261 
0.447291 -0.502018 0.447236 
-0.597268 -0.255126 0.407261 
0.4474 -0.501781 0.447762 
-0.597268 -0.255126 0.407261 
0.447241 -0.501973 0.446617 
-0.597268 -0.255126 0.407261 
0.447349 -0.50222 0.447496 
-0.597268 -0.255126 0.407261 
0.447283 -0.502846 0.447574 
-0.597268 -0.255126 0.407261 
0.447323 -0.502904 0.447591 
-0.597268 -0.255126 0.407261 
0.44733 -0.502963 0.447408 
-0.597268 -0.255126 0.407261 
0.447422 -0.503144 0.44813 
-0.597268 -0.255126 0.407261 
0.447498 -0.502929 0.448552 
-0.597268 -0.255126 0.407261 
0.44755 -0.502582 0.448758 
-0.597268 -0.255126 0.407261 
0.447371 -0.503056 0.447573 
-0.597268 -0.255126 0.407261 
0.447105 -0.50283 0.445537 
-0.597268 -0.255126 0.407261 
0.447492 -0.502764 0.448732 
-0.597268 -0.255126 0.407261 
0.447472 -0.502295 0.448317 
-0.597268 -0.255126 0.407261 
0.44712 -0.502731 0.445628 
-0.597268 -0.255126 0.407261 
0.447903 -0.502514 0.451574 
-0.597268 -0.255126 0.407261 
0.44702 -0.502973 0.443837 
-0.597268 -0.255126 0.407261 
0.447044 -0.503051 0.446355 
-0.597268 -0.255126 0.407261 
0.447029 -0.502423 0.444731 
-0.597268 -0.255126 0.407261 
0.447453 -0.502621 0.44887 
-0.597268 -0.255126 0.407261 
0.447426 -0.502473 0.448636 
-0.597268 -0.255126 0.407261 
0.447567 -0.502711 0.449064 
-0.597268 -0.255126 0.407261 
0.447412 -0.502805 0.447849 
-0.597268 -0.255126 0.407261 
0.44749 -0.502982 0.448521 
-0.597268 -0.255126 0.407261 
0.447136 -0.50278 0.44588 
-0.597268 -0.255126 0.407261 
0.447379 -0.503122 0.447891 
-0.597268 -0.255126 0.407261 
0.447507 -0.502912 0.448678 
-0.597268 -0.255126 0.407261 
0.447578 -0.502388 0.44887 
-0.597268 -0.255126 0.407261 
0.447545 -0.502873 0.449051 
-0.597268 -0.255126 0.407261 
0.446942 -0.502774 0.443997 
