-0.613953 -0.224712 0.423323 
0.400795 -0.504304 0.485867 
-0.613953 -0.224712 0.423323 
0.400795 -0.504304 0.485867 
-0.613017 -0.225222 0.421528 
0.400795 -0.504304 0.485867 
-0.612995 -0.226527 0.421684 
0.400795 -0.504304 0.485867 
-0.612012 -0.228558 0.42194 
0.400795 -0.504304 0.485867 
-0.609504 -0.229108 0.422224 
0.400795 -0.504304 0.485867 
-0.607515 -0.229113 0.422613 
0.400795 -0.504304 0.485867 
-0.605671 -0.229722 0.423466 
0.400795 -0.504304 0.485867 
-0.604701 -0.229958 0.423547 
0.400795 -0.504304 0.485867 
-0.604055 -0.230083 0.423572 
0.400795 -0.504304 0.485867 
-0.603429 -0.230065 0.423488 
0.400795 -0.504304 0.485867 
-0.602931 -0.229955 0.423656 
0.400795 -0.504304 0.485867 
-0.602497 -0.229944 0.423203 
0.400795 -0.504304 0.485867 
-0.602167 -0.23007 0.423578 
0.400795 -0.504304 0.485867 
-0.60148 -0.230213 0.423902 
0.400795 -0.504304 0.485867 
-0.600143 -0.230678 0.424032 
0.400795 -0.504304 0.485867 
-0.59916 -0.230617 0.423837 
0.400795 -0.504304 0.485867 
-0.598349 -0.230729 0.424674 
0.400795 -0.504304 0.485867 
-0.59806 -0.230753 0.424579 
0.400795 -0.504304 0.485867 
-0.598114 -0.230558 0.424433 
0.400795 -0.504304 0.485867 
-0.598092 -0.230717 0.424157 
0.400795 -0.504304 0.485867 
-0.598125 -0.230843 0.424312 
0.400795 -0.504304 0.485867 
-0.598181 -0.230646 0.423872 
0.400795 -0.504304 0.485867 
-0.59818 -0.230457 0.423799 
0.400795 -0.504304 0.485867 
-0.598259 -0.230611 0.423777 
0.400795 -0.504304 0.485867 
-0.598222 -0.230691 0.423735 
0.400795 -0.504304 0.485867 
-0.598264 -0.230615 0.423688 
0.400795 -0.504304 0.485867 
-0.598272 -0.230644 0.423904 
0.400795 -0.504304 0.485867 
-0.598329 -0.2307 0.423815 
0.400795 -0.504304 0.485867 
-0.598345 -0.230787 0.424279 
0.400795 -0.504304 0.485867 
-0.598379 -0.230802 0.424287 
0.400795 -0.504304 0.485867 
-0.598334 -0.230883 0.424297 
0.400795 -0.504304 0.485867 
-0.598437 -0.230867 0.424094 
0.400795 -0.504304 0.485867 
-0.598389 -0.231003 0.424321 
0.400795 -0.504304 0.485867 
-0.598425 -0.230937 0.424048 
0.400795 -0.504304 0.485867 
-0.598366 -0.231005 0.42442 
0.400795 -0.504304 0.485867 
-0.59842 -0.230907 0.424412 
0.400795 -0.504304 0.485867 
-0.598399 -0.23104 0.424415 
0.400795 -0.504304 0.485867 
-0.59841 -0.231051 0.424663 
0.400795 -0.504304 0.485867 
-0.598446 -0.230987 0.424488 
0.400795 -0.504304 0.485867 
-0.59835 -0.2309 0.424365 
0.400795 -0.504304 0.485867 
-0.4054 -0.23257 0.48858 
0.400795 -0.504304 0.485867 
