-0.607581 -0.219126 0.383733 
0.400795 -0.504304 0.485867 
-0.607582 -0.219126 0.383733 
0.400795 -0.504304 0.485867 
-0.607312 -0.218812 0.382497 
0.400795 -0.504304 0.485867 
-0.607134 -0.219753 0.382279 
0.400795 -0.504304 0.485867 
-0.606454 -0.221111 0.382873 
0.400795 -0.504304 0.485867 
-0.605201 -0.223163 0.382972 
0.400795 -0.504304 0.485867 
-0.602725 -0.223584 0.382476 
0.400795 -0.504304 0.485867 
-0.600418 -0.223883 0.382397 
0.400795 -0.504304 0.485867 
-0.598928 -0.223922 0.382219 
0.400795 -0.504304 0.485867 
-0.597918 -0.224379 0.382395 
0.400795 -0.504304 0.485867 
-0.596988 -0.224472 0.381824 
0.400795 -0.504304 0.485867 
-0.596484 -0.224332 0.381243 
0.400795 -0.504304 0.485867 
-0.596155 -0.224683 0.381444 
0.400795 -0.504304 0.485867 
-0.595827 -0.224497 0.381523 
0.400795 -0.504304 0.485867 
-0.595428 -0.224649 0.381566 
0.400795 -0.504304 0.485867 
-0.594515 -0.224885 0.381473 
0.400795 -0.504304 0.485867 
-0.593423 -0.225364 0.381168 
0.400795 -0.504304 0.485867 
-0.591997 -0.225321 0.38084 
0.400795 -0.504304 0.485867 
-0.591407 -0.225082 0.380901 
0.400795 -0.504304 0.485867 
-0.591194 -0.224649 0.380792 
0.400795 -0.504304 0.485867 
-0.591406 -0.224918 0.38078 
0.400795 -0.504304 0.485867 
-0.59137 -0.224927 0.380677 
0.400795 -0.504304 0.485867 
-0.591296 -0.224979 0.380588 
0.400795 -0.504304 0.485867 
-0.59145 -0.224946 0.380344 
0.400795 -0.504304 0.485867 
-0.591457 -0.224849 0.380356 
0.400795 -0.504304 0.485867 
-0.59142 -0.225173 0.380444 
0.400795 -0.504304 0.485867 
-0.591479 -0.225126 0.380384 
0.400795 -0.504304 0.485867 
-0.591446 -0.22512 0.380317 
0.400795 -0.504304 0.485867 
-0.591472 -0.225045 0.380167 
0.400795 -0.504304 0.485867 
-0.591418 -0.224955 0.380296 
0.400795 -0.504304 0.485867 
-0.591506 -0.225176 0.380538 
0.400795 -0.504304 0.485867 
-0.591524 -0.225258 0.380486 
0.400795 -0.504304 0.485867 
-0.591475 -0.225216 0.380685 
0.400795 -0.504304 0.485867 
-0.591512 -0.225314 0.380649 
0.400795 -0.504304 0.485867 
-0.591395 -0.22537 0.380952 
0.400795 -0.504304 0.485867 
-0.591348 -0.225564 0.380781 
0.400795 -0.504304 0.485867 
-0.591489 -0.225329 0.380582 
0.400795 -0.504304 0.485867 
-0.591381 -0.225334 0.380757 
0.400795 -0.504304 0.485867 
-0.591492 -0.225355 0.380628 
0.400795 -0.504304 0.485867 
-0.591524 -0.225295 0.38084 
0.400795 -0.504304 0.485867 
-0.59147 -0.225322 0.380456 
0.400795 -0.504304 0.485867 
-0.591484 -0.225157 0.38093 
0.400795 -0.504304 0.485867 
-0.591607 -0.225166 0.380488 
0.400795 -0.504304 0.485867 
-0.591373 -0.225089 0.380725 
0.400795 -0.504304 0.485867 
-0.591386 -0.225182 0.380444 
0.400795 -0.504304 0.485867 
-0.591377 -0.225229 0.380591 
0.400795 -0.504304 0.485867 
-0.59152 -0.224849 0.380298 
0.400795 -0.504304 0.485867 
-0.591386 -0.224955 0.380598 
0.400795 -0.504304 0.485867 
-0.591417 -0.224898 0.380297 
0.400795 -0.504304 0.485867 
-0.59146 -0.224803 0.380344 
0.400795 -0.504304 0.485867 
-0.59142 -0.225096 0.380341 
0.400795 -0.504304 0.485867 
-0.591248 -0.225034 0.380828 
0.400795 -0.504304 0.485867 
-0.59148 -0.225041 0.380633 
0.400795 -0.504304 0.485867 
-0.591447 -0.224835 0.380714 
0.400795 -0.504304 0.485867 
-0.591419 -0.2248 0.38084 
0.400795 -0.504304 0.485867 
-0.591311 -0.225057 0.380941 
0.400795 -0.504304 0.485867 
-0.5913 -0.225102 0.380931 
0.400795 -0.504304 0.485867 
-0.591337 -0.225181 0.381192 
0.400795 -0.504304 0.485867 
-0.591477 -0.225207 0.380736 
0.400795 -0.504304 0.485867 
-0.591659 -0.2251 0.380445 
0.400795 -0.504304 0.485867 
-0.590993 -0.223885 0.379482 
0.400795 -0.504304 0.485867 
-0.590111 -0.221318 0.376771 
0.400795 -0.504304 0.485867 
-0.589229 -0.2186 0.374426 
0.400795 -0.504304 0.485867 
-0.588623 -0.215509 0.371695 
0.400795 -0.504304 0.485867 
-0.588289 -0.212109 0.368202 
0.400795 -0.504304 0.485867 
-0.588276 -0.207974 0.364981 
0.400795 -0.504304 0.485867 
-0.588714 -0.203752 0.361257 
0.400795 -0.504304 0.485867 
-0.589184 -0.199593 0.357531 
0.400795 -0.504304 0.485867 
-0.590176 -0.194891 0.353586 
0.400795 -0.504304 0.485867 
-0.591167 -0.190509 0.349925 
0.400795 -0.504304 0.485867 
-0.592578 -0.185654 0.346082 
0.400795 -0.504304 0.485867 
-0.594231 -0.181078 0.341838 
0.400795 -0.504304 0.485867 
-0.595784 -0.176789 0.338079 
0.400795 -0.504304 0.485867 
-0.597651 -0.174372 0.336438 
0.400795 -0.504304 0.485867 
-0.599552 -0.172994 0.335434 
0.400795 -0.504304 0.485867 
-0.601319 -0.172246 0.334327 
0.400795 -0.504304 0.485867 
-0.602386 -0.171571 0.333987 
0.400795 -0.504304 0.485867 
-0.602721 -0.171903 0.334193 
0.400795 -0.504304 0.485867 
-0.602716 -0.173286 0.334392 
0.400795 -0.504304 0.485867 
-0.602056 -0.175655 0.3352 
0.400795 -0.504304 0.485867 
-0.601082 -0.178347 0.336432 
0.400795 -0.504304 0.485867 
-0.599532 -0.18225 0.337743 
0.400795 -0.504304 0.485867 
-0.59827 -0.185642 0.338728 
0.400795 -0.504304 0.485867 
-0.596448 -0.190188 0.340073 
0.400795 -0.504304 0.485867 
-0.595103 -0.196748 0.341886 
0.400795 -0.504304 0.485867 
-0.595503 -0.196244 0.341535 
0.400795 -0.504304 0.485867 
-0.59401 -0.201482 0.342148 
0.400795 -0.504304 0.485867 
-0.592893 -0.206759 0.342356 
0.400795 -0.504304 0.485867 
-0.591748 -0.211474 0.342887 
0.400795 -0.504304 0.485867 
-0.591036 -0.215884 0.342817 
0.400795 -0.504304 0.485867 
-0.590472 -0.220617 0.342728 
0.400795 -0.504304 0.485867 
-0.590065 -0.224823 0.342602 
0.400795 -0.504304 0.485867 
-0.591262 -0.228912 0.34244 
0.400795 -0.504304 0.485867 
-0.591119 -0.231936 0.341974 
0.400795 -0.504304 0.485867 
-0.591353 -0.235094 0.3413 
0.400795 -0.504304 0.485867 
-0.591374 -0.236554 0.340551 
0.400795 -0.504304 0.485867 
-0.590874 -0.238015 0.340728 
0.400795 -0.504304 0.485867 
-0.591775 -0.239079 0.339004 
0.400795 -0.504304 0.485867 
-0.591774 -0.24088 0.338999 
0.400795 -0.504304 0.485867 
-0.591978 -0.242831 0.339013 
0.400795 -0.504304 0.485867 
-0.592493 -0.245683 0.338769 
0.400795 -0.504304 0.485867 
-0.593334 -0.247371 0.337741 
0.400795 -0.504304 0.485867 
-0.593459 -0.248359 0.337635 
0.400795 -0.504304 0.485867 
-0.594311 -0.250986 0.336685 
0.400795 -0.504304 0.485867 
-0.59492 -0.25165 0.335429 
0.400795 -0.504304 0.485867 
-0.593343 -0.252959 0.335384 
0.400795 -0.504304 0.485867 
-0.593751 -0.254981 0.334738 
0.400795 -0.504304 0.485867 
-0.593776 -0.256977 0.334678 
0.400795 -0.504304 0.485867 
-0.593934 -0.258192 0.33413 
0.400795 -0.504304 0.485867 
-0.593913 -0.25954 0.333844 
0.400795 -0.504304 0.485867 
-0.593628 -0.260272 0.333697 
0.400795 -0.504304 0.485867 
-0.59315 -0.260229 0.333407 
0.400795 -0.504304 0.485867 
-0.592802 -0.26081 0.333408 
0.400795 -0.504304 0.485867 
-0.592297 -0.261095 0.333314 
0.400795 -0.504304 0.485867 
-0.591459 -0.260789 0.333494 
0.400795 -0.504304 0.485867 
-0.590598 -0.26083 0.333598 
0.400795 -0.504304 0.485867 
-0.589638 -0.260036 0.333584 
0.400795 -0.504304 0.485867 
-0.588563 -0.259415 0.333445 
0.400795 -0.504304 0.485867 
-0.587645 -0.25978 0.333234 
0.400795 -0.504304 0.485867 
-0.586841 -0.260495 0.332954 
0.400795 -0.504304 0.485867 
-0.58617 -0.260762 0.332771 
0.400795 -0.504304 0.485867 
-0.585746 -0.261615 0.33246 
0.400795 -0.504304 0.485867 
-0.585322 -0.262608 0.33235 
0.400795 -0.504304 0.485867 
-0.58483 -0.263338 0.332383 
0.400795 -0.504304 0.485867 
-0.584433 -0.2643 0.332276 
0.400795 -0.504304 0.485867 
-0.584153 -0.265746 0.332308 
0.400795 -0.504304 0.485867 
-0.583885 -0.266241 0.331796 
0.400795 -0.504304 0.485867 
-0.583597 -0.266702 0.331314 
0.400795 -0.504304 0.485867 
-0.583427 -0.267219 0.331001 
0.400795 -0.504304 0.485867 
-0.583362 -0.267545 0.330564 
0.400795 -0.504304 0.485867 
-0.583222 -0.267924 0.330655 
0.400795 -0.504304 0.485867 
-0.583189 -0.268337 0.330937 
0.400795 -0.504304 0.485867 
-0.5822 -0.267438 0.330989 
0.400795 -0.504304 0.485867 
-0.581729 -0.266911 0.331285 
0.400795 -0.504304 0.485867 
-0.582216 -0.267681 0.331074 
0.400795 -0.504304 0.485867 
-0.581713 -0.267413 0.331542 
0.400795 -0.504304 0.485867 
-0.58178 -0.266767 0.330988 
0.400795 -0.504304 0.485867 
-0.58183 -0.266552 0.33082 
0.400795 -0.504304 0.485867 
-0.581535 -0.26719 0.331449 
0.400795 -0.504304 0.485867 
-0.581504 -0.266661 0.331177 
0.400795 -0.504304 0.485867 
-0.581693 -0.266013 0.330666 
0.400795 -0.504304 0.485867 
-0.582267 -0.267363 0.330686 
0.400795 -0.504304 0.485867 
-0.582006 -0.267462 0.331213 
0.400795 -0.504304 0.485867 
-0.608599 -0.219376 0.383701 
0.400795 -0.504304 0.485867 
