-0.592021 -0.192788 0.479356 
0.400795 -0.504304 0.485867 
-0.592022 -0.192788 0.479357 
0.400795 -0.504304 0.485867 
-0.592022 -0.192788 0.479357 
0.400795 -0.504304 0.485867 
-0.587085 -0.216937 0.456571 
0.400795 -0.504304 0.485867 
-0.588921 -0.238316 0.434149 
0.400795 -0.504304 0.485867 
-0.595426 -0.255635 0.414242 
0.400795 -0.504304 0.485867 
-0.604267 -0.268916 0.397662 
0.400795 -0.504304 0.485867 
-0.602872 -0.270107 0.401055 
0.400795 -0.504304 0.485867 
-0.600185 -0.267898 0.408533 
0.400795 -0.504304 0.485867 
-0.598954 -0.265625 0.414501 
0.400795 -0.504304 0.485867 
-0.598554 -0.263631 0.418942 
0.400795 -0.504304 0.485867 
-0.598529 -0.262188 0.421821 
0.400795 -0.504304 0.485867 
-0.598574 -0.261516 0.423076 
0.400795 -0.504304 0.485867 
-0.598574 -0.261516 0.423076 
0.400795 -0.504304 0.485867 
-0.598574 -0.261516 0.423076 
0.400795 -0.504304 0.485867 
-0.598574 -0.261516 0.423076 
0.400795 -0.504304 0.485867 
-0.598574 -0.261516 0.423076 
0.400795 -0.504304 0.485867 
-0.598574 -0.261516 0.423076 
0.400795 -0.504304 0.485867 
-0.598496 -0.261435 0.422954 
0.400795 -0.504304 0.485867 
-0.598254 -0.261075 0.422918 
0.400795 -0.504304 0.485867 
-0.597888 -0.26053 0.422945 
0.400795 -0.504304 0.485867 
-0.597425 -0.259693 0.423032 
0.400795 -0.504304 0.485867 
-0.596865 -0.258546 0.423155 
0.400795 -0.504304 0.485867 
-0.596252 -0.257037 0.423047 
0.400795 -0.504304 0.485867 
-0.595688 -0.255137 0.422792 
0.400795 -0.504304 0.485867 
-0.595172 -0.252979 0.422722 
0.400795 -0.504304 0.485867 
-0.594677 -0.250532 0.422678 
0.400795 -0.504304 0.485867 
-0.594158 -0.247712 0.422582 
0.400795 -0.504304 0.485867 
-0.593631 -0.244682 0.422521 
0.400795 -0.504304 0.485867 
-0.593267 -0.241765 0.422341 
0.400795 -0.504304 0.485867 
-0.593083 -0.238939 0.422245 
0.400795 -0.504304 0.485867 
-0.593023 -0.236168 0.422122 
0.400795 -0.504304 0.485867 
-0.593121 -0.233516 0.421844 
0.400795 -0.504304 0.485867 
-0.593365 -0.231063 0.42158 
0.400795 -0.504304 0.485867 
-0.593634 -0.228867 0.421558 
0.400795 -0.504304 0.485867 
-0.593871 -0.226937 0.421526 
0.400795 -0.504304 0.485867 
-0.594069 -0.225156 0.421365 
0.400795 -0.504304 0.485867 
-0.594269 -0.223709 0.421286 
0.400795 -0.504304 0.485867 
-0.594526 -0.222543 0.42126 
0.400795 -0.504304 0.485867 
-0.594793 -0.221412 0.421423 
0.400795 -0.504304 0.485867 
-0.595042 -0.220369 0.421568 
0.400795 -0.504304 0.485867 
-0.595302 -0.219497 0.421706 
0.400795 -0.504304 0.485867 
-0.595551 -0.218603 0.422204 
0.400795 -0.504304 0.485867 
-0.59568 -0.217631 0.42291 
0.400795 -0.504304 0.485867 
-0.595728 -0.216545 0.423237 
0.400795 -0.504304 0.485867 
-0.595802 -0.215338 0.42341 
0.400795 -0.504304 0.485867 
-0.595956 -0.213963 0.423806 
0.400795 -0.504304 0.485867 
-0.596213 -0.212492 0.42434 
0.400795 -0.504304 0.485867 
-0.596504 -0.210932 0.42495 
0.400795 -0.504304 0.485867 
-0.596782 -0.209258 0.425747 
0.400795 -0.504304 0.485867 
-0.597056 -0.20746 0.426631 
0.400795 -0.504304 0.485867 
-0.597332 -0.205373 0.427606 
0.400795 -0.504304 0.485867 
-0.597606 -0.202848 0.428434 
0.400795 -0.504304 0.485867 
-0.59791 -0.200161 0.42897 
0.400795 -0.504304 0.485867 
-0.598365 -0.197312 0.429716 
0.400795 -0.504304 0.485867 
-0.59895 -0.194258 0.430718 
0.400795 -0.504304 0.485867 
-0.599521 -0.191189 0.431544 
0.400795 -0.504304 0.485867 
-0.600051 -0.188109 0.432173 
0.400795 -0.504304 0.485867 
-0.60056 -0.185072 0.43271 
0.400795 -0.504304 0.485867 
-0.601071 -0.181944 0.433084 
0.400795 -0.504304 0.485867 
-0.601532 -0.178789 0.433201 
0.400795 -0.504304 0.485867 
-0.601946 -0.175627 0.432944 
0.400795 -0.504304 0.485867 
-0.602314 -0.172787 0.432496 
0.400795 -0.504304 0.485867 
-0.602686 -0.170343 0.432008 
0.400795 -0.504304 0.485867 
-0.603076 -0.168211 0.431539 
0.400795 -0.504304 0.485867 
-0.603412 -0.166313 0.430975 
0.400795 -0.504304 0.485867 
-0.603715 -0.164668 0.430482 
0.400795 -0.504304 0.485867 
-0.604004 -0.163218 0.429983 
0.400795 -0.504304 0.485867 
-0.604308 -0.161821 0.429411 
0.400795 -0.504304 0.485867 
-0.604639 -0.160502 0.428802 
0.400795 -0.504304 0.485867 
-0.605093 -0.159329 0.428197 
0.400795 -0.504304 0.485867 
-0.605675 -0.158283 0.427704 
0.400795 -0.504304 0.485867 
-0.606329 -0.15728 0.427365 
0.400795 -0.504304 0.485867 
-0.607011 -0.156326 0.427118 
0.400795 -0.504304 0.485867 
-0.607721 -0.155406 0.426925 
0.400795 -0.504304 0.485867 
-0.608434 -0.154639 0.426878 
0.400795 -0.504304 0.485867 
-0.609174 -0.153935 0.426889 
0.400795 -0.504304 0.485867 
-0.609882 -0.153256 0.426939 
0.400795 -0.504304 0.485867 
-0.610519 -0.152579 0.427001 
0.400795 -0.504304 0.485867 
-0.611079 -0.151957 0.427002 
0.400795 -0.504304 0.485867 
-0.611557 -0.151418 0.426986 
0.400795 -0.504304 0.485867 
-0.611915 -0.151028 0.427017 
0.400795 -0.504304 0.485867 
-0.612165 -0.150807 0.427146 
0.400795 -0.504304 0.485867 
-0.61234 -0.150814 0.427326 
0.400795 -0.504304 0.485867 
-0.612421 -0.15097 0.427583 
0.400795 -0.504304 0.485867 
-0.612363 -0.151321 0.427839 
0.400795 -0.504304 0.485867 
-0.612121 -0.151865 0.428087 
0.400795 -0.504304 0.485867 
-0.611697 -0.152632 0.428363 
0.400795 -0.504304 0.485867 
-0.611187 -0.153639 0.428658 
0.400795 -0.504304 0.485867 
