-0.587733 -0.194091 0.435148 
0.400795 -0.504304 0.485867 
-0.587733 -0.194091 0.435148 
0.400795 -0.504304 0.485867 
-0.587156 -0.193984 0.436084 
0.400795 -0.504304 0.485867 
-0.588643 -0.191733 0.434594 
0.400795 -0.504304 0.485867 
-0.589179 -0.190312 0.434076 
0.400795 -0.504304 0.485867 
-0.590458 -0.18923 0.433402 
0.400795 -0.504304 0.485867 
-0.591707 -0.187974 0.432307 
0.400795 -0.504304 0.485867 
-0.592684 -0.186954 0.431618 
0.400795 -0.504304 0.485867 
-0.593687 -0.185884 0.430903 
0.400795 -0.504304 0.485867 
-0.594662 -0.1848 0.430109 
0.400795 -0.504304 0.485867 
-0.595604 -0.18379 0.429615 
0.400795 -0.504304 0.485867 
-0.596557 -0.182583 0.428626 
0.400795 -0.504304 0.485867 
-0.597394 -0.181299 0.427748 
0.400795 -0.504304 0.485867 
-0.598165 -0.180251 0.426834 
0.400795 -0.504304 0.485867 
-0.598822 -0.179141 0.425979 
0.400795 -0.504304 0.485867 
-0.599579 -0.177799 0.425164 
0.400795 -0.504304 0.485867 
-0.600261 -0.176768 0.424208 
0.400795 -0.504304 0.485867 
-0.60088 -0.175627 0.423522 
0.400795 -0.504304 0.485867 
-0.601482 -0.174549 0.422412 
0.400795 -0.504304 0.485867 
-0.602075 -0.173561 0.42133 
0.400795 -0.504304 0.485867 
-0.602758 -0.172378 0.420005 
0.400795 -0.504304 0.485867 
-0.603257 -0.171579 0.419276 
0.400795 -0.504304 0.485867 
-0.603762 -0.170613 0.418897 
0.400795 -0.504304 0.485867 
-0.604285 -0.16991 0.417991 
0.400795 -0.504304 0.485867 
-0.604898 -0.168834 0.417198 
0.400795 -0.504304 0.485867 
-0.605504 -0.167926 0.416258 
0.400795 -0.504304 0.485867 
-0.605966 -0.167155 0.415639 
0.400795 -0.504304 0.485867 
-0.606496 -0.166485 0.415286 
0.400795 -0.504304 0.485867 
-0.607735 -0.164866 0.413689 
0.400795 -0.504304 0.485867 
-0.608867 -0.163499 0.412503 
0.400795 -0.504304 0.485867 
-0.609964 -0.162004 0.411169 
0.400795 -0.504304 0.485867 
-0.610973 -0.160696 0.410162 
0.400795 -0.504304 0.485867 
-0.611768 -0.15958 0.409222 
0.400795 -0.504304 0.485867 
-0.612543 -0.158453 0.40868 
0.400795 -0.504304 0.485867 
-0.613256 -0.157484 0.407638 
0.400795 -0.504304 0.485867 
-0.613784 -0.156673 0.407169 
0.400795 -0.504304 0.485867 
-0.614149 -0.156206 0.406534 
0.400795 -0.504304 0.485867 
-0.614405 -0.155911 0.406718 
0.400795 -0.504304 0.485867 
-0.614655 -0.155831 0.406564 
0.400795 -0.504304 0.485867 
-0.614785 -0.155824 0.406758 
0.400795 -0.504304 0.485867 
-0.614805 -0.15608 0.407221 
0.400795 -0.504304 0.485867 
-0.614859 -0.156353 0.407454 
0.400795 -0.504304 0.485867 
-0.614798 -0.156843 0.408081 
0.400795 -0.504304 0.485867 
-0.614577 -0.157646 0.408955 
0.400795 -0.504304 0.485867 
-0.614352 -0.15884 0.409741 
0.400795 -0.504304 0.485867 
-0.614054 -0.15975 0.410729 
0.400795 -0.504304 0.485867 
-0.613702 -0.160971 0.411582 
0.400795 -0.504304 0.485867 
-0.613265 -0.16253 0.412913 
0.400795 -0.504304 0.485867 
-0.61286 -0.164188 0.414289 
0.400795 -0.504304 0.485867 
-0.612412 -0.166254 0.415454 
0.400795 -0.504304 0.485867 
-0.611949 -0.168253 0.416952 
0.400795 -0.504304 0.485867 
-0.611454 -0.170523 0.418673 
0.400795 -0.504304 0.485867 
-0.61098 -0.172824 0.419878 
0.400795 -0.504304 0.485867 
-0.610509 -0.175246 0.421302 
0.400795 -0.504304 0.485867 
-0.609998 -0.177844 0.42268 
0.400795 -0.504304 0.485867 
-0.609482 -0.180659 0.424332 
0.400795 -0.504304 0.485867 
-0.609024 -0.183314 0.425936 
0.400795 -0.504304 0.485867 
-0.608506 -0.186278 0.427464 
0.400795 -0.504304 0.485867 
-0.608067 -0.189177 0.42869 
0.400795 -0.504304 0.485867 
-0.607702 -0.191966 0.429957 
0.400795 -0.504304 0.485867 
-0.60737 -0.194931 0.431201 
0.400795 -0.504304 0.485867 
-0.607062 -0.197932 0.432311 
0.400795 -0.504304 0.485867 
-0.606796 -0.200741 0.43314 
0.400795 -0.504304 0.485867 
-0.606587 -0.203762 0.434356 
0.400795 -0.504304 0.485867 
-0.606501 -0.206564 0.435365 
0.400795 -0.504304 0.485867 
-0.606431 -0.209637 0.436259 
0.400795 -0.504304 0.485867 
-0.606331 -0.212726 0.437054 
0.400795 -0.504304 0.485867 
-0.606391 -0.215802 0.437943 
0.400795 -0.504304 0.485867 
-0.606383 -0.218803 0.438542 
0.400795 -0.504304 0.485867 
-0.606482 -0.22183 0.439095 
0.400795 -0.504304 0.485867 
-0.606634 -0.224676 0.439565 
0.400795 -0.504304 0.485867 
-0.606866 -0.227339 0.440419 
0.400795 -0.504304 0.485867 
-0.607048 -0.229872 0.440752 
0.400795 -0.504304 0.485867 
-0.607213 -0.232577 0.441108 
0.400795 -0.504304 0.485867 
-0.607377 -0.235098 0.441217 
0.400795 -0.504304 0.485867 
-0.607586 -0.237927 0.441211 
0.400795 -0.504304 0.485867 
-0.607783 -0.240014 0.440849 
0.400795 -0.504304 0.485867 
-0.608057 -0.242828 0.440882 
0.400795 -0.504304 0.485867 
-0.608247 -0.244632 0.440831 
0.400795 -0.504304 0.485867 
-0.608565 -0.246651 0.44107 
0.400795 -0.504304 0.485867 
-0.608859 -0.248733 0.440887 
0.400795 -0.504304 0.485867 
-0.609219 -0.250873 0.441034 
0.400795 -0.504304 0.485867 
-0.609555 -0.252869 0.440872 
0.400795 -0.504304 0.485867 
-0.610017 -0.254919 0.440684 
0.400795 -0.504304 0.485867 
-0.610475 -0.257134 0.440637 
0.400795 -0.504304 0.485867 
-0.610787 -0.26003 0.440021 
0.400795 -0.504304 0.485867 
-0.61082 -0.259888 0.439855 
0.400795 -0.504304 0.485867 
-0.611241 -0.261658 0.439894 
0.400795 -0.504304 0.485867 
-0.611634 -0.263309 0.439588 
0.400795 -0.504304 0.485867 
-0.612039 -0.265023 0.439621 
0.400795 -0.504304 0.485867 
-0.612352 -0.266308 0.439344 
0.400795 -0.504304 0.485867 
-0.612617 -0.267406 0.43928 
0.400795 -0.504304 0.485867 
-0.612885 -0.268394 0.439079 
0.400795 -0.504304 0.485867 
-0.613097 -0.269124 0.439179 
0.400795 -0.504304 0.485867 
-0.61332 -0.269956 0.439125 
0.400795 -0.504304 0.485867 
-0.613501 -0.270579 0.439093 
0.400795 -0.504304 0.485867 
-0.613607 -0.271006 0.439194 
0.400795 -0.504304 0.485867 
-0.613706 -0.271492 0.439075 
0.400795 -0.504304 0.485867 
-0.613889 -0.272041 0.439175 
0.400795 -0.504304 0.485867 
-0.614071 -0.272217 0.439196 
0.400795 -0.504304 0.485867 
-0.614226 -0.272618 0.439293 
0.400795 -0.504304 0.485867 
-0.61435 -0.272617 0.43935 
0.400795 -0.504304 0.485867 
-0.614432 -0.272855 0.439306 
0.400795 -0.504304 0.485867 
-0.614496 -0.272787 0.439374 
0.400795 -0.504304 0.485867 
-0.614495 -0.272692 0.43921 
0.400795 -0.504304 0.485867 
-0.614526 -0.272658 0.439222 
0.400795 -0.504304 0.485867 
-0.614507 -0.272418 0.439114 
0.400795 -0.504304 0.485867 
-0.614624 -0.27271 0.43907 
0.400795 -0.504304 0.485867 
-0.614673 -0.272737 0.439023 
0.400795 -0.504304 0.485867 
-0.614718 -0.272886 0.438942 
0.400795 -0.504304 0.485867 
-0.614715 -0.272955 0.438612 
0.400795 -0.504304 0.485867 
-0.614756 -0.273187 0.438404 
0.400795 -0.504304 0.485867 
-0.61484 -0.273437 0.438221 
0.400795 -0.504304 0.485867 
-0.614974 -0.273806 0.438119 
0.400795 -0.504304 0.485867 
-0.615105 -0.274229 0.437862 
0.400795 -0.504304 0.485867 
-0.615347 -0.274855 0.437707 
0.400795 -0.504304 0.485867 
-0.615609 -0.27565 0.437316 
0.400795 -0.504304 0.485867 
-0.61595 -0.276623 0.436931 
0.400795 -0.504304 0.485867 
-0.616234 -0.277444 0.43669 
0.400795 -0.504304 0.485867 
-0.616733 -0.278729 0.436554 
0.400795 -0.504304 0.485867 
-0.617215 -0.279958 0.436318 
0.400795 -0.504304 0.485867 
-0.618092 -0.281996 0.436527 
0.400795 -0.504304 0.485867 
-0.618981 -0.283995 0.436874 
0.400795 -0.504304 0.485867 
-0.619949 -0.285585 0.436692 
0.400795 -0.504304 0.485867 
-0.620774 -0.287163 0.436438 
0.400795 -0.504304 0.485867 
-0.621648 -0.288709 0.436206 
0.400795 -0.504304 0.485867 
-0.622608 -0.290603 0.436118 
0.400795 -0.504304 0.485867 
-0.623685 -0.292605 0.43581 
0.400795 -0.504304 0.485867 
-0.624737 -0.294424 0.435651 
0.400795 -0.504304 0.485867 
-0.625761 -0.296379 0.435388 
0.400795 -0.504304 0.485867 
-0.626918 -0.298502 0.43497 
0.400795 -0.504304 0.485867 
-0.627932 -0.300345 0.434502 
0.400795 -0.504304 0.485867 
-0.628935 -0.301957 0.434156 
0.400795 -0.504304 0.485867 
-0.629872 -0.303563 0.433601 
0.400795 -0.504304 0.485867 
-0.630783 -0.305306 0.43325 
0.400795 -0.504304 0.485867 
-0.631833 -0.306736 0.433351 
0.400795 -0.504304 0.485867 
-0.632758 -0.308134 0.433141 
0.400795 -0.504304 0.485867 
-0.633713 -0.309649 0.432827 
0.400795 -0.504304 0.485867 
-0.634286 -0.310871 0.432747 
0.400795 -0.504304 0.485867 
-0.634815 -0.311895 0.43248 
0.400795 -0.504304 0.485867 
-0.635165 -0.312853 0.432151 
0.400795 -0.504304 0.485867 
-0.635463 -0.313542 0.431998 
0.400795 -0.504304 0.485867 
-0.635693 -0.314231 0.431823 
0.400795 -0.504304 0.485867 
-0.6359 -0.314806 0.431443 
0.400795 -0.504304 0.485867 
-0.635906 -0.315159 0.431627 
0.400795 -0.504304 0.485867 
-0.635419 -0.315099 0.430917 
0.400795 -0.504304 0.485867 
-0.634762 -0.314743 0.430394 
0.400795 -0.504304 0.485867 
-0.633812 -0.314039 0.429461 
0.400795 -0.504304 0.485867 
-0.632886 -0.313593 0.42895 
0.400795 -0.504304 0.485867 
-0.631906 -0.312995 0.428728 
0.400795 -0.504304 0.485867 
-0.631068 -0.312543 0.428607 
0.400795 -0.504304 0.485867 
-0.629863 -0.31132 0.428293 
0.400795 -0.504304 0.485867 
-0.628736 -0.310384 0.428244 
0.400795 -0.504304 0.485867 
-0.627299 -0.309352 0.428091 
0.400795 -0.504304 0.485867 
-0.625898 -0.308234 0.427947 
0.400795 -0.504304 0.485867 
-0.624401 -0.306971 0.427941 
0.400795 -0.504304 0.485867 
-0.622969 -0.305792 0.427517 
0.400795 -0.504304 0.485867 
-0.621456 -0.30437 0.427286 
0.400795 -0.504304 0.485867 
-0.619873 -0.302553 0.427125 
0.400795 -0.504304 0.485867 
-0.618317 -0.300832 0.426631 
0.400795 -0.504304 0.485867 
-0.61644 -0.299189 0.426175 
0.400795 -0.504304 0.485867 
