-0.635303 -0.242758 0.372495 
0.400795 -0.504304 0.485867 
-0.624849 -0.237116 0.368961 
0.400795 -0.504304 0.485867 
-0.631767 -0.242068 0.3726 
0.400795 -0.504304 0.485867 
-0.63372 -0.243418 0.373559 
0.400795 -0.504304 0.485867 
-0.634689 -0.244561 0.373557 
0.400795 -0.504304 0.485867 
-0.634653 -0.244785 0.373517 
0.400795 -0.504304 0.485867 
-0.632961 -0.243971 0.374334 
0.400795 -0.504304 0.485867 
-0.629852 -0.243203 0.376031 
0.400795 -0.504304 0.485867 
-0.626138 -0.241545 0.377052 
0.400795 -0.504304 0.485867 
-0.622644 -0.23999 0.378137 
0.400795 -0.504304 0.485867 
-0.62017 -0.238764 0.379594 
0.400795 -0.504304 0.485867 
-0.618264 -0.238452 0.379648 
0.400795 -0.504304 0.485867 
-0.61665 -0.237584 0.379869 
0.400795 -0.504304 0.485867 
-0.615176 -0.236666 0.380556 
0.400795 -0.504304 0.485867 
-0.613361 -0.236229 0.380914 
0.400795 -0.504304 0.485867 
-0.610581 -0.235022 0.381804 
0.400795 -0.504304 0.485867 
-0.608046 -0.234143 0.382448 
0.400795 -0.504304 0.485867 
-0.605444 -0.232616 0.382854 
0.400795 -0.504304 0.485867 
-0.602976 -0.23147 0.383372 
0.400795 -0.504304 0.485867 
-0.601456 -0.230664 0.383272 
0.400795 -0.504304 0.485867 
-0.600968 -0.230125 0.382732 
0.400795 -0.504304 0.485867 
-0.601171 -0.230004 0.382279 
0.400795 -0.504304 0.485867 
-0.45805 -0.16486 0.48415 
0.400795 -0.504304 0.485867 
-0.45805 -0.16486 0.48415 
0.400795 -0.504304 0.485867 
-0.59986 -0.230279 0.386905 
0.400795 -0.504304 0.485867 
