-0.638333 -0.283506 0.379233 
0.378833 -0.508818 0.421653 
-0.638333 -0.283506 0.379233 
0.373466 -0.51293 0.425425 
-0.638876 -0.283425 0.379715 
0.371259 -0.51598 0.427879 
-0.639289 -0.283992 0.379942 
0.370311 -0.516744 0.42789 
-0.639527 -0.284657 0.379621 
0.369895 -0.51613 0.429182 
-0.639173 -0.284351 0.379427 
0.369842 -0.516654 0.428111 
-0.637391 -0.283585 0.38014 
0.370159 -0.517086 0.427456 
-0.63448 -0.282738 0.381331 
0.370507 -0.517813 0.428142 
-0.630567 -0.281401 0.382633 
0.370915 -0.518804 0.426219 
-0.627417 -0.280352 0.383649 
0.371491 -0.51972 0.427049 
-0.624946 -0.279531 0.384463 
0.3716 -0.520541 0.426237 
-0.622961 -0.278873 0.38512 
0.371686 -0.520939 0.425556 
-0.621326 -0.278331 0.385654 
0.371593 -0.52126 0.426327 
-0.619958 -0.277872 0.386093 
0.371467 -0.521434 0.426388 
-0.618027 -0.277248 0.38675 
0.371585 -0.523163 0.425953 
-0.615304 -0.276445 0.387663 
0.371615 -0.524817 0.424293 
-0.612538 -0.275431 0.388475 
0.37168 -0.525929 0.425076 
-0.60977 -0.274407 0.389485 
0.371742 -0.526357 0.42512 
-0.607238 -0.273693 0.390369 
0.371662 -0.527709 0.425224 
-0.605506 -0.273085 0.390879 
0.371206 -0.528236 0.426335 
-0.604591 -0.272779 0.391054 
0.370362 -0.527947 0.425512 
-0.604593 -0.272781 0.391048 
0.369686 -0.529149 0.423974 
-0.45805 -0.16486 0.48415 
0.369935 -0.528808 0.424392 
-0.531439 -0.218688 0.437821 
0.36286 -0.520437 0.396591 
-0.531439 -0.218688 0.437821 
0.362269 -0.520969 0.391956 
-0.531439 -0.218688 0.437821 
0.362035 -0.520201 0.402806 
-0.531439 -0.218688 0.437821 
0.364706 -0.520461 0.40582 
-0.531439 -0.218688 0.437821 
0.368144 -0.52059 0.40884 
-0.531439 -0.218688 0.437821 
0.371563 -0.520657 0.413169 
-0.531439 -0.218688 0.437821 
0.375511 -0.520217 0.417908 
-0.531439 -0.218688 0.437821 
0.379487 -0.520053 0.420183 
-0.531439 -0.218688 0.437821 
0.383934 -0.519918 0.425854 
-0.531439 -0.218688 0.437821 
0.388501 -0.519147 0.43181 
-0.531439 -0.218688 0.437821 
0.393002 -0.518986 0.435165 
-0.531439 -0.218688 0.437821 
0.397746 -0.51904 0.437997 
-0.531439 -0.218688 0.437821 
0.402661 -0.517772 0.441626 
-0.531439 -0.218688 0.437821 
0.406855 -0.517333 0.444645 
-0.531439 -0.218688 0.437821 
0.410319 -0.517269 0.446141 
-0.531439 -0.218688 0.437821 
0.412624 -0.517183 0.447934 
-0.531439 -0.218688 0.437821 
0.413318 -0.518107 0.447015 
-0.531439 -0.218688 0.437821 
0.413237 -0.517703 0.445014 
-0.531439 -0.218688 0.437821 
0.412746 -0.517962 0.444299 
-0.531439 -0.218688 0.437821 
0.412158 -0.517921 0.443725 
-0.531439 -0.218688 0.437821 
0.411863 -0.518426 0.445167 
-0.531439 -0.218688 0.437821 
0.411192 -0.518964 0.44416 
-0.531439 -0.218688 0.437821 
0.411109 -0.519173 0.443558 
-0.60456 -0.270255 0.384587 
0.428642 -0.521139 0.475025 
-0.60456 -0.270255 0.384587 
0.426536 -0.514461 0.473167 
-0.60456 -0.270255 0.384584 
0.426803 -0.51262 0.474114 
-0.604559 -0.270247 0.384569 
0.426919 -0.512071 0.474819 
-0.604561 -0.270252 0.384571 
0.427029 -0.511996 0.475746 
-0.604562 -0.270246 0.384548 
0.426518 -0.512463 0.475201 
-0.604563 -0.270243 0.384523 
0.425547 -0.513144 0.474158 
-0.604565 -0.270246 0.38452 
0.4241 -0.51258 0.473579 
-0.604559 -0.270252 0.384552 
0.422282 -0.512446 0.47284 
-0.604535 -0.270226 0.384564 
0.42073 -0.513022 0.473327 
-0.604507 -0.2702 0.384597 
0.418275 -0.513198 0.472637 
-0.604465 -0.270137 0.384576 
0.416082 -0.513505 0.472257 
-0.604437 -0.270112 0.384602 
0.413377 -0.513092 0.471138 
-0.60443 -0.270119 0.384648 
0.411232 -0.513554 0.470167 
-0.604429 -0.270122 0.384653 
0.409379 -0.514741 0.469446 
-0.604429 -0.270141 0.384701 
0.408271 -0.514907 0.470436 
-0.604428 -0.270137 0.38469 
0.405882 -0.515355 0.469892 
-0.604425 -0.270145 0.384725 
0.403473 -0.515349 0.468404 
-0.604422 -0.270153 0.384767 
0.402121 -0.515496 0.468396 
-0.604419 -0.270159 0.384797 
0.40046 -0.51643 0.468376 
-0.604415 -0.270166 0.38484 
0.399176 -0.516483 0.467576 
-0.604422 -0.270178 0.384843 
0.398541 -0.516757 0.466817 
-0.604444 -0.270215 0.384865 
0.398688 -0.516909 0.466594 
-0.604476 -0.270265 0.38487 
0.398655 -0.517112 0.46644 
-0.604517 -0.270331 0.384911 
0.399248 -0.51756 0.467229 
-0.604534 -0.270356 0.384917 
0.399517 -0.518013 0.467742 
-0.604518 -0.270322 0.384921 
0.399911 -0.518412 0.468115 
-0.604484 -0.270268 0.384994 
0.399557 -0.51814 0.467615 
-0.60446 -0.270227 0.385041 
0.399277 -0.518306 0.467136 
-0.604445 -0.270214 0.385093 
0.398903 -0.518812 0.466597 
-0.604913 -0.270921 0.385916 
0.397736 -0.519278 0.464627 
-0.604913 -0.270921 0.385916 
0.397579 -0.519122 0.464473 
-0.605903 -0.27052 0.385317 
0.397602 -0.519053 0.464695 
-0.60738 -0.270206 0.384476 
0.397949 -0.519001 0.465625 
-0.609339 -0.270078 0.383558 
0.397975 -0.519495 0.464999 
-0.611438 -0.269896 0.382565 
0.397969 -0.519558 0.464951 
-0.613543 -0.269697 0.381553 
0.398301 -0.519484 0.466049 
-0.615485 -0.269508 0.380608 
0.398231 -0.519702 0.465571 
-0.61737 -0.269383 0.379504 
0.398116 -0.519361 0.465286 
-0.619207 -0.269282 0.378282 
0.398276 -0.519369 0.465529 
-0.621063 -0.269278 0.37699 
0.398232 -0.519352 0.465419 
-0.622929 -0.26928 0.375625 
0.397943 -0.520013 0.464459 
-0.62477 -0.269272 0.374314 
0.397951 -0.520156 0.464332 
-0.626153 -0.269053 0.373125 
0.398162 -0.520033 0.464901 
-0.625778 -0.26875 0.372459 
0.398458 -0.519852 0.465745 
-0.624498 -0.26811 0.37223 
0.398222 -0.51955 0.465457 
-0.622716 -0.267292 0.372118 
0.39803 -0.519616 0.465218 
-0.620506 -0.266388 0.372162 
0.398192 -0.519908 0.465537 
-0.618292 -0.265517 0.372225 
0.398059 -0.520008 0.464608 
-0.615493 -0.262087 0.371026 
0.398003 -0.520097 0.464461 
-0.61299 -0.257016 0.369182 
0.397964 -0.519648 0.464599 
-0.611292 -0.251242 0.367444 
0.398031 -0.5199 0.464656 
-0.619785 -0.239536 0.36121 
0.39798 -0.519878 0.464737 
-0.619665 -0.234587 0.360657 
0.39782 -0.519728 0.464656 
-0.61699 -0.230516 0.360674 
0.397914 -0.519276 0.465314 
-0.614384 -0.22624 0.359642 
0.397705 -0.519356 0.464815 
-0.612769 -0.222395 0.358428 
0.397891 -0.519472 0.464676 
-0.612109 -0.219581 0.357429 
0.398064 -0.519328 0.46513 
-0.611553 -0.21704 0.356086 
0.397968 -0.519299 0.465126 
-0.610563 -0.214483 0.354673 
0.397851 -0.519162 0.464671 
-0.609493 -0.213672 0.352992 
0.397665 -0.519153 0.464209 
-0.60855 -0.212809 0.351877 
0.39776 -0.519524 0.46426 
-0.607714 -0.216515 0.35272 
0.397726 -0.520473 0.463445 
-0.606945 -0.221091 0.354118 
0.398138 -0.521131 0.464013 
-0.605489 -0.226175 0.355411 
0.398443 -0.521653 0.464274 
-0.603851 -0.231727 0.356191 
0.39857 -0.522036 0.464204 
-0.602209 -0.235923 0.357687 
0.398754 -0.522017 0.465444 
-0.600721 -0.240295 0.359167 
0.398802 -0.522274 0.465908 
-0.599368 -0.244881 0.360427 
0.398749 -0.522491 0.465785 
-0.598224 -0.2494 0.361291 
0.398718 -0.522326 0.466051 
-0.59761 -0.252857 0.361628 
0.398768 -0.522673 0.466 
-0.597266 -0.255739 0.36174 
0.399026 -0.522954 0.466082 
-0.597079 -0.258833 0.362735 
0.399625 -0.523049 0.467432 
-0.597072 -0.262957 0.362892 
0.399774 -0.523422 0.467397 
-0.597288 -0.267949 0.362922 
0.400102 -0.523398 0.46799 
-0.597823 -0.277038 0.359932 
0.399964 -0.521767 0.470465 
-0.598676 -0.275375 0.358614 
0.40138 -0.528 0.470424 
-0.598972 -0.280654 0.358534 
0.402564 -0.530897 0.471091 
-0.598787 -0.28582 0.358652 
0.403531 -0.531126 0.47232 
-0.599159 -0.291095 0.357845 
0.40381 -0.530243 0.472015 
-0.59975 -0.295254 0.356733 
0.404972 -0.530451 0.472973 
-0.600152 -0.299067 0.355769 
0.405708 -0.529869 0.473499 
-0.600935 -0.303707 0.354481 
0.406144 -0.52994 0.472903 
-0.601988 -0.306895 0.352616 
0.406536 -0.529737 0.472239 
-0.603337 -0.309209 0.350052 
0.40726 -0.529924 0.47327 
-0.604586 -0.310911 0.347328 
0.407368 -0.529584 0.473028 
-0.60565 -0.311677 0.344748 
0.407019 -0.529776 0.473119 
-0.605847 -0.31153 0.343361 
0.406653 -0.52987 0.473838 
-0.600818 -0.318561 0.351544 
0.406196 -0.530651 0.473823 
-0.599929 -0.318685 0.351897 
0.405619 -0.530091 0.47435 
-0.599482 -0.318634 0.351917 
0.404502 -0.529781 0.474311 
-0.599507 -0.318564 0.351861 
0.401125 -0.530222 0.474604 
-0.5995 -0.31858 0.351898 
0.396147 -0.531121 0.474353 
-0.599494 -0.318592 0.351925 
0.39178 -0.532617 0.473104 
-0.599484 -0.3186 0.351959 
0.387209 -0.533602 0.472918 
-0.600419 -0.317739 0.354109 
0.383027 -0.534421 0.471879 
-0.601818 -0.31546 0.356743 
0.379491 -0.535011 0.471957 
-0.603314 -0.312243 0.359128 
0.376326 -0.535012 0.470857 
-0.644336 -0.270985 0.375457 
0.372405 -0.511141 0.441891 
