-0.603849 -0.226298 0.38093 
0.400795 -0.504304 0.485867 
-0.60385 -0.226299 0.38093 
0.400795 -0.504304 0.485867 
-0.603827 -0.226257 0.380661 
0.400795 -0.504304 0.485867 
-0.603787 -0.226154 0.38077 
0.400795 -0.504304 0.485867 
-0.603764 -0.226203 0.380819 
0.400795 -0.504304 0.485867 
-0.603888 -0.226224 0.380616 
0.400795 -0.504304 0.485867 
-0.603844 -0.226254 0.380654 
0.400795 -0.504304 0.485867 
-0.603781 -0.226142 0.380882 
0.400795 -0.504304 0.485867 
-0.603882 -0.226109 0.380689 
0.400795 -0.504304 0.485867 
-0.603659 -0.226311 0.381007 
0.400795 -0.504304 0.485867 
-0.603758 -0.226112 0.380896 
0.400795 -0.504304 0.485867 
-0.603845 -0.22624 0.380743 
0.400795 -0.504304 0.485867 
-0.603945 -0.22616 0.380498 
0.400795 -0.504304 0.485867 
-0.603798 -0.226101 0.380711 
0.400795 -0.504304 0.485867 
-0.603857 -0.226205 0.380561 
0.400795 -0.504304 0.485867 
