-0.637315 -0.240489 0.372705 
0.381649 -0.483266 0.43892 
-0.637315 -0.240489 0.372705 
0.383955 -0.487692 0.443675 
-0.637002 -0.241767 0.374169 
0.383159 -0.488964 0.444463 
-0.637349 -0.242441 0.374414 
0.382279 -0.489113 0.444114 
-0.637539 -0.243077 0.37402 
0.381663 -0.489033 0.44339 
-0.637025 -0.242975 0.373635 
0.381548 -0.488699 0.442874 
-0.635089 -0.241985 0.374158 
0.38203 -0.48985 0.443322 
-0.631774 -0.240763 0.375283 
0.382348 -0.490855 0.443097 
-0.627633 -0.239308 0.376664 
0.382999 -0.492214 0.442428 
-0.624007 -0.237787 0.37779 
0.383493 -0.493067 0.441614 
-0.621567 -0.236562 0.378578 
0.384017 -0.49471 0.442235 
-0.619662 -0.235776 0.379315 
0.384115 -0.495487 0.442436 
-0.618142 -0.235185 0.379714 
0.384081 -0.495976 0.442075 
-0.616814 -0.234722 0.380165 
0.384114 -0.496513 0.442877 
-0.614713 -0.233863 0.380793 
0.384129 -0.497374 0.443163 
-0.611735 -0.232856 0.381805 
0.384022 -0.49814 0.441936 
-0.609059 -0.231627 0.38248 
0.38403 -0.499098 0.441405 
-0.606557 -0.230279 0.383171 
0.383918 -0.499461 0.440754 
-0.604392 -0.229259 0.383516 
0.383888 -0.500636 0.439342 
-0.602453 -0.228331 0.383672 
0.383095 -0.500724 0.437938 
-0.601775 -0.2279 0.383305 
0.382378 -0.500708 0.437911 
-0.602544 -0.227759 0.382984 
0.382056 -0.502032 0.441038 
-0.45805 -0.16486 0.48415 
0.382149 -0.501754 0.440227 
-0.487353 -0.177691 0.463911 
0.372588 -0.494911 0.418997 
-0.487353 -0.177691 0.463911 
0.372126 -0.493901 0.419449 
-0.487353 -0.177691 0.463911 
0.372781 -0.493443 0.421962 
-0.487353 -0.177691 0.463911 
0.375212 -0.492961 0.425567 
-0.487353 -0.177691 0.463911 
0.378812 -0.493744 0.426827 
-0.487353 -0.177691 0.463911 
0.382936 -0.493784 0.430707 
-0.487353 -0.177691 0.463911 
0.387148 -0.494032 0.435345 
-0.487353 -0.177691 0.463911 
0.391483 -0.493767 0.438422 
-0.487353 -0.177691 0.463911 
0.39582 -0.493893 0.442549 
-0.487353 -0.177691 0.463911 
0.400667 -0.493691 0.446845 
-0.487353 -0.177691 0.463911 
0.405893 -0.493348 0.449777 
-0.487353 -0.177691 0.463911 
0.41081 -0.493288 0.45244 
-0.487353 -0.177691 0.463911 
0.416061 -0.493504 0.455375 
-0.487353 -0.177691 0.463911 
0.420469 -0.492985 0.457761 
-0.487353 -0.177691 0.463911 
0.424085 -0.492885 0.458088 
-0.487353 -0.177691 0.463911 
0.426582 -0.492952 0.459062 
-0.487353 -0.177691 0.463911 
0.428335 -0.493431 0.460099 
-0.487353 -0.177691 0.463911 
0.428195 -0.493418 0.458909 
-0.487353 -0.177691 0.463911 
0.427473 -0.494032 0.457979 
-0.487353 -0.177691 0.463911 
0.426665 -0.494445 0.456803 
-0.487353 -0.177691 0.463911 
0.426225 -0.495085 0.456875 
-0.487353 -0.177691 0.463911 
0.425758 -0.495066 0.457131 
-0.487353 -0.177691 0.463911 
0.425381 -0.494474 0.456031 
-0.602479 -0.228771 0.385452 
0.437575 -0.488773 0.476267 
