-0.607244 -0.225012 0.415053 
0.400795 -0.504304 0.485867 
-0.607244 -0.225012 0.415053 
0.400795 -0.504304 0.485867 
-0.608873 -0.224169 0.411519 
0.400795 -0.504304 0.485867 
-0.609852 -0.225016 0.410745 
0.400795 -0.504304 0.485867 
-0.609138 -0.226658 0.410439 
0.400795 -0.504304 0.485867 
-0.60671 -0.227397 0.410431 
0.400795 -0.504304 0.485867 
-0.604291 -0.228091 0.411389 
0.400795 -0.504304 0.485867 
-0.602847 -0.228169 0.411676 
0.400795 -0.504304 0.485867 
-0.601826 -0.228056 0.411998 
0.400795 -0.504304 0.485867 
-0.60107 -0.228186 0.411694 
0.400795 -0.504304 0.485867 
-0.60054 -0.22823 0.411467 
0.400795 -0.504304 0.485867 
-0.600145 -0.228268 0.411662 
0.400795 -0.504304 0.485867 
-0.599602 -0.228296 0.411338 
0.400795 -0.504304 0.485867 
-0.599363 -0.228251 0.411519 
0.400795 -0.504304 0.485867 
-0.598666 -0.228582 0.411328 
0.400795 -0.504304 0.485867 
-0.597407 -0.228889 0.411209 
0.400795 -0.504304 0.485867 
-0.596166 -0.22903 0.4113 
0.400795 -0.504304 0.485867 
-0.59542 -0.22901 0.411194 
0.400795 -0.504304 0.485867 
-0.595219 -0.228882 0.410909 
0.400795 -0.504304 0.485867 
-0.595399 -0.228943 0.41141 
0.400795 -0.504304 0.485867 
-0.595451 -0.228719 0.411246 
0.400795 -0.504304 0.485867 
-0.59539 -0.228835 0.410974 
0.400795 -0.504304 0.485867 
-0.595414 -0.228772 0.410919 
0.400795 -0.504304 0.485867 
-0.595456 -0.228807 0.410609 
0.400795 -0.504304 0.485867 
-0.595468 -0.228759 0.410729 
0.400795 -0.504304 0.485867 
-0.59542 -0.228741 0.410736 
0.400795 -0.504304 0.485867 
-0.595374 -0.228655 0.410642 
0.400795 -0.504304 0.485867 
-0.595456 -0.228559 0.410821 
0.400795 -0.504304 0.485867 
-0.595587 -0.228795 0.411065 
0.400795 -0.504304 0.485867 
-0.595588 -0.228655 0.411048 
0.400795 -0.504304 0.485867 
-0.595537 -0.228785 0.410955 
0.400795 -0.504304 0.485867 
-0.595625 -0.228973 0.410897 
0.400795 -0.504304 0.485867 
-0.59556 -0.229029 0.411113 
0.400795 -0.504304 0.485867 
-0.59558 -0.229106 0.411183 
0.400795 -0.504304 0.485867 
-0.595564 -0.229045 0.411063 
0.400795 -0.504304 0.485867 
-0.5956 -0.22908 0.411347 
0.400795 -0.504304 0.485867 
-0.595698 -0.229007 0.411237 
0.400795 -0.504304 0.485867 
-0.595648 -0.229024 0.411072 
0.400795 -0.504304 0.485867 
-0.595653 -0.228877 0.411078 
0.400795 -0.504304 0.485867 
-0.595602 -0.229083 0.411161 
0.400795 -0.504304 0.485867 
-0.595614 -0.228872 0.410831 
0.400795 -0.504304 0.485867 
-0.4054 -0.23257 0.48858 
0.400795 -0.504304 0.485867 
