-0.612402 -0.228273 0.383888 
0.400795 -0.504304 0.485867 
-0.612403 -0.228274 0.383887 
0.400795 -0.504304 0.485867 
-0.611504 -0.228271 0.382205 
0.400795 -0.504304 0.485867 
-0.612341 -0.228303 0.381534 
0.400795 -0.504304 0.485867 
-0.613231 -0.228684 0.380961 
0.400795 -0.504304 0.485867 
-0.612938 -0.228204 0.380543 
0.400795 -0.504304 0.485867 
-0.611251 -0.227608 0.380219 
0.400795 -0.504304 0.485867 
-0.608123 -0.226123 0.380441 
0.400795 -0.504304 0.485867 
-0.605309 -0.22472 0.380647 
0.400795 -0.504304 0.485867 
-0.603014 -0.223691 0.380993 
0.400795 -0.504304 0.485867 
-0.601737 -0.222805 0.380687 
0.400795 -0.504304 0.485867 
-0.600666 -0.222276 0.380189 
0.400795 -0.504304 0.485867 
-0.599726 -0.222045 0.379874 
0.400795 -0.504304 0.485867 
-0.59891 -0.221604 0.379796 
0.400795 -0.504304 0.485867 
-0.598409 -0.220935 0.379505 
0.400795 -0.504304 0.485867 
-0.597231 -0.220405 0.379258 
0.400795 -0.504304 0.485867 
-0.595709 -0.219515 0.378941 
0.400795 -0.504304 0.485867 
-0.593704 -0.218796 0.378891 
0.400795 -0.504304 0.485867 
-0.592185 -0.217985 0.37871 
0.400795 -0.504304 0.485867 
-0.591265 -0.217445 0.378535 
0.400795 -0.504304 0.485867 
-0.59106 -0.217335 0.378399 
0.400795 -0.504304 0.485867 
-0.591059 -0.217336 0.378403 
0.400795 -0.504304 0.485867 
-0.591059 -0.217335 0.378406 
0.400795 -0.504304 0.485867 
-0.591059 -0.217332 0.378405 
0.400795 -0.504304 0.485867 
-0.591056 -0.21733 0.378417 
0.400795 -0.504304 0.485867 
-0.591055 -0.217318 0.378411 
0.400795 -0.504304 0.485867 
-0.591057 -0.21732 0.378397 
0.400795 -0.504304 0.485867 
-0.59106 -0.217322 0.378386 
0.400795 -0.504304 0.485867 
-0.591058 -0.217317 0.378376 
0.400795 -0.504304 0.485867 
-0.591056 -0.217314 0.378375 
0.400795 -0.504304 0.485867 
-0.591053 -0.217305 0.37838 
0.400795 -0.504304 0.485867 
-0.591054 -0.217309 0.378376 
0.400795 -0.504304 0.485867 
-0.591057 -0.217316 0.378367 
0.400795 -0.504304 0.485867 
-0.591059 -0.217324 0.378362 
0.400795 -0.504304 0.485867 
-0.591064 -0.217334 0.378341 
0.400795 -0.504304 0.485867 
-0.591063 -0.217335 0.378344 
0.400795 -0.504304 0.485867 
-0.591063 -0.217341 0.378343 
0.400795 -0.504304 0.485867 
-0.591066 -0.217343 0.378334 
0.400795 -0.504304 0.485867 
-0.591069 -0.217353 0.378333 
0.400795 -0.504304 0.485867 
-0.589272 -0.214356 0.377176 
0.400795 -0.504304 0.485867 
-0.587497 -0.21127 0.375849 
0.400795 -0.504304 0.485867 
-0.585743 -0.208244 0.374435 
0.400795 -0.504304 0.485867 
-0.584085 -0.205091 0.372937 
0.400795 -0.504304 0.485867 
-0.582573 -0.201911 0.371328 
0.400795 -0.504304 0.485867 
-0.581045 -0.198674 0.369772 
0.400795 -0.504304 0.485867 
-0.579438 -0.195392 0.368145 
0.400795 -0.504304 0.485867 
-0.5779 -0.192023 0.36646 
0.400795 -0.504304 0.485867 
-0.576328 -0.188721 0.364829 
0.400795 -0.504304 0.485867 
-0.574966 -0.185334 0.363116 
0.400795 -0.504304 0.485867 
-0.574081 -0.181583 0.361201 
0.400795 -0.504304 0.485867 
-0.573462 -0.17769 0.35919 
0.400795 -0.504304 0.485867 
-0.573616 -0.174139 0.357376 
0.400795 -0.504304 0.485867 
-0.575202 -0.17252 0.356316 
0.400795 -0.504304 0.485867 
-0.577257 -0.17097 0.354823 
0.400795 -0.504304 0.485867 
-0.579212 -0.168659 0.354285 
0.400795 -0.504304 0.485867 
-0.581809 -0.165626 0.353228 
0.400795 -0.504304 0.485867 
-0.584331 -0.163277 0.352083 
0.400795 -0.504304 0.485867 
-0.58688 -0.16098 0.351164 
0.400795 -0.504304 0.485867 
-0.589815 -0.15846 0.350054 
0.400795 -0.504304 0.485867 
-0.592515 -0.156405 0.349086 
0.400795 -0.504304 0.485867 
-0.595213 -0.153985 0.34824 
0.400795 -0.504304 0.485867 
-0.59772 -0.151566 0.347742 
0.400795 -0.504304 0.485867 
-0.598867 -0.150885 0.347662 
0.400795 -0.504304 0.485867 
-0.599395 -0.150695 0.34819 
0.400795 -0.504304 0.485867 
-0.599981 -0.151293 0.348134 
0.400795 -0.504304 0.485867 
-0.599426 -0.152735 0.348926 
0.400795 -0.504304 0.485867 
-0.597655 -0.15669 0.349511 
0.400795 -0.504304 0.485867 
-0.595943 -0.159936 0.350752 
0.400795 -0.504304 0.485867 
-0.593559 -0.164931 0.351951 
0.400795 -0.504304 0.485867 
-0.591277 -0.169845 0.352927 
0.400795 -0.504304 0.485867 
-0.588974 -0.174883 0.353904 
0.400795 -0.504304 0.485867 
