-0.581471 -0.253085 0.406064 
0.37191 -0.461644 0.455282 
-0.581472 -0.253085 0.406065 
0.37191 -0.461644 0.455282 
-0.581472 -0.253085 0.406065 
0.37191 -0.461644 0.455282 
-0.583084 -0.252915 0.405053 
0.372216 -0.460888 0.455473 
-0.585018 -0.252555 0.404665 
0.373588 -0.460858 0.455833 
-0.586511 -0.252194 0.404381 
0.37499 -0.46052 0.45576 
-0.588076 -0.251862 0.404242 
0.376497 -0.460109 0.455945 
-0.589478 -0.251531 0.403839 
0.378093 -0.459694 0.456104 
-0.590792 -0.251356 0.403486 
0.379691 -0.459177 0.456256 
-0.592195 -0.251211 0.403237 
0.381078 -0.458873 0.456392 
-0.593536 -0.251086 0.402939 
0.382464 -0.458562 0.456487 
-0.594854 -0.250999 0.402553 
0.383812 -0.458233 0.456435 
-0.596297 -0.250903 0.402027 
0.385251 -0.457843 0.456364 
-0.597838 -0.250705 0.401611 
0.386599 -0.457495 0.456153 
-0.599318 -0.250544 0.401119 
0.387949 -0.457156 0.45608 
-0.600714 -0.250429 0.400753 
0.389388 -0.456787 0.456025 
-0.602028 -0.250356 0.400451 
0.390775 -0.456482 0.456012 
-0.603345 -0.250217 0.400171 
0.391985 -0.456087 0.455955 
-0.604702 -0.25001 0.399856 
0.393093 -0.455718 0.455923 
-0.605955 -0.249821 0.399626 
0.394232 -0.455441 0.455887 
-0.607128 -0.249648 0.399461 
0.395333 -0.455225 0.455968 
-0.608264 -0.249507 0.399231 
0.396429 -0.454967 0.456047 
-0.609382 -0.249388 0.399147 
0.397513 -0.454733 0.456163 
-0.610433 -0.24928 0.399007 
0.398574 -0.454519 0.45619 
-0.611404 -0.249251 0.398879 
0.399627 -0.45438 0.456187 
-0.612354 -0.249244 0.398762 
0.400648 -0.454253 0.456189 
-0.613276 -0.24928 0.398691 
0.401716 -0.454211 0.456268 
-0.614248 -0.249303 0.398598 
0.40275 -0.454152 0.456301 
-0.616442 -0.24917 0.398263 
0.40505 -0.453763 0.456398 
-0.581482 -0.253099 0.406059 
0.371906 -0.461612 0.455295 
-0.581482 -0.253099 0.406059 
0.371906 -0.461612 0.455295 
-0.583094 -0.252929 0.405047 
0.372212 -0.460856 0.455485 
-0.585028 -0.252568 0.40466 
0.373584 -0.460826 0.455846 
-0.586522 -0.252207 0.404376 
0.374986 -0.460489 0.455772 
-0.588086 -0.251875 0.404237 
0.376493 -0.460078 0.455957 
-0.589489 -0.251544 0.403834 
0.378089 -0.459663 0.456117 
-0.590803 -0.251369 0.403481 
0.379687 -0.459146 0.456268 
-0.592206 -0.251224 0.403232 
0.381075 -0.458842 0.456404 
-0.593546 -0.251098 0.402934 
0.38246 -0.458531 0.4565 
-0.594864 -0.251012 0.402548 
0.383808 -0.458203 0.456447 
-0.596307 -0.250915 0.402022 
0.385247 -0.457813 0.456376 
-0.597848 -0.250717 0.401607 
0.386595 -0.457465 0.456165 
-0.599328 -0.250556 0.401115 
0.387945 -0.457126 0.456091 
-0.600724 -0.25044 0.400748 
0.389384 -0.456757 0.456037 
-0.602038 -0.250367 0.400447 
0.390771 -0.456453 0.456024 
-0.603355 -0.250228 0.400166 
0.391981 -0.456058 0.455966 
-0.604713 -0.250021 0.399851 
0.39309 -0.455688 0.455934 
-0.605965 -0.249832 0.399622 
0.394229 -0.455411 0.455899 
-0.607139 -0.249659 0.399456 
0.395329 -0.455196 0.45598 
-0.608274 -0.249517 0.399227 
0.396426 -0.454939 0.456059 
-0.609392 -0.249398 0.399143 
0.397509 -0.454704 0.456174 
-0.610443 -0.249291 0.399003 
0.398571 -0.45449 0.456201 
-0.611414 -0.249261 0.398875 
0.399623 -0.454351 0.456198 
-0.612364 -0.249254 0.398758 
0.400645 -0.454225 0.4562 
-0.613287 -0.24929 0.398687 
0.401713 -0.454183 0.456279 
-0.614259 -0.249313 0.398594 
0.402747 -0.454124 0.456312 
-0.616453 -0.249179 0.398259 
0.405047 -0.453735 0.456409 
