-0.641475 -0.252069 0.372661 
0.377994 -0.492338 0.439185 
-0.641493 -0.253686 0.372961 
0.377994 -0.492338 0.439185 
-0.641443 -0.253507 0.373931 
0.378254 -0.492715 0.439117 
-0.641283 -0.254263 0.374549 
0.377981 -0.496873 0.445898 
-0.641411 -0.254926 0.374479 
0.37782 -0.497697 0.443598 
-0.64102 -0.254701 0.374035 
0.377542 -0.493952 0.440117 
-0.639156 -0.253612 0.374506 
0.378592 -0.499457 0.447561 
-0.635856 -0.252567 0.375547 
0.37881 -0.500982 0.447471 
-0.632258 -0.251036 0.376628 
0.379436 -0.50209 0.448153 
-0.628446 -0.249661 0.378028 
0.379892 -0.503097 0.447454 
-0.62634 -0.248959 0.378523 
0.379963 -0.503775 0.445949 
-0.624025 -0.247893 0.3792 
0.380102 -0.504663 0.445417 
-0.621714 -0.246993 0.38005 
0.379962 -0.505035 0.444956 
-0.621674 -0.24681 0.379875 
0.379806 -0.505082 0.445842 
-0.619238 -0.246148 0.380429 
0.380038 -0.506 0.446052 
-0.616851 -0.245094 0.381064 
0.379813 -0.506659 0.444621 
-0.614559 -0.243844 0.381622 
0.379758 -0.5081 0.443582 
-0.611095 -0.242319 0.382459 
0.379939 -0.509767 0.442608 
-0.608747 -0.241859 0.383004 
0.380242 -0.510389 0.445737 
-0.606771 -0.240845 0.383451 
0.379935 -0.510766 0.447705 
-0.605734 -0.240289 0.383166 
0.3794 -0.511992 0.446158 
-0.606758 -0.23995 0.382489 
0.378769 -0.512671 0.445893 
-0.46056 -0.17286 0.5016 
0.379512 -0.511753 0.446277 
-0.605634 -0.240047 0.385853 
0.429637 -0.413981 0.465498 
