-0.607321 -0.210862 0.386532 
0.400795 -0.504304 0.485867 
-0.607322 -0.210863 0.386532 
0.400795 -0.504304 0.485867 
-0.606828 -0.210512 0.385569 
0.400795 -0.504304 0.485867 
-0.606647 -0.211131 0.385313 
0.400795 -0.504304 0.485867 
-0.60594 -0.21249 0.385815 
0.400795 -0.504304 0.485867 
-0.604664 -0.214391 0.385857 
0.400795 -0.504304 0.485867 
-0.602105 -0.214882 0.38535 
0.400795 -0.504304 0.485867 
-0.600011 -0.215351 0.385087 
0.400795 -0.504304 0.485867 
-0.598268 -0.21554 0.385246 
0.400795 -0.504304 0.485867 
-0.597439 -0.215499 0.384978 
0.400795 -0.504304 0.485867 
-0.596593 -0.215573 0.384658 
0.400795 -0.504304 0.485867 
-0.595935 -0.21549 0.384245 
0.400795 -0.504304 0.485867 
-0.59554 -0.215455 0.38438 
0.400795 -0.504304 0.485867 
-0.595163 -0.215682 0.384471 
0.400795 -0.504304 0.485867 
-0.594831 -0.21556 0.384564 
0.400795 -0.504304 0.485867 
-0.594128 -0.215707 0.38429 
0.400795 -0.504304 0.485867 
-0.592914 -0.216354 0.383977 
0.400795 -0.504304 0.485867 
-0.591759 -0.216493 0.383752 
0.400795 -0.504304 0.485867 
-0.590835 -0.216151 0.383758 
0.400795 -0.504304 0.485867 
-0.590816 -0.215979 0.383618 
0.400795 -0.504304 0.485867 
-0.590919 -0.216151 0.383631 
0.400795 -0.504304 0.485867 
-0.5907 -0.216084 0.383407 
0.400795 -0.504304 0.485867 
-0.590754 -0.216092 0.383521 
0.400795 -0.504304 0.485867 
-0.590917 -0.216175 0.383376 
0.400795 -0.504304 0.485867 
-0.590872 -0.216106 0.383578 
0.400795 -0.504304 0.485867 
-0.590938 -0.215952 0.383204 
0.400795 -0.504304 0.485867 
-0.59089 -0.216117 0.383321 
0.400795 -0.504304 0.485867 
-0.590773 -0.216044 0.383423 
0.400795 -0.504304 0.485867 
-0.590828 -0.216161 0.383277 
0.400795 -0.504304 0.485867 
-0.590751 -0.216326 0.383782 
0.400795 -0.504304 0.485867 
-0.590743 -0.216478 0.383974 
0.400795 -0.504304 0.485867 
-0.590879 -0.21637 0.383965 
0.400795 -0.504304 0.485867 
-0.590829 -0.216542 0.38412 
0.400795 -0.504304 0.485867 
-0.590829 -0.216349 0.383971 
0.400795 -0.504304 0.485867 
-0.590941 -0.216221 0.383853 
0.400795 -0.504304 0.485867 
-0.590858 -0.216343 0.383964 
0.400795 -0.504304 0.485867 
-0.590964 -0.216397 0.383784 
0.400795 -0.504304 0.485867 
-0.591047 -0.216061 0.383493 
0.400795 -0.504304 0.485867 
-0.590842 -0.216242 0.383969 
0.400795 -0.504304 0.485867 
-0.590927 -0.216093 0.383715 
0.400795 -0.504304 0.485867 
-0.590955 -0.216211 0.383893 
0.400795 -0.504304 0.485867 
-0.590939 -0.216349 0.383646 
0.400795 -0.504304 0.485867 
-0.590771 -0.216275 0.383848 
0.400795 -0.504304 0.485867 
-0.590846 -0.215991 0.383543 
0.400795 -0.504304 0.485867 
-0.590801 -0.216003 0.383628 
0.400795 -0.504304 0.485867 
-0.590891 -0.216015 0.38352 
0.400795 -0.504304 0.485867 
-0.590949 -0.216077 0.383564 
0.400795 -0.504304 0.485867 
-0.59088 -0.215867 0.383494 
0.400795 -0.504304 0.485867 
-0.590826 -0.216098 0.383526 
0.400795 -0.504304 0.485867 
-0.590729 -0.216061 0.383915 
0.400795 -0.504304 0.485867 
-0.590838 -0.215951 0.383531 
0.400795 -0.504304 0.485867 
-0.590869 -0.215931 0.383604 
0.400795 -0.504304 0.485867 
-0.590828 -0.216071 0.383465 
0.400795 -0.504304 0.485867 
-0.590858 -0.215923 0.383551 
0.400795 -0.504304 0.485867 
-0.590867 -0.216302 0.383608 
0.400795 -0.504304 0.485867 
-0.59086 -0.216173 0.383826 
0.400795 -0.504304 0.485867 
-0.590913 -0.216232 0.383828 
0.400795 -0.504304 0.485867 
-0.590804 -0.216244 0.38393 
0.400795 -0.504304 0.485867 
-0.59077 -0.21633 0.384108 
0.400795 -0.504304 0.485867 
-0.590861 -0.216255 0.383907 
0.400795 -0.504304 0.485867 
-0.590385 -0.214908 0.382509 
0.400795 -0.504304 0.485867 
-0.589363 -0.212214 0.380243 
0.400795 -0.504304 0.485867 
-0.588536 -0.209217 0.377564 
0.400795 -0.504304 0.485867 
-0.588011 -0.20609 0.374688 
0.400795 -0.504304 0.485867 
-0.587546 -0.202738 0.372017 
0.400795 -0.504304 0.485867 
-0.587589 -0.198939 0.368509 
0.400795 -0.504304 0.485867 
-0.587837 -0.194738 0.365073 
0.400795 -0.504304 0.485867 
-0.5885 -0.189764 0.3614 
0.400795 -0.504304 0.485867 
-0.589414 -0.185082 0.35767 
0.400795 -0.504304 0.485867 
-0.590608 -0.180477 0.353724 
0.400795 -0.504304 0.485867 
-0.591816 -0.17596 0.350137 
0.400795 -0.504304 0.485867 
-0.593303 -0.17154 0.346359 
0.400795 -0.504304 0.485867 
-0.594757 -0.167346 0.342537 
0.400795 -0.504304 0.485867 
-0.596902 -0.16458 0.340718 
0.400795 -0.504304 0.485867 
-0.598921 -0.163082 0.339507 
0.400795 -0.504304 0.485867 
-0.600622 -0.162294 0.338395 
0.400795 -0.504304 0.485867 
-0.601725 -0.162085 0.337902 
0.400795 -0.504304 0.485867 
-0.601944 -0.162411 0.338218 
0.400795 -0.504304 0.485867 
-0.601973 -0.163394 0.338543 
0.400795 -0.504304 0.485867 
