-0.597268 -0.255126 0.407261 
0.38709 -0.491491 0.43929 
-0.597268 -0.255126 0.407261 
0.38709 -0.491491 0.43929 
-0.597268 -0.255126 0.407261 
0.386158 -0.492115 0.443454 
-0.597268 -0.255126 0.407261 
0.38632 -0.492696 0.443378 
-0.597268 -0.255126 0.407261 
0.387395 -0.492558 0.441245 
-0.597268 -0.255126 0.407261 
0.389005 -0.491658 0.446302 
-0.597268 -0.255126 0.407261 
0.38978 -0.492987 0.446277 
-0.597268 -0.255126 0.407261 
0.390695 -0.494072 0.448237 
-0.597268 -0.255126 0.407261 
0.391509 -0.493334 0.449242 
-0.597268 -0.255126 0.407261 
0.391827 -0.492863 0.44535 
-0.597268 -0.255126 0.407261 
0.392665 -0.493259 0.444295 
-0.597268 -0.255126 0.407261 
0.393437 -0.493426 0.440663 
-0.597268 -0.255126 0.407261 
0.394808 -0.493731 0.442421 
-0.597268 -0.255126 0.407261 
0.397152 -0.49295 0.441967 
-0.597268 -0.255126 0.407261 
0.399775 -0.493177 0.445099 
-0.597268 -0.255126 0.407261 
0.402436 -0.493339 0.448269 
-0.597268 -0.255126 0.407261 
0.405257 -0.494433 0.450495 
-0.597268 -0.255126 0.407261 
0.407519 -0.495211 0.447747 
-0.597268 -0.255126 0.407261 
0.4105 -0.495533 0.451041 
-0.597268 -0.255126 0.407261 
0.413163 -0.495359 0.450045 
-0.597268 -0.255126 0.407261 
0.415365 -0.495381 0.445355 
-0.597268 -0.255126 0.407261 
0.418305 -0.496316 0.446991 
-0.597268 -0.255126 0.407261 
0.420738 -0.496182 0.445431 
-0.597268 -0.255126 0.407261 
0.42323 -0.496404 0.444745 
-0.597268 -0.255126 0.407261 
0.426047 -0.496363 0.447558 
-0.597268 -0.255126 0.407261 
0.428695 -0.496561 0.447922 
-0.597268 -0.255126 0.407261 
0.43099 -0.49666 0.446605 
-0.597268 -0.255126 0.407261 
0.433353 -0.497118 0.446397 
-0.597268 -0.255126 0.407261 
0.435525 -0.497036 0.445232 
-0.597268 -0.255126 0.407261 
0.437903 -0.496882 0.446188 
-0.597268 -0.255126 0.407261 
0.439953 -0.497751 0.446305 
-0.597268 -0.255126 0.407261 
0.441715 -0.497181 0.445117 
-0.597268 -0.255126 0.407261 
0.443576 -0.498276 0.447361 
-0.597268 -0.255126 0.407261 
0.444854 -0.498481 0.444726 
-0.597268 -0.255126 0.407261 
0.44593 -0.498981 0.444578 
-0.597268 -0.255126 0.407261 
0.44692 -0.498644 0.445771 
-0.597268 -0.255126 0.407261 
0.446807 -0.499093 0.444953 
-0.597268 -0.255126 0.407261 
0.446738 -0.499224 0.443513 
-0.597268 -0.255126 0.407261 
0.446647 -0.49959 0.442926 
-0.597268 -0.255126 0.407261 
0.446859 -0.500896 0.446205 
