-0.640693 -0.251816 0.373897 
0.400795 -0.504304 0.485867 
-0.634015 -0.252174 0.372407 
0.400795 -0.504304 0.485867 
-0.638265 -0.252831 0.374297 
0.400795 -0.504304 0.485867 
-0.639742 -0.253598 0.374842 
0.400795 -0.504304 0.485867 
-0.640572 -0.254103 0.374849 
0.400795 -0.504304 0.485867 
-0.640273 -0.254134 0.374989 
0.400795 -0.504304 0.485867 
-0.638531 -0.253642 0.375503 
0.400795 -0.504304 0.485867 
-0.635442 -0.252194 0.377361 
0.400795 -0.504304 0.485867 
-0.631623 -0.250591 0.378503 
0.400795 -0.504304 0.485867 
-0.628631 -0.24927 0.379279 
0.400795 -0.504304 0.485867 
-0.626065 -0.248507 0.380053 
0.400795 -0.504304 0.485867 
-0.623777 -0.247373 0.380703 
0.400795 -0.504304 0.485867 
-0.622434 -0.246622 0.380845 
0.400795 -0.504304 0.485867 
-0.620951 -0.246121 0.381345 
0.400795 -0.504304 0.485867 
-0.619102 -0.24536 0.381701 
0.400795 -0.504304 0.485867 
-0.616379 -0.244285 0.382414 
0.400795 -0.504304 0.485867 
-0.61374 -0.242953 0.382938 
0.400795 -0.504304 0.485867 
-0.611119 -0.24174 0.383738 
0.400795 -0.504304 0.485867 
-0.608721 -0.24086 0.384128 
0.400795 -0.504304 0.485867 
-0.607145 -0.239836 0.384269 
0.400795 -0.504304 0.485867 
-0.606395 -0.239324 0.383911 
0.400795 -0.504304 0.485867 
-0.606557 -0.23903 0.383588 
0.400795 -0.504304 0.485867 
-0.4054 -0.23257 0.48858 
0.400795 -0.504304 0.485867 
-0.606355 -0.240329 0.384956 
0.400795 -0.504304 0.485867 
