-0.597268 -0.255126 0.407261 
0.401412 -0.486386 0.473507 
-0.597268 -0.255126 0.407261 
0.401774 -0.486163 0.476813 
-0.597268 -0.255126 0.407261 
0.403144 -0.486057 0.478677 
-0.597268 -0.255126 0.407261 
0.40384 -0.486011 0.478921 
-0.597268 -0.255126 0.407261 
0.404378 -0.487392 0.479188 
-0.597268 -0.255126 0.407261 
0.405009 -0.488736 0.47744 
-0.597268 -0.255126 0.407261 
0.405289 -0.489673 0.478011 
-0.597268 -0.255126 0.407261 
0.405056 -0.491271 0.476807 
-0.597268 -0.255126 0.407261 
0.404815 -0.49248 0.475876 
-0.597268 -0.255126 0.407261 
0.404637 -0.493395 0.475314 
-0.597268 -0.255126 0.407261 
0.404827 -0.4944 0.476092 
-0.597268 -0.255126 0.407261 
0.404888 -0.495047 0.476607 
-0.597268 -0.255126 0.407261 
0.404866 -0.495353 0.476989 
-0.597268 -0.255126 0.407261 
0.405021 -0.495592 0.477631 
-0.597268 -0.255126 0.407261 
0.405033 -0.496496 0.477676 
-0.597268 -0.255126 0.407261 
0.40467 -0.497909 0.476211 
-0.597268 -0.255126 0.407261 
0.404589 -0.499123 0.47588 
-0.597268 -0.255126 0.407261 
0.404343 -0.499854 0.475496 
-0.597268 -0.255126 0.407261 
0.403689 -0.500849 0.474946 
-0.597268 -0.255126 0.407261 
0.403588 -0.501481 0.475755 
-0.597268 -0.255126 0.407261 
0.403285 -0.502042 0.475594 
-0.597268 -0.255126 0.407261 
0.403058 -0.502587 0.475496 
-0.597268 -0.255126 0.407261 
0.403801 -0.503437 0.476757 
-0.597268 -0.255126 0.407261 
0.40455 -0.50396 0.476926 
-0.597268 -0.255126 0.407261 
0.405533 -0.502689 0.477203 
-0.597268 -0.255126 0.407261 
0.407774 -0.501091 0.478347 
