-0.605925 -0.224383 0.38296 
0.400795 -0.504304 0.485867 
-0.605925 -0.224383 0.38296 
0.400795 -0.504304 0.485867 
-0.600143 -0.222078 0.382658 
0.400795 -0.504304 0.485867 
-0.601041 -0.223606 0.38203 
0.400795 -0.504304 0.485867 
-0.600857 -0.225294 0.381345 
0.400795 -0.504304 0.485867 
-0.600163 -0.222727 0.381914 
0.400795 -0.504304 0.485867 
-0.599934 -0.224261 0.38223 
0.400795 -0.504304 0.485867 
-0.599641 -0.221837 0.382855 
0.400795 -0.504304 0.485867 
-0.599644 -0.222478 0.38336 
0.400795 -0.504304 0.485867 
-0.599638 -0.2226 0.382628 
0.400795 -0.504304 0.485867 
-0.599763 -0.222333 0.382757 
0.400795 -0.504304 0.485867 
-0.599758 -0.222477 0.382471 
0.400795 -0.504304 0.485867 
-0.599764 -0.222648 0.382242 
0.400795 -0.504304 0.485867 
-0.599824 -0.222808 0.382375 
0.400795 -0.504304 0.485867 
-0.599788 -0.222844 0.381984 
0.400795 -0.504304 0.485867 
-0.599708 -0.222839 0.382445 
0.400795 -0.504304 0.485867 
-0.59987 -0.22277 0.382143 
0.400795 -0.504304 0.485867 
-0.599683 -0.222774 0.382768 
0.400795 -0.504304 0.485867 
-0.599775 -0.222662 0.382069 
0.400795 -0.504304 0.485867 
-0.599857 -0.222533 0.38237 
0.400795 -0.504304 0.485867 
-0.599685 -0.222903 0.382234 
0.400795 -0.504304 0.485867 
-0.599746 -0.222687 0.382724 
0.400795 -0.504304 0.485867 
-0.599611 -0.222795 0.382158 
0.400795 -0.504304 0.485867 
-0.599651 -0.222647 0.382978 
0.400795 -0.504304 0.485867 
-0.599554 -0.222833 0.382533 
0.400795 -0.504304 0.485867 
-0.599716 -0.222868 0.382932 
0.400795 -0.504304 0.485867 
-0.599777 -0.222661 0.381966 
0.400795 -0.504304 0.485867 
-0.599796 -0.222861 0.38261 
0.400795 -0.504304 0.485867 
-0.599697 -0.222883 0.382225 
0.400795 -0.504304 0.485867 
-0.599777 -0.222857 0.382353 
0.400795 -0.504304 0.485867 
-0.599639 -0.222813 0.38235 
0.400795 -0.504304 0.485867 
-0.599702 -0.222883 0.382521 
0.400795 -0.504304 0.485867 
-0.59957 -0.222842 0.382736 
0.400795 -0.504304 0.485867 
-0.59968 -0.222836 0.382398 
0.400795 -0.504304 0.485867 
-0.599694 -0.222688 0.382699 
0.400795 -0.504304 0.485867 
-0.599747 -0.222763 0.382076 
0.400795 -0.504304 0.485867 
-0.599602 -0.222722 0.382906 
0.400795 -0.504304 0.485867 
-0.599774 -0.222706 0.381902 
0.400795 -0.504304 0.485867 
-0.599909 -0.222711 0.382753 
0.400795 -0.504304 0.485867 
-0.599773 -0.222745 0.381579 
0.400795 -0.504304 0.485867 
-0.599704 -0.222996 0.382868 
0.400795 -0.504304 0.485867 
-0.599709 -0.22268 0.3821 
0.400795 -0.504304 0.485867 
-0.59979 -0.222828 0.382662 
0.400795 -0.504304 0.485867 
-0.599679 -0.222819 0.381941 
0.400795 -0.504304 0.485867 
-0.599633 -0.222869 0.383154 
0.400795 -0.504304 0.485867 
-0.599528 -0.222793 0.382334 
0.400795 -0.504304 0.485867 
-0.599634 -0.223038 0.383322 
0.400795 -0.504304 0.485867 
-0.59975 -0.22275 0.381959 
0.400795 -0.504304 0.485867 
-0.59982 -0.222786 0.382719 
0.400795 -0.504304 0.485867 
-0.599902 -0.222818 0.381805 
0.400795 -0.504304 0.485867 
-0.599752 -0.222689 0.382631 
0.400795 -0.504304 0.485867 
-0.599678 -0.222962 0.382336 
0.400795 -0.504304 0.485867 
-0.599672 -0.222858 0.382905 
0.400795 -0.504304 0.485867 
-0.599688 -0.222764 0.382152 
0.400795 -0.504304 0.485867 
-0.599873 -0.22268 0.382343 
0.400795 -0.504304 0.485867 
-0.59966 -0.22257 0.381952 
0.400795 -0.504304 0.485867 
-0.599847 -0.222876 0.382254 
0.400795 -0.504304 0.485867 
-0.599701 -0.222867 0.382163 
0.400795 -0.504304 0.485867 
-0.599789 -0.222914 0.382342 
0.400795 -0.504304 0.485867 
-0.599758 -0.222774 0.382192 
0.400795 -0.504304 0.485867 
-0.59958 -0.222705 0.382533 
0.400795 -0.504304 0.485867 
-0.599817 -0.222522 0.382327 
0.400795 -0.504304 0.485867 
-0.599623 -0.222644 0.382336 
0.400795 -0.504304 0.485867 
-0.599632 -0.222553 0.382292 
0.400795 -0.504304 0.485867 
-0.599761 -0.222667 0.382649 
0.400795 -0.504304 0.485867 
-0.599746 -0.222636 0.381703 
0.400795 -0.504304 0.485867 
-0.599768 -0.222575 0.382582 
0.400795 -0.504304 0.485867 
-0.599698 -0.222734 0.381571 
0.400795 -0.504304 0.485867 
-0.599646 -0.222968 0.3832 
0.400795 -0.504304 0.485867 
-0.599654 -0.222606 0.381953 
0.400795 -0.504304 0.485867 
-0.599645 -0.22287 0.383151 
0.400795 -0.504304 0.485867 
-0.599755 -0.222607 0.381638 
0.400795 -0.504304 0.485867 
-0.59954 -0.22288 0.383596 
0.400795 -0.504304 0.485867 
-0.599708 -0.222706 0.381607 
0.400795 -0.504304 0.485867 
-0.599599 -0.222987 0.383119 
0.400795 -0.504304 0.485867 
-0.599765 -0.222665 0.381308 
0.400795 -0.504304 0.485867 
-0.599504 -0.222809 0.38325 
0.400795 -0.504304 0.485867 
-0.599603 -0.222823 0.381523 
0.400795 -0.504304 0.485867 
-0.59941 -0.223039 0.383521 
0.400795 -0.504304 0.485867 
-0.599769 -0.222847 0.381314 
0.400795 -0.504304 0.485867 
-0.599747 -0.222787 0.383119 
0.400795 -0.504304 0.485867 
-0.600089 -0.222674 0.380837 
0.400795 -0.504304 0.485867 
