-0.654533 -0.250808 0.46756 
0.400795 -0.504304 0.485867 
-0.654533 -0.250808 0.46756 
0.400795 -0.504304 0.485867 
-0.654533 -0.250808 0.46756 
0.400795 -0.504304 0.485867 
-0.653988 -0.251307 0.467721 
0.400795 -0.504304 0.485867 
-0.653912 -0.251288 0.467919 
0.400795 -0.504304 0.485867 
-0.653758 -0.251328 0.468233 
0.400795 -0.504304 0.485867 
-0.653564 -0.252604 0.468444 
0.400795 -0.504304 0.485867 
-0.65322 -0.25391 0.468743 
0.400795 -0.504304 0.485867 
-0.652607 -0.25456 0.469003 
0.400795 -0.504304 0.485867 
-0.651506 -0.254975 0.469496 
0.400795 -0.504304 0.485867 
-0.650373 -0.255293 0.470291 
0.400795 -0.504304 0.485867 
-0.649406 -0.255552 0.471014 
0.400795 -0.504304 0.485867 
-0.648609 -0.255751 0.471587 
0.400795 -0.504304 0.485867 
-0.647945 -0.25592 0.472051 
0.400795 -0.504304 0.485867 
-0.647395 -0.256055 0.472454 
0.400795 -0.504304 0.485867 
-0.646921 -0.25618 0.472783 
0.400795 -0.504304 0.485867 
-0.646521 -0.256285 0.473081 
0.400795 -0.504304 0.485867 
-0.646162 -0.256379 0.473325 
0.400795 -0.504304 0.485867 
-0.645846 -0.256451 0.473546 
0.400795 -0.504304 0.485867 
-0.645567 -0.256518 0.47374 
0.400795 -0.504304 0.485867 
-0.645323 -0.256581 0.473917 
0.400795 -0.504304 0.485867 
-0.645104 -0.256633 0.474079 
0.400795 -0.504304 0.485867 
-0.644906 -0.256685 0.47422 
0.400795 -0.504304 0.485867 
-0.644719 -0.256736 0.474338 
0.400795 -0.504304 0.485867 
-0.644547 -0.256779 0.474443 
0.400795 -0.504304 0.485867 
-0.644395 -0.256819 0.474546 
0.400795 -0.504304 0.485867 
-0.644298 -0.256884 0.474679 
0.400795 -0.504304 0.485867 
-0.644164 -0.256913 0.474765 
0.400795 -0.504304 0.485867 
-0.643646 -0.257165 0.475132 
0.400795 -0.504304 0.485867 
-0.643158 -0.257397 0.475489 
0.400795 -0.504304 0.485867 
-0.642657 -0.257673 0.47583 
0.400795 -0.504304 0.485867 
-0.655636 -0.249762 0.468347 
0.400795 -0.504304 0.485867 
-0.655637 -0.249763 0.468347 
0.400795 -0.504304 0.485867 
-0.655637 -0.249763 0.468347 
0.400795 -0.504304 0.485867 
-0.655094 -0.250261 0.46852 
0.400795 -0.504304 0.485867 
-0.65502 -0.250239 0.468718 
0.400795 -0.504304 0.485867 
-0.654868 -0.250275 0.469034 
0.400795 -0.504304 0.485867 
-0.65468 -0.251547 0.469267 
0.400795 -0.504304 0.485867 
-0.654344 -0.252849 0.469591 
0.400795 -0.504304 0.485867 
-0.653735 -0.253497 0.469866 
0.400795 -0.504304 0.485867 
-0.652639 -0.253909 0.470373 
0.400795 -0.504304 0.485867 
-0.651512 -0.254218 0.471181 
0.400795 -0.504304 0.485867 
-0.650551 -0.254468 0.471914 
0.400795 -0.504304 0.485867 
-0.649759 -0.254661 0.472496 
0.400795 -0.504304 0.485867 
-0.649099 -0.254824 0.472966 
0.400795 -0.504304 0.485867 
-0.648552 -0.254955 0.473376 
0.400795 -0.504304 0.485867 
-0.648081 -0.255077 0.47371 
0.400795 -0.504304 0.485867 
-0.647683 -0.255178 0.474012 
0.400795 -0.504304 0.485867 
-0.647327 -0.255269 0.47426 
0.400795 -0.504304 0.485867 
-0.647012 -0.255339 0.474484 
0.400795 -0.504304 0.485867 
-0.646734 -0.255404 0.474681 
0.400795 -0.504304 0.485867 
-0.646492 -0.255464 0.474861 
0.400795 -0.504304 0.485867 
-0.646274 -0.255515 0.475025 
0.400795 -0.504304 0.485867 
-0.646077 -0.255565 0.475169 
0.400795 -0.504304 0.485867 
-0.645892 -0.255615 0.475288 
0.400795 -0.504304 0.485867 
-0.64572 -0.255657 0.475395 
0.400795 -0.504304 0.485867 
-0.645569 -0.255696 0.4755 
0.400795 -0.504304 0.485867 
-0.645473 -0.255759 0.475635 
0.400795 -0.504304 0.485867 
-0.64534 -0.255787 0.475722 
0.400795 -0.504304 0.485867 
-0.644826 -0.256035 0.476096 
0.400795 -0.504304 0.485867 
-0.655897 -0.249695 0.46863 
0.400795 -0.504304 0.485867 
-0.655898 -0.249695 0.46863 
0.400795 -0.504304 0.485867 
-0.655898 -0.249695 0.46863 
0.400795 -0.504304 0.485867 
-0.655358 -0.250194 0.468807 
0.400795 -0.504304 0.485867 
-0.655283 -0.250171 0.469005 
0.400795 -0.504304 0.485867 
-0.655132 -0.250206 0.469321 
0.400795 -0.504304 0.485867 
-0.654948 -0.251478 0.469561 
0.400795 -0.504304 0.485867 
-0.654615 -0.252779 0.469891 
0.400795 -0.504304 0.485867 
-0.654009 -0.253427 0.470171 
0.400795 -0.504304 0.485867 
-0.652914 -0.253839 0.470682 
0.400795 -0.504304 0.485867 
-0.65179 -0.254147 0.471494 
0.400795 -0.504304 0.485867 
-0.650831 -0.254396 0.47223 
0.400795 -0.504304 0.485867 
-0.65004 -0.254587 0.472814 
0.400795 -0.504304 0.485867 
-0.649381 -0.25475 0.473287 
0.400795 -0.504304 0.485867 
-0.648836 -0.25488 0.473698 
0.400795 -0.504304 0.485867 
-0.648365 -0.255001 0.474034 
0.400795 -0.504304 0.485867 
-0.647968 -0.255102 0.474337 
0.400795 -0.504304 0.485867 
-0.647613 -0.255193 0.474587 
0.400795 -0.504304 0.485867 
-0.647299 -0.255262 0.474811 
0.400795 -0.504304 0.485867 
-0.647022 -0.255327 0.475009 
0.400795 -0.504304 0.485867 
-0.64678 -0.255387 0.47519 
0.400795 -0.504304 0.485867 
-0.646562 -0.255437 0.475355 
0.400795 -0.504304 0.485867 
-0.646365 -0.255487 0.475499 
0.400795 -0.504304 0.485867 
-0.646181 -0.255537 0.475619 
0.400795 -0.504304 0.485867 
-0.646009 -0.255579 0.475726 
0.400795 -0.504304 0.485867 
-0.645858 -0.255618 0.475832 
0.400795 -0.504304 0.485867 
-0.645763 -0.25568 0.475967 
0.400795 -0.504304 0.485867 
-0.64563 -0.255708 0.476054 
0.400795 -0.504304 0.485867 
-0.645117 -0.255956 0.476431 
0.400795 -0.504304 0.485867 
-0.644633 -0.256183 0.476797 
0.400795 -0.504304 0.485867 
-0.644137 -0.256454 0.477148 
0.400795 -0.504304 0.485867 
-0.643666 -0.256593 0.477445 
0.400795 -0.504304 0.485867 
-0.643204 -0.256511 0.477728 
0.400795 -0.504304 0.485867 
-0.642828 -0.25647 0.477991 
0.400795 -0.504304 0.485867 
-0.64261 -0.256463 0.47822 
0.400795 -0.504304 0.485867 
-0.642528 -0.25646 0.478314 
0.400795 -0.504304 0.485867 
-0.642522 -0.256459 0.478306 
0.400795 -0.504304 0.485867 
-0.642516 -0.256457 0.478299 
0.400795 -0.504304 0.485867 
-0.642512 -0.256453 0.478298 
0.400795 -0.504304 0.485867 
-0.642505 -0.256455 0.478288 
0.400795 -0.504304 0.485867 
-0.642506 -0.256451 0.478293 
0.400795 -0.504304 0.485867 
-0.642495 -0.25645 0.478279 
0.400795 -0.504304 0.485867 
-0.642495 -0.256452 0.478277 
0.400795 -0.504304 0.485867 
-0.6425 -0.256452 0.478284 
0.400795 -0.504304 0.485867 
-0.642499 -0.25645 0.478282 
0.400795 -0.504304 0.485867 
-0.642502 -0.25645 0.478286 
0.400795 -0.504304 0.485867 
-0.642496 -0.256457 0.478274 
0.400795 -0.504304 0.485867 
-0.642494 -0.256457 0.478271 
0.400795 -0.504304 0.485867 
-0.642495 -0.256455 0.478274 
0.400795 -0.504304 0.485867 
-0.642503 -0.256453 0.478284 
0.400795 -0.504304 0.485867 
-0.642514 -0.256453 0.478298 
0.400795 -0.504304 0.485867 
-0.642513 -0.256457 0.478295 
0.400795 -0.504304 0.485867 
-0.642469 -0.256429 0.478256 
0.400795 -0.504304 0.485867 
-0.642516 -0.256463 0.478293 
0.400795 -0.504304 0.485867 
-0.642512 -0.256474 0.478281 
0.400795 -0.504304 0.485867 
-0.642597 -0.256545 0.478344 
0.400795 -0.504304 0.485867 
-0.642644 -0.256579 0.478382 
0.400795 -0.504304 0.485867 
-0.642684 -0.25661 0.478411 
0.400795 -0.504304 0.485867 
-0.642776 -0.256673 0.478487 
0.400795 -0.504304 0.485867 
-0.64282 -0.256704 0.478524 
0.400795 -0.504304 0.485867 
-0.642813 -0.256708 0.478511 
0.400795 -0.504304 0.485867 
-0.642857 -0.256741 0.478545 
0.400795 -0.504304 0.485867 
-0.642862 -0.256744 0.478549 
0.400795 -0.504304 0.485867 
-0.642862 -0.256752 0.478543 
0.400795 -0.504304 0.485867 
-0.642871 -0.256754 0.478553 
0.400795 -0.504304 0.485867 
-0.64287 -0.256756 0.47855 
0.400795 -0.504304 0.485867 
-0.642867 -0.256759 0.478545 
0.400795 -0.504304 0.485867 
-0.642873 -0.256756 0.478553 
0.400795 -0.504304 0.485867 
-0.642878 -0.256756 0.478559 
0.400795 -0.504304 0.485867 
-0.642877 -0.256758 0.478556 
0.400795 -0.504304 0.485867 
-0.642876 -0.256762 0.478553 
0.400795 -0.504304 0.485867 
-0.642881 -0.256759 0.478561 
0.400795 -0.504304 0.485867 
-0.642883 -0.256758 0.478564 
0.400795 -0.504304 0.485867 
-0.642881 -0.256753 0.478564 
0.400795 -0.504304 0.485867 
-0.642887 -0.256752 0.478573 
0.400795 -0.504304 0.485867 
-0.642889 -0.256752 0.478574 
0.400795 -0.504304 0.485867 
-0.642886 -0.256751 0.478571 
0.400795 -0.504304 0.485867 
-0.642888 -0.25675 0.478574 
0.400795 -0.504304 0.485867 
-0.64285 -0.256715 0.478549 
0.400795 -0.504304 0.485867 
-0.642897 -0.256742 0.47859 
0.400795 -0.504304 0.485867 
-0.642852 -0.256706 0.478558 
0.400795 -0.504304 0.485867 
-0.642766 -0.256641 0.478491 
0.400795 -0.504304 0.485867 
-0.642776 -0.256638 0.478506 
0.400795 -0.504304 0.485867 
-0.642694 -0.256569 0.478446 
0.400795 -0.504304 0.485867 
-0.642609 -0.256502 0.478382 
0.400795 -0.504304 0.485867 
-0.642611 -0.256495 0.47839 
0.400795 -0.504304 0.485867 
-0.642615 -0.256493 0.478396 
0.400795 -0.504304 0.485867 
-0.642574 -0.256455 0.478367 
0.400795 -0.504304 0.485867 
-0.642576 -0.256448 0.478376 
0.400795 -0.504304 0.485867 
-0.642575 -0.256444 0.478376 
0.400795 -0.504304 0.485867 
-0.642627 -0.256474 0.478423 
0.400795 -0.504304 0.485867 
-0.642635 -0.256468 0.478436 
0.400795 -0.504304 0.485867 
-0.642635 -0.256464 0.47844 
0.400795 -0.504304 0.485867 
-0.642636 -0.256458 0.478445 
0.400795 -0.504304 0.485867 
-0.642636 -0.256454 0.478448 
0.400795 -0.504304 0.485867 
-0.642639 -0.256449 0.478455 
0.400795 -0.504304 0.485867 
-0.642645 -0.25645 0.478461 
0.400795 -0.504304 0.485867 
-0.642643 -0.256444 0.478462 
0.400795 -0.504304 0.485867 
-0.642645 -0.256447 0.478464 
0.400795 -0.504304 0.485867 
-0.642638 -0.256444 0.478457 
0.400795 -0.504304 0.485867 
-0.642632 -0.256446 0.478448 
0.400795 -0.504304 0.485867 
-0.642719 -0.256505 0.478521 
0.400795 -0.504304 0.485867 
-0.642716 -0.256503 0.47852 
0.400795 -0.504304 0.485867 
-0.642809 -0.256564 0.478599 
0.400795 -0.504304 0.485867 
-0.642763 -0.256529 0.478564 
0.400795 -0.504304 0.485867 
-0.642755 -0.256528 0.478555 
0.400795 -0.504304 0.485867 
-0.642801 -0.256559 0.478594 
0.400795 -0.504304 0.485867 
-0.642804 -0.256557 0.4786 
0.400795 -0.504304 0.485867 
-0.6428 -0.256555 0.478596 
0.400795 -0.504304 0.485867 
-0.642842 -0.256588 0.478629 
0.400795 -0.504304 0.485867 
-0.64284 -0.256586 0.478627 
0.400795 -0.504304 0.485867 
-0.642844 -0.256588 0.478632 
0.400795 -0.504304 0.485867 
-0.642888 -0.256619 0.478668 
0.400795 -0.504304 0.485867 
-0.642884 -0.256621 0.478663 
0.400795 -0.504304 0.485867 
-0.642881 -0.256618 0.478662 
0.400795 -0.504304 0.485867 
-0.642871 -0.256618 0.47865 
0.400795 -0.504304 0.485867 
-0.642825 -0.256582 0.478614 
0.400795 -0.504304 0.485867 
-0.642866 -0.256611 0.478649 
0.400795 -0.504304 0.485867 
-0.64154 -0.25547 0.478126 
0.400795 -0.504304 0.485867 
-0.640254 -0.25431 0.47761 
0.400795 -0.504304 0.485867 
-0.638937 -0.253059 0.477015 
0.400795 -0.504304 0.485867 
-0.637612 -0.251731 0.476312 
0.400795 -0.504304 0.485867 
-0.636308 -0.250326 0.475588 
0.400795 -0.504304 0.485867 
-0.634968 -0.248831 0.474758 
0.400795 -0.504304 0.485867 
-0.63362 -0.247279 0.473849 
0.400795 -0.504304 0.485867 
-0.632276 -0.245617 0.472813 
0.400795 -0.504304 0.485867 
-0.630969 -0.243879 0.471683 
0.400795 -0.504304 0.485867 
-0.629622 -0.242008 0.470426 
0.400795 -0.504304 0.485867 
-0.628311 -0.240101 0.469145 
0.400795 -0.504304 0.485867 
-0.626965 -0.238077 0.467745 
0.400795 -0.504304 0.485867 
-0.625738 -0.236011 0.466314 
0.400795 -0.504304 0.485867 
-0.624448 -0.233789 0.464658 
0.400795 -0.504304 0.485867 
-0.623204 -0.231559 0.462956 
0.400795 -0.504304 0.485867 
-0.622031 -0.229337 0.461249 
0.400795 -0.504304 0.485867 
-0.62086 -0.227011 0.459376 
0.400795 -0.504304 0.485867 
-0.619809 -0.224729 0.457554 
0.400795 -0.504304 0.485867 
-0.618761 -0.222449 0.455646 
0.400795 -0.504304 0.485867 
-0.617709 -0.22018 0.453701 
0.400795 -0.504304 0.485867 
-0.616744 -0.217993 0.451817 
0.400795 -0.504304 0.485867 
-0.615779 -0.21583 0.449887 
0.400795 -0.504304 0.485867 
-0.614866 -0.213667 0.447978 
0.400795 -0.504304 0.485867 
-0.613947 -0.211515 0.446003 
0.400795 -0.504304 0.485867 
-0.613045 -0.209411 0.44405 
0.400795 -0.504304 0.485867 
-0.612737 -0.207851 0.442349 
0.400795 -0.504304 0.485867 
-0.613011 -0.206878 0.440969 
0.400795 -0.504304 0.485867 
-0.613355 -0.205971 0.439782 
0.400795 -0.504304 0.485867 
-0.613686 -0.205237 0.438734 
0.400795 -0.504304 0.485867 
-0.61393 -0.204651 0.437748 
0.400795 -0.504304 0.485867 
-0.614239 -0.2043 0.437033 
0.400795 -0.504304 0.485867 
-0.614529 -0.204077 0.436485 
0.400795 -0.504304 0.485867 
-0.614762 -0.203981 0.435993 
0.400795 -0.504304 0.485867 
-0.614964 -0.204153 0.435803 
0.400795 -0.504304 0.485867 
-0.615138 -0.20456 0.435828 
0.400795 -0.504304 0.485867 
-0.615278 -0.205053 0.435874 
0.400795 -0.504304 0.485867 
-0.615433 -0.20574 0.436068 
0.400795 -0.504304 0.485867 
-0.615625 -0.206596 0.436436 
0.400795 -0.504304 0.485867 
-0.615749 -0.207757 0.437048 
0.400795 -0.504304 0.485867 
-0.615845 -0.209024 0.437762 
0.400795 -0.504304 0.485867 
-0.615995 -0.210506 0.438683 
0.400795 -0.504304 0.485867 
-0.616006 -0.212056 0.439477 
0.400795 -0.504304 0.485867 
-0.616023 -0.213892 0.440484 
0.400795 -0.504304 0.485867 
-0.615987 -0.215851 0.441505 
0.400795 -0.504304 0.485867 
-0.615966 -0.217976 0.442555 
0.400795 -0.504304 0.485867 
-0.615902 -0.220155 0.443566 
0.400795 -0.504304 0.485867 
-0.615874 -0.222437 0.444584 
0.400795 -0.504304 0.485867 
-0.615774 -0.22483 0.445518 
0.400795 -0.504304 0.485867 
-0.613257 -0.227924 0.442265 
0.400795 -0.504304 0.485867 
-0.613257 -0.227924 0.442265 
0.400795 -0.504304 0.485867 
-0.613044 -0.230441 0.442931 
0.400795 -0.504304 0.485867 
-0.612859 -0.233094 0.443663 
0.400795 -0.504304 0.485867 
-0.612633 -0.235717 0.444284 
0.400795 -0.504304 0.485867 
-0.612424 -0.238374 0.444849 
0.400795 -0.504304 0.485867 
-0.612256 -0.240989 0.445406 
0.400795 -0.504304 0.485867 
-0.612148 -0.243524 0.445934 
0.400795 -0.504304 0.485867 
-0.611947 -0.245926 0.446243 
0.400795 -0.504304 0.485867 
-0.611768 -0.248304 0.446478 
0.400795 -0.504304 0.485867 
-0.611704 -0.250705 0.4468 
0.400795 -0.504304 0.485867 
-0.611554 -0.252817 0.446905 
0.400795 -0.504304 0.485867 
-0.611449 -0.25486 0.446975 
0.400795 -0.504304 0.485867 
-0.611415 -0.256883 0.447093 
0.400795 -0.504304 0.485867 
-0.611372 -0.258845 0.447187 
0.400795 -0.504304 0.485867 
-0.612346 -0.260848 0.446211 
0.400795 -0.504304 0.485867 
-0.612234 -0.262459 0.44609 
0.400795 -0.504304 0.485867 
-0.612172 -0.263977 0.445983 
0.400795 -0.504304 0.485867 
-0.612019 -0.26532 0.445716 
0.400795 -0.504304 0.485867 
-0.611977 -0.266661 0.445578 
0.400795 -0.504304 0.485867 
-0.611754 -0.267672 0.4452 
0.400795 -0.504304 0.485867 
-0.611534 -0.2686 0.444825 
0.400795 -0.504304 0.485867 
-0.611452 -0.269567 0.444579 
0.400795 -0.504304 0.485867 
-0.611357 -0.27048 0.444312 
0.400795 -0.504304 0.485867 
-0.611244 -0.271344 0.444014 
0.400795 -0.504304 0.485867 
-0.611165 -0.272157 0.443727 
0.400795 -0.504304 0.485867 
-0.611257 -0.273037 0.443658 
0.400795 -0.504304 0.485867 
-0.611345 -0.273899 0.443503 
0.400795 -0.504304 0.485867 
-0.611426 -0.274735 0.443325 
0.400795 -0.504304 0.485867 
-0.611506 -0.275592 0.443102 
0.400795 -0.504304 0.485867 
-0.611609 -0.276505 0.442856 
0.400795 -0.504304 0.485867 
-0.611686 -0.277481 0.442519 
0.400795 -0.504304 0.485867 
-0.611719 -0.278436 0.442061 
0.400795 -0.504304 0.485867 
-0.61184 -0.279501 0.44166 
0.400795 -0.504304 0.485867 
-0.611802 -0.28035 0.441209 
0.400795 -0.504304 0.485867 
-0.611837 -0.281218 0.440783 
0.400795 -0.504304 0.485867 
-0.611806 -0.282038 0.440299 
0.400795 -0.504304 0.485867 
-0.611822 -0.282895 0.439854 
0.400795 -0.504304 0.485867 
-0.611745 -0.283664 0.439349 
0.400795 -0.504304 0.485867 
-0.611698 -0.28445 0.438883 
0.400795 -0.504304 0.485867 
-0.611712 -0.285267 0.438564 
0.400795 -0.504304 0.485867 
-0.610423 -0.28571 0.439571 
0.400795 -0.504304 0.485867 
-0.610481 -0.286634 0.439378 
0.400795 -0.504304 0.485867 
-0.610496 -0.287482 0.439187 
0.400795 -0.504304 0.485867 
-0.610474 -0.288309 0.438968 
0.400795 -0.504304 0.485867 
-0.610437 -0.289157 0.438839 
0.400795 -0.504304 0.485867 
-0.61043 -0.290001 0.438741 
0.400795 -0.504304 0.485867 
-0.61031 -0.290645 0.438536 
0.400795 -0.504304 0.485867 
-0.610177 -0.291151 0.438378 
0.400795 -0.504304 0.485867 
-0.610083 -0.291663 0.438327 
0.400795 -0.504304 0.485867 
-0.609911 -0.292091 0.43828 
0.400795 -0.504304 0.485867 
-0.609775 -0.292498 0.438312 
0.400795 -0.504304 0.485867 
-0.609596 -0.292794 0.438348 
0.400795 -0.504304 0.485867 
-0.609379 -0.293055 0.438324 
0.400795 -0.504304 0.485867 
-0.609125 -0.293214 0.43831 
0.400795 -0.504304 0.485867 
-0.608973 -0.293407 0.438501 
0.400795 -0.504304 0.485867 
-0.608689 -0.293382 0.43855 
0.400795 -0.504304 0.485867 
-0.608488 -0.293398 0.438832 
0.400795 -0.504304 0.485867 
-0.608252 -0.293346 0.43912 
0.400795 -0.504304 0.485867 
-0.608031 -0.293285 0.439479 
0.400795 -0.504304 0.485867 
-0.607815 -0.293295 0.439897 
0.400795 -0.504304 0.485867 
-0.607462 -0.293205 0.440209 
0.400795 -0.504304 0.485867 
-0.607177 -0.293165 0.440574 
0.400795 -0.504304 0.485867 
-0.606876 -0.293095 0.440922 
0.400795 -0.504304 0.485867 
-0.606525 -0.293007 0.441323 
0.400795 -0.504304 0.485867 
-0.606032 -0.292836 0.441587 
0.400795 -0.504304 0.485867 
-0.605528 -0.292596 0.441833 
0.400795 -0.504304 0.485867 
-0.605072 -0.292863 0.441931 
0.400795 -0.504304 0.485867 
-0.60467 -0.293137 0.442002 
0.400795 -0.504304 0.485867 
-0.604292 -0.293436 0.442096 
0.400795 -0.504304 0.485867 
-0.603972 -0.293749 0.442195 
0.400795 -0.504304 0.485867 
-0.603739 -0.294089 0.44232 
0.400795 -0.504304 0.485867 
-0.603577 -0.294517 0.442546 
0.400795 -0.504304 0.485867 
-0.603351 -0.294929 0.442667 
0.400795 -0.504304 0.485867 
-0.603115 -0.295346 0.442766 
0.400795 -0.504304 0.485867 
-0.602923 -0.295746 0.442832 
0.400795 -0.504304 0.485867 
-0.602734 -0.296136 0.442876 
0.400795 -0.504304 0.485867 
-0.602508 -0.296479 0.44286 
0.400795 -0.504304 0.485867 
-0.602317 -0.296892 0.442929 
0.400795 -0.504304 0.485867 
-0.602139 -0.29732 0.44303 
0.400795 -0.504304 0.485867 
-0.601968 -0.297728 0.443101 
0.400795 -0.504304 0.485867 
-0.601819 -0.298159 0.443236 
0.400795 -0.504304 0.485867 
-0.601642 -0.298568 0.443318 
0.400795 -0.504304 0.485867 
-0.601433 -0.298921 0.443305 
0.400795 -0.504304 0.485867 
-0.601271 -0.29931 0.443332 
0.400795 -0.504304 0.485867 
-0.601134 -0.299673 0.443282 
0.400795 -0.504304 0.485867 
-0.600944 -0.299949 0.443122 
0.400795 -0.504304 0.485867 
-0.600885 -0.300319 0.443135 
0.400795 -0.504304 0.485867 
-0.600816 -0.300674 0.443088 
0.400795 -0.504304 0.485867 
-0.600722 -0.301027 0.442983 
0.400795 -0.504304 0.485867 
-0.600763 -0.301364 0.443022 
0.400795 -0.504304 0.485867 
-0.60081 -0.301701 0.443198 
0.400795 -0.504304 0.485867 
-0.600839 -0.301858 0.443284 
0.400795 -0.504304 0.485867 
-0.600841 -0.301859 0.44329 
0.400795 -0.504304 0.485867 
-0.60089 -0.3019 0.443346 
0.400795 -0.504304 0.485867 
-0.600886 -0.301899 0.443337 
0.400795 -0.504304 0.485867 
-0.659021 -0.301701 0.503868 
0.400795 -0.504304 0.485867 
-0.659021 -0.301701 0.503868 
0.400795 -0.504304 0.485867 
-0.659001 -0.301695 0.503856 
0.400795 -0.504304 0.485867 
-0.659018 -0.301698 0.503867 
0.400795 -0.504304 0.485867 
-0.659024 -0.3017 0.503871 
0.400795 -0.504304 0.485867 
-0.659031 -0.301702 0.503876 
0.400795 -0.504304 0.485867 
-0.659027 -0.301702 0.503872 
0.400795 -0.504304 0.485867 
-0.65903 -0.3017 0.503877 
0.400795 -0.504304 0.485867 
-0.659032 -0.301702 0.503877 
0.400795 -0.504304 0.485867 
-0.659113 -0.301742 0.503908 
0.400795 -0.504304 0.485867 
-0.659031 -0.301699 0.503877 
0.400795 -0.504304 0.485867 
-0.658958 -0.301663 0.50385 
0.400795 -0.504304 0.485867 
-0.658952 -0.301661 0.503846 
0.400795 -0.504304 0.485867 
-0.658956 -0.301667 0.503844 
0.400795 -0.504304 0.485867 
-0.658969 -0.30167 0.503853 
0.400795 -0.504304 0.485867 
-0.658895 -0.30163 0.503825 
0.400795 -0.504304 0.485867 
-0.658977 -0.301671 0.503856 
0.400795 -0.504304 0.485867 
-0.659053 -0.30171 0.503883 
0.400795 -0.504304 0.485867 
-0.658978 -0.30167 0.503858 
0.400795 -0.504304 0.485867 
-0.65905 -0.301704 0.503886 
0.400795 -0.504304 0.485867 
-0.659061 -0.301709 0.50389 
0.400795 -0.504304 0.485867 
-0.658985 -0.301669 0.503863 
0.400795 -0.504304 0.485867 
-0.773531 -0.251941 0.49064 
0.400795 -0.504304 0.485867 
-0.773531 -0.251941 0.49064 
0.400795 -0.504304 0.485867 
-0.773371 -0.252461 0.491166 
0.400795 -0.504304 0.485867 
-0.773488 -0.252441 0.491343 
0.400795 -0.504304 0.485867 
-0.773658 -0.252483 0.491648 
0.400795 -0.504304 0.485867 
-0.773772 -0.253761 0.491895 
0.400795 -0.504304 0.485867 
-0.773875 -0.255075 0.492316 
0.400795 -0.504304 0.485867 
-0.773763 -0.255747 0.49295 
0.400795 -0.504304 0.485867 
-0.773552 -0.256202 0.494123 
0.400795 -0.504304 0.485867 
-0.773565 -0.256555 0.495499 
0.400795 -0.504304 0.485867 
-0.773612 -0.256842 0.496699 
0.400795 -0.504304 0.485867 
-0.773632 -0.257065 0.497675 
0.400795 -0.504304 0.485867 
-0.773637 -0.257255 0.49848 
0.400795 -0.504304 0.485867 
-0.773658 -0.257407 0.499158 
0.400795 -0.504304 0.485867 
-0.77366 -0.257547 0.499732 
0.400795 -0.504304 0.485867 
-0.773678 -0.257664 0.500228 
0.400795 -0.504304 0.485867 
-0.773677 -0.257768 0.500659 
0.400795 -0.504304 0.485867 
-0.773678 -0.257851 0.501042 
0.400795 -0.504304 0.485867 
-0.77368 -0.257927 0.501381 
0.400795 -0.504304 0.485867 
-0.773687 -0.257996 0.50168 
0.400795 -0.504304 0.485867 
-0.773697 -0.258055 0.501952 
0.400795 -0.504304 0.485867 
-0.7737 -0.258113 0.502194 
0.400795 -0.504304 0.485867 
-0.773692 -0.25817 0.502412 
0.400795 -0.504304 0.485867 
-0.77368 -0.258219 0.502613 
0.400795 -0.504304 0.485867 
-0.773679 -0.258264 0.502795 
0.400795 -0.504304 0.485867 
-0.773735 -0.25833 0.502949 
0.400795 -0.504304 0.485867 
-0.77373 -0.258363 0.503107 
0.400795 -0.504304 0.485867 
-0.773744 -0.258631 0.503735 
0.400795 -0.504304 0.485867 
-0.773765 -0.258878 0.504334 
0.400795 -0.504304 0.485867 
-0.773768 -0.259169 0.504933 
0.400795 -0.504304 0.485867 
-0.773738 -0.259327 0.505483 
0.400795 -0.504304 0.485867 
-0.773699 -0.259263 0.506026 
0.400795 -0.504304 0.485867 
-0.773693 -0.259238 0.506486 
0.400795 -0.504304 0.485867 
-0.773753 -0.25924 0.506797 
0.400795 -0.504304 0.485867 
-0.773782 -0.259239 0.506918 
0.400795 -0.504304 0.485867 
-0.773771 -0.259239 0.506918 
0.400795 -0.504304 0.485867 
-0.773763 -0.259237 0.50692 
0.400795 -0.504304 0.485867 
-0.773759 -0.259233 0.506922 
0.400795 -0.504304 0.485867 
-0.773747 -0.259236 0.506921 
0.400795 -0.504304 0.485867 
-0.773751 -0.259231 0.506924 
0.400795 -0.504304 0.485867 
-0.773733 -0.259231 0.506925 
0.400795 -0.504304 0.485867 
-0.773732 -0.259233 0.506924 
0.400795 -0.504304 0.485867 
-0.773741 -0.259233 0.506923 
0.400795 -0.504304 0.485867 
-0.773739 -0.259231 0.506924 
0.400795 -0.504304 0.485867 
-0.773744 -0.259231 0.506923 
0.400795 -0.504304 0.485867 
-0.773731 -0.259238 0.506921 
0.400795 -0.504304 0.485867 
-0.773727 -0.259238 0.506921 
0.400795 -0.504304 0.485867 
-0.773729 -0.259236 0.506922 
0.400795 -0.504304 0.485867 
-0.773743 -0.259234 0.506922 
0.400795 -0.504304 0.485867 
-0.77376 -0.259234 0.506921 
0.400795 -0.504304 0.485867 
-0.773758 -0.259238 0.506919 
0.400795 -0.504304 0.485867 
-0.7737 -0.259212 0.506933 
0.400795 -0.504304 0.485867 
-0.773757 -0.259243 0.506916 
0.400795 -0.504304 0.485867 
-0.773746 -0.259255 0.506911 
0.400795 -0.504304 0.485867 
-0.773848 -0.259322 0.506877 
0.400795 -0.504304 0.485867 
-0.773907 -0.259354 0.506859 
0.400795 -0.504304 0.485867 
-0.773954 -0.259384 0.506843 
0.400795 -0.504304 0.485867 
-0.774071 -0.259444 0.506811 
0.400795 -0.504304 0.485867 
-0.774127 -0.259473 0.506795 
0.400795 -0.504304 0.485867 
-0.774113 -0.259477 0.506792 
0.400795 -0.504304 0.485867 
-0.774166 -0.259509 0.506776 
0.400795 -0.504304 0.485867 
-0.774173 -0.259511 0.506774 
0.400795 -0.504304 0.485867 
-0.774168 -0.259519 0.506771 
0.400795 -0.504304 0.485867 
-0.774182 -0.259521 0.506769 
0.400795 -0.504304 0.485867 
-0.774178 -0.259523 0.506768 
0.400795 -0.504304 0.485867 
-0.774173 -0.259526 0.506767 
0.400795 -0.504304 0.485867 
-0.774182 -0.259523 0.506767 
0.400795 -0.504304 0.485867 
-0.77419 -0.259522 0.506766 
0.400795 -0.504304 0.485867 
-0.774187 -0.259525 0.506765 
0.400795 -0.504304 0.485867 
-0.774185 -0.259529 0.506764 
0.400795 -0.504304 0.485867 
-0.774194 -0.259525 0.506765 
0.400795 -0.504304 0.485867 
-0.774198 -0.259524 0.506765 
0.400795 -0.504304 0.485867 
-0.774196 -0.25952 0.506767 
0.400795 -0.504304 0.485867 
-0.774206 -0.259518 0.506767 
0.400795 -0.504304 0.485867 
-0.774209 -0.259519 0.506766 
0.400795 -0.504304 0.485867 
-0.774204 -0.259518 0.506767 
0.400795 -0.504304 0.485867 
-0.774208 -0.259517 0.506767 
0.400795 -0.504304 0.485867 
-0.774165 -0.259483 0.506785 
0.400795 -0.504304 0.485867 
-0.774226 -0.259509 0.50677 
0.400795 -0.504304 0.485867 
-0.774174 -0.259474 0.506788 
0.400795 -0.504304 0.485867 
-0.774068 -0.259412 0.506821 
0.400795 -0.504304 0.485867 
-0.774086 -0.259409 0.506822 
0.400795 -0.504304 0.485867 
-0.773988 -0.259343 0.506857 
0.400795 -0.504304 0.485867 
-0.773884 -0.259279 0.50689 
0.400795 -0.504304 0.485867 
-0.773893 -0.259272 0.506893 
0.400795 -0.504304 0.485867 
-0.773899 -0.25927 0.506894 
0.400795 -0.504304 0.485867 
-0.773851 -0.259233 0.506912 
0.400795 -0.504304 0.485867 
-0.77386 -0.259226 0.506915 
0.400795 -0.504304 0.485867 
-0.773859 -0.259222 0.506916 
0.400795 -0.504304 0.485867 
-0.773928 -0.25925 0.506901 
0.400795 -0.504304 0.485867 
-0.773943 -0.259245 0.506902 
0.400795 -0.504304 0.485867 
-0.773947 -0.259241 0.506904 
0.400795 -0.504304 0.485867 
-0.773951 -0.259234 0.506907 
0.400795 -0.504304 0.485867 
-0.773953 -0.25923 0.506908 
0.400795 -0.504304 0.485867 
-0.77396 -0.259225 0.50691 
0.400795 -0.504304 0.485867 
-0.773969 -0.259226 0.506909 
0.400795 -0.504304 0.485867 
-0.773969 -0.25922 0.506911 
0.400795 -0.504304 0.485867 
-0.773972 -0.259222 0.50691 
0.400795 -0.504304 0.485867 
-0.773962 -0.25922 0.506912 
0.400795 -0.504304 0.485867 
-0.77395 -0.259222 0.506912 
0.400795 -0.504304 0.485867 
-0.774061 -0.259278 0.506882 
0.400795 -0.504304 0.485867 
-0.774059 -0.259276 0.506883 
0.400795 -0.504304 0.485867 
-0.774178 -0.259334 0.506852 
0.400795 -0.504304 0.485867 
-0.774123 -0.2593 0.50687 
0.400795 -0.504304 0.485867 
-0.774111 -0.2593 0.506871 
0.400795 -0.504304 0.485867 
-0.77417 -0.259329 0.506856 
0.400795 -0.504304 0.485867 
-0.774177 -0.259327 0.506857 
0.400795 -0.504304 0.485867 
-0.774171 -0.259325 0.506858 
0.400795 -0.504304 0.485867 
-0.774223 -0.259357 0.506841 
0.400795 -0.504304 0.485867 
-0.77422 -0.259355 0.506842 
0.400795 -0.504304 0.485867 
-0.774227 -0.259356 0.506842 
0.400795 -0.504304 0.485867 
-0.774282 -0.259386 0.506826 
0.400795 -0.504304 0.485867 
-0.774276 -0.259388 0.506826 
0.400795 -0.504304 0.485867 
-0.774273 -0.259385 0.506828 
0.400795 -0.504304 0.485867 
-0.774258 -0.259385 0.506829 
0.400795 -0.504304 0.485867 
-0.774201 -0.259352 0.506847 
0.400795 -0.504304 0.485867 
-0.774254 -0.259379 0.506833 
0.400795 -0.504304 0.485867 
-0.773034 -0.258289 0.507644 
0.400795 -0.504304 0.485867 
-0.771844 -0.257178 0.508429 
0.400795 -0.504304 0.485867 
-0.770569 -0.255977 0.509194 
0.400795 -0.504304 0.485867 
-0.7692 -0.254699 0.509906 
0.400795 -0.504304 0.485867 
-0.767824 -0.253344 0.510592 
0.400795 -0.504304 0.485867 
-0.76634 -0.251899 0.511248 
0.400795 -0.504304 0.485867 
-0.764785 -0.250399 0.511867 
0.400795 -0.504304 0.485867 
-0.763128 -0.248787 0.512412 
0.400795 -0.504304 0.485867 
-0.761414 -0.247099 0.512874 
0.400795 -0.504304 0.485867 
-0.75957 -0.245277 0.5133 
0.400795 -0.504304 0.485867 
-0.757727 -0.24342 0.513684 
0.400795 -0.504304 0.485867 
-0.755764 -0.241445 0.514031 
0.400795 -0.504304 0.485867 
-0.753845 -0.239425 0.514264 
0.400795 -0.504304 0.485867 
-0.751703 -0.23725 0.514424 
0.400795 -0.504304 0.485867 
-0.749549 -0.235066 0.514518 
0.400795 -0.504304 0.485867 
-0.747434 -0.232887 0.514553 
0.400795 -0.504304 0.485867 
-0.745181 -0.230604 0.514493 
0.400795 -0.504304 0.485867 
-0.743042 -0.228359 0.514363 
0.400795 -0.504304 0.485867 
-0.740834 -0.226117 0.514181 
0.400795 -0.504304 0.485867 
-0.738594 -0.223885 0.51398 
0.400795 -0.504304 0.485867 
-0.736456 -0.221733 0.51374 
0.400795 -0.504304 0.485867 
-0.734281 -0.219604 0.513475 
0.400795 -0.504304 0.485867 
-0.732153 -0.217473 0.513178 
0.400795 -0.504304 0.485867 
-0.729967 -0.215353 0.512848 
0.400795 -0.504304 0.485867 
-0.727811 -0.21328 0.512514 
0.400795 -0.504304 0.485867 
-0.726216 -0.21173 0.511828 
0.400795 -0.504304 0.485867 
-0.725233 -0.210744 0.510834 
0.400795 -0.504304 0.485867 
-0.724448 -0.209821 0.509895 
0.400795 -0.504304 0.485867 
-0.723773 -0.209073 0.50904 
0.400795 -0.504304 0.485867 
-0.7231 -0.208475 0.508288 
0.400795 -0.504304 0.485867 
-0.722691 -0.208111 0.507633 
0.400795 -0.504304 0.485867 
-0.722409 -0.207876 0.507085 
0.400795 -0.504304 0.485867 
-0.722142 -0.207769 0.506613 
0.400795 -0.504304 0.485867 
-0.722108 -0.207933 0.506333 
0.400795 -0.504304 0.485867 
-0.722238 -0.208333 0.506193 
0.400795 -0.504304 0.485867 
-0.722367 -0.208821 0.506089 
0.400795 -0.504304 0.485867 
-0.722629 -0.209501 0.506054 
0.400795 -0.504304 0.485867 
-0.723057 -0.210351 0.506083 
0.400795 -0.504304 0.485867 
-0.723651 -0.211507 0.5063 
0.400795 -0.504304 0.485867 
-0.724313 -0.212771 0.506595 
0.400795 -0.504304 0.485867 
-0.725181 -0.214249 0.506961 
0.400795 -0.504304 0.485867 
-0.725864 -0.215799 0.507362 
0.400795 -0.504304 0.485867 
-0.726732 -0.217635 0.507874 
0.400795 -0.504304 0.485867 
-0.727582 -0.219596 0.508432 
0.400795 -0.504304 0.485867 
-0.728467 -0.221724 0.50899 
0.400795 -0.504304 0.485867 
-0.729297 -0.223905 0.509558 
0.400795 -0.504304 0.485867 
-0.730155 -0.226189 0.510098 
0.400795 -0.504304 0.485867 
-0.730907 -0.228586 0.510644 
0.400795 -0.504304 0.485867 
-0.808144 -0.228794 0.492862 
0.400795 -0.504304 0.485867 
-0.808144 -0.228794 0.492862 
0.400795 -0.504304 0.485867 
-0.808981 -0.231265 0.492991 
0.400795 -0.504304 0.485867 
-0.809895 -0.233865 0.493086 
0.400795 -0.504304 0.485867 
-0.810695 -0.236446 0.493221 
0.400795 -0.504304 0.485867 
-0.811442 -0.239064 0.493334 
0.400795 -0.504304 0.485867 
-0.81218 -0.241638 0.49341 
0.400795 -0.504304 0.485867 
-0.812884 -0.244132 0.493427 
0.400795 -0.504304 0.485867 
-0.813358 -0.246513 0.493534 
0.400795 -0.504304 0.485867 
-0.813757 -0.248874 0.493617 
0.400795 -0.504304 0.485867 
-0.814248 -0.251247 0.493589 
0.400795 -0.504304 0.485867 
-0.8145 -0.253351 0.49365 
0.400795 -0.504304 0.485867 
-0.814713 -0.255387 0.493669 
0.400795 -0.504304 0.485867 
-0.814975 -0.257396 0.49362 
0.400795 -0.504304 0.485867 
-0.815208 -0.259347 0.49358 
0.400795 -0.504304 0.485867 
-0.814412 -0.261367 0.492485 
0.400795 -0.504304 0.485867 
-0.814403 -0.262985 0.492522 
0.400795 -0.504304 0.485867 
-0.814403 -0.264508 0.492514 
0.400795 -0.504304 0.485867 
-0.814229 -0.265872 0.492598 
0.400795 -0.504304 0.485867 
-0.814186 -0.26722 0.492577 
0.400795 -0.504304 0.485867 
-0.813874 -0.268265 0.492741 
0.400795 -0.504304 0.485867 
-0.81356 -0.269226 0.492907 
0.400795 -0.504304 0.485867 
-0.813381 -0.27021 0.492938 
0.400795 -0.504304 0.485867 
-0.813177 -0.271143 0.492983 
0.400795 -0.504304 0.485867 
-0.812939 -0.27203 0.493047 
0.400795 -0.504304 0.485867 
-0.812708 -0.272864 0.493079 
0.400795 -0.504304 0.485867 
-0.812706 -0.273742 0.492947 
0.400795 -0.504304 0.485867 
-0.812616 -0.274607 0.492816 
0.400795 -0.504304 0.485867 
-0.812501 -0.27545 0.492692 
0.400795 -0.504304 0.485867 
-0.812343 -0.276315 0.492566 
0.400795 -0.504304 0.485867 
-0.812167 -0.277238 0.492415 
0.400795 -0.504304 0.485867 
-0.811904 -0.27823 0.492283 
0.400795 -0.504304 0.485867 
-0.811517 -0.279212 0.492191 
0.400795 -0.504304 0.485867 
-0.811199 -0.280296 0.492009 
0.400795 -0.504304 0.485867 
-0.810808 -0.281175 0.491994 
0.400795 -0.504304 0.485867 
-0.810448 -0.282069 0.491905 
0.400795 -0.504304 0.485867 
-0.810023 -0.282921 0.491883 
0.400795 -0.504304 0.485867 
-0.809641 -0.283806 0.491813 
0.400795 -0.504304 0.485867 
-0.80919 -0.284612 0.491837 
0.400795 -0.504304 0.485867 
-0.808781 -0.28543 0.491833 
0.400795 -0.504304 0.485867 
-0.808522 -0.286266 0.491772 
0.400795 -0.504304 0.485867 
-0.809514 -0.286696 0.493077 
0.400795 -0.504304 0.485867 
-0.80939 -0.287627 0.492971 
0.400795 -0.504304 0.485867 
-0.809261 -0.288485 0.492912 
0.400795 -0.504304 0.485867 
-0.809101 -0.289325 0.49289 
0.400795 -0.504304 0.485867 
-0.809033 -0.290181 0.492886 
0.400795 -0.504304 0.485867 
-0.808995 -0.291029 0.492852 
0.400795 -0.504304 0.485867 
-0.808833 -0.291691 0.492936 
0.400795 -0.504304 0.485867 
-0.808708 -0.292212 0.493042 
0.400795 -0.504304 0.485867 
-0.80869 -0.29273 0.493111 
0.400795 -0.504304 0.485867 
-0.808669 -0.293168 0.493262 
0.400795 -0.504304 0.485867 
-0.808725 -0.293577 0.493382 
0.400795 -0.504304 0.485867 
-0.808776 -0.293879 0.493549 
0.400795 -0.504304 0.485867 
-0.808764 -0.294151 0.493753 
0.400795 -0.504304 0.485867 
-0.808752 -0.294321 0.493999 
0.400795 -0.504304 0.485867 
-0.808952 -0.294507 0.49415 
0.400795 -0.504304 0.485867 
-0.808989 -0.294491 0.494436 
0.400795 -0.504304 0.485867 
-0.809264 -0.294497 0.494646 
0.400795 -0.504304 0.485867 
-0.80954 -0.294436 0.494895 
0.400795 -0.504304 0.485867 
-0.809886 -0.29436 0.495131 
0.400795 -0.504304 0.485867 
-0.810296 -0.294351 0.495363 
0.400795 -0.504304 0.485867 
-0.810588 -0.294255 0.495731 
0.400795 -0.504304 0.485867 
-0.81094 -0.294203 0.49603 
0.400795 -0.504304 0.485867 
-0.811272 -0.294123 0.496347 
0.400795 -0.504304 0.485867 
-0.811653 -0.294023 0.496715 
0.400795 -0.504304 0.485867 
-0.811887 -0.293857 0.497225 
0.400795 -0.504304 0.485867 
-0.812098 -0.293624 0.497748 
0.400795 -0.504304 0.485867 
-0.8122 -0.293904 0.498195 
0.400795 -0.504304 0.485867 
-0.812277 -0.29419 0.498587 
0.400795 -0.504304 0.485867 
-0.812379 -0.294499 0.498955 
0.400795 -0.504304 0.485867 
-0.81249 -0.294819 0.499264 
0.400795 -0.504304 0.485867 
-0.812631 -0.295159 0.499487 
0.400795 -0.504304 0.485867 
-0.812881 -0.295577 0.499638 
0.400795 -0.504304 0.485867 
-0.813024 -0.29599 0.49985 
0.400795 -0.504304 0.485867 
-0.813145 -0.296409 0.500071 
0.400795 -0.504304 0.485867 
-0.813233 -0.296812 0.500248 
0.400795 -0.504304 0.485867 
-0.813298 -0.297206 0.500421 
0.400795 -0.504304 0.485867 
-0.813299 -0.29756 0.500632 
0.400795 -0.504304 0.485867 
-0.813391 -0.297975 0.500807 
0.400795 -0.504304 0.485867 
-0.813517 -0.298403 0.50097 
0.400795 -0.504304 0.485867 
-0.81361 -0.298812 0.501125 
0.400795 -0.504304 0.485867 
-0.813771 -0.299239 0.501261 
0.400795 -0.504304 0.485867 
-0.813876 -0.299649 0.501423 
0.400795 -0.504304 0.485867 
-0.813882 -0.300011 0.501615 
0.400795 -0.504304 0.485867 
-0.813931 -0.300404 0.501761 
0.400795 -0.504304 0.485867 
-0.813903 -0.300776 0.50188 
0.400795 -0.504304 0.485867 
-0.813756 -0.301071 0.502052 
0.400795 -0.504304 0.485867 
-0.813794 -0.301441 0.502096 
0.400795 -0.504304 0.485867 
-0.813771 -0.301802 0.502147 
0.400795 -0.504304 0.485867 
-0.813688 -0.302165 0.502222 
0.400795 -0.504304 0.485867 
-0.813753 -0.302497 0.502167 
0.400795 -0.504304 0.485867 
-0.813954 -0.302817 0.502112 
0.400795 -0.504304 0.485867 
-0.814052 -0.302967 0.50208 
0.400795 -0.504304 0.485867 
-0.814058 -0.302967 0.502078 
0.400795 -0.504304 0.485867 
-0.814118 -0.303001 0.50203 
0.400795 -0.504304 0.485867 
-0.814109 -0.303002 0.502033 
0.400795 -0.504304 0.485867 
-0.875658 -0.29767 0.441585 
0.400795 -0.504304 0.485867 
