-0.7012 -0.287872 0.463935 
0.400795 -0.504304 0.485867 
-0.7012 -0.287872 0.463935 
0.400795 -0.504304 0.485867 
-0.70231 -0.288323 0.463466 
0.400795 -0.504304 0.485867 
-0.699692 -0.286296 0.462854 
0.400795 -0.504304 0.485867 
-0.699692 -0.286296 0.462854 
0.400795 -0.504304 0.485867 
-0.699692 -0.286296 0.462854 
0.400795 -0.504304 0.485867 
-0.699692 -0.286296 0.462854 
0.400795 -0.504304 0.485867 
-0.699692 -0.286296 0.462854 
0.400795 -0.504304 0.485867 
-0.699692 -0.286296 0.462854 
0.400795 -0.504304 0.485867 
-0.699692 -0.286296 0.462854 
0.400795 -0.504304 0.485867 
-0.696134 -0.277347 0.499986 
0.400795 -0.504304 0.485867 
-0.696131 -0.277347 0.499984 
0.400795 -0.504304 0.485867 
-0.696155 -0.277592 0.499852 
0.400795 -0.504304 0.485867 
-0.696155 -0.277592 0.499852 
0.400795 -0.504304 0.485867 
-0.69605 -0.27718 0.498704 
0.400795 -0.504304 0.485867 
