-0.620454 -0.214797 0.381967 
0.400795 -0.504304 0.485867 
-0.620454 -0.214797 0.381967 
0.400795 -0.504304 0.485867 
-0.614547 -0.216388 0.380889 
0.400795 -0.504304 0.485867 
-0.614815 -0.215531 0.380741 
0.400795 -0.504304 0.485867 
-0.613809 -0.215929 0.381038 
0.400795 -0.504304 0.485867 
-0.613635 -0.215513 0.381177 
0.400795 -0.504304 0.485867 
-0.613129 -0.216502 0.381127 
0.400795 -0.504304 0.485867 
-0.612618 -0.217073 0.381354 
0.400795 -0.504304 0.485867 
-0.611837 -0.21713 0.381092 
0.400795 -0.504304 0.485867 
-0.610659 -0.217362 0.380979 
0.400795 -0.504304 0.485867 
-0.609209 -0.217524 0.380882 
0.400795 -0.504304 0.485867 
-0.608278 -0.217979 0.380541 
0.400795 -0.504304 0.485867 
-0.607124 -0.217977 0.380839 
0.400795 -0.504304 0.485867 
-0.606438 -0.218091 0.380639 
0.400795 -0.504304 0.485867 
-0.605521 -0.218518 0.380634 
0.400795 -0.504304 0.485867 
-0.605179 -0.218341 0.380525 
0.400795 -0.504304 0.485867 
-0.603791 -0.2191 0.380315 
0.400795 -0.504304 0.485867 
