-0.597268 -0.255126 0.407261 
0.386865 -0.491468 0.441984 
-0.597268 -0.255126 0.407261 
0.386865 -0.491468 0.441984 
-0.597268 -0.255126 0.407261 
0.386198 -0.492452 0.442074 
-0.597268 -0.255126 0.407261 
0.386416 -0.492003 0.445194 
-0.597268 -0.255126 0.407261 
0.386329 -0.491578 0.44487 
-0.597268 -0.255126 0.407261 
0.386003 -0.492101 0.442309 
-0.597268 -0.255126 0.407261 
0.385759 -0.491611 0.440299 
-0.597268 -0.255126 0.407261 
0.386139 -0.491225 0.444029 
-0.597268 -0.255126 0.407261 
0.386345 -0.49187 0.4452 
-0.597268 -0.255126 0.407261 
0.386175 -0.492618 0.444114 
-0.597268 -0.255126 0.407261 
0.386083 -0.491452 0.443498 
-0.597268 -0.255126 0.407261 
0.386495 -0.493004 0.446573 
-0.597268 -0.255126 0.407261 
0.386542 -0.493058 0.446548 
-0.597268 -0.255126 0.407261 
0.386544 -0.492788 0.446242 
-0.597268 -0.255126 0.407261 
0.386255 -0.492065 0.444349 
-0.597268 -0.255126 0.407261 
0.385861 -0.491662 0.440981 
-0.597268 -0.255126 0.407261 
0.386486 -0.491305 0.4463 
-0.597268 -0.255126 0.407261 
0.385759 -0.491434 0.440999 
-0.597268 -0.255126 0.407261 
0.385616 -0.491618 0.439748 
-0.597268 -0.255126 0.407261 
0.385796 -0.49076 0.441421 
-0.597268 -0.255126 0.407261 
0.385568 -0.491072 0.439155 
-0.597268 -0.255126 0.407261 
0.386247 -0.490727 0.44504 
-0.597268 -0.255126 0.407261 
0.385605 -0.49089 0.44009 
-0.597268 -0.255126 0.407261 
0.385891 -0.492111 0.442028 
-0.597268 -0.255126 0.407261 
0.385875 -0.493524 0.441794 
-0.597268 -0.255126 0.407261 
0.386369 -0.491962 0.445316 
-0.597268 -0.255126 0.407261 
0.386463 -0.491492 0.445453 
-0.597268 -0.255126 0.407261 
0.385837 -0.490788 0.441657 
-0.597268 -0.255126 0.407261 
0.385958 -0.491599 0.4423 
-0.597268 -0.255126 0.407261 
0.386483 -0.490988 0.446089 
-0.597268 -0.255126 0.407261 
0.385878 -0.491457 0.441364 
-0.597268 -0.255126 0.407261 
0.385831 -0.49125 0.441147 
-0.597268 -0.255126 0.407261 
0.3856 -0.490814 0.439237 
-0.597268 -0.255126 0.407261 
0.385844 -0.491232 0.442002 
-0.597268 -0.255126 0.407261 
0.385802 -0.490897 0.442238 
-0.597268 -0.255126 0.407261 
0.385667 -0.492338 0.440737 
-0.597268 -0.255126 0.407261 
0.385436 -0.491891 0.438559 
-0.597268 -0.255126 0.407261 
0.386105 -0.49308 0.443302 
-0.597268 -0.255126 0.407261 
0.38595 -0.49185 0.442936 
-0.597268 -0.255126 0.407261 
0.386471 -0.49285 0.446174 
-0.597268 -0.255126 0.407261 
0.38613 -0.492317 0.443458 
-0.597268 -0.255126 0.407261 
0.38583 -0.491766 0.441239 
-0.597268 -0.255126 0.407261 
0.386126 -0.491694 0.443857 
-0.597268 -0.255126 0.407261 
0.386445 -0.492189 0.445496 
-0.597268 -0.255126 0.407261 
0.386413 -0.491828 0.44526 
-0.597268 -0.255126 0.407261 
0.386204 -0.491788 0.444235 
-0.597268 -0.255126 0.407261 
0.385882 -0.492366 0.441607 
-0.597268 -0.255126 0.407261 
0.386201 -0.491922 0.444155 
-0.597268 -0.255126 0.407261 
0.386549 -0.49132 0.446686 
-0.597268 -0.255126 0.407261 
0.386405 -0.492094 0.445728 
-0.597268 -0.255126 0.407261 
0.385903 -0.492026 0.441845 
-0.597268 -0.255126 0.407261 
0.385877 -0.491608 0.441123 
-0.597268 -0.255126 0.407261 
0.385626 -0.491574 0.439517 
-0.597268 -0.255126 0.407261 
0.386167 -0.49085 0.444201 
-0.597268 -0.255126 0.407261 
0.385904 -0.492599 0.44195 
-0.597268 -0.255126 0.407261 
0.385591 -0.491945 0.439677 
-0.597268 -0.255126 0.407261 
0.386057 -0.49202 0.443421 
-0.597268 -0.255126 0.407261 
0.386355 -0.493245 0.445015 
-0.597268 -0.255126 0.407261 
0.386031 -0.49247 0.443087 
