-0.597268 -0.255126 0.407261 
0.370592 -0.46148 0.425924 
-0.597268 -0.255126 0.407261 
0.370592 -0.46148 0.425924 
-0.597268 -0.255126 0.407261 
0.370592 -0.46148 0.425924 
-0.597268 -0.255126 0.407261 
0.370314 -0.463769 0.425665 
-0.597268 -0.255126 0.407261 
0.370414 -0.464407 0.428825 
-0.597268 -0.255126 0.407261 
0.370932 -0.463883 0.431682 
-0.597268 -0.255126 0.407261 
0.370828 -0.464875 0.429153 
-0.597268 -0.255126 0.407261 
0.370752 -0.4655 0.428822 
-0.597268 -0.255126 0.407261 
0.371135 -0.466802 0.430068 
-0.597268 -0.255126 0.407261 
0.371676 -0.468217 0.426944 
-0.597268 -0.255126 0.407261 
0.372117 -0.468852 0.42984 
-0.597268 -0.255126 0.407261 
0.372236 -0.469558 0.427679 
-0.597268 -0.255126 0.407261 
0.372267 -0.469981 0.427807 
-0.597268 -0.255126 0.407261 
0.372423 -0.470187 0.427519 
-0.597268 -0.255126 0.407261 
0.372224 -0.470111 0.427806 
-0.597268 -0.255126 0.407261 
0.372113 -0.47077 0.426442 
-0.597268 -0.255126 0.407261 
0.372351 -0.471679 0.427489 
-0.597268 -0.255126 0.407261 
0.372347 -0.472126 0.427334 
-0.597268 -0.255126 0.407261 
0.371998 -0.472247 0.428012 
-0.597268 -0.255126 0.407261 
0.372275 -0.472963 0.427259 
-0.597268 -0.255126 0.407261 
0.371841 -0.472341 0.42615 
-0.597268 -0.255126 0.407261 
0.372176 -0.473597 0.427132 
-0.597268 -0.255126 0.407261 
0.371831 -0.474119 0.42552 
-0.597268 -0.255126 0.407261 
0.37168 -0.47414 0.42394 
-0.597268 -0.255126 0.407261 
0.371904 -0.475503 0.426999 
-0.597268 -0.255126 0.407261 
0.371792 -0.476109 0.42798 
-0.597268 -0.255126 0.407261 
0.371716 -0.476356 0.42884 
-0.597268 -0.255126 0.407261 
0.371755 -0.47555 0.426472 
-0.597268 -0.255126 0.407261 
0.371742 -0.475921 0.426969 
-0.597268 -0.255126 0.407261 
0.371784 -0.477462 0.427285 
-0.597268 -0.255126 0.407261 
0.371674 -0.477596 0.427266 
-0.597268 -0.255126 0.407261 
0.371561 -0.478434 0.42581 
-0.597268 -0.255126 0.407261 
0.37149 -0.478797 0.427238 
-0.597268 -0.255126 0.407261 
0.371506 -0.479749 0.426518 
-0.597268 -0.255126 0.407261 
0.3712 -0.479669 0.425149 
-0.597268 -0.255126 0.407261 
0.371225 -0.480497 0.426166 
-0.597268 -0.255126 0.407261 
0.370867 -0.480477 0.426493 
-0.597268 -0.255126 0.407261 
0.370639 -0.481034 0.426203 
-0.597268 -0.255126 0.407261 
0.370614 -0.481462 0.425962 
-0.597268 -0.255126 0.407261 
0.370356 -0.481671 0.427688 
-0.597268 -0.255126 0.407261 
0.370384 -0.481972 0.425956 
-0.597268 -0.255126 0.407261 
0.370282 -0.482223 0.425974 
-0.597268 -0.255126 0.407261 
0.370033 -0.482545 0.425572 
-0.597268 -0.255126 0.407261 
0.369926 -0.482289 0.425889 
-0.597268 -0.255126 0.407261 
0.370088 -0.482686 0.424356 
-0.597268 -0.255126 0.407261 
0.370426 -0.483302 0.424932 
-0.597268 -0.255126 0.407261 
0.370859 -0.483576 0.426263 
-0.597268 -0.255126 0.407261 
0.371206 -0.482534 0.426872 
-0.597268 -0.255126 0.407261 
0.371848 -0.482005 0.429775 
-0.597268 -0.255126 0.407261 
0.372754 -0.482643 0.429813 
-0.597268 -0.255126 0.407261 
0.373459 -0.480904 0.427897 
-0.597268 -0.255126 0.407261 
0.37485 -0.480469 0.431908 
-0.597268 -0.255126 0.407261 
0.376244 -0.480373 0.432756 
-0.597268 -0.255126 0.407261 
0.377665 -0.480542 0.432332 
-0.597268 -0.255126 0.407261 
0.379099 -0.479871 0.435117 
-0.597268 -0.255126 0.407261 
0.380539 -0.478416 0.437998 
-0.597268 -0.255126 0.407261 
0.381786 -0.477775 0.436256 
-0.597268 -0.255126 0.407261 
0.382861 -0.477547 0.437379 
-0.597268 -0.255126 0.407261 
0.384218 -0.47702 0.435071 
-0.597268 -0.255126 0.407261 
0.385549 -0.476322 0.439211 
-0.597268 -0.255126 0.407261 
0.3874 -0.475916 0.44066 
-0.597268 -0.255126 0.407261 
0.388759 -0.475785 0.439717 
-0.597268 -0.255126 0.407261 
0.390148 -0.474734 0.440226 
-0.597268 -0.255126 0.407261 
0.391469 -0.473879 0.443167 
-0.597268 -0.255126 0.407261 
0.392934 -0.473194 0.444287 
-0.597268 -0.255126 0.407261 
0.394695 -0.472851 0.443913 
-0.597268 -0.255126 0.407261 
0.396175 -0.472295 0.444627 
-0.597268 -0.255126 0.407261 
0.397251 -0.471497 0.443326 
-0.597268 -0.255126 0.407261 
0.398918 -0.470821 0.445441 
-0.597268 -0.255126 0.407261 
0.40046 -0.470375 0.446907 
-0.597268 -0.255126 0.407261 
0.4017 -0.470451 0.447411 
-0.597268 -0.255126 0.407261 
0.402574 -0.469915 0.447062 
-0.597268 -0.255126 0.407261 
0.403646 -0.469363 0.447739 
-0.597268 -0.255126 0.407261 
0.404409 -0.468929 0.447665 
-0.597268 -0.255126 0.407261 
0.404925 -0.468859 0.448844 
-0.597268 -0.255126 0.407261 
0.405555 -0.469124 0.448613 
-0.597268 -0.255126 0.407261 
0.405729 -0.469584 0.447814 
-0.597268 -0.255126 0.407261 
0.405629 -0.468593 0.447936 
-0.597268 -0.255126 0.407261 
0.406255 -0.469114 0.450517 
-0.597268 -0.255126 0.407261 
0.406163 -0.469548 0.449967 
-0.597268 -0.255126 0.407261 
0.405953 -0.46926 0.449302 
-0.597268 -0.255126 0.407261 
0.405925 -0.469158 0.449062 
-0.597268 -0.255126 0.407261 
0.405926 -0.469138 0.448946 
-0.597268 -0.255126 0.407261 
0.405969 -0.469149 0.44908 
-0.597268 -0.255126 0.407261 
0.405931 -0.46917 0.44856 
-0.597268 -0.255126 0.407261 
0.406166 -0.469512 0.449961 
-0.597268 -0.255126 0.407261 
0.406237 -0.469566 0.449994 
-0.597268 -0.255126 0.407261 
0.406267 -0.469428 0.449894 
-0.597268 -0.255126 0.407261 
0.406256 -0.469498 0.449825 
-0.597268 -0.255126 0.407261 
0.406515 -0.469792 0.451171 
-0.597268 -0.255126 0.407261 
0.406281 -0.469439 0.449929 
-0.597268 -0.255126 0.407261 
0.406371 -0.469605 0.450509 
-0.597268 -0.255126 0.407261 
0.406188 -0.469247 0.449805 
-0.597268 -0.255126 0.407261 
0.40602 -0.469634 0.448443 
-0.597268 -0.255126 0.407261 
0.406198 -0.469555 0.449618 
-0.597268 -0.255126 0.407261 
0.406275 -0.469845 0.449875 
-0.597268 -0.255126 0.407261 
0.406308 -0.470012 0.450088 
-0.597268 -0.255126 0.407261 
0.406315 -0.469559 0.450285 
-0.597268 -0.255126 0.407261 
0.406058 -0.469186 0.448993 
-0.597268 -0.255126 0.407261 
0.40654 -0.46945 0.451469 
-0.597268 -0.255126 0.407261 
0.406249 -0.469662 0.449554 
-0.597268 -0.255126 0.407261 
0.406153 -0.469433 0.449895 
-0.597268 -0.255126 0.407261 
0.40627 -0.469597 0.450094 
-0.597268 -0.255126 0.407261 
0.406034 -0.469678 0.449996 
-0.597268 -0.255126 0.407261 
0.405793 -0.470416 0.450281 
-0.597268 -0.255126 0.407261 
0.405384 -0.470218 0.450748 
-0.597268 -0.255126 0.407261 
0.405059 -0.470856 0.451266 
-0.597268 -0.255126 0.407261 
0.404449 -0.471004 0.451352 
-0.597268 -0.255126 0.407261 
0.403826 -0.471961 0.451222 
-0.597268 -0.255126 0.407261 
0.403392 -0.472627 0.451793 
-0.597268 -0.255126 0.407261 
0.402856 -0.473025 0.452472 
-0.597268 -0.255126 0.407261 
0.402011 -0.473437 0.451832 
-0.597268 -0.255126 0.407261 
0.401595 -0.474288 0.452337 
-0.597268 -0.255126 0.407261 
0.400623 -0.474704 0.451802 
-0.597268 -0.255126 0.407261 
0.400184 -0.475213 0.452521 
-0.597268 -0.255126 0.407261 
0.39961 -0.475803 0.452838 
-0.597268 -0.255126 0.407261 
0.398956 -0.476232 0.45253 
-0.597268 -0.255126 0.407261 
0.398028 -0.475917 0.452388 
-0.597268 -0.255126 0.407261 
0.397637 -0.477323 0.452606 
-0.597268 -0.255126 0.407261 
0.396907 -0.477448 0.452994 
-0.597268 -0.255126 0.407261 
0.395846 -0.477639 0.452131 
-0.597268 -0.255126 0.407261 
0.395273 -0.478883 0.452177 
-0.597268 -0.255126 0.407261 
0.394875 -0.479163 0.453963 
-0.597268 -0.255126 0.407261 
0.393968 -0.479885 0.452937 
-0.597268 -0.255126 0.407261 
0.393572 -0.479869 0.454985 
-0.597268 -0.255126 0.407261 
0.392414 -0.480168 0.453873 
-0.597268 -0.255126 0.407261 
0.391938 -0.48057 0.454983 
-0.597268 -0.255126 0.407261 
0.391199 -0.481855 0.453836 
-0.597268 -0.255126 0.407261 
0.390335 -0.481599 0.454202 
-0.597268 -0.255126 0.407261 
0.390088 -0.481793 0.455073 
-0.597268 -0.255126 0.407261 
0.389651 -0.481955 0.45507 
-0.597268 -0.255126 0.407261 
0.388894 -0.481966 0.453799 
-0.597268 -0.255126 0.407261 
0.388048 -0.481257 0.452789 
-0.597268 -0.255126 0.407261 
0.387944 -0.482236 0.452543 
-0.597268 -0.255126 0.407261 
0.387651 -0.482236 0.452284 
-0.597268 -0.255126 0.407261 
0.387944 -0.482023 0.454612 
-0.597268 -0.255126 0.407261 
0.387278 -0.48219 0.453433 
-0.597268 -0.255126 0.407261 
0.386752 -0.482019 0.452137 
-0.597268 -0.255126 0.407261 
0.3865 -0.481992 0.451923 
-0.597268 -0.255126 0.407261 
0.385803 -0.481954 0.450172 
-0.597268 -0.255126 0.407261 
0.385855 -0.481875 0.45128 
-0.597268 -0.255126 0.407261 
0.386033 -0.481844 0.452674 
-0.597268 -0.255126 0.407261 
0.384871 -0.48116 0.449602 
-0.597268 -0.255126 0.407261 
0.384696 -0.481596 0.449099 
-0.597268 -0.255126 0.407261 
0.384229 -0.481597 0.44783 
-0.597268 -0.255126 0.407261 
0.384527 -0.481633 0.449931 
-0.597268 -0.255126 0.407261 
0.384297 -0.481587 0.449654 
-0.597268 -0.255126 0.407261 
0.384622 -0.482121 0.450327 
-0.597268 -0.255126 0.407261 
0.384171 -0.482071 0.449207 
-0.597268 -0.255126 0.407261 
0.383883 -0.481899 0.448811 
-0.597268 -0.255126 0.407261 
0.384024 -0.481833 0.44976 
-0.597268 -0.255126 0.407261 
0.383672 -0.481562 0.448818 
-0.597268 -0.255126 0.407261 
0.383055 -0.481382 0.447654 
-0.597268 -0.255126 0.407261 
0.383632 -0.481567 0.449578 
-0.597268 -0.255126 0.407261 
0.382937 -0.481782 0.447385 
-0.597268 -0.255126 0.407261 
0.383077 -0.481421 0.448107 
-0.597268 -0.255126 0.407261 
0.382601 -0.481395 0.446964 
-0.597268 -0.255126 0.407261 
0.382513 -0.481431 0.446764 
-0.597268 -0.255126 0.407261 
0.38234 -0.481372 0.446308 
-0.597268 -0.255126 0.407261 
0.382284 -0.481373 0.446097 
-0.597268 -0.255126 0.407261 
0.382185 -0.481345 0.445749 
-0.597268 -0.255126 0.407261 
0.382771 -0.481573 0.447392 
-0.597268 -0.255126 0.407261 
0.382745 -0.481565 0.447364 
-0.597268 -0.255126 0.407261 
0.382339 -0.481326 0.445845 
-0.597268 -0.255126 0.407261 
0.382615 -0.481243 0.446789 
-0.597268 -0.255126 0.407261 
0.382363 -0.481286 0.445649 
-0.597268 -0.255126 0.407261 
0.382405 -0.481308 0.445463 
-0.597268 -0.255126 0.407261 
0.382443 -0.4814 0.44525 
-0.597268 -0.255126 0.407261 
0.382426 -0.481424 0.445024 
-0.597268 -0.255126 0.407261 
0.382395 -0.481511 0.444507 
-0.597268 -0.255126 0.407261 
0.382436 -0.481566 0.444528 
-0.597268 -0.255126 0.407261 
0.382194 -0.481844 0.443457 
-0.597268 -0.255126 0.407261 
0.382222 -0.481543 0.443877 
-0.597268 -0.255126 0.407261 
0.382101 -0.481281 0.443635 
-0.597268 -0.255126 0.407261 
0.382097 -0.481511 0.443395 
-0.597268 -0.255126 0.407261 
0.382026 -0.481402 0.443163 
-0.597268 -0.255126 0.407261 
0.381939 -0.481272 0.442921 
-0.597268 -0.255126 0.407261 
0.381897 -0.481816 0.442199 
-0.597268 -0.255126 0.407261 
0.381793 -0.481153 0.442539 
-0.597268 -0.255126 0.407261 
0.381893 -0.48116 0.4429 
-0.597268 -0.255126 0.407261 
0.381326 -0.48163 0.440525 
-0.597268 -0.255126 0.407261 
0.381377 -0.480798 0.441676 
-0.597268 -0.255126 0.407261 
0.381306 -0.480678 0.441467 
-0.597268 -0.255126 0.407261 
0.381393 -0.480598 0.441539 
-0.597268 -0.255126 0.407261 
0.381232 -0.480514 0.441269 
-0.597268 -0.255126 0.407261 
0.381566 -0.480665 0.442009 
-0.597268 -0.255126 0.407261 
0.381311 -0.480907 0.440585 
-0.597268 -0.255126 0.407261 
0.381093 -0.480823 0.439442 
-0.597268 -0.255126 0.407261 
0.380618 -0.480331 0.438306 
-0.597268 -0.255126 0.407261 
0.38116 -0.480609 0.440206 
-0.597268 -0.255126 0.407261 
0.381287 -0.481012 0.439659 
-0.597268 -0.255126 0.407261 
0.38108 -0.480616 0.439529 
-0.597268 -0.255126 0.407261 
0.380818 -0.480124 0.438455 
-0.597268 -0.255126 0.407261 
0.381166 -0.480846 0.43931 
-0.597268 -0.255126 0.407261 
0.381343 -0.481112 0.439679 
-0.597268 -0.255126 0.407261 
0.381359 -0.480983 0.439388 
-0.597268 -0.255126 0.407261 
0.381243 -0.481075 0.438024 
-0.597268 -0.255126 0.407261 
0.381866 -0.480699 0.440547 
-0.597268 -0.255126 0.407261 
0.381523 -0.480829 0.438213 
-0.597268 -0.255126 0.407261 
0.381402 -0.4807 0.43702 
-0.597268 -0.255126 0.407261 
0.381439 -0.48086 0.435975 
-0.597268 -0.255126 0.407261 
0.382174 -0.481424 0.438612 
-0.597268 -0.255126 0.407261 
0.382248 -0.481556 0.438121 
-0.597268 -0.255126 0.407261 
0.382535 -0.481928 0.438127 
-0.597268 -0.255126 0.407261 
0.38296 -0.481637 0.439477 
-0.597268 -0.255126 0.407261 
0.382924 -0.482161 0.438471 
-0.597268 -0.255126 0.407261 
0.383079 -0.482342 0.438374 
-0.597268 -0.255126 0.407261 
0.383072 -0.482218 0.43798 
-0.597268 -0.255126 0.407261 
0.383946 -0.483364 0.439813 
-0.597268 -0.255126 0.407261 
0.384135 -0.482926 0.440576 
-0.597268 -0.255126 0.407261 
0.383859 -0.483087 0.439369 
-0.597268 -0.255126 0.407261 
0.384292 -0.483012 0.440897 
-0.597268 -0.255126 0.407261 
0.383716 -0.482665 0.438893 
-0.597268 -0.255126 0.407261 
0.383697 -0.483048 0.438653 
-0.597268 -0.255126 0.407261 
0.383676 -0.483067 0.438695 
-0.597268 -0.255126 0.407261 
0.383625 -0.483096 0.438539 
-0.597268 -0.255126 0.407261 
0.383552 -0.483053 0.438406 
-0.597268 -0.255126 0.407261 
0.383479 -0.48371 0.437231 
-0.597268 -0.255126 0.407261 
0.38359 -0.48271 0.438682 
-0.597268 -0.255126 0.407261 
0.383529 -0.482847 0.438709 
-0.597268 -0.255126 0.407261 
0.383449 -0.482754 0.438776 
-0.597268 -0.255126 0.407261 
0.383326 -0.482629 0.438812 
-0.597268 -0.255126 0.407261 
0.38316 -0.483001 0.438923 
-0.597268 -0.255126 0.407261 
0.383097 -0.483565 0.439493 
-0.597268 -0.255126 0.407261 
0.382361 -0.483511 0.438311 
-0.597268 -0.255126 0.407261 
0.381821 -0.483425 0.437743 
-0.597268 -0.255126 0.407261 
0.382068 -0.484249 0.439205 
-0.597268 -0.255126 0.407261 
0.381575 -0.484717 0.438598 
-0.597268 -0.255126 0.407261 
0.381436 -0.484855 0.439658 
-0.597268 -0.255126 0.407261 
0.381134 -0.485192 0.439226 
-0.597268 -0.255126 0.407261 
0.380862 -0.485508 0.439302 
-0.597268 -0.255126 0.407261 
0.380595 -0.48592 0.439462 
-0.597268 -0.255126 0.407261 
0.380347 -0.486314 0.439662 
-0.597268 -0.255126 0.407261 
0.379144 -0.485949 0.437085 
-0.597268 -0.255126 0.407261 
0.379093 -0.487069 0.437452 
-0.597268 -0.255126 0.407261 
0.378704 -0.487409 0.436763 
-0.597268 -0.255126 0.407261 
0.378683 -0.487951 0.437669 
-0.597268 -0.255126 0.407261 
0.378578 -0.488666 0.438502 
-0.597268 -0.255126 0.407261 
0.378733 -0.488758 0.44131 
-0.597268 -0.255126 0.407261 
0.378337 -0.489234 0.440454 
-0.597268 -0.255126 0.407261 
0.377884 -0.490361 0.439249 
-0.597268 -0.255126 0.407261 
0.377877 -0.490593 0.441881 
-0.597268 -0.255126 0.407261 
0.377141 -0.490805 0.43973 
-0.597268 -0.255126 0.407261 
0.37678 -0.490927 0.440428 
-0.597268 -0.255126 0.407261 
0.376548 -0.491472 0.44116 
-0.597268 -0.255126 0.407261 
0.376728 -0.492174 0.44319 
-0.597268 -0.255126 0.407261 
0.376328 -0.492666 0.442695 
-0.597268 -0.255126 0.407261 
0.375873 -0.492151 0.4431 
-0.597268 -0.255126 0.407261 
0.375661 -0.49332 0.441383 
-0.597268 -0.255126 0.407261 
0.375439 -0.493482 0.441166 
-0.597268 -0.255126 0.407261 
0.37544 -0.493353 0.443297 
-0.597268 -0.255126 0.407261 
0.375056 -0.493816 0.441223 
-0.597268 -0.255126 0.407261 
0.374924 -0.493734 0.442306 
-0.597268 -0.255126 0.407261 
0.374587 -0.493494 0.441789 
-0.597268 -0.255126 0.407261 
0.374554 -0.494303 0.441282 
-0.597268 -0.255126 0.407261 
0.374299 -0.494961 0.440613 
-0.597268 -0.255126 0.407261 
0.374306 -0.494955 0.44209 
-0.597268 -0.255126 0.407261 
0.374035 -0.494718 0.441054 
-0.597268 -0.255126 0.407261 
0.373701 -0.494866 0.441102 
-0.597268 -0.255126 0.407261 
0.373545 -0.495004 0.440748 
-0.597268 -0.255126 0.407261 
0.373345 -0.495337 0.441643 
-0.597268 -0.255126 0.407261 
0.372941 -0.495187 0.440504 
-0.597268 -0.255126 0.407261 
0.372713 -0.495289 0.441584 
-0.597268 -0.255126 0.407261 
0.372373 -0.495851 0.441455 
-0.597268 -0.255126 0.407261 
0.372166 -0.495652 0.442192 
-0.597268 -0.255126 0.407261 
0.371601 -0.495408 0.440815 
-0.597268 -0.255126 0.407261 
0.371423 -0.496091 0.440219 
-0.597268 -0.255126 0.407261 
0.371339 -0.496244 0.441552 
-0.597268 -0.255126 0.407261 
0.370956 -0.496123 0.441356 
-0.597268 -0.255126 0.407261 
0.370411 -0.496526 0.440395 
-0.597268 -0.255126 0.407261 
0.369905 -0.497357 0.43935 
-0.597268 -0.255126 0.407261 
0.36938 -0.49713 0.439113 
-0.597268 -0.255126 0.407261 
0.369232 -0.496802 0.440502 
-0.597268 -0.255126 0.407261 
0.368917 -0.496944 0.43937 
-0.597268 -0.255126 0.407261 
0.368761 -0.496539 0.439467 
-0.597268 -0.255126 0.407261 
0.368869 -0.496072 0.439481 
-0.597268 -0.255126 0.407261 
0.3688 -0.495329 0.43792 
-0.597268 -0.255126 0.407261 
0.368934 -0.494676 0.43843 
-0.597268 -0.255126 0.407261 
0.369032 -0.494536 0.437752 
-0.597268 -0.255126 0.407261 
0.368915 -0.493422 0.437518 
-0.597268 -0.255126 0.407261 
0.368929 -0.492977 0.437072 
-0.597268 -0.255126 0.407261 
0.369016 -0.49228 0.435963 
-0.597268 -0.255126 0.407261 
0.369131 -0.491626 0.436297 
