-0.634382 -0.220838 0.383229 
0.400795 -0.504304 0.485867 
-0.634382 -0.220838 0.38323 
0.400795 -0.504304 0.485867 
-0.624651 -0.220486 0.382148 
0.400795 -0.504304 0.485867 
-0.628144 -0.219463 0.381348 
0.400795 -0.504304 0.485867 
-0.628275 -0.219923 0.381214 
0.400795 -0.504304 0.485867 
-0.628711 -0.219526 0.381637 
0.400795 -0.504304 0.485867 
-0.62885 -0.220016 0.382439 
0.400795 -0.504304 0.485867 
-0.628534 -0.221426 0.382739 
0.400795 -0.504304 0.485867 
-0.628022 -0.222073 0.382527 
0.400795 -0.504304 0.485867 
-0.626391 -0.223349 0.382486 
0.400795 -0.504304 0.485867 
-0.624942 -0.224209 0.381602 
0.400795 -0.504304 0.485867 
-0.622858 -0.225123 0.381634 
0.400795 -0.504304 0.485867 
-0.621748 -0.225918 0.38084 
0.400795 -0.504304 0.485867 
-0.620558 -0.225324 0.381282 
0.400795 -0.504304 0.485867 
-0.619579 -0.225925 0.380734 
0.400795 -0.504304 0.485867 
-0.619097 -0.225912 0.380763 
0.400795 -0.504304 0.485867 
-0.618191 -0.225607 0.380469 
0.400795 -0.504304 0.485867 
-0.618015 -0.225888 0.380926 
0.400795 -0.504304 0.485867 
-0.617107 -0.224936 0.380671 
0.400795 -0.504304 0.485867 
-0.61723 -0.225581 0.381066 
0.400795 -0.504304 0.485867 
-0.616881 -0.224824 0.381158 
0.400795 -0.504304 0.485867 
-0.616769 -0.224399 0.380923 
0.400795 -0.504304 0.485867 
-0.616713 -0.224879 0.381094 
0.400795 -0.504304 0.485867 
-0.616686 -0.225274 0.380935 
0.400795 -0.504304 0.485867 
-0.616654 -0.225852 0.380769 
0.400795 -0.504304 0.485867 
-0.616502 -0.22584 0.38069 
0.400795 -0.504304 0.485867 
-0.616336 -0.226073 0.380581 
0.400795 -0.504304 0.485867 
-0.616121 -0.226252 0.380858 
0.400795 -0.504304 0.485867 
-0.615593 -0.226416 0.380298 
0.400795 -0.504304 0.485867 
-0.615107 -0.2264 0.380507 
0.400795 -0.504304 0.485867 
-0.614649 -0.226706 0.380524 
0.400795 -0.504304 0.485867 
-0.613758 -0.226933 0.380212 
0.400795 -0.504304 0.485867 
-0.61313 -0.226504 0.380241 
0.400795 -0.504304 0.485867 
-0.612333 -0.227591 0.380073 
0.400795 -0.504304 0.485867 
-0.612186 -0.226872 0.379914 
0.400795 -0.504304 0.485867 
-0.611761 -0.227309 0.380012 
0.400795 -0.504304 0.485867 
-0.611767 -0.227656 0.380098 
0.400795 -0.504304 0.485867 
-0.612059 -0.226341 0.380157 
0.400795 -0.504304 0.485867 
-0.611995 -0.22746 0.379979 
0.400795 -0.504304 0.485867 
-0.612376 -0.226255 0.380134 
0.400795 -0.504304 0.485867 
-0.612356 -0.226595 0.380119 
0.400795 -0.504304 0.485867 
-0.612375 -0.22676 0.380017 
0.400795 -0.504304 0.485867 
-0.612498 -0.226461 0.380151 
0.400795 -0.504304 0.485867 
-0.612664 -0.22663 0.380027 
0.400795 -0.504304 0.485867 
-0.612715 -0.226671 0.379975 
0.400795 -0.504304 0.485867 
-0.612594 -0.226533 0.380386 
0.400795 -0.504304 0.485867 
-0.612689 -0.226641 0.380019 
0.400795 -0.504304 0.485867 
-0.61265 -0.226727 0.380255 
0.400795 -0.504304 0.485867 
-0.612504 -0.226491 0.380231 
0.400795 -0.504304 0.485867 
-0.612453 -0.226835 0.380453 
0.400795 -0.504304 0.485867 
-0.612469 -0.226832 0.380033 
0.400795 -0.504304 0.485867 
-0.612419 -0.227055 0.380472 
0.400795 -0.504304 0.485867 
-0.612729 -0.226908 0.380051 
0.400795 -0.504304 0.485867 
-0.612365 -0.226971 0.380301 
0.400795 -0.504304 0.485867 
-0.612634 -0.226742 0.37995 
0.400795 -0.504304 0.485867 
-0.612483 -0.226984 0.380191 
0.400795 -0.504304 0.485867 
-0.612589 -0.226493 0.38018 
0.400795 -0.504304 0.485867 
-0.612543 -0.227176 0.38041 
0.400795 -0.504304 0.485867 
-0.612566 -0.22689 0.380603 
0.400795 -0.504304 0.485867 
-0.61253 -0.227117 0.380753 
0.400795 -0.504304 0.485867 
-0.612468 -0.226899 0.380815 
0.400795 -0.504304 0.485867 
-0.612589 -0.227001 0.380942 
0.400795 -0.504304 0.485867 
-0.612523 -0.227004 0.380731 
0.400795 -0.504304 0.485867 
-0.612701 -0.22729 0.380785 
0.400795 -0.504304 0.485867 
-0.612487 -0.227097 0.380715 
0.400795 -0.504304 0.485867 
-0.612631 -0.226907 0.380585 
0.400795 -0.504304 0.485867 
-0.612594 -0.227063 0.380638 
0.400795 -0.504304 0.485867 
-0.612527 -0.2267 0.380542 
0.400795 -0.504304 0.485867 
-0.612588 -0.227151 0.380528 
0.400795 -0.504304 0.485867 
-0.612469 -0.226972 0.380614 
0.400795 -0.504304 0.485867 
-0.612492 -0.226782 0.380549 
0.400795 -0.504304 0.485867 
-0.612481 -0.227163 0.380428 
0.400795 -0.504304 0.485867 
-0.612511 -0.226834 0.380737 
0.400795 -0.504304 0.485867 
-0.612532 -0.226995 0.38047 
0.400795 -0.504304 0.485867 
-0.612527 -0.227102 0.380723 
0.400795 -0.504304 0.485867 
-0.612578 -0.226874 0.380651 
0.400795 -0.504304 0.485867 
-0.61256 -0.227493 0.380812 
0.400795 -0.504304 0.485867 
-0.612539 -0.227113 0.380843 
0.400795 -0.504304 0.485867 
-0.612566 -0.227337 0.380771 
0.400795 -0.504304 0.485867 
-0.61254 -0.226893 0.380827 
0.400795 -0.504304 0.485867 
-0.612511 -0.227035 0.380712 
0.400795 -0.504304 0.485867 
-0.61253 -0.226882 0.380623 
0.400795 -0.504304 0.485867 
-0.612502 -0.22714 0.38076 
0.400795 -0.504304 0.485867 
-0.612552 -0.226597 0.380272 
0.400795 -0.504304 0.485867 
-0.612438 -0.226626 0.380466 
0.400795 -0.504304 0.485867 
-0.612423 -0.226694 0.380131 
0.400795 -0.504304 0.485867 
-0.612395 -0.226901 0.38044 
0.400795 -0.504304 0.485867 
-0.612524 -0.226443 0.380074 
0.400795 -0.504304 0.485867 
-0.612235 -0.226755 0.380446 
0.400795 -0.504304 0.485867 
-0.612609 -0.226529 0.380117 
0.400795 -0.504304 0.485867 
-0.612439 -0.226709 0.380365 
0.400795 -0.504304 0.485867 
-0.612586 -0.226943 0.380386 
0.400795 -0.504304 0.485867 
-0.612406 -0.226735 0.380451 
0.400795 -0.504304 0.485867 
-0.612638 -0.22691 0.38041 
0.400795 -0.504304 0.485867 
-0.612471 -0.226558 0.380401 
0.400795 -0.504304 0.485867 
-0.612415 -0.226871 0.380618 
0.400795 -0.504304 0.485867 
-0.612512 -0.226312 0.380289 
0.400795 -0.504304 0.485867 
-0.61257 -0.226653 0.380363 
0.400795 -0.504304 0.485867 
-0.612561 -0.226328 0.380139 
0.400795 -0.504304 0.485867 
-0.612458 -0.226689 0.380252 
0.400795 -0.504304 0.485867 
-0.612546 -0.226451 0.380256 
0.400795 -0.504304 0.485867 
-0.612469 -0.226495 0.380318 
0.400795 -0.504304 0.485867 
-0.612445 -0.226398 0.380541 
0.400795 -0.504304 0.485867 
-0.612443 -0.226948 0.380726 
0.400795 -0.504304 0.485867 
-0.612475 -0.226382 0.380511 
0.400795 -0.504304 0.485867 
-0.61244 -0.226778 0.380706 
0.400795 -0.504304 0.485867 
-0.61248 -0.226679 0.380666 
0.400795 -0.504304 0.485867 
-0.612503 -0.226666 0.380597 
0.400795 -0.504304 0.485867 
-0.61247 -0.226765 0.380523 
0.400795 -0.504304 0.485867 
