-0.597268 -0.255126 0.407261 
0.445479 -0.47088 0.48151 
-0.597268 -0.255126 0.407261 
0.445479 -0.47088 0.48151 
-0.597268 -0.255126 0.407261 
0.445479 -0.47088 0.48151 
-0.597268 -0.255126 0.407261 
0.444925 -0.470866 0.480905 
-0.597268 -0.255126 0.407261 
0.444516 -0.470883 0.480605 
-0.597268 -0.255126 0.407261 
0.44381 -0.470967 0.480433 
-0.597268 -0.255126 0.407261 
0.443117 -0.471012 0.48105 
-0.597268 -0.255126 0.407261 
0.442016 -0.471146 0.481442 
-0.597268 -0.255126 0.407261 
0.440459 -0.471432 0.481719 
-0.597268 -0.255126 0.407261 
0.439065 -0.471916 0.482663 
-0.597268 -0.255126 0.407261 
0.437607 -0.472434 0.48353 
-0.597268 -0.255126 0.407261 
0.436015 -0.473009 0.484177 
-0.597268 -0.255126 0.407261 
0.434569 -0.473635 0.484961 
-0.597268 -0.255126 0.407261 
0.433312 -0.474268 0.485897 
-0.597268 -0.255126 0.407261 
0.432253 -0.474865 0.487028 
-0.597268 -0.255126 0.407261 
0.431081 -0.475442 0.487914 
-0.597268 -0.255126 0.407261 
0.430135 -0.475947 0.487948 
-0.597268 -0.255126 0.407261 
0.429337 -0.476487 0.488263 
-0.597268 -0.255126 0.407261 
0.429382 -0.47685 0.489082 
-0.597268 -0.255126 0.407261 
0.429221 -0.477065 0.489071 
-0.597268 -0.255126 0.407261 
0.429006 -0.477104 0.488901 
-0.597268 -0.255126 0.407261 
0.428998 -0.477108 0.488982 
-0.597268 -0.255126 0.407261 
0.428829 -0.477042 0.488719 
-0.597268 -0.255126 0.407261 
0.428607 -0.476963 0.488345 
-0.597268 -0.255126 0.407261 
0.428179 -0.476939 0.487585 
-0.597268 -0.255126 0.407261 
0.428075 -0.476861 0.487542 
-0.597268 -0.255126 0.407261 
0.427849 -0.47684 0.487245 
-0.597268 -0.255126 0.407261 
0.427556 -0.476827 0.486819 
-0.597268 -0.255126 0.407261 
0.427351 -0.476718 0.486569 
-0.597268 -0.255126 0.407261 
0.427187 -0.47662 0.486365 
-0.597268 -0.255126 0.407261 
0.427249 -0.476566 0.486516 
-0.597268 -0.255126 0.407261 
0.427152 -0.476522 0.486355 
-0.597268 -0.255126 0.407261 
0.427052 -0.476505 0.486223 
-0.597268 -0.255126 0.407261 
0.427211 -0.476388 0.486658 
-0.597268 -0.255126 0.407261 
0.427237 -0.476284 0.486804 
-0.597268 -0.255126 0.407261 
0.42714 -0.476192 0.486661 
-0.597268 -0.255126 0.407261 
0.426974 -0.476131 0.486401 
-0.597268 -0.255126 0.407261 
0.42689 -0.476027 0.486325 
-0.597268 -0.255126 0.407261 
0.426809 -0.475978 0.486224 
-0.597268 -0.255126 0.407261 
0.426655 -0.475963 0.485971 
-0.597268 -0.255126 0.407261 
0.42644 -0.475928 0.48568 
-0.597268 -0.255126 0.407261 
0.426402 -0.475936 0.485697 
-0.597268 -0.255126 0.407261 
0.42641 -0.475944 0.485781 
-0.597268 -0.255126 0.407261 
0.426292 -0.476069 0.485552 
-0.597268 -0.255126 0.407261 
0.426196 -0.476213 0.48535 
-0.597268 -0.255126 0.407261 
0.426116 -0.476314 0.485209 
-0.597268 -0.255126 0.407261 
0.426314 -0.476374 0.485598 
-0.597268 -0.255126 0.407261 
0.426372 -0.476482 0.48564 
-0.597268 -0.255126 0.407261 
0.426538 -0.476525 0.485925 
-0.597268 -0.255126 0.407261 
0.426359 -0.476642 0.485525 
-0.597268 -0.255126 0.407261 
0.426489 -0.476726 0.4857 
-0.597268 -0.255126 0.407261 
0.426565 -0.476703 0.485793 
-0.597268 -0.255126 0.407261 
0.426488 -0.47669 0.485611 
-0.597268 -0.255126 0.407261 
0.426449 -0.476705 0.485461 
-0.597268 -0.255126 0.407261 
0.426553 -0.476574 0.485683 
-0.597268 -0.255126 0.407261 
0.426621 -0.476509 0.485765 
-0.597268 -0.255126 0.407261 
0.426608 -0.476473 0.485728 
-0.597268 -0.255126 0.407261 
0.426529 -0.476479 0.485539 
-0.597268 -0.255126 0.407261 
0.426557 -0.476494 0.485537 
-0.597268 -0.255126 0.407261 
0.426499 -0.476499 0.485392 
-0.597268 -0.255126 0.407261 
0.426483 -0.476422 0.485359 
-0.597268 -0.255126 0.407261 
0.426417 -0.476363 0.485244 
-0.597268 -0.255126 0.407261 
0.426219 -0.476419 0.484831 
-0.597268 -0.255126 0.407261 
0.426139 -0.476398 0.484683 
-0.597268 -0.255126 0.407261 
0.426139 -0.476395 0.484642 
-0.597268 -0.255126 0.407261 
0.426155 -0.476301 0.484736 
-0.597268 -0.255126 0.407261 
0.426034 -0.476259 0.484519 
-0.597268 -0.255126 0.407261 
0.425977 -0.476199 0.484401 
-0.597268 -0.255126 0.407261 
0.425936 -0.476043 0.484405 
-0.597268 -0.255126 0.407261 
0.425809 -0.475906 0.484229 
-0.597268 -0.255126 0.407261 
0.425622 -0.475815 0.483902 
-0.597268 -0.255126 0.407261 
0.425403 -0.475753 0.483484 
-0.597268 -0.255126 0.407261 
0.425195 -0.475701 0.483077 
-0.597268 -0.255126 0.407261 
0.425182 -0.475538 0.483131 
-0.597268 -0.255126 0.407261 
0.424935 -0.475447 0.482698 
-0.597268 -0.255126 0.407261 
0.424726 -0.475378 0.482304 
-0.597268 -0.255126 0.407261 
0.424719 -0.475363 0.482312 
-0.597268 -0.255126 0.407261 
0.424738 -0.475253 0.482435 
-0.597268 -0.255126 0.407261 
0.424655 -0.475122 0.482328 
-0.597268 -0.255126 0.407261 
0.424514 -0.475054 0.482066 
-0.597268 -0.255126 0.407261 
0.424606 -0.474947 0.482276 
-0.597268 -0.255126 0.407261 
0.424701 -0.474897 0.482461 
-0.597268 -0.255126 0.407261 
0.424812 -0.474898 0.482639 
-0.597268 -0.255126 0.407261 
0.425016 -0.474836 0.483037 
-0.597268 -0.255126 0.407261 
0.425154 -0.474879 0.483268 
-0.597268 -0.255126 0.407261 
0.425484 -0.474963 0.483878 
-0.597268 -0.255126 0.407261 
0.425427 -0.475033 0.4837 
-0.597268 -0.255126 0.407261 
0.425247 -0.475088 0.483279 
-0.597268 -0.255126 0.407261 
0.42537 -0.475184 0.48345 
-0.597268 -0.255126 0.407261 
0.425644 -0.475319 0.483913 
-0.597268 -0.255126 0.407261 
0.425644 -0.475319 0.483913 
-0.597268 -0.255126 0.407261 
0.425644 -0.475319 0.483913 
-0.597268 -0.255126 0.407261 
0.425793 -0.475495 0.48414 
-0.597268 -0.255126 0.407261 
0.425814 -0.475569 0.484152 
-0.597268 -0.255126 0.407261 
0.425842 -0.475615 0.484212 
-0.597268 -0.255126 0.407261 
0.425845 -0.475693 0.484198 
-0.597268 -0.255126 0.407261 
0.425753 -0.475737 0.484016 
-0.597268 -0.255126 0.407261 
0.425617 -0.475663 0.483829 
-0.597268 -0.255126 0.407261 
0.425584 -0.475683 0.483808 
-0.597268 -0.255126 0.407261 
0.425459 -0.475719 0.483587 
-0.597268 -0.255126 0.407261 
0.425432 -0.475752 0.483561 
-0.597268 -0.255126 0.407261 
0.425309 -0.475762 0.483322 
-0.597268 -0.255126 0.407261 
0.425198 -0.475699 0.483133 
-0.597268 -0.255126 0.407261 
0.425272 -0.475665 0.483333 
-0.597268 -0.255126 0.407261 
0.425258 -0.475731 0.483326 
-0.597268 -0.255126 0.407261 
0.425344 -0.475721 0.483521 
-0.597268 -0.255126 0.407261 
0.425295 -0.475708 0.483447 
-0.597268 -0.255126 0.407261 
0.42531 -0.47571 0.483451 
-0.597268 -0.255126 0.407261 
0.42535 -0.475714 0.483502 
-0.597268 -0.255126 0.407261 
0.425443 -0.475672 0.483723 
-0.597268 -0.255126 0.407261 
0.425502 -0.475631 0.483842 
-0.597268 -0.255126 0.407261 
0.425433 -0.475562 0.483732 
-0.597268 -0.255126 0.407261 
0.425532 -0.475483 0.483979 
-0.597268 -0.255126 0.407261 
0.425498 -0.47547 0.483916 
-0.597268 -0.255126 0.407261 
0.425326 -0.475484 0.483574 
-0.597268 -0.255126 0.407261 
0.425312 -0.475479 0.483536 
-0.597268 -0.255126 0.407261 
0.42524 -0.475422 0.483387 
-0.597268 -0.255126 0.407261 
0.42516 -0.475449 0.483186 
-0.597268 -0.255126 0.407261 
0.425194 -0.475417 0.483287 
-0.597268 -0.255126 0.407261 
0.42523 -0.475533 0.483266 
-0.597268 -0.255126 0.407261 
0.425233 -0.475556 0.483239 
-0.597268 -0.255126 0.407261 
0.425258 -0.475618 0.483265 
-0.597268 -0.255126 0.407261 
0.425254 -0.475642 0.483253 
-0.597268 -0.255126 0.407261 
0.425143 -0.47567 0.48306 
-0.597268 -0.255126 0.407261 
0.424915 -0.475736 0.482599 
-0.597268 -0.255126 0.407261 
0.424903 -0.475692 0.482626 
-0.597268 -0.255126 0.407261 
0.424883 -0.475728 0.482606 
-0.597268 -0.255126 0.407261 
0.424798 -0.475724 0.482502 
-0.597268 -0.255126 0.407261 
0.424706 -0.475668 0.482356 
-0.597268 -0.255126 0.407261 
0.42455 -0.475574 0.482155 
-0.597268 -0.255126 0.407261 
0.424189 -0.47548 0.481519 
-0.597268 -0.255126 0.407261 
0.42392 -0.475363 0.481062 
-0.597268 -0.255126 0.407261 
0.42356 -0.475244 0.480508 
-0.597268 -0.255126 0.407261 
0.423268 -0.475025 0.48022 
-0.597268 -0.255126 0.407261 
0.423038 -0.474697 0.480191 
