-0.614981 -0.249064 0.381191 
0.400795 -0.504304 0.485867 
-0.614982 -0.249065 0.381191 
0.400795 -0.504304 0.485867 
-0.614794 -0.248939 0.380314 
0.400795 -0.504304 0.485867 
-0.614705 -0.249778 0.38014 
0.400795 -0.504304 0.485867 
-0.614516 -0.249779 0.380236 
0.400795 -0.504304 0.485867 
-0.614087 -0.250016 0.380597 
0.400795 -0.504304 0.485867 
-0.613731 -0.251255 0.380544 
0.400795 -0.504304 0.485867 
-0.61328 -0.25258 0.380548 
0.400795 -0.504304 0.485867 
-0.61277 -0.25297 0.380338 
0.400795 -0.504304 0.485867 
-0.611547 -0.253632 0.379693 
0.400795 -0.504304 0.485867 
-0.610141 -0.254126 0.37953 
0.400795 -0.504304 0.485867 
-0.608872 -0.25424 0.379789 
0.400795 -0.504304 0.485867 
-0.607872 -0.254082 0.379737 
0.400795 -0.504304 0.485867 
-0.607093 -0.254033 0.379611 
0.400795 -0.504304 0.485867 
-0.606383 -0.25417 0.379194 
0.400795 -0.504304 0.485867 
-0.605863 -0.254373 0.378877 
0.400795 -0.504304 0.485867 
-0.605552 -0.254269 0.378788 
0.400795 -0.504304 0.485867 
-0.605196 -0.254626 0.378847 
0.400795 -0.504304 0.485867 
-0.604725 -0.25455 0.378928 
0.400795 -0.504304 0.485867 
-0.604315 -0.254719 0.37872 
0.400795 -0.504304 0.485867 
-0.604074 -0.2544 0.378747 
0.400795 -0.504304 0.485867 
-0.603877 -0.254362 0.378675 
0.400795 -0.504304 0.485867 
-0.603563 -0.25448 0.37863 
0.400795 -0.504304 0.485867 
-0.603337 -0.254581 0.378614 
0.400795 -0.504304 0.485867 
-0.603321 -0.25471 0.378075 
0.400795 -0.504304 0.485867 
-0.603203 -0.254444 0.377717 
0.400795 -0.504304 0.485867 
-0.602977 -0.254494 0.377916 
0.400795 -0.504304 0.485867 
-0.602851 -0.254475 0.377931 
0.400795 -0.504304 0.485867 
-0.601947 -0.254975 0.37807 
0.400795 -0.504304 0.485867 
-0.60143 -0.255205 0.377874 
0.400795 -0.504304 0.485867 
-0.600912 -0.255432 0.3778 
0.400795 -0.504304 0.485867 
-0.600422 -0.25527 0.377856 
0.400795 -0.504304 0.485867 
-0.599827 -0.255148 0.377428 
0.400795 -0.504304 0.485867 
-0.599276 -0.254959 0.377496 
0.400795 -0.504304 0.485867 
-0.599073 -0.254887 0.377507 
0.400795 -0.504304 0.485867 
-0.598913 -0.255293 0.37771 
0.400795 -0.504304 0.485867 
-0.598894 -0.255177 0.377667 
0.400795 -0.504304 0.485867 
-0.598819 -0.255129 0.377694 
0.400795 -0.504304 0.485867 
-0.59891 -0.254997 0.377423 
0.400795 -0.504304 0.485867 
-0.598895 -0.255001 0.37763 
0.400795 -0.504304 0.485867 
-0.599036 -0.254969 0.376951 
0.400795 -0.504304 0.485867 
-0.598961 -0.254821 0.376988 
0.400795 -0.504304 0.485867 
-0.598976 -0.254778 0.377102 
0.400795 -0.504304 0.485867 
-0.598831 -0.254986 0.377203 
0.400795 -0.504304 0.485867 
-0.598864 -0.254869 0.377362 
0.400795 -0.504304 0.485867 
-0.598959 -0.254882 0.37742 
0.400795 -0.504304 0.485867 
-0.598832 -0.255146 0.377219 
0.400795 -0.504304 0.485867 
-0.598881 -0.25529 0.377339 
0.400795 -0.504304 0.485867 
-0.598902 -0.255079 0.377273 
0.400795 -0.504304 0.485867 
-0.59874 -0.255001 0.377764 
0.400795 -0.504304 0.485867 
-0.598864 -0.2549 0.377321 
0.400795 -0.504304 0.485867 
-0.599005 -0.2549 0.377202 
0.400795 -0.504304 0.485867 
-0.598791 -0.254986 0.377408 
0.400795 -0.504304 0.485867 
-0.598838 -0.255126 0.377256 
0.400795 -0.504304 0.485867 
-0.598785 -0.255102 0.377565 
0.400795 -0.504304 0.485867 
-0.598825 -0.255025 0.377441 
0.400795 -0.504304 0.485867 
-0.598836 -0.254984 0.377675 
0.400795 -0.504304 0.485867 
-0.598937 -0.254933 0.377413 
0.400795 -0.504304 0.485867 
-0.598843 -0.255205 0.377787 
0.400795 -0.504304 0.485867 
-0.598915 -0.25544 0.377519 
0.400795 -0.504304 0.485867 
-0.598998 -0.255273 0.377406 
0.400795 -0.504304 0.485867 
-0.598906 -0.255469 0.377822 
0.400795 -0.504304 0.485867 
-0.598859 -0.255496 0.377847 
0.400795 -0.504304 0.485867 
-0.598888 -0.255171 0.377971 
0.400795 -0.504304 0.485867 
-0.598979 -0.255197 0.377787 
0.400795 -0.504304 0.485867 
-0.598958 -0.255423 0.377708 
0.400795 -0.504304 0.485867 
-0.599057 -0.255372 0.377479 
0.400795 -0.504304 0.485867 
-0.599087 -0.255248 0.377464 
0.400795 -0.504304 0.485867 
-0.599005 -0.255338 0.377678 
0.400795 -0.504304 0.485867 
-0.598983 -0.255261 0.377606 
0.400795 -0.504304 0.485867 
-0.598804 -0.25528 0.378074 
0.400795 -0.504304 0.485867 
-0.598792 -0.255429 0.378112 
0.400795 -0.504304 0.485867 
-0.59896 -0.255229 0.377729 
0.400795 -0.504304 0.485867 
-0.598907 -0.255381 0.377628 
0.400795 -0.504304 0.485867 
-0.598957 -0.2554 0.377402 
0.400795 -0.504304 0.485867 
-0.598806 -0.255397 0.377851 
0.400795 -0.504304 0.485867 
-0.598993 -0.255384 0.377852 
0.400795 -0.504304 0.485867 
-0.598774 -0.255538 0.378099 
0.400795 -0.504304 0.485867 
-0.598877 -0.25529 0.378091 
0.400795 -0.504304 0.485867 
-0.59895 -0.255337 0.377843 
0.400795 -0.504304 0.485867 
-0.599105 -0.255333 0.377339 
0.400795 -0.504304 0.485867 
-0.598975 -0.255142 0.377499 
0.400795 -0.504304 0.485867 
-0.599061 -0.255155 0.377295 
0.400795 -0.504304 0.485867 
-0.598921 -0.255245 0.377438 
0.400795 -0.504304 0.485867 
-0.59893 -0.254987 0.377362 
0.400795 -0.504304 0.485867 
-0.598872 -0.255124 0.3775 
0.400795 -0.504304 0.485867 
-0.599022 -0.255054 0.377344 
0.400795 -0.504304 0.485867 
-0.598907 -0.254932 0.377424 
0.400795 -0.504304 0.485867 
-0.598861 -0.254979 0.377369 
0.400795 -0.504304 0.485867 
-0.598811 -0.254938 0.377609 
0.400795 -0.504304 0.485867 
-0.598948 -0.254892 0.377492 
0.400795 -0.504304 0.485867 
-0.598957 -0.25489 0.37742 
0.400795 -0.504304 0.485867 
-0.59898 -0.254904 0.377228 
0.400795 -0.504304 0.485867 
-0.598947 -0.254968 0.377314 
0.400795 -0.504304 0.485867 
-0.599012 -0.254846 0.37725 
0.400795 -0.504304 0.485867 
-0.598805 -0.255118 0.377397 
0.400795 -0.504304 0.485867 
-0.598942 -0.254891 0.377423 
0.400795 -0.504304 0.485867 
-0.598881 -0.254983 0.377401 
0.400795 -0.504304 0.485867 
-0.598861 -0.255022 0.377543 
0.400795 -0.504304 0.485867 
-0.598862 -0.255106 0.377414 
0.400795 -0.504304 0.485867 
-0.598787 -0.255159 0.377745 
0.400795 -0.504304 0.485867 
-0.598819 -0.255297 0.377906 
0.400795 -0.504304 0.485867 
-0.59874 -0.255092 0.377883 
0.400795 -0.504304 0.485867 
-0.598787 -0.255219 0.377822 
0.400795 -0.504304 0.485867 
-0.598808 -0.255111 0.377708 
0.400795 -0.504304 0.485867 
-0.598776 -0.255247 0.377806 
0.400795 -0.504304 0.485867 
-0.598877 -0.255216 0.377592 
0.400795 -0.504304 0.485867 
-0.598768 -0.255111 0.377716 
0.400795 -0.504304 0.485867 
-0.59875 -0.254928 0.377901 
0.400795 -0.504304 0.485867 
-0.598856 -0.255206 0.37779 
0.400795 -0.504304 0.485867 
-0.598872 -0.255254 0.377726 
0.400795 -0.504304 0.485867 
-0.598875 -0.254932 0.377842 
0.400795 -0.504304 0.485867 
-0.598785 -0.255136 0.377906 
0.400795 -0.504304 0.485867 
-0.598951 -0.255144 0.377725 
0.400795 -0.504304 0.485867 
-0.598963 -0.255003 0.377788 
0.400795 -0.504304 0.485867 
-0.598817 -0.255274 0.377871 
0.400795 -0.504304 0.485867 
-0.598902 -0.255202 0.377679 
0.400795 -0.504304 0.485867 
-0.59906 -0.254847 0.377628 
0.400795 -0.504304 0.485867 
-0.598407 -0.253827 0.37663 
0.400795 -0.504304 0.485867 
-0.59788 -0.252826 0.375299 
0.400795 -0.504304 0.485867 
-0.597371 -0.251267 0.37411 
0.400795 -0.504304 0.485867 
-0.596949 -0.250079 0.372761 
0.400795 -0.504304 0.485867 
-0.596504 -0.248537 0.371416 
0.400795 -0.504304 0.485867 
-0.596134 -0.247026 0.370089 
0.400795 -0.504304 0.485867 
-0.595911 -0.245488 0.368407 
0.400795 -0.504304 0.485867 
-0.595732 -0.243727 0.366629 
0.400795 -0.504304 0.485867 
-0.595588 -0.241967 0.36528 
0.400795 -0.504304 0.485867 
-0.595598 -0.239971 0.363517 
0.400795 -0.504304 0.485867 
-0.595654 -0.237866 0.361826 
0.400795 -0.504304 0.485867 
-0.595652 -0.235737 0.360026 
0.400795 -0.504304 0.485867 
-0.595769 -0.233788 0.358315 
0.400795 -0.504304 0.485867 
-0.596081 -0.231598 0.356346 
0.400795 -0.504304 0.485867 
-0.596401 -0.229455 0.354448 
0.400795 -0.504304 0.485867 
-0.596699 -0.227382 0.352607 
0.400795 -0.504304 0.485867 
-0.597286 -0.225001 0.350494 
0.400795 -0.504304 0.485867 
-0.597846 -0.222699 0.348675 
0.400795 -0.504304 0.485867 
-0.59877 -0.220359 0.346306 
0.400795 -0.504304 0.485867 
-0.599422 -0.217798 0.344389 
0.400795 -0.504304 0.485867 
-0.599936 -0.215253 0.342804 
0.400795 -0.504304 0.485867 
-0.600665 -0.212869 0.340805 
0.400795 -0.504304 0.485867 
-0.601343 -0.210882 0.339031 
0.400795 -0.504304 0.485867 
-0.602036 -0.208858 0.337137 
0.400795 -0.504304 0.485867 
-0.602864 -0.206638 0.335219 
0.400795 -0.504304 0.485867 
-0.603919 -0.204937 0.333844 
0.400795 -0.504304 0.485867 
-0.605014 -0.204145 0.333035 
0.400795 -0.504304 0.485867 
-0.606202 -0.203244 0.332438 
0.400795 -0.504304 0.485867 
-0.607328 -0.202663 0.331716 
0.400795 -0.504304 0.485867 
-0.608038 -0.202125 0.331471 
0.400795 -0.504304 0.485867 
-0.608755 -0.201663 0.331156 
0.400795 -0.504304 0.485867 
-0.609491 -0.201416 0.330876 
0.400795 -0.504304 0.485867 
-0.610153 -0.201542 0.330517 
0.400795 -0.504304 0.485867 
-0.610167 -0.201598 0.330801 
0.400795 -0.504304 0.485867 
-0.609953 -0.202157 0.33118 
0.400795 -0.504304 0.485867 
-0.610304 -0.2028 0.330871 
0.400795 -0.504304 0.485867 
-0.610251 -0.20338 0.331102 
0.400795 -0.504304 0.485867 
-0.610284 -0.204187 0.331248 
0.400795 -0.504304 0.485867 
-0.609988 -0.205186 0.331686 
0.400795 -0.504304 0.485867 
-0.609253 -0.206907 0.332296 
0.400795 -0.504304 0.485867 
-0.608699 -0.208031 0.333113 
0.400795 -0.504304 0.485867 
-0.608154 -0.209606 0.333538 
0.400795 -0.504304 0.485867 
-0.607578 -0.211371 0.334 
0.400795 -0.504304 0.485867 
-0.606796 -0.213223 0.334646 
0.400795 -0.504304 0.485867 
-0.606003 -0.215335 0.335255 
0.400795 -0.504304 0.485867 
-0.605048 -0.217379 0.335946 
0.400795 -0.504304 0.485867 
-0.60448 -0.219821 0.336221 
0.400795 -0.504304 0.485867 
-0.603449 -0.222363 0.337002 
0.400795 -0.504304 0.485867 
