-0.597268 -0.255126 0.407261 
0.386711 -0.491377 0.441409 
-0.597268 -0.255126 0.407261 
0.386711 -0.491377 0.441409 
-0.597268 -0.255126 0.407261 
0.386711 -0.491377 0.441409 
-0.597268 -0.255126 0.407261 
0.387398 -0.490869 0.44127 
-0.597268 -0.255126 0.407261 
0.388984 -0.490834 0.442674 
-0.597268 -0.255126 0.407261 
0.389854 -0.490793 0.441641 
-0.597268 -0.255126 0.407261 
0.390489 -0.490901 0.441421 
-0.597268 -0.255126 0.407261 
0.391168 -0.491318 0.442231 
-0.597268 -0.255126 0.407261 
0.391977 -0.491449 0.443152 
-0.597268 -0.255126 0.407261 
0.392859 -0.491444 0.443119 
-0.597268 -0.255126 0.407261 
0.393829 -0.491588 0.44297 
-0.597268 -0.255126 0.407261 
0.395133 -0.491759 0.443508 
-0.597268 -0.255126 0.407261 
0.396511 -0.49188 0.444092 
-0.597268 -0.255126 0.407261 
0.398957 -0.492121 0.444697 
-0.597268 -0.255126 0.407261 
0.401354 -0.492474 0.445285 
-0.597268 -0.255126 0.407261 
0.403673 -0.492786 0.445541 
-0.597268 -0.255126 0.407261 
0.406209 -0.49308 0.446244 
-0.597268 -0.255126 0.407261 
0.408852 -0.493325 0.446376 
-0.597268 -0.255126 0.407261 
0.411522 -0.493532 0.446114 
-0.597268 -0.255126 0.407261 
0.414316 -0.493781 0.445986 
-0.597268 -0.255126 0.407261 
0.4171 -0.493965 0.446291 
-0.597268 -0.255126 0.407261 
0.419821 -0.494029 0.445833 
-0.597268 -0.255126 0.407261 
0.422422 -0.494129 0.445352 
-0.597268 -0.255126 0.407261 
0.425006 -0.494294 0.445116 
-0.597268 -0.255126 0.407261 
0.427578 -0.494533 0.445225 
-0.597268 -0.255126 0.407261 
0.430095 -0.494682 0.445052 
-0.597268 -0.255126 0.407261 
0.432538 -0.494888 0.444764 
-0.597268 -0.255126 0.407261 
0.434971 -0.495167 0.444974 
-0.597268 -0.255126 0.407261 
0.437274 -0.495351 0.445126 
-0.597268 -0.255126 0.407261 
0.439498 -0.495591 0.445082 
-0.597268 -0.255126 0.407261 
0.441534 -0.495876 0.444963 
-0.597268 -0.255126 0.407261 
0.443462 -0.496115 0.445042 
-0.597268 -0.255126 0.407261 
0.445254 -0.496444 0.445895 
-0.597268 -0.255126 0.407261 
0.446679 -0.496715 0.445844 
-0.597268 -0.255126 0.407261 
0.447799 -0.496867 0.44545 
-0.597268 -0.255126 0.407261 
0.448669 -0.497014 0.445389 
-0.597268 -0.255126 0.407261 
0.448666 -0.497012 0.445387 
-0.597268 -0.255126 0.407261 
0.44867 -0.497016 0.445385 
-0.597268 -0.255126 0.407261 
0.44867 -0.497016 0.445386 
-0.597268 -0.255126 0.407261 
0.448665 -0.497009 0.44539 
-0.597268 -0.255126 0.407261 
0.448666 -0.497011 0.44539 
-0.597268 -0.255126 0.407261 
0.448663 -0.497007 0.44539 
-0.597268 -0.255126 0.407261 
0.448667 -0.497009 0.445401 
-0.597268 -0.255126 0.407261 
0.448661 -0.497001 0.445408 
-0.597268 -0.255126 0.407261 
0.44866 -0.497002 0.445405 
-0.597268 -0.255126 0.407261 
0.448658 -0.496999 0.445404 
-0.597268 -0.255126 0.407261 
0.448653 -0.496994 0.445405 
-0.597268 -0.255126 0.407261 
0.44865 -0.496989 0.445409 
-0.597268 -0.255126 0.407261 
0.448646 -0.496987 0.445404 
-0.597268 -0.255126 0.407261 
0.448798 -0.497103 0.445523 
-0.597268 -0.255126 0.407261 
0.448798 -0.497103 0.445523 
-0.597268 -0.255126 0.407261 
0.448798 -0.497103 0.445523 
-0.597268 -0.255126 0.407261 
0.448798 -0.497103 0.445523 
-0.597268 -0.255126 0.407261 
0.448798 -0.497103 0.445523 
-0.597268 -0.255126 0.407261 
0.448798 -0.497103 0.445523 
-0.597268 -0.255126 0.407261 
0.448798 -0.497103 0.445523 
-0.597268 -0.255126 0.407261 
0.448798 -0.497103 0.445523 
-0.597268 -0.255126 0.407261 
0.448798 -0.497103 0.445523 
-0.597268 -0.255126 0.407261 
0.448798 -0.497103 0.445523 
-0.597268 -0.255126 0.407261 
0.448798 -0.497103 0.445523 
-0.597268 -0.255126 0.407261 
0.448798 -0.497103 0.445523 
-0.597268 -0.255126 0.407261 
0.448798 -0.497103 0.445523 
-0.597268 -0.255126 0.407261 
0.448798 -0.497103 0.445523 
-0.597268 -0.255126 0.407261 
0.448798 -0.497103 0.445523 
-0.597268 -0.255126 0.407261 
0.448798 -0.497103 0.445523 
-0.597268 -0.255126 0.407261 
0.448798 -0.497103 0.445523 
-0.597268 -0.255126 0.407261 
0.448798 -0.497103 0.445523 
-0.597268 -0.255126 0.407261 
0.448798 -0.497103 0.445523 
-0.597268 -0.255126 0.407261 
0.448798 -0.497103 0.445523 
-0.597268 -0.255126 0.407261 
0.448798 -0.497103 0.445523 
-0.597268 -0.255126 0.407261 
0.448798 -0.497103 0.445523 
-0.597268 -0.255126 0.407261 
0.448798 -0.497103 0.445523 
-0.597268 -0.255126 0.407261 
0.448798 -0.497103 0.445523 
-0.597268 -0.255126 0.407261 
0.448798 -0.497103 0.445523 
-0.597268 -0.255126 0.407261 
0.448798 -0.497103 0.445523 
-0.597268 -0.255126 0.407261 
0.448798 -0.497103 0.445523 
-0.597268 -0.255126 0.407261 
0.448798 -0.497103 0.445523 
-0.597268 -0.255126 0.407261 
0.448798 -0.497103 0.445523 
-0.597268 -0.255126 0.407261 
0.448798 -0.497103 0.445523 
-0.597268 -0.255126 0.407261 
0.448798 -0.497103 0.445523 
-0.597268 -0.255126 0.407261 
0.448798 -0.497103 0.445523 
-0.597268 -0.255126 0.407261 
0.448798 -0.497103 0.445523 
-0.597268 -0.255126 0.407261 
0.448798 -0.497103 0.445523 
-0.597268 -0.255126 0.407261 
0.448798 -0.497103 0.445523 
-0.597268 -0.255126 0.407261 
0.448798 -0.497103 0.445523 
-0.597268 -0.255126 0.407261 
0.448798 -0.497103 0.445523 
-0.597268 -0.255126 0.407261 
0.448798 -0.497103 0.445523 
-0.597268 -0.255126 0.407261 
0.448798 -0.497103 0.445523 
-0.597268 -0.255126 0.407261 
0.448798 -0.497103 0.445523 
-0.597268 -0.255126 0.407261 
0.448798 -0.497103 0.445523 
-0.597268 -0.255126 0.407261 
0.448798 -0.497103 0.445523 
-0.597268 -0.255126 0.407261 
0.448798 -0.497103 0.445523 
-0.597268 -0.255126 0.407261 
0.448798 -0.497103 0.445523 
-0.597268 -0.255126 0.407261 
0.448798 -0.497103 0.445523 
-0.597268 -0.255126 0.407261 
0.448798 -0.497103 0.445523 
-0.597268 -0.255126 0.407261 
0.448798 -0.497103 0.445523 
-0.597268 -0.255126 0.407261 
0.448798 -0.497103 0.445523 
-0.597268 -0.255126 0.407261 
0.448798 -0.497103 0.445523 
-0.597268 -0.255126 0.407261 
0.448798 -0.497103 0.445523 
