-0.597268 -0.255126 0.407261 
0.386984 -0.49109 0.440216 
-0.597268 -0.255126 0.407261 
0.386983 -0.49109 0.440216 
-0.597268 -0.255126 0.407261 
0.385657 -0.493301 0.441719 
-0.597268 -0.255126 0.407261 
0.386334 -0.492889 0.445491 
-0.597268 -0.255126 0.407261 
0.387725 -0.492451 0.446039 
-0.597268 -0.255126 0.407261 
0.3884 -0.491455 0.443514 
-0.597268 -0.255126 0.407261 
0.388963 -0.492637 0.441473 
-0.597268 -0.255126 0.407261 
0.389659 -0.492411 0.443332 
-0.597268 -0.255126 0.407261 
0.390033 -0.492677 0.440674 
-0.597268 -0.255126 0.407261 
0.390972 -0.492598 0.440851 
-0.597268 -0.255126 0.407261 
0.391979 -0.493235 0.440912 
-0.597268 -0.255126 0.407261 
0.393713 -0.492896 0.445616 
-0.597268 -0.255126 0.407261 
0.396795 -0.491947 0.442413 
-0.597268 -0.255126 0.407261 
0.396795 -0.491947 0.442413 
-0.597268 -0.255126 0.407261 
0.395431 -0.493605 0.444882 
-0.597268 -0.255126 0.407261 
0.397399 -0.493773 0.445543 
-0.597268 -0.255126 0.407261 
0.399624 -0.49253 0.445541 
-0.597268 -0.255126 0.407261 
0.402023 -0.493897 0.445567 
-0.597268 -0.255126 0.407261 
0.404709 -0.494856 0.448571 
-0.597268 -0.255126 0.407261 
0.407246 -0.495197 0.448527 
-0.597268 -0.255126 0.407261 
0.409731 -0.495452 0.446029 
-0.597268 -0.255126 0.407261 
0.41256 -0.496074 0.445974 
-0.597268 -0.255126 0.407261 
0.415801 -0.496684 0.450236 
-0.597268 -0.255126 0.407261 
0.418152 -0.49571 0.447492 
