-0.597268 -0.255126 0.407261 
0.386857 -0.491814 0.440992 
-0.597268 -0.255126 0.407261 
0.386857 -0.491814 0.440992 
-0.597268 -0.255126 0.407261 
0.386857 -0.491814 0.440992 
-0.597268 -0.255126 0.407261 
0.387543 -0.491304 0.440856 
-0.597268 -0.255126 0.407261 
0.389128 -0.49127 0.442262 
-0.597268 -0.255126 0.407261 
0.389998 -0.491223 0.44123 
-0.597268 -0.255126 0.407261 
0.390634 -0.49133 0.441011 
-0.597268 -0.255126 0.407261 
0.391313 -0.491747 0.44182 
-0.597268 -0.255126 0.407261 
0.392121 -0.491879 0.442743 
-0.597268 -0.255126 0.407261 
0.393003 -0.491872 0.44271 
-0.597268 -0.255126 0.407261 
0.393974 -0.492014 0.442562 
-0.597268 -0.255126 0.407261 
0.395277 -0.492183 0.443102 
-0.597268 -0.255126 0.407261 
0.396655 -0.492303 0.443687 
-0.597268 -0.255126 0.407261 
0.3991 -0.49254 0.444295 
-0.597268 -0.255126 0.407261 
0.401497 -0.49289 0.444886 
-0.597268 -0.255126 0.407261 
0.403817 -0.493197 0.445143 
-0.597268 -0.255126 0.407261 
0.406353 -0.493487 0.445849 
-0.597268 -0.255126 0.407261 
0.408996 -0.493727 0.445983 
-0.597268 -0.255126 0.407261 
0.411667 -0.493927 0.445725 
-0.597268 -0.255126 0.407261 
0.414461 -0.494169 0.4456 
-0.597268 -0.255126 0.407261 
0.417246 -0.494348 0.445908 
-0.597268 -0.255126 0.407261 
0.419967 -0.494404 0.445454 
-0.597268 -0.255126 0.407261 
0.422569 -0.494497 0.444976 
-0.597268 -0.255126 0.407261 
0.425154 -0.494655 0.444743 
-0.597268 -0.255126 0.407261 
0.427726 -0.494888 0.444855 
-0.597268 -0.255126 0.407261 
0.430244 -0.495031 0.444685 
-0.597268 -0.255126 0.407261 
0.432687 -0.49523 0.444399 
-0.597268 -0.255126 0.407261 
0.435121 -0.495504 0.444612 
-0.597268 -0.255126 0.407261 
0.437425 -0.495684 0.444767 
-0.597268 -0.255126 0.407261 
0.439649 -0.495918 0.444725 
-0.597268 -0.255126 0.407261 
0.441686 -0.496198 0.444608 
-0.597268 -0.255126 0.407261 
0.443614 -0.496433 0.444689 
-0.597268 -0.255126 0.407261 
0.445405 -0.49676 0.445543 
-0.597268 -0.255126 0.407261 
0.446832 -0.497028 0.445494 
-0.597268 -0.255126 0.407261 
0.447952 -0.497177 0.445101 
-0.597268 -0.255126 0.407261 
0.448823 -0.497321 0.445041 
-0.597268 -0.255126 0.407261 
0.44882 -0.497319 0.445038 
-0.597268 -0.255126 0.407261 
0.448823 -0.497323 0.445036 
-0.597268 -0.255126 0.407261 
0.448823 -0.497323 0.445037 
-0.597268 -0.255126 0.407261 
0.448819 -0.497317 0.445041 
-0.597268 -0.255126 0.407261 
0.44882 -0.497318 0.445041 
-0.597268 -0.255126 0.407261 
0.448816 -0.497314 0.445041 
-0.597268 -0.255126 0.407261 
0.448821 -0.497316 0.445052 
-0.597268 -0.255126 0.407261 
0.448815 -0.497308 0.445059 
-0.597268 -0.255126 0.407261 
0.448814 -0.497309 0.445056 
-0.597268 -0.255126 0.407261 
0.448811 -0.497306 0.445056 
-0.597268 -0.255126 0.407261 
0.448807 -0.497301 0.445056 
-0.597268 -0.255126 0.407261 
0.448804 -0.497297 0.44506 
-0.597268 -0.255126 0.407261 
0.4488 -0.497294 0.445055 
-0.597268 -0.255126 0.407261 
0.448951 -0.49741 0.445174 
-0.597268 -0.255126 0.407261 
0.448951 -0.49741 0.445174 
-0.597268 -0.255126 0.407261 
0.448951 -0.49741 0.445174 
-0.597268 -0.255126 0.407261 
0.448951 -0.49741 0.445174 
-0.597268 -0.255126 0.407261 
0.448951 -0.49741 0.445174 
-0.597268 -0.255126 0.407261 
0.448951 -0.49741 0.445174 
-0.597268 -0.255126 0.407261 
0.448951 -0.49741 0.445174 
-0.597268 -0.255126 0.407261 
0.448951 -0.49741 0.445174 
-0.597268 -0.255126 0.407261 
0.448951 -0.49741 0.445174 
-0.597268 -0.255126 0.407261 
0.448951 -0.49741 0.445174 
-0.597268 -0.255126 0.407261 
0.448951 -0.49741 0.445174 
-0.597268 -0.255126 0.407261 
0.448951 -0.49741 0.445174 
-0.597268 -0.255126 0.407261 
0.448951 -0.49741 0.445174 
-0.597268 -0.255126 0.407261 
0.448951 -0.49741 0.445174 
-0.597268 -0.255126 0.407261 
0.448951 -0.49741 0.445174 
-0.597268 -0.255126 0.407261 
0.448951 -0.49741 0.445174 
-0.597268 -0.255126 0.407261 
0.448951 -0.49741 0.445174 
-0.597268 -0.255126 0.407261 
0.448951 -0.49741 0.445174 
-0.597268 -0.255126 0.407261 
0.448951 -0.49741 0.445174 
-0.597268 -0.255126 0.407261 
0.448951 -0.49741 0.445174 
-0.597268 -0.255126 0.407261 
0.448951 -0.49741 0.445174 
-0.597268 -0.255126 0.407261 
0.448951 -0.49741 0.445174 
-0.597268 -0.255126 0.407261 
0.448951 -0.49741 0.445174 
-0.597268 -0.255126 0.407261 
0.448951 -0.49741 0.445174 
-0.597268 -0.255126 0.407261 
0.448951 -0.49741 0.445174 
-0.597268 -0.255126 0.407261 
0.448951 -0.49741 0.445174 
-0.597268 -0.255126 0.407261 
0.448951 -0.49741 0.445174 
-0.597268 -0.255126 0.407261 
0.448951 -0.49741 0.445174 
-0.597268 -0.255126 0.407261 
0.448951 -0.49741 0.445174 
-0.597268 -0.255126 0.407261 
0.448951 -0.49741 0.445174 
-0.597268 -0.255126 0.407261 
0.448951 -0.49741 0.445174 
-0.597268 -0.255126 0.407261 
0.448951 -0.49741 0.445174 
-0.597268 -0.255126 0.407261 
0.448951 -0.49741 0.445174 
-0.597268 -0.255126 0.407261 
0.448951 -0.49741 0.445174 
-0.597268 -0.255126 0.407261 
0.448951 -0.49741 0.445174 
-0.597268 -0.255126 0.407261 
0.448951 -0.49741 0.445174 
-0.597268 -0.255126 0.407261 
0.448951 -0.49741 0.445174 
-0.597268 -0.255126 0.407261 
0.448951 -0.49741 0.445174 
-0.597268 -0.255126 0.407261 
0.448951 -0.49741 0.445174 
-0.597268 -0.255126 0.407261 
0.448951 -0.49741 0.445174 
-0.597268 -0.255126 0.407261 
0.448951 -0.49741 0.445174 
-0.597268 -0.255126 0.407261 
0.448951 -0.49741 0.445174 
-0.597268 -0.255126 0.407261 
0.448951 -0.49741 0.445174 
-0.597268 -0.255126 0.407261 
0.448951 -0.49741 0.445174 
-0.597268 -0.255126 0.407261 
0.448951 -0.49741 0.445174 
-0.597268 -0.255126 0.407261 
0.448951 -0.49741 0.445174 
-0.597268 -0.255126 0.407261 
0.448951 -0.49741 0.445174 
-0.597268 -0.255126 0.407261 
0.448951 -0.49741 0.445174 
-0.597268 -0.255126 0.407261 
0.448951 -0.49741 0.445174 
-0.597268 -0.255126 0.407261 
0.448951 -0.49741 0.445174 
