-0.594103 -0.232181 0.359916 
0.400795 -0.504304 0.485867 
-0.594104 -0.232182 0.359916 
0.400795 -0.504304 0.485867 
-0.593674 -0.232254 0.358826 
0.400795 -0.504304 0.485867 
-0.594272 -0.232434 0.358462 
0.400795 -0.504304 0.485867 
-0.594266 -0.232516 0.358682 
0.400795 -0.504304 0.485867 
-0.594308 -0.232316 0.358848 
0.400795 -0.504304 0.485867 
-0.594224 -0.232466 0.359067 
0.400795 -0.504304 0.485867 
-0.594308 -0.232448 0.358878 
0.400795 -0.504304 0.485867 
-0.59436 -0.232169 0.358939 
0.400795 -0.504304 0.485867 
-0.594336 -0.232198 0.359199 
0.400795 -0.504304 0.485867 
-0.594435 -0.231889 0.359039 
0.400795 -0.504304 0.485867 
-0.59433 -0.232142 0.358959 
0.400795 -0.504304 0.485867 
-0.594316 -0.232037 0.359051 
0.400795 -0.504304 0.485867 
-0.594304 -0.232334 0.359043 
0.400795 -0.504304 0.485867 
-0.594408 -0.232067 0.358955 
0.400795 -0.504304 0.485867 
-0.594369 -0.232101 0.358952 
0.400795 -0.504304 0.485867 
-0.594191 -0.231999 0.359177 
0.400795 -0.504304 0.485867 
-0.594141 -0.232332 0.359301 
0.400795 -0.504304 0.485867 
-0.594401 -0.232253 0.358866 
0.400795 -0.504304 0.485867 
