-0.637698 -0.242037 0.37392 
0.381229 -0.482392 0.440553 
-0.636433 -0.242496 0.374989 
0.381201 -0.485629 0.442642 
-0.637052 -0.242774 0.375385 
0.381867 -0.487575 0.444545 
-0.637425 -0.243471 0.375602 
0.381911 -0.48785 0.446687 
-0.637867 -0.244279 0.375299 
0.381742 -0.487927 0.446884 
-0.63764 -0.244396 0.374844 
0.381602 -0.488131 0.446042 
-0.63575 -0.243452 0.375245 
0.38187 -0.48895 0.445369 
-0.632433 -0.242289 0.376504 
0.382131 -0.490269 0.444344 
-0.628387 -0.2408 0.377908 
0.382822 -0.491902 0.444082 
-0.624871 -0.239498 0.378987 
0.383352 -0.492746 0.444311 
-0.622265 -0.238387 0.379897 
0.383483 -0.493333 0.443574 
-0.620399 -0.237485 0.380449 
0.383611 -0.4945 0.443298 
-0.618585 -0.236811 0.380907 
0.383594 -0.495025 0.443215 
-0.617165 -0.236226 0.381266 
0.383536 -0.495111 0.443912 
-0.615532 -0.235412 0.381758 
0.383381 -0.495455 0.443121 
-0.612617 -0.234563 0.382557 
0.383535 -0.49674 0.443444 
-0.609746 -0.233247 0.383183 
0.38357 -0.497908 0.443115 
-0.607059 -0.232216 0.383995 
0.3835 -0.498501 0.442589 
-0.604783 -0.231105 0.38456 
0.38345 -0.499189 0.442705 
-0.603143 -0.230011 0.384532 
0.383023 -0.500055 0.442846 
-0.602682 -0.229398 0.38419 
0.382243 -0.500127 0.442201 
-0.60312 -0.229344 0.383712 
0.381582 -0.501222 0.441993 
-0.45805 -0.16486 0.48415 
0.381729 -0.501 0.442104 
-0.487338 -0.177689 0.463655 
0.373055 -0.493958 0.420611 
-0.487316 -0.177706 0.463616 
0.372242 -0.492696 0.420318 
