-0.597268 -0.255126 0.407261 
0.38677 -0.491315 0.438682 
-0.597268 -0.255126 0.407261 
0.38677 -0.491315 0.438682 
-0.597268 -0.255126 0.407261 
0.385537 -0.492934 0.439327 
-0.597268 -0.255126 0.407261 
0.385642 -0.491759 0.43989 
-0.597268 -0.255126 0.407261 
0.387172 -0.492089 0.442192 
-0.597268 -0.255126 0.407261 
0.388387 -0.4919 0.443017 
-0.597268 -0.255126 0.407261 
0.388913 -0.491977 0.441667 
-0.597268 -0.255126 0.407261 
0.389588 -0.49336 0.442143 
-0.597268 -0.255126 0.407261 
0.39081 -0.492866 0.447196 
-0.597268 -0.255126 0.407261 
0.39173 -0.492704 0.447558 
-0.597268 -0.255126 0.407261 
0.392246 -0.493346 0.443029 
-0.597268 -0.255126 0.407261 
0.393703 -0.494471 0.445932 
-0.597268 -0.255126 0.407261 
0.394861 -0.493063 0.444914 
-0.597268 -0.255126 0.407261 
0.394432 -0.492594 0.441431 
-0.597268 -0.255126 0.407261 
0.39664 -0.4925 0.4398 
-0.597268 -0.255126 0.407261 
0.399689 -0.493488 0.447117 
-0.597268 -0.255126 0.407261 
0.401951 -0.493652 0.447856 
-0.597268 -0.255126 0.407261 
0.404467 -0.493269 0.447227 
-0.597268 -0.255126 0.407261 
0.40686 -0.494245 0.444552 
-0.597268 -0.255126 0.407261 
0.40953 -0.495141 0.444901 
-0.597268 -0.255126 0.407261 
0.412962 -0.495117 0.449229 
-0.597268 -0.255126 0.407261 
0.415711 -0.495686 0.450956 
-0.597268 -0.255126 0.407261 
0.417959 -0.495415 0.44572 
-0.597268 -0.255126 0.407261 
0.385222 -0.493997 0.441519 
-0.597268 -0.255126 0.407261 
0.386094 -0.494304 0.443688 
-0.597268 -0.255126 0.407261 
0.386793 -0.493463 0.446337 
-0.597268 -0.255126 0.407261 
0.387801 -0.49377 0.444051 
-0.597268 -0.255126 0.407261 
0.388544 -0.493692 0.440999 
-0.597268 -0.255126 0.407261 
0.38932 -0.493363 0.442621 
-0.597268 -0.255126 0.407261 
0.390041 -0.493733 0.444537 
-0.597268 -0.255126 0.407261 
0.390624 -0.493433 0.443118 
-0.597268 -0.255126 0.407261 
0.391352 -0.493788 0.442131 
-0.597268 -0.255126 0.407261 
0.392653 -0.49335 0.445475 
-0.597268 -0.255126 0.407261 
0.393606 -0.493624 0.442962 
-0.597268 -0.255126 0.407261 
0.395144 -0.493692 0.445912 
-0.597268 -0.255126 0.407261 
0.395157 -0.493785 0.445987 
-0.597268 -0.255126 0.407261 
0.397447 -0.493114 0.445566 
-0.597268 -0.255126 0.407261 
0.399722 -0.493666 0.444549 
-0.597268 -0.255126 0.407261 
0.402531 -0.493823 0.449577 
-0.597268 -0.255126 0.407261 
0.405019 -0.494116 0.450342 
-0.597268 -0.255126 0.407261 
0.407556 -0.495057 0.449057 
-0.597268 -0.255126 0.407261 
0.410542 -0.495843 0.450586 
-0.597268 -0.255126 0.407261 
0.412733 -0.495376 0.446595 
-0.597268 -0.255126 0.407261 
0.415662 -0.49633 0.447417 
-0.597268 -0.255126 0.407261 
0.418381 -0.496244 0.447909 
-0.597268 -0.255126 0.407261 
0.394839 -0.494036 0.444998 
-0.597268 -0.255126 0.407261 
0.3952 -0.494048 0.445169 
-0.597268 -0.255126 0.407261 
0.397445 -0.493692 0.446317 
-0.597268 -0.255126 0.407261 
0.400146 -0.493226 0.449371 
-0.597268 -0.255126 0.407261 
0.402492 -0.494295 0.449582 
-0.597268 -0.255126 0.407261 
0.404618 -0.494679 0.446685 
-0.597268 -0.255126 0.407261 
0.406701 -0.495378 0.442126 
-0.597268 -0.255126 0.407261 
0.40932 -0.495512 0.441893 
-0.597268 -0.255126 0.407261 
0.412292 -0.49592 0.445005 
-0.597268 -0.255126 0.407261 
0.415247 -0.496456 0.447488 
-0.597268 -0.255126 0.407261 
0.418131 -0.496226 0.446859 
-0.597268 -0.255126 0.407261 
0.385133 -0.494569 0.442282 
-0.597268 -0.255126 0.407261 
0.385428 -0.493716 0.439692 
-0.597268 -0.255126 0.407261 
0.385485 -0.491204 0.436525 
-0.597268 -0.255126 0.407261 
0.387229 -0.493706 0.442458 
-0.597268 -0.255126 0.407261 
0.388097 -0.492567 0.44075 
-0.597268 -0.255126 0.407261 
0.388862 -0.492756 0.439338 
-0.597268 -0.255126 0.407261 
0.389479 -0.494011 0.440104 
-0.597268 -0.255126 0.407261 
0.390937 -0.493482 0.44716 
-0.597268 -0.255126 0.407261 
0.391726 -0.492923 0.446621 
-0.597268 -0.255126 0.407261 
0.392462 -0.492776 0.443692 
-0.597268 -0.255126 0.407261 
0.393837 -0.493305 0.445071 
-0.597268 -0.255126 0.407261 
0.38514 -0.493712 0.440765 
-0.597268 -0.255126 0.407261 
0.384889 -0.492866 0.438633 
-0.597268 -0.255126 0.407261 
0.385904 -0.493034 0.441443 
-0.597268 -0.255126 0.407261 
0.387684 -0.492601 0.444796 
-0.597268 -0.255126 0.407261 
0.388515 -0.492167 0.442552 
-0.597268 -0.255126 0.407261 
0.389123 -0.493873 0.441463 
-0.597268 -0.255126 0.407261 
0.389865 -0.494334 0.443284 
-0.597268 -0.255126 0.407261 
0.390572 -0.49356 0.443597 
-0.597268 -0.255126 0.407261 
0.391635 -0.493168 0.445755 
-0.597268 -0.255126 0.407261 
0.393038 -0.493525 0.449172 
-0.597268 -0.255126 0.407261 
0.393793 -0.493448 0.443731 
-0.597268 -0.255126 0.407261 
0.433224 -0.467191 0.473931 
-0.597268 -0.255126 0.407261 
0.432081 -0.471674 0.470303 
-0.597268 -0.255126 0.407261 
0.435015 -0.469509 0.470881 
-0.597268 -0.255126 0.407261 
0.435193 -0.469116 0.469578 
-0.597268 -0.255126 0.407261 
0.435461 -0.469204 0.470894 
-0.597268 -0.255126 0.407261 
0.434878 -0.469303 0.471323 
-0.597268 -0.255126 0.407261 
0.432302 -0.467416 0.469006 
-0.597268 -0.255126 0.407261 
0.430788 -0.468561 0.468593 
-0.597268 -0.255126 0.407261 
0.429836 -0.469116 0.470983 
-0.597268 -0.255126 0.407261 
0.42886 -0.470054 0.472228 
-0.597268 -0.255126 0.407261 
0.427185 -0.471141 0.472217 
-0.597268 -0.255126 0.407261 
0.425344 -0.471676 0.472729 
-0.597268 -0.255126 0.407261 
0.424486 -0.47214 0.474784 
-0.597268 -0.255126 0.407261 
0.423318 -0.472594 0.475946 
-0.597268 -0.255126 0.407261 
0.42184 -0.472986 0.475752 
-0.597268 -0.255126 0.407261 
0.420864 -0.473807 0.475689 
-0.597268 -0.255126 0.407261 
0.421024 -0.474123 0.478308 
-0.597268 -0.255126 0.407261 
0.421434 -0.474451 0.48022 
-0.597268 -0.255126 0.407261 
0.42087 -0.474536 0.479219 
-0.597268 -0.255126 0.407261 
0.421111 -0.474373 0.480136 
-0.597268 -0.255126 0.407261 
0.421273 -0.474408 0.480519 
-0.597268 -0.255126 0.407261 
0.420351 -0.473999 0.478638 
-0.597268 -0.255126 0.407261 
0.421121 -0.474493 0.48015 
-0.597268 -0.255126 0.407261 
0.420748 -0.474707 0.479079 
-0.597268 -0.255126 0.407261 
0.420129 -0.474218 0.478232 
-0.597268 -0.255126 0.407261 
0.419354 -0.474195 0.476828 
-0.597268 -0.255126 0.407261 
0.419027 -0.474111 0.476272 
-0.597268 -0.255126 0.407261 
0.418383 -0.473994 0.474919 
-0.597268 -0.255126 0.407261 
0.418629 -0.473978 0.47549 
-0.597268 -0.255126 0.407261 
0.4187 -0.473722 0.475707 
-0.597268 -0.255126 0.407261 
0.418113 -0.473602 0.474544 
-0.597268 -0.255126 0.407261 
0.418011 -0.473987 0.474088 
-0.597268 -0.255126 0.407261 
0.418478 -0.474243 0.474974 
-0.597268 -0.255126 0.407261 
0.418915 -0.474284 0.475844 
-0.597268 -0.255126 0.407261 
0.418733 -0.473742 0.476055 
-0.597268 -0.255126 0.407261 
0.418239 -0.473505 0.475103 
-0.597268 -0.255126 0.407261 
0.417404 -0.472874 0.473727 
-0.597268 -0.255126 0.407261 
0.417774 -0.473145 0.474243 
-0.597268 -0.255126 0.407261 
0.418124 -0.473554 0.47491 
-0.597268 -0.255126 0.407261 
0.416952 -0.4728 0.472828 
-0.597268 -0.255126 0.407261 
0.417978 -0.473558 0.474735 
-0.597268 -0.255126 0.407261 
0.417524 -0.473079 0.473945 
-0.597268 -0.255126 0.407261 
0.417523 -0.47341 0.473895 
-0.597268 -0.255126 0.407261 
0.417428 -0.473584 0.473799 
-0.597268 -0.255126 0.407261 
0.417255 -0.473251 0.473562 
-0.597268 -0.255126 0.407261 
0.417214 -0.473504 0.473429 
-0.597268 -0.255126 0.407261 
0.417423 -0.473829 0.47363 
-0.597268 -0.255126 0.407261 
0.417674 -0.47402 0.473973 
-0.597268 -0.255126 0.407261 
0.417413 -0.474139 0.473538 
-0.597268 -0.255126 0.407261 
0.417441 -0.473803 0.473715 
-0.597268 -0.255126 0.407261 
0.417168 -0.473471 0.473324 
-0.597268 -0.255126 0.407261 
0.417318 -0.473819 0.473328 
-0.597268 -0.255126 0.407261 
0.417351 -0.473658 0.473479 
-0.597268 -0.255126 0.407261 
0.417113 -0.473543 0.472802 
-0.597268 -0.255126 0.407261 
0.417919 -0.473977 0.474292 
-0.597268 -0.255126 0.407261 
0.417788 -0.473965 0.474088 
-0.597268 -0.255126 0.407261 
0.41743 -0.473629 0.473273 
-0.597268 -0.255126 0.407261 
0.417789 -0.473992 0.474055 
-0.597268 -0.255126 0.407261 
0.417966 -0.474122 0.474298 
-0.597268 -0.255126 0.407261 
0.417937 -0.473995 0.474183 
-0.597268 -0.255126 0.407261 
0.417751 -0.473738 0.474009 
-0.597268 -0.255126 0.407261 
0.417545 -0.473885 0.473397 
-0.597268 -0.255126 0.407261 
0.417712 -0.474247 0.473459 
-0.597268 -0.255126 0.407261 
0.417744 -0.474119 0.473568 
-0.597268 -0.255126 0.407261 
0.417247 -0.473561 0.47279 
-0.597268 -0.255126 0.407261 
0.41705 -0.473736 0.472337 
-0.597268 -0.255126 0.407261 
0.416323 -0.473003 0.471034 
-0.597268 -0.255126 0.407261 
0.417853 -0.473917 0.473954 
-0.597268 -0.255126 0.407261 
0.416845 -0.473293 0.472311 
-0.597268 -0.255126 0.407261 
0.416957 -0.473067 0.472241 
-0.597268 -0.255126 0.407261 
0.416875 -0.472943 0.472097 
-0.597268 -0.255126 0.407261 
0.417584 -0.473643 0.473392 
-0.597268 -0.255126 0.407261 
0.417375 -0.473304 0.472944 
-0.597268 -0.255126 0.407261 
0.416697 -0.472943 0.471789 
-0.597268 -0.255126 0.407261 
0.416573 -0.472914 0.471353 
-0.597268 -0.255126 0.407261 
0.416835 -0.473068 0.471902 
-0.597268 -0.255126 0.407261 
0.416492 -0.472632 0.471561 
-0.597268 -0.255126 0.407261 
0.416962 -0.472709 0.472718 
-0.597268 -0.255126 0.407261 
0.416223 -0.472742 0.470577 
-0.597268 -0.255126 0.407261 
0.417163 -0.473144 0.472725 
-0.597268 -0.255126 0.407261 
0.416322 -0.47235 0.470894 
-0.597268 -0.255126 0.407261 
0.416469 -0.472253 0.471825 
-0.597268 -0.255126 0.407261 
0.416284 -0.471904 0.471394 
-0.597268 -0.255126 0.407261 
0.417604 -0.472792 0.473746 
-0.597268 -0.255126 0.407261 
0.417531 -0.472685 0.474117 
-0.597268 -0.255126 0.407261 
0.41701 -0.472473 0.472682 
-0.597268 -0.255126 0.407261 
0.416775 -0.472688 0.472027 
-0.597268 -0.255126 0.407261 
0.416638 -0.47251 0.471742 
-0.597268 -0.255126 0.407261 
0.417204 -0.47277 0.473072 
-0.597268 -0.255126 0.407261 
0.416765 -0.472376 0.471884 
-0.597268 -0.255126 0.407261 
0.417394 -0.472717 0.473407 
-0.597268 -0.255126 0.407261 
0.41785 -0.473232 0.473925 
-0.597268 -0.255126 0.407261 
0.417296 -0.472542 0.473144 
-0.597268 -0.255126 0.407261 
0.417304 -0.472873 0.473066 
-0.597268 -0.255126 0.407261 
0.416764 -0.47293 0.471859 
-0.597268 -0.255126 0.407261 
0.418194 -0.47316 0.475252 
-0.597268 -0.255126 0.407261 
0.41698 -0.472708 0.472624 
-0.597268 -0.255126 0.407261 
0.41725 -0.473457 0.472867 
-0.597268 -0.255126 0.407261 
0.416632 -0.473034 0.471732 
-0.597268 -0.255126 0.407261 
0.417066 -0.473414 0.472426 
-0.597268 -0.255126 0.407261 
0.417461 -0.473261 0.473576 
-0.597268 -0.255126 0.407261 
0.416976 -0.473098 0.47234 
-0.597268 -0.255126 0.407261 
0.416766 -0.473184 0.471967 
-0.597268 -0.255126 0.407261 
0.417659 -0.473624 0.473918 
-0.597268 -0.255126 0.407261 
0.416652 -0.473403 0.471487 
-0.597268 -0.255126 0.407261 
0.416817 -0.473477 0.472227 
-0.597268 -0.255126 0.407261 
0.416819 -0.473156 0.472001 
-0.597268 -0.255126 0.407261 
0.416591 -0.473005 0.471816 
-0.597268 -0.255126 0.407261 
0.416927 -0.473136 0.472252 
-0.597268 -0.255126 0.407261 
0.416642 -0.473481 0.471598 
-0.597268 -0.255126 0.407261 
0.416703 -0.472829 0.472204 
-0.597268 -0.255126 0.407261 
0.416746 -0.472957 0.472267 
-0.597268 -0.255126 0.407261 
0.416484 -0.47303 0.471535 
-0.597268 -0.255126 0.407261 
0.41663 -0.4726 0.472097 
-0.597268 -0.255126 0.407261 
0.416547 -0.47261 0.471773 
-0.597268 -0.255126 0.407261 
0.416555 -0.472516 0.471969 
-0.597268 -0.255126 0.407261 
0.416315 -0.47228 0.471524 
-0.597268 -0.255126 0.407261 
0.416369 -0.472673 0.471404 
-0.597268 -0.255126 0.407261 
0.417036 -0.473181 0.472496 
-0.597268 -0.255126 0.407261 
0.416888 -0.473375 0.471571 
-0.597268 -0.255126 0.407261 
0.416977 -0.473323 0.47212 
-0.597268 -0.255126 0.407261 
0.416544 -0.473027 0.471537 
-0.597268 -0.255126 0.407261 
0.416597 -0.473332 0.471411 
-0.597268 -0.255126 0.407261 
0.416412 -0.473018 0.471367 
-0.597268 -0.255126 0.407261 
0.416173 -0.473179 0.470607 
-0.597268 -0.255126 0.407261 
0.415342 -0.472637 0.469341 
-0.597268 -0.255126 0.407261 
0.415869 -0.473094 0.470093 
-0.597268 -0.255126 0.407261 
0.415886 -0.472728 0.470337 
-0.597268 -0.255126 0.407261 
0.41582 -0.472874 0.470128 
-0.597268 -0.255126 0.407261 
0.415704 -0.473143 0.469678 
-0.597268 -0.255126 0.407261 
0.415491 -0.472931 0.469542 
-0.597268 -0.255126 0.407261 
0.415267 -0.472855 0.469277 
-0.597268 -0.255126 0.407261 
0.413989 -0.471669 0.467271 
-0.597268 -0.255126 0.407261 
0.413603 -0.471419 0.466863 
-0.597268 -0.255126 0.407261 
0.413969 -0.471982 0.4684 
-0.597268 -0.255126 0.407261 
0.41249 -0.471196 0.466734 
-0.597268 -0.255126 0.407261 
0.411729 -0.471282 0.465867 
-0.597268 -0.255126 0.407261 
0.41179 -0.471246 0.46704 
-0.597268 -0.255126 0.407261 
0.410491 -0.471184 0.465525 
-0.597268 -0.255126 0.407261 
0.409842 -0.471512 0.465667 
-0.597268 -0.255126 0.407261 
0.408572 -0.471077 0.464458 
-0.597268 -0.255126 0.407261 
0.407596 -0.471828 0.464028 
-0.597268 -0.255126 0.407261 
0.406739 -0.471608 0.463444 
-0.597268 -0.255126 0.407261 
0.405691 -0.471682 0.462597 
-0.597268 -0.255126 0.407261 
0.405672 -0.472388 0.463127 
-0.597268 -0.255126 0.407261 
0.405465 -0.472576 0.463382 
-0.597268 -0.255126 0.407261 
0.405504 -0.473175 0.464256 
-0.597268 -0.255126 0.407261 
0.404788 -0.472712 0.463249 
-0.597268 -0.255126 0.407261 
0.40489 -0.473611 0.463918 
-0.597268 -0.255126 0.407261 
0.404442 -0.473358 0.463075 
-0.597268 -0.255126 0.407261 
0.404831 -0.473339 0.464662 
-0.597268 -0.255126 0.407261 
0.404802 -0.473369 0.464012 
-0.597268 -0.255126 0.407261 
0.404633 -0.472952 0.463808 
-0.597268 -0.255126 0.407261 
0.404268 -0.472322 0.463221 
-0.597268 -0.255126 0.407261 
0.40409 -0.472189 0.462862 
-0.597268 -0.255126 0.407261 
0.403989 -0.471961 0.462603 
-0.597268 -0.255126 0.407261 
0.403981 -0.471573 0.462705 
-0.597268 -0.255126 0.407261 
0.404046 -0.471674 0.462654 
