-0.636023 -0.245934 0.380327 
0.379988 -0.477642 0.427338 
-0.634717 -0.246496 0.381382 
0.379988 -0.477642 0.427338 
-0.63545 -0.247156 0.38208 
0.379971 -0.483249 0.431723 
-0.636179 -0.247797 0.38231 
0.379243 -0.48286 0.432171 
-0.63666 -0.248508 0.381742 
0.379468 -0.47892 0.428122 
-0.636212 -0.248212 0.381335 
0.379481 -0.47929 0.428097 
-0.634172 -0.246891 0.381773 
0.379812 -0.480332 0.427618 
-0.631471 -0.246331 0.383007 
0.380237 -0.485905 0.431331 
-0.626606 -0.244703 0.385003 
0.380505 -0.482783 0.427367 
-0.623948 -0.243539 0.385917 
0.380999 -0.483444 0.426841 
-0.622209 -0.242741 0.386587 
0.381256 -0.483989 0.426324 
-0.619382 -0.241144 0.387603 
0.381356 -0.484594 0.426006 
-0.618013 -0.240698 0.388114 
0.381392 -0.48516 0.425722 
-0.616622 -0.240255 0.388716 
0.381339 -0.485648 0.425446 
-0.614093 -0.239582 0.389374 
0.381298 -0.491749 0.430977 
-0.611406 -0.238419 0.390438 
0.381193 -0.488172 0.425569 
-0.608481 -0.237433 0.39179 
0.381622 -0.493905 0.429608 
-0.606138 -0.236444 0.392551 
0.381389 -0.490986 0.425244 
-0.6033 -0.235695 0.393521 
0.381597 -0.496645 0.429984 
-0.602134 -0.23466 0.393332 
0.380906 -0.49312 0.425329 
-0.601355 -0.233745 0.392675 
0.380463 -0.49724 0.428652 
-0.601802 -0.23381 0.392351 
0.379693 -0.494993 0.426403 
-0.45805 -0.16486 0.48415 
0.380622 -0.496841 0.428445 
-0.45805 -0.16486 0.48415 
0.380622 -0.496841 0.428445 
