-0.618581 -0.212441 0.399676 
0.400795 -0.504304 0.485867 
-0.618582 -0.212442 0.399676 
0.400795 -0.504304 0.485867 
-0.618841 -0.21231 0.398796 
0.400795 -0.504304 0.485867 
-0.618316 -0.213034 0.398043 
0.400795 -0.504304 0.485867 
-0.617549 -0.2145 0.398482 
0.400795 -0.504304 0.485867 
-0.616251 -0.216666 0.398662 
0.400795 -0.504304 0.485867 
-0.613681 -0.21706 0.398557 
0.400795 -0.504304 0.485867 
-0.611559 -0.217356 0.398804 
0.400795 -0.504304 0.485867 
-0.609906 -0.217633 0.39873 
0.400795 -0.504304 0.485867 
-0.608733 -0.217768 0.398896 
0.400795 -0.504304 0.485867 
-0.607995 -0.217821 0.398701 
0.400795 -0.504304 0.485867 
-0.60735 -0.217867 0.398512 
0.400795 -0.504304 0.485867 
-0.606887 -0.217738 0.398333 
0.400795 -0.504304 0.485867 
-0.60654 -0.217927 0.398511 
0.400795 -0.504304 0.485867 
-0.606209 -0.217867 0.398686 
0.400795 -0.504304 0.485867 
-0.605403 -0.218254 0.398694 
0.400795 -0.504304 0.485867 
-0.604122 -0.218869 0.39821 
0.400795 -0.504304 0.485867 
-0.603052 -0.218983 0.398014 
0.400795 -0.504304 0.485867 
-0.602233 -0.218491 0.398437 
0.400795 -0.504304 0.485867 
-0.60216 -0.218519 0.398502 
0.400795 -0.504304 0.485867 
-0.602187 -0.218719 0.398674 
0.400795 -0.504304 0.485867 
-0.602307 -0.218559 0.398029 
0.400795 -0.504304 0.485867 
-0.602294 -0.218516 0.398172 
0.400795 -0.504304 0.485867 
-0.60226 -0.218664 0.397695 
0.400795 -0.504304 0.485867 
-0.602177 -0.218685 0.397835 
0.400795 -0.504304 0.485867 
-0.6022 -0.218531 0.3981 
0.400795 -0.504304 0.485867 
-0.602306 -0.218575 0.398037 
0.400795 -0.504304 0.485867 
-0.602146 -0.218637 0.398166 
0.400795 -0.504304 0.485867 
-0.602178 -0.21851 0.398013 
0.400795 -0.504304 0.485867 
-0.60219 -0.218909 0.398446 
0.400795 -0.504304 0.485867 
-0.602239 -0.218932 0.398456 
0.400795 -0.504304 0.485867 
-0.602232 -0.218945 0.398524 
0.400795 -0.504304 0.485867 
-0.602344 -0.218918 0.398379 
0.400795 -0.504304 0.485867 
-0.60224 -0.218874 0.398676 
0.400795 -0.504304 0.485867 
-0.602268 -0.218863 0.398481 
0.400795 -0.504304 0.485867 
-0.602311 -0.2187 0.398445 
0.400795 -0.504304 0.485867 
-0.602316 -0.218949 0.398621 
0.400795 -0.504304 0.485867 
-0.60228 -0.218952 0.398726 
0.400795 -0.504304 0.485867 
-0.602261 -0.218966 0.398665 
0.400795 -0.504304 0.485867 
-0.602283 -0.218791 0.398689 
0.400795 -0.504304 0.485867 
-0.602296 -0.218817 0.398345 
0.400795 -0.504304 0.485867 
-0.60223 -0.219016 0.398499 
0.400795 -0.504304 0.485867 
-0.602255 -0.218757 0.398284 
0.400795 -0.504304 0.485867 
-0.60217 -0.218671 0.398145 
0.400795 -0.504304 0.485867 
-0.602218 -0.218553 0.398221 
0.400795 -0.504304 0.485867 
-0.60205 -0.218542 0.398324 
0.400795 -0.504304 0.485867 
-0.602197 -0.218451 0.398361 
0.400795 -0.504304 0.485867 
-0.602179 -0.218722 0.398463 
0.400795 -0.504304 0.485867 
-0.602123 -0.218618 0.398681 
0.400795 -0.504304 0.485867 
-0.602132 -0.218646 0.398581 
0.400795 -0.504304 0.485867 
-0.602103 -0.218659 0.398596 
0.400795 -0.504304 0.485867 
-0.602176 -0.218595 0.398193 
0.400795 -0.504304 0.485867 
-0.602109 -0.218658 0.398382 
0.400795 -0.504304 0.485867 
-0.602124 -0.218783 0.398473 
0.400795 -0.504304 0.485867 
-0.602159 -0.218722 0.398547 
0.400795 -0.504304 0.485867 
-0.602135 -0.218701 0.398772 
0.400795 -0.504304 0.485867 
-0.602197 -0.218603 0.398651 
0.400795 -0.504304 0.485867 
-0.602176 -0.218822 0.39886 
0.400795 -0.504304 0.485867 
-0.602254 -0.218727 0.398666 
0.400795 -0.504304 0.485867 
-0.602137 -0.218866 0.398725 
0.400795 -0.504304 0.485867 
-0.601612 -0.21753 0.39723 
0.400795 -0.504304 0.485867 
-0.600255 -0.214975 0.39521 
0.400795 -0.504304 0.485867 
-0.599069 -0.212131 0.392885 
0.400795 -0.504304 0.485867 
-0.598191 -0.208849 0.389815 
0.400795 -0.504304 0.485867 
-0.597506 -0.205207 0.3868 
0.400795 -0.504304 0.485867 
-0.597039 -0.201302 0.383322 
0.400795 -0.504304 0.485867 
-0.596764 -0.197239 0.379766 
0.400795 -0.504304 0.485867 
-0.596889 -0.192643 0.375583 
0.400795 -0.504304 0.485867 
-0.597127 -0.187987 0.371909 
0.400795 -0.504304 0.485867 
-0.597763 -0.18358 0.367984 
0.400795 -0.504304 0.485867 
-0.59852 -0.178967 0.364297 
0.400795 -0.504304 0.485867 
-0.599477 -0.174449 0.360372 
0.400795 -0.504304 0.485867 
-0.600308 -0.169912 0.356847 
0.400795 -0.504304 0.485867 
-0.602378 -0.167087 0.35446 
0.400795 -0.504304 0.485867 
-0.604131 -0.16557 0.353192 
0.400795 -0.504304 0.485867 
-0.60572 -0.164447 0.352046 
0.400795 -0.504304 0.485867 
-0.606405 -0.164516 0.351736 
0.400795 -0.504304 0.485867 
-0.60716 -0.165048 0.351314 
0.400795 -0.504304 0.485867 
-0.607223 -0.166299 0.351394 
0.400795 -0.504304 0.485867 
-0.606763 -0.16823 0.352415 
0.400795 -0.504304 0.485867 
-0.605883 -0.170762 0.353793 
0.400795 -0.504304 0.485867 
-0.604791 -0.174131 0.354841 
0.400795 -0.504304 0.485867 
-0.60339 -0.178128 0.35612 
0.400795 -0.504304 0.485867 
-0.602012 -0.182561 0.357353 
0.400795 -0.504304 0.485867 
-0.602583 -0.190539 0.358228 
0.400795 -0.504304 0.485867 
-0.602821 -0.190105 0.357968 
0.400795 -0.504304 0.485867 
