-0.610819 -0.218985 0.400776 
0.400795 -0.504304 0.485867 
-0.610819 -0.218986 0.400776 
0.400795 -0.504304 0.485867 
-0.610779 -0.21894 0.399754 
0.400795 -0.504304 0.485867 
-0.610325 -0.219561 0.39932 
0.400795 -0.504304 0.485867 
-0.609623 -0.220946 0.399707 
0.400795 -0.504304 0.485867 
-0.608503 -0.222753 0.39942 
0.400795 -0.504304 0.485867 
-0.605888 -0.223461 0.399416 
0.400795 -0.504304 0.485867 
-0.603559 -0.223802 0.399814 
0.400795 -0.504304 0.485867 
-0.602056 -0.223698 0.399858 
0.400795 -0.504304 0.485867 
-0.60095 -0.22378 0.399597 
0.400795 -0.504304 0.485867 
-0.600017 -0.223878 0.399713 
0.400795 -0.504304 0.485867 
-0.59938 -0.224199 0.399583 
0.400795 -0.504304 0.485867 
-0.598993 -0.224395 0.399458 
0.400795 -0.504304 0.485867 
-0.598607 -0.224355 0.399513 
0.400795 -0.504304 0.485867 
-0.598439 -0.224412 0.399715 
0.400795 -0.504304 0.485867 
-0.597465 -0.224801 0.399892 
0.400795 -0.504304 0.485867 
-0.596192 -0.225156 0.399805 
0.400795 -0.504304 0.485867 
-0.595003 -0.225313 0.39977 
0.400795 -0.504304 0.485867 
-0.594153 -0.225101 0.399535 
0.400795 -0.504304 0.485867 
-0.594142 -0.224832 0.399391 
0.400795 -0.504304 0.485867 
-0.594259 -0.224802 0.399401 
0.400795 -0.504304 0.485867 
-0.594322 -0.224935 0.399452 
0.400795 -0.504304 0.485867 
-0.594348 -0.224796 0.399542 
0.400795 -0.504304 0.485867 
-0.59433 -0.224727 0.399245 
0.400795 -0.504304 0.485867 
-0.594273 -0.224632 0.399189 
0.400795 -0.504304 0.485867 
-0.594379 -0.224885 0.398939 
0.400795 -0.504304 0.485867 
-0.59429 -0.224724 0.399065 
0.400795 -0.504304 0.485867 
-0.594277 -0.224723 0.398983 
0.400795 -0.504304 0.485867 
-0.594308 -0.224767 0.399231 
0.400795 -0.504304 0.485867 
-0.594397 -0.224857 0.399289 
0.400795 -0.504304 0.485867 
-0.594335 -0.224813 0.399494 
0.400795 -0.504304 0.485867 
-0.594341 -0.224946 0.399608 
0.400795 -0.504304 0.485867 
-0.594316 -0.225157 0.399619 
0.400795 -0.504304 0.485867 
-0.594499 -0.225088 0.399553 
0.400795 -0.504304 0.485867 
-0.594502 -0.224975 0.399446 
0.400795 -0.504304 0.485867 
-0.59443 -0.225174 0.399364 
0.400795 -0.504304 0.485867 
-0.594445 -0.22495 0.39958 
0.400795 -0.504304 0.485867 
-0.594423 -0.224982 0.399715 
0.400795 -0.504304 0.485867 
-0.594439 -0.224809 0.399515 
0.400795 -0.504304 0.485867 
-0.594386 -0.225129 0.399377 
0.400795 -0.504304 0.485867 
-0.594463 -0.224885 0.399392 
0.400795 -0.504304 0.485867 
-0.594407 -0.224907 0.399422 
0.400795 -0.504304 0.485867 
-0.594399 -0.224743 0.399472 
0.400795 -0.504304 0.485867 
-0.594343 -0.224759 0.399007 
0.400795 -0.504304 0.485867 
-0.594364 -0.224858 0.399177 
0.400795 -0.504304 0.485867 
-0.59435 -0.224714 0.399388 
0.400795 -0.504304 0.485867 
-0.594358 -0.224872 0.399344 
0.400795 -0.504304 0.485867 
-0.594343 -0.224682 0.3995 
0.400795 -0.504304 0.485867 
-0.594298 -0.224792 0.399451 
0.400795 -0.504304 0.485867 
-0.59441 -0.224544 0.399275 
0.400795 -0.504304 0.485867 
-0.59434 -0.224784 0.399435 
0.400795 -0.504304 0.485867 
-0.594341 -0.224664 0.399202 
0.400795 -0.504304 0.485867 
-0.594344 -0.224786 0.399386 
0.400795 -0.504304 0.485867 
-0.594396 -0.224725 0.399391 
0.400795 -0.504304 0.485867 
-0.594357 -0.224894 0.399504 
0.400795 -0.504304 0.485867 
-0.594457 -0.224768 0.399505 
0.400795 -0.504304 0.485867 
-0.594359 -0.22484 0.399773 
0.400795 -0.504304 0.485867 
-0.594378 -0.224763 0.399658 
0.400795 -0.504304 0.485867 
-0.594349 -0.224951 0.399608 
0.400795 -0.504304 0.485867 
-0.594284 -0.22485 0.399508 
0.400795 -0.504304 0.485867 
-0.593717 -0.223649 0.398617 
0.400795 -0.504304 0.485867 
-0.592494 -0.221091 0.396156 
0.400795 -0.504304 0.485867 
-0.591491 -0.218065 0.393437 
0.400795 -0.504304 0.485867 
-0.590499 -0.214706 0.390873 
0.400795 -0.504304 0.485867 
-0.589796 -0.211322 0.387868 
0.400795 -0.504304 0.485867 
-0.589396 -0.207352 0.384363 
0.400795 -0.504304 0.485867 
-0.589024 -0.203061 0.381039 
0.400795 -0.504304 0.485867 
-0.589173 -0.198196 0.377437 
0.400795 -0.504304 0.485867 
-0.589521 -0.193592 0.37382 
0.400795 -0.504304 0.485867 
-0.590209 -0.188969 0.369949 
0.400795 -0.504304 0.485867 
-0.590988 -0.184318 0.366075 
0.400795 -0.504304 0.485867 
-0.591913 -0.179716 0.362339 
0.400795 -0.504304 0.485867 
-0.59299 -0.175107 0.358366 
0.400795 -0.504304 0.485867 
-0.594828 -0.172784 0.356192 
0.400795 -0.504304 0.485867 
-0.596811 -0.171078 0.354903 
0.400795 -0.504304 0.485867 
-0.598112 -0.170442 0.353774 
0.400795 -0.504304 0.485867 
-0.599249 -0.170214 0.353242 
0.400795 -0.504304 0.485867 
-0.599573 -0.170791 0.353537 
0.400795 -0.504304 0.485867 
-0.59977 -0.171881 0.353629 
0.400795 -0.504304 0.485867 
-0.599105 -0.173938 0.354555 
0.400795 -0.504304 0.485867 
-0.598223 -0.176935 0.355746 
0.400795 -0.504304 0.485867 
-0.597069 -0.180306 0.356878 
0.400795 -0.504304 0.485867 
-0.595618 -0.184357 0.358082 
0.400795 -0.504304 0.485867 
-0.594485 -0.188395 0.358827 
0.400795 -0.504304 0.485867 
-0.594258 -0.197663 0.358156 
0.400795 -0.504304 0.485867 
-0.594473 -0.197395 0.357895 
0.400795 -0.504304 0.485867 
-0.593164 -0.202481 0.358702 
0.400795 -0.504304 0.485867 
-0.591963 -0.207544 0.359116 
0.400795 -0.504304 0.485867 
-0.591074 -0.212811 0.359384 
0.400795 -0.504304 0.485867 
-0.590468 -0.217688 0.359071 
0.400795 -0.504304 0.485867 
-0.589957 -0.22184 0.358982 
0.400795 -0.504304 0.485867 
-0.589537 -0.225931 0.358828 
0.400795 -0.504304 0.485867 
-0.590726 -0.22961 0.358359 
0.400795 -0.504304 0.485867 
-0.590448 -0.232954 0.358194 
0.400795 -0.504304 0.485867 
-0.590515 -0.235677 0.357564 
0.400795 -0.504304 0.485867 
-0.590899 -0.237683 0.356016 
0.400795 -0.504304 0.485867 
-0.590506 -0.239035 0.356347 
0.400795 -0.504304 0.485867 
-0.590627 -0.240852 0.355783 
0.400795 -0.504304 0.485867 
-0.59132 -0.242916 0.354788 
0.400795 -0.504304 0.485867 
-0.591493 -0.243915 0.354597 
0.400795 -0.504304 0.485867 
-0.591678 -0.245366 0.354387 
0.400795 -0.504304 0.485867 
-0.592821 -0.247516 0.352585 
0.400795 -0.504304 0.485867 
-0.593044 -0.249127 0.352145 
0.400795 -0.504304 0.485867 
-0.593536 -0.251263 0.351457 
0.400795 -0.504304 0.485867 
-0.593699 -0.252199 0.350764 
0.400795 -0.504304 0.485867 
-0.592288 -0.254109 0.350576 
0.400795 -0.504304 0.485867 
-0.592409 -0.256289 0.350273 
0.400795 -0.504304 0.485867 
-0.592597 -0.257385 0.349834 
0.400795 -0.504304 0.485867 
-0.592764 -0.259078 0.34936 
0.400795 -0.504304 0.485867 
-0.592636 -0.259721 0.3489 
0.400795 -0.504304 0.485867 
-0.592366 -0.260308 0.348618 
0.400795 -0.504304 0.485867 
-0.592032 -0.260999 0.348451 
0.400795 -0.504304 0.485867 
-0.591718 -0.261598 0.348267 
0.400795 -0.504304 0.485867 
-0.591067 -0.261757 0.348378 
0.400795 -0.504304 0.485867 
-0.590219 -0.261331 0.348688 
0.400795 -0.504304 0.485867 
-0.589134 -0.261168 0.349021 
0.400795 -0.504304 0.485867 
-0.588283 -0.260827 0.349094 
0.400795 -0.504304 0.485867 
-0.587246 -0.26031 0.349351 
0.400795 -0.504304 0.485867 
-0.586269 -0.260469 0.348973 
0.400795 -0.504304 0.485867 
-0.585492 -0.261178 0.348701 
0.400795 -0.504304 0.485867 
-0.58491 -0.261874 0.348595 
0.400795 -0.504304 0.485867 
-0.584558 -0.262834 0.348339 
0.400795 -0.504304 0.485867 
-0.584267 -0.26356 0.348128 
0.400795 -0.504304 0.485867 
-0.583836 -0.26408 0.347928 
0.400795 -0.504304 0.485867 
-0.583395 -0.26476 0.348018 
0.400795 -0.504304 0.485867 
-0.582825 -0.265681 0.347837 
0.400795 -0.504304 0.485867 
-0.582353 -0.266298 0.347689 
0.400795 -0.504304 0.485867 
-0.581984 -0.266443 0.347306 
0.400795 -0.504304 0.485867 
-0.581699 -0.267107 0.347007 
0.400795 -0.504304 0.485867 
-0.58177 -0.267939 0.34663 
0.400795 -0.504304 0.485867 
-0.581666 -0.268899 0.347166 
0.400795 -0.504304 0.485867 
-0.581618 -0.268939 0.347257 
0.400795 -0.504304 0.485867 
-0.578694 -0.267562 0.353263 
0.400795 -0.504304 0.485867 
-0.579096 -0.268144 0.352835 
0.400795 -0.504304 0.485867 
-0.579021 -0.26804 0.352998 
0.400795 -0.504304 0.485867 
-0.579084 -0.268247 0.353165 
0.400795 -0.504304 0.485867 
-0.579244 -0.267651 0.352585 
0.400795 -0.504304 0.485867 
-0.579174 -0.268272 0.35303 
0.400795 -0.504304 0.485867 
-0.579098 -0.267999 0.352673 
0.400795 -0.504304 0.485867 
-0.579081 -0.267461 0.352674 
0.400795 -0.504304 0.485867 
-0.579136 -0.267483 0.352619 
0.400795 -0.504304 0.485867 
-0.579032 -0.267847 0.353079 
0.400795 -0.504304 0.485867 
-0.579132 -0.267599 0.352831 
0.400795 -0.504304 0.485867 
-0.61239 -0.202984 0.332175 
0.400795 -0.504304 0.485867 
