-0.597268 -0.255126 0.407261 
0.386893 -0.491708 0.44174 
-0.597268 -0.255126 0.407261 
0.386892 -0.491708 0.44174 
-0.597268 -0.255126 0.407261 
0.386892 -0.491708 0.44174 
-0.597268 -0.255126 0.407261 
0.387578 -0.491198 0.4416 
-0.597268 -0.255126 0.407261 
0.389167 -0.491159 0.443001 
-0.597268 -0.255126 0.407261 
0.390035 -0.491117 0.441966 
-0.597268 -0.255126 0.407261 
0.39067 -0.491225 0.441746 
-0.597268 -0.255126 0.407261 
0.391351 -0.491639 0.442555 
-0.597268 -0.255126 0.407261 
0.392161 -0.491768 0.443476 
-0.597268 -0.255126 0.407261 
0.393043 -0.491762 0.443441 
-0.597268 -0.255126 0.407261 
0.394013 -0.491904 0.443291 
-0.597268 -0.255126 0.407261 
0.395318 -0.492072 0.443827 
-0.597268 -0.255126 0.407261 
0.396697 -0.49219 0.444409 
-0.597268 -0.255126 0.407261 
0.399144 -0.492426 0.445011 
-0.597268 -0.255126 0.407261 
0.401542 -0.492775 0.445597 
-0.597268 -0.255126 0.407261 
0.403863 -0.493082 0.445849 
-0.597268 -0.255126 0.407261 
0.406401 -0.493371 0.446549 
-0.597268 -0.255126 0.407261 
0.409044 -0.493611 0.446677 
-0.597268 -0.255126 0.407261 
0.411714 -0.493814 0.446412 
-0.597268 -0.255126 0.407261 
0.414508 -0.494058 0.446281 
-0.597268 -0.255126 0.407261 
0.417293 -0.494237 0.446582 
-0.597268 -0.255126 0.407261 
0.420013 -0.494297 0.446121 
-0.597268 -0.255126 0.407261 
0.422614 -0.494393 0.445636 
-0.597268 -0.255126 0.407261 
0.425198 -0.494554 0.445396 
-0.597268 -0.255126 0.407261 
0.427771 -0.494788 0.445502 
-0.597268 -0.255126 0.407261 
0.430288 -0.494933 0.445325 
-0.597268 -0.255126 0.407261 
0.43273 -0.495134 0.445034 
-0.597268 -0.255126 0.407261 
0.435164 -0.495409 0.445241 
-0.597268 -0.255126 0.407261 
0.437468 -0.495589 0.44539 
-0.597268 -0.255126 0.407261 
0.439692 -0.495825 0.445343 
-0.597268 -0.255126 0.407261 
0.441728 -0.496107 0.445222 
-0.597268 -0.255126 0.407261 
0.443657 -0.496342 0.445299 
-0.597268 -0.255126 0.407261 
0.44545 -0.496667 0.446149 
-0.597268 -0.255126 0.407261 
0.446876 -0.496936 0.446097 
-0.597268 -0.255126 0.407261 
0.447995 -0.497087 0.445701 
-0.597268 -0.255126 0.407261 
0.448866 -0.497231 0.445639 
-0.597268 -0.255126 0.407261 
0.448863 -0.49723 0.445637 
-0.597268 -0.255126 0.407261 
0.448867 -0.497234 0.445635 
-0.597268 -0.255126 0.407261 
0.448867 -0.497233 0.445636 
-0.597268 -0.255126 0.407261 
0.448862 -0.497227 0.44564 
-0.597268 -0.255126 0.407261 
0.448863 -0.497229 0.44564 
-0.597268 -0.255126 0.407261 
0.448859 -0.497225 0.44564 
-0.597268 -0.255126 0.407261 
0.448864 -0.497227 0.445651 
-0.597268 -0.255126 0.407261 
0.448858 -0.497218 0.445658 
-0.597268 -0.255126 0.407261 
0.448857 -0.497219 0.445655 
-0.597268 -0.255126 0.407261 
0.448855 -0.497216 0.445654 
-0.597268 -0.255126 0.407261 
0.44885 -0.497212 0.445655 
-0.597268 -0.255126 0.407261 
0.448847 -0.497207 0.445659 
-0.597268 -0.255126 0.407261 
0.448843 -0.497205 0.445654 
-0.597268 -0.255126 0.407261 
0.448995 -0.497321 0.445773 
-0.597268 -0.255126 0.407261 
0.448995 -0.497321 0.445773 
-0.597268 -0.255126 0.407261 
0.448995 -0.497321 0.445773 
-0.597268 -0.255126 0.407261 
0.448995 -0.497321 0.445773 
-0.597268 -0.255126 0.407261 
0.448995 -0.497321 0.445773 
-0.597268 -0.255126 0.407261 
0.448995 -0.497321 0.445773 
-0.597268 -0.255126 0.407261 
0.448995 -0.497321 0.445773 
-0.597268 -0.255126 0.407261 
0.448995 -0.497321 0.445773 
-0.597268 -0.255126 0.407261 
0.448995 -0.497321 0.445773 
-0.597268 -0.255126 0.407261 
0.448995 -0.497321 0.445773 
-0.597268 -0.255126 0.407261 
0.448995 -0.497321 0.445773 
-0.597268 -0.255126 0.407261 
0.448995 -0.497321 0.445773 
-0.597268 -0.255126 0.407261 
0.448995 -0.497321 0.445773 
-0.597268 -0.255126 0.407261 
0.448995 -0.497321 0.445773 
-0.597268 -0.255126 0.407261 
0.448995 -0.497321 0.445773 
-0.597268 -0.255126 0.407261 
0.448995 -0.497321 0.445773 
-0.597268 -0.255126 0.407261 
0.448995 -0.497321 0.445773 
-0.597268 -0.255126 0.407261 
0.448995 -0.497321 0.445773 
-0.597268 -0.255126 0.407261 
0.448995 -0.497321 0.445773 
-0.597268 -0.255126 0.407261 
0.448995 -0.497321 0.445773 
-0.597268 -0.255126 0.407261 
0.448995 -0.497321 0.445773 
-0.597268 -0.255126 0.407261 
0.448995 -0.497321 0.445773 
-0.597268 -0.255126 0.407261 
0.448995 -0.497321 0.445773 
-0.597268 -0.255126 0.407261 
0.448995 -0.497321 0.445773 
-0.597268 -0.255126 0.407261 
0.448995 -0.497321 0.445773 
-0.597268 -0.255126 0.407261 
0.448995 -0.497321 0.445773 
-0.597268 -0.255126 0.407261 
0.448995 -0.497321 0.445773 
-0.597268 -0.255126 0.407261 
0.448995 -0.497321 0.445773 
-0.597268 -0.255126 0.407261 
0.448995 -0.497321 0.445773 
-0.597268 -0.255126 0.407261 
0.448995 -0.497321 0.445773 
-0.597268 -0.255126 0.407261 
0.448995 -0.497321 0.445773 
-0.597268 -0.255126 0.407261 
0.448995 -0.497321 0.445773 
-0.597268 -0.255126 0.407261 
0.448995 -0.497321 0.445773 
-0.597268 -0.255126 0.407261 
0.448995 -0.497321 0.445773 
-0.597268 -0.255126 0.407261 
0.448995 -0.497321 0.445773 
-0.597268 -0.255126 0.407261 
0.448995 -0.497321 0.445773 
-0.597268 -0.255126 0.407261 
0.448995 -0.497321 0.445773 
-0.597268 -0.255126 0.407261 
0.448995 -0.497321 0.445773 
-0.597268 -0.255126 0.407261 
0.448995 -0.497321 0.445773 
-0.597268 -0.255126 0.407261 
0.448995 -0.497321 0.445773 
-0.597268 -0.255126 0.407261 
0.448995 -0.497321 0.445773 
-0.597268 -0.255126 0.407261 
0.448995 -0.497321 0.445773 
-0.597268 -0.255126 0.407261 
0.448995 -0.497321 0.445773 
-0.597268 -0.255126 0.407261 
0.448995 -0.497321 0.445773 
-0.597268 -0.255126 0.407261 
0.448995 -0.497321 0.445773 
-0.597268 -0.255126 0.407261 
0.448995 -0.497321 0.445773 
-0.597268 -0.255126 0.407261 
0.448995 -0.497321 0.445773 
-0.597268 -0.255126 0.407261 
0.448995 -0.497321 0.445773 
-0.597268 -0.255126 0.407261 
0.448995 -0.497321 0.445773 
-0.597268 -0.255126 0.407261 
0.448995 -0.497321 0.445773 
