-0.592276 -0.189226 0.481744 
0.400795 -0.504304 0.485867 
-0.592276 -0.189226 0.481743 
0.400795 -0.504304 0.485867 
-0.592276 -0.189226 0.481743 
0.400795 -0.504304 0.485867 
-0.58645 -0.213466 0.459266 
0.400795 -0.504304 0.485867 
-0.587424 -0.23498 0.436919 
0.400795 -0.504304 0.485867 
-0.59317 -0.252451 0.416913 
0.400795 -0.504304 0.485867 
-0.600758 -0.267255 0.401957 
0.400795 -0.504304 0.485867 
-0.59979 -0.270651 0.40585 
0.400795 -0.504304 0.485867 
-0.597839 -0.269666 0.412494 
0.400795 -0.504304 0.485867 
-0.597291 -0.268084 0.417701 
0.400795 -0.504304 0.485867 
-0.597163 -0.266406 0.421029 
0.400795 -0.504304 0.485867 
-0.597262 -0.264846 0.423823 
0.400795 -0.504304 0.485867 
-0.597498 -0.264196 0.424291 
0.400795 -0.504304 0.485867 
-0.597578 -0.264259 0.423827 
0.400795 -0.504304 0.485867 
-0.597599 -0.264643 0.423656 
0.400795 -0.504304 0.485867 
-0.597615 -0.264716 0.423624 
0.400795 -0.504304 0.485867 
-0.597571 -0.264602 0.42398 
0.400795 -0.504304 0.485867 
-0.597586 -0.264725 0.423839 
0.400795 -0.504304 0.485867 
-0.597494 -0.264694 0.423582 
0.400795 -0.504304 0.485867 
-0.59725 -0.264317 0.423691 
0.400795 -0.504304 0.485867 
-0.596837 -0.263484 0.42395 
0.400795 -0.504304 0.485867 
-0.596356 -0.262698 0.424486 
0.400795 -0.504304 0.485867 
-0.595861 -0.261793 0.424229 
0.400795 -0.504304 0.485867 
-0.595184 -0.259915 0.424339 
0.400795 -0.504304 0.485867 
-0.594709 -0.25756 0.423893 
0.400795 -0.504304 0.485867 
-0.594084 -0.255607 0.424399 
0.400795 -0.504304 0.485867 
-0.593638 -0.253481 0.424201 
0.400795 -0.504304 0.485867 
-0.593055 -0.250772 0.424217 
0.400795 -0.504304 0.485867 
-0.592452 -0.247312 0.424626 
0.400795 -0.504304 0.485867 
-0.592049 -0.244225 0.424572 
0.400795 -0.504304 0.485867 
-0.591889 -0.241372 0.424892 
0.400795 -0.504304 0.485867 
-0.591753 -0.238428 0.425046 
0.400795 -0.504304 0.485867 
-0.591916 -0.236109 0.424728 
0.400795 -0.504304 0.485867 
-0.592164 -0.2339 0.424697 
0.400795 -0.504304 0.485867 
-0.592405 -0.231492 0.424404 
0.400795 -0.504304 0.485867 
-0.592621 -0.229467 0.424796 
0.400795 -0.504304 0.485867 
-0.592908 -0.22769 0.423674 
0.400795 -0.504304 0.485867 
-0.593117 -0.225787 0.423768 
0.400795 -0.504304 0.485867 
-0.593373 -0.225156 0.423858 
0.400795 -0.504304 0.485867 
-0.593778 -0.223973 0.423401 
0.400795 -0.504304 0.485867 
-0.593971 -0.223013 0.424543 
0.400795 -0.504304 0.485867 
-0.594229 -0.222389 0.424259 
0.400795 -0.504304 0.485867 
-0.594454 -0.221537 0.425037 
0.400795 -0.504304 0.485867 
-0.594564 -0.22043 0.425964 
0.400795 -0.504304 0.485867 
-0.594676 -0.219102 0.425922 
0.400795 -0.504304 0.485867 
-0.594754 -0.218385 0.426057 
0.400795 -0.504304 0.485867 
-0.594847 -0.217034 0.426644 
0.400795 -0.504304 0.485867 
-0.595184 -0.215014 0.426804 
0.400795 -0.504304 0.485867 
-0.59545 -0.214033 0.427423 
0.400795 -0.504304 0.485867 
-0.595705 -0.21235 0.428352 
0.400795 -0.504304 0.485867 
-0.596016 -0.210556 0.429064 
0.400795 -0.504304 0.485867 
-0.596311 -0.208146 0.430094 
0.400795 -0.504304 0.485867 
-0.596594 -0.205787 0.43099 
0.400795 -0.504304 0.485867 
-0.596844 -0.203146 0.431627 
0.400795 -0.504304 0.485867 
-0.597319 -0.200272 0.432566 
0.400795 -0.504304 0.485867 
-0.597889 -0.19744 0.433594 
0.400795 -0.504304 0.485867 
-0.598445 -0.19446 0.434428 
0.400795 -0.504304 0.485867 
-0.598983 -0.191265 0.435127 
0.400795 -0.504304 0.485867 
-0.599439 -0.188211 0.435877 
0.400795 -0.504304 0.485867 
-0.599939 -0.185106 0.436431 
0.400795 -0.504304 0.485867 
-0.600395 -0.181954 0.436679 
0.400795 -0.504304 0.485867 
-0.600704 -0.178922 0.436678 
0.400795 -0.504304 0.485867 
-0.601068 -0.175925 0.43625 
0.400795 -0.504304 0.485867 
-0.601385 -0.173555 0.435842 
0.400795 -0.504304 0.485867 
-0.601715 -0.1715 0.435344 
0.400795 -0.504304 0.485867 
-0.602125 -0.169269 0.434981 
0.400795 -0.504304 0.485867 
-0.602378 -0.167677 0.434258 
0.400795 -0.504304 0.485867 
-0.60266 -0.166149 0.43393 
0.400795 -0.504304 0.485867 
-0.602887 -0.164869 0.433473 
0.400795 -0.504304 0.485867 
-0.603133 -0.163733 0.432691 
0.400795 -0.504304 0.485867 
-0.603619 -0.162319 0.432239 
0.400795 -0.504304 0.485867 
-0.604186 -0.161247 0.431451 
0.400795 -0.504304 0.485867 
-0.604841 -0.160237 0.431368 
0.400795 -0.504304 0.485867 
-0.605471 -0.15942 0.431113 
0.400795 -0.504304 0.485867 
-0.606147 -0.158479 0.43077 
0.400795 -0.504304 0.485867 
-0.606811 -0.15781 0.43074 
0.400795 -0.504304 0.485867 
-0.607559 -0.157137 0.430687 
0.400795 -0.504304 0.485867 
-0.60827 -0.156507 0.430756 
0.400795 -0.504304 0.485867 
-0.608885 -0.15581 0.430918 
0.400795 -0.504304 0.485867 
-0.60946 -0.155144 0.430602 
0.400795 -0.504304 0.485867 
-0.609948 -0.154555 0.430415 
0.400795 -0.504304 0.485867 
-0.610309 -0.154034 0.430453 
0.400795 -0.504304 0.485867 
-0.610571 -0.153804 0.430601 
0.400795 -0.504304 0.485867 
-0.610749 -0.15392 0.430664 
0.400795 -0.504304 0.485867 
-0.610858 -0.154102 0.430796 
0.400795 -0.504304 0.485867 
-0.610797 -0.154502 0.431156 
0.400795 -0.504304 0.485867 
-0.610603 -0.154968 0.431275 
0.400795 -0.504304 0.485867 
-0.610174 -0.155762 0.431518 
0.400795 -0.504304 0.485867 
-0.60966 -0.15684 0.431829 
0.400795 -0.504304 0.485867 
-0.609166 -0.15809 0.432233 
0.400795 -0.504304 0.485867 
-0.608603 -0.159669 0.432513 
0.400795 -0.504304 0.485867 
-0.607982 -0.16119 0.433237 
0.400795 -0.504304 0.485867 
-0.607323 -0.162778 0.433383 
0.400795 -0.504304 0.485867 
-0.60665 -0.16444 0.433894 
0.400795 -0.504304 0.485867 
-0.605883 -0.166191 0.434194 
0.400795 -0.504304 0.485867 
-0.605002 -0.168431 0.434667 
0.400795 -0.504304 0.485867 
-0.604173 -0.170873 0.435146 
0.400795 -0.504304 0.485867 
-0.603435 -0.17361 0.435587 
0.400795 -0.504304 0.485867 
-0.602635 -0.176942 0.436115 
0.400795 -0.504304 0.485867 
-0.601915 -0.18009 0.43618 
0.400795 -0.504304 0.485867 
-0.601154 -0.183192 0.43648 
0.400795 -0.504304 0.485867 
-0.600427 -0.186371 0.436567 
0.400795 -0.504304 0.485867 
-0.599865 -0.189443 0.436659 
0.400795 -0.504304 0.485867 
-0.599343 -0.192496 0.43677 
0.400795 -0.504304 0.485867 
-0.598951 -0.195358 0.436857 
0.400795 -0.504304 0.485867 
-0.598783 -0.197531 0.436595 
0.400795 -0.504304 0.485867 
-0.598539 -0.199672 0.436337 
0.400795 -0.504304 0.485867 
-0.598419 -0.201169 0.436043 
0.400795 -0.504304 0.485867 
-0.598278 -0.202021 0.435804 
0.400795 -0.504304 0.485867 
-0.598127 -0.202598 0.435653 
0.400795 -0.504304 0.485867 
-0.59801 -0.203367 0.435605 
0.400795 -0.504304 0.485867 
-0.597893 -0.204583 0.435268 
0.400795 -0.504304 0.485867 
-0.597817 -0.205736 0.435227 
0.400795 -0.504304 0.485867 
-0.597626 -0.207121 0.435161 
0.400795 -0.504304 0.485867 
-0.597505 -0.208676 0.435134 
0.400795 -0.504304 0.485867 
-0.597461 -0.21029 0.434927 
0.400795 -0.504304 0.485867 
-0.597294 -0.212595 0.434629 
0.400795 -0.504304 0.485867 
-0.597176 -0.214273 0.434492 
0.400795 -0.504304 0.485867 
-0.597138 -0.216499 0.434685 
0.400795 -0.504304 0.485867 
-0.597244 -0.218923 0.434216 
0.400795 -0.504304 0.485867 
-0.597536 -0.221114 0.434015 
0.400795 -0.504304 0.485867 
-0.597906 -0.223453 0.434259 
0.400795 -0.504304 0.485867 
-0.598525 -0.226444 0.433137 
0.400795 -0.504304 0.485867 
-0.599042 -0.228675 0.432543 
0.400795 -0.504304 0.485867 
-0.599514 -0.231053 0.432197 
0.400795 -0.504304 0.485867 
-0.600076 -0.233852 0.431507 
0.400795 -0.504304 0.485867 
-0.600758 -0.236736 0.430402 
0.400795 -0.504304 0.485867 
-0.601449 -0.239744 0.42929 
0.400795 -0.504304 0.485867 
-0.602077 -0.242657 0.42812 
0.400795 -0.504304 0.485867 
-0.602688 -0.245576 0.426717 
0.400795 -0.504304 0.485867 
-0.603299 -0.248721 0.42497 
0.400795 -0.504304 0.485867 
-0.603847 -0.251073 0.423406 
0.400795 -0.504304 0.485867 
-0.604403 -0.25301 0.421804 
0.400795 -0.504304 0.485867 
-0.604809 -0.254547 0.420785 
0.400795 -0.504304 0.485867 
-0.605225 -0.255714 0.419673 
0.400795 -0.504304 0.485867 
-0.605537 -0.256572 0.418907 
0.400795 -0.504304 0.485867 
-0.605898 -0.25702 0.418478 
0.400795 -0.504304 0.485867 
-0.606215 -0.257307 0.418257 
0.400795 -0.504304 0.485867 
-0.606545 -0.257521 0.418009 
0.400795 -0.504304 0.485867 
-0.606886 -0.257564 0.417956 
0.400795 -0.504304 0.485867 
-0.607249 -0.257562 0.418023 
0.400795 -0.504304 0.485867 
-0.607403 -0.257044 0.418138 
0.400795 -0.504304 0.485867 
-0.607522 -0.256843 0.418387 
0.400795 -0.504304 0.485867 
-0.607358 -0.25639 0.418317 
0.400795 -0.504304 0.485867 
-0.60729 -0.255986 0.418209 
0.400795 -0.504304 0.485867 
-0.607125 -0.255715 0.418338 
0.400795 -0.504304 0.485867 
-0.606997 -0.255654 0.418104 
0.400795 -0.504304 0.485867 
-0.606742 -0.255509 0.417972 
0.400795 -0.504304 0.485867 
-0.60649 -0.255445 0.417644 
0.400795 -0.504304 0.485867 
-0.606256 -0.255482 0.417398 
0.400795 -0.504304 0.485867 
-0.606085 -0.255477 0.416873 
0.400795 -0.504304 0.485867 
-0.605956 -0.255657 0.416649 
0.400795 -0.504304 0.485867 
-0.60572 -0.255518 0.416716 
0.400795 -0.504304 0.485867 
-0.605731 -0.255645 0.41673 
0.400795 -0.504304 0.485867 
-0.605816 -0.255877 0.417045 
0.400795 -0.504304 0.485867 
-0.605809 -0.256087 0.417245 
0.400795 -0.504304 0.485867 
-0.605841 -0.256323 0.417188 
0.400795 -0.504304 0.485867 
-0.60581 -0.256507 0.417118 
0.400795 -0.504304 0.485867 
-0.605862 -0.256446 0.417148 
0.400795 -0.504304 0.485867 
-0.605877 -0.256276 0.417125 
0.400795 -0.504304 0.485867 
-0.605855 -0.25618 0.417028 
0.400795 -0.504304 0.485867 
-0.605906 -0.256083 0.417149 
0.400795 -0.504304 0.485867 
-0.605953 -0.256158 0.417345 
0.400795 -0.504304 0.485867 
-0.605901 -0.256103 0.41743 
0.400795 -0.504304 0.485867 
-0.605872 -0.256208 0.417365 
0.400795 -0.504304 0.485867 
-0.605879 -0.256105 0.417254 
0.400795 -0.504304 0.485867 
-0.605964 -0.256238 0.417267 
0.400795 -0.504304 0.485867 
-0.605923 -0.2563 0.4175 
0.400795 -0.504304 0.485867 
-0.605858 -0.256241 0.417545 
0.400795 -0.504304 0.485867 
-0.605839 -0.256417 0.417829 
0.400795 -0.504304 0.485867 
-0.605739 -0.256536 0.418155 
0.400795 -0.504304 0.485867 
-0.605538 -0.256603 0.418301 
0.400795 -0.504304 0.485867 
-0.605177 -0.256423 0.418388 
0.400795 -0.504304 0.485867 
-0.604961 -0.256721 0.418487 
0.400795 -0.504304 0.485867 
-0.604814 -0.256652 0.418834 
0.400795 -0.504304 0.485867 
-0.604633 -0.256645 0.41907 
0.400795 -0.504304 0.485867 
-0.604404 -0.256491 0.419313 
0.400795 -0.504304 0.485867 
-0.604093 -0.256145 0.41947 
0.400795 -0.504304 0.485867 
-0.603883 -0.256203 0.419486 
0.400795 -0.504304 0.485867 
-0.603801 -0.256163 0.419743 
0.400795 -0.504304 0.485867 
-0.603646 -0.255912 0.419675 
0.400795 -0.504304 0.485867 
-0.60347 -0.255707 0.419855 
0.400795 -0.504304 0.485867 
-0.603375 -0.255301 0.420026 
0.400795 -0.504304 0.485867 
-0.603258 -0.254871 0.420124 
0.400795 -0.504304 0.485867 
-0.603109 -0.2544 0.420415 
0.400795 -0.504304 0.485867 
-0.602995 -0.253728 0.420675 
0.400795 -0.504304 0.485867 
-0.602764 -0.253065 0.420759 
0.400795 -0.504304 0.485867 
-0.602498 -0.252413 0.420968 
0.400795 -0.504304 0.485867 
-0.602325 -0.251681 0.42131 
0.400795 -0.504304 0.485867 
-0.60214 -0.25065 0.421611 
0.400795 -0.504304 0.485867 
-0.601958 -0.249774 0.421836 
0.400795 -0.504304 0.485867 
-0.6017 -0.248827 0.42195 
0.400795 -0.504304 0.485867 
-0.601488 -0.2478 0.422001 
0.400795 -0.504304 0.485867 
-0.601432 -0.24711 0.422017 
0.400795 -0.504304 0.485867 
-0.601273 -0.246364 0.422016 
0.400795 -0.504304 0.485867 
-0.601135 -0.245687 0.421897 
0.400795 -0.504304 0.485867 
-0.601044 -0.245115 0.421768 
0.400795 -0.504304 0.485867 
-0.601008 -0.244719 0.421665 
0.400795 -0.504304 0.485867 
-0.601046 -0.244527 0.421414 
0.400795 -0.504304 0.485867 
-0.601137 -0.244349 0.421271 
0.400795 -0.504304 0.485867 
-0.601295 -0.244234 0.42122 
0.400795 -0.504304 0.485867 
-0.601422 -0.244412 0.421132 
0.400795 -0.504304 0.485867 
-0.601534 -0.244359 0.421248 
0.400795 -0.504304 0.485867 
-0.601745 -0.244403 0.421348 
0.400795 -0.504304 0.485867 
-0.602077 -0.245236 0.421526 
0.400795 -0.504304 0.485867 
-0.602417 -0.24616 0.421342 
0.400795 -0.504304 0.485867 
-0.602914 -0.24725 0.421437 
0.400795 -0.504304 0.485867 
-0.603552 -0.248766 0.421655 
0.400795 -0.504304 0.485867 
-0.604344 -0.250323 0.421855 
0.400795 -0.504304 0.485867 
-0.605063 -0.251881 0.422266 
0.400795 -0.504304 0.485867 
-0.605963 -0.253741 0.422389 
0.400795 -0.504304 0.485867 
-0.606703 -0.255531 0.422391 
0.400795 -0.504304 0.485867 
-0.60739 -0.257451 0.422278 
0.400795 -0.504304 0.485867 
-0.607981 -0.259223 0.422228 
0.400795 -0.504304 0.485867 
-0.60858 -0.261096 0.422031 
0.400795 -0.504304 0.485867 
-0.609086 -0.262571 0.422178 
0.400795 -0.504304 0.485867 
-0.609519 -0.263818 0.422212 
0.400795 -0.504304 0.485867 
-0.609834 -0.265013 0.422233 
0.400795 -0.504304 0.485867 
-0.610157 -0.266033 0.422197 
0.400795 -0.504304 0.485867 
-0.610486 -0.26711 0.421918 
0.400795 -0.504304 0.485867 
-0.610882 -0.268152 0.421643 
0.400795 -0.504304 0.485867 
-0.611571 -0.26967 0.421441 
0.400795 -0.504304 0.485867 
-0.61247 -0.27124 0.421305 
0.400795 -0.504304 0.485867 
-0.613508 -0.272951 0.421353 
0.400795 -0.504304 0.485867 
-0.614448 -0.274765 0.421414 
0.400795 -0.504304 0.485867 
-0.61549 -0.276953 0.421392 
0.400795 -0.504304 0.485867 
-0.616532 -0.279181 0.421443 
0.400795 -0.504304 0.485867 
-0.617534 -0.281119 0.421662 
0.400795 -0.504304 0.485867 
-0.618207 -0.282702 0.42238 
0.400795 -0.504304 0.485867 
-0.618623 -0.284206 0.423246 
0.400795 -0.504304 0.485867 
-0.618852 -0.28557 0.424189 
0.400795 -0.504304 0.485867 
-0.618807 -0.28644 0.425334 
0.400795 -0.504304 0.485867 
-0.61831 -0.286773 0.426733 
0.400795 -0.504304 0.485867 
-0.617487 -0.286764 0.428151 
0.400795 -0.504304 0.485867 
-0.616305 -0.286339 0.43017 
0.400795 -0.504304 0.485867 
-0.614787 -0.28578 0.432005 
0.400795 -0.504304 0.485867 
-0.613074 -0.285287 0.434155 
0.400795 -0.504304 0.485867 
-0.611331 -0.284669 0.436264 
0.400795 -0.504304 0.485867 
-0.609661 -0.284293 0.43808 
0.400795 -0.504304 0.485867 
-0.608076 -0.283648 0.439935 
0.400795 -0.504304 0.485867 
-0.606566 -0.283143 0.441335 
0.400795 -0.504304 0.485867 
-0.605083 -0.282616 0.442761 
0.400795 -0.504304 0.485867 
-0.603963 -0.282472 0.443824 
0.400795 -0.504304 0.485867 
-0.602863 -0.282492 0.443478 
0.400795 -0.504304 0.485867 
-0.602059 -0.282388 0.443998 
0.400795 -0.504304 0.485867 
-0.601464 -0.282309 0.444339 
0.400795 -0.504304 0.485867 
-0.601157 -0.282341 0.444474 
0.400795 -0.504304 0.485867 
-0.6011 -0.282352 0.444476 
0.400795 -0.504304 0.485867 
-0.6011 -0.282352 0.444476 
0.400795 -0.504304 0.485867 
-0.6011 -0.282352 0.444476 
0.400795 -0.504304 0.485867 
-0.6011 -0.282352 0.444476 
0.400795 -0.504304 0.485867 
-0.6011 -0.282352 0.444476 
0.400795 -0.504304 0.485867 
-0.6011 -0.282352 0.444476 
0.400795 -0.504304 0.485867 
-0.6011 -0.282352 0.444476 
0.400795 -0.504304 0.485867 
-0.6011 -0.282352 0.444476 
0.400795 -0.504304 0.485867 
-0.6011 -0.282352 0.444476 
0.400795 -0.504304 0.485867 
-0.6011 -0.282352 0.444476 
0.400795 -0.504304 0.485867 
-0.6011 -0.282352 0.444476 
0.400795 -0.504304 0.485867 
-0.6011 -0.282352 0.444476 
0.400795 -0.504304 0.485867 
-0.6011 -0.282352 0.444476 
0.400795 -0.504304 0.485867 
-0.6011 -0.282352 0.444476 
0.400795 -0.504304 0.485867 
-0.6011 -0.282352 0.444476 
0.400795 -0.504304 0.485867 
-0.6011 -0.282352 0.444476 
0.400795 -0.504304 0.485867 
-0.6011 -0.282352 0.444476 
0.400795 -0.504304 0.485867 
-0.6011 -0.282352 0.444476 
0.400795 -0.504304 0.485867 
-0.6011 -0.282352 0.444476 
0.400795 -0.504304 0.485867 
-0.6011 -0.282352 0.444476 
0.400795 -0.504304 0.485867 
-0.6011 -0.282352 0.444476 
0.400795 -0.504304 0.485867 
-0.6011 -0.282352 0.444476 
0.400795 -0.504304 0.485867 
-0.6011 -0.282352 0.444476 
0.400795 -0.504304 0.485867 
-0.6011 -0.282352 0.444476 
0.400795 -0.504304 0.485867 
-0.6011 -0.282352 0.444476 
0.400795 -0.504304 0.485867 
-0.6011 -0.282352 0.444476 
0.400795 -0.504304 0.485867 
-0.6011 -0.282352 0.444476 
0.400795 -0.504304 0.485867 
-0.6011 -0.282352 0.444476 
0.400795 -0.504304 0.485867 
-0.6011 -0.282352 0.444476 
0.400795 -0.504304 0.485867 
-0.6011 -0.282352 0.444476 
0.400795 -0.504304 0.485867 
-0.6011 -0.282352 0.444476 
0.400795 -0.504304 0.485867 
-0.6011 -0.282352 0.444476 
0.400795 -0.504304 0.485867 
-0.6011 -0.282352 0.444476 
0.400795 -0.504304 0.485867 
-0.6011 -0.282352 0.444476 
0.400795 -0.504304 0.485867 
-0.6011 -0.282352 0.444476 
0.400795 -0.504304 0.485867 
-0.6011 -0.282352 0.444476 
0.400795 -0.504304 0.485867 
-0.6011 -0.282352 0.444476 
0.400795 -0.504304 0.485867 
-0.6011 -0.282352 0.444476 
0.400795 -0.504304 0.485867 
-0.6011 -0.282352 0.444476 
0.400795 -0.504304 0.485867 
-0.6011 -0.282352 0.444476 
0.400795 -0.504304 0.485867 
-0.601203 -0.282424 0.443678 
0.400795 -0.504304 0.485867 
-0.601461 -0.282557 0.441895 
0.400795 -0.504304 0.485867 
-0.601897 -0.282681 0.439336 
0.400795 -0.504304 0.485867 
-0.602582 -0.282724 0.436005 
0.400795 -0.504304 0.485867 
-0.600933 -0.280979 0.440192 
0.400795 -0.504304 0.485867 
-0.59859 -0.278265 0.447408 
0.400795 -0.504304 0.485867 
-0.596327 -0.274838 0.455846 
0.400795 -0.504304 0.485867 
-0.594371 -0.27059 0.465482 
0.400795 -0.504304 0.485867 
-0.592982 -0.265421 0.476225 
0.400795 -0.504304 0.485867 
-0.592444 -0.259264 0.487899 
0.400795 -0.504304 0.485867 
-0.593006 -0.252248 0.499988 
0.400795 -0.504304 0.485867 
-0.594645 -0.245166 0.511125 
0.400795 -0.504304 0.485867 
