-0.638746 -0.253511 0.3732 
0.400795 -0.504304 0.485867 
-0.641191 -0.255854 0.377538 
0.400795 -0.504304 0.485867 
-0.643843 -0.254612 0.377121 
0.400795 -0.504304 0.485867 
-0.645314 -0.2548 0.376811 
0.400795 -0.504304 0.485867 
-0.645916 -0.255406 0.376235 
0.400795 -0.504304 0.485867 
-0.645489 -0.255352 0.375893 
0.400795 -0.504304 0.485867 
-0.643286 -0.254787 0.3766 
0.400795 -0.504304 0.485867 
-0.639935 -0.253556 0.377934 
0.400795 -0.504304 0.485867 
-0.636175 -0.252292 0.379016 
0.400795 -0.504304 0.485867 
-0.633075 -0.250636 0.380036 
0.400795 -0.504304 0.485867 
-0.630019 -0.249396 0.381126 
0.400795 -0.504304 0.485867 
-0.628089 -0.248954 0.381768 
0.400795 -0.504304 0.485867 
-0.626666 -0.248202 0.382204 
0.400795 -0.504304 0.485867 
-0.625229 -0.247702 0.382543 
0.400795 -0.504304 0.485867 
-0.623292 -0.247003 0.383167 
0.400795 -0.504304 0.485867 
-0.620677 -0.246113 0.383898 
0.400795 -0.504304 0.485867 
-0.617802 -0.245108 0.384575 
0.400795 -0.504304 0.485867 
-0.615335 -0.243788 0.385247 
0.400795 -0.504304 0.485867 
-0.612821 -0.242411 0.385642 
0.400795 -0.504304 0.485867 
-0.611153 -0.241561 0.385822 
0.400795 -0.504304 0.485867 
-0.610116 -0.240892 0.385447 
0.400795 -0.504304 0.485867 
-0.610858 -0.240643 0.384518 
0.400795 -0.504304 0.485867 
-0.45805 -0.16486 0.48415 
0.400795 -0.504304 0.485867 
-0.474761 -0.173126 0.473601 
0.400795 -0.504304 0.485867 
-0.474761 -0.173126 0.473601 
0.400795 -0.504304 0.485867 
-0.474761 -0.173126 0.473601 
0.400795 -0.504304 0.485867 
-0.474761 -0.173126 0.473601 
0.400795 -0.504304 0.485867 
-0.474761 -0.173126 0.473601 
0.400795 -0.504304 0.485867 
-0.474761 -0.173126 0.473601 
0.400795 -0.504304 0.485867 
-0.474761 -0.173126 0.473601 
0.400795 -0.504304 0.485867 
