-0.63088 -0.240175 0.372467 
0.388041 -0.484505 0.438366 
-0.63088 -0.240175 0.372467 
0.385981 -0.488638 0.438355 
-0.635134 -0.240487 0.375566 
0.38249 -0.489977 0.438203 
-0.637007 -0.241522 0.376317 
0.380901 -0.490278 0.438435 
-0.637314 -0.24211 0.376219 
0.380505 -0.490608 0.439463 
-0.637221 -0.24183 0.37582 
0.380306 -0.491206 0.439644 
-0.63527 -0.241112 0.37665 
0.380826 -0.491934 0.440074 
-0.632119 -0.239884 0.377819 
0.381157 -0.492945 0.439083 
-0.628295 -0.238621 0.378854 
0.381597 -0.493627 0.438872 
-0.625003 -0.237074 0.380202 
0.382129 -0.49427 0.43891 
-0.622575 -0.236112 0.380887 
0.38218 -0.494557 0.43776 
-0.620551 -0.235138 0.38151 
0.382395 -0.495061 0.438988 
-0.619122 -0.234173 0.381831 
0.38256 -0.496033 0.438873 
-0.61749 -0.233651 0.382273 
0.3826 -0.496742 0.438929 
-0.615469 -0.23302 0.383022 
0.382494 -0.497464 0.439461 
-0.612859 -0.231825 0.383836 
0.382581 -0.498603 0.439466 
-0.610318 -0.230502 0.384152 
0.382619 -0.499925 0.438423 
-0.607664 -0.229053 0.384739 
0.382581 -0.50098 0.437158 
-0.605443 -0.227951 0.385002 
0.382635 -0.502135 0.435356 
-0.603832 -0.227061 0.384822 
0.382236 -0.503142 0.435657 
-0.602418 -0.227601 0.386334 
0.381423 -0.502604 0.434607 
-0.60242 -0.227603 0.386327 
0.380744 -0.5036 0.436817 
-0.45805 -0.16486 0.48415 
0.380988 -0.503327 0.43629 
-0.47274 -0.170605 0.473632 
0.372067 -0.493291 0.420025 
-0.47274 -0.170605 0.473632 
0.371719 -0.492279 0.41959 
-0.47274 -0.170605 0.473632 
0.372395 -0.492526 0.421595 
-0.47274 -0.170605 0.473632 
0.374868 -0.491886 0.424516 
-0.47274 -0.170605 0.473632 
0.378341 -0.492787 0.428335 
-0.47274 -0.170605 0.473632 
0.382237 -0.49187 0.433448 
-0.47274 -0.170605 0.473632 
0.386473 -0.491632 0.437802 
-0.47274 -0.170605 0.473632 
0.390886 -0.491401 0.439866 
-0.47274 -0.170605 0.473632 
0.395567 -0.491231 0.444655 
-0.47274 -0.170605 0.473632 
0.400187 -0.490574 0.44788 
-0.47274 -0.170605 0.473632 
0.404947 -0.490648 0.449282 
-0.47274 -0.170605 0.473632 
0.410381 -0.490455 0.454091 
-0.47274 -0.170605 0.473632 
0.415254 -0.489157 0.457473 
-0.47274 -0.170605 0.473632 
0.420061 -0.489658 0.458971 
-0.47274 -0.170605 0.473632 
0.423617 -0.488954 0.459854 
-0.47274 -0.170605 0.473632 
0.426626 -0.488325 0.461308 
-0.47274 -0.170605 0.473632 
0.42748 -0.488891 0.461586 
-0.47274 -0.170605 0.473632 
0.427592 -0.488973 0.461242 
-0.47274 -0.170605 0.473632 
0.427311 -0.489446 0.460447 
-0.47274 -0.170605 0.473632 
0.426695 -0.489695 0.459687 
-0.47274 -0.170605 0.473632 
0.426132 -0.490502 0.459635 
-0.47274 -0.170605 0.473632 
0.425557 -0.49112 0.459297 
-0.47274 -0.170605 0.473632 
0.425375 -0.490853 0.459 
-0.602067 -0.225394 0.387943 
0.437734 -0.491716 0.474791 
-0.602067 -0.225394 0.387943 
0.435057 -0.485522 0.472458 
-0.602067 -0.225394 0.38794 
0.434986 -0.484375 0.473162 
-0.602066 -0.225386 0.387925 
0.434995 -0.484268 0.473346 
-0.602068 -0.225391 0.387927 
0.434406 -0.484476 0.472557 
-0.602069 -0.225385 0.387904 
0.433977 -0.484766 0.471875 
-0.60207 -0.225382 0.387879 
0.433516 -0.484265 0.472572 
-0.602071 -0.225386 0.387876 
0.43283 -0.484436 0.473559 
-0.602066 -0.225391 0.387908 
0.431418 -0.484681 0.473653 
-0.602043 -0.225364 0.38792 
0.429119 -0.485494 0.472741 
-0.602016 -0.225337 0.387954 
0.427405 -0.486048 0.472369 
-0.601978 -0.225271 0.387933 
0.425253 -0.486473 0.472527 
-0.601952 -0.225244 0.387959 
0.422471 -0.486439 0.470908 
-0.601945 -0.225251 0.388005 
0.420473 -0.486626 0.470552 
-0.601944 -0.225254 0.388009 
0.418567 -0.48684 0.47066 
-0.601943 -0.225273 0.388058 
0.417316 -0.487284 0.471031 
-0.601942 -0.225269 0.388047 
0.41553 -0.488252 0.471277 
-0.601939 -0.225277 0.388082 
0.413354 -0.48822 0.470086 
-0.601936 -0.225285 0.388124 
0.411129 -0.488409 0.469527 
-0.601933 -0.22529 0.388154 
0.409554 -0.488677 0.469572 
-0.601929 -0.225297 0.388197 
0.408829 -0.489432 0.469438 
-0.601936 -0.225309 0.388201 
0.408224 -0.489802 0.46915 
-0.601956 -0.225348 0.388222 
0.408154 -0.490174 0.46818 
-0.601985 -0.225399 0.388227 
0.408283 -0.490351 0.467683 
-0.602023 -0.225467 0.388267 
0.408761 -0.490912 0.468693 
-0.602039 -0.225493 0.388273 
0.409028 -0.491363 0.469176 
-0.602024 -0.225458 0.388277 
0.408675 -0.491041 0.468606 
-0.601993 -0.225402 0.388351 
0.408511 -0.491512 0.46831 
-0.601972 -0.22536 0.388397 
0.408596 -0.491889 0.468753 
-0.601958 -0.225346 0.38845 
0.40899 -0.492425 0.469848 
-0.603129 -0.227513 0.387254 
0.407023 -0.49201 0.46705 
-0.603129 -0.227513 0.387254 
0.407018 -0.491799 0.46704 
-0.604138 -0.227151 0.386659 
0.4065 -0.49128 0.46614 
-0.605628 -0.226894 0.385823 
0.406491 -0.491889 0.465603 
-0.607593 -0.226843 0.38491 
0.406425 -0.492124 0.465093 
-0.6097 -0.226745 0.383922 
0.40664 -0.491794 0.466236 
-0.613213 -0.226106 0.381336 
0.406325 -0.491607 0.465644 
-0.615506 -0.22589 0.380048 
0.406299 -0.491743 0.465481 
-0.617352 -0.226141 0.378896 
0.406275 -0.491634 0.465227 
-0.618923 -0.226182 0.378204 
0.406264 -0.491845 0.464897 
-0.620452 -0.226514 0.377193 
0.406487 -0.49164 0.46577 
-0.622299 -0.226722 0.375739 
0.406681 -0.492005 0.46591 
-0.623998 -0.227145 0.374531 
0.406696 -0.492261 0.465735 
-0.62517 -0.227134 0.3735 
0.406846 -0.492263 0.466242 
-0.624576 -0.226729 0.373116 
0.406821 -0.491945 0.466169 
-0.623049 -0.226076 0.372959 
0.406738 -0.491843 0.465917 
-0.620896 -0.225149 0.37278 
0.406943 -0.492023 0.466291 
-0.618948 -0.224057 0.372789 
0.406943 -0.492305 0.465953 
-0.616845 -0.222966 0.373052 
0.406765 -0.49196 0.465917 
-0.614194 -0.219503 0.37178 
0.406828 -0.492146 0.466132 
-0.612201 -0.214028 0.369611 
0.406665 -0.492282 0.465604 
-0.610852 -0.207633 0.368057 
0.40671 -0.492311 0.465743 
-0.61014 -0.201454 0.366096 
0.406766 -0.49245 0.465918 
-0.609155 -0.195869 0.36448 
0.406521 -0.491802 0.465761 
-0.60801 -0.190411 0.36288 
0.406368 -0.491644 0.465646 
-0.607113 -0.185036 0.36107 
0.406228 -0.491521 0.46532 
-0.606829 -0.179842 0.358634 
0.406328 -0.49164 0.465437 
-0.606713 -0.1766 0.357105 
0.406566 -0.491785 0.466095 
-0.606631 -0.174126 0.355335 
0.406451 -0.491768 0.465671 
-0.605787 -0.172447 0.354359 
0.406355 -0.491934 0.465296 
-0.604852 -0.171135 0.353231 
0.40629 -0.491637 0.465268 
-0.604199 -0.169981 0.351652 
0.406577 -0.492148 0.465531 
-0.603476 -0.173038 0.352043 
0.406947 -0.492892 0.466054 
-0.602523 -0.177429 0.3527 
0.406788 -0.493154 0.465206 
-0.600695 -0.182079 0.353679 
0.407428 -0.493726 0.466154 
-0.59852 -0.187058 0.355042 
0.407201 -0.493915 0.465255 
-0.596482 -0.192095 0.356388 
0.407278 -0.494817 0.465276 
-0.5949 -0.196533 0.357741 
0.40707 -0.494601 0.46543 
-0.59331 -0.201072 0.359021 
0.407086 -0.494801 0.465589 
-0.59209 -0.205053 0.359876 
0.406825 -0.494658 0.465156 
-0.591046 -0.208865 0.36052 
0.406836 -0.494721 0.465135 
-0.590401 -0.211525 0.360994 
0.407309 -0.495027 0.466056 
-0.589946 -0.214943 0.362134 
0.407526 -0.495244 0.466338 
-0.589601 -0.219527 0.362444 
0.407844 -0.4955 0.466455 
-0.589402 -0.224555 0.362735 
0.408078 -0.495572 0.466732 
-0.589265 -0.231567 0.358426 
0.408661 -0.495194 0.467844 
-0.589582 -0.231275 0.358385 
0.411265 -0.501285 0.46956 
-0.589563 -0.236112 0.358687 
0.412576 -0.503332 0.47066 
-0.589183 -0.241001 0.358614 
0.413403 -0.503983 0.471033 
-0.588923 -0.246415 0.358959 
0.413587 -0.503651 0.47034 
-0.588899 -0.250779 0.358552 
0.414652 -0.504241 0.47095 
-0.588868 -0.255831 0.358385 
0.41487 -0.504073 0.469861 
-0.589003 -0.260701 0.358327 
0.415887 -0.504038 0.471346 
-0.589202 -0.265549 0.35834 
0.416628 -0.503111 0.471861 
-0.589655 -0.269633 0.357858 
0.41669 -0.502987 0.471255 
-0.58996 -0.272637 0.356914 
0.416786 -0.502605 0.471041 
-0.589774 -0.274477 0.356844 
0.416486 -0.502733 0.470986 
-0.58969 -0.275591 0.356515 
0.415835 -0.502801 0.470653 
-0.589296 -0.275647 0.355989 
0.416024 -0.503436 0.472349 
-0.588336 -0.275335 0.356257 
0.415526 -0.503528 0.472929 
-0.587918 -0.275158 0.356106 
0.414785 -0.503841 0.473055 
-0.588226 -0.275256 0.35575 
0.410837 -0.504532 0.471503 
-0.588436 -0.275224 0.355244 
0.406796 -0.505747 0.470443 
-0.58875 -0.274857 0.354696 
0.403281 -0.506743 0.472368 
-0.58876 -0.274843 0.354587 
0.398328 -0.506863 0.471061 
-0.589535 -0.274064 0.357308 
0.394724 -0.507864 0.471833 
-0.591476 -0.271783 0.359136 
0.391113 -0.508823 0.47148 
-0.593384 -0.26795 0.361483 
0.387583 -0.509735 0.471221 
-0.637277 -0.229689 0.376932 
0.380396 -0.48416 0.442784 
-0.634504 -0.232305 0.377646 
0.381238 -0.483913 0.445764 
-0.636123 -0.231862 0.378626 
0.381292 -0.48272 0.443311 
-0.636783 -0.232193 0.378834 
0.380989 -0.482422 0.443171 
-0.637136 -0.232759 0.37868 
0.380732 -0.482067 0.44311 
-0.636961 -0.232448 0.378274 
0.380715 -0.482334 0.443433 
-0.635153 -0.231322 0.378893 
0.381144 -0.483279 0.443093 
-0.632041 -0.230422 0.380102 
0.381447 -0.48474 0.442763 
-0.627832 -0.228744 0.381259 
0.38199 -0.485402 0.44277 
-0.624736 -0.227184 0.382477 
0.382232 -0.486074 0.440566 
-0.622112 -0.226144 0.383378 
0.38242 -0.486719 0.439159 
-0.620315 -0.225598 0.384063 
0.3824 -0.487162 0.439016 
-0.618567 -0.224883 0.384533 
0.382668 -0.488083 0.439949 
-0.617216 -0.223944 0.384975 
0.382464 -0.488501 0.439023 
-0.615218 -0.223052 0.385578 
0.38245 -0.489103 0.439601 
-0.612609 -0.222312 0.386046 
0.382554 -0.490372 0.439831 
-0.609814 -0.221093 0.386776 
0.382657 -0.492233 0.438278 
-0.607379 -0.219747 0.387464 
0.382827 -0.493094 0.438146 
-0.605225 -0.218653 0.38785 
0.382673 -0.493541 0.437543 
-0.603315 -0.217555 0.387731 
0.382147 -0.494531 0.437127 
-0.602113 -0.217938 0.388982 
0.381695 -0.494862 0.438399 
-0.602115 -0.217941 0.388976 
0.380923 -0.495045 0.438732 
-0.45805 -0.16486 0.48415 
0.381243 -0.495012 0.438435 
-0.472489 -0.170136 0.472741 
0.377896 -0.456325 0.411465 
-0.472489 -0.170136 0.472741 
0.377308 -0.459009 0.414226 
-0.472489 -0.170136 0.472741 
0.378037 -0.457315 0.417796 
-0.472489 -0.170136 0.472741 
0.380536 -0.455184 0.421558 
-0.472489 -0.170136 0.472741 
0.383813 -0.454886 0.424382 
-0.472489 -0.170136 0.472741 
0.387595 -0.454978 0.428185 
-0.472489 -0.170136 0.472741 
0.391788 -0.453429 0.431915 
-0.472489 -0.170136 0.472741 
0.395759 -0.453467 0.43601 
-0.472489 -0.170136 0.472741 
0.400154 -0.452914 0.439607 
-0.472489 -0.170136 0.472741 
0.404647 -0.451768 0.442978 
-0.472489 -0.170136 0.472741 
0.409785 -0.451573 0.448133 
-0.472489 -0.170136 0.472741 
0.414638 -0.451518 0.45053 
-0.472489 -0.170136 0.472741 
0.419675 -0.451064 0.45362 
-0.472489 -0.170136 0.472741 
0.424083 -0.451043 0.455298 
-0.472489 -0.170136 0.472741 
0.427737 -0.450614 0.456638 
-0.472489 -0.170136 0.472741 
0.430305 -0.450457 0.457732 
-0.472489 -0.170136 0.472741 
0.431347 -0.45151 0.458928 
-0.472489 -0.170136 0.472741 
0.431305 -0.451355 0.45775 
-0.472489 -0.170136 0.472741 
0.431098 -0.451404 0.457675 
-0.472489 -0.170136 0.472741 
0.430541 -0.451412 0.45673 
-0.472489 -0.170136 0.472741 
0.429904 -0.451634 0.456661 
-0.472489 -0.170136 0.472741 
0.429473 -0.452922 0.456914 
-0.472489 -0.170136 0.472741 
0.429569 -0.453131 0.45764 
-0.596915 -0.205846 0.391702 
0.445657 -0.485577 0.482785 
-0.596915 -0.205846 0.391702 
0.442425 -0.480358 0.477871 
-0.596915 -0.205846 0.391699 
0.442052 -0.478758 0.478699 
-0.596915 -0.20584 0.391683 
0.441412 -0.478442 0.477764 
-0.596916 -0.205845 0.391686 
0.440972 -0.478563 0.477176 
-0.596917 -0.20584 0.391662 
0.440785 -0.47891 0.477091 
-0.596919 -0.205838 0.391637 
0.44019 -0.478947 0.476901 
-0.59692 -0.205842 0.391634 
0.439454 -0.478959 0.478085 
-0.596914 -0.205845 0.391666 
0.437679 -0.478495 0.477661 
-0.596894 -0.205816 0.391677 
0.435802 -0.479193 0.477664 
-0.596869 -0.205785 0.391709 
0.433968 -0.480837 0.477535 
-0.596834 -0.205719 0.391685 
0.431795 -0.48122 0.476272 
-0.59681 -0.205689 0.391709 
0.429464 -0.481918 0.47527 
-0.596803 -0.205692 0.391756 
0.427939 -0.481569 0.476496 
-0.596802 -0.205696 0.391761 
0.425686 -0.482236 0.475948 
-0.5968 -0.205712 0.391811 
0.423779 -0.483372 0.47526 
-0.596799 -0.205708 0.391799 
0.421807 -0.483841 0.474789 
-0.596796 -0.205714 0.391834 
0.420338 -0.484378 0.4746 
-0.596792 -0.205719 0.391877 
0.418886 -0.48453 0.475634 
-0.59679 -0.205723 0.391907 
0.417303 -0.484762 0.476221 
-0.596785 -0.205728 0.39195 
0.416193 -0.485349 0.475621 
-0.596791 -0.20574 0.391954 
0.415604 -0.486208 0.474641 
-0.596808 -0.205778 0.391978 
0.415504 -0.486968 0.473079 
-0.596835 -0.205831 0.391986 
0.415986 -0.487091 0.473799 
-0.596868 -0.205899 0.392029 
0.416673 -0.486956 0.475695 
-0.596882 -0.205926 0.392037 
0.416286 -0.487313 0.474193 
-0.596869 -0.20589 0.392039 
0.416339 -0.487709 0.474284 
-0.596843 -0.205828 0.392109 
0.415813 -0.487753 0.473367 
-0.596825 -0.205783 0.392154 
0.415957 -0.488537 0.473496 
-0.596812 -0.205765 0.392206 
0.416332 -0.489442 0.473993 
-0.60213 -0.217127 0.388879 
0.408176 -0.484211 0.468171 
-0.60213 -0.217127 0.388879 
0.407758 -0.483222 0.467826 
-0.603139 -0.216789 0.388272 
0.407834 -0.483083 0.468547 
-0.604628 -0.216565 0.387424 
0.407515 -0.483225 0.467481 
-0.606588 -0.216555 0.386499 
0.407499 -0.483566 0.467252 
-0.608691 -0.216499 0.385499 
0.407458 -0.483286 0.467439 
-0.610801 -0.216427 0.384479 
0.407673 -0.483237 0.467897 
-0.613936 -0.216049 0.382242 
0.40756 -0.483264 0.467605 
-0.616064 -0.21608 0.381007 
0.407654 -0.483164 0.467841 
-0.617451 -0.216385 0.380188 
0.407786 -0.483224 0.468067 
-0.619202 -0.21672 0.379035 
0.407603 -0.483434 0.467216 
-0.62099 -0.216884 0.377827 
0.407596 -0.484012 0.466798 
-0.623043 -0.216881 0.376312 
0.407755 -0.483636 0.467306 
-0.624154 -0.216992 0.375268 
0.407798 -0.483567 0.467568 
-0.623618 -0.216563 0.374858 
0.408012 -0.483848 0.468044 
-0.621981 -0.216083 0.374929 
0.407641 -0.482998 0.467931 
-0.619912 -0.215037 0.374586 
0.407359 -0.48307 0.466682 
-0.61807 -0.214019 0.374703 
0.407608 -0.483175 0.467139 
-0.615872 -0.213126 0.374546 
0.407986 -0.483714 0.467729 
-0.613068 -0.209385 0.373156 
0.407566 -0.483682 0.466569 
-0.610919 -0.203575 0.370968 
0.407683 -0.483547 0.467193 
-0.609896 -0.198097 0.369322 
0.40794 -0.483617 0.46785 
-0.609204 -0.192 0.367226 
0.407784 -0.483168 0.467899 
-0.608503 -0.186187 0.365214 
0.407843 -0.483823 0.467875 
-0.607679 -0.180908 0.363313 
0.407526 -0.483578 0.467101 
-0.606905 -0.175245 0.361134 
0.407823 -0.483988 0.468026 
-0.606315 -0.170577 0.359214 
0.407529 -0.483514 0.467099 
-0.606365 -0.167055 0.357489 
0.407859 -0.483393 0.468222 
-0.60647 -0.164305 0.355586 
0.407857 -0.484093 0.467857 
-0.605595 -0.1625 0.354328 
0.407537 -0.483616 0.467151 
-0.604944 -0.161313 0.352876 
0.40729 -0.483642 0.466321 
-0.604111 -0.160434 0.351626 
0.407494 -0.484131 0.46649 
-0.603303 -0.163778 0.351922 
0.407894 -0.48426 0.467377 
-0.602107 -0.168102 0.353005 
0.408095 -0.484006 0.468109 
-0.600066 -0.172776 0.354456 
0.408548 -0.484933 0.468117 
-0.598113 -0.177348 0.355635 
0.408543 -0.485434 0.467832 
-0.59625 -0.182287 0.356826 
0.408396 -0.485544 0.467747 
-0.59461 -0.186562 0.358232 
0.408177 -0.485257 0.467989 
-0.592781 -0.191326 0.359734 
0.408263 -0.485959 0.46778 
-0.5913 -0.195348 0.361018 
0.408171 -0.485901 0.467851 
-0.590323 -0.198902 0.361646 
0.408094 -0.486077 0.467468 
-0.589627 -0.201963 0.362255 
0.408439 -0.486139 0.468116 
-0.589072 -0.205529 0.363525 
0.409091 -0.486714 0.469288 
-0.58862 -0.209612 0.364173 
0.409305 -0.487006 0.46915 
-0.588474 -0.214154 0.364468 
0.409235 -0.487116 0.468514 
-0.588175 -0.22184 0.360247 
0.409365 -0.486604 0.467848 
-0.588535 -0.221808 0.359939 
0.411627 -0.49358 0.46839 
-0.588491 -0.226609 0.36031 
0.412551 -0.494679 0.468859 
-0.58812 -0.232285 0.360548 
0.413622 -0.494955 0.470479 
-0.587733 -0.237623 0.361054 
0.414374 -0.495065 0.470417 
-0.587617 -0.242937 0.361213 
0.414996 -0.495434 0.469907 
-0.587701 -0.247509 0.360759 
0.4154 -0.49543 0.469584 
-0.587669 -0.251715 0.360869 
0.41596 -0.495314 0.469689 
-0.588036 -0.256445 0.360509 
0.416678 -0.494972 0.470062 
-0.588451 -0.260654 0.360123 
0.417103 -0.49462 0.470155 
-0.588326 -0.263191 0.359773 
0.4175 -0.494489 0.470518 
-0.588189 -0.264857 0.359421 
0.417247 -0.494831 0.470715 
-0.587962 -0.265815 0.359087 
0.416453 -0.494597 0.470259 
-0.587161 -0.265789 0.359551 
0.416119 -0.494761 0.471037 
-0.586269 -0.266087 0.359607 
0.415441 -0.495241 0.471213 
-0.586472 -0.266172 0.358781 
0.414997 -0.495317 0.471609 
-0.586845 -0.265538 0.358216 
0.411649 -0.496033 0.471305 
-0.587035 -0.265107 0.357451 
0.4073 -0.497139 0.47071 
-0.586905 -0.264801 0.357523 
0.403072 -0.498249 0.47014 
-0.586896 -0.265071 0.357879 
0.398854 -0.498621 0.469298 
-0.587912 -0.264274 0.3601 
0.395035 -0.499733 0.469416 
-0.589718 -0.261846 0.362429 
0.391557 -0.500841 0.470646 
-0.591411 -0.258974 0.364934 
0.38805 -0.501201 0.470049 
-0.634696 -0.22023 0.381143 
0.380963 -0.473831 0.435622 
-0.632357 -0.222383 0.381573 
0.381673 -0.473527 0.438846 
-0.633811 -0.22168 0.382367 
0.381684 -0.472192 0.437468 
-0.634531 -0.222161 0.382654 
0.381408 -0.471808 0.436036 
-0.634841 -0.223018 0.382461 
0.381211 -0.471945 0.435117 
-0.634597 -0.222775 0.38218 
0.381249 -0.47234 0.435845 
-0.632748 -0.221767 0.382868 
0.381586 -0.473227 0.435669 
-0.629624 -0.220612 0.384141 
0.381993 -0.474189 0.4365 
-0.625717 -0.219068 0.385402 
0.382284 -0.474352 0.435434 
-0.622657 -0.217869 0.386441 
0.382797 -0.475074 0.43492 
-0.620056 -0.216696 0.387553 
0.383117 -0.475904 0.434191 
-0.618196 -0.215813 0.388492 
0.383256 -0.476819 0.434206 
-0.616556 -0.215241 0.389046 
0.3832 -0.477333 0.433877 
-0.615167 -0.214638 0.389503 
0.383165 -0.478094 0.433282 
-0.613163 -0.21367 0.39019 
0.383049 -0.478552 0.432925 
-0.610396 -0.212827 0.391262 
0.383032 -0.47959 0.432587 
-0.608011 -0.211517 0.391637 
0.383239 -0.480896 0.432435 
-0.605021 -0.210158 0.392456 
0.383477 -0.48257 0.432679 
-0.60324 -0.209345 0.392528 
0.383411 -0.48351 0.431797 
-0.601544 -0.208081 0.392354 
0.382935 -0.483934 0.431799 
-0.600182 -0.208456 0.394053 
0.382155 -0.483566 0.431459 
-0.600184 -0.208458 0.394046 
0.381403 -0.484193 0.431826 
-0.45805 -0.16486 0.48415 
0.381663 -0.483991 0.431736 
-0.500854 -0.177778 0.456741 
0.373276 -0.436968 0.404114 
-0.500854 -0.177778 0.456741 
0.372719 -0.438863 0.407515 
-0.500854 -0.177778 0.456741 
0.373282 -0.437756 0.409282 
-0.500854 -0.177778 0.456741 
0.375676 -0.436422 0.413322 
-0.500854 -0.177778 0.456741 
0.37889 -0.435909 0.416668 
-0.500854 -0.177778 0.456741 
0.382627 -0.435461 0.41938 
-0.500854 -0.177778 0.456741 
0.386737 -0.435429 0.423752 
-0.500854 -0.177778 0.456741 
0.390925 -0.435159 0.427142 
-0.500854 -0.177778 0.456741 
0.394967 -0.435791 0.431042 
-0.500854 -0.177778 0.456741 
0.399493 -0.43527 0.435559 
-0.500854 -0.177778 0.456741 
0.404207 -0.435758 0.439846 
-0.500854 -0.177778 0.456741 
0.409347 -0.436015 0.444708 
-0.500854 -0.177778 0.456741 
0.414205 -0.434715 0.446716 
-0.500854 -0.177778 0.456741 
0.418959 -0.435758 0.450965 
-0.500854 -0.177778 0.456741 
0.422333 -0.436952 0.451045 
-0.500854 -0.177778 0.456741 
0.424465 -0.436986 0.451069 
-0.500854 -0.177778 0.456741 
0.42549 -0.436793 0.452311 
-0.500854 -0.177778 0.456741 
0.425732 -0.436926 0.452113 
-0.500854 -0.177778 0.456741 
0.425422 -0.437784 0.451975 
-0.500854 -0.177778 0.456741 
0.425064 -0.438379 0.451945 
-0.500854 -0.177778 0.456741 
0.424446 -0.439366 0.452639 
-0.500854 -0.177778 0.456741 
0.423969 -0.439338 0.452544 
-0.500854 -0.177778 0.456741 
0.423614 -0.438392 0.450542 
-0.599427 -0.205061 0.394768 
0.438398 -0.472202 0.474906 
-0.599427 -0.205061 0.394768 
0.438398 -0.472202 0.474906 
-0.599427 -0.205061 0.394765 
0.43578 -0.467381 0.47116 
-0.599426 -0.205054 0.39475 
0.434878 -0.465202 0.469892 
-0.599428 -0.205059 0.394752 
0.434622 -0.465095 0.469912 
-0.599428 -0.205053 0.394729 
0.43444 -0.465155 0.470191 
-0.599428 -0.205051 0.394704 
0.433824 -0.465123 0.469773 
-0.599429 -0.205054 0.394701 
0.433049 -0.465172 0.470333 
-0.599424 -0.205059 0.394733 
0.4314 -0.465289 0.470257 
-0.599403 -0.205031 0.394746 
0.428913 -0.465003 0.469281 
-0.599378 -0.205003 0.394779 
0.427235 -0.465996 0.468634 
-0.599339 -0.204938 0.394759 
0.424424 -0.466217 0.46678 
-0.599314 -0.20491 0.394785 
0.422927 -0.466192 0.467544 
-0.599309 -0.204915 0.394832 
0.420612 -0.467233 0.466802 
-0.599308 -0.204919 0.394836 
0.418558 -0.467587 0.466194 
-0.599309 -0.204937 0.394886 
0.41665 -0.468651 0.466014 
-0.599308 -0.204933 0.394875 
0.41511 -0.469087 0.465942 
-0.599307 -0.20494 0.39491 
0.413092 -0.469653 0.465335 
-0.599305 -0.204946 0.394952 
0.410821 -0.469613 0.464171 
-0.599304 -0.204951 0.394982 
0.409355 -0.469482 0.46426 
-0.599301 -0.204957 0.395025 
0.408456 -0.469564 0.464039 
-0.599308 -0.204969 0.395029 
0.408109 -0.470053 0.463468 
-0.599328 -0.205007 0.395051 
0.408452 -0.470272 0.464626 
-0.599358 -0.205058 0.395056 
0.408941 -0.470543 0.465855 
-0.599397 -0.205126 0.395096 
0.40916 -0.471076 0.465623 
-0.599412 -0.205152 0.395102 
0.409189 -0.471619 0.465184 
-0.599398 -0.205117 0.395106 
0.409506 -0.472559 0.465537 
-0.599371 -0.205059 0.395179 
0.409092 -0.47211 0.465183 
-0.599352 -0.205016 0.395225 
0.40902 -0.472581 0.465085 
-0.599341 -0.205 0.395278 
0.409004 -0.473992 0.4646 
-0.600658 -0.207881 0.39363 
0.407159 -0.472625 0.462906 
-0.600658 -0.207881 0.39363 
0.406742 -0.472954 0.461953 
-0.601642 -0.207537 0.392988 
0.406592 -0.473272 0.461372 
-0.603098 -0.207305 0.392085 
0.406918 -0.473 0.462223 
-0.605023 -0.207284 0.391089 
0.407006 -0.473068 0.462541 
-0.607087 -0.207218 0.390013 
0.407227 -0.473242 0.463069 
-0.610229 -0.206788 0.387713 
0.407014 -0.473163 0.462377 
-0.612225 -0.206686 0.386554 
0.407046 -0.473178 0.462445 
-0.613903 -0.206665 0.385691 
0.407288 -0.473139 0.463083 
-0.615507 -0.207035 0.384648 
0.407235 -0.47312 0.46273 
-0.616943 -0.207357 0.383788 
0.407367 -0.473177 0.463017 
-0.61885 -0.207507 0.382402 
0.407373 -0.473258 0.463009 
-0.620529 -0.207624 0.380849 
0.407129 -0.473238 0.461923 
-0.621941 -0.207523 0.379555 
0.407198 -0.473409 0.462226 
-0.621316 -0.207306 0.379045 
0.407163 -0.4732 0.46228 
-0.619978 -0.206548 0.378958 
0.406989 -0.472937 0.461684 
-0.617928 -0.20556 0.378892 
0.40698 -0.473489 0.461433 
-0.615809 -0.204462 0.378916 
0.406697 -0.473372 0.46076 
-0.613327 -0.203202 0.379212 
0.406792 -0.47348 0.460855 
-0.610856 -0.199936 0.378021 
0.407026 -0.473371 0.461643 
-0.608798 -0.194332 0.376053 
0.40689 -0.473645 0.461104 
-0.607722 -0.188239 0.373769 
0.406949 -0.473074 0.461838 
-0.606842 -0.182356 0.371649 
0.406824 -0.472905 0.461538 
-0.606105 -0.176537 0.369823 
0.406911 -0.473093 0.461724 
-0.605139 -0.1708 0.367673 
0.406951 -0.472671 0.462278 
-0.604379 -0.165678 0.365505 
0.406965 -0.472803 0.462439 
-0.604023 -0.16091 0.36336 
0.407106 -0.473138 0.462352 
-0.603822 -0.157209 0.361716 
0.407257 -0.473771 0.462602 
-0.60359 -0.15451 0.360307 
0.406806 -0.472959 0.461781 
-0.603088 -0.152766 0.358534 
0.406928 -0.473258 0.461847 
-0.602114 -0.151507 0.357437 
0.407145 -0.473447 0.46221 
-0.600902 -0.151105 0.356447 
0.407194 -0.473168 0.462336 
-0.600377 -0.154334 0.356565 
0.407256 -0.473828 0.461808 
-0.59939 -0.15883 0.357356 
0.407519 -0.474069 0.462303 
-0.597267 -0.163704 0.359071 
0.407831 -0.475195 0.461782 
-0.595419 -0.168256 0.360198 
0.407797 -0.475219 0.461807 
-0.593479 -0.172797 0.362038 
0.40778 -0.47602 0.461902 
-0.591981 -0.177419 0.363012 
0.407328 -0.475602 0.461515 
-0.59028 -0.181888 0.364546 
0.407272 -0.47533 0.461818 
-0.58906 -0.185993 0.365512 
0.407556 -0.475423 0.462636 
-0.588091 -0.189381 0.36643 
0.407842 -0.475944 0.463231 
-0.587478 -0.192234 0.366991 
0.407811 -0.475511 0.46341 
-0.586958 -0.195599 0.368286 
0.408088 -0.475516 0.463484 
-0.58655 -0.200178 0.368769 
0.408226 -0.475598 0.463426 
-0.5863 -0.204879 0.369161 
0.4088 -0.475758 0.464609 
-0.585514 -0.210554 0.364275 
0.409965 -0.477771 0.463696 
-0.585826 -0.210291 0.364062 
0.412086 -0.484497 0.464072 
-0.585765 -0.215378 0.364464 
0.413243 -0.486166 0.464728 
-0.585262 -0.220603 0.364741 
0.41391 -0.486515 0.465343 
-0.585462 -0.226271 0.364032 
0.414202 -0.485894 0.464791 
-0.585086 -0.230007 0.363969 
0.413219 -0.480327 0.465377 
-0.584849 -0.236197 0.364614 
0.414894 -0.483704 0.464884 
-0.584885 -0.240508 0.364734 
0.416647 -0.485791 0.466666 
-0.584933 -0.24506 0.364796 
0.417314 -0.485861 0.466394 
-0.585076 -0.248709 0.364318 
0.417854 -0.485474 0.467035 
-0.585258 -0.251787 0.363648 
0.417632 -0.48471 0.466347 
-0.585402 -0.254058 0.363431 
0.417128 -0.484941 0.465791 
-0.585025 -0.254582 0.363141 
0.417063 -0.485292 0.4668 
-0.584397 -0.254931 0.363225 
0.416598 -0.48552 0.467011 
-0.583849 -0.2551 0.36316 
0.416007 -0.485628 0.467448 
-0.583607 -0.254786 0.362645 
0.415569 -0.486092 0.468224 
-0.583684 -0.254531 0.362151 
0.41207 -0.486753 0.46752 
-0.583922 -0.254553 0.361981 
0.407354 -0.487969 0.465616 
-0.583877 -0.254313 0.362145 
0.40414 -0.488729 0.467364 
-0.583957 -0.254199 0.362076 
0.399468 -0.489837 0.46659 
-0.585091 -0.253538 0.364029 
0.395873 -0.490706 0.466413 
-0.586818 -0.250969 0.366694 
0.392154 -0.491732 0.466717 
-0.588869 -0.247474 0.368755 
0.389194 -0.492433 0.466242 
-0.633369 -0.230095 0.38203 
0.383494 -0.484153 0.434118 
-0.630834 -0.231424 0.382791 
0.383363 -0.48365 0.435877 
-0.632551 -0.231568 0.384146 
0.383005 -0.483495 0.43379 
-0.633521 -0.232061 0.384279 
0.382405 -0.483184 0.432509 
-0.633656 -0.232763 0.383899 
0.382133 -0.482965 0.433411 
-0.63329 -0.232653 0.38376 
0.382139 -0.482955 0.434364 
-0.631559 -0.231846 0.384406 
0.382466 -0.483948 0.434624 
-0.62852 -0.230734 0.385614 
0.382923 -0.485283 0.433799 
-0.624562 -0.228883 0.387119 
0.383341 -0.485361 0.432521 
-0.621546 -0.227343 0.388412 
0.383829 -0.485964 0.432948 
-0.619128 -0.226067 0.389408 
0.384081 -0.486992 0.433096 
-0.617135 -0.225496 0.390008 
0.384121 -0.487353 0.432908 
-0.615675 -0.224784 0.390634 
0.384112 -0.487909 0.431551 
-0.613987 -0.224013 0.391408 
0.384088 -0.489056 0.431357 
-0.612213 -0.223271 0.392083 
0.384013 -0.48948 0.431888 
-0.609605 -0.222216 0.392717 
0.384131 -0.4912 0.431097 
-0.60683 -0.220898 0.393353 
0.38433 -0.492554 0.431186 
-0.604434 -0.21963 0.39385 
0.384481 -0.49363 0.430824 
-0.602272 -0.218537 0.393985 
0.384452 -0.4943 0.430808 
-0.600138 -0.218397 0.395848 
0.383935 -0.495077 0.431429 
-0.599245 -0.218039 0.396033 
0.383279 -0.494842 0.430038 
-0.599246 -0.218041 0.396027 
0.382631 -0.495732 0.430423 
-0.45805 -0.16486 0.48415 
0.382795 -0.495545 0.430361 
