-0.597268 -0.255126 0.407261 
0.387502 -0.49103 0.442129 
-0.597268 -0.255126 0.407261 
0.387501 -0.49103 0.442129 
-0.597268 -0.255126 0.407261 
0.386504 -0.493528 0.446292 
-0.597268 -0.255126 0.407261 
0.386711 -0.494096 0.447312 
-0.597268 -0.255126 0.407261 
0.387956 -0.493872 0.446269 
-0.597268 -0.255126 0.407261 
0.389232 -0.493939 0.448795 
-0.597268 -0.255126 0.407261 
0.389793 -0.493863 0.44832 
-0.597268 -0.255126 0.407261 
0.390423 -0.495094 0.448744 
-0.597268 -0.255126 0.407261 
0.390492 -0.495537 0.444215 
-0.597268 -0.255126 0.407261 
0.392014 -0.494867 0.448781 
-0.597268 -0.255126 0.407261 
0.393277 -0.496036 0.450571 
-0.597268 -0.255126 0.407261 
0.394922 -0.495535 0.452622 
-0.597268 -0.255126 0.407261 
0.395448 -0.495685 0.448701 
-0.597268 -0.255126 0.407261 
0.397911 -0.495149 0.449053 
-0.597268 -0.255126 0.407261 
0.400384 -0.494619 0.450579 
-0.597268 -0.255126 0.407261 
0.402211 -0.495104 0.447726 
-0.597268 -0.255126 0.407261 
0.405275 -0.495622 0.452044 
-0.597268 -0.255126 0.407261 
0.408176 -0.496312 0.454215 
-0.597268 -0.255126 0.407261 
0.410542 -0.497332 0.451624 
-0.597268 -0.255126 0.407261 
0.41363 -0.497542 0.453979 
-0.597268 -0.255126 0.407261 
0.416285 -0.497385 0.452829 
-0.597268 -0.255126 0.407261 
0.418693 -0.49725 0.450476 
-0.597268 -0.255126 0.407261 
0.420976 -0.497743 0.447826 
-0.597268 -0.255126 0.407261 
0.423353 -0.497731 0.446935 
-0.597268 -0.255126 0.407261 
0.42609 -0.498403 0.448711 
-0.597268 -0.255126 0.407261 
0.428993 -0.498809 0.450762 
-0.597268 -0.255126 0.407261 
0.431323 -0.498724 0.450049 
-0.597268 -0.255126 0.407261 
0.433791 -0.499262 0.451157 
-0.597268 -0.255126 0.407261 
0.436058 -0.498956 0.449925 
-0.597268 -0.255126 0.407261 
0.438039 -0.499365 0.448745 
-0.597268 -0.255126 0.407261 
0.439841 -0.499006 0.445749 
-0.597268 -0.255126 0.407261 
0.442262 -0.499626 0.450043 
-0.597268 -0.255126 0.407261 
0.443888 -0.49985 0.449934 
-0.597268 -0.255126 0.407261 
0.445161 -0.501414 0.448815 
-0.597268 -0.255126 0.407261 
0.446448 -0.501275 0.449593 
-0.597268 -0.255126 0.407261 
0.447168 -0.501179 0.448321 
-0.597268 -0.255126 0.407261 
0.447013 -0.501901 0.447829 
-0.597268 -0.255126 0.407261 
0.447082 -0.501779 0.448003 
-0.597268 -0.255126 0.407261 
0.44705 -0.501131 0.447622 
-0.597268 -0.255126 0.407261 
0.447027 -0.500847 0.446787 
-0.597268 -0.255126 0.407261 
0.446822 -0.501405 0.446652 
-0.597268 -0.255126 0.407261 
0.446787 -0.501506 0.44644 
-0.597268 -0.255126 0.407261 
0.44675 -0.501114 0.446275 
-0.597268 -0.255126 0.407261 
0.446699 -0.500872 0.445522 
-0.597268 -0.255126 0.407261 
0.446883 -0.500971 0.446335 
-0.597268 -0.255126 0.407261 
0.446865 -0.500504 0.445927 
-0.597268 -0.255126 0.407261 
0.44682 -0.502042 0.447199 
-0.597268 -0.255126 0.407261 
0.446768 -0.501092 0.445465 
-0.597268 -0.255126 0.407261 
0.446914 -0.501387 0.447232 
-0.597268 -0.255126 0.407261 
0.44709 -0.50083 0.446845 
-0.597268 -0.255126 0.407261 
0.44699 -0.500912 0.447014 
-0.597268 -0.255126 0.407261 
0.447081 -0.500925 0.447225 
-0.597268 -0.255126 0.407261 
0.447109 -0.50118 0.447571 
-0.597268 -0.255126 0.407261 
0.447133 -0.501449 0.447849 
-0.597268 -0.255126 0.407261 
0.447078 -0.501318 0.447179 
-0.597268 -0.255126 0.407261 
0.447145 -0.501773 0.447975 
-0.597268 -0.255126 0.407261 
0.447049 -0.500729 0.446318 
-0.597268 -0.255126 0.407261 
0.446911 -0.501505 0.44653 
-0.597268 -0.255126 0.407261 
0.446917 -0.501689 0.446335 
-0.597268 -0.255126 0.407261 
0.447216 -0.50174 0.448787 
-0.597268 -0.255126 0.407261 
0.447107 -0.500776 0.447136 
-0.597268 -0.255126 0.407261 
0.447055 -0.502372 0.447996 
-0.597268 -0.255126 0.407261 
0.447231 -0.501457 0.447419 
-0.597268 -0.255126 0.407261 
0.447213 -0.500965 0.447872 
-0.597268 -0.255126 0.407261 
0.447161 -0.50135 0.447611 
-0.597268 -0.255126 0.407261 
0.447394 -0.50104 0.448903 
-0.597268 -0.255126 0.407261 
0.44733 -0.501497 0.449356 
-0.597268 -0.255126 0.407261 
0.447383 -0.501214 0.449133 
-0.597268 -0.255126 0.407261 
0.447262 -0.501841 0.448521 
-0.597268 -0.255126 0.407261 
0.447231 -0.501764 0.448397 
-0.597268 -0.255126 0.407261 
0.447141 -0.5015 0.447481 
-0.597268 -0.255126 0.407261 
0.447191 -0.501589 0.44757 
-0.597268 -0.255126 0.407261 
0.447341 -0.501679 0.448927 
-0.597268 -0.255126 0.407261 
0.447221 -0.501228 0.447758 
-0.597268 -0.255126 0.407261 
0.447208 -0.501582 0.448095 
-0.597268 -0.255126 0.407261 
0.447064 -0.501077 0.447104 
-0.597268 -0.255126 0.407261 
0.447219 -0.501811 0.448923 
-0.597268 -0.255126 0.407261 
0.447179 -0.502381 0.448363 
-0.597268 -0.255126 0.407261 
0.447413 -0.502324 0.449602 
-0.597268 -0.255126 0.407261 
0.447235 -0.501609 0.448035 
-0.597268 -0.255126 0.407261 
0.447026 -0.501446 0.447402 
-0.597268 -0.255126 0.407261 
0.447056 -0.50155 0.447211 
-0.597268 -0.255126 0.407261 
0.447368 -0.501326 0.449271 
-0.597268 -0.255126 0.407261 
0.447146 -0.500976 0.447626 
-0.597268 -0.255126 0.407261 
0.44719 -0.502225 0.448372 
-0.597268 -0.255126 0.407261 
0.447352 -0.501337 0.448258 
-0.597268 -0.255126 0.407261 
0.447164 -0.501815 0.447953 
-0.597268 -0.255126 0.407261 
0.447156 -0.501835 0.448157 
-0.597268 -0.255126 0.407261 
0.44702 -0.501427 0.446886 
-0.597268 -0.255126 0.407261 
0.447 -0.501625 0.447099 
-0.597268 -0.255126 0.407261 
0.4472 -0.501399 0.448217 
-0.597268 -0.255126 0.407261 
0.447146 -0.502694 0.448277 
-0.597268 -0.255126 0.407261 
0.447275 -0.501844 0.448286 
-0.597268 -0.255126 0.407261 
0.447124 -0.501156 0.446908 
-0.597268 -0.255126 0.407261 
0.447258 -0.501295 0.448652 
-0.597268 -0.255126 0.407261 
0.447211 -0.500909 0.448185 
-0.597268 -0.255126 0.407261 
0.447103 -0.501666 0.447705 
-0.597268 -0.255126 0.407261 
0.447111 -0.501256 0.44773 
-0.597268 -0.255126 0.407261 
0.447231 -0.501181 0.448157 
