-0.607006 -0.224206 0.416715 
0.400795 -0.504304 0.485867 
-0.607006 -0.224206 0.416715 
0.400795 -0.504304 0.485867 
-0.609269 -0.223191 0.412634 
0.400795 -0.504304 0.485867 
-0.609771 -0.22431 0.412366 
0.400795 -0.504304 0.485867 
-0.608951 -0.225961 0.411988 
0.400795 -0.504304 0.485867 
-0.6064 -0.226659 0.412232 
0.400795 -0.504304 0.485867 
-0.604297 -0.227093 0.412999 
0.400795 -0.504304 0.485867 
-0.602512 -0.227399 0.413785 
0.400795 -0.504304 0.485867 
-0.601507 -0.227245 0.413673 
0.400795 -0.504304 0.485867 
-0.600839 -0.227326 0.413332 
0.400795 -0.504304 0.485867 
-0.600279 -0.227295 0.413028 
0.400795 -0.504304 0.485867 
-0.599787 -0.227304 0.413053 
0.400795 -0.504304 0.485867 
-0.599406 -0.227333 0.413181 
0.400795 -0.504304 0.485867 
-0.599038 -0.227608 0.412872 
0.400795 -0.504304 0.485867 
-0.59828 -0.227823 0.413406 
0.400795 -0.504304 0.485867 
-0.597022 -0.22826 0.413357 
0.400795 -0.504304 0.485867 
-0.595967 -0.228431 0.41319 
0.400795 -0.504304 0.485867 
-0.595109 -0.228169 0.41331 
0.400795 -0.504304 0.485867 
-0.595107 -0.227999 0.412977 
0.400795 -0.504304 0.485867 
-0.595237 -0.227921 0.412706 
0.400795 -0.504304 0.485867 
-0.5952 -0.227867 0.412521 
0.400795 -0.504304 0.485867 
-0.595193 -0.227838 0.412298 
0.400795 -0.504304 0.485867 
-0.595216 -0.22791 0.412361 
0.400795 -0.504304 0.485867 
-0.595222 -0.227854 0.412354 
0.400795 -0.504304 0.485867 
-0.595189 -0.227814 0.412357 
0.400795 -0.504304 0.485867 
-0.595279 -0.227919 0.411954 
0.400795 -0.504304 0.485867 
-0.595248 -0.22781 0.412261 
0.400795 -0.504304 0.485867 
-0.595248 -0.227914 0.411995 
0.400795 -0.504304 0.485867 
-0.595197 -0.22805 0.41281 
0.400795 -0.504304 0.485867 
-0.595246 -0.228192 0.412935 
0.400795 -0.504304 0.485867 
-0.595282 -0.228122 0.413038 
0.400795 -0.504304 0.485867 
-0.595374 -0.228264 0.412678 
0.400795 -0.504304 0.485867 
-0.595295 -0.228219 0.412605 
0.400795 -0.504304 0.485867 
-0.595354 -0.2283 0.412564 
0.400795 -0.504304 0.485867 
-0.59541 -0.228231 0.41234 
0.400795 -0.504304 0.485867 
-0.595371 -0.228103 0.412533 
0.400795 -0.504304 0.485867 
-0.595423 -0.228159 0.412464 
0.400795 -0.504304 0.485867 
-0.595332 -0.228175 0.412782 
0.400795 -0.504304 0.485867 
-0.595354 -0.228253 0.412509 
0.400795 -0.504304 0.485867 
-0.595379 -0.228259 0.412892 
0.400795 -0.504304 0.485867 
-0.595408 -0.228225 0.412456 
0.400795 -0.504304 0.485867 
-0.4054 -0.23257 0.48858 
0.400795 -0.504304 0.485867 
-0.595 -0.227695 0.41264 
0.400795 -0.504304 0.485867 
-0.595 -0.227695 0.41264 
0.400795 -0.504304 0.485867 
-0.594933 -0.22754 0.412457 
0.400795 -0.504304 0.485867 
-0.595244 -0.227213 0.411558 
0.400795 -0.504304 0.485867 
-0.595152 -0.227412 0.412017 
0.400795 -0.504304 0.485867 
-0.595094 -0.227188 0.412195 
0.400795 -0.504304 0.485867 
-0.59506 -0.227057 0.412116 
0.400795 -0.504304 0.485867 
-0.595029 -0.227319 0.412492 
0.400795 -0.504304 0.485867 
-0.595035 -0.227434 0.412472 
0.400795 -0.504304 0.485867 
-0.594964 -0.227496 0.412736 
0.400795 -0.504304 0.485867 
-0.595041 -0.227379 0.412369 
0.400795 -0.504304 0.485867 
-0.595172 -0.227614 0.412758 
0.400795 -0.504304 0.485867 
-0.595165 -0.227628 0.412887 
0.400795 -0.504304 0.485867 
-0.595081 -0.227707 0.412773 
0.400795 -0.504304 0.485867 
-0.595149 -0.227682 0.413054 
0.400795 -0.504304 0.485867 
-0.59523 -0.227764 0.413048 
0.400795 -0.504304 0.485867 
-0.5951 -0.227951 0.413038 
0.400795 -0.504304 0.485867 
-0.595112 -0.227908 0.412897 
0.400795 -0.504304 0.485867 
-0.595161 -0.227809 0.413171 
0.400795 -0.504304 0.485867 
-0.595254 -0.22779 0.413139 
0.400795 -0.504304 0.485867 
-0.593991 -0.225819 0.41179 
0.400795 -0.504304 0.485867 
-0.592699 -0.223184 0.409447 
0.400795 -0.504304 0.485867 
-0.591387 -0.220118 0.406825 
0.400795 -0.504304 0.485867 
-0.590302 -0.216694 0.403881 
0.400795 -0.504304 0.485867 
-0.58938 -0.21286 0.40091 
0.400795 -0.504304 0.485867 
-0.588511 -0.208972 0.397106 
0.400795 -0.504304 0.485867 
-0.588207 -0.204742 0.394704 
0.400795 -0.504304 0.485867 
-0.588 -0.199817 0.390581 
0.400795 -0.504304 0.485867 
-0.588043 -0.194885 0.386326 
0.400795 -0.504304 0.485867 
-0.588406 -0.190111 0.382709 
0.400795 -0.504304 0.485867 
