-0.63591 -0.243199 0.372779 
0.400795 -0.504304 0.485867 
-0.635041 -0.244113 0.373305 
0.400795 -0.504304 0.485867 
-0.63531 -0.244139 0.374129 
0.400795 -0.504304 0.485867 
-0.635654 -0.245025 0.374209 
0.400795 -0.504304 0.485867 
-0.635758 -0.245725 0.374267 
0.400795 -0.504304 0.485867 
-0.635475 -0.245273 0.374023 
0.400795 -0.504304 0.485867 
-0.633602 -0.244384 0.374918 
0.400795 -0.504304 0.485867 
-0.630452 -0.243666 0.37618 
0.400795 -0.504304 0.485867 
-0.626433 -0.241906 0.377639 
0.400795 -0.504304 0.485867 
-0.623452 -0.240525 0.378532 
0.400795 -0.504304 0.485867 
-0.620711 -0.239391 0.379249 
0.400795 -0.504304 0.485867 
-0.618829 -0.239066 0.379693 
0.400795 -0.504304 0.485867 
-0.617041 -0.238164 0.380513 
0.400795 -0.504304 0.485867 
-0.615674 -0.237557 0.380625 
0.400795 -0.504304 0.485867 
-0.613759 -0.236614 0.381396 
0.400795 -0.504304 0.485867 
-0.611123 -0.235651 0.382061 
0.400795 -0.504304 0.485867 
-0.608493 -0.234364 0.382562 
0.400795 -0.504304 0.485867 
-0.605928 -0.23322 0.383198 
0.400795 -0.504304 0.485867 
-0.603467 -0.232331 0.383713 
0.400795 -0.504304 0.485867 
-0.602028 -0.231395 0.383591 
0.400795 -0.504304 0.485867 
-0.601195 -0.230749 0.383422 
0.400795 -0.504304 0.485867 
-0.601482 -0.230596 0.382669 
0.400795 -0.504304 0.485867 
-0.45805 -0.16486 0.48415 
0.400795 -0.504304 0.485867 
-0.45805 -0.16486 0.48415 
0.400795 -0.504304 0.485867 
-0.599077 -0.229318 0.389079 
0.400795 -0.504304 0.485867 
