-0.597268 -0.255126 0.407261 
0.383833 -0.485055 0.440471 
-0.597268 -0.255126 0.407261 
0.379365 -0.481293 0.448516 
-0.597268 -0.255126 0.407261 
0.382204 -0.480768 0.446839 
-0.597268 -0.255126 0.407261 
0.382675 -0.480429 0.446317 
-0.597268 -0.255126 0.407261 
0.382871 -0.480625 0.446766 
-0.597268 -0.255126 0.407261 
0.382853 -0.480925 0.446406 
-0.597268 -0.255126 0.407261 
0.382994 -0.481611 0.445402 
-0.597268 -0.255126 0.407261 
0.383085 -0.482831 0.443966 
-0.597268 -0.255126 0.407261 
0.383784 -0.484231 0.444904 
-0.597268 -0.255126 0.407261 
0.384328 -0.485266 0.445442 
-0.597268 -0.255126 0.407261 
0.38452 -0.485551 0.444458 
-0.597268 -0.255126 0.407261 
0.384556 -0.486374 0.4432 
-0.597268 -0.255126 0.407261 
0.384413 -0.48693 0.44186 
-0.597268 -0.255126 0.407261 
0.384314 -0.487574 0.442207 
-0.597268 -0.255126 0.407261 
0.384301 -0.488232 0.443206 
-0.597268 -0.255126 0.407261 
0.384213 -0.489234 0.442304 
-0.597268 -0.255126 0.407261 
0.384282 -0.49021 0.442014 
-0.597268 -0.255126 0.407261 
0.384456 -0.490474 0.443112 
-0.597268 -0.255126 0.407261 
0.384356 -0.491238 0.442271 
-0.597268 -0.255126 0.407261 
0.383796 -0.491637 0.441285 
-0.597268 -0.255126 0.407261 
0.383269 -0.492498 0.440509 
-0.597268 -0.255126 0.407261 
0.38264 -0.493179 0.441814 
-0.597268 -0.255126 0.407261 
0.384888 -0.476166 0.47214 
-0.597268 -0.255126 0.407261 
0.384888 -0.476166 0.47214 
-0.597268 -0.255126 0.407261 
0.386442 -0.477469 0.471011 
-0.597268 -0.255126 0.407261 
0.389435 -0.481346 0.471583 
-0.597268 -0.255126 0.407261 
0.393436 -0.484239 0.472974 
-0.597268 -0.255126 0.407261 
0.397521 -0.486614 0.474205 
-0.597268 -0.255126 0.407261 
0.402 -0.490159 0.475041 
-0.597268 -0.255126 0.407261 
0.406612 -0.49182 0.476136 
-0.597268 -0.255126 0.407261 
0.411898 -0.490396 0.47931 
-0.597268 -0.255126 0.407261 
0.417413 -0.494092 0.482799 
-0.597268 -0.255126 0.407261 
0.422808 -0.494647 0.48302 
-0.597268 -0.255126 0.407261 
0.428492 -0.498242 0.485448 
-0.597268 -0.255126 0.407261 
0.4339 -0.499505 0.486497 
-0.597268 -0.255126 0.407261 
0.438894 -0.500637 0.487278 
-0.597268 -0.255126 0.407261 
0.442572 -0.50006 0.485477 
-0.597268 -0.255126 0.407261 
0.445211 -0.501901 0.48749 
-0.597268 -0.255126 0.407261 
0.446221 -0.502201 0.487497 
-0.597268 -0.255126 0.407261 
0.446347 -0.501948 0.487074 
-0.597268 -0.255126 0.407261 
0.445872 -0.501727 0.486646 
-0.597268 -0.255126 0.407261 
0.445408 -0.501605 0.486254 
-0.597268 -0.255126 0.407261 
0.444863 -0.501901 0.486154 
