-0.610941 -0.219518 0.400951 
0.400795 -0.504304 0.485867 
-0.610942 -0.219518 0.400951 
0.400795 -0.504304 0.485867 
-0.610682 -0.219944 0.399694 
0.400795 -0.504304 0.485867 
-0.610497 -0.220152 0.399063 
0.400795 -0.504304 0.485867 
-0.609874 -0.221735 0.399605 
0.400795 -0.504304 0.485867 
-0.608576 -0.223396 0.399782 
0.400795 -0.504304 0.485867 
-0.605966 -0.22418 0.399676 
0.400795 -0.504304 0.485867 
-0.60385 -0.224484 0.39995 
0.400795 -0.504304 0.485867 
-0.602086 -0.22443 0.400263 
0.400795 -0.504304 0.485867 
-0.601124 -0.224845 0.400009 
0.400795 -0.504304 0.485867 
-0.600281 -0.224812 0.399856 
0.400795 -0.504304 0.485867 
-0.599572 -0.224796 0.399964 
0.400795 -0.504304 0.485867 
-0.599139 -0.224801 0.399894 
0.400795 -0.504304 0.485867 
-0.598804 -0.224725 0.399829 
0.400795 -0.504304 0.485867 
-0.598568 -0.224807 0.400048 
0.400795 -0.504304 0.485867 
-0.597799 -0.225209 0.399619 
0.400795 -0.504304 0.485867 
-0.596391 -0.225583 0.399771 
0.400795 -0.504304 0.485867 
-0.59524 -0.225644 0.399858 
0.400795 -0.504304 0.485867 
-0.594578 -0.225659 0.399637 
0.400795 -0.504304 0.485867 
-0.594592 -0.22554 0.399543 
0.400795 -0.504304 0.485867 
-0.594455 -0.225512 0.399528 
0.400795 -0.504304 0.485867 
-0.594485 -0.225446 0.399199 
0.400795 -0.504304 0.485867 
-0.594455 -0.225328 0.399526 
0.400795 -0.504304 0.485867 
-0.594493 -0.225399 0.399425 
0.400795 -0.504304 0.485867 
-0.594441 -0.225217 0.399589 
0.400795 -0.504304 0.485867 
-0.59452 -0.225216 0.399317 
0.400795 -0.504304 0.485867 
-0.594479 -0.22538 0.399304 
0.400795 -0.504304 0.485867 
-0.59451 -0.225253 0.398939 
0.400795 -0.504304 0.485867 
-0.594548 -0.225271 0.398943 
0.400795 -0.504304 0.485867 
-0.59459 -0.225539 0.399105 
0.400795 -0.504304 0.485867 
-0.594551 -0.225749 0.399532 
0.400795 -0.504304 0.485867 
-0.594591 -0.225789 0.399588 
0.400795 -0.504304 0.485867 
-0.594604 -0.225673 0.39954 
0.400795 -0.504304 0.485867 
-0.594577 -0.225691 0.399807 
0.400795 -0.504304 0.485867 
-0.59472 -0.225627 0.399571 
0.400795 -0.504304 0.485867 
-0.594604 -0.225731 0.399913 
0.400795 -0.504304 0.485867 
-0.594642 -0.225672 0.399526 
0.400795 -0.504304 0.485867 
-0.594535 -0.225813 0.400048 
0.400795 -0.504304 0.485867 
-0.594721 -0.225491 0.399379 
0.400795 -0.504304 0.485867 
-0.594605 -0.22562 0.400016 
0.400795 -0.504304 0.485867 
-0.594609 -0.225511 0.400028 
0.400795 -0.504304 0.485867 
-0.594653 -0.225558 0.399572 
0.400795 -0.504304 0.485867 
-0.594474 -0.225549 0.399973 
0.400795 -0.504304 0.485867 
-0.594522 -0.225465 0.399638 
0.400795 -0.504304 0.485867 
-0.594449 -0.225556 0.399863 
0.400795 -0.504304 0.485867 
-0.594543 -0.225126 0.399128 
0.400795 -0.504304 0.485867 
-0.594505 -0.22523 0.399542 
0.400795 -0.504304 0.485867 
-0.594488 -0.225459 0.399455 
0.400795 -0.504304 0.485867 
-0.594485 -0.225368 0.399587 
0.400795 -0.504304 0.485867 
-0.594461 -0.225429 0.399714 
0.400795 -0.504304 0.485867 
-0.594513 -0.225361 0.399507 
0.400795 -0.504304 0.485867 
-0.594523 -0.225252 0.399418 
0.400795 -0.504304 0.485867 
-0.594618 -0.225436 0.399551 
0.400795 -0.504304 0.485867 
-0.594559 -0.22531 0.399406 
0.400795 -0.504304 0.485867 
-0.59457 -0.225427 0.399817 
0.400795 -0.504304 0.485867 
-0.594581 -0.225521 0.399813 
0.400795 -0.504304 0.485867 
-0.59454 -0.225584 0.399893 
0.400795 -0.504304 0.485867 
-0.594625 -0.225496 0.39993 
0.400795 -0.504304 0.485867 
-0.594499 -0.225503 0.399846 
0.400795 -0.504304 0.485867 
-0.594643 -0.22525 0.399506 
0.400795 -0.504304 0.485867 
-0.59401 -0.224117 0.39864 
0.400795 -0.504304 0.485867 
-0.592613 -0.221497 0.396437 
0.400795 -0.504304 0.485867 
-0.591518 -0.218677 0.394093 
0.400795 -0.504304 0.485867 
-0.590561 -0.215592 0.391139 
0.400795 -0.504304 0.485867 
-0.589825 -0.211823 0.388253 
0.400795 -0.504304 0.485867 
-0.589322 -0.207741 0.384943 
0.400795 -0.504304 0.485867 
-0.58912 -0.203256 0.381603 
0.400795 -0.504304 0.485867 
-0.589136 -0.198757 0.377979 
0.400795 -0.504304 0.485867 
-0.589378 -0.194292 0.374236 
0.400795 -0.504304 0.485867 
