-0.610482 -0.22605 0.409251 
0.400795 -0.504304 0.485867 
-0.61031 -0.226253 0.407794 
0.400795 -0.504304 0.485867 
-0.610389 -0.226812 0.407219 
0.400795 -0.504304 0.485867 
-0.609932 -0.227961 0.407602 
0.400795 -0.504304 0.485867 
-0.608728 -0.229836 0.407997 
0.400795 -0.504304 0.485867 
-0.606156 -0.230498 0.407887 
0.400795 -0.504304 0.485867 
-0.604039 -0.230745 0.408367 
0.400795 -0.504304 0.485867 
-0.60247 -0.230902 0.408473 
0.400795 -0.504304 0.485867 
-0.601436 -0.231173 0.408712 
0.400795 -0.504304 0.485867 
-0.600447 -0.231085 0.408621 
0.400795 -0.504304 0.485867 
-0.599881 -0.231328 0.408479 
0.400795 -0.504304 0.485867 
-0.599401 -0.231477 0.408585 
0.400795 -0.504304 0.485867 
-0.599053 -0.23154 0.40855 
0.400795 -0.504304 0.485867 
-0.598804 -0.23149 0.40866 
0.400795 -0.504304 0.485867 
-0.597937 -0.231724 0.408609 
0.400795 -0.504304 0.485867 
-0.596657 -0.232342 0.408442 
0.400795 -0.504304 0.485867 
-0.595551 -0.232239 0.408517 
0.400795 -0.504304 0.485867 
-0.59459 -0.23235 0.408781 
0.400795 -0.504304 0.485867 
-0.594567 -0.232188 0.408585 
0.400795 -0.504304 0.485867 
-0.594683 -0.232256 0.408979 
0.400795 -0.504304 0.485867 
-0.594946 -0.23208 0.408389 
0.400795 -0.504304 0.485867 
-0.594828 -0.232113 0.408348 
0.400795 -0.504304 0.485867 
-0.594823 -0.232079 0.407904 
0.400795 -0.504304 0.485867 
-0.594727 -0.231968 0.408113 
0.400795 -0.504304 0.485867 
-0.594745 -0.231909 0.407824 
0.400795 -0.504304 0.485867 
-0.594601 -0.232039 0.408657 
0.400795 -0.504304 0.485867 
-0.594582 -0.232169 0.40872 
0.400795 -0.504304 0.485867 
-0.594687 -0.232101 0.408393 
0.400795 -0.504304 0.485867 
-0.594734 -0.232109 0.408357 
0.400795 -0.504304 0.485867 
-0.594869 -0.232295 0.408211 
0.400795 -0.504304 0.485867 
-0.594794 -0.232178 0.408438 
0.400795 -0.504304 0.485867 
-0.59483 -0.232252 0.408621 
0.400795 -0.504304 0.485867 
-0.594855 -0.232101 0.408729 
0.400795 -0.504304 0.485867 
-0.594855 -0.232417 0.4087 
0.400795 -0.504304 0.485867 
-0.594743 -0.232503 0.408709 
0.400795 -0.504304 0.485867 
-0.594829 -0.232594 0.408697 
0.400795 -0.504304 0.485867 
-0.594832 -0.232455 0.408593 
0.400795 -0.504304 0.485867 
-0.59482 -0.232507 0.408706 
0.400795 -0.504304 0.485867 
-0.594863 -0.232381 0.408788 
0.400795 -0.504304 0.485867 
-0.594838 -0.23238 0.408511 
0.400795 -0.504304 0.485867 
-0.59474 -0.232406 0.408432 
0.400795 -0.504304 0.485867 
