-0.603833 -0.226436 0.381466 
0.400795 -0.504304 0.485867 
-0.603834 -0.226437 0.381466 
0.400795 -0.504304 0.485867 
-0.603782 -0.226348 0.381271 
0.400795 -0.504304 0.485867 
-0.603802 -0.226321 0.381187 
0.400795 -0.504304 0.485867 
-0.603793 -0.226588 0.381205 
0.400795 -0.504304 0.485867 
-0.603818 -0.226611 0.381175 
0.400795 -0.504304 0.485867 
-0.603845 -0.226624 0.381195 
0.400795 -0.504304 0.485867 
-0.603775 -0.226483 0.381296 
0.400795 -0.504304 0.485867 
-0.603816 -0.226626 0.381236 
0.400795 -0.504304 0.485867 
-0.603733 -0.226725 0.381433 
0.400795 -0.504304 0.485867 
-0.603815 -0.226472 0.381159 
0.400795 -0.504304 0.485867 
-0.603865 -0.226498 0.381071 
0.400795 -0.504304 0.485867 
-0.603813 -0.226626 0.38121 
0.400795 -0.504304 0.485867 
-0.603739 -0.226754 0.381434 
0.400795 -0.504304 0.485867 
-0.603773 -0.226803 0.381411 
0.400795 -0.504304 0.485867 
-0.603775 -0.22633 0.381362 
0.400795 -0.504304 0.485867 
-0.603876 -0.226262 0.381091 
0.400795 -0.504304 0.485867 
-0.603922 -0.226479 0.381102 
0.400795 -0.504304 0.485867 
-0.603783 -0.226564 0.381322 
0.400795 -0.504304 0.485867 
-0.603779 -0.226484 0.381286 
0.400795 -0.504304 0.485867 
-0.603762 -0.226449 0.381431 
0.400795 -0.504304 0.485867 
-0.603805 -0.226532 0.381352 
0.400795 -0.504304 0.485867 
-0.603859 -0.226241 0.3811 
0.400795 -0.504304 0.485867 
-0.603875 -0.226504 0.381025 
0.400795 -0.504304 0.485867 
-0.603746 -0.226288 0.381221 
0.400795 -0.504304 0.485867 
-0.603894 -0.226569 0.380967 
0.400795 -0.504304 0.485867 
-0.603723 -0.226626 0.381366 
0.400795 -0.504304 0.485867 
-0.603782 -0.226337 0.381382 
0.400795 -0.504304 0.485867 
-0.603834 -0.226605 0.381253 
0.400795 -0.504304 0.485867 
-0.60376 -0.226341 0.381332 
0.400795 -0.504304 0.485867 
-0.603851 -0.226464 0.381179 
0.400795 -0.504304 0.485867 
