-0.615809 -0.26162 0.397705 
0.400795 -0.504304 0.485867 
-0.61581 -0.261621 0.397704 
0.400795 -0.504304 0.485867 
-0.61581 -0.261621 0.397704 
0.400795 -0.504304 0.485867 
-0.616462 -0.261477 0.396726 
0.400795 -0.504304 0.485867 
-0.615672 -0.261074 0.396851 
0.400795 -0.504304 0.485867 
-0.614453 -0.260739 0.398044 
0.400795 -0.504304 0.485867 
-0.613933 -0.26297 0.396668 
0.400795 -0.504304 0.485867 
-0.61501 -0.26168 0.395603 
0.400795 -0.504304 0.485867 
-0.613653 -0.260397 0.394663 
0.400795 -0.504304 0.485867 
-0.615022 -0.260437 0.392956 
0.400795 -0.504304 0.485867 
-0.61489 -0.259995 0.391465 
0.400795 -0.504304 0.485867 
-0.610364 -0.261827 0.392654 
0.400795 -0.504304 0.485867 
-0.605425 -0.261995 0.393672 
0.400795 -0.504304 0.485867 
-0.601369 -0.260413 0.395209 
0.400795 -0.504304 0.485867 
