-0.597337 -0.205877 0.336206 
0.400795 -0.504304 0.485867 
-0.597338 -0.205878 0.336205 
0.400795 -0.504304 0.485867 
-0.597048 -0.206051 0.336028 
0.400795 -0.504304 0.485867 
-0.59715 -0.206383 0.33608 
0.400795 -0.504304 0.485867 
-0.597118 -0.206477 0.336044 
0.400795 -0.504304 0.485867 
-0.59704 -0.206271 0.336382 
0.400795 -0.504304 0.485867 
-0.597154 -0.205993 0.336374 
0.400795 -0.504304 0.485867 
-0.597211 -0.206031 0.336333 
0.400795 -0.504304 0.485867 
-0.597136 -0.206267 0.336117 
0.400795 -0.504304 0.485867 
