-0.605967 -0.224459 0.382891 
0.400795 -0.504304 0.485867 
-0.605967 -0.224459 0.382891 
0.400795 -0.504304 0.485867 
-0.60202 -0.223201 0.382279 
0.400795 -0.504304 0.485867 
-0.601681 -0.223257 0.381767 
0.400795 -0.504304 0.485867 
-0.601379 -0.22372 0.381781 
0.400795 -0.504304 0.485867 
-0.600587 -0.222365 0.382543 
0.400795 -0.504304 0.485867 
-0.600119 -0.222471 0.382616 
0.400795 -0.504304 0.485867 
-0.600103 -0.222452 0.382885 
0.400795 -0.504304 0.485867 
-0.599712 -0.222266 0.383065 
0.400795 -0.504304 0.485867 
-0.599729 -0.222769 0.383023 
0.400795 -0.504304 0.485867 
-0.599661 -0.222398 0.383076 
0.400795 -0.504304 0.485867 
-0.599713 -0.223072 0.382838 
0.400795 -0.504304 0.485867 
-0.599682 -0.222679 0.382625 
0.400795 -0.504304 0.485867 
-0.599749 -0.223122 0.382668 
0.400795 -0.504304 0.485867 
-0.599865 -0.222891 0.382081 
0.400795 -0.504304 0.485867 
-0.5997 -0.223086 0.382619 
0.400795 -0.504304 0.485867 
-0.599808 -0.222941 0.38199 
0.400795 -0.504304 0.485867 
-0.599801 -0.222878 0.382684 
0.400795 -0.504304 0.485867 
-0.599789 -0.222915 0.381388 
0.400795 -0.504304 0.485867 
-0.599845 -0.222839 0.382873 
0.400795 -0.504304 0.485867 
-0.599863 -0.222858 0.381293 
0.400795 -0.504304 0.485867 
-0.599889 -0.222947 0.382755 
0.400795 -0.504304 0.485867 
-0.599903 -0.222781 0.381222 
0.400795 -0.504304 0.485867 
-0.599741 -0.223068 0.383245 
0.400795 -0.504304 0.485867 
-0.599549 -0.222864 0.382064 
0.400795 -0.504304 0.485867 
-0.599381 -0.223225 0.383968 
0.400795 -0.504304 0.485867 
-0.599767 -0.222846 0.381789 
0.400795 -0.504304 0.485867 
-0.59982 -0.222871 0.382963 
0.400795 -0.504304 0.485867 
-0.60001 -0.222427 0.381091 
0.400795 -0.504304 0.485867 
-0.59967 -0.223142 0.383115 
0.400795 -0.504304 0.485867 
-0.599772 -0.222764 0.381415 
0.400795 -0.504304 0.485867 
-0.599574 -0.223237 0.383549 
0.400795 -0.504304 0.485867 
-0.599744 -0.222935 0.3815 
0.400795 -0.504304 0.485867 
-0.599589 -0.223391 0.383297 
0.400795 -0.504304 0.485867 
-0.599872 -0.223027 0.381204 
0.400795 -0.504304 0.485867 
-0.599665 -0.223237 0.383046 
0.400795 -0.504304 0.485867 
-0.599799 -0.222674 0.381406 
0.400795 -0.504304 0.485867 
-0.599707 -0.223078 0.383045 
0.400795 -0.504304 0.485867 
-0.599924 -0.222713 0.380835 
0.400795 -0.504304 0.485867 
-0.599704 -0.22309 0.383243 
0.400795 -0.504304 0.485867 
-0.599962 -0.22277 0.381274 
0.400795 -0.504304 0.485867 
-0.599829 -0.222953 0.383125 
0.400795 -0.504304 0.485867 
-0.599957 -0.222777 0.381177 
0.400795 -0.504304 0.485867 
-0.599868 -0.222888 0.383016 
0.400795 -0.504304 0.485867 
-0.6 -0.222645 0.381178 
0.400795 -0.504304 0.485867 
-0.599745 -0.22296 0.383014 
0.400795 -0.504304 0.485867 
-0.59994 -0.222617 0.381328 
0.400795 -0.504304 0.485867 
-0.599641 -0.223073 0.383486 
0.400795 -0.504304 0.485867 
-0.599762 -0.222933 0.381497 
0.400795 -0.504304 0.485867 
-0.599315 -0.223273 0.383964 
0.400795 -0.504304 0.485867 
-0.599733 -0.222934 0.381808 
0.400795 -0.504304 0.485867 
-0.59947 -0.223162 0.383363 
0.400795 -0.504304 0.485867 
-0.59978 -0.222633 0.381492 
0.400795 -0.504304 0.485867 
-0.599681 -0.22314 0.383131 
0.400795 -0.504304 0.485867 
-0.599949 -0.222683 0.381074 
0.400795 -0.504304 0.485867 
-0.599762 -0.222947 0.383013 
0.400795 -0.504304 0.485867 
-0.599939 -0.2229 0.38121 
0.400795 -0.504304 0.485867 
-0.599693 -0.222966 0.383212 
0.400795 -0.504304 0.485867 
-0.599799 -0.222837 0.381634 
0.400795 -0.504304 0.485867 
-0.599606 -0.223015 0.383482 
0.400795 -0.504304 0.485867 
-0.599854 -0.223033 0.381611 
0.400795 -0.504304 0.485867 
-0.5996 -0.223007 0.383254 
0.400795 -0.504304 0.485867 
-0.599678 -0.222862 0.381753 
0.400795 -0.504304 0.485867 
-0.599491 -0.223336 0.383661 
0.400795 -0.504304 0.485867 
-0.599865 -0.22259 0.381242 
0.400795 -0.504304 0.485867 
-0.599679 -0.223021 0.383166 
0.400795 -0.504304 0.485867 
-0.599955 -0.222718 0.380897 
0.400795 -0.504304 0.485867 
-0.599776 -0.223019 0.383006 
0.400795 -0.504304 0.485867 
-0.599996 -0.222604 0.381456 
0.400795 -0.504304 0.485867 
-0.599528 -0.223252 0.38361 
0.400795 -0.504304 0.485867 
-0.599869 -0.222771 0.381407 
0.400795 -0.504304 0.485867 
-0.599647 -0.223112 0.382916 
0.400795 -0.504304 0.485867 
-0.599696 -0.222803 0.382013 
0.400795 -0.504304 0.485867 
-0.599564 -0.223198 0.383364 
0.400795 -0.504304 0.485867 
-0.599789 -0.222643 0.381726 
0.400795 -0.504304 0.485867 
-0.599732 -0.222875 0.382378 
0.400795 -0.504304 0.485867 
-0.599805 -0.222758 0.382191 
0.400795 -0.504304 0.485867 
-0.59976 -0.222853 0.382223 
0.400795 -0.504304 0.485867 
-0.599775 -0.222889 0.382156 
0.400795 -0.504304 0.485867 
-0.599766 -0.22275 0.382215 
0.400795 -0.504304 0.485867 
-0.599754 -0.222746 0.382224 
0.400795 -0.504304 0.485867 
-0.599774 -0.222886 0.382176 
0.400795 -0.504304 0.485867 
