-0.641457 -0.251813 0.372646 
0.400795 -0.504304 0.485867 
-0.632318 -0.247642 0.377393 
0.400795 -0.504304 0.485867 
-0.638647 -0.251629 0.374638 
0.400795 -0.504304 0.485867 
-0.64042 -0.253252 0.374188 
0.400795 -0.504304 0.485867 
-0.641099 -0.254193 0.373926 
0.400795 -0.504304 0.485867 
-0.641082 -0.2544 0.373514 
0.400795 -0.504304 0.485867 
-0.639239 -0.253814 0.374516 
0.400795 -0.504304 0.485867 
-0.636118 -0.252823 0.37609 
0.400795 -0.504304 0.485867 
-0.632081 -0.2509 0.377239 
0.400795 -0.504304 0.485867 
-0.629154 -0.249623 0.378227 
0.400795 -0.504304 0.485867 
-0.626558 -0.248832 0.379227 
0.400795 -0.504304 0.485867 
-0.624486 -0.247651 0.37966 
0.400795 -0.504304 0.485867 
-0.622939 -0.24712 0.380056 
0.400795 -0.504304 0.485867 
-0.621546 -0.246542 0.380312 
0.400795 -0.504304 0.485867 
-0.619665 -0.245768 0.38063 
0.400795 -0.504304 0.485867 
-0.616887 -0.244581 0.381617 
0.400795 -0.504304 0.485867 
-0.614279 -0.243694 0.382015 
0.400795 -0.504304 0.485867 
-0.611666 -0.242184 0.382621 
0.400795 -0.504304 0.485867 
-0.609237 -0.241465 0.383304 
0.400795 -0.504304 0.485867 
-0.607694 -0.240645 0.383382 
0.400795 -0.504304 0.485867 
-0.606781 -0.239763 0.383494 
0.400795 -0.504304 0.485867 
-0.606915 -0.239595 0.383201 
0.400795 -0.504304 0.485867 
-0.46056 -0.17286 0.5016 
0.400795 -0.504304 0.485867 
-0.606036 -0.239859 0.386334 
0.400795 -0.504304 0.485867 
