-0.597268 -0.255126 0.407261 
0.383396 -0.483921 0.43796 
-0.597268 -0.255126 0.407261 
0.382699 -0.486363 0.444235 
-0.597268 -0.255126 0.407261 
0.383774 -0.489696 0.443501 
-0.597268 -0.255126 0.407261 
0.38395 -0.491359 0.444694 
-0.597268 -0.255126 0.407261 
0.382757 -0.485848 0.439502 
-0.597268 -0.255126 0.407261 
0.382783 -0.486218 0.439476 
-0.597268 -0.255126 0.407261 
0.3838 -0.491251 0.443304 
-0.597268 -0.255126 0.407261 
0.384209 -0.493712 0.443108 
-0.597268 -0.255126 0.407261 
0.383843 -0.490427 0.439393 
-0.597268 -0.255126 0.407261 
0.384331 -0.491076 0.438845 
-0.597268 -0.255126 0.407261 
0.385667 -0.495091 0.443369 
-0.597268 -0.255126 0.407261 
0.385779 -0.49644 0.443782 
-0.597268 -0.255126 0.407261 
0.38586 -0.49729 0.444379 
-0.597268 -0.255126 0.407261 
0.385627 -0.497843 0.443335 
-0.597268 -0.255126 0.407261 
0.385245 -0.496918 0.441178 
-0.597268 -0.255126 0.407261 
0.385284 -0.497922 0.440886 
-0.597268 -0.255126 0.407261 
0.385957 -0.500934 0.443978 
-0.597268 -0.255126 0.407261 
0.385893 -0.500685 0.441309 
-0.597268 -0.255126 0.407261 
0.38559 -0.502 0.440936 
-0.597268 -0.255126 0.407261 
0.385266 -0.50229 0.443337 
-0.597268 -0.255126 0.407261 
0.384916 -0.502967 0.444402 
-0.597268 -0.255126 0.407261 
0.384525 -0.504193 0.446637 
-0.597268 -0.255126 0.407261 
0.433905 -0.514747 0.456347 
