-0.635299 -0.242816 0.373011 
0.383824 -0.48398 0.440273 
-0.624065 -0.238003 0.379961 
0.383824 -0.48398 0.440273 
-0.631452 -0.241954 0.376697 
0.38475 -0.488698 0.445773 
-0.634366 -0.244025 0.375463 
0.383787 -0.489605 0.444342 
-0.634887 -0.244731 0.374871 
0.383407 -0.485222 0.44111 
-0.635129 -0.245028 0.374091 
0.384152 -0.490726 0.445403 
-0.633355 -0.243919 0.374409 
0.38413 -0.490842 0.443395 
-0.630196 -0.243141 0.376008 
0.383793 -0.488906 0.441019 
-0.625751 -0.241527 0.377256 
0.38508 -0.49342 0.443597 
-0.621946 -0.240174 0.377982 
0.384795 -0.490961 0.440481 
-0.619431 -0.239084 0.379016 
0.385043 -0.491509 0.439961 
-0.618375 -0.238811 0.379385 
0.385851 -0.49505 0.4426 
-0.61622 -0.237589 0.380102 
0.385251 -0.493294 0.439904 
-0.614793 -0.23688 0.380442 
0.385206 -0.493795 0.439651 
-0.613274 -0.236351 0.380983 
0.385727 -0.497632 0.443287 
-0.610334 -0.235113 0.381726 
0.385859 -0.498558 0.445425 
-0.607828 -0.234019 0.382291 
0.386455 -0.500461 0.447286 
-0.604634 -0.232128 0.382973 
0.386357 -0.501815 0.445893 
-0.602541 -0.231378 0.383398 
0.38632 -0.501331 0.442246 
-0.600641 -0.230527 0.383466 
0.38564 -0.503085 0.441244 
-0.600151 -0.229892 0.382919 
0.3852 -0.502406 0.444167 
-0.600749 -0.229685 0.382242 
0.384751 -0.503257 0.445843 
-0.45805 -0.16486 0.48415 
0.385022 -0.502987 0.444698 
-0.45805 -0.16486 0.48415 
0.385022 -0.502987 0.444698 
-0.472306 -0.171326 0.47401 
0.437126 -0.513775 0.463608 
-0.472303 -0.17132 0.47401 
0.421437 -0.511774 0.462838 
-0.472303 -0.171319 0.47401 
0.424024 -0.512126 0.462301 
-0.472302 -0.171318 0.47401 
0.424181 -0.51292 0.461718 
-0.472302 -0.171318 0.47401 
0.432887 -0.513517 0.463934 
-0.472302 -0.171317 0.47401 
0.432887 -0.513517 0.463934 
-0.472302 -0.171317 0.47401 
0.432887 -0.513517 0.463934 
-0.472302 -0.171317 0.47401 
0.432887 -0.513517 0.463934 
-0.599288 -0.230031 0.386328 
0.437166 -0.484094 0.480903 
