-0.587764 -0.193936 0.435602 
0.400795 -0.504304 0.485867 
-0.587765 -0.193936 0.435602 
0.400795 -0.504304 0.485867 
-0.587765 -0.193936 0.435602 
0.400795 -0.504304 0.485867 
-0.588864 -0.191706 0.434634 
0.400795 -0.504304 0.485867 
-0.589261 -0.190143 0.434512 
0.400795 -0.504304 0.485867 
-0.590548 -0.189072 0.43369 
0.400795 -0.504304 0.485867 
-0.591719 -0.187856 0.432848 
0.400795 -0.504304 0.485867 
-0.592632 -0.186968 0.432129 
0.400795 -0.504304 0.485867 
-0.593683 -0.185985 0.431267 
0.400795 -0.504304 0.485867 
-0.594682 -0.184738 0.430609 
0.400795 -0.504304 0.485867 
-0.59566 -0.18356 0.429866 
0.400795 -0.504304 0.485867 
-0.59668 -0.182236 0.429162 
0.400795 -0.504304 0.485867 
-0.597509 -0.181105 0.428106 
0.400795 -0.504304 0.485867 
-0.598279 -0.179925 0.42726 
0.400795 -0.504304 0.485867 
-0.599002 -0.178706 0.426407 
0.400795 -0.504304 0.485867 
-0.599677 -0.177707 0.425594 
0.400795 -0.504304 0.485867 
-0.600343 -0.176518 0.424815 
0.400795 -0.504304 0.485867 
-0.60095 -0.175497 0.423912 
0.400795 -0.504304 0.485867 
-0.601529 -0.174571 0.422851 
0.400795 -0.504304 0.485867 
-0.602131 -0.17343 0.421799 
0.400795 -0.504304 0.485867 
-0.602716 -0.1725 0.420934 
0.400795 -0.504304 0.485867 
-0.603292 -0.17158 0.420098 
0.400795 -0.504304 0.485867 
-0.603903 -0.17059 0.418896 
0.400795 -0.504304 0.485867 
-0.604446 -0.169652 0.418055 
0.400795 -0.504304 0.485867 
-0.605033 -0.168565 0.417736 
0.400795 -0.504304 0.485867 
-0.605548 -0.16795 0.416887 
0.400795 -0.504304 0.485867 
-0.60601 -0.167209 0.416299 
0.400795 -0.504304 0.485867 
-0.606541 -0.166456 0.415544 
0.400795 -0.504304 0.485867 
-0.607741 -0.164867 0.414197 
0.400795 -0.504304 0.485867 
-0.608875 -0.163434 0.41315 
0.400795 -0.504304 0.485867 
-0.610044 -0.161918 0.41183 
0.400795 -0.504304 0.485867 
-0.610887 -0.160804 0.410585 
0.400795 -0.504304 0.485867 
-0.611836 -0.159497 0.40961 
0.400795 -0.504304 0.485867 
-0.61267 -0.158362 0.40886 
0.400795 -0.504304 0.485867 
-0.61319 -0.157642 0.407993 
0.400795 -0.504304 0.485867 
-0.613753 -0.15672 0.407651 
0.400795 -0.504304 0.485867 
-0.61414 -0.156274 0.407023 
0.400795 -0.504304 0.485867 
-0.614403 -0.155862 0.407189 
0.400795 -0.504304 0.485867 
-0.614725 -0.155491 0.407327 
0.400795 -0.504304 0.485867 
-0.614886 -0.155591 0.407221 
0.400795 -0.504304 0.485867 
-0.614865 -0.15592 0.407466 
0.400795 -0.504304 0.485867 
-0.614877 -0.156251 0.407702 
0.400795 -0.504304 0.485867 
-0.614761 -0.15688 0.40835 
0.400795 -0.504304 0.485867 
-0.614603 -0.157671 0.409025 
0.400795 -0.504304 0.485867 
-0.61442 -0.158548 0.409654 
0.400795 -0.504304 0.485867 
-0.614135 -0.159527 0.410769 
0.400795 -0.504304 0.485867 
-0.613693 -0.161035 0.411693 
0.400795 -0.504304 0.485867 
-0.613395 -0.162301 0.41304 
0.400795 -0.504304 0.485867 
-0.612997 -0.163992 0.414172 
0.400795 -0.504304 0.485867 
-0.612498 -0.166031 0.415404 
0.400795 -0.504304 0.485867 
-0.612033 -0.168008 0.416891 
0.400795 -0.504304 0.485867 
-0.611543 -0.170197 0.418667 
0.400795 -0.504304 0.485867 
-0.611004 -0.172755 0.420516 
0.400795 -0.504304 0.485867 
-0.610554 -0.175101 0.422132 
0.400795 -0.504304 0.485867 
-0.61009 -0.177732 0.423185 
0.400795 -0.504304 0.485867 
-0.60956 -0.180522 0.424927 
0.400795 -0.504304 0.485867 
-0.609001 -0.183448 0.426292 
0.400795 -0.504304 0.485867 
-0.608618 -0.186019 0.427562 
0.400795 -0.504304 0.485867 
-0.608193 -0.188855 0.428989 
0.400795 -0.504304 0.485867 
-0.607769 -0.191693 0.430446 
0.400795 -0.504304 0.485867 
-0.607371 -0.194867 0.431734 
0.400795 -0.504304 0.485867 
-0.60714 -0.1977 0.432855 
0.400795 -0.504304 0.485867 
-0.606883 -0.200649 0.433809 
0.400795 -0.504304 0.485867 
-0.606658 -0.203593 0.434651 
0.400795 -0.504304 0.485867 
-0.606551 -0.206513 0.435727 
0.400795 -0.504304 0.485867 
-0.60646 -0.209693 0.436779 
0.400795 -0.504304 0.485867 
-0.606463 -0.212619 0.437642 
0.400795 -0.504304 0.485867 
-0.606472 -0.2157 0.438371 
0.400795 -0.504304 0.485867 
-0.606525 -0.218528 0.43907 
0.400795 -0.504304 0.485867 
-0.60666 -0.221166 0.439429 
0.400795 -0.504304 0.485867 
-0.606803 -0.224195 0.440145 
0.400795 -0.504304 0.485867 
-0.606979 -0.226882 0.440884 
0.400795 -0.504304 0.485867 
-0.607083 -0.229658 0.441247 
0.400795 -0.504304 0.485867 
-0.607328 -0.232499 0.441664 
0.400795 -0.504304 0.485867 
-0.607471 -0.23524 0.441682 
0.400795 -0.504304 0.485867 
-0.60763 -0.237619 0.441726 
0.400795 -0.504304 0.485867 
-0.607881 -0.240364 0.441864 
0.400795 -0.504304 0.485867 
-0.608082 -0.2427 0.441681 
0.400795 -0.504304 0.485867 
-0.608324 -0.244413 0.44141 
0.400795 -0.504304 0.485867 
-0.608632 -0.246634 0.441777 
0.400795 -0.504304 0.485867 
-0.608967 -0.248617 0.441841 
0.400795 -0.504304 0.485867 
-0.609301 -0.250447 0.441751 
0.400795 -0.504304 0.485867 
-0.60966 -0.252783 0.441271 
0.400795 -0.504304 0.485867 
-0.610136 -0.255117 0.441207 
0.400795 -0.504304 0.485867 
-0.610539 -0.257193 0.441013 
0.400795 -0.504304 0.485867 
-0.610901 -0.258843 0.440919 
0.400795 -0.504304 0.485867 
-0.611342 -0.260707 0.440864 
0.400795 -0.504304 0.485867 
-0.611771 -0.262596 0.440757 
0.400795 -0.504304 0.485867 
-0.612089 -0.264195 0.44066 
0.400795 -0.504304 0.485867 
-0.612503 -0.26564 0.440429 
0.400795 -0.504304 0.485867 
-0.61275 -0.266781 0.440281 
0.400795 -0.504304 0.485867 
-0.613106 -0.267839 0.440186 
0.400795 -0.504304 0.485867 
-0.613361 -0.268896 0.440294 
0.400795 -0.504304 0.485867 
-0.613578 -0.269513 0.440167 
0.400795 -0.504304 0.485867 
-0.613723 -0.270202 0.440103 
0.400795 -0.504304 0.485867 
-0.613862 -0.270589 0.440057 
0.400795 -0.504304 0.485867 
-0.614032 -0.271064 0.440057 
0.400795 -0.504304 0.485867 
-0.61419 -0.271676 0.44005 
0.400795 -0.504304 0.485867 
-0.61434 -0.272029 0.440076 
0.400795 -0.504304 0.485867 
-0.614517 -0.27241 0.440174 
0.400795 -0.504304 0.485867 
-0.614586 -0.272638 0.440198 
0.400795 -0.504304 0.485867 
-0.614705 -0.272792 0.440332 
0.400795 -0.504304 0.485867 
-0.614809 -0.272871 0.440308 
0.400795 -0.504304 0.485867 
-0.614794 -0.272697 0.440095 
0.400795 -0.504304 0.485867 
-0.614846 -0.272713 0.440071 
0.400795 -0.504304 0.485867 
-0.61486 -0.272701 0.439961 
0.400795 -0.504304 0.485867 
-0.614926 -0.272757 0.439753 
0.400795 -0.504304 0.485867 
-0.614995 -0.272801 0.4398 
0.400795 -0.504304 0.485867 
-0.615043 -0.272859 0.439734 
0.400795 -0.504304 0.485867 
-0.615051 -0.272948 0.439563 
0.400795 -0.504304 0.485867 
-0.615097 -0.273191 0.439432 
0.400795 -0.504304 0.485867 
-0.615158 -0.273444 0.439227 
0.400795 -0.504304 0.485867 
-0.615277 -0.273807 0.439072 
0.400795 -0.504304 0.485867 
-0.615339 -0.274003 0.438775 
0.400795 -0.504304 0.485867 
-0.615519 -0.27476 0.43857 
0.400795 -0.504304 0.485867 
-0.615795 -0.275387 0.438392 
0.400795 -0.504304 0.485867 
-0.616035 -0.276072 0.438071 
0.400795 -0.504304 0.485867 
-0.61631 -0.276926 0.437763 
0.400795 -0.504304 0.485867 
-0.616645 -0.277875 0.43742 
0.400795 -0.504304 0.485867 
-0.617243 -0.279244 0.437401 
0.400795 -0.504304 0.485867 
-0.617947 -0.280657 0.437293 
0.400795 -0.504304 0.485867 
-0.618831 -0.282653 0.437592 
0.400795 -0.504304 0.485867 
-0.619711 -0.284429 0.437577 
0.400795 -0.504304 0.485867 
-0.620663 -0.286132 0.437608 
0.400795 -0.504304 0.485867 
-0.621509 -0.28768 0.437246 
0.400795 -0.504304 0.485867 
-0.622544 -0.28984 0.437214 
0.400795 -0.504304 0.485867 
-0.623479 -0.291726 0.437029 
0.400795 -0.504304 0.485867 
-0.62448 -0.293414 0.436821 
0.400795 -0.504304 0.485867 
-0.625608 -0.295395 0.436551 
0.400795 -0.504304 0.485867 
-0.626703 -0.297537 0.43599 
0.400795 -0.504304 0.485867 
-0.627777 -0.299481 0.435703 
0.400795 -0.504304 0.485867 
-0.628803 -0.301133 0.435445 
0.400795 -0.504304 0.485867 
-0.629879 -0.302997 0.434928 
0.400795 -0.504304 0.485867 
-0.630803 -0.304544 0.434521 
0.400795 -0.504304 0.485867 
-0.631775 -0.306001 0.434529 
0.400795 -0.504304 0.485867 
-0.632675 -0.307441 0.434495 
0.400795 -0.504304 0.485867 
-0.633578 -0.308793 0.434051 
0.400795 -0.504304 0.485867 
-0.634264 -0.310141 0.433905 
0.400795 -0.504304 0.485867 
-0.634866 -0.311292 0.433502 
0.400795 -0.504304 0.485867 
-0.63534 -0.312333 0.43334 
0.400795 -0.504304 0.485867 
-0.635738 -0.313231 0.433189 
0.400795 -0.504304 0.485867 
-0.636051 -0.314023 0.433175 
0.400795 -0.504304 0.485867 
-0.636273 -0.314589 0.433023 
0.400795 -0.504304 0.485867 
-0.636308 -0.315031 0.432536 
0.400795 -0.504304 0.485867 
-0.636056 -0.315063 0.432172 
0.400795 -0.504304 0.485867 
-0.635612 -0.315036 0.431786 
0.400795 -0.504304 0.485867 
-0.634664 -0.31448 0.43107 
0.400795 -0.504304 0.485867 
-0.633569 -0.313633 0.430264 
0.400795 -0.504304 0.485867 
-0.632762 -0.313202 0.430009 
0.400795 -0.504304 0.485867 
-0.631891 -0.312809 0.429717 
0.400795 -0.504304 0.485867 
-0.630911 -0.312115 0.429766 
0.400795 -0.504304 0.485867 
-0.629702 -0.311024 0.429546 
0.400795 -0.504304 0.485867 
-0.628395 -0.309961 0.429452 
0.400795 -0.504304 0.485867 
-0.627002 -0.308894 0.429099 
0.400795 -0.504304 0.485867 
-0.62553 -0.307708 0.429097 
0.400795 -0.504304 0.485867 
-0.623963 -0.306333 0.428977 
0.400795 -0.504304 0.485867 
-0.622519 -0.30502 0.428757 
0.400795 -0.504304 0.485867 
-0.621051 -0.303596 0.428395 
0.400795 -0.504304 0.485867 
-0.619391 -0.301732 0.428276 
0.400795 -0.504304 0.485867 
-0.617774 -0.300148 0.427877 
0.400795 -0.504304 0.485867 
-0.615764 -0.298485 0.427078 
0.400795 -0.504304 0.485867 
