-0.592689 -0.188787 0.369658 
0.400795 -0.504304 0.485867 
-0.59269 -0.188788 0.369658 
0.400795 -0.504304 0.485867 
-0.59231 -0.188808 0.36936 
0.400795 -0.504304 0.485867 
-0.59261 -0.189004 0.369199 
0.400795 -0.504304 0.485867 
-0.592638 -0.189137 0.369098 
0.400795 -0.504304 0.485867 
-0.592715 -0.189061 0.369043 
0.400795 -0.504304 0.485867 
-0.592612 -0.189469 0.368998 
0.400795 -0.504304 0.485867 
-0.592672 -0.189366 0.368878 
0.400795 -0.504304 0.485867 
-0.592589 -0.189325 0.369191 
0.400795 -0.504304 0.485867 
-0.59282 -0.188959 0.368829 
0.400795 -0.504304 0.485867 
-0.592697 -0.18903 0.368984 
0.400795 -0.504304 0.485867 
-0.592736 -0.189003 0.368917 
0.400795 -0.504304 0.485867 
-0.592689 -0.189075 0.36934 
0.400795 -0.504304 0.485867 
-0.59267 -0.188969 0.369377 
0.400795 -0.504304 0.485867 
-0.592735 -0.188911 0.369343 
0.400795 -0.504304 0.485867 
