-0.612278 -0.228268 0.383471 
0.400795 -0.504304 0.485867 
-0.612279 -0.228269 0.383471 
0.400795 -0.504304 0.485867 
-0.611941 -0.228097 0.382462 
0.400795 -0.504304 0.485867 
-0.612307 -0.22804 0.381673 
0.400795 -0.504304 0.485867 
-0.613017 -0.22835 0.381099 
0.400795 -0.504304 0.485867 
-0.612684 -0.228249 0.380484 
0.400795 -0.504304 0.485867 
-0.611062 -0.227707 0.380285 
0.400795 -0.504304 0.485867 
-0.608028 -0.226037 0.380494 
0.400795 -0.504304 0.485867 
-0.605209 -0.224608 0.380494 
0.400795 -0.504304 0.485867 
-0.603399 -0.22355 0.380244 
0.400795 -0.504304 0.485867 
-0.60181 -0.222733 0.380261 
0.400795 -0.504304 0.485867 
-0.600626 -0.221867 0.380113 
0.400795 -0.504304 0.485867 
-0.599707 -0.221382 0.379885 
0.400795 -0.504304 0.485867 
-0.598845 -0.221009 0.379782 
0.400795 -0.504304 0.485867 
-0.598166 -0.220566 0.379429 
0.400795 -0.504304 0.485867 
-0.597245 -0.220086 0.379091 
0.400795 -0.504304 0.485867 
-0.595691 -0.219055 0.378854 
0.400795 -0.504304 0.485867 
-0.593699 -0.218349 0.378943 
0.400795 -0.504304 0.485867 
-0.592183 -0.217596 0.37872 
0.400795 -0.504304 0.485867 
-0.591263 -0.217053 0.378558 
0.400795 -0.504304 0.485867 
-0.591057 -0.21694 0.378424 
0.400795 -0.504304 0.485867 
-0.591056 -0.216941 0.378429 
0.400795 -0.504304 0.485867 
-0.591056 -0.21694 0.378432 
0.400795 -0.504304 0.485867 
-0.591057 -0.216938 0.378431 
0.400795 -0.504304 0.485867 
-0.591054 -0.216935 0.378442 
0.400795 -0.504304 0.485867 
-0.591052 -0.216924 0.378437 
0.400795 -0.504304 0.485867 
-0.591055 -0.216925 0.378423 
0.400795 -0.504304 0.485867 
-0.591057 -0.216927 0.378412 
0.400795 -0.504304 0.485867 
-0.591056 -0.216922 0.378401 
0.400795 -0.504304 0.485867 
-0.591054 -0.216919 0.378401 
0.400795 -0.504304 0.485867 
-0.59105 -0.21691 0.378406 
0.400795 -0.504304 0.485867 
-0.591051 -0.216913 0.378402 
0.400795 -0.504304 0.485867 
-0.591054 -0.216921 0.378393 
0.400795 -0.504304 0.485867 
-0.591057 -0.216929 0.378388 
0.400795 -0.504304 0.485867 
-0.591062 -0.216939 0.378367 
0.400795 -0.504304 0.485867 
-0.591061 -0.21694 0.37837 
0.400795 -0.504304 0.485867 
-0.591061 -0.216946 0.378368 
0.400795 -0.504304 0.485867 
-0.591063 -0.216948 0.37836 
0.400795 -0.504304 0.485867 
-0.591067 -0.216957 0.378358 
0.400795 -0.504304 0.485867 
-0.589267 -0.213941 0.377258 
0.400795 -0.504304 0.485867 
-0.587488 -0.210832 0.37599 
0.400795 -0.504304 0.485867 
-0.58573 -0.207782 0.374633 
0.400795 -0.504304 0.485867 
-0.584068 -0.204604 0.373195 
0.400795 -0.504304 0.485867 
-0.582551 -0.201397 0.371645 
0.400795 -0.504304 0.485867 
-0.581019 -0.198134 0.370148 
0.400795 -0.504304 0.485867 
-0.579407 -0.194825 0.368583 
0.400795 -0.504304 0.485867 
-0.577864 -0.191428 0.36696 
0.400795 -0.504304 0.485867 
-0.576287 -0.188098 0.36539 
0.400795 -0.504304 0.485867 
-0.57492 -0.184682 0.363739 
0.400795 -0.504304 0.485867 
-0.574029 -0.180901 0.361889 
0.400795 -0.504304 0.485867 
-0.573405 -0.176974 0.359945 
0.400795 -0.504304 0.485867 
-0.573553 -0.173394 0.358189 
0.400795 -0.504304 0.485867 
-0.575136 -0.17176 0.357148 
0.400795 -0.504304 0.485867 
-0.57706 -0.17017 0.355501 
0.400795 -0.504304 0.485867 
-0.579645 -0.167488 0.354331 
0.400795 -0.504304 0.485867 
-0.581426 -0.16541 0.35389 
0.400795 -0.504304 0.485867 
-0.584175 -0.16244 0.352806 
0.400795 -0.504304 0.485867 
-0.586671 -0.16031 0.351693 
0.400795 -0.504304 0.485867 
-0.589476 -0.157851 0.350782 
0.400795 -0.504304 0.485867 
-0.592313 -0.155575 0.349715 
0.400795 -0.504304 0.485867 
-0.595113 -0.152953 0.348923 
0.400795 -0.504304 0.485867 
-0.597742 -0.150707 0.348166 
0.400795 -0.504304 0.485867 
-0.598442 -0.150102 0.348664 
0.400795 -0.504304 0.485867 
-0.599968 -0.149929 0.347675 
0.400795 -0.504304 0.485867 
-0.600241 -0.150848 0.347931 
0.400795 -0.504304 0.485867 
-0.599199 -0.152257 0.349533 
0.400795 -0.504304 0.485867 
-0.597904 -0.155218 0.350243 
0.400795 -0.504304 0.485867 
-0.595775 -0.158818 0.351783 
0.400795 -0.504304 0.485867 
-0.593481 -0.163827 0.352622 
0.400795 -0.504304 0.485867 
-0.591254 -0.168778 0.353366 
0.400795 -0.504304 0.485867 
-0.588815 -0.173838 0.354585 
0.400795 -0.504304 0.485867 
