-0.597268 -0.255126 0.407261 
0.401871 -0.485381 0.475822 
-0.597268 -0.255126 0.407261 
0.401871 -0.485381 0.475822 
-0.597268 -0.255126 0.407261 
0.402816 -0.48456 0.479696 
-0.597268 -0.255126 0.407261 
0.404336 -0.483357 0.481792 
-0.597268 -0.255126 0.407261 
0.404236 -0.484846 0.480254 
-0.597268 -0.255126 0.407261 
0.405915 -0.487583 0.481056 
-0.597268 -0.255126 0.407261 
0.406154 -0.489063 0.480767 
-0.597268 -0.255126 0.407261 
0.40538 -0.489415 0.478542 
-0.597268 -0.255126 0.407261 
0.405433 -0.490525 0.478905 
-0.597268 -0.255126 0.407261 
0.405343 -0.491441 0.478593 
-0.597268 -0.255126 0.407261 
0.405032 -0.491781 0.477862 
-0.597268 -0.255126 0.407261 
0.4055 -0.493302 0.478707 
-0.597268 -0.255126 0.407261 
0.405202 -0.49321 0.478529 
-0.597268 -0.255126 0.407261 
0.405216 -0.494199 0.478427 
-0.597268 -0.255126 0.407261 
0.40546 -0.495441 0.47904 
-0.597268 -0.255126 0.407261 
0.405347 -0.496785 0.478539 
-0.597268 -0.255126 0.407261 
0.405185 -0.498239 0.477685 
-0.597268 -0.255126 0.407261 
0.404773 -0.498302 0.477614 
-0.597268 -0.255126 0.407261 
0.404464 -0.499166 0.478172 
-0.597268 -0.255126 0.407261 
0.403939 -0.499868 0.477663 
-0.597268 -0.255126 0.407261 
0.403448 -0.500896 0.476689 
-0.597268 -0.255126 0.407261 
0.40364 -0.501502 0.477921 
-0.597268 -0.255126 0.407261 
0.404071 -0.501869 0.478677 
-0.597268 -0.255126 0.407261 
0.4049 -0.501396 0.479512 
-0.597268 -0.255126 0.407261 
0.406336 -0.500975 0.480448 
-0.597268 -0.255126 0.407261 
0.408058 -0.499458 0.480679 
-0.597268 -0.255126 0.407261 
0.411037 -0.498713 0.481892 
-0.597268 -0.255126 0.407261 
0.413816 -0.497475 0.482146 
-0.597268 -0.255126 0.407261 
0.41722 -0.495596 0.483846 
-0.597268 -0.255126 0.407261 
0.420677 -0.494486 0.486072 
-0.597268 -0.255126 0.407261 
0.423341 -0.493222 0.485492 
-0.597268 -0.255126 0.407261 
0.426843 -0.492376 0.487166 
-0.597268 -0.255126 0.407261 
0.429295 -0.49077 0.48642 
-0.597268 -0.255126 0.407261 
0.433307 -0.488986 0.489046 
-0.597268 -0.255126 0.407261 
0.436379 -0.488186 0.489512 
-0.597268 -0.255126 0.407261 
0.438678 -0.487489 0.489165 
-0.597268 -0.255126 0.407261 
0.441018 -0.486571 0.489599 
-0.597268 -0.255126 0.407261 
0.442774 -0.486374 0.490183 
-0.597268 -0.255126 0.407261 
0.443801 -0.486474 0.49025 
-0.597268 -0.255126 0.407261 
0.443882 -0.486701 0.490151 
-0.597268 -0.255126 0.407261 
0.443571 -0.486111 0.48964 
-0.597268 -0.255126 0.407261 
0.443691 -0.487059 0.491084 
-0.597268 -0.255126 0.407261 
0.443691 -0.487059 0.491084 
-0.597268 -0.255126 0.407261 
0.443811 -0.487346 0.490318 
-0.597268 -0.255126 0.407261 
0.444179 -0.487616 0.490898 
-0.597268 -0.255126 0.407261 
0.443906 -0.486956 0.490456 
-0.597268 -0.255126 0.407261 
0.4439 -0.486932 0.490545 
-0.597268 -0.255126 0.407261 
0.443704 -0.487148 0.490067 
-0.597268 -0.255126 0.407261 
0.443605 -0.4865 0.490095 
-0.597268 -0.255126 0.407261 
0.443726 -0.486826 0.490512 
-0.597268 -0.255126 0.407261 
0.443073 -0.486212 0.489283 
-0.597268 -0.255126 0.407261 
0.443891 -0.486995 0.490517 
-0.597268 -0.255126 0.407261 
0.443408 -0.486841 0.489938 
-0.597268 -0.255126 0.407261 
0.441244 -0.48051 0.488372 
-0.597268 -0.255126 0.407261 
0.441077 -0.479129 0.49014 
-0.597268 -0.255126 0.407261 
0.440645 -0.479935 0.491367 
-0.597268 -0.255126 0.407261 
0.4402 -0.480199 0.493324 
-0.597268 -0.255126 0.407261 
0.438362 -0.480833 0.492576 
-0.597268 -0.255126 0.407261 
0.437391 -0.482714 0.493416 
-0.597268 -0.255126 0.407261 
0.43633 -0.484145 0.494043 
-0.597268 -0.255126 0.407261 
0.434917 -0.484754 0.494434 
-0.597268 -0.255126 0.407261 
0.433927 -0.485648 0.495775 
-0.597268 -0.255126 0.407261 
0.432478 -0.487559 0.49577 
-0.597268 -0.255126 0.407261 
0.431014 -0.48767 0.496653 
-0.597268 -0.255126 0.407261 
0.429585 -0.488794 0.497187 
-0.597268 -0.255126 0.407261 
0.428469 -0.490849 0.497852 
-0.597268 -0.255126 0.407261 
0.427457 -0.49124 0.499034 
-0.597268 -0.255126 0.407261 
0.426559 -0.492308 0.498944 
-0.597268 -0.255126 0.407261 
0.425127 -0.491587 0.49818 
-0.597268 -0.255126 0.407261 
0.423966 -0.491639 0.497243 
-0.597268 -0.255126 0.407261 
0.423663 -0.492104 0.497611 
-0.597268 -0.255126 0.407261 
0.422748 -0.491943 0.497149 
-0.597268 -0.255126 0.407261 
0.421841 -0.492112 0.496422 
-0.597268 -0.255126 0.407261 
0.420957 -0.492145 0.495885 
-0.597268 -0.255126 0.407261 
0.421282 -0.491949 0.496892 
-0.597268 -0.255126 0.407261 
0.420642 -0.492504 0.496075 
-0.597268 -0.255126 0.407261 
0.41973 -0.492271 0.495211 
-0.597268 -0.255126 0.407261 
0.419643 -0.492184 0.495592 
-0.597268 -0.255126 0.407261 
0.41836 -0.491903 0.494164 
-0.597268 -0.255126 0.407261 
0.418303 -0.491707 0.494593 
-0.597268 -0.255126 0.407261 
0.417875 -0.491556 0.494106 
-0.597268 -0.255126 0.407261 
0.417616 -0.491866 0.493381 
-0.597268 -0.255126 0.407261 
0.416532 -0.49144 0.491527 
-0.597268 -0.255126 0.407261 
0.416875 -0.491824 0.491948 
-0.597268 -0.255126 0.407261 
0.417208 -0.491881 0.49257 
