-0.635663 -0.242954 0.38435 
0.400795 -0.504304 0.485867 
-0.626583 -0.243374 0.379162 
0.400795 -0.504304 0.485867 
-0.632979 -0.24342 0.383351 
0.400795 -0.504304 0.485867 
-0.634793 -0.24411 0.384572 
0.400795 -0.504304 0.485867 
-0.635746 -0.245048 0.384727 
0.400795 -0.504304 0.485867 
-0.635574 -0.244904 0.384995 
0.400795 -0.504304 0.485867 
-0.633877 -0.244025 0.385883 
0.400795 -0.504304 0.485867 
-0.631026 -0.242893 0.387643 
0.400795 -0.504304 0.485867 
-0.62724 -0.241493 0.389262 
0.400795 -0.504304 0.485867 
-0.624113 -0.240195 0.390779 
0.400795 -0.504304 0.485867 
-0.62145 -0.238968 0.391453 
0.400795 -0.504304 0.485867 
-0.619539 -0.23782 0.392391 
0.400795 -0.504304 0.485867 
-0.618117 -0.237461 0.392912 
0.400795 -0.504304 0.485867 
-0.616754 -0.236935 0.39359 
0.400795 -0.504304 0.485867 
-0.614797 -0.236064 0.394427 
0.400795 -0.504304 0.485867 
-0.612313 -0.234963 0.395019 
0.400795 -0.504304 0.485867 
-0.609641 -0.234061 0.395812 
0.400795 -0.504304 0.485867 
-0.606998 -0.232586 0.396994 
0.400795 -0.504304 0.485867 
-0.604704 -0.231781 0.397771 
0.400795 -0.504304 0.485867 
-0.603147 -0.230743 0.39804 
0.400795 -0.504304 0.485867 
-0.602449 -0.230135 0.398051 
0.400795 -0.504304 0.485867 
-0.602531 -0.229988 0.397403 
0.400795 -0.504304 0.485867 
-0.602829 -0.22989 0.396615 
0.400795 -0.504304 0.485867 
-0.60298 -0.22977 0.396079 
0.400795 -0.504304 0.485867 
-0.602847 -0.229904 0.396365 
0.400795 -0.504304 0.485867 
-0.602923 -0.229894 0.396132 
0.400795 -0.504304 0.485867 
-0.602739 -0.230095 0.396837 
0.400795 -0.504304 0.485867 
-0.602799 -0.229919 0.396516 
0.400795 -0.504304 0.485867 
-0.602807 -0.229966 0.396481 
0.400795 -0.504304 0.485867 
-0.602972 -0.229819 0.396127 
0.400795 -0.504304 0.485867 
-0.602916 -0.23004 0.396198 
0.400795 -0.504304 0.485867 
-0.602888 -0.229877 0.396281 
0.400795 -0.504304 0.485867 
-0.602774 -0.230231 0.396675 
0.400795 -0.504304 0.485867 
-0.602781 -0.230172 0.396483 
0.400795 -0.504304 0.485867 
-0.602641 -0.230031 0.396906 
0.400795 -0.504304 0.485867 
-0.602743 -0.229904 0.396699 
0.400795 -0.504304 0.485867 
-0.602723 -0.229844 0.396813 
0.400795 -0.504304 0.485867 
-0.602871 -0.229874 0.396371 
0.400795 -0.504304 0.485867 
-0.602772 -0.229906 0.396653 
0.400795 -0.504304 0.485867 
-0.602764 -0.229834 0.396851 
0.400795 -0.504304 0.485867 
-0.602677 -0.229773 0.396839 
0.400795 -0.504304 0.485867 
-0.602732 -0.229605 0.396785 
0.400795 -0.504304 0.485867 
-0.602728 -0.229858 0.39676 
0.400795 -0.504304 0.485867 
-0.602854 -0.229705 0.396622 
0.400795 -0.504304 0.485867 
-0.60371 -0.229313 0.395984 
0.400795 -0.504304 0.485867 
-0.604863 -0.22916 0.395291 
0.400795 -0.504304 0.485867 
-0.606473 -0.22921 0.394303 
0.400795 -0.504304 0.485867 
-0.608619 -0.229154 0.393039 
0.400795 -0.504304 0.485867 
-0.610266 -0.22929 0.392417 
0.400795 -0.504304 0.485867 
-0.612075 -0.229449 0.391399 
0.400795 -0.504304 0.485867 
-0.613789 -0.229293 0.390442 
0.400795 -0.504304 0.485867 
-0.615575 -0.229486 0.389356 
0.400795 -0.504304 0.485867 
-0.617241 -0.229875 0.387918 
0.400795 -0.504304 0.485867 
-0.618974 -0.229631 0.386606 
0.400795 -0.504304 0.485867 
-0.620432 -0.229992 0.385419 
0.400795 -0.504304 0.485867 
-0.621979 -0.230006 0.384158 
0.400795 -0.504304 0.485867 
-0.622544 -0.230121 0.382923 
0.400795 -0.504304 0.485867 
-0.621624 -0.229527 0.382438 
0.400795 -0.504304 0.485867 
-0.620294 -0.228729 0.382246 
0.400795 -0.504304 0.485867 
-0.618179 -0.227688 0.382506 
0.400795 -0.504304 0.485867 
-0.616153 -0.226559 0.382704 
0.400795 -0.504304 0.485867 
-0.613773 -0.225006 0.382268 
0.400795 -0.504304 0.485867 
-0.610968 -0.220599 0.380784 
0.400795 -0.504304 0.485867 
-0.608999 -0.214816 0.379023 
0.400795 -0.504304 0.485867 
-0.607841 -0.208868 0.376782 
0.400795 -0.504304 0.485867 
-0.606849 -0.203115 0.374774 
0.400795 -0.504304 0.485867 
-0.605652 -0.19704 0.372726 
0.400795 -0.504304 0.485867 
-0.604545 -0.192058 0.370528 
0.400795 -0.504304 0.485867 
-0.603767 -0.186676 0.368686 
0.400795 -0.504304 0.485867 
-0.603608 -0.182586 0.366377 
0.400795 -0.504304 0.485867 
-0.603476 -0.179348 0.364753 
0.400795 -0.504304 0.485867 
-0.602913 -0.177105 0.363456 
0.400795 -0.504304 0.485867 
-0.602074 -0.175906 0.36178 
0.400795 -0.504304 0.485867 
-0.600953 -0.174798 0.360707 
0.400795 -0.504304 0.485867 
-0.600388 -0.175288 0.360178 
0.400795 -0.504304 0.485867 
-0.599613 -0.178689 0.360987 
0.400795 -0.504304 0.485867 
-0.598189 -0.18309 0.362014 
0.400795 -0.504304 0.485867 
-0.596333 -0.187904 0.363336 
0.400795 -0.504304 0.485867 
-0.594402 -0.192784 0.364936 
0.400795 -0.504304 0.485867 
-0.592837 -0.19741 0.366612 
0.400795 -0.504304 0.485867 
-0.591287 -0.202011 0.368098 
0.400795 -0.504304 0.485867 
-0.589865 -0.20612 0.36964 
0.400795 -0.504304 0.485867 
-0.588897 -0.210047 0.370327 
0.400795 -0.504304 0.485867 
-0.588078 -0.213317 0.371195 
0.400795 -0.504304 0.485867 
-0.587626 -0.216314 0.372174 
0.400795 -0.504304 0.485867 
-0.58715 -0.220372 0.373304 
0.400795 -0.504304 0.485867 
-0.586847 -0.224797 0.373952 
0.400795 -0.504304 0.485867 
-0.586871 -0.229584 0.374498 
0.400795 -0.504304 0.485867 
-0.587073 -0.234559 0.374751 
0.400795 -0.504304 0.485867 
-0.587037 -0.24013 0.375273 
0.400795 -0.504304 0.485867 
-0.586827 -0.244778 0.375445 
0.400795 -0.504304 0.485867 
-0.586706 -0.250555 0.375413 
0.400795 -0.504304 0.485867 
-0.586496 -0.25517 0.375748 
0.400795 -0.504304 0.485867 
-0.586504 -0.259613 0.375871 
0.400795 -0.504304 0.485867 
-0.586705 -0.264431 0.375842 
0.400795 -0.504304 0.485867 
-0.587042 -0.269337 0.375703 
0.400795 -0.504304 0.485867 
-0.58735 -0.273351 0.375611 
0.400795 -0.504304 0.485867 
-0.58759 -0.276167 0.374876 
0.400795 -0.504304 0.485867 
-0.587658 -0.278121 0.374318 
0.400795 -0.504304 0.485867 
-0.587408 -0.278909 0.373992 
0.400795 -0.504304 0.485867 
-0.587012 -0.279381 0.373731 
0.400795 -0.504304 0.485867 
-0.586403 -0.279244 0.373638 
0.400795 -0.504304 0.485867 
-0.586032 -0.278738 0.373145 
0.400795 -0.504304 0.485867 
-0.586236 -0.278449 0.372597 
0.400795 -0.504304 0.485867 
-0.585233 -0.279347 0.375049 
0.400795 -0.504304 0.485867 
-0.58523 -0.279355 0.375078 
0.400795 -0.504304 0.485867 
-0.585224 -0.27936 0.375113 
0.400795 -0.504304 0.485867 
-0.586423 -0.278367 0.377063 
0.400795 -0.504304 0.485867 
-0.588185 -0.275948 0.37932 
0.400795 -0.504304 0.485867 
-0.590956 -0.272273 0.379184 
0.400795 -0.504304 0.485867 
