-0.617736 -0.256548 0.438155 
0.400795 -0.504304 0.485867 
-0.617736 -0.256548 0.438155 
0.400795 -0.504304 0.485867 
-0.617736 -0.256548 0.438155 
0.400795 -0.504304 0.485867 
-0.617847 -0.256656 0.438489 
0.400795 -0.504304 0.485867 
-0.617855 -0.256681 0.438486 
0.400795 -0.504304 0.485867 
-0.617842 -0.256655 0.438482 
0.400795 -0.504304 0.485867 
-0.617818 -0.256618 0.438442 
0.400795 -0.504304 0.485867 
-0.61782 -0.256613 0.438446 
0.400795 -0.504304 0.485867 
-0.617822 -0.256607 0.438456 
0.400795 -0.504304 0.485867 
-0.617834 -0.256628 0.438493 
0.400795 -0.504304 0.485867 
-0.617834 -0.256631 0.438495 
0.400795 -0.504304 0.485867 
-0.61788 -0.256637 0.43851 
0.400795 -0.504304 0.485867 
-0.618102 -0.256654 0.438551 
0.400795 -0.504304 0.485867 
-0.618445 -0.256645 0.438586 
0.400795 -0.504304 0.485867 
-0.618883 -0.256634 0.438622 
0.400795 -0.504304 0.485867 
-0.61941 -0.256611 0.438673 
0.400795 -0.504304 0.485867 
-0.619998 -0.256599 0.438705 
0.400795 -0.504304 0.485867 
-0.620648 -0.25657 0.438759 
0.400795 -0.504304 0.485867 
-0.621339 -0.256541 0.438794 
0.400795 -0.504304 0.485867 
-0.622079 -0.256525 0.438856 
0.400795 -0.504304 0.485867 
-0.62284 -0.256499 0.4389 
0.400795 -0.504304 0.485867 
-0.623629 -0.256465 0.438959 
0.400795 -0.504304 0.485867 
-0.624437 -0.256428 0.439016 
0.400795 -0.504304 0.485867 
-0.62527 -0.256403 0.439079 
0.400795 -0.504304 0.485867 
-0.626117 -0.256374 0.439144 
0.400795 -0.504304 0.485867 
-0.626957 -0.256338 0.439209 
0.400795 -0.504304 0.485867 
-0.62774 -0.256303 0.439264 
0.400795 -0.504304 0.485867 
-0.628535 -0.256279 0.439328 
0.400795 -0.504304 0.485867 
-0.629803 -0.256239 0.439433 
0.400795 -0.504304 0.485867 
-0.631147 -0.256194 0.439531 
0.400795 -0.504304 0.485867 
-0.63257 -0.256142 0.439633 
0.400795 -0.504304 0.485867 
-0.634077 -0.256097 0.439755 
0.400795 -0.504304 0.485867 
-0.635664 -0.256047 0.439861 
0.400795 -0.504304 0.485867 
-0.637328 -0.255998 0.439985 
0.400795 -0.504304 0.485867 
-0.639068 -0.255942 0.440107 
0.400795 -0.504304 0.485867 
-0.640889 -0.255877 0.440235 
0.400795 -0.504304 0.485867 
-0.642796 -0.255826 0.440372 
0.400795 -0.504304 0.485867 
-0.644725 -0.255757 0.440496 
0.400795 -0.504304 0.485867 
-0.646659 -0.255689 0.440615 
0.400795 -0.504304 0.485867 
-0.648579 -0.255628 0.440745 
0.400795 -0.504304 0.485867 
-0.65042 -0.255562 0.440857 
0.400795 -0.504304 0.485867 
-0.652183 -0.255509 0.440973 
0.400795 -0.504304 0.485867 
-0.653858 -0.255449 0.441079 
0.400795 -0.504304 0.485867 
-0.655462 -0.255395 0.441186 
0.400795 -0.504304 0.485867 
-0.656981 -0.255339 0.441287 
0.400795 -0.504304 0.485867 
-0.658419 -0.255287 0.441379 
0.400795 -0.504304 0.485867 
-0.659781 -0.255245 0.441467 
0.400795 -0.504304 0.485867 
-0.661065 -0.255207 0.441547 
0.400795 -0.504304 0.485867 
-0.662264 -0.255168 0.441619 
0.400795 -0.504304 0.485867 
-0.671062 -0.252479 0.442098 
0.400795 -0.504304 0.485867 
-0.688027 -0.247237 0.443414 
0.400795 -0.504304 0.485867 
-0.705318 -0.242011 0.444591 
0.400795 -0.504304 0.485867 
-0.722933 -0.236819 0.445624 
0.400795 -0.504304 0.485867 
-0.740865 -0.231683 0.446506 
0.400795 -0.504304 0.485867 
-0.759107 -0.226623 0.447234 
0.400795 -0.504304 0.485867 
-0.777653 -0.22166 0.447804 
0.400795 -0.504304 0.485867 
-0.796493 -0.216814 0.448213 
0.400795 -0.504304 0.485867 
-0.815617 -0.212104 0.448459 
0.400795 -0.504304 0.485867 
-0.835015 -0.207548 0.448541 
0.400795 -0.504304 0.485867 
-0.854675 -0.203167 0.448459 
0.400795 -0.504304 0.485867 
-0.874584 -0.198977 0.448214 
0.400795 -0.504304 0.485867 
-0.894728 -0.194997 0.447806 
0.400795 -0.504304 0.485867 
-0.915094 -0.191241 0.447239 
0.400795 -0.504304 0.485867 
-0.935666 -0.187726 0.446515 
0.400795 -0.504304 0.485867 
-0.956427 -0.184467 0.445638 
0.400795 -0.504304 0.485867 
-0.977363 -0.181477 0.444612 
0.400795 -0.504304 0.485867 
-0.998455 -0.178769 0.443444 
0.400795 -0.504304 0.485867 
-1.01969 -0.176354 0.44214 
0.400795 -0.504304 0.485867 
-1.04104 -0.174244 0.440705 
0.400795 -0.504304 0.485867 
-1.06249 -0.172447 0.439149 
0.400795 -0.504304 0.485867 
-1.08403 -0.170971 0.437479 
0.400795 -0.504304 0.485867 
-1.10564 -0.169825 0.435704 
0.400795 -0.504304 0.485867 
-1.12729 -0.169013 0.433833 
0.400795 -0.504304 0.485867 
-1.14897 -0.16854 0.431877 
0.400795 -0.504304 0.485867 
-1.17066 -0.168409 0.429846 
0.400795 -0.504304 0.485867 
-1.19233 -0.168621 0.427751 
0.400795 -0.504304 0.485867 
-1.21398 -0.169179 0.425604 
0.400795 -0.504304 0.485867 
-1.23558 -0.170079 0.423415 
0.400795 -0.504304 0.485867 
-1.25712 -0.171321 0.421197 
0.400795 -0.504304 0.485867 
-1.27856 -0.172902 0.418963 
0.400795 -0.504304 0.485867 
-1.29991 -0.174815 0.416724 
0.400795 -0.504304 0.485867 
-1.32114 -0.177056 0.414493 
0.400795 -0.504304 0.485867 
-1.34223 -0.179616 0.412283 
0.400795 -0.504304 0.485867 
-1.36317 -0.182488 0.410106 
0.400795 -0.504304 0.485867 
-1.38395 -0.185662 0.407975 
0.400795 -0.504304 0.485867 
-1.40454 -0.189126 0.405903 
0.400795 -0.504304 0.485867 
-1.42494 -0.192868 0.403902 
0.400795 -0.504304 0.485867 
-1.44513 -0.196876 0.401983 
0.400795 -0.504304 0.485867 
-1.4651 -0.201136 0.40016 
0.400795 -0.504304 0.485867 
-1.48484 -0.205631 0.398443 
0.400795 -0.504304 0.485867 
-1.50434 -0.210347 0.396844 
0.400795 -0.504304 0.485867 
-1.52359 -0.215265 0.395373 
0.400795 -0.504304 0.485867 
-1.54258 -0.220368 0.394041 
0.400795 -0.504304 0.485867 
-1.5613 -0.225638 0.392858 
0.400795 -0.504304 0.485867 
-1.57976 -0.231056 0.391833 
0.400795 -0.504304 0.485867 
-1.59793 -0.236601 0.390974 
0.400795 -0.504304 0.485867 
-1.61583 -0.242254 0.39029 
0.400795 -0.504304 0.485867 
-1.63344 -0.247993 0.389787 
0.400795 -0.504304 0.485867 
-1.65077 -0.253797 0.389473 
0.400795 -0.504304 0.485867 
-0.617736 -0.256548 0.438155 
0.400795 -0.504304 0.485867 
-0.617736 -0.256548 0.438155 
0.400795 -0.504304 0.485867 
-0.785819 -0.26364 0.438922 
0.400795 -0.504304 0.485867 
