-0.635754 -0.242784 0.372247 
0.383587 -0.484083 0.440484 
-0.629127 -0.241316 0.375597 
0.383587 -0.484083 0.440484 
-0.632738 -0.243404 0.37527 
0.38429 -0.488141 0.446563 
-0.635166 -0.244595 0.374477 
0.383759 -0.489363 0.444237 
-0.635497 -0.245647 0.374128 
0.384234 -0.491274 0.447345 
-0.635585 -0.245271 0.373358 
0.384147 -0.491367 0.447306 
-0.633606 -0.243972 0.373858 
0.383404 -0.48815 0.441966 
-0.630389 -0.242826 0.375104 
0.383684 -0.489194 0.441715 
-0.627464 -0.242028 0.375948 
0.385224 -0.493602 0.446755 
-0.62314 -0.240498 0.377187 
0.384743 -0.491265 0.441458 
-0.619823 -0.238968 0.37833 
0.38564 -0.493876 0.445757 
-0.618099 -0.238438 0.378917 
0.386067 -0.495774 0.446902 
-0.616284 -0.237759 0.379406 
0.385918 -0.496594 0.445189 
-0.61509 -0.236741 0.379811 
0.385375 -0.495357 0.442645 
-0.613162 -0.236171 0.380534 
0.385374 -0.496131 0.442561 
-0.610299 -0.235064 0.381175 
0.385401 -0.497131 0.44225 
-0.608626 -0.233918 0.381565 
0.386103 -0.500278 0.445445 
-0.605299 -0.23263 0.382304 
0.385905 -0.499875 0.442434 
-0.601855 -0.231436 0.383111 
0.386008 -0.502 0.443995 
-0.600442 -0.230689 0.38315 
0.385613 -0.503191 0.444642 
-0.600446 -0.230229 0.382283 
0.385031 -0.502044 0.445936 
-0.601482 -0.230178 0.381406 
0.384378 -0.503442 0.447954 
-0.45805 -0.16486 0.48415 
0.384802 -0.502826 0.446655 
-0.45805 -0.16486 0.48415 
0.384802 -0.502826 0.446655 
