-0.626717 -0.237865 0.373112 
0.392317 -0.487937 0.438654 
-0.626717 -0.237865 0.373112 
0.39234 -0.490241 0.443538 
-0.626401 -0.239107 0.374843 
0.393363 -0.493599 0.444143 
-0.62613 -0.239738 0.375382 
0.392943 -0.493945 0.443807 
-0.626194 -0.240521 0.37496 
0.392937 -0.494806 0.44408 
-0.625848 -0.24038 0.374676 
0.392964 -0.495078 0.44441 
-0.623978 -0.239199 0.375261 
0.393327 -0.496014 0.444201 
-0.621009 -0.23804 0.376283 
0.393596 -0.49716 0.443893 
-0.617132 -0.236145 0.377469 
0.394155 -0.497934 0.443796 
-0.613428 -0.234395 0.378661 
0.394648 -0.498634 0.443078 
-0.611076 -0.233234 0.379521 
0.394802 -0.49891 0.442134 
-0.609426 -0.232508 0.37983 
0.395055 -0.499836 0.442036 
-0.607789 -0.231791 0.380199 
0.395025 -0.500411 0.441978 
-0.606453 -0.231101 0.380382 
0.39493 -0.501386 0.441375 
-0.604755 -0.230278 0.380796 
0.394819 -0.502146 0.441206 
-0.601907 -0.229116 0.381516 
0.3948 -0.503298 0.440598 
-0.599305 -0.227696 0.381741 
0.394833 -0.503952 0.440041 
-0.597097 -0.226067 0.381869 
0.394858 -0.504808 0.438969 
-0.593905 -0.225979 0.3838 
0.394926 -0.505856 0.43892 
-0.592196 -0.225242 0.384207 
0.394385 -0.505977 0.439682 
-0.591298 -0.224868 0.384328 
0.393829 -0.506472 0.439326 
-0.5913 -0.22487 0.384322 
0.393172 -0.507276 0.43957 
-0.45805 -0.16486 0.48415 
0.393392 -0.506947 0.439522 
-0.471685 -0.170669 0.473599 
0.382596 -0.49547 0.41155 
-0.471685 -0.170669 0.473599 
0.382067 -0.494892 0.412285 
-0.471685 -0.170669 0.473599 
0.383669 -0.495794 0.413847 
-0.471685 -0.170669 0.473599 
0.385411 -0.495332 0.417897 
-0.471685 -0.170669 0.473599 
0.388419 -0.495366 0.421459 
-0.471685 -0.170669 0.473599 
0.392139 -0.494331 0.425564 
-0.471685 -0.170669 0.473599 
0.396304 -0.494337 0.429427 
-0.471685 -0.170669 0.473599 
0.400562 -0.493973 0.433874 
-0.471685 -0.170669 0.473599 
0.405024 -0.493557 0.43842 
-0.471685 -0.170669 0.473599 
0.409473 -0.493204 0.441189 
-0.471685 -0.170669 0.473599 
0.414479 -0.49331 0.444702 
-0.471685 -0.170669 0.473599 
0.419627 -0.492703 0.449164 
-0.471685 -0.170669 0.473599 
0.424206 -0.490962 0.4512 
-0.471685 -0.170669 0.473599 
0.429168 -0.490628 0.454072 
-0.471685 -0.170669 0.473599 
0.432865 -0.490848 0.455609 
-0.471685 -0.170669 0.473599 
0.435299 -0.490499 0.456677 
-0.471685 -0.170669 0.473599 
0.436236 -0.491087 0.456922 
-0.471685 -0.170669 0.473599 
0.436462 -0.491368 0.455582 
-0.471685 -0.170669 0.473599 
0.436006 -0.492337 0.453799 
-0.471685 -0.170669 0.473599 
0.435407 -0.492858 0.452767 
-0.471685 -0.170669 0.473599 
0.434975 -0.493356 0.453542 
-0.471685 -0.170669 0.473599 
0.434339 -0.49357 0.4532 
-0.471685 -0.170669 0.473599 
0.434182 -0.493435 0.452535 
-0.591838 -0.224573 0.385602 
0.449078 -0.494186 0.47558 
-0.591838 -0.224573 0.385602 
0.446266 -0.488765 0.472515 
-0.591838 -0.224573 0.385599 
0.446469 -0.486415 0.474356 
-0.591838 -0.224565 0.385584 
0.445918 -0.48617 0.473611 
-0.59184 -0.22457 0.385586 
0.445981 -0.486097 0.474773 
-0.591841 -0.224564 0.385563 
0.445759 -0.486165 0.474739 
-0.591843 -0.224561 0.385538 
0.44482 -0.486667 0.473172 
-0.591844 -0.224565 0.385535 
0.444037 -0.487012 0.473557 
-0.591838 -0.22457 0.385567 
0.442413 -0.48667 0.474266 
-0.591816 -0.224543 0.385579 
0.44094 -0.487788 0.474311 
-0.591789 -0.224515 0.385612 
0.43893 -0.48829 0.473738 
-0.591751 -0.224449 0.385591 
0.436226 -0.488811 0.472618 
-0.591725 -0.224422 0.385617 
0.434059 -0.488942 0.47178 
-0.591717 -0.224429 0.385663 
0.431583 -0.489112 0.470296 
-0.591716 -0.224433 0.385668 
0.429656 -0.48985 0.470268 
-0.591714 -0.224452 0.385717 
0.428183 -0.489985 0.471756 
-0.591714 -0.224448 0.385705 
0.42711 -0.490746 0.472602 
-0.59171 -0.224456 0.38574 
0.425299 -0.490965 0.472515 
-0.591706 -0.224464 0.385782 
0.42274 -0.491284 0.471388 
-0.591704 -0.224469 0.385812 
0.420898 -0.491772 0.46988 
-0.591699 -0.224477 0.385855 
0.420041 -0.49186 0.46971 
-0.591705 -0.224489 0.385858 
0.419426 -0.4924 0.469186 
-0.591725 -0.224527 0.38588 
0.419388 -0.493402 0.468318 
-0.591754 -0.224578 0.385885 
0.419874 -0.49358 0.468938 
-0.59179 -0.224647 0.385925 
0.419919 -0.493088 0.469478 
-0.591806 -0.224674 0.385931 
0.420322 -0.493227 0.470536 
-0.591791 -0.224639 0.385935 
0.420557 -0.493779 0.470847 
-0.591761 -0.224583 0.386009 
0.420429 -0.494172 0.470638 
-0.591739 -0.224541 0.386055 
0.419748 -0.494782 0.468865 
-0.591725 -0.224527 0.386108 
0.419602 -0.49527 0.468472 
-0.591872 -0.224704 0.385433 
0.419977 -0.495589 0.469756 
-0.591872 -0.224704 0.385433 
0.420015 -0.495447 0.470117 
-0.592896 -0.224372 0.384849 
0.419706 -0.495766 0.469627 
-0.594404 -0.224159 0.384032 
0.419554 -0.495504 0.469094 
-0.596382 -0.224163 0.383146 
0.41984 -0.495369 0.469776 
-0.598504 -0.224124 0.382187 
0.419919 -0.495464 0.469788 
-0.600634 -0.224068 0.381209 
0.41967 -0.495713 0.469018 
-0.602599 -0.224011 0.380294 
0.420035 -0.495684 0.470109 
-0.604505 -0.224014 0.379221 
0.419909 -0.495416 0.469996 
-0.607947 -0.223582 0.376461 
0.420099 -0.495975 0.469759 
-0.610228 -0.223786 0.374748 
0.4198 -0.496127 0.468944 
-0.61218 -0.223724 0.373435 
0.419937 -0.495863 0.46931 
-0.613729 -0.224072 0.372464 
0.420125 -0.496303 0.469396 
-0.615094 -0.224176 0.371334 
0.420071 -0.496243 0.469681 
-0.614678 -0.224007 0.370708 
0.420143 -0.49637 0.469701 
-0.613163 -0.223483 0.370322 
0.42018 -0.496292 0.469541 
-0.61062 -0.222341 0.370795 
0.420319 -0.495911 0.470215 
-0.608738 -0.221152 0.370689 
0.419943 -0.495925 0.469298 
-0.60648 -0.220019 0.370642 
0.420323 -0.49612 0.470128 
-0.60407 -0.216104 0.369237 
0.42042 -0.496093 0.470426 
-0.602304 -0.210678 0.367193 
0.420678 -0.496266 0.471031 
-0.6015 -0.20463 0.365159 
0.420455 -0.496036 0.470655 
-0.600802 -0.198837 0.363318 
0.419887 -0.496089 0.469402 
-0.600024 -0.193057 0.361491 
0.419946 -0.496131 0.469354 
-0.599101 -0.187477 0.359747 
0.419954 -0.495841 0.469773 
-0.59837 -0.182165 0.357761 
0.419685 -0.495729 0.469366 
-0.598248 -0.177046 0.355549 
0.419821 -0.495519 0.469808 
-0.59815 -0.174519 0.353621 
0.419592 -0.495599 0.46901 
-0.597869 -0.170608 0.35255 
0.419938 -0.495736 0.469734 
-0.59702 -0.170012 0.351389 
0.419839 -0.496052 0.469105 
-0.596372 -0.168955 0.349717 
0.420145 -0.496044 0.47008 
-0.59526 -0.167556 0.348991 
0.419758 -0.495789 0.469144 
-0.594492 -0.170576 0.349531 
0.420326 -0.496358 0.46986 
-0.593472 -0.174693 0.350283 
0.420265 -0.497089 0.469154 
-0.591288 -0.179626 0.351454 
0.421055 -0.497588 0.470349 
-0.588992 -0.184361 0.352775 
0.420491 -0.497862 0.468716 
-0.587081 -0.188939 0.354116 
0.420786 -0.4981 0.469803 
-0.58563 -0.193067 0.354958 
0.420319 -0.498199 0.46903 
-0.583857 -0.197648 0.356155 
0.420422 -0.498571 0.469223 
-0.582323 -0.202117 0.357171 
0.420694 -0.498306 0.47055 
-0.581234 -0.205497 0.357922 
0.420762 -0.498457 0.470438 
-0.580713 -0.20808 0.358011 
0.421116 -0.498717 0.47074 
-0.579926 -0.211911 0.359325 
0.421189 -0.498778 0.470695 
-0.579389 -0.216343 0.359798 
0.421646 -0.498908 0.471531 
-0.579199 -0.22095 0.359883 
0.421604 -0.498915 0.47128 
-0.578215 -0.228188 0.359761 
0.423295 -0.499877 0.472466 
-0.578796 -0.227583 0.359072 
0.42551 -0.506529 0.47229 
-0.57885 -0.232349 0.358959 
0.426538 -0.508297 0.472751 
-0.578117 -0.237929 0.359521 
0.427314 -0.50882 0.473132 
-0.578126 -0.243384 0.358626 
0.427875 -0.508504 0.473394 
-0.577502 -0.248263 0.359236 
0.428873 -0.508319 0.473955 
-0.577918 -0.252642 0.358007 
0.429056 -0.507666 0.47334 
-0.578061 -0.257402 0.357675 
0.429535 -0.507669 0.473095 
-0.578398 -0.261865 0.356951 
0.430311 -0.507734 0.473439 
-0.578617 -0.265893 0.356438 
0.431264 -0.50799 0.474192 
-0.579016 -0.267954 0.355048 
0.431187 -0.507182 0.474338 
-0.578913 -0.269631 0.354495 
0.431385 -0.507879 0.474933 
-0.576963 -0.272257 0.357412 
0.430518 -0.507865 0.474296 
-0.576196 -0.272598 0.357717 
0.430293 -0.507767 0.475052 
-0.575309 -0.272636 0.358092 
0.429744 -0.508186 0.474977 
-0.574866 -0.272549 0.358118 
0.428862 -0.508263 0.475276 
-0.574895 -0.272484 0.358058 
0.425675 -0.50863 0.476029 
-0.574889 -0.272497 0.358096 
0.420478 -0.509999 0.474035 
-0.574883 -0.272505 0.358124 
0.416829 -0.511024 0.473225 
-0.574873 -0.272511 0.358159 
0.413097 -0.512206 0.47456 
-0.575916 -0.271618 0.360242 
0.408629 -0.51322 0.474125 
-0.577536 -0.269327 0.362728 
0.4054 -0.514246 0.474991 
-0.579315 -0.266122 0.364918 
0.402113 -0.515022 0.475183 
-0.62462 -0.227583 0.376007 
0.393455 -0.489669 0.443233 
-0.622004 -0.229977 0.376982 
0.394265 -0.489495 0.445658 
-0.623757 -0.228886 0.377531 
0.394189 -0.488175 0.442759 
-0.624679 -0.229175 0.378148 
0.39385 -0.487382 0.44344 
-0.624917 -0.230131 0.378055 
0.393583 -0.487213 0.443522 
-0.624706 -0.229966 0.377565 
0.393659 -0.487669 0.44316 
-0.62284 -0.229226 0.378014 
0.394362 -0.489367 0.443578 
-0.619929 -0.227922 0.379311 
0.394564 -0.490218 0.442641 
-0.615889 -0.225856 0.380491 
0.395042 -0.490692 0.442322 
-0.612667 -0.224431 0.3815 
0.395375 -0.491386 0.441293 
-0.610015 -0.223296 0.382348 
0.395756 -0.491909 0.441464 
-0.608128 -0.222379 0.38298 
0.395721 -0.492869 0.440679 
-0.606819 -0.221781 0.383315 
0.395653 -0.493394 0.439887 
-0.605412 -0.221055 0.383579 
0.395583 -0.494039 0.439441 
-0.603612 -0.219974 0.384115 
0.395673 -0.494779 0.440003 
-0.600865 -0.218805 0.384854 
0.39571 -0.496051 0.440098 
-0.59823 -0.217594 0.385327 
0.395925 -0.497485 0.439729 
-0.596127 -0.216204 0.385274 
0.396055 -0.498615 0.439241 
-0.593621 -0.214846 0.385367 
0.396051 -0.499584 0.439016 
-0.59132 -0.214851 0.387432 
0.395603 -0.499904 0.439431 
-0.590428 -0.214466 0.387565 
0.394824 -0.500124 0.437778 
-0.59043 -0.214469 0.387559 
0.394148 -0.500488 0.439769 
-0.45805 -0.16486 0.48415 
0.394403 -0.500358 0.439284 
-0.484645 -0.174337 0.464019 
0.382495 -0.463381 0.395159 
-0.484645 -0.174337 0.464019 
0.381862 -0.464587 0.398173 
-0.484645 -0.174337 0.464019 
0.381524 -0.463087 0.403388 
-0.484645 -0.174337 0.464019 
0.383773 -0.46215 0.404836 
-0.484645 -0.174337 0.464019 
0.386749 -0.462118 0.408173 
-0.484645 -0.174337 0.464019 
0.39029 -0.460613 0.413442 
-0.484645 -0.174337 0.464019 
0.394086 -0.459993 0.417233 
-0.484645 -0.174337 0.464019 
0.398219 -0.459784 0.420338 
-0.484645 -0.174337 0.464019 
0.402633 -0.459648 0.423588 
-0.484645 -0.174337 0.464019 
0.406768 -0.458991 0.425526 
-0.484645 -0.174337 0.464019 
0.41138 -0.458914 0.43347 
-0.484645 -0.174337 0.464019 
0.4161 -0.458009 0.436113 
-0.484645 -0.174337 0.464019 
0.420942 -0.457421 0.438882 
-0.484645 -0.174337 0.464019 
0.425581 -0.457277 0.442666 
-0.484645 -0.174337 0.464019 
0.429434 -0.456442 0.44418 
-0.484645 -0.174337 0.464019 
0.431464 -0.456032 0.444286 
-0.484645 -0.174337 0.464019 
0.432387 -0.457307 0.44492 
-0.484645 -0.174337 0.464019 
0.432662 -0.458288 0.444966 
-0.484645 -0.174337 0.464019 
0.432636 -0.458915 0.446107 
-0.484645 -0.174337 0.464019 
0.432133 -0.45925 0.444998 
-0.484645 -0.174337 0.464019 
0.431505 -0.459727 0.444758 
-0.484645 -0.174337 0.464019 
0.430728 -0.459899 0.444073 
-0.484645 -0.174337 0.464019 
0.430692 -0.459859 0.444233 
-0.590641 -0.213248 0.387173 
0.451171 -0.484868 0.479951 
-0.590641 -0.213248 0.387173 
0.448647 -0.479691 0.476018 
-0.590641 -0.213247 0.38717 
0.447528 -0.478282 0.474163 
-0.590641 -0.21324 0.387155 
0.447234 -0.4782 0.474116 
-0.590642 -0.213245 0.387157 
0.446382 -0.478031 0.472773 
-0.590643 -0.213239 0.387134 
0.446026 -0.478509 0.472504 
-0.590645 -0.213236 0.387109 
0.445591 -0.478529 0.472601 
-0.590646 -0.21324 0.387106 
0.445055 -0.479052 0.473472 
-0.59064 -0.213245 0.387138 
0.444228 -0.479072 0.47543 
-0.590618 -0.213217 0.38715 
0.442363 -0.479354 0.474864 
-0.590592 -0.213189 0.387183 
0.439711 -0.479635 0.473977 
-0.590555 -0.213123 0.387162 
0.437592 -0.48058 0.472795 
-0.59053 -0.213095 0.387187 
0.435603 -0.480782 0.472279 
-0.590522 -0.213101 0.387234 
0.433129 -0.481503 0.471748 
-0.590521 -0.213104 0.387238 
0.430824 -0.481924 0.471279 
-0.590519 -0.213123 0.387287 
0.429188 -0.481936 0.471592 
-0.590519 -0.213119 0.387276 
0.427628 -0.482458 0.472562 
-0.590515 -0.213126 0.387311 
0.425615 -0.482848 0.471368 
-0.590512 -0.213134 0.387353 
0.424039 -0.483455 0.470952 
-0.590509 -0.213139 0.387383 
0.42215 -0.484239 0.470224 
-0.590504 -0.213146 0.387425 
0.421201 -0.484079 0.46975 
-0.59051 -0.213158 0.387429 
0.42124 -0.484931 0.470489 
-0.590529 -0.213196 0.387451 
0.421022 -0.485478 0.469835 
-0.590558 -0.213248 0.387457 
0.421563 -0.486084 0.470407 
-0.590593 -0.213317 0.387498 
0.421361 -0.486086 0.469943 
-0.590608 -0.213344 0.387504 
0.421566 -0.486552 0.469917 
-0.590594 -0.213308 0.387508 
0.421298 -0.486409 0.469237 
-0.590565 -0.213251 0.387581 
0.421228 -0.486822 0.469578 
-0.590544 -0.213208 0.387627 
0.421316 -0.487189 0.469906 
-0.590531 -0.213193 0.387679 
0.421388 -0.487799 0.470093 
-0.590728 -0.213018 0.386466 
0.42152 -0.489099 0.469465 
-0.590728 -0.213018 0.386466 
0.42138 -0.489167 0.469274 
-0.591756 -0.212709 0.385876 
0.421308 -0.488833 0.469216 
-0.593263 -0.21253 0.38505 
0.421316 -0.488897 0.469223 
-0.595236 -0.212578 0.384154 
0.421231 -0.488468 0.46931 
-0.597354 -0.212585 0.383185 
0.421329 -0.488753 0.469425 
-0.59948 -0.212576 0.382196 
0.42142 -0.488611 0.469687 
-0.601441 -0.212562 0.381272 
0.421232 -0.488359 0.46933 
-0.603342 -0.212609 0.38019 
0.421297 -0.488457 0.469485 
-0.601969 -0.212583 0.384321 
0.421611 -0.488852 0.46976 
-0.607059 -0.212544 0.377938 
0.421492 -0.488858 0.469327 
-0.609972 -0.212969 0.375128 
0.421481 -0.489192 0.468958 
-0.611891 -0.213328 0.374027 
0.421718 -0.489 0.469845 
-0.613272 -0.213503 0.372838 
0.421526 -0.489043 0.469147 
-0.612811 -0.213061 0.372171 
0.421496 -0.489282 0.468989 
-0.61129 -0.212258 0.37186 
0.421255 -0.488926 0.468651 
-0.608876 -0.211046 0.372216 
0.42135 -0.488941 0.468786 
-0.606883 -0.210001 0.372219 
0.421302 -0.489105 0.468552 
-0.604844 -0.208777 0.372167 
0.42114 -0.489098 0.468212 
-0.602469 -0.204978 0.370622 
0.42148 -0.489241 0.468882 
-0.600683 -0.199553 0.368399 
0.421549 -0.488885 0.469625 
-0.60006 -0.193572 0.366203 
0.421847 -0.488858 0.470445 
-0.599735 -0.187869 0.364201 
0.421358 -0.489218 0.468846 
-0.599322 -0.181532 0.361895 
0.421427 -0.488641 0.469657 
-0.598619 -0.175976 0.360125 
0.421306 -0.488832 0.469274 
-0.597956 -0.171446 0.357806 
0.421407 -0.489052 0.469521 
-0.598139 -0.166027 0.355612 
0.421234 -0.489087 0.469051 
-0.597766 -0.162774 0.354392 
0.421282 -0.489248 0.468915 
-0.597944 -0.160059 0.352827 
0.421219 -0.489081 0.468876 
-0.597089 -0.158872 0.351295 
0.421071 -0.489034 0.468468 
-0.595964 -0.157064 0.350597 
0.421043 -0.489013 0.468424 
-0.594825 -0.156938 0.349129 
0.421203 -0.489452 0.468468 
-0.593986 -0.159671 0.349886 
0.421543 -0.489254 0.46911 
-0.592636 -0.163661 0.351106 
0.421925 -0.489719 0.469502 
-0.590721 -0.168453 0.352057 
0.42213 -0.490771 0.468839 
-0.588498 -0.173123 0.353232 
0.422099 -0.490989 0.46841 
-0.586385 -0.177902 0.354549 
0.421969 -0.491037 0.468764 
-0.58441 -0.182429 0.355934 
0.42215 -0.4914 0.469391 
-0.582679 -0.186699 0.357177 
0.422374 -0.491981 0.469624 
-0.581152 -0.190874 0.358108 
0.422137 -0.492076 0.469301 
-0.580059 -0.194269 0.358833 
0.422176 -0.491925 0.469599 
-0.579319 -0.197121 0.35933 
0.422784 -0.491659 0.471186 
-0.578883 -0.200434 0.360102 
0.423079 -0.492003 0.471295 
-0.578317 -0.2047 0.360507 
0.42343 -0.492043 0.471868 
-0.577806 -0.209476 0.361152 
0.423185 -0.491992 0.470852 
-0.576462 -0.216964 0.361608 
0.424697 -0.492934 0.471427 
-0.57699 -0.216222 0.361107 
0.426742 -0.498915 0.471371 
-0.576937 -0.221369 0.361086 
0.427818 -0.500942 0.471369 
-0.57635 -0.226556 0.361113 
0.428795 -0.502112 0.471891 
-0.576015 -0.2323 0.36081 
0.429168 -0.501446 0.472099 
-0.574952 -0.237358 0.3623 
0.430271 -0.500936 0.473378 
-0.57549 -0.24103 0.36039 
0.430834 -0.500932 0.472932 
-0.575548 -0.246369 0.360074 
0.431414 -0.500767 0.473178 
-0.5756 -0.249822 0.359664 
0.432215 -0.50098 0.473054 
-0.576051 -0.254376 0.358925 
0.432688 -0.50089 0.473435 
-0.576282 -0.257482 0.358293 
0.432726 -0.500495 0.473371 
-0.574611 -0.260119 0.360398 
0.432193 -0.500224 0.472953 
-0.574065 -0.261194 0.36065 
0.431557 -0.500408 0.473114 
-0.573299 -0.261519 0.360974 
0.431736 -0.500994 0.4739 
-0.572418 -0.261537 0.361367 
0.4312 -0.501326 0.474715 
-0.571977 -0.261444 0.361399 
0.4304 -0.501635 0.475278 
-0.572006 -0.26138 0.361338 
0.427022 -0.502178 0.475172 
-0.572 -0.261393 0.361376 
0.422624 -0.503223 0.474007 
-0.571994 -0.2614 0.361405 
0.418787 -0.503852 0.474974 
-0.571986 -0.261406 0.361439 
0.414444 -0.505383 0.473399 
-0.573082 -0.260496 0.363488 
0.410773 -0.506458 0.47347 
-0.574782 -0.258192 0.365907 
0.407764 -0.507567 0.474547 
-0.576649 -0.254981 0.368012 
0.404221 -0.508157 0.473986 
-0.622379 -0.219523 0.378503 
0.394309 -0.480713 0.439948 
-0.620272 -0.22106 0.379463 
0.394991 -0.480443 0.441467 
-0.622038 -0.220477 0.38017 
0.394959 -0.478977 0.439284 
-0.622939 -0.22067 0.380424 
0.394589 -0.478699 0.438455 
-0.623108 -0.221728 0.380006 
0.394411 -0.478468 0.439037 
-0.622842 -0.221853 0.379604 
0.394265 -0.478515 0.439049 
-0.621009 -0.220871 0.380173 
0.394742 -0.479958 0.439151 
-0.617706 -0.219211 0.381603 
0.39517 -0.481403 0.438998 
-0.613861 -0.217223 0.382872 
0.395512 -0.481519 0.437931 
-0.610644 -0.215949 0.384144 
0.396015 -0.482209 0.437492 
-0.60812 -0.214982 0.385133 
0.396536 -0.483426 0.437698 
-0.606228 -0.214166 0.385801 
0.396505 -0.483794 0.437427 
-0.604413 -0.213361 0.386272 
0.396649 -0.484868 0.43786 
-0.602922 -0.21263 0.386669 
0.396616 -0.48529 0.436866 
-0.601487 -0.21181 0.386905 
0.39642 -0.485812 0.436047 
-0.598841 -0.210709 0.387644 
0.396458 -0.486992 0.435755 
-0.596614 -0.20942 0.388083 
0.396554 -0.487724 0.436068 
-0.594272 -0.207813 0.388247 
0.396822 -0.489065 0.435972 
-0.590998 -0.207441 0.390263 
0.396666 -0.489614 0.434422 
-0.589312 -0.206689 0.390734 
0.396119 -0.490226 0.434061 
-0.588422 -0.206307 0.390888 
0.395616 -0.490957 0.433356 
-0.588424 -0.20631 0.390882 
0.395181 -0.491715 0.436941 
-0.45805 -0.16486 0.48415 
0.395362 -0.491459 0.436021 
-0.455938 -0.139957 0.473155 
0.405855 -0.463204 0.405511 
-0.455938 -0.139957 0.473155 
0.404714 -0.465314 0.408599 
-0.455938 -0.139957 0.473155 
0.405606 -0.463762 0.409334 
-0.455938 -0.139957 0.473155 
0.407536 -0.463507 0.415727 
-0.455938 -0.139957 0.473155 
0.41069 -0.463556 0.418574 
-0.455938 -0.139957 0.473155 
0.414265 -0.461728 0.422336 
-0.455938 -0.139957 0.473155 
0.418084 -0.46106 0.427012 
-0.455938 -0.139957 0.473155 
0.422302 -0.459548 0.430209 
-0.455938 -0.139957 0.473155 
0.426481 -0.458225 0.434658 
-0.455938 -0.139957 0.473155 
0.430688 -0.458377 0.437989 
-0.455938 -0.139957 0.473155 
0.435401 -0.456884 0.441523 
-0.455938 -0.139957 0.473155 
0.44048 -0.455994 0.446333 
-0.455938 -0.139957 0.473155 
0.445381 -0.455418 0.44923 
-0.455938 -0.139957 0.473155 
0.45007 -0.455187 0.452372 
-0.455938 -0.139957 0.473155 
0.45336 -0.454466 0.452373 
-0.455938 -0.139957 0.473155 
0.45638 -0.454457 0.454467 
-0.455938 -0.139957 0.473155 
0.456546 -0.453342 0.45308 
