-0.597268 -0.255126 0.407261 
0.421105 -0.484453 0.514536 
-0.597268 -0.255126 0.407261 
0.421105 -0.484453 0.514536 
-0.597268 -0.255126 0.407261 
0.420236 -0.484269 0.514209 
-0.597268 -0.255126 0.407261 
0.421692 -0.484905 0.51489 
-0.597268 -0.255126 0.407261 
0.421822 -0.4845 0.514855 
-0.597268 -0.255126 0.407261 
0.422465 -0.484567 0.515018 
-0.597268 -0.255126 0.407261 
0.422394 -0.485174 0.514617 
-0.597268 -0.255126 0.407261 
0.422698 -0.486022 0.514905 
-0.597268 -0.255126 0.407261 
0.421763 -0.486107 0.512975 
-0.597268 -0.255126 0.407261 
0.422313 -0.486964 0.512882 
-0.597268 -0.255126 0.407261 
0.42205 -0.487798 0.511263 
-0.597268 -0.255126 0.407261 
0.423152 -0.488456 0.512866 
-0.597268 -0.255126 0.407261 
0.423408 -0.489019 0.513125 
-0.597268 -0.255126 0.407261 
0.423411 -0.489619 0.513245 
-0.597268 -0.255126 0.407261 
0.42235 -0.489844 0.511507 
-0.597268 -0.255126 0.407261 
0.423301 -0.490396 0.512912 
-0.597268 -0.255126 0.407261 
0.422837 -0.491165 0.511823 
-0.597268 -0.255126 0.407261 
0.422622 -0.491831 0.511703 
-0.597268 -0.255126 0.407261 
0.422813 -0.492128 0.51208 
-0.597268 -0.255126 0.407261 
0.423581 -0.492487 0.513428 
-0.597268 -0.255126 0.407261 
0.422889 -0.493095 0.512273 
-0.597268 -0.255126 0.407261 
0.423054 -0.492752 0.512955 
-0.597268 -0.255126 0.407261 
0.422839 -0.493308 0.512438 
-0.597268 -0.255126 0.407261 
0.423529 -0.494657 0.513595 
-0.597268 -0.255126 0.407261 
0.423188 -0.494419 0.513167 
-0.597268 -0.255126 0.407261 
0.423539 -0.494585 0.513755 
-0.597268 -0.255126 0.407261 
0.422892 -0.494746 0.512529 
-0.597268 -0.255126 0.407261 
0.422775 -0.495486 0.512656 
-0.597268 -0.255126 0.407261 
0.423678 -0.495662 0.514162 
-0.597268 -0.255126 0.407261 
0.423593 -0.496303 0.51398 
-0.597268 -0.255126 0.407261 
0.422767 -0.496918 0.512817 
-0.597268 -0.255126 0.407261 
0.422662 -0.498337 0.512457 
-0.597268 -0.255126 0.407261 
0.421888 -0.498025 0.511454 
-0.597268 -0.255126 0.407261 
0.421979 -0.498772 0.51133 
-0.597268 -0.255126 0.407261 
0.422045 -0.499401 0.511753 
-0.597268 -0.255126 0.407261 
0.422733 -0.499836 0.513305 
-0.597268 -0.255126 0.407261 
0.42246 -0.500313 0.513147 
-0.597268 -0.255126 0.407261 
0.421421 -0.500374 0.511943 
-0.597268 -0.255126 0.407261 
0.421819 -0.500427 0.512998 
-0.597268 -0.255126 0.407261 
0.420847 -0.500607 0.511861 
-0.597268 -0.255126 0.407261 
0.422623 -0.501671 0.514737 
-0.597268 -0.255126 0.407261 
0.421343 -0.500916 0.513244 
-0.597268 -0.255126 0.407261 
0.421085 -0.501811 0.512869 
-0.597268 -0.255126 0.407261 
0.42052 -0.501651 0.512049 
-0.597268 -0.255126 0.407261 
0.420792 -0.501804 0.511936 
-0.597268 -0.255126 0.407261 
0.421268 -0.501882 0.512148 
-0.597268 -0.255126 0.407261 
0.422117 -0.501712 0.512951 
-0.597268 -0.255126 0.407261 
0.423585 -0.501608 0.514475 
-0.597268 -0.255126 0.407261 
0.423797 -0.501338 0.513941 
