-0.63519 -0.243181 0.375307 
0.383419 -0.48419 0.440177 
-0.63519 -0.243181 0.375307 
0.383376 -0.487405 0.442478 
-0.634171 -0.243765 0.377242 
0.384291 -0.488647 0.442372 
-0.634716 -0.245431 0.37748 
0.383722 -0.488562 0.443492 
-0.635151 -0.245723 0.377091 
0.383625 -0.488891 0.444575 
-0.63507 -0.245302 0.376542 
0.383599 -0.489424 0.444176 
-0.633122 -0.244031 0.377062 
0.384125 -0.491129 0.444241 
-0.630016 -0.24304 0.378264 
0.384518 -0.492717 0.444017 
-0.625632 -0.241512 0.379518 
0.384975 -0.493645 0.444151 
-0.62432 -0.240777 0.379915 
0.38563 -0.494792 0.444146 
-0.620737 -0.239347 0.380915 
0.385916 -0.495426 0.443489 
-0.617893 -0.23815 0.381748 
0.385979 -0.495757 0.443046 
-0.616259 -0.237545 0.382551 
0.385704 -0.49627 0.44161 
-0.615457 -0.237189 0.382775 
0.385502 -0.49703 0.440499 
-0.613351 -0.236233 0.383445 
0.385469 -0.497813 0.441057 
-0.610154 -0.235171 0.384262 
0.385559 -0.498894 0.442078 
-0.607812 -0.23411 0.384529 
0.38576 -0.500002 0.442948 
-0.605477 -0.232859 0.385168 
0.385781 -0.501085 0.442742 
-0.60305 -0.23187 0.385578 
0.385579 -0.501271 0.44154 
-0.601245 -0.230962 0.385806 
0.384939 -0.501453 0.44015 
-0.600812 -0.230367 0.385389 
0.384231 -0.501993 0.438558 
-0.601161 -0.23031 0.384612 
0.383818 -0.502659 0.440183 
-0.45805 -0.16486 0.48415 
0.38442 -0.50199 0.439699 
-0.472619 -0.171412 0.473754 
0.377274 -0.502243 0.420938 
-0.472356 -0.171454 0.474222 
0.378958 -0.502306 0.427133 
-0.472363 -0.171452 0.474223 
0.376853 -0.501555 0.425835 
-0.472364 -0.171451 0.474224 
0.380338 -0.500779 0.429378 
-0.472364 -0.171451 0.474224 
0.382668 -0.500719 0.431015 
-0.472364 -0.17145 0.474225 
0.385517 -0.499784 0.433356 
-0.472365 -0.17145 0.474226 
0.38882 -0.499299 0.438487 
-0.472365 -0.17145 0.474226 
0.391817 -0.498792 0.441016 
-0.472365 -0.171449 0.474227 
0.395488 -0.497611 0.443524 
-0.472365 -0.171449 0.474228 
0.398676 -0.497462 0.447276 
-0.472366 -0.171449 0.474229 
0.406979 -0.4951 0.453286 
-0.472366 -0.171449 0.474229 
0.406616 -0.495525 0.452122 
-0.472366 -0.171448 0.47423 
0.411089 -0.49461 0.456476 
-0.472366 -0.171448 0.474231 
0.414222 -0.494126 0.458024 
-0.472366 -0.171448 0.474232 
0.418242 -0.493481 0.459307 
-0.472366 -0.171448 0.474233 
0.419772 -0.492792 0.459946 
-0.472366 -0.171447 0.474236 
0.423695 -0.492212 0.460161 
-0.472366 -0.171447 0.474238 
0.423201 -0.492565 0.460028 
-0.472366 -0.171447 0.474239 
0.423934 -0.492651 0.460557 
-0.472366 -0.171447 0.47424 
0.423848 -0.492992 0.459346 
-0.472365 -0.171446 0.474241 
0.424884 -0.493047 0.460094 
-0.600269 -0.229891 0.384968 
0.432114 -0.490919 0.475582 
