-0.595373 -0.199682 0.340416 
0.400795 -0.504304 0.485867 
-0.595374 -0.199683 0.340416 
0.400795 -0.504304 0.485867 
-0.595241 -0.200053 0.339864 
0.400795 -0.504304 0.485867 
-0.595305 -0.199997 0.340122 
0.400795 -0.504304 0.485867 
-0.595222 -0.200263 0.340605 
0.400795 -0.504304 0.485867 
-0.595316 -0.200283 0.340323 
0.400795 -0.504304 0.485867 
-0.59532 -0.200096 0.34047 
0.400795 -0.504304 0.485867 
-0.595436 -0.200033 0.340272 
0.400795 -0.504304 0.485867 
-0.595305 -0.200051 0.340311 
0.400795 -0.504304 0.485867 
-0.595395 -0.19986 0.340281 
0.400795 -0.504304 0.485867 
-0.595426 -0.199841 0.34027 
0.400795 -0.504304 0.485867 
-0.595374 -0.199938 0.340218 
0.400795 -0.504304 0.485867 
-0.595499 -0.200081 0.340053 
0.400795 -0.504304 0.485867 
-0.595217 -0.200256 0.340871 
0.400795 -0.504304 0.485867 
-0.595275 -0.199939 0.340901 
0.400795 -0.504304 0.485867 
-0.595355 -0.199935 0.340613 
0.400795 -0.504304 0.485867 
-0.595381 -0.199966 0.340461 
0.400795 -0.504304 0.485867 
-0.595333 -0.200095 0.340371 
0.400795 -0.504304 0.485867 
-0.595379 -0.19976 0.340324 
0.400795 -0.504304 0.485867 
-0.595503 -0.199988 0.340105 
0.400795 -0.504304 0.485867 
-0.595467 -0.200194 0.340037 
0.400795 -0.504304 0.485867 
-0.59543 -0.200134 0.340151 
0.400795 -0.504304 0.485867 
-0.595535 -0.199904 0.340346 
0.400795 -0.504304 0.485867 
-0.595488 -0.200067 0.340293 
0.400795 -0.504304 0.485867 
-0.595362 -0.199899 0.340556 
0.400795 -0.504304 0.485867 
-0.595306 -0.200013 0.34036 
0.400795 -0.504304 0.485867 
-0.59532 -0.200033 0.340381 
0.400795 -0.504304 0.485867 
-0.595407 -0.199919 0.340192 
0.400795 -0.504304 0.485867 
-0.595201 -0.200082 0.34037 
0.400795 -0.504304 0.485867 
-0.595152 -0.200394 0.340338 
0.400795 -0.504304 0.485867 
-0.595178 -0.200334 0.340319 
0.400795 -0.504304 0.485867 
-0.595245 -0.200161 0.340503 
0.400795 -0.504304 0.485867 
-0.595391 -0.200104 0.34043 
0.400795 -0.504304 0.485867 
-0.595397 -0.199834 0.340452 
0.400795 -0.504304 0.485867 
-0.595225 -0.20024 0.340691 
0.400795 -0.504304 0.485867 
