-0.640649 -0.251678 0.374002 
0.400795 -0.504304 0.485867 
-0.632341 -0.249945 0.376234 
0.400795 -0.504304 0.485867 
-0.638044 -0.25192 0.375576 
0.400795 -0.504304 0.485867 
-0.639699 -0.253361 0.375514 
0.400795 -0.504304 0.485867 
-0.640431 -0.254073 0.375229 
0.400795 -0.504304 0.485867 
-0.640316 -0.253974 0.37518 
0.400795 -0.504304 0.485867 
-0.638521 -0.253364 0.375765 
0.400795 -0.504304 0.485867 
-0.635416 -0.252205 0.377222 
0.400795 -0.504304 0.485867 
-0.631544 -0.250411 0.378825 
0.400795 -0.504304 0.485867 
-0.628405 -0.248962 0.37961 
0.400795 -0.504304 0.485867 
-0.626012 -0.248131 0.38019 
0.400795 -0.504304 0.485867 
-0.623722 -0.247256 0.380876 
0.400795 -0.504304 0.485867 
-0.622179 -0.246531 0.381384 
0.400795 -0.504304 0.485867 
-0.620863 -0.24605 0.381526 
0.400795 -0.504304 0.485867 
-0.618825 -0.245093 0.382201 
0.400795 -0.504304 0.485867 
-0.616129 -0.243941 0.382958 
0.400795 -0.504304 0.485867 
-0.613361 -0.242787 0.383523 
0.400795 -0.504304 0.485867 
-0.610781 -0.241387 0.384109 
0.400795 -0.504304 0.485867 
-0.608555 -0.240421 0.384459 
0.400795 -0.504304 0.485867 
-0.606756 -0.239356 0.385179 
0.400795 -0.504304 0.485867 
-0.606284 -0.238988 0.384477 
0.400795 -0.504304 0.485867 
-0.606674 -0.238753 0.383612 
0.400795 -0.504304 0.485867 
-0.4054 -0.23257 0.48858 
0.400795 -0.504304 0.485867 
