-0.69421 -0.277825 0.499034 
0.400795 -0.504304 0.485867 
-0.701198 -0.287808 0.46406 
0.400795 -0.504304 0.485867 
-0.701886 -0.287707 0.463836 
0.400795 -0.504304 0.485867 
-0.702168 -0.288926 0.463216 
0.400795 -0.504304 0.485867 
-0.701813 -0.288631 0.463426 
0.400795 -0.504304 0.485867 
-0.487525 -0.177726 0.487403 
0.400795 -0.504304 0.485867 
-0.487525 -0.177726 0.487403 
0.400795 -0.504304 0.485867 
-0.487525 -0.177726 0.487403 
0.400795 -0.504304 0.485867 
-0.487525 -0.177726 0.487403 
0.400795 -0.504304 0.485867 
-0.695976 -0.277219 0.499973 
0.400795 -0.504304 0.485867 
-0.69601 -0.277181 0.500021 
0.400795 -0.504304 0.485867 
-0.695811 -0.276445 0.497176 
0.400795 -0.504304 0.485867 
