-0.597268 -0.255126 0.407261 
0.386796 -0.491575 0.437945 
-0.597268 -0.255126 0.407261 
0.386795 -0.491575 0.437945 
-0.597268 -0.255126 0.407261 
0.386795 -0.491575 0.437945 
-0.597268 -0.255126 0.407261 
0.387491 -0.491074 0.43782 
-0.597268 -0.255126 0.407261 
0.389054 -0.491066 0.439251 
-0.597268 -0.255126 0.407261 
0.389941 -0.491031 0.438232 
-0.597268 -0.255126 0.407261 
0.390579 -0.491147 0.438023 
-0.597268 -0.255126 0.407261 
0.391239 -0.491575 0.438842 
-0.597268 -0.255126 0.407261 
0.39203 -0.491721 0.439776 
-0.597268 -0.255126 0.407261 
0.392913 -0.491727 0.439757 
-0.597268 -0.255126 0.407261 
0.393884 -0.491883 0.439624 
-0.597268 -0.255126 0.407261 
0.395176 -0.492072 0.440184 
-0.597268 -0.255126 0.407261 
0.396542 -0.492214 0.44079 
-0.597268 -0.255126 0.407261 
0.398974 -0.492488 0.441435 
-0.597268 -0.255126 0.407261 
0.401356 -0.492875 0.442062 
-0.597268 -0.255126 0.407261 
0.403667 -0.493217 0.442354 
-0.597268 -0.255126 0.407261 
0.406187 -0.493546 0.443099 
-0.597268 -0.255126 0.407261 
0.408823 -0.493826 0.443274 
-0.597268 -0.255126 0.407261 
0.411495 -0.494066 0.443056 
-0.597268 -0.255126 0.407261 
0.414287 -0.49435 0.442974 
-0.597268 -0.255126 0.407261 
0.417063 -0.49457 0.443324 
-0.597268 -0.255126 0.407261 
0.41979 -0.494667 0.442913 
-0.597268 -0.255126 0.407261 
0.422398 -0.494798 0.442475 
-0.597268 -0.255126 0.407261 
0.424983 -0.494995 0.442281 
-0.597268 -0.255126 0.407261 
0.42755 -0.495267 0.442433 
-0.597268 -0.255126 0.407261 
0.430067 -0.495447 0.442301 
-0.597268 -0.255126 0.407261 
0.432511 -0.495682 0.442053 
-0.597268 -0.255126 0.407261 
0.434937 -0.495993 0.442302 
-0.597268 -0.255126 0.407261 
0.437235 -0.496207 0.442493 
-0.597268 -0.255126 0.407261 
0.439456 -0.496475 0.442484 
-0.597268 -0.255126 0.407261 
0.44149 -0.496785 0.442399 
-0.597268 -0.255126 0.407261 
0.443413 -0.497049 0.442509 
-0.597268 -0.255126 0.407261 
0.445186 -0.497404 0.44339 
-0.597268 -0.255126 0.407261 
0.446609 -0.497694 0.443363 
-0.597268 -0.255126 0.407261 
0.447732 -0.497859 0.442986 
-0.597268 -0.255126 0.407261 
0.448602 -0.498015 0.44294 
-0.597268 -0.255126 0.407261 
0.448599 -0.498014 0.442937 
-0.597268 -0.255126 0.407261 
0.448603 -0.498018 0.442935 
-0.597268 -0.255126 0.407261 
0.448602 -0.498017 0.442936 
-0.597268 -0.255126 0.407261 
0.448598 -0.498011 0.44294 
-0.597268 -0.255126 0.407261 
0.448599 -0.498013 0.44294 
-0.597268 -0.255126 0.407261 
0.448595 -0.498009 0.44294 
-0.597268 -0.255126 0.407261 
0.4486 -0.498011 0.442951 
-0.597268 -0.255126 0.407261 
0.448594 -0.498002 0.442958 
-0.597268 -0.255126 0.407261 
0.448593 -0.498003 0.442955 
-0.597268 -0.255126 0.407261 
0.44859 -0.498 0.442954 
-0.597268 -0.255126 0.407261 
0.448586 -0.497996 0.442955 
-0.597268 -0.255126 0.407261 
0.448583 -0.497991 0.442959 
-0.597268 -0.255126 0.407261 
0.448579 -0.497989 0.442954 
-0.597268 -0.255126 0.407261 
0.448727 -0.498107 0.443075 
-0.597268 -0.255126 0.407261 
0.448727 -0.498107 0.443075 
-0.597268 -0.255126 0.407261 
0.448727 -0.498107 0.443075 
-0.597268 -0.255126 0.407261 
0.448727 -0.498107 0.443075 
-0.597268 -0.255126 0.407261 
0.448727 -0.498107 0.443075 
-0.597268 -0.255126 0.407261 
0.448727 -0.498107 0.443075 
-0.597268 -0.255126 0.407261 
0.448727 -0.498107 0.443075 
-0.597268 -0.255126 0.407261 
0.448727 -0.498107 0.443075 
-0.597268 -0.255126 0.407261 
0.448727 -0.498107 0.443075 
-0.597268 -0.255126 0.407261 
0.448727 -0.498107 0.443075 
-0.597268 -0.255126 0.407261 
0.448727 -0.498107 0.443075 
-0.597268 -0.255126 0.407261 
0.448727 -0.498107 0.443075 
-0.597268 -0.255126 0.407261 
0.448727 -0.498107 0.443075 
-0.597268 -0.255126 0.407261 
0.448727 -0.498107 0.443075 
-0.597268 -0.255126 0.407261 
0.448727 -0.498107 0.443075 
-0.597268 -0.255126 0.407261 
0.448727 -0.498107 0.443075 
-0.597268 -0.255126 0.407261 
0.448727 -0.498107 0.443075 
-0.597268 -0.255126 0.407261 
0.448727 -0.498107 0.443075 
-0.597268 -0.255126 0.407261 
0.448727 -0.498107 0.443075 
-0.597268 -0.255126 0.407261 
0.448727 -0.498107 0.443075 
-0.597268 -0.255126 0.407261 
0.448727 -0.498107 0.443075 
-0.597268 -0.255126 0.407261 
0.448727 -0.498107 0.443075 
-0.597268 -0.255126 0.407261 
0.448727 -0.498107 0.443075 
-0.597268 -0.255126 0.407261 
0.448727 -0.498107 0.443075 
-0.597268 -0.255126 0.407261 
0.448727 -0.498107 0.443075 
-0.597268 -0.255126 0.407261 
0.448727 -0.498107 0.443075 
-0.597268 -0.255126 0.407261 
0.448727 -0.498107 0.443075 
-0.597268 -0.255126 0.407261 
0.448727 -0.498107 0.443075 
-0.597268 -0.255126 0.407261 
0.448727 -0.498107 0.443075 
-0.597268 -0.255126 0.407261 
0.448727 -0.498107 0.443075 
-0.597268 -0.255126 0.407261 
0.448727 -0.498107 0.443075 
-0.597268 -0.255126 0.407261 
0.448727 -0.498107 0.443075 
-0.597268 -0.255126 0.407261 
0.448727 -0.498107 0.443075 
-0.597268 -0.255126 0.407261 
0.448727 -0.498107 0.443075 
-0.597268 -0.255126 0.407261 
0.448727 -0.498107 0.443075 
-0.597268 -0.255126 0.407261 
0.448727 -0.498107 0.443075 
-0.597268 -0.255126 0.407261 
0.448727 -0.498107 0.443075 
-0.597268 -0.255126 0.407261 
0.448727 -0.498107 0.443075 
-0.597268 -0.255126 0.407261 
0.448727 -0.498107 0.443075 
-0.597268 -0.255126 0.407261 
0.448727 -0.498107 0.443075 
-0.597268 -0.255126 0.407261 
0.448727 -0.498107 0.443075 
-0.597268 -0.255126 0.407261 
0.448727 -0.498107 0.443075 
-0.597268 -0.255126 0.407261 
0.448727 -0.498107 0.443075 
-0.597268 -0.255126 0.407261 
0.448727 -0.498107 0.443075 
-0.597268 -0.255126 0.407261 
0.448727 -0.498107 0.443075 
-0.597268 -0.255126 0.407261 
0.448727 -0.498107 0.443075 
-0.597268 -0.255126 0.407261 
0.448727 -0.498107 0.443075 
-0.597268 -0.255126 0.407261 
0.448727 -0.498107 0.443075 
-0.597268 -0.255126 0.407261 
0.448727 -0.498107 0.443075 
-0.597268 -0.255126 0.407261 
0.448727 -0.498107 0.443075 
