-0.63608 -0.246068 0.380596 
0.38011 -0.477565 0.429588 
-0.632791 -0.245345 0.382269 
0.38011 -0.477565 0.429588 
-0.635473 -0.246641 0.382348 
0.380363 -0.477951 0.429545 
-0.636472 -0.247909 0.382339 
0.380022 -0.477803 0.429556 
-0.636165 -0.247817 0.381953 
0.379723 -0.482427 0.43326 
-0.635673 -0.247717 0.381494 
0.379563 -0.484003 0.433914 
-0.634118 -0.247108 0.38199 
0.380136 -0.485643 0.435411 
-0.631226 -0.24616 0.38338 
0.380069 -0.482068 0.430025 
-0.626881 -0.244413 0.384771 
0.381019 -0.486982 0.438063 
-0.623616 -0.243325 0.38616 
0.381024 -0.484237 0.430011 
-0.620959 -0.242338 0.387207 
0.38171 -0.489398 0.433838 
-0.618931 -0.241534 0.387933 
0.381707 -0.489874 0.433501 
-0.617341 -0.240768 0.38855 
0.38176 -0.490807 0.434727 
-0.616211 -0.240396 0.388934 
0.381312 -0.488705 0.430756 
-0.614114 -0.239506 0.389709 
0.381885 -0.493664 0.43549 
-0.61144 -0.238607 0.390563 
0.381383 -0.491348 0.431383 
-0.60885 -0.237535 0.391211 
0.3817 -0.494737 0.431206 
-0.606189 -0.236417 0.392126 
0.38163 -0.496024 0.432497 
-0.603465 -0.235461 0.392989 
0.381913 -0.497882 0.435294 
-0.601655 -0.234529 0.393286 
0.381371 -0.498345 0.435957 
-0.601559 -0.234092 0.392765 
0.380976 -0.497321 0.432524 
-0.601983 -0.233873 0.391775 
0.380328 -0.498079 0.433344 
-0.45805 -0.16486 0.48415 
0.380922 -0.497895 0.433589 
-0.45805 -0.16486 0.48415 
0.380922 -0.497895 0.433589 
-0.472423 -0.171716 0.474984 
0.435462 -0.508411 0.464739 
-0.472424 -0.171716 0.474985 
0.435462 -0.508411 0.464739 
-0.472425 -0.171715 0.474985 
0.435462 -0.508411 0.464739 
-0.472425 -0.171715 0.474986 
0.435462 -0.508411 0.464739 
-0.472425 -0.171715 0.474985 
0.42504 -0.508799 0.460249 
-0.472425 -0.171715 0.474986 
0.434364 -0.508525 0.464413 
-0.472425 -0.171715 0.474986 
0.427024 -0.509654 0.461722 
-0.472426 -0.171715 0.474986 
0.433473 -0.508668 0.464103 
-0.599221 -0.22991 0.385506 
0.439888 -0.484116 0.481557 
