-0.635647 -0.242699 0.372645 
0.383558 -0.484225 0.440189 
-0.633629 -0.243265 0.373504 
0.383818 -0.487971 0.446703 
-0.634941 -0.243794 0.374312 
0.383725 -0.485076 0.440643 
-0.635746 -0.244782 0.374657 
0.384385 -0.490458 0.448488 
-0.63581 -0.245466 0.374088 
0.384073 -0.48983 0.447096 
-0.635223 -0.245077 0.373717 
0.383172 -0.486564 0.442032 
-0.633247 -0.244127 0.37446 
0.384393 -0.492389 0.446366 
-0.629704 -0.242839 0.375852 
0.383736 -0.489349 0.441879 
-0.625582 -0.240859 0.377235 
0.384918 -0.493119 0.446538 
-0.622204 -0.24016 0.378181 
0.385538 -0.494797 0.446211 
-0.619877 -0.239067 0.378708 
0.385071 -0.492562 0.441918 
-0.617978 -0.238328 0.379529 
0.38569 -0.495332 0.44487 
-0.616369 -0.237583 0.379926 
0.385316 -0.494317 0.442144 
-0.61483 -0.236658 0.380192 
0.385957 -0.497581 0.446096 
-0.612789 -0.235559 0.380809 
0.385638 -0.497884 0.444384 
-0.609739 -0.234636 0.381888 
0.386089 -0.499085 0.4469 
-0.607099 -0.233438 0.382503 
0.386071 -0.500263 0.446019 
-0.605055 -0.232458 0.382737 
0.386031 -0.502272 0.444066 
-0.602331 -0.231242 0.382872 
0.386015 -0.502957 0.443335 
-0.600461 -0.230479 0.382949 
0.385415 -0.502239 0.444914 
-0.599986 -0.229764 0.382532 
0.384962 -0.502941 0.444103 
-0.600934 -0.229678 0.381694 
0.38462 -0.503502 0.445322 
-0.45805 -0.16486 0.48415 
0.384788 -0.503221 0.44461 
-0.599651 -0.230642 0.386435 
0.448871 -0.508638 0.489177 
-0.599651 -0.230642 0.386435 
0.448673 -0.51217 0.488004 
-0.599644 -0.230642 0.386476 
0.452253 -0.516625 0.487166 
