-0.63601 -0.243274 0.372651 
0.383086 -0.483057 0.439751 
-0.63601 -0.243274 0.372651 
0.383112 -0.487237 0.44466 
-0.636036 -0.24421 0.373761 
0.38326 -0.483909 0.440085 
-0.636091 -0.245263 0.3746 
0.383449 -0.48819 0.446963 
-0.636092 -0.245938 0.374165 
0.38272 -0.484263 0.440854 
-0.635482 -0.245895 0.373852 
0.38309 -0.488203 0.444588 
-0.633372 -0.244636 0.374475 
0.383012 -0.48616 0.440736 
-0.630455 -0.243681 0.375744 
0.383279 -0.487203 0.44047 
-0.627527 -0.242804 0.376287 
0.383788 -0.487973 0.440026 
-0.624301 -0.241172 0.377486 
0.384691 -0.492117 0.443431 
-0.620486 -0.239762 0.378656 
0.384755 -0.492533 0.445201 
-0.618323 -0.239023 0.379203 
0.384576 -0.490823 0.439874 
-0.616127 -0.238284 0.380073 
0.38461 -0.491389 0.439591 
-0.615324 -0.237504 0.380256 
0.385009 -0.495381 0.443103 
-0.613594 -0.236726 0.380702 
0.385026 -0.495869 0.444122 
-0.610671 -0.236088 0.3815 
0.384608 -0.494853 0.44033 
-0.607515 -0.234788 0.382319 
0.385036 -0.498067 0.443493 
-0.605405 -0.233318 0.382728 
0.385197 -0.499196 0.445433 
-0.60291 -0.232274 0.383008 
0.385301 -0.500222 0.445444 
-0.600818 -0.231163 0.383031 
0.384796 -0.499971 0.44205 
-0.600658 -0.230634 0.382736 
0.384585 -0.501857 0.444888 
-0.601178 -0.230742 0.382155 
0.383819 -0.502143 0.444722 
-0.45805 -0.16486 0.48415 
0.384202 -0.501801 0.444648 
-0.599501 -0.230294 0.384908 
0.44133 -0.48456 0.481191 
