-0.597268 -0.255126 0.407261 
0.386696 -0.491562 0.440961 
-0.597268 -0.255126 0.407261 
0.386696 -0.491562 0.440961 
-0.597268 -0.255126 0.407261 
0.386696 -0.491562 0.440961 
-0.597268 -0.255126 0.407261 
0.386696 -0.491562 0.440961 
-0.597268 -0.255126 0.407261 
0.386696 -0.491562 0.440961 
-0.597268 -0.255126 0.407261 
0.386696 -0.491562 0.440961 
-0.597268 -0.255126 0.407261 
0.386696 -0.491562 0.440961 
-0.597268 -0.255126 0.407261 
0.386696 -0.491562 0.440961 
-0.597268 -0.255126 0.407261 
0.386696 -0.491562 0.440961 
-0.597268 -0.255126 0.407261 
0.386696 -0.491562 0.440961 
-0.597268 -0.255126 0.407261 
0.386696 -0.491562 0.440961 
-0.597268 -0.255126 0.407261 
0.386696 -0.491562 0.440961 
-0.597268 -0.255126 0.407261 
0.386696 -0.491562 0.440961 
-0.597268 -0.255126 0.407261 
0.386696 -0.491562 0.440961 
-0.597268 -0.255126 0.407261 
0.386696 -0.491562 0.440961 
-0.597268 -0.255126 0.407261 
0.386696 -0.491562 0.440961 
-0.597268 -0.255126 0.407261 
0.386696 -0.491562 0.440961 
-0.597268 -0.255126 0.407261 
0.386696 -0.491562 0.440961 
-0.597268 -0.255126 0.407261 
0.386696 -0.491562 0.440961 
-0.597268 -0.255126 0.407261 
0.386696 -0.491562 0.440961 
-0.597268 -0.255126 0.407261 
0.386696 -0.491562 0.440961 
-0.597268 -0.255126 0.407261 
0.386696 -0.491562 0.440961 
-0.597268 -0.255126 0.407261 
0.386696 -0.491562 0.440961 
-0.597268 -0.255126 0.407261 
0.386696 -0.491562 0.440961 
-0.597268 -0.255126 0.407261 
0.386696 -0.491562 0.440961 
-0.597268 -0.255126 0.407261 
0.386696 -0.491562 0.440961 
-0.597268 -0.255126 0.407261 
0.386696 -0.491562 0.440961 
-0.597268 -0.255126 0.407261 
0.386696 -0.491562 0.440961 
-0.597268 -0.255126 0.407261 
0.386696 -0.491562 0.440961 
-0.597268 -0.255126 0.407261 
0.386696 -0.491562 0.440961 
-0.597268 -0.255126 0.407261 
0.386696 -0.491562 0.440961 
-0.597268 -0.255126 0.407261 
0.386696 -0.491562 0.440961 
-0.597268 -0.255126 0.407261 
0.386696 -0.491562 0.440961 
-0.597268 -0.255126 0.407261 
0.386696 -0.491562 0.440961 
-0.597268 -0.255126 0.407261 
0.386696 -0.491562 0.440961 
-0.597268 -0.255126 0.407261 
0.386696 -0.491562 0.440961 
-0.597268 -0.255126 0.407261 
0.386696 -0.491562 0.440961 
-0.597268 -0.255126 0.407261 
0.386696 -0.491562 0.440961 
-0.597268 -0.255126 0.407261 
0.386696 -0.491562 0.440961 
-0.597268 -0.255126 0.407261 
0.386696 -0.491562 0.440961 
-0.597268 -0.255126 0.407261 
0.386696 -0.491562 0.440961 
-0.597268 -0.255126 0.407261 
0.386696 -0.491562 0.440961 
-0.597268 -0.255126 0.407261 
0.386696 -0.491562 0.440961 
-0.597268 -0.255126 0.407261 
0.386696 -0.491562 0.440961 
-0.597268 -0.255126 0.407261 
0.386696 -0.491562 0.440961 
-0.597268 -0.255126 0.407261 
0.386696 -0.491562 0.440961 
-0.597268 -0.255126 0.407261 
0.386696 -0.491562 0.440961 
-0.597268 -0.255126 0.407261 
0.386696 -0.491562 0.440961 
-0.597268 -0.255126 0.407261 
0.386696 -0.491562 0.440961 
-0.597268 -0.255126 0.407261 
0.386696 -0.491562 0.440961 
-0.597268 -0.255126 0.407261 
0.386696 -0.491562 0.440961 
-0.597268 -0.255126 0.407261 
0.386696 -0.491562 0.440961 
-0.597268 -0.255126 0.407261 
0.386696 -0.491562 0.440961 
-0.597268 -0.255126 0.407261 
0.386696 -0.491562 0.440961 
-0.597268 -0.255126 0.407261 
0.386696 -0.491562 0.440961 
-0.597268 -0.255126 0.407261 
0.386696 -0.491562 0.440961 
-0.597268 -0.255126 0.407261 
0.386696 -0.491562 0.440961 
-0.597268 -0.255126 0.407261 
0.386696 -0.491562 0.440961 
-0.597268 -0.255126 0.407261 
0.386696 -0.491562 0.440961 
