-0.597268 -0.255126 0.407261 
0.386677 -0.49134 0.441242 
-0.597268 -0.255126 0.407261 
0.386677 -0.49134 0.441242 
-0.597268 -0.255126 0.407261 
0.386677 -0.49134 0.441242 
-0.597268 -0.255126 0.407261 
0.387364 -0.490832 0.441103 
-0.597268 -0.255126 0.407261 
0.388947 -0.49079 0.44251 
-0.597268 -0.255126 0.407261 
0.389819 -0.490753 0.441479 
-0.597268 -0.255126 0.407261 
0.390455 -0.490862 0.441262 
-0.597268 -0.255126 0.407261 
0.391132 -0.491274 0.442075 
-0.597268 -0.255126 0.407261 
0.391939 -0.491401 0.442999 
-0.597268 -0.255126 0.407261 
0.392821 -0.491396 0.442968 
-0.597268 -0.255126 0.407261 
0.393791 -0.49154 0.442823 
-0.597268 -0.255126 0.407261 
0.395094 -0.491708 0.443365 
-0.597268 -0.255126 0.407261 
0.39647 -0.491826 0.443953 
-0.597268 -0.255126 0.407261 
0.398914 -0.492063 0.444566 
-0.597268 -0.255126 0.407261 
0.40131 -0.492413 0.445162 
-0.597268 -0.255126 0.407261 
0.403629 -0.492722 0.445425 
-0.597268 -0.255126 0.407261 
0.406163 -0.493012 0.446137 
-0.597268 -0.255126 0.407261 
0.408806 -0.493255 0.446277 
-0.597268 -0.255126 0.407261 
0.411477 -0.493462 0.446023 
-0.597268 -0.255126 0.407261 
0.41427 -0.49371 0.445904 
-0.597268 -0.255126 0.407261 
0.417054 -0.493891 0.446217 
-0.597268 -0.255126 0.407261 
0.419776 -0.493956 0.445767 
-0.597268 -0.255126 0.407261 
0.422379 -0.494057 0.445293 
-0.597268 -0.255126 0.407261 
0.424963 -0.494221 0.445065 
-0.597268 -0.255126 0.407261 
0.427536 -0.494458 0.445182 
-0.597268 -0.255126 0.407261 
0.430053 -0.494606 0.445016 
-0.597268 -0.255126 0.407261 
0.432496 -0.494812 0.444736 
-0.597268 -0.255126 0.407261 
0.434929 -0.495089 0.444953 
-0.597268 -0.255126 0.407261 
0.437232 -0.495271 0.445113 
-0.597268 -0.255126 0.407261 
0.439456 -0.49551 0.445075 
-0.597268 -0.255126 0.407261 
0.441493 -0.495794 0.444963 
-0.597268 -0.255126 0.407261 
0.443421 -0.496032 0.445049 
-0.597268 -0.255126 0.407261 
0.44521 -0.496356 0.445908 
-0.597268 -0.255126 0.407261 
0.446636 -0.496627 0.445862 
-0.597268 -0.255126 0.407261 
0.447756 -0.496781 0.445472 
-0.597268 -0.255126 0.407261 
0.448627 -0.496926 0.445414 
-0.597268 -0.255126 0.407261 
0.448624 -0.496925 0.445412 
-0.597268 -0.255126 0.407261 
0.448628 -0.496929 0.445409 
-0.597268 -0.255126 0.407261 
0.448628 -0.496928 0.445411 
-0.597268 -0.255126 0.407261 
0.448624 -0.496922 0.445414 
-0.597268 -0.255126 0.407261 
0.448624 -0.496924 0.445414 
-0.597268 -0.255126 0.407261 
0.448621 -0.49692 0.445414 
-0.597268 -0.255126 0.407261 
0.448625 -0.496922 0.445425 
-0.597268 -0.255126 0.407261 
0.448619 -0.496913 0.445433 
-0.597268 -0.255126 0.407261 
0.448618 -0.496914 0.44543 
-0.597268 -0.255126 0.407261 
0.448616 -0.496911 0.445429 
-0.597268 -0.255126 0.407261 
0.448611 -0.496907 0.44543 
-0.597268 -0.255126 0.407261 
0.448608 -0.496902 0.445433 
-0.597268 -0.255126 0.407261 
0.448604 -0.4969 0.445428 
-0.597268 -0.255126 0.407261 
0.448755 -0.497016 0.445548 
-0.597268 -0.255126 0.407261 
0.448755 -0.497016 0.445548 
-0.597268 -0.255126 0.407261 
0.448755 -0.497016 0.445548 
-0.597268 -0.255126 0.407261 
0.448755 -0.497016 0.445548 
-0.597268 -0.255126 0.407261 
0.448755 -0.497016 0.445548 
-0.597268 -0.255126 0.407261 
0.448755 -0.497016 0.445548 
-0.597268 -0.255126 0.407261 
0.448755 -0.497016 0.445548 
-0.597268 -0.255126 0.407261 
0.448755 -0.497016 0.445548 
-0.597268 -0.255126 0.407261 
0.448755 -0.497016 0.445548 
-0.597268 -0.255126 0.407261 
0.448755 -0.497016 0.445548 
-0.597268 -0.255126 0.407261 
0.448755 -0.497016 0.445548 
-0.597268 -0.255126 0.407261 
0.448755 -0.497016 0.445548 
-0.597268 -0.255126 0.407261 
0.448755 -0.497016 0.445548 
-0.597268 -0.255126 0.407261 
0.448755 -0.497016 0.445548 
-0.597268 -0.255126 0.407261 
0.448755 -0.497016 0.445548 
-0.597268 -0.255126 0.407261 
0.448755 -0.497016 0.445548 
-0.597268 -0.255126 0.407261 
0.448755 -0.497016 0.445548 
-0.597268 -0.255126 0.407261 
0.448755 -0.497016 0.445548 
-0.597268 -0.255126 0.407261 
0.448755 -0.497016 0.445548 
-0.597268 -0.255126 0.407261 
0.448755 -0.497016 0.445548 
-0.597268 -0.255126 0.407261 
0.448755 -0.497016 0.445548 
-0.597268 -0.255126 0.407261 
0.448755 -0.497016 0.445548 
-0.597268 -0.255126 0.407261 
0.448755 -0.497016 0.445548 
-0.597268 -0.255126 0.407261 
0.448755 -0.497016 0.445548 
-0.597268 -0.255126 0.407261 
0.448755 -0.497016 0.445548 
-0.597268 -0.255126 0.407261 
0.448755 -0.497016 0.445548 
-0.597268 -0.255126 0.407261 
0.448755 -0.497016 0.445548 
-0.597268 -0.255126 0.407261 
0.448755 -0.497016 0.445548 
-0.597268 -0.255126 0.407261 
0.448755 -0.497016 0.445548 
-0.597268 -0.255126 0.407261 
0.448755 -0.497016 0.445548 
-0.597268 -0.255126 0.407261 
0.448755 -0.497016 0.445548 
-0.597268 -0.255126 0.407261 
0.448755 -0.497016 0.445548 
-0.597268 -0.255126 0.407261 
0.448755 -0.497016 0.445548 
-0.597268 -0.255126 0.407261 
0.448755 -0.497016 0.445548 
-0.597268 -0.255126 0.407261 
0.448755 -0.497016 0.445548 
-0.597268 -0.255126 0.407261 
0.448755 -0.497016 0.445548 
-0.597268 -0.255126 0.407261 
0.448755 -0.497016 0.445548 
-0.597268 -0.255126 0.407261 
0.448755 -0.497016 0.445548 
-0.597268 -0.255126 0.407261 
0.448755 -0.497016 0.445548 
-0.597268 -0.255126 0.407261 
0.448755 -0.497016 0.445548 
-0.597268 -0.255126 0.407261 
0.448755 -0.497016 0.445548 
-0.597268 -0.255126 0.407261 
0.448755 -0.497016 0.445548 
-0.597268 -0.255126 0.407261 
0.448755 -0.497016 0.445548 
-0.597268 -0.255126 0.407261 
0.448755 -0.497016 0.445548 
-0.597268 -0.255126 0.407261 
0.448755 -0.497016 0.445548 
-0.597268 -0.255126 0.407261 
0.448755 -0.497016 0.445548 
-0.597268 -0.255126 0.407261 
0.448755 -0.497016 0.445548 
-0.597268 -0.255126 0.407261 
0.448755 -0.497016 0.445548 
-0.597268 -0.255126 0.407261 
0.448755 -0.497016 0.445548 
-0.597268 -0.255126 0.407261 
0.448755 -0.497016 0.445548 
