-0.597268 -0.255126 0.407261 
0.381805 -0.4833 0.423283 
-0.597268 -0.255126 0.407261 
0.381805 -0.483299 0.423283 
-0.597268 -0.255126 0.407261 
0.381769 -0.481186 0.426318 
-0.597268 -0.255126 0.407261 
0.381888 -0.479913 0.428516 
-0.597268 -0.255126 0.407261 
0.381836 -0.479108 0.428693 
-0.597268 -0.255126 0.407261 
0.38189 -0.481583 0.42558 
-0.597268 -0.255126 0.407261 
0.381919 -0.479503 0.429121 
-0.597268 -0.255126 0.407261 
0.382334 -0.479055 0.431224 
-0.597268 -0.255126 0.407261 
0.382525 -0.478862 0.431515 
-0.597268 -0.255126 0.407261 
0.382423 -0.478583 0.429738 
-0.597268 -0.255126 0.407261 
0.382263 -0.478544 0.428838 
-0.597268 -0.255126 0.407261 
0.382243 -0.478249 0.42912 
-0.597268 -0.255126 0.407261 
0.382496 -0.478362 0.429758 
-0.597268 -0.255126 0.407261 
0.382638 -0.478674 0.429949 
-0.597268 -0.255126 0.407261 
0.382699 -0.478519 0.430179 
-0.597268 -0.255126 0.407261 
0.382863 -0.478704 0.430591 
-0.597268 -0.255126 0.407261 
0.383004 -0.478217 0.4314 
-0.597268 -0.255126 0.407261 
0.382985 -0.478446 0.431165 
-0.597268 -0.255126 0.407261 
0.383003 -0.478462 0.431203 
-0.597268 -0.255126 0.407261 
0.382997 -0.478056 0.430664 
-0.597268 -0.255126 0.407261 
0.383155 -0.478479 0.43026 
-0.597268 -0.255126 0.407261 
0.383266 -0.478375 0.43143 
-0.597268 -0.255126 0.407261 
0.383281 -0.478453 0.430858 
-0.597268 -0.255126 0.407261 
0.383348 -0.478595 0.43053 
-0.597268 -0.255126 0.407261 
0.383531 -0.478567 0.431216 
-0.597268 -0.255126 0.407261 
0.383653 -0.478882 0.431018 
-0.597268 -0.255126 0.407261 
0.383816 -0.478821 0.43182 
-0.597268 -0.255126 0.407261 
0.384079 -0.478869 0.432097 
-0.597268 -0.255126 0.407261 
0.384227 -0.479104 0.433216 
-0.597268 -0.255126 0.407261 
0.384588 -0.479575 0.434068 
-0.597268 -0.255126 0.407261 
0.384689 -0.47963 0.433793 
-0.597268 -0.255126 0.407261 
0.384823 -0.479774 0.433732 
-0.597268 -0.255126 0.407261 
0.38495 -0.479452 0.433845 
-0.597268 -0.255126 0.407261 
0.385164 -0.479824 0.433664 
-0.597268 -0.255126 0.407261 
0.385203 -0.479699 0.432951 
-0.597268 -0.255126 0.407261 
0.385113 -0.479581 0.431882 
-0.597268 -0.255126 0.407261 
0.385267 -0.479327 0.433199 
-0.597268 -0.255126 0.407261 
0.385293 -0.479202 0.432381 
-0.597268 -0.255126 0.407261 
0.385088 -0.47938 0.429849 
-0.597268 -0.255126 0.407261 
0.385434 -0.479138 0.431956 
-0.597268 -0.255126 0.407261 
0.385229 -0.479191 0.43008 
-0.597268 -0.255126 0.407261 
0.3852 -0.47931 0.428713 
-0.597268 -0.255126 0.407261 
0.385506 -0.479466 0.431565 
-0.597268 -0.255126 0.407261 
0.385391 -0.479379 0.430819 
-0.597268 -0.255126 0.407261 
0.385408 -0.479596 0.429888 
-0.597268 -0.255126 0.407261 
0.385615 -0.479428 0.4303 
-0.597268 -0.255126 0.407261 
0.385586 -0.479291 0.428655 
-0.597268 -0.255126 0.407261 
0.385687 -0.479377 0.429569 
-0.597268 -0.255126 0.407261 
0.385853 -0.479586 0.429149 
-0.597268 -0.255126 0.407261 
0.386161 -0.479649 0.429379 
-0.597268 -0.255126 0.407261 
0.386481 -0.479447 0.431545 
-0.597268 -0.255126 0.407261 
0.386612 -0.479282 0.432134 
-0.597268 -0.255126 0.407261 
0.386758 -0.479719 0.432349 
-0.597268 -0.255126 0.407261 
0.386819 -0.479569 0.431998 
-0.597268 -0.255126 0.407261 
0.386905 -0.47919 0.432589 
-0.597268 -0.255126 0.407261 
0.386692 -0.479332 0.431049 
-0.597268 -0.255126 0.407261 
0.386701 -0.479162 0.432462 
-0.597268 -0.255126 0.407261 
0.386558 -0.479323 0.432363 
-0.597268 -0.255126 0.407261 
0.386647 -0.47991 0.432774 
-0.597268 -0.255126 0.407261 
0.386421 -0.479642 0.432975 
-0.597268 -0.255126 0.407261 
0.386102 -0.479991 0.431916 
-0.597268 -0.255126 0.407261 
0.385996 -0.479986 0.431072 
-0.597268 -0.255126 0.407261 
0.385803 -0.47999 0.430625 
-0.597268 -0.255126 0.407261 
0.385644 -0.480038 0.430467 
-0.597268 -0.255126 0.407261 
0.385633 -0.479641 0.430268 
-0.597268 -0.255126 0.407261 
0.385698 -0.479865 0.42929 
-0.597268 -0.255126 0.407261 
0.385789 -0.479277 0.42979 
-0.597268 -0.255126 0.407261 
0.386279 -0.478802 0.429717 
-0.597268 -0.255126 0.407261 
0.38694 -0.478678 0.432363 
-0.597268 -0.255126 0.407261 
0.387755 -0.478112 0.435377 
-0.597268 -0.255126 0.407261 
0.388786 -0.478027 0.437694 
-0.597268 -0.255126 0.407261 
0.389944 -0.477828 0.440624 
-0.597268 -0.255126 0.407261 
0.391282 -0.477566 0.443561 
-0.597268 -0.255126 0.407261 
0.392811 -0.477807 0.444987 
-0.597268 -0.255126 0.407261 
0.394373 -0.47791 0.447633 
-0.597268 -0.255126 0.407261 
0.395978 -0.477774 0.451296 
-0.597268 -0.255126 0.407261 
0.397481 -0.477458 0.454942 
-0.597268 -0.255126 0.407261 
0.399297 -0.47796 0.459338 
-0.597268 -0.255126 0.407261 
0.40094 -0.477433 0.463022 
-0.597268 -0.255126 0.407261 
0.402488 -0.476953 0.465881 
-0.597268 -0.255126 0.407261 
0.404106 -0.475978 0.469719 
-0.597268 -0.255126 0.407261 
0.40597 -0.475392 0.473627 
-0.597268 -0.255126 0.407261 
0.407246 -0.475228 0.4762 
-0.597268 -0.255126 0.407261 
0.408241 -0.474667 0.478353 
-0.597268 -0.255126 0.407261 
0.409614 -0.474204 0.480003 
-0.597268 -0.255126 0.407261 
0.411366 -0.473267 0.482839 
-0.597268 -0.255126 0.407261 
0.412797 -0.472768 0.484159 
-0.597268 -0.255126 0.407261 
0.414197 -0.471785 0.485346 
-0.597268 -0.255126 0.407261 
0.415595 -0.47089 0.48691 
-0.597268 -0.255126 0.407261 
0.417621 -0.470454 0.489129 
-0.597268 -0.255126 0.407261 
0.419389 -0.469796 0.490791 
-0.597268 -0.255126 0.407261 
0.420722 -0.469655 0.49022 
-0.597268 -0.255126 0.407261 
0.422595 -0.46946 0.491121 
-0.597268 -0.255126 0.407261 
0.424424 -0.468704 0.491759 
-0.597268 -0.255126 0.407261 
0.425997 -0.467944 0.492239 
-0.597268 -0.255126 0.407261 
0.427849 -0.467258 0.493944 
-0.597268 -0.255126 0.407261 
0.428714 -0.46716 0.492652 
-0.597268 -0.255126 0.407261 
0.430275 -0.466744 0.49297 
-0.597268 -0.255126 0.407261 
0.430729 -0.466299 0.491197 
-0.597268 -0.255126 0.407261 
0.43213 -0.466144 0.491376 
-0.597268 -0.255126 0.407261 
0.433162 -0.465746 0.490914 
-0.597268 -0.255126 0.407261 
0.433898 -0.464658 0.490529 
-0.597268 -0.255126 0.407261 
0.433873 -0.464051 0.488322 
-0.597268 -0.255126 0.407261 
0.43386 -0.464081 0.486418 
-0.597268 -0.255126 0.407261 
0.434098 -0.463009 0.485567 
-0.597268 -0.255126 0.407261 
0.433619 -0.462855 0.482957 
-0.597268 -0.255126 0.407261 
0.435322 -0.462967 0.485661 
-0.597268 -0.255126 0.407261 
0.433722 -0.461869 0.481352 
-0.597268 -0.255126 0.407261 
0.434055 -0.460967 0.481476 
-0.597268 -0.255126 0.407261 
0.433915 -0.460639 0.480426 
-0.597268 -0.255126 0.407261 
0.433302 -0.459877 0.478824 
-0.597268 -0.255126 0.407261 
0.433481 -0.45977 0.4787 
-0.597268 -0.255126 0.407261 
0.432834 -0.459314 0.476954 
-0.597268 -0.255126 0.407261 
0.432243 -0.459001 0.475414 
-0.597268 -0.255126 0.407261 
0.433416 -0.459947 0.478239 
-0.597268 -0.255126 0.407261 
0.43246 -0.459858 0.475572 
-0.597268 -0.255126 0.407261 
0.432675 -0.459831 0.47539 
-0.597268 -0.255126 0.407261 
0.432586 -0.460011 0.474178 
-0.597268 -0.255126 0.407261 
0.432673 -0.460416 0.473613 
-0.597268 -0.255126 0.407261 
0.432854 -0.461069 0.473436 
-0.597268 -0.255126 0.407261 
0.43448 -0.461977 0.476337 
-0.597268 -0.255126 0.407261 
0.43395 -0.461738 0.473959 
-0.597268 -0.255126 0.407261 
0.434164 -0.461978 0.473332 
-0.597268 -0.255126 0.407261 
0.434494 -0.462638 0.472185 
-0.597268 -0.255126 0.407261 
0.434163 -0.461599 0.469858 
-0.597268 -0.255126 0.407261 
0.434829 -0.461728 0.469958 
-0.597268 -0.255126 0.407261 
0.434774 -0.46111 0.468946 
-0.597268 -0.255126 0.407261 
0.435405 -0.461619 0.469423 
-0.597268 -0.255126 0.407261 
0.435564 -0.461788 0.468312 
-0.597268 -0.255126 0.407261 
0.435917 -0.461273 0.468175 
-0.597268 -0.255126 0.407261 
0.436158 -0.461793 0.467907 
-0.597268 -0.255126 0.407261 
0.436902 -0.462392 0.469124 
-0.597268 -0.255126 0.407261 
0.435902 -0.461886 0.466441 
-0.597268 -0.255126 0.407261 
0.436227 -0.462005 0.467021 
-0.597268 -0.255126 0.407261 
0.436533 -0.462133 0.467414 
-0.597268 -0.255126 0.407261 
0.436634 -0.462044 0.467513 
-0.597268 -0.255126 0.407261 
0.436518 -0.462155 0.467049 
-0.597268 -0.255126 0.407261 
0.436437 -0.462453 0.46704 
-0.597268 -0.255126 0.407261 
0.437263 -0.46334 0.469248 
-0.597268 -0.255126 0.407261 
0.436275 -0.462395 0.467233 
-0.597268 -0.255126 0.407261 
0.436226 -0.462367 0.467404 
-0.597268 -0.255126 0.407261 
0.436104 -0.46254 0.467623 
-0.597268 -0.255126 0.407261 
0.436338 -0.462701 0.468882 
-0.597268 -0.255126 0.407261 
0.436418 -0.463028 0.469215 
-0.597268 -0.255126 0.407261 
0.436696 -0.462701 0.470574 
-0.597268 -0.255126 0.407261 
0.436335 -0.462848 0.469865 
-0.597268 -0.255126 0.407261 
0.436417 -0.462404 0.470749 
-0.597268 -0.255126 0.407261 
0.436729 -0.462479 0.471655 
-0.597268 -0.255126 0.407261 
0.436567 -0.462732 0.47131 
-0.597268 -0.255126 0.407261 
0.436491 -0.462768 0.471396 
-0.597268 -0.255126 0.407261 
0.436694 -0.463189 0.471896 
-0.597268 -0.255126 0.407261 
0.436786 -0.462518 0.472436 
-0.597268 -0.255126 0.407261 
0.436389 -0.463246 0.471025 
-0.597268 -0.255126 0.407261 
0.435074 -0.462421 0.468677 
-0.597268 -0.255126 0.407261 
0.43529 -0.462747 0.46998 
-0.597268 -0.255126 0.407261 
0.434699 -0.462935 0.469956 
-0.597268 -0.255126 0.407261 
0.433764 -0.462706 0.469987 
-0.597268 -0.255126 0.407261 
0.432083 -0.462731 0.46906 
-0.597268 -0.255126 0.407261 
0.431466 -0.463787 0.471254 
-0.597268 -0.255126 0.407261 
0.429979 -0.46385 0.472231 
-0.597268 -0.255126 0.407261 
0.428784 -0.464756 0.473998 
-0.597268 -0.255126 0.407261 
0.426468 -0.464578 0.473253 
-0.597268 -0.255126 0.407261 
0.425038 -0.465152 0.473773 
-0.597268 -0.255126 0.407261 
0.423861 -0.4657 0.475134 
-0.597268 -0.255126 0.407261 
0.42198 -0.466388 0.474334 
-0.597268 -0.255126 0.407261 
0.421374 -0.466719 0.477123 
-0.597268 -0.255126 0.407261 
0.420263 -0.467382 0.476446 
-0.597268 -0.255126 0.407261 
0.420351 -0.468738 0.478403 
-0.597268 -0.255126 0.407261 
0.420378 -0.468825 0.479196 
-0.597268 -0.255126 0.407261 
0.420502 -0.46891 0.479815 
-0.597268 -0.255126 0.407261 
0.42031 -0.46865 0.479702 
-0.597268 -0.255126 0.407261 
0.419738 -0.468326 0.478482 
-0.597268 -0.255126 0.407261 
0.419247 -0.468181 0.477598 
-0.597268 -0.255126 0.407261 
0.419014 -0.468256 0.477123 
-0.597268 -0.255126 0.407261 
0.420037 -0.468871 0.479062 
-0.597268 -0.255126 0.407261 
0.418575 -0.468019 0.476369 
-0.597268 -0.255126 0.407261 
0.417999 -0.468058 0.475106 
