-0.602214 -0.233388 0.389728 
0.38064 -0.493486 0.428643 
-0.602279 -0.232854 0.389729 
0.390724 -0.489373 0.4454 
-0.602259 -0.232822 0.38988 
0.38929 -0.489467 0.442456 
-0.602234 -0.232968 0.389807 
0.390546 -0.488901 0.442569 
-0.602397 -0.232982 0.389335 
0.393373 -0.488689 0.446302 
-0.602398 -0.2327 0.389386 
0.396074 -0.487734 0.448542 
-0.602369 -0.232569 0.389691 
0.398373 -0.487106 0.451628 
-0.602289 -0.232872 0.389751 
0.400248 -0.486325 0.451554 
-0.602333 -0.232966 0.389561 
0.403564 -0.485108 0.455437 
-0.602294 -0.232606 0.38979 
0.406771 -0.484456 0.457359 
-0.60237 -0.232738 0.389407 
0.410506 -0.483757 0.460175 
-0.602504 -0.232933 0.389398 
0.414981 -0.48213 0.463256 
-0.602068 -0.233036 0.390062 
0.425902 -0.478926 0.468619 
-0.602137 -0.232747 0.389842 
0.425058 -0.479229 0.468551 
-0.602231 -0.232617 0.389856 
0.429603 -0.478628 0.468917 
-0.602118 -0.232735 0.389825 
0.431363 -0.478425 0.470309 
-0.602179 -0.232383 0.390008 
0.431585 -0.477974 0.470719 
-0.602249 -0.232746 0.390012 
0.431032 -0.478174 0.468211 
-0.602234 -0.232745 0.389826 
0.431734 -0.479067 0.468989 
-0.602195 -0.232884 0.389866 
0.432672 -0.478442 0.471264 
-0.601967 -0.233087 0.390306 
0.431257 -0.47899 0.469248 
-0.602112 -0.232778 0.390124 
0.433195 -0.479161 0.468262 
-0.602219 -0.232753 0.38992 
0.430964 -0.479329 0.469077 
-0.60227 -0.233178 0.391001 
0.376992 -0.492339 0.43004 
-0.602409 -0.233003 0.390996 
0.376992 -0.492339 0.43004 
-0.602366 -0.233191 0.390801 
0.3783 -0.492296 0.432278 
-0.602361 -0.233195 0.390367 
0.395898 -0.488953 0.445417 
-0.602305 -0.233326 0.390514 
0.397489 -0.488155 0.446507 
-0.602242 -0.233182 0.391012 
0.39971 -0.487817 0.44791 
-0.602314 -0.233148 0.390859 
0.402447 -0.486704 0.451415 
-0.602346 -0.233167 0.390816 
0.404471 -0.485535 0.452548 
-0.602492 -0.233099 0.390624 
0.407349 -0.484547 0.455836 
-0.602427 -0.233056 0.390604 
0.41005 -0.483785 0.456507 
-0.602321 -0.233267 0.390808 
0.413506 -0.482576 0.458336 
-0.602325 -0.233068 0.390836 
0.417094 -0.481905 0.461876 
-0.602354 -0.233021 0.390801 
0.420763 -0.480268 0.462585 
-0.602329 -0.233024 0.390891 
0.424407 -0.479372 0.465239 
-0.602324 -0.232992 0.390777 
0.427391 -0.478728 0.467819 
-0.60235 -0.232898 0.390807 
0.428897 -0.478566 0.467221 
-0.602401 -0.232884 0.390735 
0.42973 -0.478253 0.467835 
-0.602483 -0.232899 0.390654 
0.430661 -0.478561 0.468395 
-0.602285 -0.232989 0.390951 
0.429969 -0.478061 0.466714 
-0.602342 -0.232685 0.39089 
0.429852 -0.478859 0.466058 
-0.602372 -0.232815 0.390727 
0.430969 -0.479039 0.468065 
-0.602367 -0.232966 0.390758 
0.43227 -0.479311 0.467437 
-0.602344 -0.23297 0.390905 
0.432404 -0.479276 0.467262 
-0.602402 -0.232972 0.390234 
0.376804 -0.492284 0.429122 
-0.602359 -0.23303 0.390222 
0.396133 -0.489629 0.445039 
-0.602341 -0.233125 0.390136 
0.393648 -0.489467 0.44423 
-0.602344 -0.232876 0.390376 
0.395224 -0.488793 0.444652 
-0.602515 -0.232723 0.39031 
0.397529 -0.488275 0.447381 
-0.60261 -0.232846 0.389993 
0.399679 -0.487398 0.450123 
-0.602475 -0.232946 0.389983 
0.401448 -0.48659 0.452017 
-0.602542 -0.232867 0.38998 
0.401435 -0.486439 0.452965 
-0.602634 -0.232833 0.38995 
0.404637 -0.484797 0.456505 
-0.602436 -0.232872 0.389998 
0.407807 -0.484385 0.458488 
-0.602417 -0.232706 0.390186 
0.420625 -0.481358 0.465078 
-0.60249 -0.23299 0.390107 
0.414944 -0.482184 0.463021 
-0.602509 -0.232938 0.389932 
0.419037 -0.481496 0.465447 
-0.602514 -0.232824 0.390197 
0.422495 -0.480047 0.466296 
-0.602389 -0.232796 0.390367 
0.42516 -0.47987 0.467189 
-0.602391 -0.232576 0.390249 
0.426483 -0.478662 0.467967 
-0.602455 -0.23255 0.390098 
0.427657 -0.479299 0.469027 
-0.602391 -0.232772 0.39028 
0.427866 -0.478421 0.468537 
-0.602365 -0.232657 0.390339 
0.428484 -0.479215 0.467598 
-0.602446 -0.232624 0.390253 
0.428679 -0.479276 0.468291 
-0.602266 -0.232842 0.39052 
0.428378 -0.479202 0.46755 
-0.602317 -0.232958 0.39046 
0.428901 -0.479652 0.468559 
-0.602417 -0.232851 0.390312 
0.42889 -0.47916 0.467435 
