-0.594259 -0.208061 0.368773 
0.400795 -0.504304 0.485867 
-0.59426 -0.208062 0.368772 
0.400795 -0.504304 0.485867 
-0.593886 -0.20827 0.368776 
0.400795 -0.504304 0.485867 
-0.594091 -0.208235 0.368511 
0.400795 -0.504304 0.485867 
-0.594151 -0.208277 0.368445 
0.400795 -0.504304 0.485867 
-0.59418 -0.208218 0.368315 
0.400795 -0.504304 0.485867 
-0.594277 -0.208067 0.368169 
0.400795 -0.504304 0.485867 
-0.594333 -0.207866 0.368466 
0.400795 -0.504304 0.485867 
-0.594372 -0.207799 0.368452 
0.400795 -0.504304 0.485867 
-0.594342 -0.208145 0.36808 
0.400795 -0.504304 0.485867 
-0.594238 -0.208202 0.367911 
0.400795 -0.504304 0.485867 
-0.594277 -0.208214 0.367763 
0.400795 -0.504304 0.485867 
-0.594114 -0.208195 0.367681 
0.400795 -0.504304 0.485867 
-0.594169 -0.208058 0.368045 
0.400795 -0.504304 0.485867 
-0.594431 -0.207932 0.36806 
0.400795 -0.504304 0.485867 
-0.594258 -0.207883 0.368107 
0.400795 -0.504304 0.485867 
-0.594308 -0.207933 0.36799 
0.400795 -0.504304 0.485867 
-0.594371 -0.208272 0.368064 
0.400795 -0.504304 0.485867 
-0.594226 -0.208087 0.368013 
0.400795 -0.504304 0.485867 
-0.59418 -0.207973 0.368454 
0.400795 -0.504304 0.485867 
-0.594169 -0.208022 0.368216 
0.400795 -0.504304 0.485867 
-0.594248 -0.207924 0.368179 
0.400795 -0.504304 0.485867 
