-0.603834 -0.226403 0.381339 
0.400795 -0.504304 0.485867 
-0.603835 -0.226404 0.381339 
0.400795 -0.504304 0.485867 
-0.603846 -0.226408 0.381154 
0.400795 -0.504304 0.485867 
-0.603852 -0.226495 0.38108 
0.400795 -0.504304 0.485867 
-0.603861 -0.226598 0.381027 
0.400795 -0.504304 0.485867 
-0.603846 -0.226666 0.381082 
0.400795 -0.504304 0.485867 
-0.603847 -0.226628 0.381088 
0.400795 -0.504304 0.485867 
-0.603847 -0.226635 0.381084 
0.400795 -0.504304 0.485867 
-0.603884 -0.226508 0.380971 
0.400795 -0.504304 0.485867 
-0.603814 -0.22649 0.38113 
0.400795 -0.504304 0.485867 
-0.603836 -0.226393 0.381094 
0.400795 -0.504304 0.485867 
-0.603864 -0.226464 0.38103 
0.400795 -0.504304 0.485867 
-0.603853 -0.226321 0.381032 
0.400795 -0.504304 0.485867 
-0.603792 -0.226274 0.381168 
0.400795 -0.504304 0.485867 
-0.603805 -0.226336 0.381067 
0.400795 -0.504304 0.485867 
