-0.634265 -0.242028 0.374569 
0.384175 -0.484969 0.437865 
-0.634265 -0.242028 0.374569 
0.384565 -0.489065 0.443781 
-0.630624 -0.241724 0.378748 
0.385142 -0.492114 0.445681 
-0.633166 -0.243171 0.377183 
0.384722 -0.491988 0.445061 
-0.634604 -0.244451 0.376 
0.38462 -0.492634 0.444988 
-0.634047 -0.244309 0.3757 
0.383632 -0.488345 0.44022 
-0.632219 -0.243439 0.376211 
0.383989 -0.48938 0.439743 
-0.629827 -0.242464 0.377166 
0.38508 -0.49304 0.444853 
-0.625128 -0.240706 0.378739 
0.384875 -0.491761 0.439877 
-0.621795 -0.239255 0.379673 
0.386046 -0.495071 0.443015 
-0.618763 -0.23804 0.38056 
0.38638 -0.496565 0.443089 
-0.61657 -0.23738 0.381325 
0.386967 -0.498204 0.445035 
-0.615046 -0.236584 0.381876 
0.387018 -0.499487 0.444813 
-0.613518 -0.235791 0.3825 
0.386344 -0.497505 0.441717 
-0.611584 -0.235248 0.383041 
0.387128 -0.500598 0.446049 
-0.609056 -0.23392 0.383545 
0.387124 -0.50132 0.445884 
-0.606351 -0.233038 0.384063 
0.387204 -0.502693 0.445605 
-0.603724 -0.231797 0.384803 
0.38702 -0.503247 0.444048 
-0.60193 -0.230504 0.38513 
0.38723 -0.503791 0.442717 
-0.599981 -0.229281 0.385067 
0.386662 -0.504957 0.442773 
-0.599432 -0.228714 0.384638 
0.38573 -0.50514 0.443578 
-0.598602 -0.229757 0.38604 
0.38559 -0.504982 0.446282 
-0.45805 -0.16486 0.48415 
0.385823 -0.504892 0.445243 
-0.45805 -0.16486 0.48415 
0.385823 -0.504892 0.445243 
