-0.614873 -0.249113 0.381481 
0.400795 -0.504304 0.485867 
-0.614874 -0.249114 0.381481 
0.400795 -0.504304 0.485867 
-0.614874 -0.249114 0.381481 
0.400795 -0.504304 0.485867 
-0.614351 -0.249583 0.381199 
0.400795 -0.504304 0.485867 
-0.61416 -0.249561 0.381291 
0.400795 -0.504304 0.485867 
-0.61383 -0.249595 0.38141 
0.400795 -0.504304 0.485867 
-0.613499 -0.250859 0.381373 
0.400795 -0.504304 0.485867 
-0.612998 -0.252146 0.381295 
0.400795 -0.504304 0.485867 
-0.612352 -0.252762 0.381032 
0.400795 -0.504304 0.485867 
-0.611202 -0.253119 0.38061 
0.400795 -0.504304 0.485867 
-0.609823 -0.253379 0.380389 
0.400795 -0.504304 0.485867 
-0.608617 -0.253588 0.380233 
0.400795 -0.504304 0.485867 
-0.607638 -0.253746 0.380089 
0.400795 -0.504304 0.485867 
-0.606833 -0.253881 0.379958 
0.400795 -0.504304 0.485867 
-0.606152 -0.253988 0.379865 
0.400795 -0.504304 0.485867 
-0.605578 -0.254089 0.37977 
0.400795 -0.504304 0.485867 
-0.60508 -0.254173 0.379704 
0.400795 -0.504304 0.485867 
-0.604649 -0.254249 0.379629 
0.400795 -0.504304 0.485867 
-0.604266 -0.254305 0.379567 
0.400795 -0.504304 0.485867 
-0.603928 -0.254358 0.379512 
0.400795 -0.504304 0.485867 
-0.603627 -0.254407 0.379469 
0.400795 -0.504304 0.485867 
-0.603355 -0.254448 0.379433 
0.400795 -0.504304 0.485867 
-0.603112 -0.25449 0.379395 
0.400795 -0.504304 0.485867 
-0.602894 -0.254531 0.37935 
0.400795 -0.504304 0.485867 
-0.602696 -0.254566 0.379304 
0.400795 -0.504304 0.485867 
-0.602513 -0.254598 0.379272 
0.400795 -0.504304 0.485867 
-0.602349 -0.254658 0.379299 
0.400795 -0.504304 0.485867 
-0.602193 -0.25468 0.379267 
0.400795 -0.504304 0.485867 
-0.601556 -0.254906 0.379164 
0.400795 -0.504304 0.485867 
-0.600948 -0.255112 0.379075 
0.400795 -0.504304 0.485867 
-0.600341 -0.255362 0.378964 
0.400795 -0.504304 0.485867 
-0.599794 -0.25548 0.37884 
0.400795 -0.504304 0.485867 
-0.599268 -0.255377 0.378726 
0.400795 -0.504304 0.485867 
-0.598817 -0.25532 0.378655 
0.400795 -0.504304 0.485867 
-0.598501 -0.255306 0.378667 
0.400795 -0.504304 0.485867 
-0.598377 -0.2553 0.378678 
0.400795 -0.504304 0.485867 
-0.598378 -0.255299 0.378667 
0.400795 -0.504304 0.485867 
-0.598378 -0.255296 0.378659 
0.400795 -0.504304 0.485867 
-0.598376 -0.255292 0.378656 
0.400795 -0.504304 0.485867 
-0.598379 -0.255293 0.378644 
0.400795 -0.504304 0.485867 
-0.598376 -0.255289 0.378648 
0.400795 -0.504304 0.485867 
-0.598378 -0.255287 0.37863 
0.400795 -0.504304 0.485867 
-0.598379 -0.255289 0.378629 
0.400795 -0.504304 0.485867 
-0.598378 -0.255289 0.378637 
0.400795 -0.504304 0.485867 
-0.598378 -0.255288 0.378636 
0.400795 -0.504304 0.485867 
-0.598378 -0.255288 0.378641 
0.400795 -0.504304 0.485867 
-0.598382 -0.255294 0.378627 
0.400795 -0.504304 0.485867 
-0.598382 -0.255294 0.378623 
0.400795 -0.504304 0.485867 
-0.598381 -0.255292 0.378626 
0.400795 -0.504304 0.485867 
-0.598379 -0.255291 0.378639 
0.400795 -0.504304 0.485867 
-0.598377 -0.255292 0.378657 
0.400795 -0.504304 0.485867 
-0.598379 -0.255296 0.378654 
0.400795 -0.504304 0.485867 
-0.598376 -0.255265 0.378597 
0.400795 -0.504304 0.485867 
-0.598382 -0.255302 0.378654 
0.400795 -0.504304 0.485867 
-0.598388 -0.255313 0.378642 
0.400795 -0.504304 0.485867 
-0.598403 -0.25539 0.378742 
0.400795 -0.504304 0.485867 
-0.598409 -0.255428 0.3788 
0.400795 -0.504304 0.485867 
-0.598416 -0.255462 0.378846 
0.400795 -0.504304 0.485867 
-0.598427 -0.255533 0.378961 
0.400795 -0.504304 0.485867 
-0.598433 -0.255568 0.379015 
0.400795 -0.504304 0.485867 
-0.598437 -0.25557 0.379001 
0.400795 -0.504304 0.485867 
-0.598444 -0.255608 0.379054 
0.400795 -0.504304 0.485867 
-0.598444 -0.255611 0.37906 
0.400795 -0.504304 0.485867 
-0.598448 -0.255619 0.379055 
0.400795 -0.504304 0.485867 
-0.598447 -0.255621 0.379069 
0.400795 -0.504304 0.485867 
-0.598449 -0.255624 0.379065 
0.400795 -0.504304 0.485867 
-0.598451 -0.255626 0.37906 
0.400795 -0.504304 0.485867 
-0.598449 -0.255623 0.37907 
0.400795 -0.504304 0.485867 
-0.598448 -0.255624 0.379077 
0.400795 -0.504304 0.485867 
-0.59845 -0.255626 0.379074 
0.400795 -0.504304 0.485867 
-0.598451 -0.25563 0.379072 
0.400795 -0.504304 0.485867 
-0.598449 -0.255627 0.379081 
0.400795 -0.504304 0.485867 
-0.598448 -0.255626 0.379085 
0.400795 -0.504304 0.485867 
-0.598447 -0.255621 0.379084 
0.400795 -0.504304 0.485867 
-0.598445 -0.255621 0.379094 
0.400795 -0.504304 0.485867 
-0.598446 -0.255621 0.379096 
0.400795 -0.504304 0.485867 
-0.598446 -0.25562 0.379092 
0.400795 -0.504304 0.485867 
-0.598445 -0.25562 0.379096 
0.400795 -0.504304 0.485867 
-0.598436 -0.255581 0.379053 
0.400795 -0.504304 0.485867 
-0.59844 -0.255613 0.379114 
0.400795 -0.504304 0.485867 
-0.598432 -0.255573 0.379062 
0.400795 -0.504304 0.485867 
-0.598419 -0.2555 0.378959 
0.400795 -0.504304 0.485867 
-0.598415 -0.255498 0.378977 
0.400795 -0.504304 0.485867 
-0.5984 -0.255423 0.378881 
0.400795 -0.504304 0.485867 
-0.598386 -0.25535 0.37878 
0.400795 -0.504304 0.485867 
-0.598382 -0.255342 0.378788 
0.400795 -0.504304 0.485867 
-0.598381 -0.255341 0.378795 
0.400795 -0.504304 0.485867 
-0.598372 -0.2553 0.378748 
0.400795 -0.504304 0.485867 
-0.598368 -0.255293 0.378757 
0.400795 -0.504304 0.485867 
-0.598367 -0.255289 0.378756 
0.400795 -0.504304 0.485867 
-0.598371 -0.255323 0.378824 
0.400795 -0.504304 0.485867 
-0.598367 -0.255319 0.378839 
0.400795 -0.504304 0.485867 
-0.598365 -0.255315 0.378843 
0.400795 -0.504304 0.485867 
-0.598362 -0.255309 0.378847 
0.400795 -0.504304 0.485867 
-0.59836 -0.255305 0.378849 
0.400795 -0.504304 0.485867 
-0.598358 -0.2553 0.378856 
0.400795 -0.504304 0.485867 
-0.598358 -0.255302 0.378865 
0.400795 -0.504304 0.485867 
-0.598355 -0.255296 0.378865 
0.400795 -0.504304 0.485867 
-0.598356 -0.255298 0.378868 
0.400795 -0.504304 0.485867 
-0.598356 -0.255295 0.378858 
0.400795 -0.504304 0.485867 
-0.598358 -0.255296 0.378847 
0.400795 -0.504304 0.485867 
-0.598367 -0.255363 0.378955 
0.400795 -0.504304 0.485867 
-0.598367 -0.25536 0.378953 
0.400795 -0.504304 0.485867 
-0.598376 -0.255429 0.37907 
0.400795 -0.504304 0.485867 
-0.598368 -0.25539 0.379016 
0.400795 -0.504304 0.485867 
-0.598369 -0.255389 0.379004 
0.400795 -0.504304 0.485867 
-0.598374 -0.255424 0.379062 
0.400795 -0.504304 0.485867 
-0.598372 -0.255422 0.379068 
0.400795 -0.504304 0.485867 
-0.595571 -0.253402 0.37886 
0.400795 -0.504304 0.485867 
-0.596416 -0.253566 0.378543 
0.400795 -0.504304 0.485867 
-0.595348 -0.254017 0.382335 
0.400795 -0.504304 0.485867 
-0.597589 -0.254929 0.379363 
0.400795 -0.504304 0.485867 
-0.597594 -0.254964 0.379417 
0.400795 -0.504304 0.485867 
-0.597595 -0.254965 0.37941 
0.400795 -0.504304 0.485867 
-0.597594 -0.254962 0.379408 
0.400795 -0.504304 0.485867 
-0.596625 -0.253731 0.378734 
0.400795 -0.504304 0.485867 
-0.596405 -0.253329 0.378831 
0.400795 -0.504304 0.485867 
-0.595675 -0.253639 0.382009 
0.400795 -0.504304 0.485867 
-0.596398 -0.253145 0.378382 
0.400795 -0.504304 0.485867 
-0.595876 -0.25189 0.37719 
0.400795 -0.504304 0.485867 
-0.595391 -0.25054 0.375926 
0.400795 -0.504304 0.485867 
-0.594978 -0.24911 0.374586 
0.400795 -0.504304 0.485867 
-0.594596 -0.247605 0.373249 
0.400795 -0.504304 0.485867 
-0.594266 -0.246004 0.371817 
0.400795 -0.504304 0.485867 
-0.593988 -0.244344 0.370328 
0.400795 -0.504304 0.485867 
-0.593804 -0.242571 0.368758 
0.400795 -0.504304 0.485867 
-0.593715 -0.240722 0.367152 
0.400795 -0.504304 0.485867 
-0.59369 -0.238734 0.365436 
0.400795 -0.504304 0.485867 
-0.593708 -0.236713 0.363731 
0.400795 -0.504304 0.485867 
-0.593789 -0.234568 0.361923 
0.400795 -0.504304 0.485867 
-0.593977 -0.23239 0.360181 
0.400795 -0.504304 0.485867 
-0.594282 -0.230044 0.358243 
0.400795 -0.504304 0.485867 
-0.594653 -0.227694 0.356306 
0.400795 -0.504304 0.485867 
-0.595078 -0.225356 0.354415 
0.400795 -0.504304 0.485867 
-0.595623 -0.222909 0.352412 
0.400795 -0.504304 0.485867 
-0.596216 -0.220516 0.350528 
0.400795 -0.504304 0.485867 
-0.596872 -0.218122 0.348584 
0.400795 -0.504304 0.485867 
-0.597551 -0.215738 0.34661 
0.400795 -0.504304 0.485867 
-0.598247 -0.213444 0.344736 
0.400795 -0.504304 0.485867 
-0.598974 -0.211172 0.342827 
0.400795 -0.504304 0.485867 
-0.599724 -0.208904 0.34097 
0.400795 -0.504304 0.485867 
-0.600516 -0.206644 0.33906 
0.400795 -0.504304 0.485867 
-0.601303 -0.204434 0.337175 
0.400795 -0.504304 0.485867 
-0.60232 -0.202813 0.335849 
0.400795 -0.504304 0.485867 
-0.603511 -0.201823 0.335122 
0.400795 -0.504304 0.485867 
-0.604613 -0.200909 0.334576 
0.400795 -0.504304 0.485867 
-0.605605 -0.200171 0.334109 
0.400795 -0.504304 0.485867 
-0.606487 -0.199576 0.333615 
0.400795 -0.504304 0.485867 
-0.607218 -0.199227 0.333345 
0.400795 -0.504304 0.485867 
-0.607816 -0.199009 0.333172 
0.400795 -0.504304 0.485867 
