-0.604978 -0.228861 0.382735 
0.400795 -0.504304 0.485867 
-0.604979 -0.228861 0.382735 
0.400795 -0.504304 0.485867 
-0.604996 -0.228748 0.382505 
0.400795 -0.504304 0.485867 
-0.605 -0.228573 0.382388 
0.400795 -0.504304 0.485867 
-0.60506 -0.228573 0.382237 
0.400795 -0.504304 0.485867 
-0.604996 -0.228701 0.382344 
0.400795 -0.504304 0.485867 
-0.605045 -0.228692 0.382286 
0.400795 -0.504304 0.485867 
-0.604966 -0.228746 0.382528 
0.400795 -0.504304 0.485867 
-0.605046 -0.228607 0.382418 
0.400795 -0.504304 0.485867 
-0.604982 -0.228673 0.382448 
0.400795 -0.504304 0.485867 
-0.604951 -0.228839 0.382577 
0.400795 -0.504304 0.485867 
-0.604993 -0.228821 0.382351 
0.400795 -0.504304 0.485867 
