-0.652844 -0.246764 0.268815 
0.400795 -0.504304 0.485867 
-0.652845 -0.246764 0.268815 
0.400795 -0.504304 0.485867 
-0.652845 -0.246764 0.268815 
0.400795 -0.504304 0.485867 
-0.654017 -0.24672 0.268979 
0.400795 -0.504304 0.485867 
-0.653592 -0.246232 0.26836 
0.400795 -0.504304 0.485867 
-0.652016 -0.245732 0.267822 
0.400795 -0.504304 0.485867 
-0.652858 -0.247939 0.266571 
0.400795 -0.504304 0.485867 
-0.654378 -0.246804 0.26717 
0.400795 -0.504304 0.485867 
-0.654727 -0.245416 0.265647 
0.400795 -0.504304 0.485867 
-0.656851 -0.245653 0.266115 
0.400795 -0.504304 0.485867 
-0.658165 -0.245248 0.265377 
0.400795 -0.504304 0.485867 
-0.654992 -0.246553 0.261705 
0.400795 -0.504304 0.485867 
-0.651917 -0.246166 0.257723 
0.400795 -0.504304 0.485867 
-0.648892 -0.244117 0.254901 
0.400795 -0.504304 0.485867 
