-0.594075 -0.224511 0.349845 
0.400795 -0.504304 0.485867 
-0.594076 -0.224512 0.349844 
0.400795 -0.504304 0.485867 
-0.593694 -0.224828 0.348787 
0.400795 -0.504304 0.485867 
-0.594029 -0.224819 0.348854 
0.400795 -0.504304 0.485867 
-0.594087 -0.224768 0.349176 
0.400795 -0.504304 0.485867 
-0.594026 -0.224761 0.349409 
0.400795 -0.504304 0.485867 
-0.594037 -0.224541 0.34916 
0.400795 -0.504304 0.485867 
-0.594105 -0.224847 0.349076 
0.400795 -0.504304 0.485867 
-0.594185 -0.224602 0.349272 
0.400795 -0.504304 0.485867 
-0.594166 -0.224919 0.349204 
0.400795 -0.504304 0.485867 
-0.594178 -0.22458 0.349298 
0.400795 -0.504304 0.485867 
-0.594142 -0.22475 0.349294 
0.400795 -0.504304 0.485867 
-0.594032 -0.224718 0.349435 
0.400795 -0.504304 0.485867 
-0.594136 -0.224464 0.349215 
0.400795 -0.504304 0.485867 
-0.59411 -0.22482 0.349329 
0.400795 -0.504304 0.485867 
-0.594222 -0.224575 0.349251 
0.400795 -0.504304 0.485867 
-0.594161 -0.224905 0.349323 
0.400795 -0.504304 0.485867 
-0.5943 -0.224842 0.34888 
0.400795 -0.504304 0.485867 
-0.594371 -0.224703 0.348663 
0.400795 -0.504304 0.485867 
-0.594199 -0.224577 0.34928 
0.400795 -0.504304 0.485867 
-0.594105 -0.224612 0.349179 
0.400795 -0.504304 0.485867 
-0.594044 -0.224767 0.349325 
0.400795 -0.504304 0.485867 
-0.594186 -0.224767 0.349205 
0.400795 -0.504304 0.485867 
-0.594055 -0.22491 0.349131 
0.400795 -0.504304 0.485867 
-0.594304 -0.224543 0.3488 
0.400795 -0.504304 0.485867 
-0.594091 -0.224727 0.349227 
0.400795 -0.504304 0.485867 
-0.593981 -0.224702 0.349405 
0.400795 -0.504304 0.485867 
-0.593932 -0.224604 0.34935 
0.400795 -0.504304 0.485867 
-0.593983 -0.22472 0.34936 
0.400795 -0.504304 0.485867 
-0.594058 -0.224581 0.349325 
0.400795 -0.504304 0.485867 
-0.594047 -0.224971 0.349233 
0.400795 -0.504304 0.485867 
-0.594062 -0.224616 0.349219 
0.400795 -0.504304 0.485867 
-0.594095 -0.224563 0.349372 
0.400795 -0.504304 0.485867 
-0.594084 -0.224537 0.349332 
0.400795 -0.504304 0.485867 
-0.594235 -0.224494 0.349297 
0.400795 -0.504304 0.485867 
-0.594273 -0.224673 0.349182 
0.400795 -0.504304 0.485867 
-0.594053 -0.224705 0.349121 
0.400795 -0.504304 0.485867 
-0.594181 -0.224663 0.349043 
0.400795 -0.504304 0.485867 
-0.594097 -0.224531 0.349183 
0.400795 -0.504304 0.485867 
-0.594008 -0.224434 0.349376 
0.400795 -0.504304 0.485867 
-0.594105 -0.224453 0.348822 
0.400795 -0.504304 0.485867 
