-0.614288 -0.247856 0.380555 
0.400795 -0.504304 0.485867 
-0.614289 -0.247857 0.380555 
0.400795 -0.504304 0.485867 
-0.613767 -0.24809 0.379358 
0.400795 -0.504304 0.485867 
-0.613931 -0.248715 0.378867 
0.400795 -0.504304 0.485867 
-0.613673 -0.248504 0.379602 
0.400795 -0.504304 0.485867 
-0.613364 -0.248415 0.379818 
0.400795 -0.504304 0.485867 
-0.612896 -0.249485 0.380494 
0.400795 -0.504304 0.485867 
-0.612537 -0.250839 0.379964 
0.400795 -0.504304 0.485867 
-0.612021 -0.251522 0.379382 
0.400795 -0.504304 0.485867 
-0.61076 -0.252044 0.379219 
0.400795 -0.504304 0.485867 
-0.609373 -0.252452 0.379104 
0.400795 -0.504304 0.485867 
-0.608171 -0.252596 0.379076 
0.400795 -0.504304 0.485867 
-0.607135 -0.252674 0.378875 
0.400795 -0.504304 0.485867 
-0.606319 -0.252881 0.378836 
0.400795 -0.504304 0.485867 
-0.605623 -0.252769 0.378731 
0.400795 -0.504304 0.485867 
-0.605129 -0.252577 0.378517 
0.400795 -0.504304 0.485867 
-0.60479 -0.252544 0.378229 
0.400795 -0.504304 0.485867 
-0.604297 -0.253001 0.378195 
0.400795 -0.504304 0.485867 
-0.603931 -0.252886 0.378366 
0.400795 -0.504304 0.485867 
-0.603658 -0.252746 0.377993 
0.400795 -0.504304 0.485867 
-0.603272 -0.252862 0.378125 
0.400795 -0.504304 0.485867 
-0.603209 -0.252955 0.377595 
0.400795 -0.504304 0.485867 
-0.602831 -0.252968 0.37733 
0.400795 -0.504304 0.485867 
-0.602725 -0.252988 0.377465 
0.400795 -0.504304 0.485867 
-0.602494 -0.253166 0.37727 
0.400795 -0.504304 0.485867 
-0.602161 -0.253058 0.377588 
0.400795 -0.504304 0.485867 
-0.601903 -0.253098 0.377506 
0.400795 -0.504304 0.485867 
-0.601944 -0.253164 0.377374 
0.400795 -0.504304 0.485867 
-0.601329 -0.253307 0.377145 
0.400795 -0.504304 0.485867 
-0.600627 -0.253505 0.377448 
0.400795 -0.504304 0.485867 
-0.600095 -0.253746 0.377287 
0.400795 -0.504304 0.485867 
-0.599481 -0.253627 0.37737 
0.400795 -0.504304 0.485867 
-0.599045 -0.253446 0.376864 
0.400795 -0.504304 0.485867 
-0.598643 -0.253487 0.376991 
0.400795 -0.504304 0.485867 
-0.59826 -0.25368 0.376784 
0.400795 -0.504304 0.485867 
-0.598211 -0.25365 0.376814 
0.400795 -0.504304 0.485867 
-0.598182 -0.253521 0.377052 
0.400795 -0.504304 0.485867 
-0.598067 -0.253637 0.377206 
0.400795 -0.504304 0.485867 
-0.598047 -0.253575 0.377003 
0.400795 -0.504304 0.485867 
-0.598062 -0.253602 0.376883 
0.400795 -0.504304 0.485867 
-0.598026 -0.253755 0.376604 
0.400795 -0.504304 0.485867 
-0.598083 -0.253644 0.376531 
0.400795 -0.504304 0.485867 
-0.598244 -0.253388 0.376306 
0.400795 -0.504304 0.485867 
-0.598201 -0.253233 0.37647 
0.400795 -0.504304 0.485867 
-0.598101 -0.253391 0.37665 
0.400795 -0.504304 0.485867 
-0.598146 -0.253241 0.376625 
0.400795 -0.504304 0.485867 
-0.598104 -0.253177 0.376775 
0.400795 -0.504304 0.485867 
-0.598143 -0.253305 0.376599 
0.400795 -0.504304 0.485867 
-0.598062 -0.25351 0.376558 
0.400795 -0.504304 0.485867 
-0.598135 -0.253514 0.376543 
0.400795 -0.504304 0.485867 
-0.598162 -0.253491 0.376405 
0.400795 -0.504304 0.485867 
-0.598148 -0.253456 0.376504 
0.400795 -0.504304 0.485867 
-0.598121 -0.253294 0.37652 
0.400795 -0.504304 0.485867 
-0.598144 -0.253374 0.376556 
0.400795 -0.504304 0.485867 
-0.598006 -0.253336 0.376729 
0.400795 -0.504304 0.485867 
-0.598073 -0.253303 0.376763 
0.400795 -0.504304 0.485867 
-0.59809 -0.253548 0.376676 
0.400795 -0.504304 0.485867 
-0.598105 -0.253652 0.376636 
0.400795 -0.504304 0.485867 
-0.598067 -0.253708 0.376936 
0.400795 -0.504304 0.485867 
-0.598037 -0.253741 0.377147 
0.400795 -0.504304 0.485867 
-0.598082 -0.253909 0.377024 
0.400795 -0.504304 0.485867 
-0.598197 -0.253957 0.376908 
0.400795 -0.504304 0.485867 
-0.598127 -0.253883 0.377012 
0.400795 -0.504304 0.485867 
-0.598182 -0.253753 0.376863 
0.400795 -0.504304 0.485867 
-0.598078 -0.25379 0.377255 
0.400795 -0.504304 0.485867 
-0.598014 -0.253806 0.377289 
0.400795 -0.504304 0.485867 
-0.598159 -0.25369 0.376906 
0.400795 -0.504304 0.485867 
-0.598109 -0.253845 0.377291 
0.400795 -0.504304 0.485867 
-0.598217 -0.253996 0.376787 
0.400795 -0.504304 0.485867 
-0.598173 -0.253797 0.376886 
0.400795 -0.504304 0.485867 
-0.59827 -0.253831 0.376895 
0.400795 -0.504304 0.485867 
-0.598199 -0.253583 0.376996 
0.400795 -0.504304 0.485867 
-0.59805 -0.253776 0.377076 
0.400795 -0.504304 0.485867 
-0.598071 -0.253739 0.377085 
0.400795 -0.504304 0.485867 
-0.59814 -0.253827 0.376969 
0.400795 -0.504304 0.485867 
-0.5981 -0.253806 0.377254 
0.400795 -0.504304 0.485867 
-0.598101 -0.253956 0.377169 
0.400795 -0.504304 0.485867 
-0.598063 -0.253768 0.377172 
0.400795 -0.504304 0.485867 
-0.598106 -0.253693 0.377133 
0.400795 -0.504304 0.485867 
-0.59813 -0.2538 0.377177 
0.400795 -0.504304 0.485867 
-0.598035 -0.253773 0.377172 
0.400795 -0.504304 0.485867 
-0.598076 -0.253587 0.376994 
0.400795 -0.504304 0.485867 
-0.598143 -0.253763 0.377052 
0.400795 -0.504304 0.485867 
-0.598078 -0.253756 0.376926 
0.400795 -0.504304 0.485867 
-0.598093 -0.253623 0.376739 
0.400795 -0.504304 0.485867 
-0.598144 -0.253605 0.376579 
0.400795 -0.504304 0.485867 
-0.59809 -0.253633 0.376839 
0.400795 -0.504304 0.485867 
-0.598097 -0.253361 0.376746 
0.400795 -0.504304 0.485867 
-0.598199 -0.25316 0.376361 
0.400795 -0.504304 0.485867 
-0.598119 -0.253283 0.376585 
0.400795 -0.504304 0.485867 
-0.598148 -0.253311 0.376459 
0.400795 -0.504304 0.485867 
-0.598037 -0.253281 0.376974 
0.400795 -0.504304 0.485867 
-0.598028 -0.253548 0.377 
0.400795 -0.504304 0.485867 
-0.598099 -0.253548 0.376766 
0.400795 -0.504304 0.485867 
-0.598046 -0.253408 0.376917 
0.400795 -0.504304 0.485867 
-0.598116 -0.253614 0.376532 
0.400795 -0.504304 0.485867 
-0.598156 -0.253519 0.376558 
0.400795 -0.504304 0.485867 
-0.598214 -0.253386 0.376454 
0.400795 -0.504304 0.485867 
-0.598185 -0.253278 0.376495 
0.400795 -0.504304 0.485867 
-0.59821 -0.2532 0.376554 
0.400795 -0.504304 0.485867 
-0.598099 -0.253419 0.376786 
0.400795 -0.504304 0.485867 
-0.598043 -0.253268 0.37683 
0.400795 -0.504304 0.485867 
-0.59818 -0.25301 0.376542 
0.400795 -0.504304 0.485867 
-0.598204 -0.253342 0.376964 
0.400795 -0.504304 0.485867 
-0.597962 -0.25369 0.37725 
0.400795 -0.504304 0.485867 
-0.598014 -0.25376 0.377105 
0.400795 -0.504304 0.485867 
-0.598133 -0.253426 0.376993 
0.400795 -0.504304 0.485867 
-0.598105 -0.253711 0.377035 
0.400795 -0.504304 0.485867 
-0.598061 -0.253483 0.37716 
0.400795 -0.504304 0.485867 
-0.59805 -0.253501 0.377252 
0.400795 -0.504304 0.485867 
-0.598141 -0.253621 0.376817 
0.400795 -0.504304 0.485867 
-0.598037 -0.253915 0.377058 
0.400795 -0.504304 0.485867 
-0.598162 -0.253939 0.376828 
0.400795 -0.504304 0.485867 
-0.598041 -0.2538 0.377219 
0.400795 -0.504304 0.485867 
-0.598049 -0.253705 0.377303 
0.400795 -0.504304 0.485867 
-0.59803 -0.253765 0.377239 
0.400795 -0.504304 0.485867 
-0.598088 -0.253636 0.377115 
0.400795 -0.504304 0.485867 
-0.598026 -0.253714 0.377206 
0.400795 -0.504304 0.485867 
-0.597541 -0.252491 0.375905 
0.400795 -0.504304 0.485867 
-0.597061 -0.251126 0.374712 
0.400795 -0.504304 0.485867 
-0.596636 -0.250038 0.373418 
0.400795 -0.504304 0.485867 
-0.596223 -0.248738 0.372087 
0.400795 -0.504304 0.485867 
-0.595719 -0.247148 0.370883 
0.400795 -0.504304 0.485867 
-0.595385 -0.2456 0.369645 
0.400795 -0.504304 0.485867 
-0.595139 -0.243865 0.368053 
0.400795 -0.504304 0.485867 
-0.594939 -0.242001 0.366525 
0.400795 -0.504304 0.485867 
-0.59502 -0.240044 0.364766 
0.400795 -0.504304 0.485867 
-0.594837 -0.238086 0.363313 
0.400795 -0.504304 0.485867 
-0.594902 -0.236415 0.361536 
0.400795 -0.504304 0.485867 
-0.595119 -0.234148 0.359559 
0.400795 -0.504304 0.485867 
-0.595181 -0.231924 0.35799 
0.400795 -0.504304 0.485867 
-0.595515 -0.229498 0.356058 
0.400795 -0.504304 0.485867 
-0.595653 -0.227278 0.354485 
0.400795 -0.504304 0.485867 
-0.596067 -0.225026 0.352663 
0.400795 -0.504304 0.485867 
-0.596524 -0.22272 0.350823 
0.400795 -0.504304 0.485867 
-0.597224 -0.220142 0.348713 
0.400795 -0.504304 0.485867 
-0.597936 -0.217806 0.346691 
0.400795 -0.504304 0.485867 
-0.598413 -0.215789 0.345009 
0.400795 -0.504304 0.485867 
-0.599456 -0.2131 0.342905 
0.400795 -0.504304 0.485867 
-0.600085 -0.210956 0.341062 
0.400795 -0.504304 0.485867 
-0.60085 -0.208711 0.339303 
0.400795 -0.504304 0.485867 
-0.601669 -0.206398 0.337222 
0.400795 -0.504304 0.485867 
-0.60238 -0.204491 0.335404 
0.400795 -0.504304 0.485867 
-0.603494 -0.202789 0.334017 
0.400795 -0.504304 0.485867 
-0.604524 -0.202007 0.333338 
0.400795 -0.504304 0.485867 
-0.605891 -0.200369 0.332866 
0.400795 -0.504304 0.485867 
-0.606862 -0.200053 0.332234 
0.400795 -0.504304 0.485867 
-0.607515 -0.199488 0.331855 
0.400795 -0.504304 0.485867 
-0.608243 -0.199115 0.331593 
0.400795 -0.504304 0.485867 
-0.60905 -0.198899 0.331213 
0.400795 -0.504304 0.485867 
-0.609618 -0.198588 0.331085 
0.400795 -0.504304 0.485867 
-0.609873 -0.199157 0.330902 
0.400795 -0.504304 0.485867 
-0.609934 -0.199526 0.33108 
0.400795 -0.504304 0.485867 
-0.609897 -0.20005 0.331283 
0.400795 -0.504304 0.485867 
-0.610016 -0.2007 0.331289 
0.400795 -0.504304 0.485867 
-0.609786 -0.201754 0.33162 
0.400795 -0.504304 0.485867 
-0.609025 -0.20293 0.332555 
0.400795 -0.504304 0.485867 
-0.608684 -0.204184 0.332846 
0.400795 -0.504304 0.485867 
-0.608171 -0.205848 0.333407 
0.400795 -0.504304 0.485867 
-0.607698 -0.207158 0.333769 
0.400795 -0.504304 0.485867 
-0.607124 -0.208821 0.33422 
0.400795 -0.504304 0.485867 
-0.606281 -0.21089 0.334841 
0.400795 -0.504304 0.485867 
-0.605514 -0.212797 0.335429 
0.400795 -0.504304 0.485867 
-0.604658 -0.21483 0.336006 
0.400795 -0.504304 0.485867 
-0.603936 -0.21716 0.336528 
0.400795 -0.504304 0.485867 
-0.60308 -0.219822 0.336754 
0.400795 -0.504304 0.485867 
-0.602195 -0.222222 0.337176 
0.400795 -0.504304 0.485867 
-0.601515 -0.22487 0.337499 
0.400795 -0.504304 0.485867 
-0.600604 -0.227184 0.337946 
0.400795 -0.504304 0.485867 
-0.599871 -0.229716 0.338323 
0.400795 -0.504304 0.485867 
