-0.607651 -0.227665 0.446933 
0.400795 -0.504304 0.485867 
-0.607652 -0.227665 0.446933 
0.400795 -0.504304 0.485867 
-0.606765 -0.227753 0.448968 
0.400795 -0.504304 0.485867 
-0.607231 -0.227941 0.449782 
0.400795 -0.504304 0.485867 
-0.607745 -0.227973 0.449813 
0.400795 -0.504304 0.485867 
-0.608296 -0.227914 0.449921 
0.400795 -0.504304 0.485867 
-0.608948 -0.227902 0.449801 
0.400795 -0.504304 0.485867 
-0.60957 -0.228022 0.449644 
0.400795 -0.504304 0.485867 
-0.610301 -0.227971 0.44947 
0.400795 -0.504304 0.485867 
-0.611014 -0.228032 0.449603 
0.400795 -0.504304 0.485867 
-0.611755 -0.22821 0.449548 
0.400795 -0.504304 0.485867 
-0.612565 -0.22807 0.449384 
0.400795 -0.504304 0.485867 
-0.613461 -0.227917 0.449948 
0.400795 -0.504304 0.485867 
-0.613626 -0.227899 0.449586 
0.400795 -0.504304 0.485867 
-0.614418 -0.227873 0.449432 
0.400795 -0.504304 0.485867 
-0.615299 -0.227919 0.44948 
0.400795 -0.504304 0.485867 
-0.61616 -0.227877 0.449253 
0.400795 -0.504304 0.485867 
-0.616948 -0.227952 0.449015 
0.400795 -0.504304 0.485867 
-0.617723 -0.227979 0.448994 
0.400795 -0.504304 0.485867 
-0.618996 -0.227932 0.449016 
0.400795 -0.504304 0.485867 
-0.620272 -0.227954 0.448979 
0.400795 -0.504304 0.485867 
-0.621823 -0.228016 0.448724 
0.400795 -0.504304 0.485867 
-0.623313 -0.228078 0.448475 
0.400795 -0.504304 0.485867 
-0.613665 -0.22795 0.449378 
0.400795 -0.504304 0.485867 
-0.613365 -0.228199 0.450184 
0.400795 -0.504304 0.485867 
-0.614242 -0.228105 0.450045 
0.400795 -0.504304 0.485867 
-0.615203 -0.228127 0.44984 
0.400795 -0.504304 0.485867 
-0.61613 -0.228058 0.449625 
0.400795 -0.504304 0.485867 
-0.616909 -0.22807 0.449427 
0.400795 -0.504304 0.485867 
-0.617753 -0.227986 0.449315 
0.400795 -0.504304 0.485867 
-0.619071 -0.22794 0.449161 
0.400795 -0.504304 0.485867 
-0.620409 -0.227929 0.449043 
0.400795 -0.504304 0.485867 
-0.62181 -0.227904 0.44892 
0.400795 -0.504304 0.485867 
-0.623427 -0.22792 0.448541 
0.400795 -0.504304 0.485867 
-0.59223 -0.198108 0.484487 
0.400795 -0.504304 0.485867 
-0.59223 -0.198108 0.484487 
0.400795 -0.504304 0.485867 
-0.586845 -0.221979 0.461511 
0.400795 -0.504304 0.485867 
-0.588224 -0.243044 0.438761 
0.400795 -0.504304 0.485867 
-0.594311 -0.260053 0.418459 
0.400795 -0.504304 0.485867 
-0.601181 -0.27167 0.404448 
0.400795 -0.504304 0.485867 
-0.599531 -0.272627 0.408982 
0.400795 -0.504304 0.485867 
-0.597828 -0.2717 0.415661 
0.400795 -0.504304 0.485867 
-0.597334 -0.269836 0.420697 
0.400795 -0.504304 0.485867 
-0.597434 -0.268136 0.424134 
0.400795 -0.504304 0.485867 
-0.597637 -0.266467 0.426329 
0.400795 -0.504304 0.485867 
-0.597841 -0.265496 0.427616 
0.400795 -0.504304 0.485867 
-0.59795 -0.265909 0.427462 
0.400795 -0.504304 0.485867 
-0.597968 -0.265212 0.427152 
0.400795 -0.504304 0.485867 
-0.597951 -0.265581 0.427377 
0.400795 -0.504304 0.485867 
-0.597995 -0.26522 0.426944 
0.400795 -0.504304 0.485867 
-0.597925 -0.265345 0.427226 
0.400795 -0.504304 0.485867 
-0.597868 -0.265252 0.42681 
0.400795 -0.504304 0.485867 
-0.597622 -0.26482 0.427402 
0.400795 -0.504304 0.485867 
-0.597283 -0.264585 0.427162 
0.400795 -0.504304 0.485867 
-0.596802 -0.263787 0.427509 
0.400795 -0.504304 0.485867 
-0.596186 -0.262833 0.427957 
0.400795 -0.504304 0.485867 
-0.595603 -0.261449 0.427688 
0.400795 -0.504304 0.485867 
-0.594923 -0.258231 0.42846 
0.400795 -0.504304 0.485867 
-0.594401 -0.257027 0.428922 
0.400795 -0.504304 0.485867 
-0.593974 -0.254733 0.427693 
0.400795 -0.504304 0.485867 
-0.593388 -0.251839 0.428059 
0.400795 -0.504304 0.485867 
-0.592808 -0.24855 0.427806 
0.400795 -0.504304 0.485867 
-0.592455 -0.245878 0.427909 
0.400795 -0.504304 0.485867 
-0.592276 -0.24304 0.427454 
0.400795 -0.504304 0.485867 
-0.592129 -0.240083 0.427668 
0.400795 -0.504304 0.485867 
-0.592171 -0.237139 0.427353 
0.400795 -0.504304 0.485867 
-0.592388 -0.23509 0.427311 
0.400795 -0.504304 0.485867 
-0.592599 -0.232173 0.427402 
0.400795 -0.504304 0.485867 
-0.592789 -0.230441 0.427409 
0.400795 -0.504304 0.485867 
-0.593049 -0.22889 0.426479 
0.400795 -0.504304 0.485867 
-0.593232 -0.227634 0.426197 
0.400795 -0.504304 0.485867 
-0.593452 -0.226756 0.426892 
0.400795 -0.504304 0.485867 
-0.593684 -0.22574 0.427547 
0.400795 -0.504304 0.485867 
-0.593945 -0.224263 0.427228 
0.400795 -0.504304 0.485867 
-0.594179 -0.222833 0.427148 
0.400795 -0.504304 0.485867 
-0.594426 -0.222147 0.427275 
0.400795 -0.504304 0.485867 
-0.594521 -0.221629 0.428275 
0.400795 -0.504304 0.485867 
-0.594653 -0.220317 0.428382 
0.400795 -0.504304 0.485867 
-0.594698 -0.219155 0.429489 
0.400795 -0.504304 0.485867 
-0.594944 -0.217765 0.429102 
0.400795 -0.504304 0.485867 
-0.595191 -0.21585 0.429447 
0.400795 -0.504304 0.485867 
-0.595463 -0.214765 0.430571 
0.400795 -0.504304 0.485867 
-0.595748 -0.212844 0.431432 
0.400795 -0.504304 0.485867 
-0.596075 -0.21159 0.431903 
0.400795 -0.504304 0.485867 
-0.59642 -0.209165 0.432449 
0.400795 -0.504304 0.485867 
-0.596678 -0.206864 0.433458 
0.400795 -0.504304 0.485867 
-0.596973 -0.204125 0.434061 
0.400795 -0.504304 0.485867 
-0.597481 -0.201259 0.434838 
0.400795 -0.504304 0.485867 
-0.598061 -0.198449 0.435861 
0.400795 -0.504304 0.485867 
-0.598667 -0.19525 0.436572 
0.400795 -0.504304 0.485867 
-0.599159 -0.192481 0.437235 
0.400795 -0.504304 0.485867 
-0.599644 -0.189568 0.437996 
0.400795 -0.504304 0.485867 
-0.600141 -0.186399 0.438222 
0.400795 -0.504304 0.485867 
-0.600638 -0.182928 0.438412 
0.400795 -0.504304 0.485867 
-0.600942 -0.179905 0.437964 
0.400795 -0.504304 0.485867 
-0.601261 -0.177032 0.437689 
0.400795 -0.504304 0.485867 
-0.601588 -0.17453 0.437065 
0.400795 -0.504304 0.485867 
-0.601934 -0.17254 0.436878 
0.400795 -0.504304 0.485867 
-0.602235 -0.170551 0.436237 
0.400795 -0.504304 0.485867 
-0.602457 -0.169004 0.435777 
0.400795 -0.504304 0.485867 
-0.602749 -0.167347 0.435131 
0.400795 -0.504304 0.485867 
-0.602994 -0.165967 0.434608 
0.400795 -0.504304 0.485867 
-0.603297 -0.164622 0.433929 
0.400795 -0.504304 0.485867 
-0.603691 -0.163436 0.433465 
0.400795 -0.504304 0.485867 
-0.604264 -0.162365 0.432794 
0.400795 -0.504304 0.485867 
-0.604897 -0.161329 0.432395 
0.400795 -0.504304 0.485867 
-0.605536 -0.160529 0.432136 
0.400795 -0.504304 0.485867 
-0.606254 -0.159498 0.431914 
0.400795 -0.504304 0.485867 
-0.606942 -0.158782 0.43175 
0.400795 -0.504304 0.485867 
-0.607722 -0.157859 0.431486 
0.400795 -0.504304 0.485867 
-0.608423 -0.157188 0.431874 
0.400795 -0.504304 0.485867 
-0.609027 -0.156725 0.431796 
0.400795 -0.504304 0.485867 
-0.609642 -0.155858 0.431443 
0.400795 -0.504304 0.485867 
-0.610147 -0.15524 0.431372 
0.400795 -0.504304 0.485867 
-0.61044 -0.154993 0.431503 
0.400795 -0.504304 0.485867 
-0.610728 -0.154628 0.431534 
0.400795 -0.504304 0.485867 
-0.610855 -0.154746 0.431756 
0.400795 -0.504304 0.485867 
-0.611039 -0.154674 0.431964 
0.400795 -0.504304 0.485867 
-0.610959 -0.155205 0.432144 
0.400795 -0.504304 0.485867 
-0.610721 -0.155727 0.432628 
0.400795 -0.504304 0.485867 
-0.610346 -0.156435 0.432901 
0.400795 -0.504304 0.485867 
-0.609825 -0.157523 0.433134 
0.400795 -0.504304 0.485867 
-0.60898 -0.162538 0.432823 
0.400795 -0.504304 0.485867 
-0.60898 -0.16287 0.43326 
0.400795 -0.504304 0.485867 
-0.608393 -0.164532 0.433727 
0.400795 -0.504304 0.485867 
-0.607751 -0.166162 0.434099 
0.400795 -0.504304 0.485867 
-0.607151 -0.167689 0.43428 
0.400795 -0.504304 0.485867 
-0.606417 -0.169519 0.434857 
0.400795 -0.504304 0.485867 
-0.605612 -0.171313 0.435075 
0.400795 -0.504304 0.485867 
-0.604794 -0.173628 0.435366 
0.400795 -0.504304 0.485867 
-0.60403 -0.176279 0.435813 
0.400795 -0.504304 0.485867 
-0.603324 -0.179293 0.436354 
0.400795 -0.504304 0.485867 
-0.602516 -0.182685 0.436697 
0.400795 -0.504304 0.485867 
-0.601845 -0.185612 0.436931 
0.400795 -0.504304 0.485867 
-0.601119 -0.188783 0.437078 
0.400795 -0.504304 0.485867 
-0.600501 -0.191948 0.436859 
0.400795 -0.504304 0.485867 
-0.600008 -0.195042 0.436935 
0.400795 -0.504304 0.485867 
-0.599619 -0.197983 0.437037 
0.400795 -0.504304 0.485867 
-0.599273 -0.200867 0.436839 
0.400795 -0.504304 0.485867 
-0.599064 -0.203271 0.436848 
0.400795 -0.504304 0.485867 
-0.599007 -0.204761 0.436443 
0.400795 -0.504304 0.485867 
-0.598934 -0.205746 0.435891 
0.400795 -0.504304 0.485867 
-0.598832 -0.206598 0.435961 
0.400795 -0.504304 0.485867 
-0.598708 -0.20705 0.435551 
0.400795 -0.504304 0.485867 
-0.598532 -0.207923 0.435406 
0.400795 -0.504304 0.485867 
-0.598387 -0.209169 0.435502 
0.400795 -0.504304 0.485867 
-0.598297 -0.210362 0.435315 
0.400795 -0.504304 0.485867 
-0.598169 -0.211977 0.435278 
0.400795 -0.504304 0.485867 
-0.598098 -0.213885 0.435108 
0.400795 -0.504304 0.485867 
-0.59802 -0.215848 0.43531 
0.400795 -0.504304 0.485867 
-0.597916 -0.217745 0.435102 
0.400795 -0.504304 0.485867 
-0.597861 -0.219677 0.434565 
0.400795 -0.504304 0.485867 
-0.597949 -0.22266 0.434906 
0.400795 -0.504304 0.485867 
-0.598165 -0.224512 0.434341 
0.400795 -0.504304 0.485867 
-0.59846 -0.226658 0.434172 
0.400795 -0.504304 0.485867 
-0.598996 -0.228648 0.433318 
0.400795 -0.504304 0.485867 
-0.599532 -0.231548 0.432859 
0.400795 -0.504304 0.485867 
-0.600067 -0.23426 0.432723 
0.400795 -0.504304 0.485867 
-0.600591 -0.236666 0.431873 
0.400795 -0.504304 0.485867 
-0.601207 -0.239379 0.430889 
0.400795 -0.504304 0.485867 
-0.601915 -0.242073 0.429758 
0.400795 -0.504304 0.485867 
-0.602642 -0.245247 0.428656 
0.400795 -0.504304 0.485867 
-0.603269 -0.248257 0.427201 
0.400795 -0.504304 0.485867 
-0.603896 -0.25134 0.425513 
0.400795 -0.504304 0.485867 
-0.604488 -0.254192 0.423796 
0.400795 -0.504304 0.485867 
-0.604999 -0.256436 0.422489 
0.400795 -0.504304 0.485867 
-0.605438 -0.25796 0.42117 
0.400795 -0.504304 0.485867 
-0.605902 -0.259336 0.420187 
0.400795 -0.504304 0.485867 
-0.606237 -0.260161 0.419178 
0.400795 -0.504304 0.485867 
-0.606655 -0.260945 0.418337 
0.400795 -0.504304 0.485867 
-0.606997 -0.261215 0.418093 
0.400795 -0.504304 0.485867 
-0.607345 -0.2617 0.417659 
0.400795 -0.504304 0.485867 
-0.607709 -0.261629 0.417245 
0.400795 -0.504304 0.485867 
-0.608056 -0.261608 0.417488 
0.400795 -0.504304 0.485867 
-0.608327 -0.261221 0.417646 
0.400795 -0.504304 0.485867 
-0.608475 -0.260882 0.417795 
0.400795 -0.504304 0.485867 
-0.608392 -0.260483 0.417895 
0.400795 -0.504304 0.485867 
-0.608249 -0.260254 0.417946 
0.400795 -0.504304 0.485867 
-0.608099 -0.259832 0.417924 
0.400795 -0.504304 0.485867 
-0.607953 -0.259571 0.41799 
0.400795 -0.504304 0.485867 
-0.607745 -0.25943 0.417695 
0.400795 -0.504304 0.485867 
-0.607473 -0.2593 0.417586 
0.400795 -0.504304 0.485867 
-0.607212 -0.259368 0.417367 
0.400795 -0.504304 0.485867 
-0.607017 -0.259373 0.416967 
0.400795 -0.504304 0.485867 
-0.606854 -0.259433 0.416674 
0.400795 -0.504304 0.485867 
-0.606676 -0.259582 0.416561 
0.400795 -0.504304 0.485867 
-0.606628 -0.259959 0.416516 
0.400795 -0.504304 0.485867 
-0.606681 -0.260025 0.416747 
0.400795 -0.504304 0.485867 
-0.606733 -0.260128 0.416938 
0.400795 -0.504304 0.485867 
-0.606779 -0.260248 0.416965 
0.400795 -0.504304 0.485867 
-0.606737 -0.260372 0.416907 
0.400795 -0.504304 0.485867 
-0.606803 -0.260393 0.416777 
0.400795 -0.504304 0.485867 
-0.606782 -0.260402 0.416795 
0.400795 -0.504304 0.485867 
-0.606773 -0.260341 0.416812 
0.400795 -0.504304 0.485867 
-0.606789 -0.26029 0.416953 
0.400795 -0.504304 0.485867 
-0.606852 -0.260105 0.417011 
0.400795 -0.504304 0.485867 
-0.606853 -0.260176 0.417149 
0.400795 -0.504304 0.485867 
-0.606854 -0.2602 0.416903 
0.400795 -0.504304 0.485867 
-0.606814 -0.26024 0.416745 
0.400795 -0.504304 0.485867 
-0.606824 -0.26022 0.416901 
0.400795 -0.504304 0.485867 
-0.606899 -0.260352 0.41711 
0.400795 -0.504304 0.485867 
-0.606861 -0.260402 0.417154 
0.400795 -0.504304 0.485867 
-0.606823 -0.260525 0.417365 
0.400795 -0.504304 0.485867 
-0.606795 -0.260622 0.417533 
0.400795 -0.504304 0.485867 
-0.606635 -0.260665 0.417908 
0.400795 -0.504304 0.485867 
-0.606368 -0.260726 0.418036 
0.400795 -0.504304 0.485867 
-0.606064 -0.260702 0.418212 
0.400795 -0.504304 0.485867 
-0.605846 -0.260676 0.418517 
0.400795 -0.504304 0.485867 
-0.605681 -0.260598 0.418864 
0.400795 -0.504304 0.485867 
-0.60555 -0.260696 0.419003 
0.400795 -0.504304 0.485867 
-0.605258 -0.260483 0.419071 
0.400795 -0.504304 0.485867 
-0.605041 -0.260428 0.419278 
0.400795 -0.504304 0.485867 
-0.604881 -0.260329 0.419229 
0.400795 -0.504304 0.485867 
-0.604732 -0.260083 0.419168 
0.400795 -0.504304 0.485867 
-0.604604 -0.259972 0.419445 
0.400795 -0.504304 0.485867 
-0.604501 -0.259766 0.419535 
0.400795 -0.504304 0.485867 
-0.60438 -0.25936 0.419818 
0.400795 -0.504304 0.485867 
-0.604221 -0.258906 0.41995 
0.400795 -0.504304 0.485867 
-0.60404 -0.258305 0.420185 
0.400795 -0.504304 0.485867 
-0.603811 -0.257576 0.42039 
0.400795 -0.504304 0.485867 
-0.603612 -0.256902 0.420752 
0.400795 -0.504304 0.485867 
-0.603472 -0.255974 0.421115 
0.400795 -0.504304 0.485867 
-0.603223 -0.254979 0.421304 
0.400795 -0.504304 0.485867 
-0.602931 -0.254184 0.421683 
0.400795 -0.504304 0.485867 
-0.60272 -0.253192 0.421914 
0.400795 -0.504304 0.485867 
-0.6025 -0.252254 0.421964 
0.400795 -0.504304 0.485867 
-0.602353 -0.251461 0.421999 
0.400795 -0.504304 0.485867 
-0.602227 -0.250695 0.422069 
0.400795 -0.504304 0.485867 
-0.602104 -0.250002 0.422044 
0.400795 -0.504304 0.485867 
-0.601982 -0.249286 0.421769 
0.400795 -0.504304 0.485867 
-0.601957 -0.248806 0.421644 
0.400795 -0.504304 0.485867 
-0.601983 -0.2486 0.421408 
0.400795 -0.504304 0.485867 
-0.601995 -0.248449 0.421273 
0.400795 -0.504304 0.485867 
-0.602108 -0.248407 0.421182 
0.400795 -0.504304 0.485867 
-0.602223 -0.248223 0.421084 
0.400795 -0.504304 0.485867 
-0.602408 -0.248338 0.4209 
0.400795 -0.504304 0.485867 
-0.602582 -0.248583 0.420929 
0.400795 -0.504304 0.485867 
-0.602876 -0.249055 0.421019 
0.400795 -0.504304 0.485867 
-0.603222 -0.24961 0.421188 
0.400795 -0.504304 0.485867 
-0.603653 -0.250676 0.421317 
0.400795 -0.504304 0.485867 
-0.604146 -0.251825 0.421532 
0.400795 -0.504304 0.485867 
-0.604878 -0.25344 0.421511 
0.400795 -0.504304 0.485867 
-0.605651 -0.255075 0.421791 
0.400795 -0.504304 0.485867 
-0.60651 -0.256873 0.421896 
0.400795 -0.504304 0.485867 
-0.60725 -0.258908 0.421902 
0.400795 -0.504304 0.485867 
