-0.636927 -0.252299 0.373841 
0.400795 -0.504304 0.485867 
-0.636533 -0.249289 0.377615 
0.400795 -0.504304 0.485867 
-0.642617 -0.252481 0.377652 
0.400795 -0.504304 0.485867 
-0.643773 -0.253873 0.37776 
0.400795 -0.504304 0.485867 
-0.644266 -0.254885 0.377147 
0.400795 -0.504304 0.485867 
-0.644033 -0.254817 0.376757 
0.400795 -0.504304 0.485867 
-0.642384 -0.254366 0.377115 
0.400795 -0.504304 0.485867 
-0.639173 -0.25315 0.378314 
0.400795 -0.504304 0.485867 
-0.633534 -0.250328 0.380314 
0.400795 -0.504304 0.485867 
-0.629794 -0.248391 0.381471 
0.400795 -0.504304 0.485867 
-0.627216 -0.24752 0.382095 
0.400795 -0.504304 0.485867 
-0.626332 -0.24741 0.382523 
0.400795 -0.504304 0.485867 
-0.624595 -0.246768 0.383131 
0.400795 -0.504304 0.485867 
-0.622756 -0.246341 0.38367 
0.400795 -0.504304 0.485867 
-0.620653 -0.245157 0.384518 
0.400795 -0.504304 0.485867 
-0.618208 -0.244145 0.385391 
0.400795 -0.504304 0.485867 
-0.615927 -0.242397 0.385882 
0.400795 -0.504304 0.485867 
-0.61342 -0.241219 0.386535 
0.400795 -0.504304 0.485867 
-0.611138 -0.24053 0.387024 
0.400795 -0.504304 0.485867 
-0.609828 -0.240108 0.386893 
0.400795 -0.504304 0.485867 
-0.609327 -0.239692 0.386511 
0.400795 -0.504304 0.485867 
-0.608858 -0.239283 0.386009 
0.400795 -0.504304 0.485867 
-0.45805 -0.16486 0.48415 
0.400795 -0.504304 0.485867 
-0.483711 -0.175049 0.46717 
0.400795 -0.504304 0.485867 
-0.483711 -0.175049 0.46717 
0.400795 -0.504304 0.485867 
-0.483711 -0.175049 0.46717 
0.400795 -0.504304 0.485867 
-0.483711 -0.175049 0.46717 
0.400795 -0.504304 0.485867 
-0.483711 -0.175049 0.46717 
0.400795 -0.504304 0.485867 
