-0.601051 -0.195126 0.395079 
0.400795 -0.504304 0.485867 
-0.601052 -0.195127 0.395079 
0.400795 -0.504304 0.485867 
-0.601124 -0.195043 0.393515 
0.400795 -0.504304 0.485867 
-0.601234 -0.195229 0.39289 
0.400795 -0.504304 0.485867 
-0.601262 -0.195292 0.3931 
0.400795 -0.504304 0.485867 
-0.601175 -0.195216 0.393481 
0.400795 -0.504304 0.485867 
-0.601223 -0.195133 0.393201 
0.400795 -0.504304 0.485867 
-0.601178 -0.195291 0.39351 
0.400795 -0.504304 0.485867 
-0.601228 -0.195441 0.393372 
0.400795 -0.504304 0.485867 
-0.601302 -0.195131 0.393027 
0.400795 -0.504304 0.485867 
-0.601211 -0.195307 0.393255 
0.400795 -0.504304 0.485867 
-0.601248 -0.195292 0.393104 
0.400795 -0.504304 0.485867 
-0.601214 -0.195317 0.393412 
0.400795 -0.504304 0.485867 
-0.601294 -0.195221 0.393182 
0.400795 -0.504304 0.485867 
-0.601255 -0.195254 0.393281 
0.400795 -0.504304 0.485867 
-0.601347 -0.195309 0.392812 
0.400795 -0.504304 0.485867 
-0.601341 -0.195179 0.393012 
0.400795 -0.504304 0.485867 
-0.601301 -0.195394 0.392994 
0.400795 -0.504304 0.485867 
-0.601236 -0.195248 0.393258 
0.400795 -0.504304 0.485867 
-0.601224 -0.195236 0.393504 
0.400795 -0.504304 0.485867 
-0.601273 -0.195218 0.393458 
0.400795 -0.504304 0.485867 
