-0.597268 -0.255126 0.407261 
0.386728 -0.491521 0.441287 
-0.597268 -0.255126 0.407261 
0.386728 -0.491521 0.441287 
-0.597268 -0.255126 0.407261 
0.386728 -0.491521 0.441287 
-0.597268 -0.255126 0.407261 
0.386728 -0.491521 0.441287 
-0.597268 -0.255126 0.407261 
0.386728 -0.491521 0.441287 
-0.597268 -0.255126 0.407261 
0.386728 -0.491521 0.441287 
-0.597268 -0.255126 0.407261 
0.386728 -0.491521 0.441287 
-0.597268 -0.255126 0.407261 
0.386728 -0.491521 0.441287 
-0.597268 -0.255126 0.407261 
0.386728 -0.491521 0.441287 
-0.597268 -0.255126 0.407261 
0.386728 -0.491521 0.441287 
-0.597268 -0.255126 0.407261 
0.386728 -0.491521 0.441287 
-0.597268 -0.255126 0.407261 
0.386728 -0.491521 0.441287 
-0.597268 -0.255126 0.407261 
0.386728 -0.491521 0.441287 
-0.597268 -0.255126 0.407261 
0.386728 -0.491521 0.441287 
-0.597268 -0.255126 0.407261 
0.386728 -0.491521 0.441287 
-0.597268 -0.255126 0.407261 
0.386728 -0.491521 0.441287 
-0.597268 -0.255126 0.407261 
0.386728 -0.491521 0.441287 
-0.597268 -0.255126 0.407261 
0.386728 -0.491521 0.441287 
-0.597268 -0.255126 0.407261 
0.386728 -0.491521 0.441287 
-0.597268 -0.255126 0.407261 
0.386728 -0.491521 0.441287 
-0.597268 -0.255126 0.407261 
0.386728 -0.491521 0.441287 
-0.597268 -0.255126 0.407261 
0.386728 -0.491521 0.441287 
-0.597268 -0.255126 0.407261 
0.386728 -0.491521 0.441287 
-0.597268 -0.255126 0.407261 
0.386728 -0.491521 0.441287 
-0.597268 -0.255126 0.407261 
0.386728 -0.491521 0.441287 
-0.597268 -0.255126 0.407261 
0.386728 -0.491521 0.441287 
-0.597268 -0.255126 0.407261 
0.386728 -0.491521 0.441287 
-0.597268 -0.255126 0.407261 
0.386728 -0.491521 0.441287 
-0.597268 -0.255126 0.407261 
0.386728 -0.491521 0.441287 
-0.597268 -0.255126 0.407261 
0.386728 -0.491521 0.441287 
-0.597268 -0.255126 0.407261 
0.386728 -0.491521 0.441287 
-0.597268 -0.255126 0.407261 
0.386728 -0.491521 0.441287 
-0.597268 -0.255126 0.407261 
0.386728 -0.491521 0.441287 
-0.597268 -0.255126 0.407261 
0.386728 -0.491521 0.441287 
-0.597268 -0.255126 0.407261 
0.386728 -0.491521 0.441287 
-0.597268 -0.255126 0.407261 
0.386728 -0.491521 0.441287 
-0.597268 -0.255126 0.407261 
0.386728 -0.491521 0.441287 
-0.597268 -0.255126 0.407261 
0.386728 -0.491521 0.441287 
-0.597268 -0.255126 0.407261 
0.386728 -0.491521 0.441287 
-0.597268 -0.255126 0.407261 
0.386728 -0.491521 0.441287 
-0.597268 -0.255126 0.407261 
0.386728 -0.491521 0.441287 
-0.597268 -0.255126 0.407261 
0.386728 -0.491521 0.441287 
-0.597268 -0.255126 0.407261 
0.386728 -0.491521 0.441287 
-0.597268 -0.255126 0.407261 
0.386728 -0.491521 0.441287 
-0.597268 -0.255126 0.407261 
0.386728 -0.491521 0.441287 
-0.597268 -0.255126 0.407261 
0.386728 -0.491521 0.441287 
-0.597268 -0.255126 0.407261 
0.386728 -0.491521 0.441287 
-0.597268 -0.255126 0.407261 
0.386728 -0.491521 0.441287 
-0.597268 -0.255126 0.407261 
0.386728 -0.491521 0.441287 
-0.597268 -0.255126 0.407261 
0.386728 -0.491521 0.441287 
-0.597268 -0.255126 0.407261 
0.386728 -0.491521 0.441287 
-0.597268 -0.255126 0.407261 
0.386728 -0.491521 0.441287 
-0.597268 -0.255126 0.407261 
0.386728 -0.491521 0.441287 
-0.597268 -0.255126 0.407261 
0.386728 -0.491521 0.441287 
-0.597268 -0.255126 0.407261 
0.386728 -0.491521 0.441287 
-0.597268 -0.255126 0.407261 
0.386728 -0.491521 0.441287 
-0.597268 -0.255126 0.407261 
0.386728 -0.491521 0.441287 
-0.597268 -0.255126 0.407261 
0.386728 -0.491521 0.441287 
-0.597268 -0.255126 0.407261 
0.386728 -0.491521 0.441287 
