-0.597268 -0.255126 0.407261 
0.437158 -0.468587 0.472708 
-0.597268 -0.255126 0.407261 
0.437157 -0.468587 0.472707 
-0.597268 -0.255126 0.407261 
0.436651 -0.468579 0.472063 
-0.597268 -0.255126 0.407261 
0.435574 -0.468688 0.471509 
-0.597268 -0.255126 0.407261 
0.43371 -0.468865 0.472383 
-0.597268 -0.255126 0.407261 
0.430679 -0.469636 0.473386 
-0.597268 -0.255126 0.407261 
0.427527 -0.470729 0.474678 
-0.597268 -0.255126 0.407261 
0.424708 -0.471984 0.476201 
-0.597268 -0.255126 0.407261 
0.422336 -0.473151 0.478056 
-0.597268 -0.255126 0.407261 
0.420574 -0.474199 0.478282 
-0.597268 -0.255126 0.407261 
0.420399 -0.474771 0.479084 
-0.597268 -0.255126 0.407261 
0.420184 -0.474816 0.478979 
-0.597268 -0.255126 0.407261 
0.419842 -0.474677 0.478313 
-0.597268 -0.255126 0.407261 
0.419371 -0.474584 0.477472 
-0.597268 -0.255126 0.407261 
0.418907 -0.474557 0.476712 
-0.597268 -0.255126 0.407261 
0.418572 -0.474355 0.476231 
-0.597268 -0.255126 0.407261 
0.418537 -0.474257 0.476217 
-0.597268 -0.255126 0.407261 
0.418573 -0.47412 0.476522 
-0.597268 -0.255126 0.407261 
0.418501 -0.473925 0.476519 
-0.597268 -0.255126 0.407261 
0.418277 -0.473764 0.476163 
-0.597268 -0.255126 0.407261 
0.418068 -0.473703 0.475793 
-0.597268 -0.255126 0.407261 
0.417837 -0.47368 0.475499 
-0.597268 -0.255126 0.407261 
0.417739 -0.473814 0.475348 
-0.597268 -0.255126 0.407261 
0.41759 -0.474062 0.474995 
-0.597268 -0.255126 0.407261 
0.417813 -0.474226 0.475445 
-0.597268 -0.255126 0.407261 
0.417809 -0.474387 0.475331 
-0.597268 -0.255126 0.407261 
0.417995 -0.474445 0.475614 
-0.597268 -0.255126 0.407261 
0.417189 -0.473218 0.473556 
-0.597268 -0.255126 0.407261 
0.417189 -0.473218 0.473556 
-0.597268 -0.255126 0.407261 
0.417322 -0.473392 0.473794 
-0.597268 -0.255126 0.407261 
0.417366 -0.473512 0.47387 
-0.597268 -0.255126 0.407261 
0.417291 -0.473636 0.473669 
-0.597268 -0.255126 0.407261 
0.41703 -0.473621 0.47322 
-0.597268 -0.255126 0.407261 
0.416804 -0.473605 0.472747 
-0.597268 -0.255126 0.407261 
0.416849 -0.473635 0.472945 
-0.597268 -0.255126 0.407261 
0.416877 -0.473612 0.473067 
-0.597268 -0.255126 0.407261 
0.416928 -0.473617 0.473127 
-0.597268 -0.255126 0.407261 
0.417054 -0.473531 0.473476 
-0.597268 -0.255126 0.407261 
0.417074 -0.473383 0.473614 
-0.597268 -0.255126 0.407261 
0.416898 -0.473387 0.473195 
-0.597268 -0.255126 0.407261 
0.416825 -0.473326 0.473002 
-0.597268 -0.255126 0.407261 
0.416787 -0.473322 0.472898 
-0.597268 -0.255126 0.407261 
0.41683 -0.473461 0.472854 
-0.597268 -0.255126 0.407261 
0.41685 -0.473547 0.472871 
-0.597268 -0.255126 0.407261 
0.416561 -0.473645 0.472194 
-0.597268 -0.255126 0.407261 
0.416528 -0.473638 0.472199 
-0.597268 -0.255126 0.407261 
0.41637 -0.47358 0.471936 
-0.597268 -0.255126 0.407261 
0.415916 -0.473399 0.471061 
-0.597268 -0.255126 0.407261 
0.415364 -0.473171 0.470005 
-0.597268 -0.255126 0.407261 
0.414864 -0.472627 0.469647 
-0.597268 -0.255126 0.407261 
0.413701 -0.472078 0.468702 
-0.597268 -0.255126 0.407261 
0.412255 -0.471673 0.467611 
-0.597268 -0.255126 0.407261 
0.410738 -0.471451 0.466645 
-0.597268 -0.255126 0.407261 
0.40886 -0.471352 0.465845 
-0.597268 -0.255126 0.407261 
0.407065 -0.47178 0.464935 
-0.597268 -0.255126 0.407261 
0.405939 -0.472506 0.464383 
-0.597268 -0.255126 0.407261 
0.405361 -0.473054 0.46445 
-0.597268 -0.255126 0.407261 
0.405021 -0.473245 0.464706 
-0.597268 -0.255126 0.407261 
0.40494 -0.473613 0.464886 
-0.597268 -0.255126 0.407261 
0.405145 -0.473487 0.465062 
-0.597268 -0.255126 0.407261 
0.404901 -0.47298 0.464721 
-0.597268 -0.255126 0.407261 
0.404842 -0.472499 0.464779 
-0.597268 -0.255126 0.407261 
0.40454 -0.47248 0.464232 
-0.597268 -0.255126 0.407261 
0.404489 -0.472558 0.464343 
-0.597268 -0.255126 0.407261 
0.404259 -0.472986 0.463926 
-0.597268 -0.255126 0.407261 
0.404193 -0.473546 0.463578 
-0.597268 -0.255126 0.407261 
0.404227 -0.474059 0.463807 
-0.597268 -0.255126 0.407261 
0.404306 -0.474354 0.464145 
-0.597268 -0.255126 0.407261 
0.404492 -0.474366 0.464674 
-0.597268 -0.255126 0.407261 
0.404782 -0.474308 0.464922 
-0.597268 -0.255126 0.407261 
0.405034 -0.474231 0.46553 
-0.597268 -0.255126 0.407261 
0.405174 -0.474185 0.465628 
-0.597268 -0.255126 0.407261 
0.405183 -0.474159 0.465396 
-0.597268 -0.255126 0.407261 
0.405138 -0.47401 0.465119 
-0.597268 -0.255126 0.407261 
0.405274 -0.473876 0.465462 
-0.597268 -0.255126 0.407261 
0.405146 -0.473704 0.465031 
-0.597268 -0.255126 0.407261 
0.405233 -0.473636 0.465198 
-0.597268 -0.255126 0.407261 
0.405257 -0.473511 0.465296 
-0.597268 -0.255126 0.407261 
0.405487 -0.473319 0.465971 
-0.597268 -0.255126 0.407261 
0.4056 -0.473333 0.466229 
-0.597268 -0.255126 0.407261 
0.405581 -0.473242 0.466192 
-0.597268 -0.255126 0.407261 
0.405448 -0.473352 0.465734 
-0.597268 -0.255126 0.407261 
0.405441 -0.473408 0.465644 
-0.597268 -0.255126 0.407261 
0.405321 -0.473427 0.465215 
-0.597268 -0.255126 0.407261 
0.405218 -0.473389 0.46494 
-0.597268 -0.255126 0.407261 
0.405252 -0.473263 0.465081 
-0.597268 -0.255126 0.407261 
0.405215 -0.473183 0.464995 
-0.597268 -0.255126 0.407261 
0.40515 -0.473079 0.464961 
-0.597268 -0.255126 0.407261 
0.405288 -0.472917 0.46558 
-0.597268 -0.255126 0.407261 
0.40516 -0.472965 0.465171 
-0.597268 -0.255126 0.407261 
0.405078 -0.473261 0.464557 
-0.597268 -0.255126 0.407261 
0.405071 -0.473336 0.464397 
-0.597268 -0.255126 0.407261 
0.404971 -0.473556 0.463842 
-0.597268 -0.255126 0.407261 
0.404971 -0.473556 0.463842 
-0.597268 -0.255126 0.407261 
0.405012 -0.473657 0.463588 
-0.597268 -0.255126 0.407261 
0.404899 -0.473787 0.462957 
-0.597268 -0.255126 0.407261 
0.404948 -0.473812 0.463003 
-0.597268 -0.255126 0.407261 
0.404857 -0.473807 0.462831 
