-0.597268 -0.255126 0.407261 
0.386668 -0.491602 0.440592 
-0.597268 -0.255126 0.407261 
0.386668 -0.491602 0.440592 
-0.597268 -0.255126 0.407261 
0.386668 -0.491602 0.440592 
-0.597268 -0.255126 0.407261 
0.386668 -0.491602 0.440592 
-0.597268 -0.255126 0.407261 
0.386668 -0.491602 0.440592 
-0.597268 -0.255126 0.407261 
0.386668 -0.491602 0.440592 
-0.597268 -0.255126 0.407261 
0.386668 -0.491602 0.440592 
-0.597268 -0.255126 0.407261 
0.386668 -0.491602 0.440592 
-0.597268 -0.255126 0.407261 
0.386668 -0.491602 0.440592 
-0.597268 -0.255126 0.407261 
0.386668 -0.491602 0.440592 
-0.597268 -0.255126 0.407261 
0.386668 -0.491602 0.440592 
-0.597268 -0.255126 0.407261 
0.386668 -0.491602 0.440592 
-0.597268 -0.255126 0.407261 
0.386668 -0.491602 0.440592 
-0.597268 -0.255126 0.407261 
0.386668 -0.491602 0.440592 
-0.597268 -0.255126 0.407261 
0.386668 -0.491602 0.440592 
-0.597268 -0.255126 0.407261 
0.386668 -0.491602 0.440592 
-0.597268 -0.255126 0.407261 
0.386668 -0.491602 0.440592 
-0.597268 -0.255126 0.407261 
0.386668 -0.491602 0.440592 
-0.597268 -0.255126 0.407261 
0.386668 -0.491602 0.440592 
-0.597268 -0.255126 0.407261 
0.386668 -0.491602 0.440592 
-0.597268 -0.255126 0.407261 
0.386668 -0.491602 0.440592 
-0.597268 -0.255126 0.407261 
0.386668 -0.491602 0.440592 
-0.597268 -0.255126 0.407261 
0.386668 -0.491602 0.440592 
-0.597268 -0.255126 0.407261 
0.386668 -0.491602 0.440592 
-0.597268 -0.255126 0.407261 
0.386668 -0.491602 0.440592 
-0.597268 -0.255126 0.407261 
0.386668 -0.491602 0.440592 
-0.597268 -0.255126 0.407261 
0.386668 -0.491602 0.440592 
-0.597268 -0.255126 0.407261 
0.386668 -0.491602 0.440592 
-0.597268 -0.255126 0.407261 
0.386668 -0.491602 0.440592 
-0.597268 -0.255126 0.407261 
0.386668 -0.491602 0.440592 
-0.597268 -0.255126 0.407261 
0.386668 -0.491602 0.440592 
-0.597268 -0.255126 0.407261 
0.386668 -0.491602 0.440592 
-0.597268 -0.255126 0.407261 
0.386668 -0.491602 0.440592 
-0.597268 -0.255126 0.407261 
0.386668 -0.491602 0.440592 
-0.597268 -0.255126 0.407261 
0.386668 -0.491602 0.440592 
-0.597268 -0.255126 0.407261 
0.386668 -0.491602 0.440592 
-0.597268 -0.255126 0.407261 
0.386668 -0.491602 0.440592 
-0.597268 -0.255126 0.407261 
0.386668 -0.491602 0.440592 
-0.597268 -0.255126 0.407261 
0.386668 -0.491602 0.440592 
-0.597268 -0.255126 0.407261 
0.386668 -0.491602 0.440592 
-0.597268 -0.255126 0.407261 
0.386668 -0.491602 0.440592 
-0.597268 -0.255126 0.407261 
0.386668 -0.491602 0.440592 
-0.597268 -0.255126 0.407261 
0.386668 -0.491602 0.440592 
-0.597268 -0.255126 0.407261 
0.386668 -0.491602 0.440592 
-0.597268 -0.255126 0.407261 
0.386668 -0.491602 0.440592 
-0.597268 -0.255126 0.407261 
0.386668 -0.491602 0.440592 
-0.597268 -0.255126 0.407261 
0.386668 -0.491602 0.440592 
-0.597268 -0.255126 0.407261 
0.386668 -0.491602 0.440592 
-0.597268 -0.255126 0.407261 
0.386668 -0.491602 0.440592 
-0.597268 -0.255126 0.407261 
0.386668 -0.491602 0.440592 
-0.597268 -0.255126 0.407261 
0.386668 -0.491602 0.440592 
-0.597268 -0.255126 0.407261 
0.386668 -0.491602 0.440592 
-0.597268 -0.255126 0.407261 
0.386668 -0.491602 0.440592 
-0.597268 -0.255126 0.407261 
0.386668 -0.491602 0.440592 
-0.597268 -0.255126 0.407261 
0.386668 -0.491602 0.440592 
-0.597268 -0.255126 0.407261 
0.386668 -0.491602 0.440592 
-0.597268 -0.255126 0.407261 
0.386668 -0.491602 0.440592 
-0.597268 -0.255126 0.407261 
0.386668 -0.491602 0.440592 
-0.597268 -0.255126 0.407261 
0.386668 -0.491602 0.440592 
