-0.597788 -0.214058 0.373194 
0.400795 -0.504304 0.485867 
-0.597789 -0.214059 0.373194 
0.400795 -0.504304 0.485867 
-0.597781 -0.214073 0.372004 
0.400795 -0.504304 0.485867 
-0.597981 -0.21407 0.371668 
0.400795 -0.504304 0.485867 
-0.597859 -0.214216 0.372037 
0.400795 -0.504304 0.485867 
-0.59797 -0.214123 0.371931 
0.400795 -0.504304 0.485867 
-0.597932 -0.214196 0.372227 
0.400795 -0.504304 0.485867 
-0.597995 -0.214297 0.37199 
0.400795 -0.504304 0.485867 
-0.597834 -0.214314 0.372157 
0.400795 -0.504304 0.485867 
-0.597854 -0.214257 0.372216 
0.400795 -0.504304 0.485867 
-0.597894 -0.2143 0.372048 
0.400795 -0.504304 0.485867 
-0.597916 -0.214199 0.372108 
0.400795 -0.504304 0.485867 
-0.59793 -0.214138 0.372182 
0.400795 -0.504304 0.485867 
-0.597877 -0.214257 0.372085 
0.400795 -0.504304 0.485867 
-0.597808 -0.214206 0.372346 
0.400795 -0.504304 0.485867 
-0.597984 -0.214059 0.372116 
0.400795 -0.504304 0.485867 
-0.597974 -0.213961 0.372125 
0.400795 -0.504304 0.485867 
-0.598049 -0.214002 0.371546 
0.400795 -0.504304 0.485867 
-0.597933 -0.214334 0.371883 
0.400795 -0.504304 0.485867 
-0.597841 -0.214465 0.372103 
0.400795 -0.504304 0.485867 
-0.597882 -0.214208 0.372194 
0.400795 -0.504304 0.485867 
-0.597849 -0.214202 0.372068 
0.400795 -0.504304 0.485867 
-0.59789 -0.214371 0.371891 
0.400795 -0.504304 0.485867 
