-0.597268 -0.255126 0.407261 
0.437158 -0.468587 0.472708 
-0.597268 -0.255126 0.407261 
0.437157 -0.468587 0.472707 
-0.597268 -0.255126 0.407261 
0.437157 -0.468587 0.472707 
-0.597268 -0.255126 0.407261 
0.436651 -0.468579 0.472063 
-0.597268 -0.255126 0.407261 
0.436265 -0.4686 0.471733 
-0.597268 -0.255126 0.407261 
0.435574 -0.468688 0.471509 
-0.597268 -0.255126 0.407261 
0.434837 -0.468731 0.472073 
-0.597268 -0.255126 0.407261 
0.43371 -0.468865 0.472383 
-0.597268 -0.255126 0.407261 
0.432138 -0.469155 0.472546 
-0.597268 -0.255126 0.407261 
0.430679 -0.469636 0.473386 
-0.597268 -0.255126 0.407261 
0.429162 -0.470154 0.474146 
-0.597268 -0.255126 0.407261 
0.427527 -0.470729 0.474678 
-0.597268 -0.255126 0.407261 
0.426029 -0.471354 0.475356 
-0.597268 -0.255126 0.407261 
0.424708 -0.471984 0.476201 
-0.597268 -0.255126 0.407261 
0.423569 -0.472576 0.477255 
-0.597268 -0.255126 0.407261 
0.422336 -0.473151 0.478056 
-0.597268 -0.255126 0.407261 
0.421392 -0.473658 0.478024 
-0.597268 -0.255126 0.407261 
0.420574 -0.474199 0.478282 
-0.597268 -0.255126 0.407261 
0.420559 -0.474555 0.479105 
-0.597268 -0.255126 0.407261 
0.420399 -0.474771 0.479084 
-0.597268 -0.255126 0.407261 
0.420198 -0.474813 0.478898 
-0.597268 -0.255126 0.407261 
0.420184 -0.474816 0.478979 
-0.597268 -0.255126 0.407261 
0.420036 -0.474752 0.478703 
-0.597268 -0.255126 0.407261 
0.419842 -0.474677 0.478313 
-0.597268 -0.255126 0.407261 
0.419471 -0.474661 0.477523 
-0.597268 -0.255126 0.407261 
0.419371 -0.474584 0.477472 
-0.597268 -0.255126 0.407261 
0.419167 -0.474566 0.477159 
-0.597268 -0.255126 0.407261 
0.418907 -0.474557 0.476712 
-0.597268 -0.255126 0.407261 
0.418721 -0.474451 0.476446 
-0.597268 -0.255126 0.407261 
0.418572 -0.474355 0.476231 
-0.597268 -0.255126 0.407261 
0.418622 -0.4743 0.476384 
-0.597268 -0.255126 0.407261 
0.418537 -0.474257 0.476217 
-0.597268 -0.255126 0.407261 
0.418448 -0.474242 0.476078 
-0.597268 -0.255126 0.407261 
0.418573 -0.47412 0.476522 
-0.597268 -0.255126 0.407261 
0.418588 -0.474015 0.476669 
-0.597268 -0.255126 0.407261 
0.418501 -0.473925 0.476519 
-0.597268 -0.255126 0.407261 
0.418356 -0.473866 0.476247 
-0.597268 -0.255126 0.407261 
0.418277 -0.473764 0.476163 
-0.597268 -0.255126 0.407261 
0.418204 -0.473716 0.476056 
-0.597268 -0.255126 0.407261 
0.418068 -0.473703 0.475793 
-0.597268 -0.255126 0.407261 
0.417876 -0.473671 0.475486 
-0.597268 -0.255126 0.407261 
0.417837 -0.47368 0.475499 
-0.597268 -0.255126 0.407261 
0.417838 -0.473687 0.475584 
-0.597268 -0.255126 0.407261 
0.417739 -0.473814 0.475348 
-0.597268 -0.255126 0.407261 
0.417659 -0.473959 0.47514 
-0.597268 -0.255126 0.407261 
0.41759 -0.474062 0.474995 
-0.597268 -0.255126 0.407261 
0.417758 -0.474118 0.475398 
-0.597268 -0.255126 0.407261 
0.417813 -0.474226 0.475445 
-0.597268 -0.255126 0.407261 
0.417957 -0.474266 0.475742 
-0.597268 -0.255126 0.407261 
0.417809 -0.474387 0.475331 
-0.597268 -0.255126 0.407261 
0.417926 -0.474468 0.475515 
-0.597268 -0.255126 0.407261 
0.417995 -0.474445 0.475614 
-0.597268 -0.255126 0.407261 
0.417932 -0.474434 0.475427 
-0.597268 -0.255126 0.407261 
0.417904 -0.47445 0.475274 
-0.597268 -0.255126 0.407261 
0.41799 -0.474317 0.475502 
-0.597268 -0.255126 0.407261 
0.418052 -0.474251 0.475589 
-0.597268 -0.255126 0.407261 
0.418042 -0.474215 0.475551 
-0.597268 -0.255126 0.407261 
0.417977 -0.474223 0.475356 
-0.597268 -0.255126 0.407261 
0.418005 -0.474238 0.475357 
-0.597268 -0.255126 0.407261 
0.417958 -0.474244 0.475208 
-0.597268 -0.255126 0.407261 
0.417944 -0.474167 0.475173 
-0.597268 -0.255126 0.407261 
0.417887 -0.474109 0.475053 
-0.597268 -0.255126 0.407261 
0.417721 -0.47417 0.474627 
-0.597268 -0.255126 0.407261 
0.417652 -0.474151 0.474473 
-0.597268 -0.255126 0.407261 
0.417655 -0.474148 0.474431 
-0.597268 -0.255126 0.407261 
0.417664 -0.474052 0.474526 
-0.597268 -0.255126 0.407261 
0.417559 -0.474012 0.4743 
-0.597268 -0.255126 0.407261 
0.417511 -0.473954 0.474178 
-0.597268 -0.255126 0.407261 
0.417469 -0.473798 0.474177 
-0.597268 -0.255126 0.407261 
0.417355 -0.473663 0.473991 
-0.597268 -0.255126 0.407261 
0.417193 -0.473575 0.47365 
-0.597268 -0.255126 0.407261 
0.417006 -0.473517 0.473217 
-0.597268 -0.255126 0.407261 
0.416828 -0.47347 0.472795 
-0.597268 -0.255126 0.407261 
0.416811 -0.473306 0.472846 
-0.597268 -0.255126 0.407261 
0.416597 -0.473219 0.472396 
-0.597268 -0.255126 0.407261 
0.416417 -0.473155 0.471987 
-0.597268 -0.255126 0.407261 
0.41641 -0.473139 0.471994 
-0.597268 -0.255126 0.407261 
0.416419 -0.473029 0.472118 
-0.597268 -0.255126 0.407261 
0.416344 -0.472899 0.472003 
-0.597268 -0.255126 0.407261 
0.416223 -0.472833 0.471731 
-0.597268 -0.255126 0.407261 
0.416298 -0.472724 0.471947 
-0.597268 -0.255126 0.407261 
0.416379 -0.472672 0.472137 
-0.597268 -0.255126 0.407261 
0.416477 -0.472671 0.472323 
-0.597268 -0.255126 0.407261 
0.41665 -0.472606 0.472735 
-0.597268 -0.255126 0.407261 
0.41677 -0.472646 0.472976 
-0.597268 -0.255126 0.407261 
0.417055 -0.472724 0.47361 
-0.597268 -0.255126 0.407261 
0.417012 -0.472796 0.473428 
-0.597268 -0.255126 0.407261 
0.416864 -0.472855 0.472995 
-0.597268 -0.255126 0.407261 
0.416973 -0.472949 0.473176 
-0.597268 -0.255126 0.407261 
0.437158 -0.468587 0.472708 
-0.597268 -0.255126 0.407261 
0.437157 -0.468587 0.472707 
-0.597268 -0.255126 0.407261 
0.437157 -0.468587 0.472707 
-0.597268 -0.255126 0.407261 
0.436651 -0.468579 0.472063 
-0.597268 -0.255126 0.407261 
0.436265 -0.4686 0.471733 
-0.597268 -0.255126 0.407261 
0.435574 -0.468688 0.471509 
-0.597268 -0.255126 0.407261 
0.434837 -0.468731 0.472073 
-0.597268 -0.255126 0.407261 
0.43371 -0.468865 0.472383 
-0.597268 -0.255126 0.407261 
0.432138 -0.469155 0.472546 
-0.597268 -0.255126 0.407261 
0.430679 -0.469636 0.473386 
-0.597268 -0.255126 0.407261 
0.429162 -0.470154 0.474146 
-0.597268 -0.255126 0.407261 
0.427527 -0.470729 0.474678 
-0.597268 -0.255126 0.407261 
0.426029 -0.471354 0.475356 
-0.597268 -0.255126 0.407261 
0.424708 -0.471984 0.476201 
-0.597268 -0.255126 0.407261 
0.423569 -0.472576 0.477255 
-0.597268 -0.255126 0.407261 
0.422336 -0.473151 0.478056 
-0.597268 -0.255126 0.407261 
0.421392 -0.473658 0.478024 
-0.597268 -0.255126 0.407261 
0.420574 -0.474199 0.478282 
-0.597268 -0.255126 0.407261 
0.420559 -0.474555 0.479105 
-0.597268 -0.255126 0.407261 
0.420399 -0.474771 0.479084 
-0.597268 -0.255126 0.407261 
0.420198 -0.474813 0.478898 
-0.597268 -0.255126 0.407261 
0.420184 -0.474816 0.478979 
-0.597268 -0.255126 0.407261 
0.420036 -0.474752 0.478703 
-0.597268 -0.255126 0.407261 
0.419842 -0.474677 0.478313 
-0.597268 -0.255126 0.407261 
0.419471 -0.474661 0.477523 
-0.597268 -0.255126 0.407261 
0.419371 -0.474584 0.477472 
-0.597268 -0.255126 0.407261 
0.419167 -0.474566 0.477159 
-0.597268 -0.255126 0.407261 
0.418907 -0.474557 0.476712 
-0.597268 -0.255126 0.407261 
0.418721 -0.474451 0.476446 
-0.597268 -0.255126 0.407261 
0.418572 -0.474355 0.476231 
-0.597268 -0.255126 0.407261 
0.418622 -0.4743 0.476384 
-0.597268 -0.255126 0.407261 
0.418537 -0.474257 0.476217 
-0.597268 -0.255126 0.407261 
0.418448 -0.474242 0.476078 
-0.597268 -0.255126 0.407261 
0.418573 -0.47412 0.476522 
-0.597268 -0.255126 0.407261 
0.418588 -0.474015 0.476669 
-0.597268 -0.255126 0.407261 
0.418501 -0.473925 0.476519 
-0.597268 -0.255126 0.407261 
0.418356 -0.473866 0.476247 
-0.597268 -0.255126 0.407261 
0.418277 -0.473764 0.476163 
-0.597268 -0.255126 0.407261 
0.418204 -0.473716 0.476056 
-0.597268 -0.255126 0.407261 
0.418068 -0.473703 0.475793 
-0.597268 -0.255126 0.407261 
0.417876 -0.473671 0.475486 
-0.597268 -0.255126 0.407261 
0.417837 -0.47368 0.475499 
-0.597268 -0.255126 0.407261 
0.417838 -0.473687 0.475584 
-0.597268 -0.255126 0.407261 
0.417739 -0.473814 0.475348 
-0.597268 -0.255126 0.407261 
0.417659 -0.473959 0.47514 
-0.597268 -0.255126 0.407261 
0.41759 -0.474062 0.474995 
-0.597268 -0.255126 0.407261 
0.417758 -0.474118 0.475398 
-0.597268 -0.255126 0.407261 
0.417813 -0.474226 0.475445 
-0.597268 -0.255126 0.407261 
0.417957 -0.474266 0.475742 
-0.597268 -0.255126 0.407261 
0.417809 -0.474387 0.475331 
-0.597268 -0.255126 0.407261 
0.417926 -0.474468 0.475515 
-0.597268 -0.255126 0.407261 
0.417995 -0.474445 0.475614 
-0.597268 -0.255126 0.407261 
0.417932 -0.474434 0.475427 
-0.597268 -0.255126 0.407261 
0.417904 -0.47445 0.475274 
-0.597268 -0.255126 0.407261 
0.41799 -0.474317 0.475502 
-0.597268 -0.255126 0.407261 
0.418052 -0.474251 0.475589 
-0.597268 -0.255126 0.407261 
0.418042 -0.474215 0.475551 
-0.597268 -0.255126 0.407261 
0.417977 -0.474223 0.475356 
-0.597268 -0.255126 0.407261 
0.418005 -0.474238 0.475357 
-0.597268 -0.255126 0.407261 
0.417958 -0.474244 0.475208 
-0.597268 -0.255126 0.407261 
0.417944 -0.474167 0.475173 
-0.597268 -0.255126 0.407261 
0.417887 -0.474109 0.475053 
-0.597268 -0.255126 0.407261 
0.417721 -0.47417 0.474627 
-0.597268 -0.255126 0.407261 
0.417652 -0.474151 0.474473 
-0.597268 -0.255126 0.407261 
0.417655 -0.474148 0.474431 
-0.597268 -0.255126 0.407261 
0.417664 -0.474052 0.474526 
-0.597268 -0.255126 0.407261 
0.417559 -0.474012 0.4743 
-0.597268 -0.255126 0.407261 
0.417511 -0.473954 0.474178 
-0.597268 -0.255126 0.407261 
0.417469 -0.473798 0.474177 
-0.597268 -0.255126 0.407261 
0.417355 -0.473663 0.473991 
-0.597268 -0.255126 0.407261 
0.417193 -0.473575 0.47365 
-0.597268 -0.255126 0.407261 
0.417006 -0.473517 0.473217 
-0.597268 -0.255126 0.407261 
0.416828 -0.47347 0.472795 
-0.597268 -0.255126 0.407261 
0.416811 -0.473306 0.472846 
-0.597268 -0.255126 0.407261 
0.416597 -0.473219 0.472396 
-0.597268 -0.255126 0.407261 
0.416417 -0.473155 0.471987 
-0.597268 -0.255126 0.407261 
0.41641 -0.473139 0.471994 
-0.597268 -0.255126 0.407261 
0.416419 -0.473029 0.472118 
-0.597268 -0.255126 0.407261 
0.416344 -0.472899 0.472003 
-0.597268 -0.255126 0.407261 
0.416223 -0.472833 0.471731 
-0.597268 -0.255126 0.407261 
0.416298 -0.472724 0.471947 
-0.597268 -0.255126 0.407261 
0.416379 -0.472672 0.472137 
-0.597268 -0.255126 0.407261 
0.416477 -0.472671 0.472323 
-0.597268 -0.255126 0.407261 
0.41665 -0.472606 0.472735 
-0.597268 -0.255126 0.407261 
0.41677 -0.472646 0.472976 
-0.597268 -0.255126 0.407261 
0.417055 -0.472724 0.47361 
-0.597268 -0.255126 0.407261 
0.417012 -0.472796 0.473428 
-0.597268 -0.255126 0.407261 
0.416864 -0.472855 0.472995 
-0.597268 -0.255126 0.407261 
0.416973 -0.472949 0.473176 
-0.597268 -0.255126 0.407261 
0.437158 -0.468587 0.472708 
-0.597268 -0.255126 0.407261 
0.437157 -0.468587 0.472707 
-0.597268 -0.255126 0.407261 
0.437157 -0.468587 0.472707 
-0.597268 -0.255126 0.407261 
0.436651 -0.468579 0.472063 
-0.597268 -0.255126 0.407261 
0.436265 -0.4686 0.471733 
-0.597268 -0.255126 0.407261 
0.435574 -0.468688 0.471509 
-0.597268 -0.255126 0.407261 
0.434837 -0.468731 0.472073 
-0.597268 -0.255126 0.407261 
0.43371 -0.468865 0.472383 
-0.597268 -0.255126 0.407261 
0.432138 -0.469155 0.472546 
-0.597268 -0.255126 0.407261 
0.430679 -0.469636 0.473386 
-0.597268 -0.255126 0.407261 
0.429162 -0.470154 0.474146 
-0.597268 -0.255126 0.407261 
0.427527 -0.470729 0.474678 
-0.597268 -0.255126 0.407261 
0.426029 -0.471354 0.475356 
-0.597268 -0.255126 0.407261 
0.424708 -0.471984 0.476201 
-0.597268 -0.255126 0.407261 
0.423569 -0.472576 0.477255 
-0.597268 -0.255126 0.407261 
0.422336 -0.473151 0.478056 
-0.597268 -0.255126 0.407261 
0.421392 -0.473658 0.478024 
-0.597268 -0.255126 0.407261 
0.420574 -0.474199 0.478282 
-0.597268 -0.255126 0.407261 
0.420559 -0.474555 0.479105 
-0.597268 -0.255126 0.407261 
0.420399 -0.474771 0.479084 
-0.597268 -0.255126 0.407261 
0.420198 -0.474813 0.478898 
-0.597268 -0.255126 0.407261 
0.420184 -0.474816 0.478979 
-0.597268 -0.255126 0.407261 
0.420036 -0.474752 0.478703 
-0.597268 -0.255126 0.407261 
0.419842 -0.474677 0.478313 
-0.597268 -0.255126 0.407261 
0.419471 -0.474661 0.477523 
-0.597268 -0.255126 0.407261 
0.419371 -0.474584 0.477472 
-0.597268 -0.255126 0.407261 
0.419167 -0.474566 0.477159 
-0.597268 -0.255126 0.407261 
0.418907 -0.474557 0.476712 
-0.597268 -0.255126 0.407261 
0.418721 -0.474451 0.476446 
-0.597268 -0.255126 0.407261 
0.418572 -0.474355 0.476231 
-0.597268 -0.255126 0.407261 
0.418622 -0.4743 0.476384 
-0.597268 -0.255126 0.407261 
0.418537 -0.474257 0.476217 
-0.597268 -0.255126 0.407261 
0.418448 -0.474242 0.476078 
-0.597268 -0.255126 0.407261 
0.418573 -0.47412 0.476522 
-0.597268 -0.255126 0.407261 
0.418588 -0.474015 0.476669 
-0.597268 -0.255126 0.407261 
0.418501 -0.473925 0.476519 
-0.597268 -0.255126 0.407261 
0.418356 -0.473866 0.476247 
-0.597268 -0.255126 0.407261 
0.418277 -0.473764 0.476163 
-0.597268 -0.255126 0.407261 
0.418204 -0.473716 0.476056 
-0.597268 -0.255126 0.407261 
0.418068 -0.473703 0.475793 
-0.597268 -0.255126 0.407261 
0.417876 -0.473671 0.475486 
-0.597268 -0.255126 0.407261 
0.417837 -0.47368 0.475499 
-0.597268 -0.255126 0.407261 
0.417838 -0.473687 0.475584 
-0.597268 -0.255126 0.407261 
0.417739 -0.473814 0.475348 
-0.597268 -0.255126 0.407261 
0.417659 -0.473959 0.47514 
-0.597268 -0.255126 0.407261 
0.41759 -0.474062 0.474995 
-0.597268 -0.255126 0.407261 
0.417758 -0.474118 0.475398 
-0.597268 -0.255126 0.407261 
0.417813 -0.474226 0.475445 
-0.597268 -0.255126 0.407261 
0.417957 -0.474266 0.475742 
-0.597268 -0.255126 0.407261 
0.417809 -0.474387 0.475331 
-0.597268 -0.255126 0.407261 
0.417926 -0.474468 0.475515 
-0.597268 -0.255126 0.407261 
0.417995 -0.474445 0.475614 
-0.597268 -0.255126 0.407261 
0.417932 -0.474434 0.475427 
-0.597268 -0.255126 0.407261 
0.417904 -0.47445 0.475274 
-0.597268 -0.255126 0.407261 
0.41799 -0.474317 0.475502 
-0.597268 -0.255126 0.407261 
0.418052 -0.474251 0.475589 
-0.597268 -0.255126 0.407261 
0.418042 -0.474215 0.475551 
-0.597268 -0.255126 0.407261 
0.417977 -0.474223 0.475356 
-0.597268 -0.255126 0.407261 
0.418005 -0.474238 0.475357 
-0.597268 -0.255126 0.407261 
0.417958 -0.474244 0.475208 
-0.597268 -0.255126 0.407261 
0.417944 -0.474167 0.475173 
-0.597268 -0.255126 0.407261 
0.417887 -0.474109 0.475053 
-0.597268 -0.255126 0.407261 
0.417721 -0.47417 0.474627 
-0.597268 -0.255126 0.407261 
0.417652 -0.474151 0.474473 
-0.597268 -0.255126 0.407261 
0.417655 -0.474148 0.474431 
-0.597268 -0.255126 0.407261 
0.417664 -0.474052 0.474526 
-0.597268 -0.255126 0.407261 
0.417559 -0.474012 0.4743 
-0.597268 -0.255126 0.407261 
0.417511 -0.473954 0.474178 
-0.597268 -0.255126 0.407261 
0.417469 -0.473798 0.474177 
-0.597268 -0.255126 0.407261 
0.417355 -0.473663 0.473991 
-0.597268 -0.255126 0.407261 
0.417193 -0.473575 0.47365 
-0.597268 -0.255126 0.407261 
0.417006 -0.473517 0.473217 
-0.597268 -0.255126 0.407261 
0.416828 -0.47347 0.472795 
-0.597268 -0.255126 0.407261 
0.416811 -0.473306 0.472846 
-0.597268 -0.255126 0.407261 
0.416597 -0.473219 0.472396 
-0.597268 -0.255126 0.407261 
0.416417 -0.473155 0.471987 
-0.597268 -0.255126 0.407261 
0.41641 -0.473139 0.471994 
-0.597268 -0.255126 0.407261 
0.416419 -0.473029 0.472118 
-0.597268 -0.255126 0.407261 
0.416344 -0.472899 0.472003 
-0.597268 -0.255126 0.407261 
0.416223 -0.472833 0.471731 
-0.597268 -0.255126 0.407261 
0.416298 -0.472724 0.471947 
-0.597268 -0.255126 0.407261 
0.416379 -0.472672 0.472137 
-0.597268 -0.255126 0.407261 
0.416477 -0.472671 0.472323 
-0.597268 -0.255126 0.407261 
0.41665 -0.472606 0.472735 
-0.597268 -0.255126 0.407261 
0.41677 -0.472646 0.472976 
-0.597268 -0.255126 0.407261 
0.417055 -0.472724 0.47361 
-0.597268 -0.255126 0.407261 
0.417012 -0.472796 0.473428 
-0.597268 -0.255126 0.407261 
0.416864 -0.472855 0.472995 
-0.597268 -0.255126 0.407261 
0.416973 -0.472949 0.473176 
-0.597268 -0.255126 0.407261 
0.437158 -0.468587 0.472708 
-0.597268 -0.255126 0.407261 
0.437157 -0.468587 0.472707 
-0.597268 -0.255126 0.407261 
0.437157 -0.468587 0.472707 
-0.597268 -0.255126 0.407261 
0.436651 -0.468579 0.472063 
-0.597268 -0.255126 0.407261 
0.436265 -0.4686 0.471733 
-0.597268 -0.255126 0.407261 
0.435574 -0.468688 0.471509 
-0.597268 -0.255126 0.407261 
0.434837 -0.468731 0.472073 
-0.597268 -0.255126 0.407261 
0.43371 -0.468865 0.472383 
-0.597268 -0.255126 0.407261 
0.432138 -0.469155 0.472546 
-0.597268 -0.255126 0.407261 
0.430679 -0.469636 0.473386 
-0.597268 -0.255126 0.407261 
0.429162 -0.470154 0.474146 
-0.597268 -0.255126 0.407261 
0.427527 -0.470729 0.474678 
-0.597268 -0.255126 0.407261 
0.426029 -0.471354 0.475356 
-0.597268 -0.255126 0.407261 
0.424708 -0.471984 0.476201 
-0.597268 -0.255126 0.407261 
0.423569 -0.472576 0.477255 
-0.597268 -0.255126 0.407261 
0.422336 -0.473151 0.478056 
-0.597268 -0.255126 0.407261 
0.421392 -0.473658 0.478024 
-0.597268 -0.255126 0.407261 
0.420574 -0.474199 0.478282 
-0.597268 -0.255126 0.407261 
0.420559 -0.474555 0.479105 
-0.597268 -0.255126 0.407261 
0.420399 -0.474771 0.479084 
-0.597268 -0.255126 0.407261 
0.420198 -0.474813 0.478898 
-0.597268 -0.255126 0.407261 
0.420184 -0.474816 0.478979 
-0.597268 -0.255126 0.407261 
0.420036 -0.474752 0.478703 
-0.597268 -0.255126 0.407261 
0.419842 -0.474677 0.478313 
-0.597268 -0.255126 0.407261 
0.419471 -0.474661 0.477523 
-0.597268 -0.255126 0.407261 
0.419371 -0.474584 0.477472 
-0.597268 -0.255126 0.407261 
0.419167 -0.474566 0.477159 
-0.597268 -0.255126 0.407261 
0.418907 -0.474557 0.476712 
-0.597268 -0.255126 0.407261 
0.418721 -0.474451 0.476446 
-0.597268 -0.255126 0.407261 
0.418572 -0.474355 0.476231 
-0.597268 -0.255126 0.407261 
0.418622 -0.4743 0.476384 
-0.597268 -0.255126 0.407261 
0.418537 -0.474257 0.476217 
-0.597268 -0.255126 0.407261 
0.418448 -0.474242 0.476078 
-0.597268 -0.255126 0.407261 
0.418573 -0.47412 0.476522 
-0.597268 -0.255126 0.407261 
0.418588 -0.474015 0.476669 
-0.597268 -0.255126 0.407261 
0.418501 -0.473925 0.476519 
-0.597268 -0.255126 0.407261 
0.418356 -0.473866 0.476247 
-0.597268 -0.255126 0.407261 
0.418277 -0.473764 0.476163 
-0.597268 -0.255126 0.407261 
0.418204 -0.473716 0.476056 
-0.597268 -0.255126 0.407261 
0.418068 -0.473703 0.475793 
-0.597268 -0.255126 0.407261 
0.417876 -0.473671 0.475486 
-0.597268 -0.255126 0.407261 
0.417837 -0.47368 0.475499 
-0.597268 -0.255126 0.407261 
0.417838 -0.473687 0.475584 
-0.597268 -0.255126 0.407261 
0.417739 -0.473814 0.475348 
-0.597268 -0.255126 0.407261 
0.417659 -0.473959 0.47514 
-0.597268 -0.255126 0.407261 
0.41759 -0.474062 0.474995 
-0.597268 -0.255126 0.407261 
0.417758 -0.474118 0.475398 
-0.597268 -0.255126 0.407261 
0.417813 -0.474226 0.475445 
-0.597268 -0.255126 0.407261 
0.417957 -0.474266 0.475742 
-0.597268 -0.255126 0.407261 
0.417809 -0.474387 0.475331 
-0.597268 -0.255126 0.407261 
0.417926 -0.474468 0.475515 
-0.597268 -0.255126 0.407261 
0.417995 -0.474445 0.475614 
-0.597268 -0.255126 0.407261 
0.417932 -0.474434 0.475427 
-0.597268 -0.255126 0.407261 
0.417904 -0.47445 0.475274 
-0.597268 -0.255126 0.407261 
0.41799 -0.474317 0.475502 
-0.597268 -0.255126 0.407261 
0.418052 -0.474251 0.475589 
-0.597268 -0.255126 0.407261 
0.418042 -0.474215 0.475551 
-0.597268 -0.255126 0.407261 
0.417977 -0.474223 0.475356 
-0.597268 -0.255126 0.407261 
0.418005 -0.474238 0.475357 
-0.597268 -0.255126 0.407261 
0.417958 -0.474244 0.475208 
-0.597268 -0.255126 0.407261 
0.417944 -0.474167 0.475173 
-0.597268 -0.255126 0.407261 
0.417887 -0.474109 0.475053 
-0.597268 -0.255126 0.407261 
0.417721 -0.47417 0.474627 
-0.597268 -0.255126 0.407261 
0.417652 -0.474151 0.474473 
-0.597268 -0.255126 0.407261 
0.417655 -0.474148 0.474431 
-0.597268 -0.255126 0.407261 
0.417664 -0.474052 0.474526 
-0.597268 -0.255126 0.407261 
0.417559 -0.474012 0.4743 
-0.597268 -0.255126 0.407261 
0.417511 -0.473954 0.474178 
-0.597268 -0.255126 0.407261 
0.417469 -0.473798 0.474177 
-0.597268 -0.255126 0.407261 
0.417355 -0.473663 0.473991 
-0.597268 -0.255126 0.407261 
0.417193 -0.473575 0.47365 
-0.597268 -0.255126 0.407261 
0.417006 -0.473517 0.473217 
-0.597268 -0.255126 0.407261 
0.416828 -0.47347 0.472795 
-0.597268 -0.255126 0.407261 
0.416811 -0.473306 0.472846 
-0.597268 -0.255126 0.407261 
0.416597 -0.473219 0.472396 
-0.597268 -0.255126 0.407261 
0.416417 -0.473155 0.471987 
-0.597268 -0.255126 0.407261 
0.41641 -0.473139 0.471994 
-0.597268 -0.255126 0.407261 
0.416419 -0.473029 0.472118 
-0.597268 -0.255126 0.407261 
0.416344 -0.472899 0.472003 
-0.597268 -0.255126 0.407261 
0.416223 -0.472833 0.471731 
-0.597268 -0.255126 0.407261 
0.416298 -0.472724 0.471947 
-0.597268 -0.255126 0.407261 
0.416379 -0.472672 0.472137 
-0.597268 -0.255126 0.407261 
0.416477 -0.472671 0.472323 
-0.597268 -0.255126 0.407261 
0.41665 -0.472606 0.472735 
-0.597268 -0.255126 0.407261 
0.41677 -0.472646 0.472976 
-0.597268 -0.255126 0.407261 
0.417055 -0.472724 0.47361 
-0.597268 -0.255126 0.407261 
0.417012 -0.472796 0.473428 
-0.597268 -0.255126 0.407261 
0.416864 -0.472855 0.472995 
-0.597268 -0.255126 0.407261 
0.416973 -0.472949 0.473176 
-0.597268 -0.255126 0.407261 
0.437158 -0.468587 0.472708 
-0.597268 -0.255126 0.407261 
0.437157 -0.468587 0.472707 
-0.597268 -0.255126 0.407261 
0.437157 -0.468587 0.472707 
-0.597268 -0.255126 0.407261 
0.436651 -0.468579 0.472063 
-0.597268 -0.255126 0.407261 
0.436265 -0.4686 0.471733 
-0.597268 -0.255126 0.407261 
0.435574 -0.468688 0.471509 
-0.597268 -0.255126 0.407261 
0.434837 -0.468731 0.472073 
-0.597268 -0.255126 0.407261 
0.43371 -0.468865 0.472383 
-0.597268 -0.255126 0.407261 
0.432138 -0.469155 0.472546 
-0.597268 -0.255126 0.407261 
0.430679 -0.469636 0.473386 
-0.597268 -0.255126 0.407261 
0.429162 -0.470154 0.474146 
-0.597268 -0.255126 0.407261 
0.427527 -0.470729 0.474678 
-0.597268 -0.255126 0.407261 
0.426029 -0.471354 0.475356 
-0.597268 -0.255126 0.407261 
0.424708 -0.471984 0.476201 
-0.597268 -0.255126 0.407261 
0.423569 -0.472576 0.477255 
-0.597268 -0.255126 0.407261 
0.422336 -0.473151 0.478056 
-0.597268 -0.255126 0.407261 
0.421392 -0.473658 0.478024 
-0.597268 -0.255126 0.407261 
0.420574 -0.474199 0.478282 
-0.597268 -0.255126 0.407261 
0.420559 -0.474555 0.479105 
-0.597268 -0.255126 0.407261 
0.420399 -0.474771 0.479084 
-0.597268 -0.255126 0.407261 
0.420198 -0.474813 0.478898 
-0.597268 -0.255126 0.407261 
0.420184 -0.474816 0.478979 
-0.597268 -0.255126 0.407261 
0.420036 -0.474752 0.478703 
-0.597268 -0.255126 0.407261 
0.419842 -0.474677 0.478313 
-0.597268 -0.255126 0.407261 
0.419471 -0.474661 0.477523 
-0.597268 -0.255126 0.407261 
0.419371 -0.474584 0.477472 
-0.597268 -0.255126 0.407261 
0.419167 -0.474566 0.477159 
-0.597268 -0.255126 0.407261 
0.418907 -0.474557 0.476712 
-0.597268 -0.255126 0.407261 
0.418721 -0.474451 0.476446 
-0.597268 -0.255126 0.407261 
0.418572 -0.474355 0.476231 
-0.597268 -0.255126 0.407261 
0.418622 -0.4743 0.476384 
-0.597268 -0.255126 0.407261 
0.418537 -0.474257 0.476217 
-0.597268 -0.255126 0.407261 
0.418448 -0.474242 0.476078 
-0.597268 -0.255126 0.407261 
0.418573 -0.47412 0.476522 
-0.597268 -0.255126 0.407261 
0.418588 -0.474015 0.476669 
-0.597268 -0.255126 0.407261 
0.418501 -0.473925 0.476519 
-0.597268 -0.255126 0.407261 
0.418356 -0.473866 0.476247 
-0.597268 -0.255126 0.407261 
0.418277 -0.473764 0.476163 
-0.597268 -0.255126 0.407261 
0.418204 -0.473716 0.476056 
-0.597268 -0.255126 0.407261 
0.418068 -0.473703 0.475793 
-0.597268 -0.255126 0.407261 
0.417876 -0.473671 0.475486 
-0.597268 -0.255126 0.407261 
0.417837 -0.47368 0.475499 
-0.597268 -0.255126 0.407261 
0.417838 -0.473687 0.475584 
-0.597268 -0.255126 0.407261 
0.417739 -0.473814 0.475348 
-0.597268 -0.255126 0.407261 
0.417659 -0.473959 0.47514 
-0.597268 -0.255126 0.407261 
0.41759 -0.474062 0.474995 
-0.597268 -0.255126 0.407261 
0.417758 -0.474118 0.475398 
-0.597268 -0.255126 0.407261 
0.417813 -0.474226 0.475445 
-0.597268 -0.255126 0.407261 
0.417957 -0.474266 0.475742 
-0.597268 -0.255126 0.407261 
0.417809 -0.474387 0.475331 
-0.597268 -0.255126 0.407261 
0.417926 -0.474468 0.475515 
-0.597268 -0.255126 0.407261 
0.417995 -0.474445 0.475614 
-0.597268 -0.255126 0.407261 
0.417932 -0.474434 0.475427 
-0.597268 -0.255126 0.407261 
0.417904 -0.47445 0.475274 
-0.597268 -0.255126 0.407261 
0.41799 -0.474317 0.475502 
-0.597268 -0.255126 0.407261 
0.418052 -0.474251 0.475589 
-0.597268 -0.255126 0.407261 
0.418042 -0.474215 0.475551 
-0.597268 -0.255126 0.407261 
0.417977 -0.474223 0.475356 
-0.597268 -0.255126 0.407261 
0.418005 -0.474238 0.475357 
-0.597268 -0.255126 0.407261 
0.417958 -0.474244 0.475208 
-0.597268 -0.255126 0.407261 
0.417944 -0.474167 0.475173 
-0.597268 -0.255126 0.407261 
0.417887 -0.474109 0.475053 
-0.597268 -0.255126 0.407261 
0.417721 -0.47417 0.474627 
-0.597268 -0.255126 0.407261 
0.417652 -0.474151 0.474473 
-0.597268 -0.255126 0.407261 
0.417655 -0.474148 0.474431 
-0.597268 -0.255126 0.407261 
0.417664 -0.474052 0.474526 
-0.597268 -0.255126 0.407261 
0.417559 -0.474012 0.4743 
-0.597268 -0.255126 0.407261 
0.417511 -0.473954 0.474178 
-0.597268 -0.255126 0.407261 
0.417469 -0.473798 0.474177 
-0.597268 -0.255126 0.407261 
0.417355 -0.473663 0.473991 
-0.597268 -0.255126 0.407261 
0.417193 -0.473575 0.47365 
-0.597268 -0.255126 0.407261 
0.417006 -0.473517 0.473217 
-0.597268 -0.255126 0.407261 
0.416828 -0.47347 0.472795 
-0.597268 -0.255126 0.407261 
0.416811 -0.473306 0.472846 
-0.597268 -0.255126 0.407261 
0.416597 -0.473219 0.472396 
-0.597268 -0.255126 0.407261 
0.416417 -0.473155 0.471987 
-0.597268 -0.255126 0.407261 
0.41641 -0.473139 0.471994 
-0.597268 -0.255126 0.407261 
0.416419 -0.473029 0.472118 
-0.597268 -0.255126 0.407261 
0.416344 -0.472899 0.472003 
-0.597268 -0.255126 0.407261 
0.416223 -0.472833 0.471731 
-0.597268 -0.255126 0.407261 
0.416298 -0.472724 0.471947 
-0.597268 -0.255126 0.407261 
0.416379 -0.472672 0.472137 
-0.597268 -0.255126 0.407261 
0.416477 -0.472671 0.472323 
-0.597268 -0.255126 0.407261 
0.41665 -0.472606 0.472735 
-0.597268 -0.255126 0.407261 
0.41677 -0.472646 0.472976 
-0.597268 -0.255126 0.407261 
0.417055 -0.472724 0.47361 
-0.597268 -0.255126 0.407261 
0.417012 -0.472796 0.473428 
-0.597268 -0.255126 0.407261 
0.416864 -0.472855 0.472995 
-0.597268 -0.255126 0.407261 
0.416973 -0.472949 0.473176 
-0.597268 -0.255126 0.407261 
0.437158 -0.468587 0.472708 
-0.597268 -0.255126 0.407261 
0.437157 -0.468587 0.472707 
-0.597268 -0.255126 0.407261 
0.437157 -0.468587 0.472707 
-0.597268 -0.255126 0.407261 
0.436651 -0.468579 0.472063 
-0.597268 -0.255126 0.407261 
0.436265 -0.4686 0.471733 
-0.597268 -0.255126 0.407261 
0.435574 -0.468688 0.471509 
-0.597268 -0.255126 0.407261 
0.434837 -0.468731 0.472073 
-0.597268 -0.255126 0.407261 
0.43371 -0.468865 0.472383 
-0.597268 -0.255126 0.407261 
0.432138 -0.469155 0.472546 
-0.597268 -0.255126 0.407261 
0.430679 -0.469636 0.473386 
-0.597268 -0.255126 0.407261 
0.429162 -0.470154 0.474146 
-0.597268 -0.255126 0.407261 
0.427527 -0.470729 0.474678 
-0.597268 -0.255126 0.407261 
0.426029 -0.471354 0.475356 
-0.597268 -0.255126 0.407261 
0.424708 -0.471984 0.476201 
-0.597268 -0.255126 0.407261 
0.423569 -0.472576 0.477255 
-0.597268 -0.255126 0.407261 
0.422336 -0.473151 0.478056 
-0.597268 -0.255126 0.407261 
0.421392 -0.473658 0.478024 
-0.597268 -0.255126 0.407261 
0.420574 -0.474199 0.478282 
-0.597268 -0.255126 0.407261 
0.420559 -0.474555 0.479105 
-0.597268 -0.255126 0.407261 
0.420399 -0.474771 0.479084 
-0.597268 -0.255126 0.407261 
0.420198 -0.474813 0.478898 
-0.597268 -0.255126 0.407261 
0.420184 -0.474816 0.478979 
-0.597268 -0.255126 0.407261 
0.420036 -0.474752 0.478703 
-0.597268 -0.255126 0.407261 
0.419842 -0.474677 0.478313 
-0.597268 -0.255126 0.407261 
0.419471 -0.474661 0.477523 
-0.597268 -0.255126 0.407261 
0.419371 -0.474584 0.477472 
-0.597268 -0.255126 0.407261 
0.419167 -0.474566 0.477159 
-0.597268 -0.255126 0.407261 
0.418907 -0.474557 0.476712 
-0.597268 -0.255126 0.407261 
0.418721 -0.474451 0.476446 
-0.597268 -0.255126 0.407261 
0.418572 -0.474355 0.476231 
-0.597268 -0.255126 0.407261 
0.418622 -0.4743 0.476384 
-0.597268 -0.255126 0.407261 
0.418537 -0.474257 0.476217 
-0.597268 -0.255126 0.407261 
0.418448 -0.474242 0.476078 
-0.597268 -0.255126 0.407261 
0.418573 -0.47412 0.476522 
-0.597268 -0.255126 0.407261 
0.418588 -0.474015 0.476669 
-0.597268 -0.255126 0.407261 
0.418501 -0.473925 0.476519 
-0.597268 -0.255126 0.407261 
0.418356 -0.473866 0.476247 
-0.597268 -0.255126 0.407261 
0.418277 -0.473764 0.476163 
-0.597268 -0.255126 0.407261 
0.418204 -0.473716 0.476056 
-0.597268 -0.255126 0.407261 
0.418068 -0.473703 0.475793 
-0.597268 -0.255126 0.407261 
0.417876 -0.473671 0.475486 
-0.597268 -0.255126 0.407261 
0.417837 -0.47368 0.475499 
-0.597268 -0.255126 0.407261 
0.417838 -0.473687 0.475584 
-0.597268 -0.255126 0.407261 
0.417739 -0.473814 0.475348 
-0.597268 -0.255126 0.407261 
0.417659 -0.473959 0.47514 
-0.597268 -0.255126 0.407261 
0.41759 -0.474062 0.474995 
-0.597268 -0.255126 0.407261 
0.417758 -0.474118 0.475398 
-0.597268 -0.255126 0.407261 
0.417813 -0.474226 0.475445 
-0.597268 -0.255126 0.407261 
0.417957 -0.474266 0.475742 
-0.597268 -0.255126 0.407261 
0.417809 -0.474387 0.475331 
-0.597268 -0.255126 0.407261 
0.417926 -0.474468 0.475515 
-0.597268 -0.255126 0.407261 
0.417995 -0.474445 0.475614 
-0.597268 -0.255126 0.407261 
0.417932 -0.474434 0.475427 
-0.597268 -0.255126 0.407261 
0.417904 -0.47445 0.475274 
-0.597268 -0.255126 0.407261 
0.41799 -0.474317 0.475502 
-0.597268 -0.255126 0.407261 
0.418052 -0.474251 0.475589 
-0.597268 -0.255126 0.407261 
0.418042 -0.474215 0.475551 
-0.597268 -0.255126 0.407261 
0.417977 -0.474223 0.475356 
-0.597268 -0.255126 0.407261 
0.418005 -0.474238 0.475357 
-0.597268 -0.255126 0.407261 
0.417958 -0.474244 0.475208 
-0.597268 -0.255126 0.407261 
0.417944 -0.474167 0.475173 
-0.597268 -0.255126 0.407261 
0.417887 -0.474109 0.475053 
-0.597268 -0.255126 0.407261 
0.417721 -0.47417 0.474627 
-0.597268 -0.255126 0.407261 
0.417652 -0.474151 0.474473 
-0.597268 -0.255126 0.407261 
0.417655 -0.474148 0.474431 
-0.597268 -0.255126 0.407261 
0.417664 -0.474052 0.474526 
-0.597268 -0.255126 0.407261 
0.417559 -0.474012 0.4743 
-0.597268 -0.255126 0.407261 
0.417511 -0.473954 0.474178 
-0.597268 -0.255126 0.407261 
0.417469 -0.473798 0.474177 
-0.597268 -0.255126 0.407261 
0.417355 -0.473663 0.473991 
-0.597268 -0.255126 0.407261 
0.417193 -0.473575 0.47365 
-0.597268 -0.255126 0.407261 
0.417006 -0.473517 0.473217 
-0.597268 -0.255126 0.407261 
0.416828 -0.47347 0.472795 
-0.597268 -0.255126 0.407261 
0.416811 -0.473306 0.472846 
-0.597268 -0.255126 0.407261 
0.416597 -0.473219 0.472396 
-0.597268 -0.255126 0.407261 
0.416417 -0.473155 0.471987 
-0.597268 -0.255126 0.407261 
0.41641 -0.473139 0.471994 
-0.597268 -0.255126 0.407261 
0.416419 -0.473029 0.472118 
-0.597268 -0.255126 0.407261 
0.416344 -0.472899 0.472003 
-0.597268 -0.255126 0.407261 
0.416223 -0.472833 0.471731 
-0.597268 -0.255126 0.407261 
0.416298 -0.472724 0.471947 
-0.597268 -0.255126 0.407261 
0.416379 -0.472672 0.472137 
-0.597268 -0.255126 0.407261 
0.416477 -0.472671 0.472323 
-0.597268 -0.255126 0.407261 
0.41665 -0.472606 0.472735 
-0.597268 -0.255126 0.407261 
0.41677 -0.472646 0.472976 
-0.597268 -0.255126 0.407261 
0.417055 -0.472724 0.47361 
-0.597268 -0.255126 0.407261 
0.417012 -0.472796 0.473428 
-0.597268 -0.255126 0.407261 
0.416864 -0.472855 0.472995 
-0.597268 -0.255126 0.407261 
0.416973 -0.472949 0.473176 
