-0.597268 -0.255126 0.407261 
0.403779 -0.48249 0.482136 
-0.597268 -0.255126 0.407261 
0.403779 -0.48249 0.482136 
-0.597268 -0.255126 0.407261 
0.402278 -0.47972 0.479628 
-0.597268 -0.255126 0.407261 
0.403182 -0.478552 0.480497 
-0.597268 -0.255126 0.407261 
0.403769 -0.479709 0.480746 
-0.597268 -0.255126 0.407261 
0.404016 -0.48111 0.477444 
-0.597268 -0.255126 0.407261 
0.40445 -0.482523 0.478505 
-0.597268 -0.255126 0.407261 
0.404365 -0.483382 0.477613 
-0.597268 -0.255126 0.407261 
0.404147 -0.483584 0.477386 
-0.597268 -0.255126 0.407261 
0.404103 -0.48488 0.477134 
-0.597268 -0.255126 0.407261 
0.404123 -0.485274 0.477634 
-0.597268 -0.255126 0.407261 
0.403752 -0.486694 0.476136 
-0.597268 -0.255126 0.407261 
0.403652 -0.487685 0.475743 
-0.597268 -0.255126 0.407261 
0.403722 -0.487928 0.476438 
-0.597268 -0.255126 0.407261 
0.403285 -0.488745 0.475441 
-0.597268 -0.255126 0.407261 
0.403684 -0.4903 0.47668 
-0.597268 -0.255126 0.407261 
0.403956 -0.491779 0.477274 
-0.597268 -0.255126 0.407261 
0.403875 -0.492963 0.477631 
-0.597268 -0.255126 0.407261 
0.402852 -0.493062 0.475727 
-0.597268 -0.255126 0.407261 
0.402966 -0.493794 0.477647 
-0.597268 -0.255126 0.407261 
0.402455 -0.494401 0.476831 
-0.597268 -0.255126 0.407261 
0.402058 -0.494848 0.476104 
-0.597268 -0.255126 0.407261 
0.402506 -0.495756 0.476784 
-0.597268 -0.255126 0.407261 
0.403388 -0.495551 0.478063 
-0.597268 -0.255126 0.407261 
0.404648 -0.494625 0.478685 
-0.597268 -0.255126 0.407261 
0.407165 -0.493866 0.480356 
-0.597268 -0.255126 0.407261 
0.409886 -0.492714 0.481675 
-0.597268 -0.255126 0.407261 
0.412549 -0.490949 0.481491 
-0.597268 -0.255126 0.407261 
0.41588 -0.490411 0.483473 
-0.597268 -0.255126 0.407261 
0.419108 -0.488951 0.483966 
-0.597268 -0.255126 0.407261 
0.422831 -0.487959 0.485928 
-0.597268 -0.255126 0.407261 
0.425135 -0.48598 0.485294 
-0.597268 -0.255126 0.407261 
0.428898 -0.48432 0.487313 
-0.597268 -0.255126 0.407261 
0.432328 -0.483875 0.488615 
-0.597268 -0.255126 0.407261 
0.435537 -0.482594 0.490044 
-0.597268 -0.255126 0.407261 
0.437748 -0.480794 0.489265 
-0.597268 -0.255126 0.407261 
0.440507 -0.480263 0.489978 
-0.597268 -0.255126 0.407261 
0.441778 -0.479346 0.489478 
-0.597268 -0.255126 0.407261 
0.442696 -0.480001 0.489825 
-0.597268 -0.255126 0.407261 
0.442569 -0.479895 0.489785 
-0.597268 -0.255126 0.407261 
0.441878 -0.479436 0.488548 
-0.597268 -0.255126 0.407261 
0.441921 -0.479951 0.490552 
-0.597268 -0.255126 0.407261 
0.441433 -0.479614 0.48957 
-0.597268 -0.255126 0.407261 
0.44128 -0.480013 0.488911 
-0.597268 -0.255126 0.407261 
0.44158 -0.480671 0.489242 
-0.597268 -0.255126 0.407261 
0.441353 -0.479995 0.489102 
-0.597268 -0.255126 0.407261 
0.441358 -0.479589 0.48941 
-0.597268 -0.255126 0.407261 
0.441468 -0.47957 0.489434 
-0.597268 -0.255126 0.407261 
0.441895 -0.480285 0.490073 
-0.597268 -0.255126 0.407261 
0.441852 -0.480498 0.490032 
-0.597268 -0.255126 0.407261 
0.441855 -0.48025 0.489801 
-0.597268 -0.255126 0.407261 
0.441104 -0.479359 0.488588 
-0.597268 -0.255126 0.407261 
0.442458 -0.481303 0.489987 
-0.597268 -0.255126 0.407261 
0.442471 -0.481502 0.489891 
-0.597268 -0.255126 0.407261 
0.442304 -0.482188 0.491046 
-0.597268 -0.255126 0.407261 
0.44163 -0.483008 0.492159 
-0.597268 -0.255126 0.407261 
0.440867 -0.484635 0.492827 
-0.597268 -0.255126 0.407261 
0.440261 -0.485662 0.494125 
-0.597268 -0.255126 0.407261 
0.438478 -0.486655 0.494071 
-0.597268 -0.255126 0.407261 
0.437369 -0.4878 0.494713 
-0.597268 -0.255126 0.407261 
0.436127 -0.489197 0.495257 
-0.597268 -0.255126 0.407261 
0.434619 -0.489898 0.495572 
-0.597268 -0.255126 0.407261 
0.433998 -0.492245 0.497143 
-0.597268 -0.255126 0.407261 
0.43325 -0.492406 0.498611 
-0.597268 -0.255126 0.407261 
0.43156 -0.493295 0.49872 
-0.597268 -0.255126 0.407261 
0.429948 -0.494552 0.499227 
-0.597268 -0.255126 0.407261 
0.428929 -0.495973 0.499456 
-0.597268 -0.255126 0.407261 
0.427334 -0.495795 0.498905 
-0.597268 -0.255126 0.407261 
0.426837 -0.496027 0.499516 
-0.597268 -0.255126 0.407261 
0.425034 -0.496131 0.497839 
-0.597268 -0.255126 0.407261 
0.425601 -0.496725 0.499189 
-0.597268 -0.255126 0.407261 
0.42457 -0.495605 0.498579 
-0.597268 -0.255126 0.407261 
0.423967 -0.495639 0.498302 
-0.597268 -0.255126 0.407261 
0.423402 -0.495991 0.497952 
-0.597268 -0.255126 0.407261 
0.422656 -0.496074 0.497435 
-0.597268 -0.255126 0.407261 
0.422931 -0.496348 0.498286 
-0.597268 -0.255126 0.407261 
0.42085 -0.495999 0.495248 
-0.597268 -0.255126 0.407261 
0.419904 -0.495958 0.494067 
-0.597268 -0.255126 0.407261 
0.419711 -0.496041 0.494109 
-0.597268 -0.255126 0.407261 
0.419858 -0.495324 0.495078 
-0.597268 -0.255126 0.407261 
0.41972 -0.495331 0.494995 
-0.597268 -0.255126 0.407261 
0.419811 -0.49559 0.495223 
-0.597268 -0.255126 0.407261 
0.419627 -0.49522 0.495116 
-0.597268 -0.255126 0.407261 
0.419158 -0.495474 0.493933 
-0.597268 -0.255126 0.407261 
0.418615 -0.495188 0.49307 
-0.597268 -0.255126 0.407261 
0.414001 -0.49451 0.483244 
-0.597268 -0.255126 0.407261 
0.413486 -0.494882 0.482203 
-0.597268 -0.255126 0.407261 
0.413056 -0.494754 0.481315 
-0.597268 -0.255126 0.407261 
0.41318 -0.495373 0.481098 
-0.597268 -0.255126 0.407261 
0.412394 -0.495326 0.479657 
-0.597268 -0.255126 0.407261 
0.413033 -0.494763 0.481024 
-0.597268 -0.255126 0.407261 
0.41281 -0.494529 0.480669 
-0.597268 -0.255126 0.407261 
0.412164 -0.494498 0.479589 
-0.597268 -0.255126 0.407261 
0.411401 -0.493906 0.478464 
-0.597268 -0.255126 0.407261 
0.411041 -0.493913 0.477559 
-0.597268 -0.255126 0.407261 
0.411017 -0.493625 0.477666 
-0.597268 -0.255126 0.407261 
0.411367 -0.494307 0.477851 
-0.597268 -0.255126 0.407261 
0.412044 -0.494569 0.478633 
-0.597268 -0.255126 0.407261 
0.412031 -0.494437 0.478275 
-0.597268 -0.255126 0.407261 
0.411977 -0.494259 0.478101 
-0.597268 -0.255126 0.407261 
0.411453 -0.494329 0.47721 
-0.597268 -0.255126 0.407261 
0.411956 -0.494435 0.477145 
-0.597268 -0.255126 0.407261 
0.412331 -0.494937 0.476886 
-0.597268 -0.255126 0.407261 
0.413323 -0.495174 0.477815 
-0.597268 -0.255126 0.407261 
0.414576 -0.495188 0.479316 
-0.597268 -0.255126 0.407261 
0.414731 -0.495848 0.478657 
-0.597268 -0.255126 0.407261 
0.415137 -0.496535 0.478403 
-0.597268 -0.255126 0.407261 
0.415432 -0.496626 0.478396 
-0.597268 -0.255126 0.407261 
0.415662 -0.496488 0.478444 
-0.597268 -0.255126 0.407261 
0.415184 -0.496499 0.477545 
-0.597268 -0.255126 0.407261 
0.415427 -0.496699 0.477972 
-0.597268 -0.255126 0.407261 
0.414862 -0.49683 0.477399 
-0.597268 -0.255126 0.407261 
0.414963 -0.496216 0.477762 
-0.597268 -0.255126 0.407261 
0.414549 -0.495353 0.47777 
-0.597268 -0.255126 0.407261 
0.414599 -0.496386 0.478245 
-0.597268 -0.255126 0.407261 
0.414097 -0.497582 0.478346 
-0.597268 -0.255126 0.407261 
0.413764 -0.498481 0.4792 
-0.597268 -0.255126 0.407261 
0.412935 -0.499142 0.479428 
-0.597268 -0.255126 0.407261 
0.411795 -0.499468 0.478936 
-0.597268 -0.255126 0.407261 
0.411945 -0.500943 0.480147 
-0.597268 -0.255126 0.407261 
0.410604 -0.500751 0.479573 
-0.597268 -0.255126 0.407261 
0.410376 -0.502354 0.480004 
-0.597268 -0.255126 0.407261 
0.410265 -0.50305 0.481022 
-0.597268 -0.255126 0.407261 
0.409521 -0.503992 0.48072 
-0.597268 -0.255126 0.407261 
0.408998 -0.504779 0.481436 
-0.597268 -0.255126 0.407261 
0.408654 -0.50576 0.482837 
-0.597268 -0.255126 0.407261 
0.407629 -0.506136 0.481975 
-0.597268 -0.255126 0.407261 
0.407132 -0.506902 0.481399 
-0.597268 -0.255126 0.407261 
0.407311 -0.507369 0.482635 
-0.597268 -0.255126 0.407261 
0.40639 -0.507716 0.480774 
-0.597268 -0.255126 0.407261 
0.406458 -0.508491 0.481457 
-0.597268 -0.255126 0.407261 
0.406277 -0.508899 0.481549 
-0.597268 -0.255126 0.407261 
0.405496 -0.508865 0.480887 
-0.597268 -0.255126 0.407261 
0.413549 -0.516921 0.487793 
-0.597268 -0.255126 0.407261 
0.414028 -0.516816 0.488197 
-0.597268 -0.255126 0.407261 
0.413375 -0.516803 0.488211 
-0.597268 -0.255126 0.407261 
0.412776 -0.51695 0.488238 
-0.597268 -0.255126 0.407261 
0.411927 -0.517364 0.487689 
-0.597268 -0.255126 0.407261 
0.411186 -0.518012 0.488026 
-0.597268 -0.255126 0.407261 
0.410456 -0.518129 0.487379 
-0.597268 -0.255126 0.407261 
0.410272 -0.517404 0.488328 
-0.597268 -0.255126 0.407261 
0.41058 -0.516589 0.488458 
-0.597268 -0.255126 0.407261 
0.410394 -0.514878 0.48747 
