-0.610619 -0.226494 0.40891 
0.400795 -0.504304 0.485867 
-0.610619 -0.226494 0.40891 
0.400795 -0.504304 0.485867 
-0.610419 -0.226996 0.40685 
0.400795 -0.504304 0.485867 
-0.610067 -0.228433 0.407033 
0.400795 -0.504304 0.485867 
-0.608915 -0.230353 0.407215 
0.400795 -0.504304 0.485867 
-0.606307 -0.230998 0.407309 
0.400795 -0.504304 0.485867 
-0.60399 -0.231315 0.407663 
0.400795 -0.504304 0.485867 
-0.602415 -0.231397 0.407908 
0.400795 -0.504304 0.485867 
-0.601375 -0.231826 0.408296 
0.400795 -0.504304 0.485867 
-0.600624 -0.231854 0.408091 
0.400795 -0.504304 0.485867 
-0.600081 -0.231552 0.407765 
0.400795 -0.504304 0.485867 
-0.599633 -0.231396 0.407849 
0.400795 -0.504304 0.485867 
-0.599203 -0.231516 0.407781 
0.400795 -0.504304 0.485867 
-0.598781 -0.232192 0.408244 
0.400795 -0.504304 0.485867 
-0.597966 -0.232631 0.407866 
0.400795 -0.504304 0.485867 
-0.596805 -0.232726 0.407918 
0.400795 -0.504304 0.485867 
-0.595704 -0.232602 0.408187 
0.400795 -0.504304 0.485867 
-0.594801 -0.232629 0.408317 
0.400795 -0.504304 0.485867 
-0.594704 -0.232555 0.408098 
0.400795 -0.504304 0.485867 
-0.59475 -0.232705 0.408674 
0.400795 -0.504304 0.485867 
-0.594765 -0.232571 0.407605 
0.400795 -0.504304 0.485867 
-0.595025 -0.232155 0.407094 
0.400795 -0.504304 0.485867 
-0.594784 -0.232247 0.407805 
0.400795 -0.504304 0.485867 
-0.594798 -0.232486 0.40808 
0.400795 -0.504304 0.485867 
-0.594881 -0.232539 0.408044 
0.400795 -0.504304 0.485867 
-0.594834 -0.232534 0.407932 
0.400795 -0.504304 0.485867 
-0.594833 -0.232387 0.40793 
0.400795 -0.504304 0.485867 
-0.594811 -0.232667 0.408265 
0.400795 -0.504304 0.485867 
-0.594923 -0.232574 0.407745 
0.400795 -0.504304 0.485867 
-0.594942 -0.232583 0.408393 
0.400795 -0.504304 0.485867 
-0.594828 -0.232834 0.408859 
0.400795 -0.504304 0.485867 
-0.594895 -0.232798 0.408367 
0.400795 -0.504304 0.485867 
-0.59496 -0.232842 0.40824 
0.400795 -0.504304 0.485867 
-0.595023 -0.232852 0.408033 
0.400795 -0.504304 0.485867 
-0.595063 -0.232883 0.407951 
0.400795 -0.504304 0.485867 
-0.594993 -0.232961 0.408235 
0.400795 -0.504304 0.485867 
-0.594935 -0.232914 0.408218 
0.400795 -0.504304 0.485867 
-0.594995 -0.232817 0.408313 
0.400795 -0.504304 0.485867 
-0.595054 -0.233023 0.40802 
0.400795 -0.504304 0.485867 
-0.594998 -0.232766 0.408001 
0.400795 -0.504304 0.485867 
-0.594995 -0.232803 0.408148 
0.400795 -0.504304 0.485867 
