-0.654263 -0.230636 0.468403 
0.400795 -0.504304 0.485867 
-0.654263 -0.230636 0.468403 
0.400795 -0.504304 0.485867 
-0.654263 -0.230636 0.468403 
0.400795 -0.504304 0.485867 
-0.653715 -0.231135 0.468557 
0.400795 -0.504304 0.485867 
-0.653638 -0.231117 0.468754 
0.400795 -0.504304 0.485867 
-0.653482 -0.23116 0.469067 
0.400795 -0.504304 0.485867 
-0.653283 -0.232437 0.469264 
0.400795 -0.504304 0.485867 
-0.652932 -0.233745 0.469549 
0.400795 -0.504304 0.485867 
-0.652316 -0.234395 0.469799 
0.400795 -0.504304 0.485867 
-0.65121 -0.234811 0.470282 
0.400795 -0.504304 0.485867 
-0.650072 -0.235133 0.471068 
0.400795 -0.504304 0.485867 
-0.6491 -0.235395 0.471783 
0.400795 -0.504304 0.485867 
-0.648299 -0.235597 0.47235 
0.400795 -0.504304 0.485867 
-0.647632 -0.235768 0.472808 
0.400795 -0.504304 0.485867 
-0.64708 -0.235905 0.473207 
0.400795 -0.504304 0.485867 
-0.646604 -0.236032 0.473533 
0.400795 -0.504304 0.485867 
-0.646201 -0.236138 0.473827 
0.400795 -0.504304 0.485867 
-0.645841 -0.236233 0.474068 
0.400795 -0.504304 0.485867 
-0.645524 -0.236306 0.474286 
0.400795 -0.504304 0.485867 
-0.645243 -0.236374 0.474478 
0.400795 -0.504304 0.485867 
-0.644998 -0.236437 0.474653 
0.400795 -0.504304 0.485867 
-0.644778 -0.23649 0.474814 
0.400795 -0.504304 0.485867 
-0.644578 -0.236543 0.474954 
0.400795 -0.504304 0.485867 
-0.644391 -0.236594 0.47507 
0.400795 -0.504304 0.485867 
-0.644218 -0.236638 0.475173 
0.400795 -0.504304 0.485867 
-0.644065 -0.236679 0.475275 
0.400795 -0.504304 0.485867 
-0.643967 -0.236744 0.475407 
0.400795 -0.504304 0.485867 
-0.643833 -0.236774 0.475492 
0.400795 -0.504304 0.485867 
-0.643312 -0.237028 0.475854 
0.400795 -0.504304 0.485867 
-0.642821 -0.237261 0.476205 
0.400795 -0.504304 0.485867 
-0.642317 -0.237539 0.476541 
0.400795 -0.504304 0.485867 
-0.641841 -0.237682 0.476826 
0.400795 -0.504304 0.485867 
-0.641376 -0.237604 0.477106 
0.400795 -0.504304 0.485867 
-0.640997 -0.237567 0.477364 
0.400795 -0.504304 0.485867 
-0.640775 -0.237565 0.47759 
0.400795 -0.504304 0.485867 
-0.640692 -0.237564 0.477683 
0.400795 -0.504304 0.485867 
-0.640686 -0.237563 0.477675 
0.400795 -0.504304 0.485867 
-0.64068 -0.237561 0.477669 
0.400795 -0.504304 0.485867 
-0.640677 -0.237557 0.477667 
0.400795 -0.504304 0.485867 
-0.64067 -0.237558 0.477657 
0.400795 -0.504304 0.485867 
-0.640671 -0.237554 0.477662 
0.400795 -0.504304 0.485867 
-0.64066 -0.237553 0.477648 
0.400795 -0.504304 0.485867 
-0.64066 -0.237555 0.477646 
0.400795 -0.504304 0.485867 
-0.640665 -0.237555 0.477653 
0.400795 -0.504304 0.485867 
-0.640664 -0.237553 0.477652 
0.400795 -0.504304 0.485867 
-0.640667 -0.237553 0.477656 
0.400795 -0.504304 0.485867 
-0.640661 -0.23756 0.477643 
0.400795 -0.504304 0.485867 
-0.640659 -0.23756 0.47764 
0.400795 -0.504304 0.485867 
-0.64066 -0.237557 0.477643 
0.400795 -0.504304 0.485867 
-0.640667 -0.237557 0.477653 
0.400795 -0.504304 0.485867 
-0.640678 -0.237557 0.477667 
0.400795 -0.504304 0.485867 
-0.640678 -0.237561 0.477664 
0.400795 -0.504304 0.485867 
-0.640635 -0.237532 0.477625 
0.400795 -0.504304 0.485867 
-0.64068 -0.237567 0.477662 
0.400795 -0.504304 0.485867 
-0.640677 -0.237577 0.477649 
0.400795 -0.504304 0.485867 
-0.64076 -0.237651 0.477711 
0.400795 -0.504304 0.485867 
-0.640806 -0.237686 0.477749 
0.400795 -0.504304 0.485867 
-0.640845 -0.237719 0.477778 
0.400795 -0.504304 0.485867 
-0.640935 -0.237785 0.477853 
0.400795 -0.504304 0.485867 
-0.640979 -0.237818 0.477889 
0.400795 -0.504304 0.485867 
-0.640972 -0.237821 0.477876 
0.400795 -0.504304 0.485867 
-0.641015 -0.237856 0.477909 
0.400795 -0.504304 0.485867 
-0.64102 -0.237859 0.477914 
0.400795 -0.504304 0.485867 
-0.64102 -0.237867 0.477908 
0.400795 -0.504304 0.485867 
-0.641028 -0.237869 0.477918 
0.400795 -0.504304 0.485867 
-0.641027 -0.237872 0.477914 
0.400795 -0.504304 0.485867 
-0.641025 -0.237874 0.477909 
0.400795 -0.504304 0.485867 
-0.64103 -0.237871 0.477918 
0.400795 -0.504304 0.485867 
-0.641035 -0.237871 0.477923 
0.400795 -0.504304 0.485867 
-0.641034 -0.237873 0.47792 
0.400795 -0.504304 0.485867 
-0.641034 -0.237877 0.477918 
0.400795 -0.504304 0.485867 
-0.641039 -0.237874 0.477926 
0.400795 -0.504304 0.485867 
-0.641041 -0.237873 0.477929 
0.400795 -0.504304 0.485867 
-0.641038 -0.237869 0.477929 
0.400795 -0.504304 0.485867 
-0.641044 -0.237868 0.477938 
0.400795 -0.504304 0.485867 
-0.641046 -0.237868 0.477939 
0.400795 -0.504304 0.485867 
-0.641043 -0.237867 0.477936 
0.400795 -0.504304 0.485867 
-0.641045 -0.237867 0.477939 
0.400795 -0.504304 0.485867 
-0.641008 -0.23783 0.477914 
0.400795 -0.504304 0.485867 
-0.641054 -0.237859 0.477956 
0.400795 -0.504304 0.485867 
-0.64101 -0.237822 0.477924 
0.400795 -0.504304 0.485867 
-0.640926 -0.237753 0.477858 
0.400795 -0.504304 0.485867 
-0.640936 -0.237751 0.477873 
0.400795 -0.504304 0.485867 
-0.640855 -0.237679 0.477814 
0.400795 -0.504304 0.485867 
-0.640771 -0.23761 0.477751 
0.400795 -0.504304 0.485867 
-0.640774 -0.237602 0.477759 
0.400795 -0.504304 0.485867 
-0.640778 -0.237601 0.477765 
0.400795 -0.504304 0.485867 
-0.640737 -0.237562 0.477737 
0.400795 -0.504304 0.485867 
-0.64074 -0.237555 0.477746 
0.400795 -0.504304 0.485867 
-0.640738 -0.237551 0.477746 
0.400795 -0.504304 0.485867 
-0.640789 -0.237583 0.477793 
0.400795 -0.504304 0.485867 
-0.640797 -0.237578 0.477807 
0.400795 -0.504304 0.485867 
-0.640798 -0.237574 0.477811 
0.400795 -0.504304 0.485867 
-0.640798 -0.237568 0.477816 
0.400795 -0.504304 0.485867 
-0.640798 -0.237564 0.477819 
0.400795 -0.504304 0.485867 
-0.640801 -0.237559 0.477826 
0.400795 -0.504304 0.485867 
-0.640807 -0.23756 0.477832 
0.400795 -0.504304 0.485867 
-0.640805 -0.237555 0.477834 
0.400795 -0.504304 0.485867 
-0.640808 -0.237557 0.477836 
0.400795 -0.504304 0.485867 
-0.640801 -0.237554 0.477828 
0.400795 -0.504304 0.485867 
-0.640794 -0.237556 0.477819 
0.400795 -0.504304 0.485867 
-0.640879 -0.237618 0.477891 
0.400795 -0.504304 0.485867 
-0.640877 -0.237615 0.47789 
0.400795 -0.504304 0.485867 
-0.640968 -0.23768 0.477968 
0.400795 -0.504304 0.485867 
-0.640923 -0.237643 0.477934 
0.400795 -0.504304 0.485867 
-0.640915 -0.237642 0.477925 
0.400795 -0.504304 0.485867 
-0.64096 -0.237675 0.477964 
0.400795 -0.504304 0.485867 
-0.640963 -0.237673 0.47797 
0.400795 -0.504304 0.485867 
-0.640959 -0.237671 0.477966 
0.400795 -0.504304 0.485867 
-0.641001 -0.237706 0.477998 
0.400795 -0.504304 0.485867 
-0.640998 -0.237704 0.477996 
0.400795 -0.504304 0.485867 
-0.641003 -0.237705 0.478002 
0.400795 -0.504304 0.485867 
-0.641045 -0.237738 0.478037 
0.400795 -0.504304 0.485867 
-0.641042 -0.23774 0.478032 
0.400795 -0.504304 0.485867 
-0.641039 -0.237737 0.478031 
0.400795 -0.504304 0.485867 
-0.641029 -0.237736 0.478019 
0.400795 -0.504304 0.485867 
-0.640984 -0.237699 0.477984 
0.400795 -0.504304 0.485867 
-0.641024 -0.23773 0.478018 
0.400795 -0.504304 0.485867 
-0.639717 -0.236559 0.477513 
0.400795 -0.504304 0.485867 
-0.638449 -0.235371 0.477016 
0.400795 -0.504304 0.485867 
-0.637153 -0.234088 0.476442 
0.400795 -0.504304 0.485867 
-0.635852 -0.232725 0.475764 
0.400795 -0.504304 0.485867 
-0.634571 -0.231285 0.475066 
0.400795 -0.504304 0.485867 
-0.633258 -0.229751 0.474265 
0.400795 -0.504304 0.485867 
-0.631938 -0.228158 0.473386 
0.400795 -0.504304 0.485867 
-0.630625 -0.22645 0.472385 
0.400795 -0.504304 0.485867 
-0.629352 -0.224665 0.471292 
0.400795 -0.504304 0.485867 
-0.628041 -0.222741 0.470076 
0.400795 -0.504304 0.485867 
-0.626766 -0.220783 0.468838 
0.400795 -0.504304 0.485867 
-0.62546 -0.218701 0.467483 
0.400795 -0.504304 0.485867 
-0.624274 -0.21658 0.466102 
0.400795 -0.504304 0.485867 
-0.623029 -0.214293 0.464499 
0.400795 -0.504304 0.485867 
-0.621831 -0.211999 0.46285 
0.400795 -0.504304 0.485867 
-0.620704 -0.209713 0.461199 
0.400795 -0.504304 0.485867 
-0.619342 -0.207003 0.457395 
0.400795 -0.504304 0.485867 
-0.618216 -0.204623 0.45478 
0.400795 -0.504304 0.485867 
-0.617157 -0.201732 0.452405 
0.400795 -0.504304 0.485867 
-0.616203 -0.199695 0.450704 
0.400795 -0.504304 0.485867 
-0.615306 -0.197705 0.449042 
0.400795 -0.504304 0.485867 
-0.614447 -0.195421 0.447015 
0.400795 -0.504304 0.485867 
-0.613624 -0.193243 0.445258 
0.400795 -0.504304 0.485867 
-0.612851 -0.190701 0.443481 
0.400795 -0.504304 0.485867 
-0.611954 -0.189012 0.441779 
0.400795 -0.504304 0.485867 
-0.611713 -0.187211 0.440005 
0.400795 -0.504304 0.485867 
-0.611961 -0.186078 0.438657 
0.400795 -0.504304 0.485867 
-0.612372 -0.185053 0.437359 
0.400795 -0.504304 0.485867 
-0.612702 -0.184369 0.436539 
0.400795 -0.504304 0.485867 
-0.612968 -0.18376 0.435526 
0.400795 -0.504304 0.485867 
-0.613319 -0.183349 0.434591 
0.400795 -0.504304 0.485867 
-0.61357 -0.183201 0.434183 
0.400795 -0.504304 0.485867 
-0.613811 -0.183001 0.433858 
0.400795 -0.504304 0.485867 
-0.613948 -0.183436 0.433779 
0.400795 -0.504304 0.485867 
-0.614001 -0.184015 0.433875 
0.400795 -0.504304 0.485867 
-0.614158 -0.184359 0.433899 
0.400795 -0.504304 0.485867 
-0.614383 -0.18488 0.43378 
0.400795 -0.504304 0.485867 
-0.614553 -0.185721 0.434194 
0.400795 -0.504304 0.485867 
-0.614663 -0.18696 0.434657 
0.400795 -0.504304 0.485867 
-0.614667 -0.188269 0.435287 
0.400795 -0.504304 0.485867 
-0.614782 -0.189682 0.436006 
0.400795 -0.504304 0.485867 
-0.614734 -0.191304 0.436812 
0.400795 -0.504304 0.485867 
-0.614664 -0.193234 0.437605 
0.400795 -0.504304 0.485867 
-0.614611 -0.19496 0.438624 
0.400795 -0.504304 0.485867 
-0.614556 -0.197187 0.43965 
0.400795 -0.504304 0.485867 
-0.614394 -0.199522 0.440644 
0.400795 -0.504304 0.485867 
-0.614316 -0.201745 0.441536 
0.400795 -0.504304 0.485867 
-0.614109 -0.204165 0.442119 
0.400795 -0.504304 0.485867 
