-0.610576 -0.226357 0.4078 
0.400795 -0.504304 0.485867 
-0.610576 -0.226357 0.4078 
0.400795 -0.504304 0.485867 
-0.609995 -0.226825 0.40609 
0.400795 -0.504304 0.485867 
-0.609924 -0.228226 0.406085 
0.400795 -0.504304 0.485867 
-0.608803 -0.230299 0.406071 
0.400795 -0.504304 0.485867 
-0.606235 -0.230889 0.406191 
0.400795 -0.504304 0.485867 
-0.603916 -0.231488 0.406976 
0.400795 -0.504304 0.485867 
-0.602252 -0.231565 0.407534 
0.400795 -0.504304 0.485867 
-0.601437 -0.231625 0.407084 
0.400795 -0.504304 0.485867 
-0.600628 -0.231707 0.406554 
0.400795 -0.504304 0.485867 
-0.599939 -0.231802 0.406442 
0.400795 -0.504304 0.485867 
-0.599339 -0.231746 0.406601 
0.400795 -0.504304 0.485867 
-0.599105 -0.231723 0.406425 
0.400795 -0.504304 0.485867 
-0.598817 -0.231924 0.406868 
0.400795 -0.504304 0.485867 
-0.598004 -0.232297 0.40654 
0.400795 -0.504304 0.485867 
-0.596794 -0.232643 0.406558 
0.400795 -0.504304 0.485867 
-0.595475 -0.232918 0.406931 
0.400795 -0.504304 0.485867 
-0.594811 -0.232805 0.407292 
0.400795 -0.504304 0.485867 
-0.594702 -0.232538 0.40728 
0.400795 -0.504304 0.485867 
-0.594845 -0.232476 0.407091 
0.400795 -0.504304 0.485867 
-0.594734 -0.232632 0.406541 
0.400795 -0.504304 0.485867 
-0.594752 -0.232594 0.407022 
0.400795 -0.504304 0.485867 
-0.594867 -0.232566 0.40663 
0.400795 -0.504304 0.485867 
-0.594868 -0.232512 0.406644 
0.400795 -0.504304 0.485867 
-0.594807 -0.232419 0.406392 
0.400795 -0.504304 0.485867 
-0.594772 -0.232494 0.406776 
0.400795 -0.504304 0.485867 
-0.594811 -0.232439 0.406366 
0.400795 -0.504304 0.485867 
-0.594751 -0.23243 0.406713 
0.400795 -0.504304 0.485867 
-0.594861 -0.232579 0.406701 
0.400795 -0.504304 0.485867 
-0.594857 -0.232848 0.407053 
0.400795 -0.504304 0.485867 
-0.594868 -0.23267 0.407244 
0.400795 -0.504304 0.485867 
-0.594859 -0.232764 0.407211 
0.400795 -0.504304 0.485867 
-0.594951 -0.232715 0.407159 
0.400795 -0.504304 0.485867 
-0.594877 -0.232652 0.406876 
0.400795 -0.504304 0.485867 
-0.594834 -0.232695 0.406926 
0.400795 -0.504304 0.485867 
-0.594899 -0.232756 0.406941 
0.400795 -0.504304 0.485867 
-0.59493 -0.232725 0.407105 
0.400795 -0.504304 0.485867 
-0.594952 -0.232693 0.406863 
0.400795 -0.504304 0.485867 
-0.59498 -0.232679 0.407102 
0.400795 -0.504304 0.485867 
-0.594916 -0.232815 0.406807 
0.400795 -0.504304 0.485867 
-0.594932 -0.232796 0.407204 
0.400795 -0.504304 0.485867 
-0.4054 -0.23257 0.48858 
0.400795 -0.504304 0.485867 
