-0.597268 -0.255126 0.407261 
0.386793 -0.491584 0.441169 
-0.597268 -0.255126 0.407261 
0.386793 -0.491584 0.441169 
-0.597268 -0.255126 0.407261 
0.386793 -0.491584 0.441169 
-0.597268 -0.255126 0.407261 
0.38748 -0.491074 0.441032 
-0.597268 -0.255126 0.407261 
0.389065 -0.491041 0.442436 
-0.597268 -0.255126 0.407261 
0.389935 -0.490996 0.441403 
-0.597268 -0.255126 0.407261 
0.390571 -0.491104 0.441184 
-0.597268 -0.255126 0.407261 
0.39125 -0.491521 0.441993 
-0.597268 -0.255126 0.407261 
0.392059 -0.491653 0.442915 
-0.597268 -0.255126 0.407261 
0.392941 -0.491647 0.442882 
-0.597268 -0.255126 0.407261 
0.393911 -0.49179 0.442733 
-0.597268 -0.255126 0.407261 
0.395215 -0.49196 0.443272 
-0.597268 -0.255126 0.407261 
0.396592 -0.492082 0.443856 
-0.597268 -0.255126 0.407261 
0.399038 -0.492321 0.444462 
-0.597268 -0.255126 0.407261 
0.401435 -0.492673 0.445051 
-0.597268 -0.255126 0.407261 
0.403755 -0.492983 0.445307 
-0.597268 -0.255126 0.407261 
0.406291 -0.493275 0.446011 
-0.597268 -0.255126 0.407261 
0.408934 -0.493518 0.446143 
-0.597268 -0.255126 0.407261 
0.411604 -0.493721 0.445883 
-0.597268 -0.255126 0.407261 
0.414398 -0.493966 0.445756 
-0.597268 -0.255126 0.407261 
0.417183 -0.494148 0.446062 
-0.597268 -0.255126 0.407261 
0.419904 -0.494208 0.445606 
-0.597268 -0.255126 0.407261 
0.422506 -0.494303 0.445126 
-0.597268 -0.255126 0.407261 
0.42509 -0.494465 0.44489 
-0.597268 -0.255126 0.407261 
0.427662 -0.494701 0.445001 
-0.597268 -0.255126 0.407261 
0.430179 -0.494846 0.444829 
-0.597268 -0.255126 0.407261 
0.432622 -0.495049 0.444541 
-0.597268 -0.255126 0.407261 
0.435055 -0.495325 0.444752 
-0.597268 -0.255126 0.407261 
0.437359 -0.495507 0.444906 
-0.597268 -0.255126 0.407261 
0.439583 -0.495744 0.444862 
-0.597268 -0.255126 0.407261 
0.44162 -0.496027 0.444743 
-0.597268 -0.255126 0.407261 
0.443548 -0.496263 0.444823 
-0.597268 -0.255126 0.407261 
0.445339 -0.496592 0.445676 
-0.597268 -0.255126 0.407261 
0.446765 -0.496862 0.445626 
-0.597268 -0.255126 0.407261 
0.447885 -0.497012 0.445232 
-0.597268 -0.255126 0.407261 
0.448756 -0.497157 0.445171 
-0.597268 -0.255126 0.407261 
0.448753 -0.497155 0.445169 
-0.597268 -0.255126 0.407261 
0.448757 -0.49716 0.445166 
-0.597268 -0.255126 0.407261 
0.448756 -0.497159 0.445168 
-0.597268 -0.255126 0.407261 
0.448752 -0.497153 0.445172 
-0.597268 -0.255126 0.407261 
0.448753 -0.497154 0.445171 
-0.597268 -0.255126 0.407261 
0.448749 -0.49715 0.445172 
-0.597268 -0.255126 0.407261 
0.448754 -0.497152 0.445183 
-0.597268 -0.255126 0.407261 
0.448748 -0.497144 0.44519 
-0.597268 -0.255126 0.407261 
0.448747 -0.497145 0.445187 
-0.597268 -0.255126 0.407261 
0.448744 -0.497142 0.445186 
-0.597268 -0.255126 0.407261 
0.44874 -0.497137 0.445187 
-0.597268 -0.255126 0.407261 
0.448737 -0.497133 0.445191 
-0.597268 -0.255126 0.407261 
0.448733 -0.497131 0.445186 
-0.597268 -0.255126 0.407261 
0.448884 -0.497247 0.445304 
-0.597268 -0.255126 0.407261 
0.448884 -0.497247 0.445304 
-0.597268 -0.255126 0.407261 
0.448884 -0.497247 0.445304 
-0.597268 -0.255126 0.407261 
0.448884 -0.497247 0.445304 
-0.597268 -0.255126 0.407261 
0.448884 -0.497247 0.445304 
-0.597268 -0.255126 0.407261 
0.448884 -0.497247 0.445304 
-0.597268 -0.255126 0.407261 
0.448884 -0.497247 0.445304 
-0.597268 -0.255126 0.407261 
0.448884 -0.497247 0.445304 
-0.597268 -0.255126 0.407261 
0.448884 -0.497247 0.445304 
-0.597268 -0.255126 0.407261 
0.448884 -0.497247 0.445304 
-0.597268 -0.255126 0.407261 
0.448884 -0.497247 0.445304 
-0.597268 -0.255126 0.407261 
0.448884 -0.497247 0.445304 
-0.597268 -0.255126 0.407261 
0.448884 -0.497247 0.445304 
-0.597268 -0.255126 0.407261 
0.448884 -0.497247 0.445304 
-0.597268 -0.255126 0.407261 
0.448884 -0.497247 0.445304 
-0.597268 -0.255126 0.407261 
0.448884 -0.497247 0.445304 
-0.597268 -0.255126 0.407261 
0.448884 -0.497247 0.445304 
-0.597268 -0.255126 0.407261 
0.448884 -0.497247 0.445304 
-0.597268 -0.255126 0.407261 
0.448884 -0.497247 0.445304 
-0.597268 -0.255126 0.407261 
0.448884 -0.497247 0.445304 
-0.597268 -0.255126 0.407261 
0.448884 -0.497247 0.445304 
-0.597268 -0.255126 0.407261 
0.448884 -0.497247 0.445304 
-0.597268 -0.255126 0.407261 
0.448884 -0.497247 0.445304 
-0.597268 -0.255126 0.407261 
0.448884 -0.497247 0.445304 
-0.597268 -0.255126 0.407261 
0.448884 -0.497247 0.445304 
-0.597268 -0.255126 0.407261 
0.448884 -0.497247 0.445304 
-0.597268 -0.255126 0.407261 
0.448884 -0.497247 0.445304 
-0.597268 -0.255126 0.407261 
0.448884 -0.497247 0.445304 
-0.597268 -0.255126 0.407261 
0.448884 -0.497247 0.445304 
-0.597268 -0.255126 0.407261 
0.448884 -0.497247 0.445304 
-0.597268 -0.255126 0.407261 
0.448884 -0.497247 0.445304 
-0.597268 -0.255126 0.407261 
0.448884 -0.497247 0.445304 
-0.597268 -0.255126 0.407261 
0.448884 -0.497247 0.445304 
-0.597268 -0.255126 0.407261 
0.448884 -0.497247 0.445304 
-0.597268 -0.255126 0.407261 
0.448884 -0.497247 0.445304 
-0.597268 -0.255126 0.407261 
0.448884 -0.497247 0.445304 
-0.597268 -0.255126 0.407261 
0.448884 -0.497247 0.445304 
-0.597268 -0.255126 0.407261 
0.448884 -0.497247 0.445304 
-0.597268 -0.255126 0.407261 
0.448884 -0.497247 0.445304 
-0.597268 -0.255126 0.407261 
0.448884 -0.497247 0.445304 
-0.597268 -0.255126 0.407261 
0.448884 -0.497247 0.445304 
-0.597268 -0.255126 0.407261 
0.448884 -0.497247 0.445304 
-0.597268 -0.255126 0.407261 
0.448884 -0.497247 0.445304 
-0.597268 -0.255126 0.407261 
0.448884 -0.497247 0.445304 
-0.597268 -0.255126 0.407261 
0.448884 -0.497247 0.445304 
-0.597268 -0.255126 0.407261 
0.448884 -0.497247 0.445304 
-0.597268 -0.255126 0.407261 
0.448884 -0.497247 0.445304 
-0.597268 -0.255126 0.407261 
0.448884 -0.497247 0.445304 
-0.597268 -0.255126 0.407261 
0.448884 -0.497247 0.445304 
-0.597268 -0.255126 0.407261 
0.448884 -0.497247 0.445304 
