-0.636964 -0.252273 0.373798 
0.400795 -0.504304 0.485867 
-0.643653 -0.254892 0.373317 
0.400795 -0.504304 0.485867 
-0.644538 -0.254406 0.375521 
0.400795 -0.504304 0.485867 
-0.644253 -0.25414 0.377074 
0.400795 -0.504304 0.485867 
-0.643988 -0.254687 0.377149 
0.400795 -0.504304 0.485867 
-0.643382 -0.254278 0.376926 
0.400795 -0.504304 0.485867 
-0.641392 -0.253144 0.377459 
0.400795 -0.504304 0.485867 
-0.638236 -0.252079 0.378532 
0.400795 -0.504304 0.485867 
-0.634463 -0.250862 0.379709 
0.400795 -0.504304 0.485867 
-0.63113 -0.249622 0.380838 
0.400795 -0.504304 0.485867 
-0.628274 -0.248283 0.381884 
0.400795 -0.504304 0.485867 
-0.626741 -0.247647 0.382288 
0.400795 -0.504304 0.485867 
-0.625202 -0.246865 0.382865 
0.400795 -0.504304 0.485867 
-0.623444 -0.246253 0.383436 
0.400795 -0.504304 0.485867 
-0.621347 -0.245674 0.384041 
0.400795 -0.504304 0.485867 
-0.618863 -0.244774 0.384728 
0.400795 -0.504304 0.485867 
