-0.636126 -0.245885 0.379896 
0.379949 -0.477557 0.427328 
-0.636126 -0.245885 0.379896 
0.379949 -0.477557 0.427328 
-0.63571 -0.246612 0.381738 
0.380498 -0.482657 0.428988 
-0.636585 -0.247939 0.381972 
0.379591 -0.483013 0.429696 
-0.636688 -0.248575 0.381462 
0.37919 -0.484054 0.431124 
-0.636158 -0.247844 0.380897 
0.379558 -0.484861 0.430873 
-0.63434 -0.246836 0.381534 
0.380157 -0.486297 0.431652 
-0.631006 -0.246034 0.383097 
0.380595 -0.487852 0.431685 
-0.626956 -0.244581 0.384453 
0.380937 -0.488215 0.431627 
-0.624138 -0.243488 0.385418 
0.381513 -0.489587 0.431095 
-0.621197 -0.242456 0.386298 
0.381646 -0.490118 0.429908 
-0.618629 -0.241346 0.387367 
0.38175 -0.490833 0.429734 
-0.616906 -0.240494 0.388154 
0.38178 -0.491882 0.429402 
-0.615741 -0.239859 0.388623 
0.381508 -0.49202 0.428729 
-0.61431 -0.239388 0.389068 
0.381419 -0.492021 0.42865 
-0.611582 -0.238693 0.390053 
0.3815 -0.493319 0.428538 
-0.60877 -0.237446 0.390879 
0.381554 -0.49475 0.42808 
-0.606326 -0.236208 0.391833 
0.381574 -0.495204 0.428776 
-0.603683 -0.235402 0.3927 
0.381469 -0.495851 0.427804 
-0.602059 -0.234541 0.392891 
0.380916 -0.496388 0.42771 
-0.601862 -0.234059 0.392333 
0.380279 -0.496835 0.427261 
-0.601935 -0.233927 0.391918 
0.379812 -0.497591 0.426792 
-0.45805 -0.16486 0.48415 
0.380455 -0.496738 0.427416 
-0.472775 -0.171851 0.47439 
0.37501 -0.491953 0.419432 
-0.472411 -0.171754 0.474965 
0.376414 -0.494144 0.423514 
-0.472393 -0.171719 0.474969 
0.377106 -0.493615 0.425395 
-0.472394 -0.171718 0.474973 
0.379293 -0.493101 0.426781 
-0.472396 -0.171715 0.474978 
0.381679 -0.493162 0.428221 
-0.472397 -0.171714 0.474981 
0.384365 -0.492491 0.4326 
-0.472397 -0.171713 0.474983 
0.387652 -0.492469 0.43644 
-0.472397 -0.171713 0.474986 
0.390461 -0.49128 0.437634 
-0.472397 -0.171712 0.474988 
0.393744 -0.491161 0.441216 
-0.472397 -0.171712 0.474991 
0.398252 -0.489978 0.444777 
-0.472397 -0.171712 0.474993 
0.40159 -0.489718 0.448256 
-0.472396 -0.171711 0.474995 
0.407433 -0.488647 0.452224 
-0.472396 -0.171711 0.474995 
0.41015 -0.488774 0.453347 
-0.472396 -0.171711 0.474997 
0.415282 -0.487404 0.458018 
-0.472396 -0.171711 0.474998 
0.418641 -0.48781 0.458696 
-0.472396 -0.171711 0.474999 
0.420268 -0.48737 0.457796 
-0.472396 -0.171711 0.475 
0.421077 -0.487501 0.459246 
-0.472396 -0.171711 0.475 
0.423245 -0.487164 0.460118 
-0.472396 -0.171711 0.475001 
0.423443 -0.487093 0.45924 
-0.472396 -0.171711 0.475002 
0.423028 -0.487804 0.457761 
-0.472396 -0.171711 0.475002 
0.424117 -0.488103 0.45877 
-0.601003 -0.232839 0.391513 
0.428856 -0.485885 0.472115 
