-0.636207 -0.243105 0.371605 
0.400795 -0.504304 0.485867 
-0.63499 -0.244026 0.372016 
0.400795 -0.504304 0.485867 
-0.635226 -0.244381 0.372831 
0.400795 -0.504304 0.485867 
-0.63568 -0.244386 0.372902 
0.400795 -0.504304 0.485867 
-0.635768 -0.245196 0.37261 
0.400795 -0.504304 0.485867 
-0.635336 -0.244594 0.372583 
0.400795 -0.504304 0.485867 
-0.633609 -0.243872 0.373289 
0.400795 -0.504304 0.485867 
-0.631208 -0.243149 0.374116 
0.400795 -0.504304 0.485867 
-0.628206 -0.242009 0.374781 
0.400795 -0.504304 0.485867 
-0.626251 -0.241266 0.375274 
0.400795 -0.504304 0.485867 
-0.624746 -0.240779 0.37565 
0.400795 -0.504304 0.485867 
-0.623482 -0.240364 0.376029 
0.400795 -0.504304 0.485867 
-0.622463 -0.239968 0.376289 
0.400795 -0.504304 0.485867 
-0.621557 -0.239661 0.376596 
0.400795 -0.504304 0.485867 
-0.620134 -0.239096 0.376795 
0.400795 -0.504304 0.485867 
-0.617916 -0.238458 0.377505 
0.400795 -0.504304 0.485867 
-0.615992 -0.237653 0.377915 
0.400795 -0.504304 0.485867 
-0.614065 -0.236843 0.378548 
0.400795 -0.504304 0.485867 
-0.612347 -0.236487 0.379018 
0.400795 -0.504304 0.485867 
-0.611442 -0.236056 0.379105 
0.400795 -0.504304 0.485867 
-0.611026 -0.235908 0.3792 
0.400795 -0.504304 0.485867 
-0.611312 -0.23609 0.379147 
0.400795 -0.504304 0.485867 
-0.45805 -0.16486 0.48415 
0.400795 -0.504304 0.485867 
