-0.589697 -0.214732 0.341639 
0.400795 -0.504304 0.485867 
-0.589698 -0.214733 0.341639 
0.400795 -0.504304 0.485867 
-0.589863 -0.214899 0.340634 
0.400795 -0.504304 0.485867 
-0.589819 -0.214905 0.341158 
0.400795 -0.504304 0.485867 
-0.589612 -0.214839 0.341449 
0.400795 -0.504304 0.485867 
-0.589841 -0.214796 0.341215 
0.400795 -0.504304 0.485867 
-0.589878 -0.214603 0.341066 
0.400795 -0.504304 0.485867 
-0.589883 -0.214751 0.341315 
0.400795 -0.504304 0.485867 
-0.589883 -0.214805 0.341362 
0.400795 -0.504304 0.485867 
-0.58974 -0.21479 0.341555 
0.400795 -0.504304 0.485867 
-0.589768 -0.214536 0.341247 
0.400795 -0.504304 0.485867 
-0.58985 -0.214474 0.341144 
0.400795 -0.504304 0.485867 
-0.589865 -0.214506 0.340982 
0.400795 -0.504304 0.485867 
-0.589556 -0.214643 0.341546 
0.400795 -0.504304 0.485867 
-0.589601 -0.214674 0.341348 
0.400795 -0.504304 0.485867 
-0.589668 -0.214895 0.341441 
0.400795 -0.504304 0.485867 
-0.589707 -0.214725 0.341617 
0.400795 -0.504304 0.485867 
-0.589643 -0.214824 0.341647 
0.400795 -0.504304 0.485867 
-0.589769 -0.214527 0.34159 
0.400795 -0.504304 0.485867 
