-0.597268 -0.255126 0.407261 
0.388199 -0.468367 0.43078 
-0.597268 -0.255126 0.407261 
0.388199 -0.468366 0.430779 
-0.597268 -0.255126 0.407261 
0.386898 -0.471782 0.433844 
-0.597268 -0.255126 0.407261 
0.386798 -0.472767 0.432225 
-0.597268 -0.255126 0.407261 
0.385967 -0.472699 0.435298 
-0.597268 -0.255126 0.407261 
0.386392 -0.472188 0.431811 
-0.597268 -0.255126 0.407261 
0.386345 -0.472047 0.431546 
-0.597268 -0.255126 0.407261 
0.386243 -0.471908 0.431185 
-0.597268 -0.255126 0.407261 
0.386117 -0.472227 0.433213 
-0.597268 -0.255126 0.407261 
0.386141 -0.472031 0.434028 
-0.597268 -0.255126 0.407261 
0.386424 -0.4723 0.432779 
-0.597268 -0.255126 0.407261 
0.386746 -0.47178 0.432073 
-0.597268 -0.255126 0.407261 
0.386975 -0.472494 0.433749 
-0.597268 -0.255126 0.407261 
0.387468 -0.471897 0.431139 
-0.597268 -0.255126 0.407261 
0.387954 -0.471877 0.430266 
-0.597268 -0.255126 0.407261 
0.388121 -0.472338 0.432513 
-0.597268 -0.255126 0.407261 
0.388605 -0.472865 0.431206 
