-0.620551 -0.214805 0.381562 
0.400795 -0.504304 0.485867 
-0.620551 -0.214805 0.381562 
0.400795 -0.504304 0.485867 
-0.612031 -0.214121 0.381264 
0.400795 -0.504304 0.485867 
-0.614322 -0.213154 0.380279 
0.400795 -0.504304 0.485867 
-0.614121 -0.214202 0.378996 
0.400795 -0.504304 0.485867 
-0.613978 -0.212448 0.380084 
0.400795 -0.504304 0.485867 
-0.613855 -0.214413 0.378641 
0.400795 -0.504304 0.485867 
-0.613221 -0.215428 0.379848 
0.400795 -0.504304 0.485867 
-0.612441 -0.216735 0.379188 
0.400795 -0.504304 0.485867 
-0.611084 -0.217885 0.379307 
0.400795 -0.504304 0.485867 
-0.609467 -0.21831 0.379655 
0.400795 -0.504304 0.485867 
-0.608475 -0.218679 0.379404 
0.400795 -0.504304 0.485867 
-0.606765 -0.218388 0.379482 
0.400795 -0.504304 0.485867 
-0.605622 -0.219356 0.378803 
0.400795 -0.504304 0.485867 
-0.604724 -0.218669 0.379297 
0.400795 -0.504304 0.485867 
-0.604663 -0.219135 0.378852 
0.400795 -0.504304 0.485867 
-0.603564 -0.218524 0.379324 
0.400795 -0.504304 0.485867 
-0.603444 -0.218534 0.37928 
0.400795 -0.504304 0.485867 
-0.602841 -0.219108 0.379065 
0.400795 -0.504304 0.485867 
