-0.636094 -0.243193 0.371973 
0.383243 -0.483401 0.440206 
-0.634398 -0.243854 0.373549 
0.383243 -0.483401 0.440206 
-0.63509 -0.244043 0.373445 
0.383977 -0.488267 0.446334 
-0.635649 -0.245097 0.373833 
0.383094 -0.484176 0.440672 
-0.63615 -0.245914 0.373585 
0.382951 -0.484098 0.440778 
-0.635762 -0.245477 0.373448 
0.383213 -0.488731 0.444371 
-0.633755 -0.244209 0.373963 
0.383578 -0.489705 0.444827 
-0.630587 -0.243322 0.374984 
0.383918 -0.491821 0.445679 
-0.626218 -0.241693 0.376173 
0.383834 -0.488982 0.440821 
-0.623349 -0.240527 0.376916 
0.384309 -0.489626 0.440258 
-0.621726 -0.239845 0.37776 
0.385378 -0.49426 0.445956 
-0.618454 -0.23881 0.378893 
0.385006 -0.494435 0.444024 
-0.616408 -0.237744 0.379292 
0.384694 -0.492638 0.440549 
-0.615197 -0.23732 0.379586 
0.384642 -0.493135 0.440289 
-0.613493 -0.236533 0.380308 
0.385213 -0.497122 0.443789 
-0.610421 -0.235359 0.381004 
0.385165 -0.497275 0.445119 
-0.607741 -0.234493 0.381515 
0.38513 -0.499004 0.443903 
-0.605134 -0.23307 0.382029 
0.385245 -0.498826 0.441599 
-0.602609 -0.231979 0.382431 
0.385484 -0.50078 0.443247 
-0.601482 -0.231189 0.382511 
0.384808 -0.502262 0.44326 
-0.600889 -0.230651 0.381766 
0.383925 -0.501509 0.4426 
-0.601191 -0.230536 0.381346 
0.383459 -0.502326 0.443524 
-0.45805 -0.16486 0.48415 
0.383891 -0.501814 0.44309 
-0.599726 -0.230778 0.386162 
0.430456 -0.412293 0.459626 
