-0.597268 -0.255126 0.407261 
0.386649 -0.49133 0.441339 
-0.597268 -0.255126 0.407261 
0.386648 -0.49133 0.441339 
-0.597268 -0.255126 0.407261 
0.386648 -0.49133 0.441339 
-0.597268 -0.255126 0.407261 
0.386648 -0.49133 0.441339 
-0.597268 -0.255126 0.407261 
0.386648 -0.49133 0.441339 
-0.597268 -0.255126 0.407261 
0.386648 -0.49133 0.441339 
-0.597268 -0.255126 0.407261 
0.386648 -0.49133 0.441339 
-0.597268 -0.255126 0.407261 
0.386648 -0.49133 0.441339 
-0.597268 -0.255126 0.407261 
0.386648 -0.49133 0.441339 
-0.597268 -0.255126 0.407261 
0.386648 -0.49133 0.441339 
-0.597268 -0.255126 0.407261 
0.386648 -0.49133 0.441339 
-0.597268 -0.255126 0.407261 
0.386648 -0.49133 0.441339 
-0.597268 -0.255126 0.407261 
0.386648 -0.49133 0.441339 
-0.597268 -0.255126 0.407261 
0.386648 -0.49133 0.441339 
-0.597268 -0.255126 0.407261 
0.386648 -0.49133 0.441339 
-0.597268 -0.255126 0.407261 
0.386648 -0.49133 0.441339 
-0.597268 -0.255126 0.407261 
0.386648 -0.49133 0.441339 
-0.597268 -0.255126 0.407261 
0.386648 -0.49133 0.441339 
-0.597268 -0.255126 0.407261 
0.386648 -0.49133 0.441339 
-0.597268 -0.255126 0.407261 
0.386648 -0.49133 0.441339 
-0.597268 -0.255126 0.407261 
0.386648 -0.49133 0.441339 
-0.597268 -0.255126 0.407261 
0.386648 -0.49133 0.441339 
-0.597268 -0.255126 0.407261 
0.386648 -0.49133 0.441339 
-0.597268 -0.255126 0.407261 
0.386648 -0.49133 0.441339 
-0.597268 -0.255126 0.407261 
0.386648 -0.49133 0.441339 
-0.597268 -0.255126 0.407261 
0.386648 -0.49133 0.441339 
-0.597268 -0.255126 0.407261 
0.386648 -0.49133 0.441339 
-0.597268 -0.255126 0.407261 
0.386648 -0.49133 0.441339 
-0.597268 -0.255126 0.407261 
0.386648 -0.49133 0.441339 
-0.597268 -0.255126 0.407261 
0.386648 -0.49133 0.441339 
-0.597268 -0.255126 0.407261 
0.386648 -0.49133 0.441339 
-0.597268 -0.255126 0.407261 
0.386648 -0.49133 0.441339 
-0.597268 -0.255126 0.407261 
0.386648 -0.49133 0.441339 
-0.597268 -0.255126 0.407261 
0.386648 -0.49133 0.441339 
-0.597268 -0.255126 0.407261 
0.386648 -0.49133 0.441339 
-0.597268 -0.255126 0.407261 
0.386648 -0.49133 0.441339 
-0.597268 -0.255126 0.407261 
0.386648 -0.49133 0.441339 
-0.597268 -0.255126 0.407261 
0.386648 -0.49133 0.441339 
-0.597268 -0.255126 0.407261 
0.386648 -0.49133 0.441339 
-0.597268 -0.255126 0.407261 
0.386648 -0.49133 0.441339 
-0.597268 -0.255126 0.407261 
0.386648 -0.49133 0.441339 
-0.597268 -0.255126 0.407261 
0.386648 -0.49133 0.441339 
-0.597268 -0.255126 0.407261 
0.386648 -0.49133 0.441339 
-0.597268 -0.255126 0.407261 
0.386648 -0.49133 0.441339 
-0.597268 -0.255126 0.407261 
0.386648 -0.49133 0.441339 
-0.597268 -0.255126 0.407261 
0.386648 -0.49133 0.441339 
-0.597268 -0.255126 0.407261 
0.386648 -0.49133 0.441339 
-0.597268 -0.255126 0.407261 
0.386648 -0.49133 0.441339 
-0.597268 -0.255126 0.407261 
0.386648 -0.49133 0.441339 
-0.597268 -0.255126 0.407261 
0.386648 -0.49133 0.441339 
-0.597268 -0.255126 0.407261 
0.386648 -0.49133 0.441339 
-0.597268 -0.255126 0.407261 
0.386648 -0.49133 0.441339 
-0.597268 -0.255126 0.407261 
0.386648 -0.49133 0.441339 
-0.597268 -0.255126 0.407261 
0.386648 -0.49133 0.441339 
-0.597268 -0.255126 0.407261 
0.386648 -0.49133 0.441339 
-0.597268 -0.255126 0.407261 
0.386648 -0.49133 0.441339 
-0.597268 -0.255126 0.407261 
0.386648 -0.49133 0.441339 
-0.597268 -0.255126 0.407261 
0.386648 -0.49133 0.441339 
-0.597268 -0.255126 0.407261 
0.386648 -0.49133 0.441339 
