-0.58599 -0.18352 0.345527 
0.400795 -0.504304 0.485867 
-0.585991 -0.183521 0.345527 
0.400795 -0.504304 0.485867 
-0.585524 -0.18375 0.344862 
0.400795 -0.504304 0.485867 
-0.585991 -0.183832 0.345025 
0.400795 -0.504304 0.485867 
-0.586171 -0.183603 0.345185 
0.400795 -0.504304 0.485867 
-0.586065 -0.183648 0.34553 
0.400795 -0.504304 0.485867 
-0.586051 -0.183597 0.345505 
0.400795 -0.504304 0.485867 
-0.586141 -0.183922 0.345594 
0.400795 -0.504304 0.485867 
-0.586076 -0.183577 0.345472 
0.400795 -0.504304 0.485867 
-0.585841 -0.183864 0.345648 
0.400795 -0.504304 0.485867 
-0.586009 -0.183835 0.345426 
0.400795 -0.504304 0.485867 
-0.586095 -0.183964 0.345317 
0.400795 -0.504304 0.485867 
-0.586026 -0.184204 0.345435 
0.400795 -0.504304 0.485867 
-0.585997 -0.18393 0.345632 
0.400795 -0.504304 0.485867 
-0.586052 -0.183931 0.345684 
0.400795 -0.504304 0.485867 
-0.586089 -0.183618 0.345409 
0.400795 -0.504304 0.485867 
-0.585953 -0.184259 0.345693 
0.400795 -0.504304 0.485867 
-0.586011 -0.184267 0.345601 
0.400795 -0.504304 0.485867 
-0.586075 -0.183723 0.34585 
0.400795 -0.504304 0.485867 
-0.586195 -0.183661 0.345363 
0.400795 -0.504304 0.485867 
-0.586064 -0.183992 0.345382 
0.400795 -0.504304 0.485867 
-0.585791 -0.184263 0.345707 
0.400795 -0.504304 0.485867 
-0.585912 -0.184241 0.345649 
0.400795 -0.504304 0.485867 
-0.585939 -0.184129 0.345743 
0.400795 -0.504304 0.485867 
-0.586119 -0.183906 0.345444 
0.400795 -0.504304 0.485867 
-0.585997 -0.183921 0.345569 
0.400795 -0.504304 0.485867 
-0.586046 -0.183974 0.34526 
0.400795 -0.504304 0.485867 
-0.586201 -0.183798 0.345265 
0.400795 -0.504304 0.485867 
-0.586183 -0.183618 0.345336 
0.400795 -0.504304 0.485867 
-0.586229 -0.183837 0.345499 
0.400795 -0.504304 0.485867 
-0.586188 -0.18383 0.345521 
0.400795 -0.504304 0.485867 
-0.586038 -0.184009 0.34564 
0.400795 -0.504304 0.485867 
-0.585983 -0.183971 0.345592 
0.400795 -0.504304 0.485867 
-0.586078 -0.183725 0.34556 
0.400795 -0.504304 0.485867 
-0.585977 -0.183876 0.345633 
0.400795 -0.504304 0.485867 
-0.585991 -0.18394 0.345473 
0.400795 -0.504304 0.485867 
-0.586071 -0.18398 0.345265 
0.400795 -0.504304 0.485867 
-0.586025 -0.183638 0.345632 
0.400795 -0.504304 0.485867 
-0.586027 -0.183809 0.345659 
0.400795 -0.504304 0.485867 
-0.586098 -0.183505 0.345654 
0.400795 -0.504304 0.485867 
-0.586052 -0.183883 0.345616 
0.400795 -0.504304 0.485867 
-0.586026 -0.18396 0.345534 
0.400795 -0.504304 0.485867 
-0.586215 -0.183555 0.345393 
0.400795 -0.504304 0.485867 
