-0.59807 -0.199422 0.389011 
0.400795 -0.504304 0.485867 
-0.598071 -0.199423 0.389011 
0.400795 -0.504304 0.485867 
-0.59772 -0.199291 0.387095 
0.400795 -0.504304 0.485867 
-0.598275 -0.199441 0.386746 
0.400795 -0.504304 0.485867 
-0.598359 -0.199479 0.387213 
0.400795 -0.504304 0.485867 
-0.598319 -0.199629 0.387245 
0.400795 -0.504304 0.485867 
-0.598414 -0.199319 0.387323 
0.400795 -0.504304 0.485867 
-0.598321 -0.199482 0.387551 
0.400795 -0.504304 0.485867 
-0.598355 -0.199539 0.387488 
0.400795 -0.504304 0.485867 
-0.598362 -0.199639 0.387665 
0.400795 -0.504304 0.485867 
-0.598426 -0.199475 0.387513 
0.400795 -0.504304 0.485867 
-0.598307 -0.199741 0.387935 
0.400795 -0.504304 0.485867 
-0.598352 -0.199679 0.387493 
0.400795 -0.504304 0.485867 
-0.598395 -0.199441 0.387501 
0.400795 -0.504304 0.485867 
-0.598427 -0.199453 0.387492 
0.400795 -0.504304 0.485867 
-0.598436 -0.199451 0.387533 
0.400795 -0.504304 0.485867 
-0.59842 -0.199534 0.387639 
0.400795 -0.504304 0.485867 
-0.598394 -0.199321 0.38745 
0.400795 -0.504304 0.485867 
-0.598385 -0.199562 0.387434 
0.400795 -0.504304 0.485867 
-0.598297 -0.19964 0.387675 
0.400795 -0.504304 0.485867 
-0.598356 -0.199432 0.387879 
0.400795 -0.504304 0.485867 
-0.598452 -0.19936 0.387393 
0.400795 -0.504304 0.485867 
-0.598303 -0.19987 0.387517 
0.400795 -0.504304 0.485867 
-0.598296 -0.19957 0.387802 
0.400795 -0.504304 0.485867 
-0.598335 -0.199695 0.387678 
0.400795 -0.504304 0.485867 
-0.598282 -0.19955 0.387938 
0.400795 -0.504304 0.485867 
-0.598368 -0.199582 0.387617 
0.400795 -0.504304 0.485867 
-0.598379 -0.199447 0.387745 
0.400795 -0.504304 0.485867 
-0.598417 -0.199477 0.387471 
0.400795 -0.504304 0.485867 
-0.598272 -0.199663 0.388059 
0.400795 -0.504304 0.485867 
-0.598286 -0.19938 0.388064 
0.400795 -0.504304 0.485867 
-0.598418 -0.199331 0.38767 
0.400795 -0.504304 0.485867 
-0.598428 -0.199382 0.387566 
0.400795 -0.504304 0.485867 
-0.598298 -0.199663 0.387552 
0.400795 -0.504304 0.485867 
-0.598287 -0.19954 0.387715 
0.400795 -0.504304 0.485867 
-0.598314 -0.199545 0.387748 
0.400795 -0.504304 0.485867 
-0.598377 -0.199481 0.387569 
0.400795 -0.504304 0.485867 
-0.598307 -0.199828 0.387842 
0.400795 -0.504304 0.485867 
-0.598391 -0.199562 0.387444 
0.400795 -0.504304 0.485867 
-0.598393 -0.199388 0.387974 
0.400795 -0.504304 0.485867 
-0.598305 -0.199536 0.388154 
0.400795 -0.504304 0.485867 
