-0.551462 -0.233321 0.378925 
0.383984 -0.498401 0.438336 
-0.551462 -0.233321 0.378925 
0.383043 -0.496054 0.441542 
-0.551481 -0.233343 0.378862 
0.384437 -0.495486 0.44582 
-0.551496 -0.233361 0.378822 
0.386491 -0.494915 0.446802 
-0.551504 -0.233367 0.378786 
0.389361 -0.493912 0.450331 
-0.55151 -0.233362 0.378748 
0.392653 -0.493592 0.453859 
-0.551518 -0.233356 0.378694 
0.395939 -0.492878 0.457163 
-0.551516 -0.233362 0.378725 
0.400144 -0.490861 0.459607 
-0.551518 -0.233355 0.378702 
0.404186 -0.489948 0.462309 
-0.551504 -0.23332 0.378717 
0.409166 -0.488943 0.467239 
-0.551499 -0.233306 0.378725 
0.413459 -0.487853 0.467634 
-0.551496 -0.233311 0.37876 
0.418459 -0.486455 0.470677 
-0.551489 -0.233297 0.378772 
0.423603 -0.484552 0.473697 
-0.55147 -0.233274 0.378834 
0.427968 -0.483816 0.474561 
-0.551448 -0.233252 0.378921 
0.43139 -0.482354 0.474656 
-0.551427 -0.233214 0.37896 
0.434694 -0.481574 0.476542 
-0.55141 -0.233188 0.379006 
0.436408 -0.481985 0.476524 
-0.551402 -0.233188 0.379054 
0.437415 -0.481666 0.47621 
-0.551391 -0.233164 0.379069 
0.438136 -0.48159 0.475842 
-0.551383 -0.233152 0.379094 
0.43826 -0.481471 0.475424 
-0.551383 -0.233138 0.379069 
0.439688 -0.481737 0.477499 
-0.551383 -0.233143 0.379074 
0.437799 -0.482931 0.474211 
-0.551383 -0.233143 0.379074 
0.439972 -0.481466 0.476855 
-0.551567 -0.233655 0.379354 
0.380951 -0.496612 0.439444 
-0.551567 -0.233655 0.379354 
0.400435 -0.495236 0.452778 
-0.551587 -0.233677 0.379291 
0.39463 -0.493998 0.450639 
-0.551602 -0.233695 0.37925 
0.388615 -0.493698 0.453509 
-0.55161 -0.233701 0.379215 
0.395291 -0.49369 0.453921 
-0.551615 -0.233696 0.379177 
0.397728 -0.492909 0.455521 
-0.551623 -0.233691 0.379123 
0.400262 -0.491721 0.458776 
-0.551622 -0.233697 0.379153 
0.403305 -0.491007 0.460593 
-0.551623 -0.233689 0.379131 
0.407467 -0.489424 0.464749 
-0.55161 -0.233654 0.379146 
0.410216 -0.488551 0.465512 
-0.551605 -0.23364 0.379153 
0.414991 -0.487401 0.469126 
-0.551601 -0.233645 0.379188 
0.418357 -0.486011 0.470154 
-0.551594 -0.233631 0.379201 
0.42351 -0.484281 0.472403 
-0.551575 -0.233609 0.379262 
0.42835 -0.483302 0.474762 
-0.551553 -0.233587 0.37935 
0.435389 -0.481284 0.477552 
-0.551533 -0.233548 0.379388 
0.434404 -0.480799 0.475931 
-0.551515 -0.233522 0.379434 
0.436565 -0.48188 0.477037 
-0.551507 -0.233522 0.379483 
0.438726 -0.480672 0.477551 
-0.551497 -0.233498 0.379497 
0.438033 -0.480965 0.47582 
-0.551489 -0.233487 0.379522 
0.438165 -0.480785 0.474648 
-0.551488 -0.233473 0.379497 
0.438329 -0.482158 0.475941 
-0.551488 -0.233477 0.379503 
0.438698 -0.481572 0.476052 
-0.551488 -0.233477 0.379503 
0.438668 -0.481853 0.47585 
-0.551497 -0.233401 0.379068 
0.381284 -0.496747 0.440022 
-0.551497 -0.233401 0.379068 
0.400154 -0.494727 0.453821 
-0.551517 -0.233423 0.379005 
0.387515 -0.495075 0.445858 
-0.551531 -0.233442 0.378965 
0.387893 -0.494021 0.449211 
-0.551539 -0.233448 0.378929 
0.390551 -0.493358 0.450633 
-0.551545 -0.233442 0.378891 
0.394055 -0.492441 0.456163 
-0.551553 -0.233437 0.378837 
0.396869 -0.491699 0.457199 
-0.551551 -0.233443 0.378868 
0.401137 -0.491153 0.46022 
-0.551553 -0.233435 0.378845 
0.405392 -0.489146 0.464873 
-0.551539 -0.2334 0.37886 
0.408783 -0.488197 0.466281 
-0.551534 -0.233387 0.378868 
0.414214 -0.487622 0.469162 
-0.551531 -0.233392 0.378902 
0.419191 -0.485377 0.472782 
-0.551524 -0.233377 0.378915 
0.423359 -0.484321 0.472951 
-0.551505 -0.233355 0.378977 
0.428143 -0.482996 0.474193 
-0.551483 -0.233333 0.379064 
0.432365 -0.481918 0.476743 
-0.551462 -0.233295 0.379103 
0.43428 -0.4809 0.475855 
-0.551445 -0.233269 0.379149 
0.436694 -0.481858 0.476971 
-0.551437 -0.233269 0.379197 
0.436973 -0.481069 0.475107 
-0.551426 -0.233245 0.379212 
0.435779 -0.481292 0.476659 
-0.551419 -0.233233 0.379237 
0.43852 -0.481577 0.474844 
-0.551418 -0.23322 0.379212 
0.437842 -0.48178 0.475345 
-0.551418 -0.233224 0.379217 
0.438825 -0.482514 0.475844 
-0.551418 -0.233224 0.379217 
0.43883 -0.482537 0.476194 
-0.551491 -0.233431 0.379283 
0.380737 -0.496829 0.439677 
-0.551491 -0.233431 0.379283 
0.400153 -0.495308 0.453129 
-0.551511 -0.233453 0.37922 
0.388809 -0.493865 0.447459 
-0.551526 -0.233472 0.379179 
0.391456 -0.493982 0.450318 
-0.551534 -0.233478 0.379144 
0.392176 -0.49506 0.450312 
-0.551539 -0.233472 0.379105 
0.393938 -0.492607 0.453639 
-0.551547 -0.233467 0.379052 
0.398179 -0.4921 0.458066 
-0.551546 -0.233473 0.379082 
0.401068 -0.491075 0.459013 
-0.551548 -0.233465 0.379059 
0.404832 -0.489564 0.462524 
-0.551534 -0.23343 0.379075 
0.409443 -0.488701 0.466466 
-0.551529 -0.233417 0.379082 
0.414015 -0.48774 0.468498 
-0.551525 -0.233422 0.379117 
0.418675 -0.485529 0.471014 
-0.551519 -0.233407 0.37913 
0.423592 -0.484638 0.473177 
-0.5515 -0.233385 0.379191 
0.428222 -0.483518 0.474624 
-0.551477 -0.233363 0.379278 
0.432039 -0.48224 0.476182 
-0.551457 -0.233324 0.379317 
0.434227 -0.481325 0.475587 
-0.551439 -0.233298 0.379363 
0.436347 -0.482126 0.476478 
-0.551431 -0.233298 0.379412 
0.437378 -0.481291 0.475977 
-0.551421 -0.233274 0.379426 
0.437628 -0.48146 0.475441 
-0.551413 -0.233263 0.379451 
0.438305 -0.481742 0.474574 
-0.551412 -0.233249 0.379426 
0.438439 -0.481842 0.475046 
-0.551412 -0.233253 0.379432 
0.438204 -0.482047 0.474172 
-0.551412 -0.233253 0.379432 
0.437788 -0.481497 0.473933 
-0.601596 -0.229993 0.384003 
0.43581 -0.482883 0.474728 
-0.601596 -0.229993 0.384003 
0.437737 -0.483018 0.475427 
-0.601596 -0.229993 0.384 
0.438066 -0.482828 0.475234 
-0.601596 -0.229986 0.383985 
0.437421 -0.483358 0.474073 
-0.601598 -0.229991 0.383987 
0.437158 -0.483172 0.473943 
-0.6016 -0.229985 0.383964 
0.437283 -0.484098 0.474389 
-0.601602 -0.229981 0.383939 
0.436492 -0.483818 0.473857 
-0.601305 -0.230199 0.383752 
0.435879 -0.484137 0.474668 
-0.601565 -0.230012 0.383948 
0.434259 -0.483789 0.474552 
-0.601542 -0.229985 0.38396 
0.432085 -0.484267 0.472064 
-0.601513 -0.229958 0.383993 
0.430878 -0.484441 0.473148 
-0.601474 -0.229893 0.383971 
0.428981 -0.485026 0.472076 
-0.601508 -0.229716 0.383856 
0.427599 -0.484991 0.471807 
-0.60144 -0.229804 0.383993 
0.423728 -0.486008 0.470082 
-0.601437 -0.229861 0.384024 
0.423138 -0.486265 0.471377 
-0.601434 -0.22988 0.384073 
0.42125 -0.486106 0.470628 
-0.601434 -0.229876 0.384062 
0.419491 -0.486903 0.471696 
-0.60143 -0.229884 0.384097 
0.417391 -0.486662 0.47037 
-0.601425 -0.229892 0.384139 
0.416489 -0.487054 0.470081 
-0.601422 -0.229897 0.384169 
0.414471 -0.488403 0.470133 
-0.601416 -0.229904 0.384211 
0.413664 -0.488625 0.468933 
-0.601423 -0.229916 0.384215 
0.413488 -0.48776 0.468982 
-0.601443 -0.229954 0.384238 
0.411873 -0.488929 0.467842 
-0.601473 -0.230005 0.384244 
0.411929 -0.489374 0.469031 
-0.601511 -0.230072 0.384285 
0.411824 -0.489688 0.469517 
-0.601527 -0.230098 0.384291 
0.411849 -0.489689 0.469618 
-0.601511 -0.230064 0.384295 
0.411909 -0.489821 0.470455 
-0.601478 -0.230008 0.384367 
0.411643 -0.490379 0.469919 
-0.601455 -0.229966 0.384413 
0.411517 -0.490577 0.470044 
-0.601439 -0.229952 0.384465 
0.410714 -0.490837 0.467624 
-0.601684 -0.230125 0.383553 
0.438903 -0.481352 0.475562 
-0.601684 -0.230125 0.383553 
0.429434 -0.483998 0.47439 
-0.601728 -0.230067 0.383562 
0.434083 -0.483131 0.47403 
-0.601685 -0.230113 0.383532 
0.436057 -0.482966 0.473076 
-0.601687 -0.230117 0.383534 
0.43607 -0.483104 0.473036 
-0.601689 -0.230112 0.383511 
0.436208 -0.483431 0.472783 
-0.601691 -0.230108 0.383486 
0.435528 -0.483393 0.471993 
-0.60157 -0.230089 0.383726 
0.435004 -0.483259 0.473188 
-0.60167 -0.230115 0.383534 
0.433644 -0.483806 0.47228 
-0.601647 -0.230088 0.383546 
0.432645 -0.483981 0.47337 
-0.601619 -0.230061 0.383579 
0.430573 -0.484209 0.471483 
-0.601591 -0.229996 0.383531 
0.429641 -0.484439 0.472267 
-0.601549 -0.22997 0.383577 
0.427433 -0.484657 0.472386 
-0.60154 -0.229977 0.383623 
0.424443 -0.485154 0.470233 
-0.601189 -0.23051 0.384133 
0.422107 -0.486161 0.470145 
-0.601496 -0.230053 0.383722 
0.420902 -0.485884 0.471756 
-0.601495 -0.230049 0.383711 
0.419219 -0.486611 0.471839 
-0.601491 -0.230057 0.383746 
0.416686 -0.48702 0.469242 
-0.601487 -0.230065 0.383788 
0.416176 -0.486936 0.470833 
-0.601483 -0.23007 0.383818 
0.414708 -0.488037 0.47045 
-0.601477 -0.230077 0.38386 
0.413658 -0.487887 0.469859 
-0.601484 -0.230089 0.383864 
0.413593 -0.488256 0.470189 
-0.601504 -0.230127 0.383887 
0.412453 -0.489007 0.468494 
-0.601535 -0.230178 0.383893 
0.412135 -0.489045 0.470224 
-0.601572 -0.230245 0.383934 
0.411855 -0.489144 0.469041 
-0.601588 -0.230271 0.38394 
0.41213 -0.489508 0.469783 
-0.601573 -0.230237 0.383944 
0.412161 -0.489224 0.470451 
-0.601539 -0.230181 0.384016 
0.410944 -0.490386 0.468471 
-0.601515 -0.23014 0.384062 
0.411843 -0.490281 0.470307 
-0.601499 -0.230126 0.384114 
0.4112 -0.490632 0.469991 
-0.601531 -0.229977 0.383458 
0.439463 -0.481409 0.476474 
-0.601531 -0.229977 0.383458 
0.439463 -0.481409 0.476474 
-0.601531 -0.229977 0.383455 
0.431583 -0.483872 0.474066 
-0.601531 -0.22997 0.38344 
0.437729 -0.482804 0.474691 
-0.601533 -0.229975 0.383442 
0.436483 -0.483376 0.475076 
-0.601534 -0.229969 0.383419 
0.4351 -0.483085 0.473099 
-0.601537 -0.229965 0.383394 
0.437251 -0.483476 0.475777 
-0.601538 -0.229969 0.383391 
0.435955 -0.483292 0.474701 
-0.601531 -0.229975 0.383423 
0.433448 -0.48324 0.475222 
-0.601508 -0.229948 0.383434 
0.432574 -0.484118 0.473001 
-0.601479 -0.229921 0.383467 
0.430802 -0.484108 0.472657 
-0.601441 -0.229856 0.383444 
0.429279 -0.484303 0.472565 
-0.601413 -0.229829 0.383469 
0.42759 -0.484883 0.47271 
-0.601405 -0.229836 0.383515 
0.426348 -0.485374 0.473284 
-0.601404 -0.22984 0.38352 
0.424603 -0.485926 0.472426 
-0.601401 -0.229859 0.383569 
0.420931 -0.486662 0.47147 
-0.601401 -0.229854 0.383557 
0.421451 -0.486192 0.471975 
-0.601397 -0.229862 0.383592 
0.418169 -0.486314 0.470773 
-0.601392 -0.22987 0.383634 
0.41684 -0.486933 0.470188 
-0.601389 -0.229875 0.383664 
0.415555 -0.487331 0.470953 
-0.601382 -0.229883 0.383706 
0.413878 -0.488245 0.470419 
-0.601389 -0.229895 0.38371 
0.412881 -0.488982 0.469987 
-0.601409 -0.229932 0.383733 
0.412513 -0.488973 0.469309 
-0.601439 -0.229983 0.383739 
0.412651 -0.489337 0.470343 
-0.601477 -0.230051 0.383781 
0.412695 -0.48925 0.470721 
-0.601493 -0.230076 0.383787 
0.412333 -0.489607 0.469863 
-0.601477 -0.230042 0.383791 
0.411928 -0.48994 0.469222 
-0.601443 -0.229986 0.383863 
0.411636 -0.490081 0.469853 
-0.601419 -0.229945 0.383909 
0.411677 -0.490637 0.469839 
-0.601404 -0.22993 0.383961 
0.411949 -0.490702 0.470775 
-0.601486 -0.229872 0.383547 
0.412327 -0.49183 0.469716 
-0.601486 -0.229872 0.383547 
0.411437 -0.491428 0.470348 
-0.602516 -0.229519 0.382985 
0.411125 -0.491518 0.469737 
-0.604036 -0.229274 0.382201 
0.411262 -0.492252 0.470242 
-0.605724 -0.229103 0.381445 
0.411535 -0.492323 0.471304 
-0.608181 -0.228622 0.380232 
0.411308 -0.492101 0.470939 
-0.609503 -0.228769 0.379836 
0.411619 -0.492072 0.471538 
-0.611687 -0.228733 0.379038 
0.411831 -0.492006 0.472108 
-0.613434 -0.228763 0.378004 
0.411862 -0.492033 0.472241 
-0.614869 -0.228793 0.377185 
0.411658 -0.492041 0.47185 
-0.616678 -0.229199 0.376114 
0.411464 -0.492261 0.471204 
-0.6185 -0.228925 0.374967 
0.411792 -0.492896 0.471082 
-0.620582 -0.229453 0.373671 
0.412031 -0.493011 0.471503 
-0.621719 -0.229688 0.372773 
0.411744 -0.492504 0.471046 
-0.621735 -0.229109 0.371892 
0.411648 -0.492583 0.470855 
-0.620588 -0.228772 0.371767 
0.411956 -0.492183 0.471794 
-0.618626 -0.227727 0.371326 
0.411633 -0.492228 0.470983 
-0.616859 -0.227293 0.371602 
0.411974 -0.491991 0.471927 
-0.615004 -0.226357 0.371471 
0.411723 -0.49214 0.471268 
-0.612685 -0.222999 0.370037 
0.411509 -0.491975 0.470813 
-0.610362 -0.218192 0.368239 
0.411568 -0.492163 0.470851 
-0.609287 -0.213497 0.366848 
0.411835 -0.492315 0.471652 
-0.608419 -0.207969 0.365277 
0.411114 -0.491895 0.470242 
-0.607161 -0.202285 0.362908 
0.411461 -0.491989 0.471019 
-0.606248 -0.196933 0.361082 
0.411652 -0.491891 0.471684 
-0.605041 -0.190093 0.358575 
0.411834 -0.49183 0.472151 
-0.604718 -0.186133 0.356804 
0.411717 -0.49176 0.471888 
-0.604457 -0.181669 0.354779 
0.411808 -0.491975 0.471947 
-0.604231 -0.178284 0.353324 
0.411668 -0.491852 0.471727 
-0.603451 -0.177427 0.35229 
0.411729 -0.49193 0.47168 
-0.603613 -0.175969 0.349664 
0.411398 -0.491734 0.471139 
-0.60245 -0.17521 0.350406 
0.411473 -0.491942 0.471376 
-0.601729 -0.175079 0.349436 
0.411479 -0.492506 0.470828 
-0.601126 -0.178558 0.350145 
0.411902 -0.492724 0.471432 
-0.59946 -0.182812 0.350543 
0.412093 -0.492944 0.471609 
-0.597663 -0.186279 0.351699 
0.412303 -0.493595 0.471426 
-0.595895 -0.190752 0.352514 
0.412076 -0.494325 0.470497 
-0.594541 -0.193828 0.353623 
0.411605 -0.494136 0.470028 
-0.592837 -0.197809 0.355065 
0.411481 -0.494562 0.47002 
-0.591236 -0.202128 0.356016 
0.411836 -0.494722 0.471007 
-0.589955 -0.20568 0.357104 
0.411655 -0.49458 0.470887 
-0.589045 -0.209506 0.357665 
0.411549 -0.494315 0.470568 
-0.587976 -0.214038 0.359084 
0.411894 -0.494834 0.470796 
-0.587479 -0.218251 0.35989 
0.412398 -0.4949 0.471308 
-0.58698 -0.222324 0.360322 
0.412854 -0.495108 0.472502 
-0.586905 -0.226281 0.360901 
0.412927 -0.495288 0.471957 
-0.586842 -0.232454 0.361293 
0.413325 -0.494843 0.472709 
-0.586803 -0.236863 0.361289 
0.413708 -0.494574 0.472954 
-0.585955 -0.241633 0.362183 
0.414192 -0.494475 0.473083 
-0.58603 -0.247091 0.362037 
0.415 -0.493468 0.473739 
-0.58583 -0.252409 0.362489 
0.415618 -0.493873 0.472886 
-0.586239 -0.257803 0.362279 
0.415934 -0.493708 0.471721 
-0.586291 -0.262891 0.362341 
0.416848 -0.493293 0.473167 
-0.586607 -0.267494 0.361983 
0.418118 -0.492971 0.47496 
-0.586908 -0.270735 0.361647 
0.417924 -0.492863 0.473284 
-0.587314 -0.274941 0.360859 
0.417865 -0.493289 0.472283 
-0.586867 -0.275903 0.361166 
0.418078 -0.493588 0.47364 
-0.58704 -0.277651 0.360639 
0.417576 -0.493217 0.474373 
