-0.635224 -0.242671 0.373558 
0.383397 -0.483956 0.437861 
-0.635224 -0.242671 0.373558 
0.383451 -0.489734 0.441995 
-0.635175 -0.243684 0.37463 
0.383491 -0.489641 0.44024 
-0.635247 -0.244754 0.375234 
0.38347 -0.489909 0.444676 
-0.635293 -0.24562 0.375008 
0.383345 -0.490086 0.445279 
-0.634841 -0.245185 0.37461 
0.38363 -0.490711 0.446884 
-0.632791 -0.243959 0.375124 
0.384421 -0.492161 0.447841 
-0.630141 -0.242941 0.376168 
0.383462 -0.490499 0.440784 
-0.625768 -0.241301 0.377609 
0.384639 -0.493789 0.443388 
-0.621417 -0.239761 0.379161 
0.38455 -0.492552 0.440567 
-0.618733 -0.238742 0.380048 
0.385224 -0.4946 0.443459 
-0.617708 -0.238186 0.380392 
0.385448 -0.49639 0.442569 
-0.616059 -0.23735 0.38099 
0.385806 -0.496722 0.44468 
-0.614684 -0.236576 0.381467 
0.385608 -0.497247 0.44439 
-0.612595 -0.236144 0.381845 
0.385873 -0.49787 0.44596 
-0.609948 -0.23533 0.382759 
0.385948 -0.498927 0.44659 
-0.606601 -0.234035 0.383568 
0.38574 -0.500311 0.443697 
-0.603827 -0.232316 0.384109 
0.385657 -0.501485 0.441852 
-0.602081 -0.231255 0.384237 
0.385503 -0.50258 0.439654 
-0.601065 -0.230729 0.384121 
0.384871 -0.502017 0.440222 
-0.600411 -0.23 0.383577 
0.384301 -0.502288 0.440119 
-0.600626 -0.229931 0.383087 
0.384235 -0.503679 0.442467 
-0.45805 -0.16486 0.48415 
0.384546 -0.502511 0.440308 
-0.599361 -0.23009 0.38495 
0.43662 -0.512872 0.464748 
