-0.636073 -0.243325 0.372393 
0.383092 -0.48316 0.439788 
-0.636073 -0.243325 0.372393 
0.383092 -0.48316 0.439788 
-0.635698 -0.244056 0.37363 
0.383602 -0.487963 0.445913 
-0.635676 -0.245138 0.374376 
0.38293 -0.483929 0.440256 
-0.635939 -0.245907 0.374111 
0.383437 -0.488874 0.447353 
-0.635565 -0.245671 0.373696 
0.383118 -0.489225 0.443979 
-0.633545 -0.244579 0.374145 
0.383798 -0.490045 0.446918 
-0.630386 -0.24323 0.375334 
0.384265 -0.492154 0.447019 
-0.626366 -0.242094 0.376878 
0.385032 -0.493208 0.449271 
-0.622369 -0.240831 0.378162 
0.38434 -0.49097 0.442077 
-0.62001 -0.23989 0.379016 
0.385289 -0.494193 0.446172 
-0.618119 -0.238814 0.379432 
0.385553 -0.495707 0.446409 
-0.616609 -0.238282 0.37969 
0.384952 -0.494049 0.442895 
-0.614974 -0.237463 0.380228 
0.3851 -0.496209 0.443777 
-0.613269 -0.236734 0.3808 
0.385154 -0.496517 0.445216 
-0.610536 -0.235651 0.38156 
0.385356 -0.497389 0.444248 
-0.608342 -0.234638 0.381994 
0.385572 -0.499508 0.44477 
-0.605258 -0.2333 0.382622 
0.385229 -0.500789 0.442734 
-0.602942 -0.232368 0.383153 
0.385083 -0.500896 0.443279 
-0.601339 -0.231558 0.383233 
0.384618 -0.501054 0.444363 
-0.601132 -0.230854 0.382555 
0.384604 -0.501824 0.443258 
-0.601469 -0.230691 0.381828 
0.383415 -0.502183 0.44232 
-0.45805 -0.16486 0.48415 
0.38381 -0.502106 0.442643 
-0.600049 -0.231119 0.386352 
0.448799 -0.50835 0.489354 
