-0.611328 -0.222408 0.38829 
0.400795 -0.504304 0.485867 
-0.611329 -0.222409 0.38829 
0.400795 -0.504304 0.485867 
-0.611329 -0.222409 0.38829 
0.400795 -0.504304 0.485867 
-0.610787 -0.222874 0.388042 
0.400795 -0.504304 0.485867 
-0.6106 -0.222846 0.38814 
0.400795 -0.504304 0.485867 
-0.610275 -0.222871 0.388273 
0.400795 -0.504304 0.485867 
-0.609919 -0.224129 0.388282 
0.400795 -0.504304 0.485867 
-0.609391 -0.225407 0.388258 
0.400795 -0.504304 0.485867 
-0.608724 -0.226017 0.388037 
0.400795 -0.504304 0.485867 
-0.607551 -0.226362 0.387671 
0.400795 -0.504304 0.485867 
-0.60616 -0.2266 0.387513 
0.400795 -0.504304 0.485867 
-0.604944 -0.226789 0.38741 
0.400795 -0.504304 0.485867 
-0.603958 -0.226932 0.387309 
0.400795 -0.504304 0.485867 
-0.603145 -0.227054 0.387215 
0.400795 -0.504304 0.485867 
-0.60246 -0.22715 0.387151 
0.400795 -0.504304 0.485867 
-0.60188 -0.227242 0.387082 
0.400795 -0.504304 0.485867 
-0.601378 -0.227318 0.387038 
0.400795 -0.504304 0.485867 
-0.600943 -0.227387 0.386983 
0.400795 -0.504304 0.485867 
-0.600557 -0.227437 0.386938 
0.400795 -0.504304 0.485867 
-0.600216 -0.227485 0.386897 
0.400795 -0.504304 0.485867 
-0.599913 -0.227529 0.386868 
0.400795 -0.504304 0.485867 
-0.599639 -0.227566 0.386844 
0.400795 -0.504304 0.485867 
-0.599394 -0.227604 0.386817 
0.400795 -0.504304 0.485867 
-0.599174 -0.227642 0.386782 
0.400795 -0.504304 0.485867 
-0.598973 -0.227673 0.386745 
0.400795 -0.504304 0.485867 
-0.598789 -0.227703 0.386721 
0.400795 -0.504304 0.485867 
-0.598625 -0.227759 0.386756 
0.400795 -0.504304 0.485867 
-0.598467 -0.227779 0.386731 
0.400795 -0.504304 0.485867 
-0.597823 -0.227995 0.38666 
0.400795 -0.504304 0.485867 
-0.597208 -0.228191 0.3866 
0.400795 -0.504304 0.485867 
-0.596593 -0.228432 0.38652 
0.400795 -0.504304 0.485867 
-0.596039 -0.228542 0.386421 
0.400795 -0.504304 0.485867 
-0.59551 -0.228431 0.386326 
0.400795 -0.504304 0.485867 
-0.595058 -0.228368 0.386271 
0.400795 -0.504304 0.485867 
-0.594743 -0.228347 0.386296 
0.400795 -0.504304 0.485867 
-0.594619 -0.228338 0.386312 
0.400795 -0.504304 0.485867 
-0.59462 -0.228337 0.386301 
0.400795 -0.504304 0.485867 
-0.59462 -0.228335 0.386293 
0.400795 -0.504304 0.485867 
-0.594618 -0.228331 0.386289 
0.400795 -0.504304 0.485867 
-0.59462 -0.228332 0.386277 
0.400795 -0.504304 0.485867 
-0.594618 -0.228328 0.386281 
0.400795 -0.504304 0.485867 
-0.594619 -0.228326 0.386263 
0.400795 -0.504304 0.485867 
-0.59462 -0.228329 0.386262 
0.400795 -0.504304 0.485867 
-0.594619 -0.228329 0.386271 
0.400795 -0.504304 0.485867 
-0.594619 -0.228327 0.386269 
0.400795 -0.504304 0.485867 
-0.594619 -0.228327 0.386274 
0.400795 -0.504304 0.485867 
-0.594623 -0.228334 0.386261 
0.400795 -0.504304 0.485867 
-0.594623 -0.228334 0.386257 
0.400795 -0.504304 0.485867 
-0.594622 -0.228331 0.386259 
0.400795 -0.504304 0.485867 
-0.594621 -0.228331 0.386273 
0.400795 -0.504304 0.485867 
-0.594619 -0.228331 0.38629 
0.400795 -0.504304 0.485867 
-0.594621 -0.228335 0.386288 
0.400795 -0.504304 0.485867 
-0.594616 -0.228305 0.38623 
0.400795 -0.504304 0.485867 
-0.594624 -0.228341 0.386288 
0.400795 -0.504304 0.485867 
-0.594629 -0.228352 0.386276 
0.400795 -0.504304 0.485867 
-0.594646 -0.228428 0.386377 
0.400795 -0.504304 0.485867 
-0.594654 -0.228464 0.386435 
0.400795 -0.504304 0.485867 
-0.594662 -0.228497 0.386482 
0.400795 -0.504304 0.485867 
-0.594677 -0.228565 0.386598 
0.400795 -0.504304 0.485867 
-0.594684 -0.228599 0.386653 
0.400795 -0.504304 0.485867 
-0.594688 -0.228602 0.386639 
0.400795 -0.504304 0.485867 
-0.594696 -0.228638 0.386692 
0.400795 -0.504304 0.485867 
-0.594696 -0.228641 0.386699 
0.400795 -0.504304 0.485867 
-0.5947 -0.228649 0.386694 
0.400795 -0.504304 0.485867 
-0.5947 -0.228651 0.386708 
0.400795 -0.504304 0.485867 
-0.594701 -0.228654 0.386704 
0.400795 -0.504304 0.485867 
-0.594703 -0.228656 0.386699 
0.400795 -0.504304 0.485867 
-0.594701 -0.228653 0.386709 
0.400795 -0.504304 0.485867 
-0.594701 -0.228653 0.386716 
0.400795 -0.504304 0.485867 
-0.594702 -0.228656 0.386713 
0.400795 -0.504304 0.485867 
-0.594704 -0.22866 0.386711 
0.400795 -0.504304 0.485867 
-0.594702 -0.228656 0.38672 
0.400795 -0.504304 0.485867 
-0.594702 -0.228656 0.386724 
0.400795 -0.504304 0.485867 
-0.5947 -0.228651 0.386722 
0.400795 -0.504304 0.485867 
-0.594699 -0.22865 0.386733 
0.400795 -0.504304 0.485867 
-0.594699 -0.228651 0.386735 
0.400795 -0.504304 0.485867 
-0.594699 -0.22865 0.386731 
0.400795 -0.504304 0.485867 
-0.594699 -0.228649 0.386734 
0.400795 -0.504304 0.485867 
-0.594689 -0.228611 0.386692 
0.400795 -0.504304 0.485867 
-0.594695 -0.228641 0.386753 
0.400795 -0.504304 0.485867 
-0.594685 -0.228603 0.3867 
0.400795 -0.504304 0.485867 
-0.594669 -0.228532 0.386595 
0.400795 -0.504304 0.485867 
-0.594667 -0.22853 0.386614 
0.400795 -0.504304 0.485867 
-0.594649 -0.228457 0.386516 
0.400795 -0.504304 0.485867 
-0.594632 -0.228386 0.386414 
0.400795 -0.504304 0.485867 
-0.594629 -0.228378 0.386423 
0.400795 -0.504304 0.485867 
-0.594627 -0.228377 0.386429 
0.400795 -0.504304 0.485867 
-0.594618 -0.228336 0.386382 
0.400795 -0.504304 0.485867 
-0.594614 -0.228329 0.38639 
0.400795 -0.504304 0.485867 
-0.594613 -0.228325 0.386389 
0.400795 -0.504304 0.485867 
-0.594619 -0.228358 0.386458 
0.400795 -0.504304 0.485867 
-0.594616 -0.228353 0.386473 
0.400795 -0.504304 0.485867 
-0.594614 -0.228349 0.386477 
0.400795 -0.504304 0.485867 
-0.594612 -0.228343 0.386481 
0.400795 -0.504304 0.485867 
-0.59461 -0.228339 0.386483 
0.400795 -0.504304 0.485867 
-0.594608 -0.228334 0.38649 
0.400795 -0.504304 0.485867 
-0.594608 -0.228335 0.386499 
0.400795 -0.504304 0.485867 
-0.594606 -0.228329 0.386499 
0.400795 -0.504304 0.485867 
-0.594606 -0.228332 0.386502 
0.400795 -0.504304 0.485867 
-0.594606 -0.228329 0.386492 
0.400795 -0.504304 0.485867 
-0.594607 -0.22833 0.386481 
0.400795 -0.504304 0.485867 
-0.59462 -0.228394 0.386591 
0.400795 -0.504304 0.485867 
-0.594619 -0.228391 0.386589 
0.400795 -0.504304 0.485867 
-0.594632 -0.228458 0.386707 
0.400795 -0.504304 0.485867 
-0.594623 -0.22842 0.386652 
0.400795 -0.504304 0.485867 
-0.594623 -0.228419 0.38664 
0.400795 -0.504304 0.485867 
-0.59463 -0.228453 0.386698 
0.400795 -0.504304 0.485867 
-0.594628 -0.22845 0.386705 
0.400795 -0.504304 0.485867 
-0.594628 -0.228448 0.386699 
0.400795 -0.504304 0.485867 
-0.594636 -0.228484 0.386751 
0.400795 -0.504304 0.485867 
-0.594635 -0.228482 0.386748 
0.400795 -0.504304 0.485867 
-0.594635 -0.228484 0.386755 
0.400795 -0.504304 0.485867 
-0.594642 -0.228517 0.386809 
0.400795 -0.504304 0.485867 
-0.594643 -0.228519 0.386803 
0.400795 -0.504304 0.485867 
-0.594641 -0.228516 0.3868 
0.400795 -0.504304 0.485867 
-0.594642 -0.228515 0.386785 
0.400795 -0.504304 0.485867 
-0.594633 -0.228477 0.386729 
0.400795 -0.504304 0.485867 
-0.594639 -0.228508 0.386781 
0.400795 -0.504304 0.485867 
-0.594058 -0.227294 0.385548 
0.400795 -0.504304 0.485867 
-0.593502 -0.226062 0.384348 
0.400795 -0.504304 0.485867 
-0.592981 -0.224737 0.383071 
0.400795 -0.504304 0.485867 
-0.59253 -0.223337 0.381712 
0.400795 -0.504304 0.485867 
-0.592111 -0.221861 0.380354 
0.400795 -0.504304 0.485867 
-0.591742 -0.220292 0.378896 
0.400795 -0.504304 0.485867 
-0.591421 -0.218668 0.377376 
0.400795 -0.504304 0.485867 
-0.591194 -0.216933 0.375769 
0.400795 -0.504304 0.485867 
-0.591061 -0.215127 0.37412 
0.400795 -0.504304 0.485867 
-0.590989 -0.213184 0.372354 
0.400795 -0.504304 0.485867 
-0.590961 -0.211209 0.370595 
0.400795 -0.504304 0.485867 
-0.590993 -0.209114 0.368729 
0.400795 -0.504304 0.485867 
-0.591135 -0.206986 0.366921 
0.400795 -0.504304 0.485867 
-0.591389 -0.204698 0.364909 
0.400795 -0.504304 0.485867 
-0.591708 -0.202405 0.362894 
0.400795 -0.504304 0.485867 
-0.592082 -0.200126 0.360923 
0.400795 -0.504304 0.485867 
-0.592573 -0.197742 0.358833 
0.400795 -0.504304 0.485867 
-0.593118 -0.195409 0.35686 
0.400795 -0.504304 0.485867 
-0.593722 -0.193079 0.354825 
0.400795 -0.504304 0.485867 
-0.594347 -0.190759 0.352759 
0.400795 -0.504304 0.485867 
-0.594994 -0.188527 0.350794 
0.400795 -0.504304 0.485867 
-0.595668 -0.186319 0.348793 
0.400795 -0.504304 0.485867 
-0.596368 -0.184113 0.346844 
0.400795 -0.504304 0.485867 
-0.597107 -0.181918 0.344839 
0.400795 -0.504304 0.485867 
-0.597842 -0.179772 0.342861 
0.400795 -0.504304 0.485867 
-0.598823 -0.178204 0.341448 
0.400795 -0.504304 0.485867 
-0.599994 -0.177254 0.340641 
0.400795 -0.504304 0.485867 
-0.601085 -0.176373 0.340022 
0.400795 -0.504304 0.485867 
-0.602066 -0.175664 0.33949 
0.400795 -0.504304 0.485867 
-0.602934 -0.175097 0.338942 
0.400795 -0.504304 0.485867 
-0.603657 -0.174768 0.338629 
0.400795 -0.504304 0.485867 
-0.604249 -0.174565 0.338424 
0.400795 -0.504304 0.485867 
-0.604756 -0.174484 0.338217 
0.400795 -0.504304 0.485867 
-0.605025 -0.174669 0.338204 
0.400795 -0.504304 0.485867 
-0.605118 -0.175086 0.338325 
0.400795 -0.504304 0.485867 
-0.605169 -0.175586 0.338435 
0.400795 -0.504304 0.485867 
-0.605122 -0.176279 0.338657 
0.400795 -0.504304 0.485867 
-0.604979 -0.177144 0.339028 
0.400795 -0.504304 0.485867 
-0.604608 -0.178307 0.339524 
0.400795 -0.504304 0.485867 
-0.604143 -0.179575 0.340072 
0.400795 -0.504304 0.485867 
-0.603569 -0.18106 0.340803 
0.400795 -0.504304 0.485867 
-0.602975 -0.182605 0.341344 
0.400795 -0.504304 0.485867 
-0.602229 -0.184435 0.342037 
0.400795 -0.504304 0.485867 
-0.601429 -0.186384 0.342701 
0.400795 -0.504304 0.485867 
-0.600612 -0.188501 0.34339 
0.400795 -0.504304 0.485867 
-0.599787 -0.190668 0.34402 
0.400795 -0.504304 0.485867 
-0.598981 -0.19294 0.344674 
0.400795 -0.504304 0.485867 
-0.59817 -0.195319 0.345215 
0.400795 -0.504304 0.485867 
