-0.615006 -0.249036 0.381174 
0.400795 -0.504304 0.485867 
-0.615007 -0.249037 0.381174 
0.400795 -0.504304 0.485867 
-0.614454 -0.249103 0.380059 
0.400795 -0.504304 0.485867 
-0.614538 -0.249717 0.379622 
0.400795 -0.504304 0.485867 
-0.614481 -0.249782 0.379972 
0.400795 -0.504304 0.485867 
-0.614145 -0.249618 0.380383 
0.400795 -0.504304 0.485867 
-0.613826 -0.251056 0.380568 
0.400795 -0.504304 0.485867 
-0.613433 -0.252519 0.380263 
0.400795 -0.504304 0.485867 
-0.612818 -0.253079 0.380034 
0.400795 -0.504304 0.485867 
-0.611586 -0.253264 0.379794 
0.400795 -0.504304 0.485867 
-0.610184 -0.253599 0.379662 
0.400795 -0.504304 0.485867 
-0.608841 -0.253804 0.380113 
0.400795 -0.504304 0.485867 
-0.607939 -0.253895 0.379989 
0.400795 -0.504304 0.485867 
-0.607337 -0.254066 0.379617 
0.400795 -0.504304 0.485867 
-0.606587 -0.254207 0.379102 
0.400795 -0.504304 0.485867 
-0.606103 -0.254174 0.378534 
0.400795 -0.504304 0.485867 
-0.605648 -0.254335 0.378884 
0.400795 -0.504304 0.485867 
-0.605293 -0.254271 0.379103 
0.400795 -0.504304 0.485867 
-0.604906 -0.254284 0.378382 
0.400795 -0.504304 0.485867 
-0.604556 -0.254502 0.378537 
0.400795 -0.504304 0.485867 
-0.604302 -0.254308 0.37875 
0.400795 -0.504304 0.485867 
-0.604199 -0.254055 0.378159 
0.400795 -0.504304 0.485867 
-0.603675 -0.254329 0.378129 
0.400795 -0.504304 0.485867 
-0.603536 -0.254575 0.378123 
0.400795 -0.504304 0.485867 
-0.603355 -0.254616 0.378315 
0.400795 -0.504304 0.485867 
-0.603146 -0.254585 0.378314 
0.400795 -0.504304 0.485867 
-0.603085 -0.254613 0.378499 
0.400795 -0.504304 0.485867 
-0.602907 -0.254566 0.378645 
0.400795 -0.504304 0.485867 
-0.602104 -0.254954 0.377979 
0.400795 -0.504304 0.485867 
-0.601523 -0.255092 0.378035 
0.400795 -0.504304 0.485867 
-0.600884 -0.255099 0.378188 
0.400795 -0.504304 0.485867 
-0.600312 -0.25538 0.377719 
0.400795 -0.504304 0.485867 
-0.599989 -0.255236 0.377401 
0.400795 -0.504304 0.485867 
-0.599545 -0.255026 0.377341 
0.400795 -0.504304 0.485867 
-0.599193 -0.254984 0.37791 
0.400795 -0.504304 0.485867 
-0.598767 -0.254939 0.377484 
0.400795 -0.504304 0.485867 
-0.598817 -0.254836 0.377359 
0.400795 -0.504304 0.485867 
-0.59903 -0.255216 0.377308 
0.400795 -0.504304 0.485867 
-0.598931 -0.255186 0.377581 
0.400795 -0.504304 0.485867 
-0.598884 -0.255108 0.377413 
0.400795 -0.504304 0.485867 
-0.598805 -0.254682 0.377611 
0.400795 -0.504304 0.485867 
-0.59884 -0.2547 0.377531 
0.400795 -0.504304 0.485867 
-0.598994 -0.254933 0.377222 
0.400795 -0.504304 0.485867 
-0.599032 -0.254927 0.377147 
0.400795 -0.504304 0.485867 
-0.598874 -0.254854 0.377383 
0.400795 -0.504304 0.485867 
-0.59888 -0.255109 0.377434 
0.400795 -0.504304 0.485867 
-0.598888 -0.255039 0.377366 
0.400795 -0.504304 0.485867 
-0.598755 -0.255303 0.377638 
0.400795 -0.504304 0.485867 
-0.598942 -0.255151 0.377288 
0.400795 -0.504304 0.485867 
-0.5989 -0.255165 0.37737 
0.400795 -0.504304 0.485867 
-0.599026 -0.255012 0.376847 
0.400795 -0.504304 0.485867 
-0.599008 -0.255075 0.37684 
0.400795 -0.504304 0.485867 
-0.598949 -0.254968 0.376974 
0.400795 -0.504304 0.485867 
-0.598939 -0.254914 0.377127 
0.400795 -0.504304 0.485867 
-0.598966 -0.255178 0.377198 
0.400795 -0.504304 0.485867 
-0.598942 -0.254912 0.377274 
0.400795 -0.504304 0.485867 
-0.598945 -0.255007 0.377471 
0.400795 -0.504304 0.485867 
-0.598827 -0.255215 0.377931 
0.400795 -0.504304 0.485867 
-0.598917 -0.255333 0.377984 
0.400795 -0.504304 0.485867 
-0.59888 -0.255102 0.377897 
0.400795 -0.504304 0.485867 
-0.598866 -0.255241 0.377846 
0.400795 -0.504304 0.485867 
-0.598891 -0.25525 0.377796 
0.400795 -0.504304 0.485867 
-0.598923 -0.25518 0.377974 
0.400795 -0.504304 0.485867 
-0.598882 -0.255317 0.377816 
0.400795 -0.504304 0.485867 
-0.598851 -0.255292 0.378076 
0.400795 -0.504304 0.485867 
-0.598993 -0.255458 0.377719 
0.400795 -0.504304 0.485867 
-0.598931 -0.255386 0.377557 
0.400795 -0.504304 0.485867 
-0.598917 -0.255259 0.377669 
0.400795 -0.504304 0.485867 
-0.599051 -0.255379 0.377547 
0.400795 -0.504304 0.485867 
-0.599067 -0.255405 0.377656 
0.400795 -0.504304 0.485867 
-0.598861 -0.255268 0.377824 
0.400795 -0.504304 0.485867 
-0.598986 -0.255374 0.377584 
0.400795 -0.504304 0.485867 
-0.598912 -0.255287 0.377651 
0.400795 -0.504304 0.485867 
-0.599016 -0.255502 0.377734 
0.400795 -0.504304 0.485867 
-0.599054 -0.255414 0.377541 
0.400795 -0.504304 0.485867 
-0.598966 -0.255222 0.377887 
0.400795 -0.504304 0.485867 
-0.598967 -0.255111 0.377754 
0.400795 -0.504304 0.485867 
-0.598928 -0.255229 0.377865 
0.400795 -0.504304 0.485867 
-0.599114 -0.255321 0.377564 
0.400795 -0.504304 0.485867 
-0.598957 -0.255455 0.377821 
0.400795 -0.504304 0.485867 
-0.599111 -0.255249 0.377358 
0.400795 -0.504304 0.485867 
-0.599067 -0.254925 0.377171 
0.400795 -0.504304 0.485867 
-0.598981 -0.25518 0.377652 
0.400795 -0.504304 0.485867 
-0.598963 -0.25547 0.377578 
0.400795 -0.504304 0.485867 
-0.598923 -0.255131 0.377399 
0.400795 -0.504304 0.485867 
-0.598856 -0.255297 0.377737 
0.400795 -0.504304 0.485867 
-0.599005 -0.255338 0.377224 
0.400795 -0.504304 0.485867 
-0.598967 -0.254959 0.377301 
0.400795 -0.504304 0.485867 
-0.598999 -0.254983 0.377339 
0.400795 -0.504304 0.485867 
-0.599018 -0.254772 0.37731 
0.400795 -0.504304 0.485867 
-0.59896 -0.255091 0.377465 
0.400795 -0.504304 0.485867 
-0.598894 -0.254999 0.377559 
0.400795 -0.504304 0.485867 
-0.599016 -0.255006 0.377367 
0.400795 -0.504304 0.485867 
-0.598895 -0.254913 0.377657 
0.400795 -0.504304 0.485867 
-0.599053 -0.254968 0.377425 
0.400795 -0.504304 0.485867 
-0.598893 -0.255083 0.377619 
0.400795 -0.504304 0.485867 
-0.598951 -0.255298 0.377535 
0.400795 -0.504304 0.485867 
-0.599026 -0.254978 0.377304 
0.400795 -0.504304 0.485867 
-0.59889 -0.255104 0.377433 
0.400795 -0.504304 0.485867 
-0.598838 -0.255127 0.377585 
0.400795 -0.504304 0.485867 
-0.598957 -0.25513 0.377352 
0.400795 -0.504304 0.485867 
-0.598941 -0.255 0.377419 
0.400795 -0.504304 0.485867 
-0.598996 -0.254881 0.377447 
0.400795 -0.504304 0.485867 
-0.598871 -0.255277 0.377722 
0.400795 -0.504304 0.485867 
-0.598904 -0.255204 0.377629 
0.400795 -0.504304 0.485867 
-0.598852 -0.254963 0.377542 
0.400795 -0.504304 0.485867 
-0.598841 -0.255045 0.377743 
0.400795 -0.504304 0.485867 
-0.598886 -0.254969 0.377727 
0.400795 -0.504304 0.485867 
-0.59875 -0.255093 0.377816 
0.400795 -0.504304 0.485867 
-0.598959 -0.255098 0.377654 
0.400795 -0.504304 0.485867 
-0.598775 -0.255038 0.377934 
0.400795 -0.504304 0.485867 
-0.598881 -0.254861 0.37789 
0.400795 -0.504304 0.485867 
-0.598877 -0.255114 0.377942 
0.400795 -0.504304 0.485867 
-0.598932 -0.254966 0.377833 
0.400795 -0.504304 0.485867 
-0.598924 -0.25522 0.377713 
0.400795 -0.504304 0.485867 
-0.598872 -0.255155 0.377872 
0.400795 -0.504304 0.485867 
-0.598903 -0.255209 0.37767 
0.400795 -0.504304 0.485867 
-0.598806 -0.255145 0.377738 
0.400795 -0.504304 0.485867 
-0.598402 -0.253905 0.376496 
0.400795 -0.504304 0.485867 
-0.597961 -0.252819 0.375197 
0.400795 -0.504304 0.485867 
-0.597435 -0.251439 0.374031 
0.400795 -0.504304 0.485867 
-0.59707 -0.250155 0.372646 
0.400795 -0.504304 0.485867 
-0.59666 -0.248518 0.371284 
0.400795 -0.504304 0.485867 
-0.596246 -0.247234 0.369971 
0.400795 -0.504304 0.485867 
-0.595944 -0.24549 0.368577 
0.400795 -0.504304 0.485867 
-0.595829 -0.243886 0.36675 
0.400795 -0.504304 0.485867 
-0.595625 -0.242226 0.365103 
0.400795 -0.504304 0.485867 
-0.595824 -0.240019 0.363206 
0.400795 -0.504304 0.485867 
-0.595724 -0.238174 0.361624 
0.400795 -0.504304 0.485867 
-0.595877 -0.236036 0.359733 
0.400795 -0.504304 0.485867 
-0.596012 -0.234019 0.35803 
0.400795 -0.504304 0.485867 
-0.596387 -0.231687 0.355926 
0.400795 -0.504304 0.485867 
-0.596391 -0.229513 0.35449 
0.400795 -0.504304 0.485867 
-0.596949 -0.227148 0.352426 
0.400795 -0.504304 0.485867 
-0.597462 -0.224538 0.3504 
0.400795 -0.504304 0.485867 
-0.598093 -0.222308 0.348479 
0.400795 -0.504304 0.485867 
-0.598678 -0.220014 0.346531 
0.400795 -0.504304 0.485867 
-0.599334 -0.217632 0.344529 
0.400795 -0.504304 0.485867 
-0.600137 -0.215584 0.342416 
0.400795 -0.504304 0.485867 
-0.600533 -0.213407 0.340965 
0.400795 -0.504304 0.485867 
-0.601375 -0.21115 0.338977 
0.400795 -0.504304 0.485867 
-0.602195 -0.20913 0.336863 
0.400795 -0.504304 0.485867 
-0.60305 -0.206904 0.334884 
0.400795 -0.504304 0.485867 
-0.604075 -0.205279 0.333574 
0.400795 -0.504304 0.485867 
-0.605246 -0.204472 0.332701 
0.400795 -0.504304 0.485867 
-0.606543 -0.2034 0.331991 
0.400795 -0.504304 0.485867 
-0.607443 -0.202697 0.33159 
0.400795 -0.504304 0.485867 
-0.608277 -0.201926 0.331268 
0.400795 -0.504304 0.485867 
-0.608961 -0.201666 0.330969 
0.400795 -0.504304 0.485867 
-0.609625 -0.201581 0.330655 
0.400795 -0.504304 0.485867 
-0.610304 -0.201492 0.33024 
0.400795 -0.504304 0.485867 
-0.610453 -0.201886 0.330283 
0.400795 -0.504304 0.485867 
-0.610462 -0.202638 0.330422 
0.400795 -0.504304 0.485867 
-0.610535 -0.202652 0.330642 
0.400795 -0.504304 0.485867 
-0.610241 -0.203495 0.331025 
0.400795 -0.504304 0.485867 
-0.610489 -0.204026 0.331105 
0.400795 -0.504304 0.485867 
-0.610028 -0.205406 0.331567 
0.400795 -0.504304 0.485867 
-0.609473 -0.206433 0.332307 
0.400795 -0.504304 0.485867 
-0.609037 -0.208097 0.33276 
0.400795 -0.504304 0.485867 
-0.608464 -0.209541 0.333241 
0.400795 -0.504304 0.485867 
-0.60753 -0.211351 0.334123 
0.400795 -0.504304 0.485867 
-0.606824 -0.2134 0.334572 
0.400795 -0.504304 0.485867 
-0.605797 -0.215651 0.33542 
0.400795 -0.504304 0.485867 
-0.605298 -0.217802 0.335589 
0.400795 -0.504304 0.485867 
-0.604646 -0.219835 0.335978 
0.400795 -0.504304 0.485867 
-0.603701 -0.222201 0.336731 
0.400795 -0.504304 0.485867 
-0.60268 -0.224899 0.337329 
0.400795 -0.504304 0.485867 
-0.601938 -0.227261 0.33781 
0.400795 -0.504304 0.485867 
-0.601505 -0.229398 0.337943 
0.400795 -0.504304 0.485867 
-0.600714 -0.232595 0.338299 
0.400795 -0.504304 0.485867 
-0.600098 -0.235029 0.338571 
0.400795 -0.504304 0.485867 
-0.599224 -0.237724 0.33912 
0.400795 -0.504304 0.485867 
