-0.631376 -0.240386 0.3723 
0.387556 -0.48426 0.438258 
-0.629317 -0.238246 0.37253 
0.381244 -0.485753 0.441873 
-0.63436 -0.240061 0.37546 
0.380777 -0.488948 0.438811 
-0.636782 -0.241081 0.376583 
0.380351 -0.490415 0.440063 
-0.637524 -0.242072 0.376047 
0.380131 -0.490538 0.43979 
-0.637608 -0.242146 0.375833 
0.380101 -0.49072 0.440261 
-0.635818 -0.241349 0.376424 
0.38052 -0.491275 0.441291 
-0.632307 -0.240063 0.377936 
0.380799 -0.49231 0.441186 
-0.628417 -0.238391 0.379247 
0.381207 -0.492936 0.440118 
-0.625397 -0.237023 0.379799 
0.381649 -0.493832 0.438803 
-0.622594 -0.236 0.380875 
0.381986 -0.494475 0.438615 
-0.620694 -0.235033 0.381647 
0.381857 -0.494725 0.438449 
-0.619213 -0.234505 0.382157 
0.382031 -0.495814 0.438782 
-0.617738 -0.2339 0.382506 
0.382021 -0.496709 0.438705 
-0.615745 -0.233047 0.383182 
0.381939 -0.497472 0.438177 
-0.613131 -0.232219 0.383818 
0.38186 -0.49841 0.437604 
-0.610759 -0.231027 0.384182 
0.381943 -0.499391 0.437449 
-0.60799 -0.229599 0.384792 
0.382107 -0.500902 0.437072 
-0.605863 -0.228704 0.384986 
0.382027 -0.501702 0.436387 
-0.604652 -0.227457 0.384786 
0.381553 -0.502178 0.435561 
-0.60272 -0.227918 0.386431 
0.380967 -0.502288 0.436432 
-0.602722 -0.22792 0.386424 
0.380303 -0.502818 0.437548 
-0.45805 -0.16486 0.48415 
0.380506 -0.502641 0.43716 
-0.471894 -0.160212 0.474315 
0.379146 -0.495798 0.426317 
