-0.634648 -0.242657 0.373931 
0.384009 -0.484707 0.438462 
-0.634648 -0.242657 0.373931 
0.383729 -0.489254 0.439565 
-0.630934 -0.242337 0.378147 
0.384109 -0.490303 0.440543 
-0.633429 -0.244227 0.377313 
0.383867 -0.490033 0.440808 
-0.634642 -0.245188 0.375867 
0.384159 -0.490486 0.442674 
-0.634412 -0.245038 0.375249 
0.384231 -0.490904 0.442918 
-0.632451 -0.243957 0.375949 
0.384708 -0.492354 0.442856 
-0.629186 -0.242724 0.377052 
0.384859 -0.493175 0.442178 
-0.626139 -0.241586 0.377816 
0.385313 -0.494451 0.440994 
-0.622809 -0.240039 0.378772 
0.385815 -0.495408 0.440262 
-0.620277 -0.239249 0.379577 
0.386151 -0.49621 0.439797 
-0.617393 -0.238131 0.380587 
0.386302 -0.496787 0.439353 
-0.616627 -0.237508 0.381066 
0.386378 -0.497488 0.440468 
-0.615235 -0.237024 0.381359 
0.3862 -0.498274 0.439878 
-0.612541 -0.235878 0.382158 
0.386153 -0.498522 0.440961 
-0.60967 -0.234466 0.382928 
0.386149 -0.499371 0.441274 
-0.608227 -0.233917 0.383039 
0.386108 -0.499956 0.440039 
-0.605028 -0.232521 0.38383 
0.386166 -0.500758 0.438876 
-0.602195 -0.231293 0.384543 
0.386168 -0.502372 0.437674 
-0.600121 -0.230197 0.38502 
0.38555 -0.502299 0.437252 
-0.60004 -0.229677 0.384314 
0.384896 -0.502219 0.437992 
-0.600735 -0.229738 0.383592 
0.384089 -0.503074 0.440232 
-0.45805 -0.16486 0.48415 
0.384825 -0.502456 0.438548 
-0.472632 -0.171327 0.473591 
0.374915 -0.498382 0.415088 
-0.472299 -0.171322 0.474084 
0.377338 -0.49968 0.421954 
-0.472286 -0.171308 0.474087 
0.374414 -0.497226 0.42113 
-0.472283 -0.171303 0.474087 
0.378105 -0.497616 0.422631 
-0.472276 -0.171292 0.474087 
0.379829 -0.49713 0.425848 
-0.472266 -0.171277 0.474086 
0.38304 -0.496152 0.428595 
-0.472262 -0.171271 0.474086 
0.385711 -0.495993 0.432251 
-0.47226 -0.171268 0.474087 
0.38945 -0.495323 0.437653 
-0.472259 -0.171267 0.474087 
0.39223 -0.494378 0.439449 
-0.472259 -0.171266 0.474087 
0.395805 -0.49438 0.442726 
-0.472258 -0.171266 0.474088 
0.400073 -0.493091 0.445448 
-0.472258 -0.171266 0.474088 
0.403622 -0.492529 0.448793 
-0.472258 -0.171265 0.474088 
0.407139 -0.491256 0.450495 
-0.472257 -0.171266 0.474088 
0.410861 -0.491063 0.452881 
-0.472257 -0.171265 0.474089 
0.414141 -0.490639 0.455254 
-0.472257 -0.171265 0.474089 
0.416837 -0.489571 0.454977 
-0.472257 -0.171265 0.47409 
0.417781 -0.489643 0.456806 
-0.472257 -0.171265 0.47409 
0.419048 -0.489269 0.455067 
-0.472257 -0.171265 0.47409 
0.418871 -0.489676 0.455254 
-0.472256 -0.171265 0.47409 
0.420857 -0.489492 0.455212 
-0.472256 -0.171265 0.47409 
0.420468 -0.489655 0.455682 
-0.600322 -0.2299 0.385 
0.431321 -0.490972 0.475291 
