-0.599437 -0.182043 0.38709 
0.400795 -0.504304 0.485867 
-0.599438 -0.182044 0.38709 
0.400795 -0.504304 0.485867 
-0.599205 -0.182104 0.386093 
0.400795 -0.504304 0.485867 
-0.599438 -0.182382 0.385894 
0.400795 -0.504304 0.485867 
-0.599643 -0.182449 0.385598 
0.400795 -0.504304 0.485867 
-0.599627 -0.182582 0.385827 
0.400795 -0.504304 0.485867 
-0.599638 -0.182194 0.38569 
0.400795 -0.504304 0.485867 
-0.59975 -0.182078 0.385395 
0.400795 -0.504304 0.485867 
-0.599722 -0.18228 0.385716 
0.400795 -0.504304 0.485867 
-0.599683 -0.182274 0.385825 
0.400795 -0.504304 0.485867 
-0.599634 -0.182196 0.385963 
0.400795 -0.504304 0.485867 
-0.599612 -0.18232 0.385819 
0.400795 -0.504304 0.485867 
-0.599622 -0.182137 0.385854 
0.400795 -0.504304 0.485867 
-0.599636 -0.182237 0.385867 
0.400795 -0.504304 0.485867 
-0.599582 -0.182111 0.385766 
0.400795 -0.504304 0.485867 
-0.599603 -0.182248 0.386038 
0.400795 -0.504304 0.485867 
-0.59965 -0.182331 0.385792 
0.400795 -0.504304 0.485867 
-0.599607 -0.182268 0.385802 
0.400795 -0.504304 0.485867 
-0.599681 -0.182167 0.385611 
0.400795 -0.504304 0.485867 
-0.599679 -0.182176 0.385558 
0.400795 -0.504304 0.485867 
-0.599634 -0.182134 0.385812 
0.400795 -0.504304 0.485867 
-0.599601 -0.182217 0.385765 
0.400795 -0.504304 0.485867 
-0.5996 -0.182185 0.385727 
0.400795 -0.504304 0.485867 
-0.599647 -0.182218 0.385694 
0.400795 -0.504304 0.485867 
-0.599677 -0.182314 0.385607 
0.400795 -0.504304 0.485867 
-0.599639 -0.182213 0.385586 
0.400795 -0.504304 0.485867 
-0.59958 -0.182259 0.385991 
0.400795 -0.504304 0.485867 
-0.599528 -0.182178 0.38585 
0.400795 -0.504304 0.485867 
-0.599568 -0.182219 0.385934 
0.400795 -0.504304 0.485867 
-0.599586 -0.182206 0.385812 
0.400795 -0.504304 0.485867 
-0.599578 -0.182266 0.38579 
0.400795 -0.504304 0.485867 
-0.599661 -0.182077 0.385712 
0.400795 -0.504304 0.485867 
