-0.597268 -0.255126 0.407261 
0.437158 -0.468587 0.472708 
-0.597268 -0.255126 0.407261 
0.437157 -0.468587 0.472707 
-0.597268 -0.255126 0.407261 
0.436651 -0.468579 0.472063 
-0.597268 -0.255126 0.407261 
0.435574 -0.468688 0.471509 
-0.597268 -0.255126 0.407261 
0.434837 -0.468731 0.472073 
-0.597268 -0.255126 0.407261 
0.43371 -0.468865 0.472383 
-0.597268 -0.255126 0.407261 
0.432138 -0.469155 0.472546 
-0.597268 -0.255126 0.407261 
0.430679 -0.469636 0.473386 
-0.597268 -0.255126 0.407261 
0.429162 -0.470154 0.474146 
-0.597268 -0.255126 0.407261 
0.427527 -0.470729 0.474678 
-0.597268 -0.255126 0.407261 
0.424708 -0.471984 0.476201 
-0.597268 -0.255126 0.407261 
0.423569 -0.472576 0.477255 
-0.597268 -0.255126 0.407261 
0.422336 -0.473151 0.478056 
-0.597268 -0.255126 0.407261 
0.421392 -0.473658 0.478024 
-0.597268 -0.255126 0.407261 
0.420559 -0.474555 0.479105 
-0.597268 -0.255126 0.407261 
0.420198 -0.474813 0.478898 
-0.597268 -0.255126 0.407261 
0.420036 -0.474752 0.478703 
-0.597268 -0.255126 0.407261 
0.419471 -0.474661 0.477523 
-0.597268 -0.255126 0.407261 
0.419167 -0.474566 0.477159 
-0.597268 -0.255126 0.407261 
0.418721 -0.474451 0.476446 
-0.597268 -0.255126 0.407261 
0.418622 -0.4743 0.476384 
-0.597268 -0.255126 0.407261 
0.418448 -0.474242 0.476078 
-0.597268 -0.255126 0.407261 
0.418588 -0.474015 0.476669 
-0.597268 -0.255126 0.407261 
0.418356 -0.473866 0.476247 
-0.597268 -0.255126 0.407261 
0.418204 -0.473716 0.476056 
-0.597268 -0.255126 0.407261 
0.417876 -0.473671 0.475486 
-0.597268 -0.255126 0.407261 
0.417838 -0.473687 0.475584 
-0.597268 -0.255126 0.407261 
0.417659 -0.473959 0.47514 
-0.597268 -0.255126 0.407261 
0.417758 -0.474118 0.475398 
-0.597268 -0.255126 0.407261 
0.417957 -0.474266 0.475742 
-0.597268 -0.255126 0.407261 
0.417926 -0.474468 0.475515 
-0.597268 -0.255126 0.407261 
0.417932 -0.474434 0.475427 
-0.597268 -0.255126 0.407261 
0.41799 -0.474317 0.475502 
-0.597268 -0.255126 0.407261 
0.418042 -0.474215 0.475551 
-0.597268 -0.255126 0.407261 
0.418005 -0.474238 0.475357 
-0.597268 -0.255126 0.407261 
0.417944 -0.474167 0.475173 
-0.597268 -0.255126 0.407261 
0.417721 -0.47417 0.474627 
-0.597268 -0.255126 0.407261 
0.417655 -0.474148 0.474431 
-0.597268 -0.255126 0.407261 
0.417559 -0.474012 0.4743 
-0.597268 -0.255126 0.407261 
0.417469 -0.473798 0.474177 
-0.597268 -0.255126 0.407261 
0.417193 -0.473575 0.47365 
-0.597268 -0.255126 0.407261 
0.416828 -0.47347 0.472795 
-0.597268 -0.255126 0.407261 
0.416597 -0.473219 0.472396 
-0.597268 -0.255126 0.407261 
0.41641 -0.473139 0.471994 
-0.597268 -0.255126 0.407261 
0.416344 -0.472899 0.472003 
-0.597268 -0.255126 0.407261 
0.416298 -0.472724 0.471947 
-0.597268 -0.255126 0.407261 
0.417189 -0.473218 0.473556 
-0.597268 -0.255126 0.407261 
0.417189 -0.473218 0.473556 
