-0.606996 -0.227008 0.446538 
0.400795 -0.504304 0.485867 
-0.606997 -0.227008 0.446538 
0.400795 -0.504304 0.485867 
-0.606997 -0.227008 0.446538 
0.400795 -0.504304 0.485867 
-0.607128 -0.227116 0.446864 
0.400795 -0.504304 0.485867 
-0.607134 -0.227142 0.446861 
0.400795 -0.504304 0.485867 
-0.607122 -0.227115 0.446857 
0.400795 -0.504304 0.485867 
-0.607097 -0.227077 0.44682 
0.400795 -0.504304 0.485867 
-0.607099 -0.227072 0.446823 
0.400795 -0.504304 0.485867 
-0.607102 -0.227067 0.446833 
0.400795 -0.504304 0.485867 
-0.607116 -0.227087 0.446869 
0.400795 -0.504304 0.485867 
-0.607115 -0.227091 0.446871 
0.400795 -0.504304 0.485867 
-0.607162 -0.227098 0.446882 
0.400795 -0.504304 0.485867 
-0.607528 -0.227313 0.44702 
0.400795 -0.504304 0.485867 
-0.607528 -0.227313 0.44702 
0.400795 -0.504304 0.485867 
-0.607873 -0.227313 0.447032 
0.400795 -0.504304 0.485867 
-0.608313 -0.227313 0.447035 
0.400795 -0.504304 0.485867 
-0.608842 -0.227305 0.447049 
0.400795 -0.504304 0.485867 
-0.609432 -0.227308 0.447039 
0.400795 -0.504304 0.485867 
-0.610085 -0.227297 0.447045 
0.400795 -0.504304 0.485867 
-0.610777 -0.227286 0.447031 
0.400795 -0.504304 0.485867 
-0.61152 -0.22729 0.44704 
0.400795 -0.504304 0.485867 
-0.612282 -0.227284 0.447029 
0.400795 -0.504304 0.485867 
-0.613073 -0.227271 0.447032 
0.400795 -0.504304 0.485867 
