-0.605906 -0.224245 0.382496 
0.400795 -0.504304 0.485867 
-0.605906 -0.224246 0.382496 
0.400795 -0.504304 0.485867 
-0.60028 -0.222085 0.381986 
0.400795 -0.504304 0.485867 
-0.601013 -0.223703 0.381522 
0.400795 -0.504304 0.485867 
-0.60073 -0.225233 0.380996 
0.400795 -0.504304 0.485867 
-0.600369 -0.223444 0.381399 
0.400795 -0.504304 0.485867 
-0.600004 -0.223278 0.381714 
0.400795 -0.504304 0.485867 
-0.599976 -0.22258 0.381868 
0.400795 -0.504304 0.485867 
-0.599636 -0.22231 0.382416 
0.400795 -0.504304 0.485867 
-0.5996 -0.22243 0.382196 
0.400795 -0.504304 0.485867 
-0.599579 -0.222151 0.382368 
0.400795 -0.504304 0.485867 
-0.599769 -0.222581 0.38171 
0.400795 -0.504304 0.485867 
-0.599566 -0.222343 0.382205 
0.400795 -0.504304 0.485867 
-0.599751 -0.222503 0.381417 
0.400795 -0.504304 0.485867 
-0.599505 -0.222473 0.382375 
0.400795 -0.504304 0.485867 
-0.599711 -0.222736 0.381564 
0.400795 -0.504304 0.485867 
-0.599635 -0.222536 0.382211 
0.400795 -0.504304 0.485867 
-0.599686 -0.22273 0.381559 
0.400795 -0.504304 0.485867 
-0.599812 -0.222672 0.382219 
0.400795 -0.504304 0.485867 
-0.599679 -0.222736 0.381598 
0.400795 -0.504304 0.485867 
-0.599857 -0.222445 0.38196 
0.400795 -0.504304 0.485867 
-0.599523 -0.222863 0.381739 
0.400795 -0.504304 0.485867 
-0.599643 -0.222648 0.382597 
0.400795 -0.504304 0.485867 
-0.599538 -0.222682 0.381717 
0.400795 -0.504304 0.485867 
-0.599635 -0.222687 0.382579 
0.400795 -0.504304 0.485867 
-0.599548 -0.222622 0.381684 
0.400795 -0.504304 0.485867 
-0.599613 -0.222635 0.38254 
0.400795 -0.504304 0.485867 
-0.599572 -0.222601 0.381533 
0.400795 -0.504304 0.485867 
-0.599712 -0.222717 0.382114 
0.400795 -0.504304 0.485867 
-0.599635 -0.222652 0.381432 
0.400795 -0.504304 0.485867 
-0.599774 -0.222788 0.382171 
0.400795 -0.504304 0.485867 
-0.599715 -0.222584 0.381693 
0.400795 -0.504304 0.485867 
-0.599905 -0.222723 0.381837 
0.400795 -0.504304 0.485867 
-0.599713 -0.222514 0.381375 
0.400795 -0.504304 0.485867 
-0.599719 -0.222594 0.38193 
0.400795 -0.504304 0.485867 
-0.599719 -0.2226 0.381908 
0.400795 -0.504304 0.485867 
-0.599726 -0.222724 0.381824 
0.400795 -0.504304 0.485867 
-0.599731 -0.222589 0.381881 
0.400795 -0.504304 0.485867 
-0.599683 -0.222645 0.38195 
0.400795 -0.504304 0.485867 
-0.59966 -0.222595 0.38203 
0.400795 -0.504304 0.485867 
-0.599637 -0.222725 0.382044 
0.400795 -0.504304 0.485867 
-0.599632 -0.222584 0.382013 
0.400795 -0.504304 0.485867 
-0.59963 -0.222701 0.38203 
0.400795 -0.504304 0.485867 
