-0.636557 -0.245968 0.379957 
0.379727 -0.477613 0.429486 
-0.633205 -0.245912 0.381623 
0.379727 -0.477613 0.429486 
-0.635501 -0.246859 0.381713 
0.379378 -0.482887 0.434548 
-0.636918 -0.247824 0.381871 
0.378878 -0.481635 0.433818 
-0.636867 -0.248384 0.381509 
0.379167 -0.478732 0.430308 
-0.636364 -0.248096 0.38107 
0.379001 -0.483615 0.436701 
-0.634272 -0.247095 0.38184 
0.379328 -0.480808 0.430392 
-0.631161 -0.245943 0.383232 
0.380001 -0.486542 0.438693 
-0.627358 -0.244559 0.384559 
0.380534 -0.487934 0.438359 
-0.623666 -0.243261 0.386063 
0.380921 -0.487941 0.438556 
-0.621329 -0.242288 0.386808 
0.381437 -0.489749 0.437871 
-0.619122 -0.241484 0.387739 
0.380786 -0.487521 0.43245 
-0.617729 -0.240737 0.388076 
0.380831 -0.488106 0.432208 
-0.615998 -0.240158 0.388751 
0.381139 -0.490305 0.437927 
-0.614065 -0.239668 0.389579 
0.381091 -0.49191 0.436933 
-0.611336 -0.238887 0.390426 
0.381148 -0.493578 0.435199 
-0.609183 -0.23783 0.39085 
0.381323 -0.494817 0.435614 
-0.606958 -0.236651 0.39173 
0.381333 -0.495515 0.435766 
-0.603572 -0.235542 0.392731 
0.381064 -0.495577 0.434691 
-0.601579 -0.234489 0.393399 
0.380521 -0.496133 0.433891 
-0.601253 -0.233986 0.392694 
0.3805 -0.496762 0.434719 
-0.601987 -0.233795 0.391839 
0.379294 -0.496463 0.433862 
-0.45805 -0.16486 0.48415 
0.380129 -0.496406 0.434271 
