-0.635124 -0.24308 0.375029 
0.383633 -0.484527 0.440658 
-0.635124 -0.24308 0.375029 
0.38196 -0.481322 0.445679 
-0.634719 -0.244122 0.376378 
0.382434 -0.481209 0.445012 
-0.635029 -0.244748 0.376706 
0.382007 -0.480006 0.444457 
-0.635129 -0.245294 0.376617 
0.382087 -0.479664 0.444928 
-0.634859 -0.244977 0.376255 
0.382271 -0.480011 0.444695 
-0.633167 -0.244043 0.376941 
0.382652 -0.481153 0.444511 
-0.630441 -0.243193 0.378078 
0.383049 -0.482692 0.444294 
-0.62678 -0.241847 0.378894 
0.383357 -0.483236 0.443994 
-0.624164 -0.240619 0.379431 
0.384038 -0.48432 0.444987 
-0.621455 -0.239856 0.380569 
0.384113 -0.485207 0.443771 
-0.618714 -0.238961 0.381451 
0.383983 -0.486048 0.441405 
-0.616963 -0.238022 0.381985 
0.383954 -0.486549 0.440756 
-0.615218 -0.236644 0.382424 
0.384012 -0.48709 0.441948 
-0.613098 -0.236048 0.383117 
0.383999 -0.487894 0.442502 
-0.610458 -0.235036 0.383756 
0.384083 -0.488597 0.442907 
-0.608613 -0.234247 0.384307 
0.384035 -0.489946 0.441849 
-0.605224 -0.232899 0.385326 
0.384225 -0.491027 0.441563 
-0.60306 -0.232025 0.385696 
0.384247 -0.491739 0.441484 
-0.601891 -0.231092 0.385491 
0.383536 -0.491957 0.440092 
-0.600737 -0.230071 0.384932 
0.383149 -0.491461 0.440381 
-0.600745 -0.229672 0.384263 
0.382262 -0.492304 0.440746 
-0.601382 -0.233628 0.391351 
0.379307 -0.490287 0.434997 
-0.601382 -0.233628 0.391351 
0.379213 -0.490419 0.435313 
-0.602151 -0.232966 0.389886 
0.38068 -0.49039 0.438271 
-0.602404 -0.232737 0.389611 
0.383565 -0.489631 0.442663 
-0.602465 -0.232712 0.389523 
0.386436 -0.489127 0.446054 
-0.602294 -0.232993 0.38971 
0.390684 -0.487884 0.447756 
-0.602333 -0.233065 0.389636 
0.393625 -0.486829 0.45097 
-0.602327 -0.232865 0.389694 
0.398124 -0.486018 0.454745 
-0.602398 -0.232856 0.389564 
0.401614 -0.485373 0.455877 
-0.602337 -0.233018 0.389624 
0.40656 -0.483862 0.459058 
-0.602477 -0.232686 0.389487 
0.410801 -0.48262 0.461309 
-0.602534 -0.232548 0.389486 
0.414437 -0.482201 0.463735 
-0.602425 -0.232683 0.389566 
0.418108 -0.480649 0.464956 
-0.602417 -0.232698 0.389712 
0.421615 -0.480139 0.467189 
-0.602489 -0.232543 0.389707 
0.424012 -0.479324 0.467715 
-0.602466 -0.232549 0.3897 
0.425964 -0.478755 0.469541 
-0.602331 -0.232725 0.389771 
0.426514 -0.47879 0.468629 
-0.602373 -0.232749 0.389781 
0.427021 -0.478585 0.468616 
-0.602306 -0.232698 0.389882 
0.427283 -0.478687 0.468082 
-0.602362 -0.232555 0.389762 
0.427747 -0.47924 0.468604 
-0.60235 -0.232694 0.389804 
0.427808 -0.478937 0.469341 
-0.602344 -0.232649 0.389819 
0.427435 -0.479499 0.467335 
-0.602536 -0.232642 0.389853 
0.428675 -0.479108 0.468931 
-0.602706 -0.232516 0.389489 
0.428004 -0.478701 0.467113 
-0.63624 -0.244073 0.37832 
0.374093 -0.479241 0.431774 
-0.63391 -0.245256 0.379716 
0.386793 -0.478901 0.440654 
-0.63513 -0.245782 0.379831 
0.381316 -0.477203 0.437135 
-0.636025 -0.246433 0.380143 
0.381721 -0.477398 0.437513 
-0.636105 -0.247022 0.379784 
0.380676 -0.476212 0.438421 
-0.635716 -0.246676 0.379502 
0.380399 -0.476679 0.437801 
-0.633883 -0.246015 0.380176 
0.380263 -0.477795 0.4375 
-0.63098 -0.24492 0.381388 
0.380341 -0.478989 0.437502 
-0.627983 -0.243639 0.382211 
0.380693 -0.48009 0.436273 
-0.625432 -0.242991 0.382913 
0.381257 -0.481501 0.436976 
-0.621837 -0.241458 0.384102 
0.382175 -0.481844 0.435559 
-0.620168 -0.24062 0.384872 
0.381799 -0.482368 0.435656 
-0.617962 -0.239818 0.38561 
0.382768 -0.482874 0.435709 
-0.616816 -0.239104 0.385938 
0.38184 -0.483743 0.434575 
-0.614515 -0.238411 0.386645 
0.381598 -0.484673 0.435339 
-0.612491 -0.237605 0.387403 
0.381276 -0.485 0.435408 
-0.609388 -0.23648 0.388401 
0.38141 -0.485952 0.434978 
-0.607549 -0.235568 0.388998 
0.381758 -0.487137 0.434047 
-0.604306 -0.234511 0.389815 
0.381424 -0.487149 0.434397 
-0.603577 -0.233858 0.389785 
0.380994 -0.488504 0.434308 
-0.601715 -0.232899 0.39007 
0.380407 -0.488745 0.433365 
-0.601463 -0.232582 0.389618 
0.379925 -0.489489 0.435123 
-0.602193 -0.233019 0.390112 
0.433795 -0.477044 0.472931 
-0.602581 -0.23227 0.389088 
0.410342 -0.485026 0.458111 
-0.602639 -0.232209 0.388776 
0.420614 -0.482193 0.465692 
-0.602648 -0.232225 0.388568 
0.425815 -0.4811 0.466058 
-0.602431 -0.232738 0.388907 
0.428004 -0.480127 0.470001 
-0.602628 -0.232504 0.388627 
0.430308 -0.480872 0.467588 
-0.602343 -0.232527 0.389086 
0.427018 -0.480565 0.469422 
-0.6026 -0.232571 0.388616 
0.42603 -0.480643 0.469452 
-0.602519 -0.232499 0.388842 
0.424554 -0.480787 0.469272 
-0.602524 -0.232284 0.388853 
0.422713 -0.480976 0.468878 
-0.602633 -0.232252 0.388612 
0.420719 -0.481266 0.468224 
-0.602558 -0.232211 0.388544 
0.423253 -0.481137 0.467377 
-0.602561 -0.232047 0.388623 
0.421369 -0.481688 0.467322 
-0.602719 -0.232011 0.388338 
0.420023 -0.481571 0.466821 
-0.602679 -0.232392 0.388431 
0.418181 -0.482362 0.465877 
-0.602553 -0.232329 0.388761 
0.417079 -0.482654 0.466497 
-0.602644 -0.231972 0.388521 
0.414704 -0.482962 0.464394 
-0.602806 -0.231904 0.388303 
0.413193 -0.483753 0.464788 
-0.602743 -0.232155 0.388386 
0.411896 -0.48427 0.464935 
-0.602551 -0.232298 0.388669 
0.409726 -0.484113 0.463452 
-0.602641 -0.232105 0.388594 
0.409329 -0.484293 0.463382 
-0.602615 -0.232212 0.388707 
0.408584 -0.484777 0.463482 
-0.602663 -0.23212 0.388797 
0.407858 -0.485072 0.46232 
-0.602744 -0.232118 0.388588 
0.408094 -0.485606 0.464393 
-0.602689 -0.232291 0.388743 
0.408209 -0.485923 0.464705 
-0.602709 -0.232314 0.38872 
0.407608 -0.486007 0.463042 
-0.602642 -0.232302 0.388858 
0.407418 -0.486412 0.463378 
-0.60274 -0.23219 0.388799 
0.407225 -0.4866 0.463571 
-0.60278 -0.232103 0.388797 
0.407647 -0.487146 0.464493 
-0.602699 -0.231973 0.388844 
0.407795 -0.48762 0.463006 
-0.602307 -0.232564 0.388497 
0.380817 -0.491524 0.433266 
-0.602298 -0.232607 0.388491 
0.386686 -0.491583 0.44002 
-0.602295 -0.232437 0.388432 
0.383922 -0.490553 0.439456 
-0.602374 -0.232446 0.388495 
0.38468 -0.489911 0.441623 
-0.602376 -0.232481 0.38847 
0.386972 -0.489523 0.443148 
-0.602395 -0.232428 0.388338 
0.390033 -0.488686 0.447109 
-0.602368 -0.232604 0.388339 
0.393069 -0.488554 0.449246 
-0.602355 -0.232531 0.388343 
0.39619 -0.487167 0.4507 
-0.602374 -0.232396 0.388337 
0.399777 -0.486209 0.455469 
-0.602351 -0.232532 0.388341 
0.403171 -0.485832 0.457151 
-0.602352 -0.232638 0.388352 
0.413284 -0.482908 0.463299 
-0.602359 -0.232511 0.388314 
0.411094 -0.483494 0.46286 
-0.602401 -0.232378 0.388293 
0.415128 -0.482537 0.464681 
-0.602375 -0.232378 0.388425 
0.418582 -0.481408 0.465943 
-0.60234 -0.232258 0.388465 
0.422368 -0.480642 0.467758 
-0.602296 -0.232487 0.388406 
0.423992 -0.479982 0.467983 
-0.602351 -0.23251 0.388289 
0.425068 -0.479743 0.468556 
-0.602284 -0.232297 0.388412 
0.425172 -0.479578 0.467633 
-0.602362 -0.232122 0.388388 
0.426103 -0.479892 0.468654 
-0.602306 -0.232448 0.388553 
0.4266 -0.479298 0.467727 
-0.602219 -0.232554 0.388719 
0.427287 -0.479578 0.468997 
-0.602279 -0.232349 0.388668 
0.428 -0.479665 0.469747 
-0.602629 -0.231994 0.388494 
0.428545 -0.479533 0.468963 
-0.602669 -0.23201 0.388442 
0.428733 -0.479632 0.468602 
-0.602348 -0.232677 0.389525 
0.37251 -0.492411 0.428122 
-0.602288 -0.232682 0.389689 
0.390787 -0.489609 0.444685 
-0.602286 -0.232829 0.389778 
0.383133 -0.49034 0.439987 
-0.602389 -0.232662 0.38957 
0.382611 -0.490439 0.440691 
-0.602392 -0.232565 0.389495 
0.385807 -0.489817 0.444537 
-0.602421 -0.232863 0.389408 
0.388717 -0.488622 0.447312 
-0.602461 -0.232666 0.389396 
0.391916 -0.487916 0.448893 
-0.602432 -0.232667 0.389513 
0.395141 -0.486833 0.451425 
-0.60246 -0.232647 0.389458 
0.3985 -0.48672 0.453358 
-0.602447 -0.232776 0.389408 
0.401923 -0.484977 0.456746 
-0.602399 -0.232748 0.389485 
0.406952 -0.484188 0.45943 
-0.602358 -0.232786 0.389526 
0.410984 -0.483324 0.462893 
-0.602435 -0.232813 0.389478 
0.414659 -0.481879 0.464586 
