-0.595764 -0.198493 0.480759 
0.400795 -0.504304 0.485867 
-0.595765 -0.198493 0.48076 
0.400795 -0.504304 0.485867 
-0.595765 -0.198493 0.48076 
0.400795 -0.504304 0.485867 
-0.59155 -0.22271 0.4579 
0.400795 -0.504304 0.485867 
-0.594015 -0.243935 0.435393 
0.400795 -0.504304 0.485867 
-0.599428 -0.258511 0.416946 
0.400795 -0.504304 0.485867 
-0.607404 -0.270735 0.400121 
0.400795 -0.504304 0.485867 
-0.605529 -0.272008 0.404585 
0.400795 -0.504304 0.485867 
-0.603536 -0.271132 0.410892 
0.400795 -0.504304 0.485867 
-0.602756 -0.269485 0.416092 
0.400795 -0.504304 0.485867 
-0.60265 -0.267821 0.420085 
0.400795 -0.504304 0.485867 
-0.602792 -0.26662 0.422433 
0.400795 -0.504304 0.485867 
-0.60295 -0.265637 0.423425 
0.400795 -0.504304 0.485867 
-0.602943 -0.265495 0.424029 
0.400795 -0.504304 0.485867 
-0.603029 -0.265972 0.423981 
0.400795 -0.504304 0.485867 
-0.603072 -0.265903 0.423556 
0.400795 -0.504304 0.485867 
-0.603026 -0.265896 0.423899 
0.400795 -0.504304 0.485867 
-0.603061 -0.265821 0.423522 
0.400795 -0.504304 0.485867 
-0.602962 -0.266092 0.423673 
0.400795 -0.504304 0.485867 
-0.602657 -0.265667 0.424206 
0.400795 -0.504304 0.485867 
-0.60241 -0.264892 0.423348 
0.400795 -0.504304 0.485867 
-0.60183 -0.263389 0.423492 
0.400795 -0.504304 0.485867 
-0.601193 -0.262344 0.423974 
0.400795 -0.504304 0.485867 
-0.600527 -0.260302 0.423991 
0.400795 -0.504304 0.485867 
-0.599985 -0.258918 0.423449 
0.400795 -0.504304 0.485867 
-0.599449 -0.257355 0.423492 
0.400795 -0.504304 0.485867 
-0.598794 -0.254556 0.423814 
0.400795 -0.504304 0.485867 
-0.598175 -0.252171 0.424081 
0.400795 -0.504304 0.485867 
-0.597635 -0.248916 0.424118 
0.400795 -0.504304 0.485867 
-0.597085 -0.245842 0.424187 
0.400795 -0.504304 0.485867 
-0.596908 -0.243098 0.42454 
0.400795 -0.504304 0.485867 
-0.596736 -0.240378 0.424316 
0.400795 -0.504304 0.485867 
-0.59678 -0.237494 0.424003 
0.400795 -0.504304 0.485867 
-0.596973 -0.23481 0.423929 
0.400795 -0.504304 0.485867 
-0.597122 -0.232964 0.424059 
0.400795 -0.504304 0.485867 
-0.597287 -0.230822 0.424166 
0.400795 -0.504304 0.485867 
-0.597464 -0.229061 0.42394 
0.400795 -0.504304 0.485867 
-0.597618 -0.227758 0.423807 
0.400795 -0.504304 0.485867 
-0.597847 -0.226796 0.423492 
0.400795 -0.504304 0.485867 
-0.598055 -0.225762 0.424083 
0.400795 -0.504304 0.485867 
-0.598293 -0.224327 0.423749 
0.400795 -0.504304 0.485867 
-0.598529 -0.223513 0.424078 
0.400795 -0.504304 0.485867 
-0.598786 -0.222675 0.424676 
0.400795 -0.504304 0.485867 
-0.598929 -0.222056 0.425159 
0.400795 -0.504304 0.485867 
-0.598899 -0.220948 0.426237 
0.400795 -0.504304 0.485867 
-0.598999 -0.219383 0.426335 
0.400795 -0.504304 0.485867 
-0.599106 -0.217901 0.426652 
0.400795 -0.504304 0.485867 
-0.599379 -0.216891 0.426926 
0.400795 -0.504304 0.485867 
-0.599637 -0.215294 0.427783 
0.400795 -0.504304 0.485867 
-0.599903 -0.213951 0.428068 
0.400795 -0.504304 0.485867 
-0.600151 -0.212062 0.429502 
0.400795 -0.504304 0.485867 
-0.600387 -0.210057 0.429999 
0.400795 -0.504304 0.485867 
-0.60062 -0.207152 0.431303 
0.400795 -0.504304 0.485867 
-0.600901 -0.20448 0.431903 
0.400795 -0.504304 0.485867 
-0.60135 -0.201703 0.432335 
0.400795 -0.504304 0.485867 
-0.601861 -0.198679 0.433625 
0.400795 -0.504304 0.485867 
-0.602344 -0.195808 0.434568 
0.400795 -0.504304 0.485867 
-0.602852 -0.1925 0.435218 
0.400795 -0.504304 0.485867 
-0.603297 -0.189333 0.435819 
0.400795 -0.504304 0.485867 
-0.603711 -0.186356 0.436112 
0.400795 -0.504304 0.485867 
-0.604135 -0.183313 0.436312 
0.400795 -0.504304 0.485867 
-0.604442 -0.180227 0.436167 
0.400795 -0.504304 0.485867 
-0.604738 -0.177405 0.435764 
0.400795 -0.504304 0.485867 
-0.605 -0.175012 0.435417 
0.400795 -0.504304 0.485867 
-0.605342 -0.17274 0.434879 
0.400795 -0.504304 0.485867 
-0.605577 -0.170898 0.434433 
0.400795 -0.504304 0.485867 
-0.605863 -0.169028 0.433805 
0.400795 -0.504304 0.485867 
-0.606055 -0.167802 0.43345 
0.400795 -0.504304 0.485867 
-0.60629 -0.166433 0.432831 
0.400795 -0.504304 0.485867 
-0.606569 -0.165074 0.432273 
0.400795 -0.504304 0.485867 
-0.606975 -0.163939 0.43165 
0.400795 -0.504304 0.485867 
-0.607486 -0.162899 0.431312 
0.400795 -0.504304 0.485867 
-0.608127 -0.161732 0.430838 
0.400795 -0.504304 0.485867 
-0.608825 -0.160589 0.430567 
0.400795 -0.504304 0.485867 
-0.609473 -0.159744 0.430289 
0.400795 -0.504304 0.485867 
-0.610143 -0.159072 0.430256 
0.400795 -0.504304 0.485867 
-0.610903 -0.158262 0.430211 
0.400795 -0.504304 0.485867 
-0.611598 -0.157551 0.430287 
0.400795 -0.504304 0.485867 
-0.612313 -0.156751 0.430304 
0.400795 -0.504304 0.485867 
-0.612821 -0.156141 0.430209 
0.400795 -0.504304 0.485867 
-0.613264 -0.155588 0.430241 
0.400795 -0.504304 0.485867 
-0.613612 -0.155134 0.430347 
0.400795 -0.504304 0.485867 
-0.613865 -0.154992 0.430422 
0.400795 -0.504304 0.485867 
-0.614039 -0.155102 0.430637 
0.400795 -0.504304 0.485867 
-0.614153 -0.15514 0.430684 
0.400795 -0.504304 0.485867 
-0.61409 -0.155619 0.431193 
0.400795 -0.504304 0.485867 
-0.613817 -0.156386 0.431371 
0.400795 -0.504304 0.485867 
-0.613438 -0.156984 0.431593 
0.400795 -0.504304 0.485867 
-0.612979 -0.157981 0.431862 
0.400795 -0.504304 0.485867 
-0.612646 -0.163574 0.432563 
0.400795 -0.504304 0.485867 
-0.612646 -0.163558 0.432442 
0.400795 -0.504304 0.485867 
-0.6121 -0.165203 0.432882 
0.400795 -0.504304 0.485867 
-0.611522 -0.166903 0.433474 
0.400795 -0.504304 0.485867 
-0.610933 -0.1685 0.433722 
0.400795 -0.504304 0.485867 
-0.610273 -0.17026 0.434116 
0.400795 -0.504304 0.485867 
-0.609549 -0.172093 0.434341 
0.400795 -0.504304 0.485867 
-0.608739 -0.174517 0.434831 
0.400795 -0.504304 0.485867 
-0.608104 -0.177069 0.435264 
0.400795 -0.504304 0.485867 
-0.607435 -0.180123 0.435873 
0.400795 -0.504304 0.485867 
-0.60675 -0.183571 0.436165 
0.400795 -0.504304 0.485867 
-0.606063 -0.186612 0.436133 
0.400795 -0.504304 0.485867 
-0.605436 -0.18959 0.436436 
0.400795 -0.504304 0.485867 
-0.604914 -0.192522 0.436347 
0.400795 -0.504304 0.485867 
-0.604459 -0.196148 0.436503 
0.400795 -0.504304 0.485867 
-0.604138 -0.199173 0.436596 
0.400795 -0.504304 0.485867 
-0.603944 -0.201784 0.436434 
0.400795 -0.504304 0.485867 
-0.603765 -0.204151 0.436222 
0.400795 -0.504304 0.485867 
-0.603734 -0.205465 0.435649 
0.400795 -0.504304 0.485867 
-0.603679 -0.206618 0.435319 
0.400795 -0.504304 0.485867 
-0.603561 -0.207324 0.435146 
0.400795 -0.504304 0.485867 
-0.603422 -0.208259 0.435207 
0.400795 -0.504304 0.485867 
-0.603276 -0.208986 0.434818 
0.400795 -0.504304 0.485867 
-0.603177 -0.210603 0.434805 
0.400795 -0.504304 0.485867 
-0.603107 -0.211393 0.434164 
0.400795 -0.504304 0.485867 
-0.603016 -0.212923 0.434737 
0.400795 -0.504304 0.485867 
-0.602998 -0.215156 0.434398 
0.400795 -0.504304 0.485867 
-0.603002 -0.217054 0.434794 
0.400795 -0.504304 0.485867 
-0.6029 -0.21897 0.434474 
0.400795 -0.504304 0.485867 
-0.602907 -0.220311 0.434209 
0.400795 -0.504304 0.485867 
-0.603027 -0.222405 0.433966 
0.400795 -0.504304 0.485867 
-0.60324 -0.224553 0.434019 
0.400795 -0.504304 0.485867 
-0.603703 -0.227489 0.433674 
0.400795 -0.504304 0.485867 
-0.604306 -0.230096 0.43315 
0.400795 -0.504304 0.485867 
-0.604901 -0.232658 0.4328 
0.400795 -0.504304 0.485867 
-0.605469 -0.235075 0.432376 
0.400795 -0.504304 0.485867 
-0.606114 -0.237657 0.431502 
0.400795 -0.504304 0.485867 
-0.606761 -0.240343 0.430422 
0.400795 -0.504304 0.485867 
-0.607615 -0.243269 0.429453 
0.400795 -0.504304 0.485867 
-0.608359 -0.246168 0.428279 
0.400795 -0.504304 0.485867 
-0.608978 -0.249147 0.426991 
0.400795 -0.504304 0.485867 
-0.609732 -0.252092 0.425478 
0.400795 -0.504304 0.485867 
-0.610392 -0.255061 0.42403 
0.400795 -0.504304 0.485867 
-0.610994 -0.257157 0.422405 
0.400795 -0.504304 0.485867 
-0.611468 -0.258926 0.421223 
0.400795 -0.504304 0.485867 
-0.611887 -0.260146 0.420073 
0.400795 -0.504304 0.485867 
-0.612361 -0.261114 0.419099 
0.400795 -0.504304 0.485867 
-0.612795 -0.261614 0.418561 
0.400795 -0.504304 0.485867 
-0.61314 -0.262204 0.418109 
0.400795 -0.504304 0.485867 
-0.613469 -0.262556 0.417952 
0.400795 -0.504304 0.485867 
-0.613818 -0.26267 0.417683 
0.400795 -0.504304 0.485867 
-0.614185 -0.262593 0.417924 
0.400795 -0.504304 0.485867 
-0.614433 -0.26215 0.417946 
0.400795 -0.504304 0.485867 
-0.614597 -0.261682 0.418008 
0.400795 -0.504304 0.485867 
-0.614477 -0.261318 0.418038 
0.400795 -0.504304 0.485867 
-0.614322 -0.260982 0.417848 
0.400795 -0.504304 0.485867 
-0.614221 -0.260724 0.417914 
0.400795 -0.504304 0.485867 
-0.614039 -0.260436 0.417942 
0.400795 -0.504304 0.485867 
-0.613846 -0.260405 0.417682 
0.400795 -0.504304 0.485867 
-0.613583 -0.260335 0.417612 
0.400795 -0.504304 0.485867 
-0.613357 -0.260329 0.41739 
0.400795 -0.504304 0.485867 
-0.613145 -0.260334 0.417104 
0.400795 -0.504304 0.485867 
-0.612975 -0.260507 0.416904 
0.400795 -0.504304 0.485867 
-0.612807 -0.260607 0.416618 
0.400795 -0.504304 0.485867 
-0.612779 -0.260806 0.416585 
0.400795 -0.504304 0.485867 
-0.612788 -0.260779 0.416807 
0.400795 -0.504304 0.485867 
-0.612875 -0.261081 0.416783 
0.400795 -0.504304 0.485867 
-0.612848 -0.261185 0.416865 
0.400795 -0.504304 0.485867 
-0.612811 -0.26135 0.416953 
0.400795 -0.504304 0.485867 
-0.612875 -0.261311 0.416826 
0.400795 -0.504304 0.485867 
-0.612823 -0.261151 0.416863 
0.400795 -0.504304 0.485867 
-0.612804 -0.261007 0.416874 
0.400795 -0.504304 0.485867 
-0.612812 -0.261024 0.417126 
0.400795 -0.504304 0.485867 
-0.612978 -0.261119 0.41696 
0.400795 -0.504304 0.485867 
-0.612955 -0.261126 0.417102 
0.400795 -0.504304 0.485867 
-0.612933 -0.261165 0.417093 
0.400795 -0.504304 0.485867 
-0.612915 -0.261169 0.417063 
0.400795 -0.504304 0.485867 
-0.612972 -0.261201 0.416973 
0.400795 -0.504304 0.485867 
-0.61298 -0.261198 0.417173 
0.400795 -0.504304 0.485867 
-0.612991 -0.261278 0.417177 
0.400795 -0.504304 0.485867 
-0.612932 -0.26132 0.417247 
0.400795 -0.504304 0.485867 
-0.612874 -0.261444 0.417547 
0.400795 -0.504304 0.485867 
-0.612686 -0.261377 0.417886 
0.400795 -0.504304 0.485867 
-0.612444 -0.261542 0.41794 
0.400795 -0.504304 0.485867 
-0.612109 -0.26161 0.418154 
0.400795 -0.504304 0.485867 
-0.611982 -0.261562 0.418128 
0.400795 -0.504304 0.485867 
-0.611815 -0.261443 0.418624 
0.400795 -0.504304 0.485867 
-0.611615 -0.261527 0.418754 
0.400795 -0.504304 0.485867 
-0.611303 -0.261308 0.418957 
0.400795 -0.504304 0.485867 
-0.611179 -0.261367 0.418988 
0.400795 -0.504304 0.485867 
-0.611004 -0.261234 0.419146 
0.400795 -0.504304 0.485867 
-0.610842 -0.261017 0.419168 
0.400795 -0.504304 0.485867 
-0.610696 -0.260821 0.419186 
0.400795 -0.504304 0.485867 
-0.610639 -0.260671 0.419404 
0.400795 -0.504304 0.485867 
-0.610486 -0.260273 0.419672 
0.400795 -0.504304 0.485867 
-0.610368 -0.259866 0.419642 
0.400795 -0.504304 0.485867 
-0.610138 -0.259356 0.419888 
0.400795 -0.504304 0.485867 
-0.609844 -0.258666 0.420326 
0.400795 -0.504304 0.485867 
-0.609626 -0.257809 0.420561 
0.400795 -0.504304 0.485867 
-0.609415 -0.256945 0.420804 
0.400795 -0.504304 0.485867 
-0.609192 -0.256072 0.421043 
0.400795 -0.504304 0.485867 
-0.608927 -0.255248 0.421374 
0.400795 -0.504304 0.485867 
-0.608682 -0.25421 0.421505 
0.400795 -0.504304 0.485867 
-0.608456 -0.253429 0.42168 
0.400795 -0.504304 0.485867 
-0.608297 -0.252718 0.421674 
0.400795 -0.504304 0.485867 
-0.608135 -0.251962 0.421814 
0.400795 -0.504304 0.485867 
-0.608002 -0.251031 0.421756 
0.400795 -0.504304 0.485867 
-0.607883 -0.250343 0.421667 
0.400795 -0.504304 0.485867 
-0.607784 -0.249905 0.42137 
0.400795 -0.504304 0.485867 
-0.60779 -0.24963 0.421201 
0.400795 -0.504304 0.485867 
-0.607833 -0.24939 0.420999 
0.400795 -0.504304 0.485867 
-0.607927 -0.249261 0.420807 
0.400795 -0.504304 0.485867 
-0.608089 -0.249279 0.420774 
0.400795 -0.504304 0.485867 
-0.608206 -0.249209 0.420753 
0.400795 -0.504304 0.485867 
-0.608356 -0.24945 0.420959 
0.400795 -0.504304 0.485867 
-0.60867 -0.249981 0.420841 
0.400795 -0.504304 0.485867 
-0.60906 -0.250723 0.421091 
0.400795 -0.504304 0.485867 
-0.60948 -0.251665 0.421276 
0.400795 -0.504304 0.485867 
-0.610065 -0.252948 0.421337 
0.400795 -0.504304 0.485867 
-0.610848 -0.254373 0.421541 
0.400795 -0.504304 0.485867 
-0.611696 -0.255884 0.421849 
0.400795 -0.504304 0.485867 
-0.612555 -0.257739 0.421957 
0.400795 -0.504304 0.485867 
-0.61334 -0.259587 0.42227 
0.400795 -0.504304 0.485867 
-0.615845 -0.262489 0.421771 
0.400795 -0.504304 0.485867 
-0.615884 -0.26234 0.421648 
0.400795 -0.504304 0.485867 
-0.616697 -0.264289 0.42169 
0.400795 -0.504304 0.485867 
-0.617379 -0.265839 0.421585 
0.400795 -0.504304 0.485867 
-0.617922 -0.267255 0.421598 
0.400795 -0.504304 0.485867 
-0.618416 -0.26855 0.421784 
0.400795 -0.504304 0.485867 
-0.618833 -0.269755 0.421723 
0.400795 -0.504304 0.485867 
-0.619198 -0.270755 0.421552 
0.400795 -0.504304 0.485867 
-0.619553 -0.271775 0.421445 
0.400795 -0.504304 0.485867 
-0.620043 -0.272973 0.421236 
0.400795 -0.504304 0.485867 
-0.620701 -0.274426 0.420929 
0.400795 -0.504304 0.485867 
-0.62166 -0.276209 0.420898 
0.400795 -0.504304 0.485867 
-0.622733 -0.278033 0.421014 
0.400795 -0.504304 0.485867 
-0.623974 -0.280046 0.421057 
0.400795 -0.504304 0.485867 
-0.625124 -0.282116 0.421077 
0.400795 -0.504304 0.485867 
-0.626224 -0.283938 0.421348 
0.400795 -0.504304 0.485867 
-0.627283 -0.285887 0.421457 
0.400795 -0.504304 0.485867 
-0.628017 -0.287577 0.422004 
0.400795 -0.504304 0.485867 
-0.628557 -0.289115 0.42295 
0.400795 -0.504304 0.485867 
-0.628837 -0.290335 0.423771 
0.400795 -0.504304 0.485867 
-0.62889 -0.291325 0.42478 
0.400795 -0.504304 0.485867 
-0.62832 -0.291647 0.426455 
0.400795 -0.504304 0.485867 
-0.627427 -0.2915 0.428003 
0.400795 -0.504304 0.485867 
-0.626373 -0.291455 0.429414 
0.400795 -0.504304 0.485867 
-0.624811 -0.290992 0.43179 
0.400795 -0.504304 0.485867 
-0.623213 -0.290607 0.433546 
0.400795 -0.504304 0.485867 
-0.621237 -0.290216 0.43566 
0.400795 -0.504304 0.485867 
-0.61961 -0.28968 0.437348 
0.400795 -0.504304 0.485867 
-0.617947 -0.289455 0.439082 
0.400795 -0.504304 0.485867 
-0.616591 -0.28894 0.440599 
0.400795 -0.504304 0.485867 
-0.615141 -0.288508 0.441747 
0.400795 -0.504304 0.485867 
-0.614027 -0.288393 0.442455 
0.400795 -0.504304 0.485867 
-0.612922 -0.288128 0.443385 
0.400795 -0.504304 0.485867 
-0.61218 -0.288055 0.443921 
0.400795 -0.504304 0.485867 
-0.611495 -0.287798 0.444082 
0.400795 -0.504304 0.485867 
-0.611177 -0.287866 0.444279 
0.400795 -0.504304 0.485867 
-0.61108 -0.287883 0.444534 
0.400795 -0.504304 0.485867 
-0.611154 -0.287919 0.444475 
0.400795 -0.504304 0.485867 
-0.611149 -0.287881 0.444411 
0.400795 -0.504304 0.485867 
-0.61114 -0.287956 0.444538 
0.400795 -0.504304 0.485867 
-0.611117 -0.287902 0.444475 
0.400795 -0.504304 0.485867 
-0.61112 -0.287932 0.444436 
0.400795 -0.504304 0.485867 
-0.611104 -0.287941 0.444498 
0.400795 -0.504304 0.485867 
-0.611119 -0.28792 0.444363 
0.400795 -0.504304 0.485867 
-0.611118 -0.288 0.444465 
0.400795 -0.504304 0.485867 
-0.61112 -0.287926 0.444482 
0.400795 -0.504304 0.485867 
-0.611146 -0.287984 0.444488 
0.400795 -0.504304 0.485867 
-0.611109 -0.287867 0.444424 
0.400795 -0.504304 0.485867 
-0.611111 -0.2879 0.444361 
0.400795 -0.504304 0.485867 
-0.611113 -0.287963 0.444454 
0.400795 -0.504304 0.485867 
-0.61111 -0.287964 0.444514 
0.400795 -0.504304 0.485867 
-0.611107 -0.287908 0.444365 
0.400795 -0.504304 0.485867 
-0.611108 -0.287948 0.444462 
0.400795 -0.504304 0.485867 
-0.611112 -0.28797 0.444353 
0.400795 -0.504304 0.485867 
-0.611084 -0.287886 0.444371 
0.400795 -0.504304 0.485867 
-0.611085 -0.287943 0.444507 
0.400795 -0.504304 0.485867 
-0.61112 -0.288005 0.444497 
0.400795 -0.504304 0.485867 
-0.611088 -0.287906 0.444461 
0.400795 -0.504304 0.485867 
-0.611096 -0.287935 0.444462 
0.400795 -0.504304 0.485867 
-0.611101 -0.287905 0.444419 
0.400795 -0.504304 0.485867 
-0.6111 -0.287854 0.44442 
0.400795 -0.504304 0.485867 
-0.611119 -0.287891 0.444346 
0.400795 -0.504304 0.485867 
-0.611114 -0.287937 0.444523 
0.400795 -0.504304 0.485867 
-0.611107 -0.287855 0.444375 
0.400795 -0.504304 0.485867 
-0.61111 -0.287926 0.444525 
0.400795 -0.504304 0.485867 
-0.611092 -0.287878 0.444444 
0.400795 -0.504304 0.485867 
-0.611105 -0.287883 0.444273 
0.400795 -0.504304 0.485867 
-0.611126 -0.288009 0.444436 
0.400795 -0.504304 0.485867 
-0.611163 -0.288009 0.444434 
0.400795 -0.504304 0.485867 
-0.611123 -0.287905 0.444373 
0.400795 -0.504304 0.485867 
-0.611106 -0.287946 0.444448 
0.400795 -0.504304 0.485867 
-0.611125 -0.287959 0.444466 
0.400795 -0.504304 0.485867 
-0.611158 -0.288021 0.444385 
0.400795 -0.504304 0.485867 
-0.611146 -0.287985 0.44453 
0.400795 -0.504304 0.485867 
-0.611209 -0.287987 0.444357 
0.400795 -0.504304 0.485867 
-0.61116 -0.287973 0.444448 
0.400795 -0.504304 0.485867 
-0.611222 -0.287984 0.443611 
0.400795 -0.504304 0.485867 
-0.61148 -0.288166 0.441869 
0.400795 -0.504304 0.485867 
-0.611901 -0.288408 0.439429 
0.400795 -0.504304 0.485867 
-0.612525 -0.288392 0.436107 
0.400795 -0.504304 0.485867 
-0.610903 -0.28665 0.44017 
0.400795 -0.504304 0.485867 
-0.608522 -0.283942 0.447375 
0.400795 -0.504304 0.485867 
-0.606207 -0.280507 0.455796 
0.400795 -0.504304 0.485867 
-0.604179 -0.276231 0.465404 
0.400795 -0.504304 0.485867 
-0.602699 -0.271008 0.476109 
0.400795 -0.504304 0.485867 
-0.602043 -0.264761 0.487729 
0.400795 -0.504304 0.485867 
-0.602463 -0.257619 0.499749 
0.400795 -0.504304 0.485867 
-0.603952 -0.250387 0.510811 
0.400795 -0.504304 0.485867 
-0.606474 -0.242849 0.521321 
0.400795 -0.504304 0.485867 
