-0.597268 -0.255126 0.407261 
0.378313 -0.49306 0.438386 
-0.597268 -0.255126 0.407261 
0.375687 -0.492471 0.441856 
-0.597268 -0.255126 0.407261 
0.377442 -0.493218 0.441408 
-0.597268 -0.255126 0.407261 
0.37734 -0.492942 0.43982 
-0.597268 -0.255126 0.407261 
0.377401 -0.494365 0.437095 
-0.597268 -0.255126 0.407261 
0.377291 -0.494427 0.4378 
-0.597268 -0.255126 0.407261 
0.377549 -0.494728 0.438504 
-0.597268 -0.255126 0.407261 
0.377923 -0.496338 0.440233 
-0.597268 -0.255126 0.407261 
0.378464 -0.498072 0.43726 
-0.597268 -0.255126 0.407261 
0.378776 -0.4985 0.435868 
-0.597268 -0.255126 0.407261 
0.379117 -0.499349 0.435948 
-0.597268 -0.255126 0.407261 
0.379062 -0.499752 0.435056 
-0.597268 -0.255126 0.407261 
0.37892 -0.500125 0.433995 
-0.597268 -0.255126 0.407261 
0.379074 -0.500371 0.435687 
-0.597268 -0.255126 0.407261 
0.378828 -0.501042 0.435223 
-0.597268 -0.255126 0.407261 
0.379088 -0.502246 0.434968 
-0.597268 -0.255126 0.407261 
0.37908 -0.503362 0.435244 
-0.597268 -0.255126 0.407261 
0.379111 -0.504585 0.434797 
-0.597268 -0.255126 0.407261 
0.37933 -0.505432 0.433866 
-0.597268 -0.255126 0.407261 
0.378858 -0.505832 0.433543 
-0.597268 -0.255126 0.407261 
0.378298 -0.506498 0.434587 
-0.597268 -0.255126 0.407261 
0.377414 -0.507388 0.435248 
-0.597268 -0.255126 0.407261 
0.444099 -0.515632 0.491962 
-0.597268 -0.255126 0.407261 
0.442648 -0.517767 0.487062 
-0.597268 -0.255126 0.407261 
0.44464 -0.517289 0.486693 
