-0.636071 -0.243239 0.372327 
0.400795 -0.504304 0.485867 
-0.634801 -0.24369 0.372565 
0.400795 -0.504304 0.485867 
-0.635506 -0.244499 0.373181 
0.400795 -0.504304 0.485867 
-0.635791 -0.245223 0.373827 
0.400795 -0.504304 0.485867 
-0.635951 -0.245537 0.373833 
0.400795 -0.504304 0.485867 
-0.635613 -0.244924 0.37363 
0.400795 -0.504304 0.485867 
-0.633768 -0.244228 0.374199 
0.400795 -0.504304 0.485867 
-0.630778 -0.243504 0.375604 
0.400795 -0.504304 0.485867 
-0.626939 -0.241999 0.376751 
0.400795 -0.504304 0.485867 
-0.624238 -0.24124 0.377717 
0.400795 -0.504304 0.485867 
-0.621238 -0.23996 0.378931 
0.400795 -0.504304 0.485867 
-0.619174 -0.239111 0.379533 
0.400795 -0.504304 0.485867 
-0.617488 -0.238396 0.379606 
0.400795 -0.504304 0.485867 
-0.615912 -0.237796 0.380117 
0.400795 -0.504304 0.485867 
-0.61372 -0.23701 0.381174 
0.400795 -0.504304 0.485867 
-0.611565 -0.236046 0.381341 
0.400795 -0.504304 0.485867 
