-0.597268 -0.255126 0.407261 
0.403284 -0.492882 0.467889 
-0.597268 -0.255126 0.407261 
0.403901 -0.492593 0.471367 
-0.597268 -0.255126 0.407261 
0.404804 -0.492325 0.473342 
-0.597268 -0.255126 0.407261 
0.405018 -0.492036 0.472959 
-0.597268 -0.255126 0.407261 
0.405882 -0.494014 0.474205 
-0.597268 -0.255126 0.407261 
0.40653 -0.495948 0.472157 
-0.597268 -0.255126 0.407261 
0.406727 -0.496597 0.47301 
-0.597268 -0.255126 0.407261 
0.406754 -0.497234 0.472089 
-0.597268 -0.255126 0.407261 
0.406687 -0.497974 0.471696 
-0.597268 -0.255126 0.407261 
0.406246 -0.499317 0.470749 
-0.597268 -0.255126 0.407261 
0.406288 -0.500685 0.470299 
-0.597268 -0.255126 0.407261 
0.40634 -0.501108 0.47101 
-0.597268 -0.255126 0.407261 
0.406483 -0.502308 0.470971 
-0.597268 -0.255126 0.407261 
0.40601 -0.50248 0.469751 
-0.597268 -0.255126 0.407261 
0.406106 -0.503283 0.469966 
-0.597268 -0.255126 0.407261 
0.406399 -0.504822 0.470625 
-0.597268 -0.255126 0.407261 
0.406315 -0.505826 0.470258 
-0.597268 -0.255126 0.407261 
0.406194 -0.506699 0.470371 
-0.597268 -0.255126 0.407261 
0.406366 -0.507394 0.472317 
-0.597268 -0.255126 0.407261 
0.405864 -0.508238 0.472006 
-0.597268 -0.255126 0.407261 
0.405138 -0.50911 0.469701 
-0.597268 -0.255126 0.407261 
0.405021 -0.509579 0.470124 
-0.597268 -0.255126 0.407261 
0.405324 -0.509711 0.470337 
-0.597268 -0.255126 0.407261 
0.405954 -0.509494 0.470987 
-0.597268 -0.255126 0.407261 
0.407535 -0.509008 0.472554 
-0.597268 -0.255126 0.407261 
0.409753 -0.507829 0.473788 
-0.597268 -0.255126 0.407261 
0.41251 -0.506137 0.474805 
-0.597268 -0.255126 0.407261 
0.415631 -0.505532 0.475699 
-0.597268 -0.255126 0.407261 
0.418436 -0.504314 0.476467 
-0.597268 -0.255126 0.407261 
0.421236 -0.503115 0.47714 
-0.597268 -0.255126 0.407261 
0.424906 -0.502459 0.479239 
-0.597268 -0.255126 0.407261 
0.428249 -0.501057 0.480318 
-0.597268 -0.255126 0.407261 
0.431313 -0.499022 0.480909 
-0.597268 -0.255126 0.407261 
0.435232 -0.498028 0.482773 
-0.597268 -0.255126 0.407261 
0.438419 -0.497484 0.483661 
-0.597268 -0.255126 0.407261 
0.440767 -0.49576 0.483446 
-0.597268 -0.255126 0.407261 
0.442383 -0.494594 0.482785 
-0.597268 -0.255126 0.407261 
0.444808 -0.494417 0.484535 
-0.597268 -0.255126 0.407261 
0.444357 -0.493995 0.48234 
-0.597268 -0.255126 0.407261 
0.445096 -0.493784 0.483744 
-0.597268 -0.255126 0.407261 
0.445393 -0.495193 0.483885 
-0.597268 -0.255126 0.407261 
0.442798 -0.486643 0.491275 
-0.597268 -0.255126 0.407261 
0.442973 -0.487338 0.490129 
-0.597268 -0.255126 0.407261 
0.443332 -0.487264 0.490275 
-0.597268 -0.255126 0.407261 
0.443356 -0.486967 0.490466 
-0.597268 -0.255126 0.407261 
0.443236 -0.487049 0.490232 
-0.597268 -0.255126 0.407261 
0.443049 -0.487233 0.48991 
-0.597268 -0.255126 0.407261 
0.442944 -0.487144 0.489486 
-0.597268 -0.255126 0.407261 
0.443096 -0.486766 0.489946 
-0.597268 -0.255126 0.407261 
0.443093 -0.486646 0.489909 
-0.597268 -0.255126 0.407261 
0.443088 -0.486799 0.489968 
-0.597268 -0.255126 0.407261 
0.443194 -0.487312 0.489732 
-0.597268 -0.255126 0.407261 
0.443135 -0.487225 0.489833 
-0.597268 -0.255126 0.407261 
0.441785 -0.480728 0.490303 
-0.597268 -0.255126 0.407261 
0.440478 -0.479594 0.489609 
-0.597268 -0.255126 0.407261 
0.440384 -0.480766 0.491236 
-0.597268 -0.255126 0.407261 
0.438738 -0.481974 0.495789 
-0.597268 -0.255126 0.407261 
0.438363 -0.483628 0.496823 
-0.597268 -0.255126 0.407261 
0.436608 -0.484046 0.496979 
-0.597268 -0.255126 0.407261 
0.435269 -0.485344 0.497251 
-0.597268 -0.255126 0.407261 
0.433994 -0.486053 0.497805 
-0.597268 -0.255126 0.407261 
0.433015 -0.487934 0.498507 
-0.597268 -0.255126 0.407261 
0.432034 -0.488898 0.499588 
-0.597268 -0.255126 0.407261 
0.431133 -0.489671 0.501252 
-0.597268 -0.255126 0.407261 
0.429066 -0.490403 0.50085 
-0.597268 -0.255126 0.407261 
0.427221 -0.491663 0.500653 
-0.597268 -0.255126 0.407261 
0.42688 -0.492724 0.502474 
-0.597268 -0.255126 0.407261 
0.424921 -0.493153 0.500968 
-0.597268 -0.255126 0.407261 
0.423888 -0.493509 0.500526 
-0.597268 -0.255126 0.407261 
0.423458 -0.493287 0.501104 
-0.597268 -0.255126 0.407261 
0.422212 -0.493967 0.501211 
-0.597268 -0.255126 0.407261 
0.421896 -0.493254 0.501774 
-0.597268 -0.255126 0.407261 
0.421063 -0.492921 0.50141 
-0.597268 -0.255126 0.407261 
0.4201 -0.493191 0.500393 
-0.597268 -0.255126 0.407261 
0.419927 -0.492867 0.500749 
-0.597268 -0.255126 0.407261 
0.419303 -0.492811 0.50028 
-0.597268 -0.255126 0.407261 
0.418579 -0.493105 0.499268 
-0.597268 -0.255126 0.407261 
0.418441 -0.493265 0.499539 
-0.597268 -0.255126 0.407261 
0.417747 -0.492506 0.499139 
-0.597268 -0.255126 0.407261 
0.417021 -0.493084 0.498055 
-0.597268 -0.255126 0.407261 
0.416511 -0.492898 0.49738 
-0.597268 -0.255126 0.407261 
0.416049 -0.493623 0.496449 
-0.597268 -0.255126 0.407261 
0.41594 -0.493048 0.496711 
-0.597268 -0.255126 0.407261 
0.416028 -0.492629 0.496855 
-0.597268 -0.255126 0.407261 
0.415852 -0.492595 0.496211 
-0.597268 -0.255126 0.407261 
0.415679 -0.492747 0.495664 
-0.597268 -0.255126 0.407261 
0.415702 -0.492899 0.495556 
-0.597268 -0.255126 0.407261 
0.416305 -0.49287 0.496421 
-0.597268 -0.255126 0.407261 
0.415844 -0.493093 0.495423 
-0.597268 -0.255126 0.407261 
0.414864 -0.492928 0.493974 
-0.597268 -0.255126 0.407261 
0.414561 -0.492623 0.493597 
-0.597268 -0.255126 0.407261 
0.414061 -0.492974 0.492422 
-0.597268 -0.255126 0.407261 
0.413883 -0.492567 0.492284 
-0.597268 -0.255126 0.407261 
0.413248 -0.492819 0.491334 
-0.597268 -0.255126 0.407261 
0.413045 -0.492249 0.49115 
-0.597268 -0.255126 0.407261 
0.412665 -0.491928 0.490665 
-0.597268 -0.255126 0.407261 
0.413344 -0.492188 0.49147 
-0.597268 -0.255126 0.407261 
0.412694 -0.49206 0.490311 
-0.597268 -0.255126 0.407261 
0.412847 -0.492348 0.490153 
-0.597268 -0.255126 0.407261 
0.412572 -0.492202 0.489662 
-0.597268 -0.255126 0.407261 
0.412528 -0.492487 0.489324 
-0.597268 -0.255126 0.407261 
0.412925 -0.492425 0.489553 
-0.597268 -0.255126 0.407261 
0.413426 -0.492467 0.489834 
-0.597268 -0.255126 0.407261 
0.414019 -0.492476 0.490234 
-0.597268 -0.255126 0.407261 
0.414448 -0.493388 0.489762 
-0.597268 -0.255126 0.407261 
0.414852 -0.493873 0.489692 
-0.597268 -0.255126 0.407261 
0.415245 -0.493869 0.489833 
-0.597268 -0.255126 0.407261 
0.415794 -0.49453 0.490144 
-0.597268 -0.255126 0.407261 
0.416185 -0.495003 0.490382 
-0.597268 -0.255126 0.407261 
0.415767 -0.494856 0.489524 
-0.597268 -0.255126 0.407261 
0.415927 -0.49503 0.489775 
-0.597268 -0.255126 0.407261 
0.415683 -0.494875 0.489779 
-0.597268 -0.255126 0.407261 
0.415378 -0.494489 0.489364 
-0.597268 -0.255126 0.407261 
0.414968 -0.494359 0.489049 
-0.597268 -0.255126 0.407261 
0.414947 -0.495149 0.489472 
-0.597268 -0.255126 0.407261 
0.414602 -0.495088 0.490108 
-0.597268 -0.255126 0.407261 
0.414157 -0.495566 0.490797 
-0.597268 -0.255126 0.407261 
0.413876 -0.496429 0.491347 
-0.597268 -0.255126 0.407261 
0.413279 -0.496988 0.489132 
-0.597268 -0.255126 0.407261 
0.414109 -0.497042 0.487961 
-0.597268 -0.255126 0.407261 
0.414188 -0.497615 0.488863 
-0.597268 -0.255126 0.407261 
0.413315 -0.498418 0.488743 
-0.597268 -0.255126 0.407261 
0.413266 -0.499737 0.489489 
-0.597268 -0.255126 0.407261 
0.412616 -0.500154 0.48971 
-0.597268 -0.255126 0.407261 
0.411653 -0.501026 0.489754 
-0.597268 -0.255126 0.407261 
0.411926 -0.502175 0.491541 
-0.597268 -0.255126 0.407261 
0.41068 -0.503062 0.489919 
-0.597268 -0.255126 0.407261 
0.409664 -0.503571 0.488835 
-0.597268 -0.255126 0.407261 
0.40962 -0.503624 0.489694 
-0.597268 -0.255126 0.407261 
0.409326 -0.504367 0.489656 
-0.597268 -0.255126 0.407261 
0.40899 -0.505123 0.489424 
-0.597268 -0.255126 0.407261 
0.408343 -0.505648 0.488754 
-0.597268 -0.255126 0.407261 
0.408103 -0.50577 0.489081 
-0.597268 -0.255126 0.407261 
0.407033 -0.506098 0.488843 
-0.597268 -0.255126 0.407261 
0.407138 -0.505501 0.489293 
-0.597268 -0.255126 0.407261 
0.406137 -0.506042 0.488499 
-0.597268 -0.255126 0.407261 
0.405985 -0.506663 0.489216 
-0.597268 -0.255126 0.407261 
0.405545 -0.507123 0.489585 
-0.597268 -0.255126 0.407261 
0.404168 -0.507002 0.488613 
-0.597268 -0.255126 0.407261 
0.403986 -0.50702 0.489406 
-0.597268 -0.255126 0.407261 
0.403798 -0.506946 0.489639 
-0.597268 -0.255126 0.407261 
0.403643 -0.505645 0.489026 
-0.597268 -0.255126 0.407261 
0.403309 -0.504299 0.487639 
-0.597268 -0.255126 0.407261 
0.403222 -0.503338 0.48718 
