-0.607318 -0.222049 0.397562 
0.400795 -0.504304 0.485867 
-0.607156 -0.222608 0.3969 
0.400795 -0.504304 0.485867 
-0.607209 -0.222465 0.396073 
0.400795 -0.504304 0.485867 
-0.606639 -0.22383 0.396356 
0.400795 -0.504304 0.485867 
-0.605372 -0.225857 0.396462 
0.400795 -0.504304 0.485867 
-0.60289 -0.226318 0.395855 
0.400795 -0.504304 0.485867 
-0.600533 -0.22676 0.396326 
0.400795 -0.504304 0.485867 
-0.599065 -0.226912 0.396274 
0.400795 -0.504304 0.485867 
-0.59793 -0.227172 0.396472 
0.400795 -0.504304 0.485867 
-0.597156 -0.227312 0.396192 
0.400795 -0.504304 0.485867 
-0.596569 -0.227369 0.395977 
0.400795 -0.504304 0.485867 
-0.596176 -0.227039 0.396139 
0.400795 -0.504304 0.485867 
-0.595777 -0.226971 0.395938 
0.400795 -0.504304 0.485867 
-0.595464 -0.227024 0.39592 
0.400795 -0.504304 0.485867 
-0.594711 -0.227304 0.39549 
0.400795 -0.504304 0.485867 
-0.593326 -0.227935 0.395183 
0.400795 -0.504304 0.485867 
-0.59205 -0.228236 0.395322 
0.400795 -0.504304 0.485867 
-0.591335 -0.228111 0.39543 
0.400795 -0.504304 0.485867 
-0.591338 -0.227864 0.395374 
0.400795 -0.504304 0.485867 
-0.591293 -0.227917 0.395791 
0.400795 -0.504304 0.485867 
-0.591325 -0.227539 0.394978 
0.400795 -0.504304 0.485867 
-0.591228 -0.227726 0.395572 
0.400795 -0.504304 0.485867 
-0.591323 -0.22785 0.39534 
0.400795 -0.504304 0.485867 
-0.591372 -0.22777 0.395144 
0.400795 -0.504304 0.485867 
-0.591415 -0.227767 0.395053 
0.400795 -0.504304 0.485867 
-0.591428 -0.227662 0.394938 
0.400795 -0.504304 0.485867 
-0.591399 -0.227637 0.395103 
0.400795 -0.504304 0.485867 
-0.5915 -0.227571 0.39463 
0.400795 -0.504304 0.485867 
-0.591391 -0.227836 0.395413 
0.400795 -0.504304 0.485867 
-0.591396 -0.228172 0.396001 
0.400795 -0.504304 0.485867 
-0.591474 -0.228059 0.395822 
0.400795 -0.504304 0.485867 
-0.591522 -0.227915 0.395571 
0.400795 -0.504304 0.485867 
-0.591659 -0.227899 0.395523 
0.400795 -0.504304 0.485867 
-0.591588 -0.228068 0.395396 
0.400795 -0.504304 0.485867 
-0.591602 -0.227938 0.395596 
0.400795 -0.504304 0.485867 
-0.591577 -0.228137 0.395463 
0.400795 -0.504304 0.485867 
-0.591578 -0.227948 0.395503 
0.400795 -0.504304 0.485867 
-0.591574 -0.227936 0.395495 
0.400795 -0.504304 0.485867 
-0.591537 -0.22783 0.395358 
0.400795 -0.504304 0.485867 
-0.591534 -0.228066 0.395516 
0.400795 -0.504304 0.485867 
-0.591588 -0.228028 0.395398 
0.400795 -0.504304 0.485867 
-0.4054 -0.23257 0.48858 
0.400795 -0.504304 0.485867 
-0.591814 -0.228434 0.396566 
0.400795 -0.504304 0.485867 
