-0.668504 -0.227963 0.473882 
0.400795 -0.504304 0.485867 
-0.668505 -0.227963 0.473882 
0.400795 -0.504304 0.485867 
-0.668505 -0.227963 0.473882 
0.400795 -0.504304 0.485867 
-0.667963 -0.22845 0.474086 
0.400795 -0.504304 0.485867 
-0.667906 -0.228433 0.47429 
0.400795 -0.504304 0.485867 
-0.667781 -0.228476 0.474617 
0.400795 -0.504304 0.485867 
-0.66757 -0.229749 0.474823 
0.400795 -0.504304 0.485867 
-0.667218 -0.231051 0.475131 
0.400795 -0.504304 0.485867 
-0.666613 -0.231689 0.475437 
0.400795 -0.504304 0.485867 
-0.665551 -0.232083 0.476025 
0.400795 -0.504304 0.485867 
-0.66449 -0.232385 0.476918 
0.400795 -0.504304 0.485867 
-0.663588 -0.232631 0.477725 
0.400795 -0.504304 0.485867 
-0.662843 -0.232819 0.478368 
0.400795 -0.504304 0.485867 
-0.662221 -0.232979 0.478889 
0.400795 -0.504304 0.485867 
-0.661708 -0.233107 0.47934 
0.400795 -0.504304 0.485867 
-0.661264 -0.233226 0.479711 
0.400795 -0.504304 0.485867 
-0.66089 -0.233325 0.480043 
0.400795 -0.504304 0.485867 
-0.660554 -0.233414 0.480319 
0.400795 -0.504304 0.485867 
-0.660258 -0.233482 0.480567 
0.400795 -0.504304 0.485867 
-0.659996 -0.233545 0.480785 
0.400795 -0.504304 0.485867 
-0.659769 -0.233604 0.480984 
0.400795 -0.504304 0.485867 
-0.659565 -0.233653 0.481165 
0.400795 -0.504304 0.485867 
-0.659379 -0.233703 0.481324 
0.400795 -0.504304 0.485867 
-0.659203 -0.233751 0.481458 
0.400795 -0.504304 0.485867 
-0.65904 -0.233791 0.481578 
0.400795 -0.504304 0.485867 
-0.658897 -0.23383 0.481694 
0.400795 -0.504304 0.485867 
-0.658812 -0.233894 0.481835 
0.400795 -0.504304 0.485867 
-0.658686 -0.233921 0.481932 
0.400795 -0.504304 0.485867 
-0.658198 -0.234166 0.482342 
0.400795 -0.504304 0.485867 
-0.657738 -0.234391 0.48274 
0.400795 -0.504304 0.485867 
-0.657264 -0.23466 0.483122 
0.400795 -0.504304 0.485867 
-0.656815 -0.234795 0.483453 
0.400795 -0.504304 0.485867 
-0.656383 -0.234708 0.483778 
0.400795 -0.504304 0.485867 
-0.656032 -0.234665 0.484073 
0.400795 -0.504304 0.485867 
-0.655835 -0.23466 0.484321 
0.400795 -0.504304 0.485867 
-0.655761 -0.234658 0.484421 
0.400795 -0.504304 0.485867 
-0.655754 -0.234657 0.484414 
0.400795 -0.504304 0.485867 
-0.655748 -0.234654 0.484408 
0.400795 -0.504304 0.485867 
-0.655744 -0.23465 0.484407 
0.400795 -0.504304 0.485867 
-0.655736 -0.234652 0.484397 
0.400795 -0.504304 0.485867 
-0.655738 -0.234647 0.484402 
0.400795 -0.504304 0.485867 
-0.655726 -0.234645 0.484389 
0.400795 -0.504304 0.485867 
-0.655725 -0.234647 0.484388 
0.400795 -0.504304 0.485867 
-0.655731 -0.234648 0.484394 
0.400795 -0.504304 0.485867 
-0.65573 -0.234646 0.484393 
0.400795 -0.504304 0.485867 
-0.655734 -0.234646 0.484396 
0.400795 -0.504304 0.485867 
-0.655726 -0.234652 0.484384 
0.400795 -0.504304 0.485867 
-0.655724 -0.234653 0.484381 
0.400795 -0.504304 0.485867 
-0.655725 -0.23465 0.484384 
0.400795 -0.504304 0.485867 
-0.655734 -0.23465 0.484394 
0.400795 -0.504304 0.485867 
-0.655746 -0.234651 0.484407 
0.400795 -0.504304 0.485867 
-0.655745 -0.234654 0.484404 
0.400795 -0.504304 0.485867 
-0.655699 -0.234624 0.48437 
0.400795 -0.504304 0.485867 
-0.655747 -0.23466 0.484401 
0.400795 -0.504304 0.485867 
-0.655742 -0.234671 0.484389 
0.400795 -0.504304 0.485867 
-0.655829 -0.234747 0.484442 
0.400795 -0.504304 0.485867 
-0.655878 -0.234784 0.484474 
0.400795 -0.504304 0.485867 
-0.655919 -0.234818 0.484499 
0.400795 -0.504304 0.485867 
-0.656014 -0.234887 0.484564 
0.400795 -0.504304 0.485867 
-0.65606 -0.234921 0.484596 
0.400795 -0.504304 0.485867 
-0.656052 -0.234924 0.484583 
0.400795 -0.504304 0.485867 
-0.656097 -0.23496 0.484612 
0.400795 -0.504304 0.485867 
-0.656103 -0.234963 0.484616 
0.400795 -0.504304 0.485867 
-0.656102 -0.234971 0.48461 
0.400795 -0.504304 0.485867 
-0.656111 -0.234974 0.484619 
0.400795 -0.504304 0.485867 
-0.65611 -0.234976 0.484615 
0.400795 -0.504304 0.485867 
-0.656107 -0.234979 0.48461 
0.400795 -0.504304 0.485867 
-0.656113 -0.234976 0.484618 
0.400795 -0.504304 0.485867 
-0.656119 -0.234976 0.484623 
0.400795 -0.504304 0.485867 
-0.656117 -0.234978 0.48462 
0.400795 -0.504304 0.485867 
-0.656117 -0.234982 0.484618 
0.400795 -0.504304 0.485867 
-0.656122 -0.234979 0.484625 
0.400795 -0.504304 0.485867 
-0.656125 -0.234978 0.484628 
0.400795 -0.504304 0.485867 
-0.656122 -0.234973 0.484629 
0.400795 -0.504304 0.485867 
-0.656129 -0.234973 0.484636 
0.400795 -0.504304 0.485867 
-0.656131 -0.234973 0.484638 
0.400795 -0.504304 0.485867 
-0.656128 -0.234972 0.484635 
0.400795 -0.504304 0.485867 
-0.65613 -0.234972 0.484638 
0.400795 -0.504304 0.485867 
-0.656092 -0.234934 0.484617 
0.400795 -0.504304 0.485867 
-0.656141 -0.234965 0.484654 
0.400795 -0.504304 0.485867 
-0.656095 -0.234926 0.484627 
0.400795 -0.504304 0.485867 
-0.656007 -0.234854 0.48457 
0.400795 -0.504304 0.485867 
-0.656018 -0.234853 0.484584 
0.400795 -0.504304 0.485867 
-0.655933 -0.234779 0.484534 
0.400795 -0.504304 0.485867 
-0.655846 -0.234706 0.48448 
0.400795 -0.504304 0.485867 
-0.655849 -0.234699 0.484489 
0.400795 -0.504304 0.485867 
-0.655853 -0.234698 0.484494 
0.400795 -0.504304 0.485867 
-0.655811 -0.234657 0.48447 
0.400795 -0.504304 0.485867 
-0.655815 -0.234651 0.484479 
0.400795 -0.504304 0.485867 
-0.655814 -0.234647 0.484479 
0.400795 -0.504304 0.485867 
-0.655868 -0.23468 0.484521 
0.400795 -0.504304 0.485867 
-0.655877 -0.234676 0.484534 
0.400795 -0.504304 0.485867 
-0.655879 -0.234672 0.484538 
0.400795 -0.504304 0.485867 
-0.65588 -0.234666 0.484543 
0.400795 -0.504304 0.485867 
-0.65588 -0.234662 0.484546 
0.400795 -0.504304 0.485867 
-0.655884 -0.234657 0.484552 
0.400795 -0.504304 0.485867 
-0.65589 -0.234659 0.484558 
0.400795 -0.504304 0.485867 
-0.655889 -0.234653 0.48456 
0.400795 -0.504304 0.485867 
-0.655891 -0.234655 0.484561 
0.400795 -0.504304 0.485867 
-0.655884 -0.234652 0.484555 
0.400795 -0.504304 0.485867 
-0.655876 -0.234653 0.484546 
0.400795 -0.504304 0.485867 
-0.655967 -0.234719 0.484609 
0.400795 -0.504304 0.485867 
-0.655965 -0.234716 0.484608 
0.400795 -0.504304 0.485867 
-0.656061 -0.234784 0.484676 
0.400795 -0.504304 0.485867 
-0.656014 -0.234745 0.484647 
0.400795 -0.504304 0.485867 
-0.656005 -0.234744 0.484639 
0.400795 -0.504304 0.485867 
-0.656053 -0.234778 0.484673 
0.400795 -0.504304 0.485867 
-0.656057 -0.234776 0.484679 
0.400795 -0.504304 0.485867 
-0.656052 -0.234774 0.484675 
0.400795 -0.504304 0.485867 
-0.656096 -0.23481 0.484703 
0.400795 -0.504304 0.485867 
-0.656093 -0.234808 0.484701 
0.400795 -0.504304 0.485867 
-0.656098 -0.23481 0.484706 
0.400795 -0.504304 0.485867 
-0.656143 -0.234845 0.484737 
0.400795 -0.504304 0.485867 
-0.656139 -0.234846 0.484731 
0.400795 -0.504304 0.485867 
-0.656136 -0.234843 0.484731 
0.400795 -0.504304 0.485867 
-0.656126 -0.234842 0.48472 
0.400795 -0.504304 0.485867 
-0.656078 -0.234803 0.48469 
0.400795 -0.504304 0.485867 
-0.656121 -0.234835 0.48472 
0.400795 -0.504304 0.485867 
-0.654799 -0.233628 0.484357 
0.400795 -0.504304 0.485867 
-0.653518 -0.232404 0.484 
0.400795 -0.504304 0.485867 
-0.652204 -0.231085 0.483569 
0.400795 -0.504304 0.485867 
-0.650876 -0.229684 0.483036 
0.400795 -0.504304 0.485867 
-0.649568 -0.228206 0.482481 
0.400795 -0.504304 0.485867 
-0.64822 -0.226632 0.481829 
0.400795 -0.504304 0.485867 
-0.646859 -0.224999 0.4811 
0.400795 -0.504304 0.485867 
-0.645496 -0.22325 0.480249 
0.400795 -0.504304 0.485867 
-0.644165 -0.221423 0.479303 
0.400795 -0.504304 0.485867 
-0.642788 -0.219455 0.47824 
0.400795 -0.504304 0.485867 
-0.641445 -0.217453 0.477152 
0.400795 -0.504304 0.485867 
-0.640063 -0.215327 0.475952 
0.400795 -0.504304 0.485867 
-0.638798 -0.213163 0.474713 
0.400795 -0.504304 0.485867 
-0.637456 -0.210831 0.473262 
0.400795 -0.504304 0.485867 
-0.636157 -0.208491 0.47176 
0.400795 -0.504304 0.485867 
-0.634929 -0.206161 0.470248 
0.400795 -0.504304 0.485867 
-0.633691 -0.203721 0.468573 
0.400795 -0.504304 0.485867 
-0.632576 -0.20133 0.466939 
0.400795 -0.504304 0.485867 
-0.631456 -0.198938 0.465217 
0.400795 -0.504304 0.485867 
-0.630329 -0.196555 0.463459 
0.400795 -0.504304 0.485867 
-0.629292 -0.194261 0.461751 
0.400795 -0.504304 0.485867 
-0.628248 -0.191987 0.459996 
0.400795 -0.504304 0.485867 
-0.627259 -0.189717 0.458258 
0.400795 -0.504304 0.485867 
-0.626257 -0.187454 0.456453 
0.400795 -0.504304 0.485867 
-0.625272 -0.185241 0.454668 
0.400795 -0.504304 0.485867 
-0.62488 -0.183602 0.453061 
0.400795 -0.504304 0.485867 
-0.625073 -0.182583 0.451701 
0.400795 -0.504304 0.485867 
-0.625348 -0.18164 0.450525 
0.400795 -0.504304 0.485867 
-0.625616 -0.180875 0.44948 
0.400795 -0.504304 0.485867 
-0.625797 -0.180258 0.4485 
0.400795 -0.504304 0.485867 
-0.626057 -0.179889 0.447775 
0.400795 -0.504304 0.485867 
-0.626308 -0.179653 0.447213 
0.400795 -0.504304 0.485867 
-0.626502 -0.179545 0.446706 
0.400795 -0.504304 0.485867 
-0.62668 -0.179715 0.446493 
0.400795 -0.504304 0.485867 
-0.62684 -0.180129 0.446488 
0.400795 -0.504304 0.485867 
-0.626965 -0.180628 0.446502 
0.400795 -0.504304 0.485867 
-0.627109 -0.181327 0.446656 
0.400795 -0.504304 0.485867 
-0.6273 -0.182204 0.446973 
0.400795 -0.504304 0.485867 
-0.627431 -0.183393 0.447527 
0.400795 -0.504304 0.485867 
-0.62754 -0.18469 0.44818 
0.400795 -0.504304 0.485867 
-0.627711 -0.186215 0.449028 
0.400795 -0.504304 0.485867 
-0.627731 -0.187795 0.449757 
0.400795 -0.504304 0.485867 
-0.627764 -0.189671 0.450689 
0.400795 -0.504304 0.485867 
-0.627741 -0.191668 0.451633 
0.400795 -0.504304 0.485867 
-0.627728 -0.193833 0.452598 
0.400795 -0.504304 0.485867 
-0.627668 -0.196048 0.453527 
0.400795 -0.504304 0.485867 
-0.627641 -0.198368 0.454455 
0.400795 -0.504304 0.485867 
-0.62753 -0.200793 0.455303 
0.400795 -0.504304 0.485867 
