-0.614363 -0.2486 0.381195 
0.400795 -0.504304 0.485867 
-0.614364 -0.248601 0.381194 
0.400795 -0.504304 0.485867 
-0.614443 -0.248809 0.380531 
0.400795 -0.504304 0.485867 
-0.614053 -0.249245 0.380369 
0.400795 -0.504304 0.485867 
-0.613839 -0.24924 0.380494 
0.400795 -0.504304 0.485867 
-0.613441 -0.249324 0.380775 
0.400795 -0.504304 0.485867 
-0.61309 -0.250491 0.380813 
0.400795 -0.504304 0.485867 
-0.612614 -0.251855 0.380545 
0.400795 -0.504304 0.485867 
-0.612042 -0.252607 0.380263 
0.400795 -0.504304 0.485867 
-0.610874 -0.252922 0.37983 
0.400795 -0.504304 0.485867 
-0.609459 -0.253062 0.379569 
0.400795 -0.504304 0.485867 
-0.60814 -0.25336 0.379838 
0.400795 -0.504304 0.485867 
-0.60719 -0.25322 0.379935 
0.400795 -0.504304 0.485867 
-0.606429 -0.253347 0.379563 
0.400795 -0.504304 0.485867 
-0.605786 -0.253527 0.379357 
0.400795 -0.504304 0.485867 
-0.605372 -0.253633 0.37906 
0.400795 -0.504304 0.485867 
-0.604849 -0.25382 0.379481 
0.400795 -0.504304 0.485867 
-0.604289 -0.253927 0.379147 
0.400795 -0.504304 0.485867 
-0.603981 -0.253934 0.378908 
0.400795 -0.504304 0.485867 
-0.603869 -0.253665 0.378742 
0.400795 -0.504304 0.485867 
-0.603523 -0.253652 0.378928 
0.400795 -0.504304 0.485867 
-0.603222 -0.253832 0.378752 
0.400795 -0.504304 0.485867 
-0.602898 -0.253704 0.378887 
0.400795 -0.504304 0.485867 
-0.602751 -0.2536 0.378439 
0.400795 -0.504304 0.485867 
-0.602538 -0.254068 0.378376 
0.400795 -0.504304 0.485867 
-0.602396 -0.253944 0.377997 
0.400795 -0.504304 0.485867 
-0.602201 -0.254001 0.378204 
0.400795 -0.504304 0.485867 
-0.602101 -0.25396 0.37808 
0.400795 -0.504304 0.485867 
-0.601276 -0.254118 0.378318 
0.400795 -0.504304 0.485867 
-0.600659 -0.254327 0.378446 
0.400795 -0.504304 0.485867 
-0.600163 -0.254559 0.37787 
0.400795 -0.504304 0.485867 
-0.599825 -0.254497 0.377636 
0.400795 -0.504304 0.485867 
-0.599344 -0.254444 0.37798 
0.400795 -0.504304 0.485867 
-0.598779 -0.254219 0.377847 
0.400795 -0.504304 0.485867 
-0.598379 -0.253976 0.377997 
0.400795 -0.504304 0.485867 
-0.598197 -0.254209 0.377928 
0.400795 -0.504304 0.485867 
-0.598276 -0.254143 0.377966 
0.400795 -0.504304 0.485867 
-0.598216 -0.254442 0.37753 
0.400795 -0.504304 0.485867 
-0.598258 -0.254554 0.377463 
0.400795 -0.504304 0.485867 
-0.598251 -0.25456 0.377265 
0.400795 -0.504304 0.485867 
-0.598168 -0.254646 0.377438 
0.400795 -0.504304 0.485867 
-0.598247 -0.254401 0.377169 
0.400795 -0.504304 0.485867 
-0.598138 -0.254512 0.377283 
0.400795 -0.504304 0.485867 
-0.598276 -0.254141 0.377152 
0.400795 -0.504304 0.485867 
-0.598338 -0.254238 0.377119 
0.400795 -0.504304 0.485867 
-0.598309 -0.254145 0.377183 
0.400795 -0.504304 0.485867 
-0.598291 -0.254259 0.377123 
0.400795 -0.504304 0.485867 
-0.598249 -0.254293 0.377254 
0.400795 -0.504304 0.485867 
-0.598201 -0.254292 0.377179 
0.400795 -0.504304 0.485867 
-0.598241 -0.254192 0.377097 
0.400795 -0.504304 0.485867 
-0.59817 -0.254227 0.377542 
0.400795 -0.504304 0.485867 
-0.598128 -0.254339 0.377383 
0.400795 -0.504304 0.485867 
-0.598179 -0.254239 0.377491 
0.400795 -0.504304 0.485867 
-0.598219 -0.254339 0.377377 
0.400795 -0.504304 0.485867 
-0.598169 -0.254226 0.377443 
0.400795 -0.504304 0.485867 
-0.598212 -0.254531 0.377596 
0.400795 -0.504304 0.485867 
-0.598229 -0.254349 0.377665 
0.400795 -0.504304 0.485867 
-0.598229 -0.254593 0.37761 
0.400795 -0.504304 0.485867 
-0.598297 -0.254488 0.377652 
0.400795 -0.504304 0.485867 
-0.598314 -0.254656 0.377665 
0.400795 -0.504304 0.485867 
-0.598332 -0.254553 0.377372 
0.400795 -0.504304 0.485867 
-0.598219 -0.254923 0.378001 
0.400795 -0.504304 0.485867 
-0.598159 -0.254553 0.377987 
0.400795 -0.504304 0.485867 
-0.598308 -0.2545 0.377733 
0.400795 -0.504304 0.485867 
-0.598299 -0.254714 0.377704 
0.400795 -0.504304 0.485867 
-0.598272 -0.254665 0.377594 
0.400795 -0.504304 0.485867 
-0.598301 -0.254733 0.377778 
0.400795 -0.504304 0.485867 
-0.598302 -0.254712 0.377508 
0.400795 -0.504304 0.485867 
-0.598209 -0.254749 0.377722 
0.400795 -0.504304 0.485867 
-0.598299 -0.254812 0.377749 
0.400795 -0.504304 0.485867 
-0.598261 -0.25473 0.377794 
0.400795 -0.504304 0.485867 
-0.598228 -0.254831 0.377678 
0.400795 -0.504304 0.485867 
-0.598288 -0.254528 0.377859 
0.400795 -0.504304 0.485867 
-0.598263 -0.254539 0.377953 
0.400795 -0.504304 0.485867 
-0.598311 -0.254381 0.377537 
0.400795 -0.504304 0.485867 
-0.598358 -0.254484 0.377513 
0.400795 -0.504304 0.485867 
-0.598336 -0.254567 0.37761 
0.400795 -0.504304 0.485867 
-0.598262 -0.254468 0.377868 
0.400795 -0.504304 0.485867 
-0.598318 -0.254368 0.377715 
0.400795 -0.504304 0.485867 
-0.598369 -0.25467 0.377603 
0.400795 -0.504304 0.485867 
-0.598378 -0.254375 0.377574 
0.400795 -0.504304 0.485867 
-0.59827 -0.2544 0.377716 
0.400795 -0.504304 0.485867 
-0.598266 -0.254348 0.377668 
0.400795 -0.504304 0.485867 
-0.598304 -0.254254 0.377542 
0.400795 -0.504304 0.485867 
-0.598205 -0.254363 0.377384 
0.400795 -0.504304 0.485867 
-0.598242 -0.254131 0.377457 
0.400795 -0.504304 0.485867 
-0.598142 -0.254492 0.377654 
0.400795 -0.504304 0.485867 
-0.598221 -0.254387 0.377446 
0.400795 -0.504304 0.485867 
-0.598134 -0.254438 0.377634 
0.400795 -0.504304 0.485867 
-0.598163 -0.254331 0.3775 
0.400795 -0.504304 0.485867 
-0.598211 -0.254437 0.377709 
0.400795 -0.504304 0.485867 
-0.598213 -0.254458 0.377403 
0.400795 -0.504304 0.485867 
-0.598149 -0.254331 0.377463 
0.400795 -0.504304 0.485867 
-0.598155 -0.254278 0.377597 
0.400795 -0.504304 0.485867 
-0.598241 -0.254263 0.377443 
0.400795 -0.504304 0.485867 
-0.598189 -0.254082 0.377632 
0.400795 -0.504304 0.485867 
-0.598186 -0.254178 0.377444 
0.400795 -0.504304 0.485867 
-0.598209 -0.25423 0.377491 
0.400795 -0.504304 0.485867 
-0.598169 -0.254246 0.377603 
0.400795 -0.504304 0.485867 
-0.598238 -0.254151 0.377475 
0.400795 -0.504304 0.485867 
-0.598226 -0.254371 0.377423 
0.400795 -0.504304 0.485867 
-0.598194 -0.254316 0.377672 
0.400795 -0.504304 0.485867 
-0.598226 -0.254305 0.377581 
0.400795 -0.504304 0.485867 
-0.598188 -0.254578 0.377809 
0.400795 -0.504304 0.485867 
-0.598235 -0.25427 0.377779 
0.400795 -0.504304 0.485867 
-0.598153 -0.254262 0.377852 
0.400795 -0.504304 0.485867 
-0.598155 -0.254371 0.377927 
0.400795 -0.504304 0.485867 
-0.598305 -0.254446 0.37764 
0.400795 -0.504304 0.485867 
-0.598313 -0.254316 0.377665 
0.400795 -0.504304 0.485867 
-0.598255 -0.254451 0.377751 
0.400795 -0.504304 0.485867 
-0.598153 -0.254179 0.377697 
0.400795 -0.504304 0.485867 
-0.59826 -0.253993 0.377784 
0.400795 -0.504304 0.485867 
-0.598224 -0.254423 0.37799 
0.400795 -0.504304 0.485867 
-0.598165 -0.254489 0.378031 
0.400795 -0.504304 0.485867 
-0.59818 -0.254603 0.378224 
0.400795 -0.504304 0.485867 
-0.598247 -0.254471 0.377822 
0.400795 -0.504304 0.485867 
-0.598222 -0.254448 0.378167 
0.400795 -0.504304 0.485867 
-0.598281 -0.254407 0.377779 
0.400795 -0.504304 0.485867 
-0.597578 -0.253246 0.376962 
0.400795 -0.504304 0.485867 
-0.597262 -0.252022 0.375373 
0.400795 -0.504304 0.485867 
-0.596779 -0.250654 0.374105 
0.400795 -0.504304 0.485867 
-0.596401 -0.249242 0.372659 
0.400795 -0.504304 0.485867 
-0.59591 -0.247893 0.371268 
0.400795 -0.504304 0.485867 
-0.595586 -0.246381 0.370027 
0.400795 -0.504304 0.485867 
-0.595342 -0.244681 0.36848 
0.400795 -0.504304 0.485867 
-0.59514 -0.242979 0.366897 
0.400795 -0.504304 0.485867 
-0.595093 -0.241247 0.365242 
0.400795 -0.504304 0.485867 
-0.595059 -0.239251 0.363426 
0.400795 -0.504304 0.485867 
-0.595117 -0.237084 0.361723 
0.400795 -0.504304 0.485867 
-0.595242 -0.235162 0.35988 
0.400795 -0.504304 0.485867 
-0.595259 -0.233192 0.358334 
0.400795 -0.504304 0.485867 
-0.595536 -0.231054 0.356352 
0.400795 -0.504304 0.485867 
-0.595809 -0.228735 0.354622 
0.400795 -0.504304 0.485867 
-0.596296 -0.226163 0.352533 
0.400795 -0.504304 0.485867 
-0.59704 -0.223842 0.350221 
0.400795 -0.504304 0.485867 
-0.597596 -0.221569 0.348367 
0.400795 -0.504304 0.485867 
-0.598001 -0.219283 0.346774 
0.400795 -0.504304 0.485867 
-0.598647 -0.217088 0.34488 
0.400795 -0.504304 0.485867 
-0.599405 -0.21452 0.342949 
0.400795 -0.504304 0.485867 
-0.600163 -0.212514 0.340815 
0.400795 -0.504304 0.485867 
-0.600883 -0.210359 0.339016 
0.400795 -0.504304 0.485867 
-0.601602 -0.208106 0.337231 
0.400795 -0.504304 0.485867 
-0.602396 -0.206354 0.335212 
0.400795 -0.504304 0.485867 
-0.603472 -0.20458 0.333909 
0.400795 -0.504304 0.485867 
-0.60446 -0.203817 0.333202 
0.400795 -0.504304 0.485867 
-0.605794 -0.202434 0.332478 
0.400795 -0.504304 0.485867 
-0.606688 -0.201536 0.3323 
0.400795 -0.504304 0.485867 
-0.607506 -0.201147 0.331689 
0.400795 -0.504304 0.485867 
-0.608098 -0.201156 0.331364 
0.400795 -0.504304 0.485867 
-0.608901 -0.201304 0.330893 
0.400795 -0.504304 0.485867 
-0.609365 -0.200735 0.330863 
0.400795 -0.504304 0.485867 
-0.609557 -0.200741 0.3311 
0.400795 -0.504304 0.485867 
-0.609952 -0.201137 0.330773 
0.400795 -0.504304 0.485867 
-0.610059 -0.201504 0.33089 
0.400795 -0.504304 0.485867 
-0.610037 -0.202279 0.331 
0.400795 -0.504304 0.485867 
-0.609688 -0.203151 0.331702 
0.400795 -0.504304 0.485867 
-0.609193 -0.204397 0.332271 
0.400795 -0.504304 0.485867 
-0.608659 -0.205826 0.332857 
0.400795 -0.504304 0.485867 
-0.608408 -0.207276 0.333099 
0.400795 -0.504304 0.485867 
-0.607789 -0.208764 0.333632 
0.400795 -0.504304 0.485867 
-0.607216 -0.210482 0.334034 
0.400795 -0.504304 0.485867 
-0.606318 -0.21244 0.334796 
0.400795 -0.504304 0.485867 
-0.605341 -0.214627 0.335611 
0.400795 -0.504304 0.485867 
-0.604569 -0.216917 0.336004 
0.400795 -0.504304 0.485867 
-0.603843 -0.219355 0.336502 
0.400795 -0.504304 0.485867 
-0.603113 -0.221339 0.337054 
0.400795 -0.504304 0.485867 
-0.602045 -0.223822 0.337768 
0.400795 -0.504304 0.485867 
-0.601468 -0.22621 0.337952 
0.400795 -0.504304 0.485867 
-0.600745 -0.228895 0.338282 
0.400795 -0.504304 0.485867 
-0.599961 -0.23173 0.33861 
0.400795 -0.504304 0.485867 
-0.599323 -0.23376 0.33882 
0.400795 -0.504304 0.485867 
-0.598662 -0.236725 0.339143 
0.400795 -0.504304 0.485867 
-0.59821 -0.239122 0.339318 
0.400795 -0.504304 0.485867 
-0.59752 -0.241734 0.339806 
0.400795 -0.504304 0.485867 
-0.597206 -0.243889 0.339731 
0.400795 -0.504304 0.485867 
-0.596828 -0.246341 0.339752 
0.400795 -0.504304 0.485867 
-0.596468 -0.248531 0.339901 
0.400795 -0.504304 0.485867 
-0.59634 -0.250776 0.339699 
0.400795 -0.504304 0.485867 
-0.596058 -0.253 0.339847 
0.400795 -0.504304 0.485867 
-0.595967 -0.254666 0.339658 
0.400795 -0.504304 0.485867 
-0.595804 -0.25666 0.339661 
0.400795 -0.504304 0.485867 
-0.597161 -0.258452 0.339593 
0.400795 -0.504304 0.485867 
-0.596906 -0.260128 0.339437 
0.400795 -0.504304 0.485867 
-0.596728 -0.261652 0.339546 
0.400795 -0.504304 0.485867 
-0.596834 -0.262982 0.339275 
0.400795 -0.504304 0.485867 
-0.597183 -0.263757 0.338559 
0.400795 -0.504304 0.485867 
-0.597141 -0.265194 0.338171 
0.400795 -0.504304 0.485867 
-0.597214 -0.265828 0.337933 
0.400795 -0.504304 0.485867 
-0.596961 -0.267286 0.338177 
0.400795 -0.504304 0.485867 
-0.597193 -0.267706 0.337602 
0.400795 -0.504304 0.485867 
-0.597512 -0.269062 0.33711 
0.400795 -0.504304 0.485867 
-0.59774 -0.270033 0.336817 
0.400795 -0.504304 0.485867 
-0.597709 -0.269655 0.336625 
0.400795 -0.504304 0.485867 
