-0.637509 -0.240458 0.372336 
0.381694 -0.483224 0.439892 
-0.637509 -0.240458 0.372336 
0.38112 -0.486652 0.441376 
-0.637957 -0.242178 0.373206 
0.381765 -0.488346 0.442396 
-0.637603 -0.242262 0.373547 
0.381813 -0.488416 0.443909 
-0.637548 -0.243132 0.373458 
0.381956 -0.488548 0.445598 
-0.637091 -0.24265 0.373327 
0.382037 -0.488602 0.446128 
-0.635265 -0.241974 0.373973 
0.382449 -0.490015 0.445229 
-0.63203 -0.240583 0.375007 
0.382834 -0.49153 0.445113 
-0.627764 -0.239009 0.376496 
0.383404 -0.492862 0.444425 
-0.624161 -0.237873 0.37754 
0.383788 -0.493748 0.44288 
-0.622017 -0.236575 0.378133 
0.384029 -0.494882 0.443298 
-0.619997 -0.235787 0.3787 
0.384231 -0.495323 0.44448 
-0.618163 -0.23499 0.37933 
0.384587 -0.496293 0.445455 
-0.616512 -0.234557 0.37987 
0.384372 -0.49654 0.444484 
-0.614805 -0.234016 0.380257 
0.384211 -0.497082 0.443947 
-0.612034 -0.23314 0.380966 
0.384158 -0.49855 0.443332 
-0.609464 -0.231776 0.381721 
0.384025 -0.498946 0.442517 
-0.606812 -0.230565 0.38249 
0.383953 -0.499562 0.441134 
-0.604214 -0.229206 0.382805 
0.383854 -0.500876 0.439658 
-0.602838 -0.228628 0.382859 
0.383324 -0.500852 0.439621 
-0.602254 -0.228171 0.382971 
0.382679 -0.500621 0.440315 
-0.602593 -0.227928 0.382423 
0.381947 -0.501406 0.442504 
-0.45805 -0.16486 0.48415 
0.382316 -0.501086 0.441645 
-0.472939 -0.169809 0.473844 
0.373111 -0.494426 0.420663 
-0.472939 -0.169809 0.473844 
0.372557 -0.493622 0.418722 
-0.472939 -0.169809 0.473844 
0.373324 -0.493059 0.420327 
-0.472939 -0.169809 0.473844 
0.375834 -0.493228 0.424219 
-0.472939 -0.169809 0.473844 
0.379377 -0.492765 0.42877 
-0.472939 -0.169809 0.473844 
0.383633 -0.494033 0.43391 
-0.472939 -0.169809 0.473844 
0.387711 -0.493274 0.437279 
-0.472939 -0.169809 0.473844 
0.392132 -0.49364 0.440755 
-0.472939 -0.169809 0.473844 
0.396644 -0.493431 0.443668 
-0.472939 -0.169809 0.473844 
0.401057 -0.49328 0.446077 
-0.472939 -0.169809 0.473844 
0.406328 -0.49262 0.450143 
-0.472939 -0.169809 0.473844 
0.411866 -0.492197 0.453773 
-0.472939 -0.169809 0.473844 
0.416466 -0.491554 0.455111 
-0.472939 -0.169809 0.473844 
0.421519 -0.491494 0.458812 
-0.472939 -0.169809 0.473844 
0.425384 -0.491691 0.459901 
-0.472939 -0.169809 0.473844 
0.427616 -0.491336 0.460034 
-0.472939 -0.169809 0.473844 
0.429402 -0.492039 0.461368 
-0.472939 -0.169809 0.473844 
0.429025 -0.492263 0.460347 
-0.472939 -0.169809 0.473844 
0.427819 -0.492677 0.457708 
