-0.614928 -0.249079 0.381495 
0.400795 -0.504304 0.485867 
-0.614929 -0.24908 0.381495 
0.400795 -0.504304 0.485867 
-0.614481 -0.24935 0.380362 
0.400795 -0.504304 0.485867 
-0.614526 -0.249874 0.380042 
0.400795 -0.504304 0.485867 
-0.614513 -0.249848 0.380167 
0.400795 -0.504304 0.485867 
-0.614099 -0.24984 0.380786 
0.400795 -0.504304 0.485867 
-0.613684 -0.251085 0.380764 
0.400795 -0.504304 0.485867 
-0.613344 -0.252649 0.380471 
0.400795 -0.504304 0.485867 
-0.612711 -0.253178 0.380271 
0.400795 -0.504304 0.485867 
-0.611417 -0.253647 0.380059 
0.400795 -0.504304 0.485867 
-0.610056 -0.25385 0.380332 
0.400795 -0.504304 0.485867 
-0.608802 -0.253867 0.380209 
0.400795 -0.504304 0.485867 
-0.60794 -0.253864 0.380038 
0.400795 -0.504304 0.485867 
-0.607147 -0.253803 0.379596 
0.400795 -0.504304 0.485867 
-0.606468 -0.253788 0.379472 
0.400795 -0.504304 0.485867 
-0.605939 -0.254095 0.379394 
0.400795 -0.504304 0.485867 
-0.605452 -0.254354 0.379211 
0.400795 -0.504304 0.485867 
-0.6051 -0.254376 0.379025 
0.400795 -0.504304 0.485867 
-0.604763 -0.254428 0.378957 
0.400795 -0.504304 0.485867 
-0.604572 -0.254356 0.37892 
0.400795 -0.504304 0.485867 
-0.603988 -0.254799 0.378859 
0.400795 -0.504304 0.485867 
-0.603806 -0.254667 0.3787 
0.400795 -0.504304 0.485867 
-0.603677 -0.254434 0.378998 
0.400795 -0.504304 0.485867 
-0.603465 -0.254398 0.37885 
0.400795 -0.504304 0.485867 
-0.603054 -0.254725 0.378929 
0.400795 -0.504304 0.485867 
-0.602973 -0.25465 0.378276 
0.400795 -0.504304 0.485867 
-0.602763 -0.254585 0.378163 
0.400795 -0.504304 0.485867 
-0.602742 -0.254591 0.378338 
0.400795 -0.504304 0.485867 
-0.601954 -0.254732 0.377998 
0.400795 -0.504304 0.485867 
-0.60121 -0.255083 0.378368 
0.400795 -0.504304 0.485867 
-0.60069 -0.255267 0.378314 
0.400795 -0.504304 0.485867 
-0.600191 -0.25537 0.378422 
0.400795 -0.504304 0.485867 
-0.599713 -0.255053 0.378536 
0.400795 -0.504304 0.485867 
-0.599381 -0.254819 0.377966 
0.400795 -0.504304 0.485867 
-0.59917 -0.254947 0.378014 
0.400795 -0.504304 0.485867 
-0.599113 -0.255127 0.37751 
0.400795 -0.504304 0.485867 
-0.598999 -0.255275 0.377291 
0.400795 -0.504304 0.485867 
-0.598901 -0.255133 0.377736 
0.400795 -0.504304 0.485867 
-0.598924 -0.25521 0.377512 
0.400795 -0.504304 0.485867 
-0.598882 -0.255345 0.377569 
0.400795 -0.504304 0.485867 
-0.59877 -0.255184 0.377605 
0.400795 -0.504304 0.485867 
-0.598824 -0.254904 0.377595 
0.400795 -0.504304 0.485867 
-0.598951 -0.255049 0.377465 
0.400795 -0.504304 0.485867 
-0.598815 -0.255063 0.377486 
0.400795 -0.504304 0.485867 
-0.598869 -0.255196 0.377747 
0.400795 -0.504304 0.485867 
-0.598917 -0.254913 0.377725 
0.400795 -0.504304 0.485867 
-0.598808 -0.254941 0.377903 
0.400795 -0.504304 0.485867 
-0.59887 -0.255181 0.377725 
0.400795 -0.504304 0.485867 
-0.598883 -0.255242 0.377455 
0.400795 -0.504304 0.485867 
-0.598895 -0.255302 0.377284 
0.400795 -0.504304 0.485867 
-0.598737 -0.25509 0.377648 
0.400795 -0.504304 0.485867 
-0.598658 -0.255064 0.377772 
0.400795 -0.504304 0.485867 
-0.598728 -0.254947 0.377671 
0.400795 -0.504304 0.485867 
-0.598725 -0.255036 0.377898 
0.400795 -0.504304 0.485867 
-0.598803 -0.254997 0.377719 
0.400795 -0.504304 0.485867 
-0.598705 -0.255031 0.378172 
0.400795 -0.504304 0.485867 
-0.598761 -0.254912 0.377955 
0.400795 -0.504304 0.485867 
-0.598784 -0.255314 0.378177 
0.400795 -0.504304 0.485867 
-0.598763 -0.255451 0.378313 
0.400795 -0.504304 0.485867 
-0.598778 -0.255125 0.378311 
0.400795 -0.504304 0.485867 
-0.598972 -0.25511 0.377959 
0.400795 -0.504304 0.485867 
-0.59894 -0.255344 0.378184 
0.400795 -0.504304 0.485867 
-0.599021 -0.255228 0.377942 
0.400795 -0.504304 0.485867 
-0.598933 -0.255378 0.378105 
0.400795 -0.504304 0.485867 
-0.599004 -0.255232 0.378022 
0.400795 -0.504304 0.485867 
-0.598917 -0.255344 0.378059 
0.400795 -0.504304 0.485867 
-0.59904 -0.25522 0.377769 
0.400795 -0.504304 0.485867 
-0.598889 -0.25531 0.378043 
0.400795 -0.504304 0.485867 
-0.598947 -0.25518 0.377903 
0.400795 -0.504304 0.485867 
-0.598826 -0.255243 0.378139 
0.400795 -0.504304 0.485867 
-0.598902 -0.25526 0.37798 
0.400795 -0.504304 0.485867 
-0.598923 -0.25525 0.377973 
0.400795 -0.504304 0.485867 
-0.598991 -0.25527 0.377778 
0.400795 -0.504304 0.485867 
-0.598929 -0.255307 0.378112 
0.400795 -0.504304 0.485867 
-0.598964 -0.255151 0.378192 
0.400795 -0.504304 0.485867 
-0.598921 -0.255314 0.37803 
0.400795 -0.504304 0.485867 
-0.598958 -0.255229 0.37779 
0.400795 -0.504304 0.485867 
-0.598916 -0.255225 0.378103 
0.400795 -0.504304 0.485867 
-0.599069 -0.255156 0.377815 
0.400795 -0.504304 0.485867 
-0.598842 -0.255322 0.378357 
0.400795 -0.504304 0.485867 
-0.598764 -0.255318 0.378419 
0.400795 -0.504304 0.485867 
-0.598894 -0.254968 0.378021 
0.400795 -0.504304 0.485867 
-0.599021 -0.254879 0.377867 
0.400795 -0.504304 0.485867 
-0.598878 -0.255102 0.37795 
0.400795 -0.504304 0.485867 
-0.598909 -0.25496 0.377545 
0.400795 -0.504304 0.485867 
-0.59888 -0.25506 0.377515 
0.400795 -0.504304 0.485867 
-0.598919 -0.255007 0.3777 
0.400795 -0.504304 0.485867 
-0.59888 -0.254981 0.377667 
0.400795 -0.504304 0.485867 
-0.598725 -0.254966 0.377756 
0.400795 -0.504304 0.485867 
-0.598883 -0.255039 0.377579 
0.400795 -0.504304 0.485867 
-0.598802 -0.255018 0.377904 
0.400795 -0.504304 0.485867 
-0.598797 -0.255258 0.377762 
0.400795 -0.504304 0.485867 
-0.59875 -0.255153 0.377824 
0.400795 -0.504304 0.485867 
-0.598758 -0.255228 0.3779 
0.400795 -0.504304 0.485867 
-0.598788 -0.254959 0.377742 
0.400795 -0.504304 0.485867 
-0.598759 -0.255089 0.377897 
0.400795 -0.504304 0.485867 
-0.598818 -0.254922 0.378005 
0.400795 -0.504304 0.485867 
-0.598628 -0.254964 0.378199 
0.400795 -0.504304 0.485867 
-0.598669 -0.255065 0.377966 
0.400795 -0.504304 0.485867 
-0.598837 -0.255051 0.377886 
0.400795 -0.504304 0.485867 
-0.598768 -0.255057 0.378021 
0.400795 -0.504304 0.485867 
-0.59882 -0.255216 0.377882 
0.400795 -0.504304 0.485867 
-0.598774 -0.255259 0.377973 
0.400795 -0.504304 0.485867 
-0.598861 -0.255052 0.377952 
0.400795 -0.504304 0.485867 
-0.598816 -0.255029 0.378099 
0.400795 -0.504304 0.485867 
-0.598828 -0.254903 0.377789 
0.400795 -0.504304 0.485867 
-0.598779 -0.255231 0.378275 
0.400795 -0.504304 0.485867 
-0.598843 -0.255355 0.378031 
0.400795 -0.504304 0.485867 
-0.598895 -0.255181 0.377905 
0.400795 -0.504304 0.485867 
-0.598837 -0.255189 0.378007 
0.400795 -0.504304 0.485867 
-0.598981 -0.255253 0.377817 
0.400795 -0.504304 0.485867 
-0.598873 -0.255346 0.377998 
0.400795 -0.504304 0.485867 
-0.59898 -0.255167 0.377926 
0.400795 -0.504304 0.485867 
-0.598878 -0.255295 0.37797 
0.400795 -0.504304 0.485867 
-0.598909 -0.255122 0.378033 
0.400795 -0.504304 0.485867 
-0.598867 -0.255432 0.378002 
0.400795 -0.504304 0.485867 
-0.598792 -0.255397 0.378215 
0.400795 -0.504304 0.485867 
-0.598864 -0.255152 0.378108 
0.400795 -0.504304 0.485867 
-0.598342 -0.253894 0.376871 
0.400795 -0.504304 0.485867 
-0.597864 -0.252759 0.375591 
0.400795 -0.504304 0.485867 
-0.597412 -0.25138 0.374215 
0.400795 -0.504304 0.485867 
-0.596929 -0.249934 0.373058 
0.400795 -0.504304 0.485867 
-0.596579 -0.248566 0.371606 
0.400795 -0.504304 0.485867 
-0.596122 -0.24699 0.370317 
0.400795 -0.504304 0.485867 
-0.595825 -0.245517 0.368893 
0.400795 -0.504304 0.485867 
-0.595719 -0.243899 0.367052 
0.400795 -0.504304 0.485867 
-0.595634 -0.241993 0.365383 
0.400795 -0.504304 0.485867 
-0.595531 -0.240016 0.363828 
0.400795 -0.504304 0.485867 
-0.595545 -0.238003 0.36213 
0.400795 -0.504304 0.485867 
-0.595592 -0.235994 0.360278 
0.400795 -0.504304 0.485867 
-0.595885 -0.233648 0.358383 
0.400795 -0.504304 0.485867 
-0.595988 -0.23181 0.356569 
0.400795 -0.504304 0.485867 
-0.596251 -0.229531 0.35488 
0.400795 -0.504304 0.485867 
-0.596815 -0.227034 0.352709 
0.400795 -0.504304 0.485867 
-0.597192 -0.224577 0.350821 
0.400795 -0.504304 0.485867 
-0.597726 -0.222349 0.348969 
0.400795 -0.504304 0.485867 
-0.598378 -0.220067 0.346925 
0.400795 -0.504304 0.485867 
-0.599043 -0.217787 0.344897 
0.400795 -0.504304 0.485867 
-0.599653 -0.215338 0.343322 
0.400795 -0.504304 0.485867 
-0.600437 -0.213147 0.341204 
0.400795 -0.504304 0.485867 
-0.601063 -0.211053 0.339475 
0.400795 -0.504304 0.485867 
-0.602004 -0.208949 0.337212 
0.400795 -0.504304 0.485867 
-0.60268 -0.206614 0.33531 
0.400795 -0.504304 0.485867 
-0.603555 -0.2052 0.334263 
0.400795 -0.504304 0.485867 
-0.604664 -0.204092 0.333605 
0.400795 -0.504304 0.485867 
-0.605813 -0.203227 0.332998 
0.400795 -0.504304 0.485867 
-0.606815 -0.202392 0.332486 
0.400795 -0.504304 0.485867 
-0.607692 -0.202035 0.331911 
0.400795 -0.504304 0.485867 
-0.608497 -0.20173 0.331605 
0.400795 -0.504304 0.485867 
-0.609244 -0.201213 0.331385 
0.400795 -0.504304 0.485867 
-0.609702 -0.201144 0.331318 
0.400795 -0.504304 0.485867 
-0.609909 -0.20143 0.33117 
0.400795 -0.504304 0.485867 
-0.61006 -0.202242 0.33098 
0.400795 -0.504304 0.485867 
-0.609955 -0.202706 0.331375 
0.400795 -0.504304 0.485867 
-0.609867 -0.203557 0.331659 
0.400795 -0.504304 0.485867 
-0.609848 -0.204029 0.331958 
0.400795 -0.504304 0.485867 
-0.609585 -0.20501 0.332354 
0.400795 -0.504304 0.485867 
-0.609193 -0.206362 0.332734 
0.400795 -0.504304 0.485867 
-0.608506 -0.207986 0.333472 
0.400795 -0.504304 0.485867 
-0.607883 -0.209385 0.334055 
0.400795 -0.504304 0.485867 
-0.607309 -0.211276 0.334519 
0.400795 -0.504304 0.485867 
-0.606665 -0.213192 0.334918 
0.400795 -0.504304 0.485867 
-0.605914 -0.215185 0.335531 
0.400795 -0.504304 0.485867 
-0.604975 -0.217675 0.336206 
0.400795 -0.504304 0.485867 
-0.604326 -0.219915 0.336487 
0.400795 -0.504304 0.485867 
-0.60326 -0.222369 0.337365 
0.400795 -0.504304 0.485867 
-0.602386 -0.224792 0.337887 
0.400795 -0.504304 0.485867 
-0.601754 -0.227098 0.338262 
0.400795 -0.504304 0.485867 
-0.601099 -0.229828 0.338366 
0.400795 -0.504304 0.485867 
-0.600264 -0.232411 0.338864 
0.400795 -0.504304 0.485867 
-0.599825 -0.23489 0.33893 
0.400795 -0.504304 0.485867 
