-0.597268 -0.255126 0.407261 
0.386771 -0.491547 0.441302 
-0.597268 -0.255126 0.407261 
0.38677 -0.491547 0.441302 
-0.597268 -0.255126 0.407261 
0.386184 -0.49348 0.443813 
-0.597268 -0.255126 0.407261 
0.386946 -0.493429 0.446509 
-0.597268 -0.255126 0.407261 
0.388016 -0.49322 0.445728 
-0.597268 -0.255126 0.407261 
0.388753 -0.493498 0.443419 
-0.597268 -0.255126 0.407261 
0.390129 -0.494109 0.447823 
-0.597268 -0.255126 0.407261 
0.390709 -0.493932 0.449491 
-0.597268 -0.255126 0.407261 
0.39146 -0.493065 0.445645 
-0.597268 -0.255126 0.407261 
0.391902 -0.493179 0.44605 
-0.597268 -0.255126 0.407261 
0.392803 -0.494675 0.446703 
-0.597268 -0.255126 0.407261 
0.39441 -0.494225 0.448824 
-0.597268 -0.255126 0.407261 
0.395514 -0.494999 0.448242 
-0.597268 -0.255126 0.407261 
0.398141 -0.494245 0.449608 
-0.597268 -0.255126 0.407261 
0.400361 -0.495145 0.451161 
-0.597268 -0.255126 0.407261 
0.402805 -0.495016 0.450027 
-0.597268 -0.255126 0.407261 
0.405355 -0.495205 0.450713 
-0.597268 -0.255126 0.407261 
0.407778 -0.4961 0.451063 
-0.597268 -0.255126 0.407261 
0.410661 -0.495625 0.450699 
-0.597268 -0.255126 0.407261 
0.413459 -0.495797 0.450546 
-0.597268 -0.255126 0.407261 
0.41585 -0.49685 0.45075 
-0.597268 -0.255126 0.407261 
0.418896 -0.497709 0.452922 
-0.597268 -0.255126 0.407261 
0.420947 -0.496396 0.446909 
-0.597268 -0.255126 0.407261 
0.424248 -0.497185 0.452639 
-0.597268 -0.255126 0.407261 
0.426555 -0.497706 0.450708 
-0.597268 -0.255126 0.407261 
0.428245 -0.497491 0.445217 
-0.597268 -0.255126 0.407261 
0.431189 -0.49758 0.448198 
-0.597268 -0.255126 0.407261 
0.433752 -0.497545 0.449206 
-0.597268 -0.255126 0.407261 
0.43625 -0.49763 0.451315 
-0.597268 -0.255126 0.407261 
0.437591 -0.498203 0.445889 
-0.597268 -0.255126 0.407261 
0.440192 -0.49865 0.44744 
-0.597268 -0.255126 0.407261 
0.44262 -0.498635 0.448993 
-0.597268 -0.255126 0.407261 
0.444019 -0.499823 0.447964 
-0.597268 -0.255126 0.407261 
0.445257 -0.499487 0.448248 
-0.597268 -0.255126 0.407261 
0.446796 -0.501003 0.449049 
-0.597268 -0.255126 0.407261 
0.447327 -0.499639 0.44842 
-0.597268 -0.255126 0.407261 
0.447109 -0.501197 0.449227 
-0.597268 -0.255126 0.407261 
0.446824 -0.49882 0.445724 
-0.597268 -0.255126 0.407261 
0.448125 -0.50016 0.45037 
-0.597268 -0.255126 0.407261 
0.447343 -0.499849 0.448432 
-0.597268 -0.255126 0.407261 
0.447911 -0.500181 0.450147 
-0.597268 -0.255126 0.407261 
0.447294 -0.50032 0.447199 
-0.597268 -0.255126 0.407261 
0.447496 -0.500099 0.447479 
