-0.603135 -0.183318 0.409736 
0.400795 -0.504304 0.485867 
-0.603136 -0.183318 0.409736 
0.400795 -0.504304 0.485867 
-0.602776 -0.18307 0.408212 
0.400795 -0.504304 0.485867 
-0.60323 -0.183239 0.40771 
0.400795 -0.504304 0.485867 
-0.603339 -0.183326 0.40753 
0.400795 -0.504304 0.485867 
-0.603349 -0.183369 0.407459 
0.400795 -0.504304 0.485867 
-0.603249 -0.183376 0.407392 
0.400795 -0.504304 0.485867 
-0.603323 -0.183374 0.407337 
0.400795 -0.504304 0.485867 
-0.60329 -0.183446 0.407512 
0.400795 -0.504304 0.485867 
-0.603337 -0.183293 0.407552 
0.400795 -0.504304 0.485867 
-0.603287 -0.18351 0.40771 
0.400795 -0.504304 0.485867 
-0.603323 -0.183419 0.407433 
0.400795 -0.504304 0.485867 
-0.603263 -0.183376 0.407554 
0.400795 -0.504304 0.485867 
-0.603352 -0.183447 0.407459 
0.400795 -0.504304 0.485867 
-0.603297 -0.183253 0.407477 
0.400795 -0.504304 0.485867 
-0.603281 -0.183363 0.40738 
0.400795 -0.504304 0.485867 
-0.603298 -0.183348 0.407569 
0.400795 -0.504304 0.485867 
-0.603297 -0.183299 0.407472 
0.400795 -0.504304 0.485867 
-0.603325 -0.183363 0.407586 
0.400795 -0.504304 0.485867 
-0.603328 -0.183287 0.407373 
0.400795 -0.504304 0.485867 
-0.603318 -0.183356 0.407485 
0.400795 -0.504304 0.485867 
-0.603297 -0.183493 0.40747 
0.400795 -0.504304 0.485867 
-0.603323 -0.183367 0.407463 
0.400795 -0.504304 0.485867 
-0.603347 -0.183446 0.407603 
0.400795 -0.504304 0.485867 
-0.603361 -0.183486 0.407551 
0.400795 -0.504304 0.485867 
-0.603334 -0.183345 0.40759 
0.400795 -0.504304 0.485867 
-0.603358 -0.183309 0.407552 
0.400795 -0.504304 0.485867 
-0.603365 -0.183292 0.407548 
0.400795 -0.504304 0.485867 
-0.603349 -0.183303 0.407379 
0.400795 -0.504304 0.485867 
-0.603359 -0.183302 0.407404 
0.400795 -0.504304 0.485867 
-0.603432 -0.183133 0.407629 
0.400795 -0.504304 0.485867 
-0.603358 -0.183415 0.407497 
0.400795 -0.504304 0.485867 
-0.603289 -0.183223 0.40749 
0.400795 -0.504304 0.485867 
-0.603321 -0.183422 0.407515 
0.400795 -0.504304 0.485867 
-0.603349 -0.183119 0.407282 
0.400795 -0.504304 0.485867 
