-0.636885 -0.252276 0.374111 
0.400795 -0.504304 0.485867 
-0.63946 -0.252498 0.37604 
0.400795 -0.504304 0.485867 
-0.642842 -0.253093 0.376706 
0.400795 -0.504304 0.485867 
-0.644716 -0.253906 0.377399 
0.400795 -0.504304 0.485867 
-0.644258 -0.254893 0.377062 
0.400795 -0.504304 0.485867 
-0.643463 -0.254479 0.376841 
0.400795 -0.504304 0.485867 
-0.64135 -0.253354 0.377462 
0.400795 -0.504304 0.485867 
-0.63813 -0.252248 0.378809 
0.400795 -0.504304 0.485867 
-0.634278 -0.251052 0.380198 
0.400795 -0.504304 0.485867 
-0.630584 -0.249504 0.381226 
0.400795 -0.504304 0.485867 
-0.628615 -0.248513 0.382097 
0.400795 -0.504304 0.485867 
-0.626309 -0.247843 0.382889 
0.400795 -0.504304 0.485867 
-0.624729 -0.246863 0.383301 
0.400795 -0.504304 0.485867 
-0.623366 -0.245953 0.383591 
0.400795 -0.504304 0.485867 
-0.621716 -0.245493 0.384132 
0.400795 -0.504304 0.485867 
-0.618924 -0.244638 0.384901 
0.400795 -0.504304 0.485867 
-0.616022 -0.243727 0.385526 
0.400795 -0.504304 0.485867 
-0.613927 -0.242319 0.385998 
0.400795 -0.504304 0.485867 
-0.611462 -0.24098 0.386747 
0.400795 -0.504304 0.485867 
-0.610004 -0.240113 0.386566 
0.400795 -0.504304 0.485867 
-0.609587 -0.239598 0.38588 
0.400795 -0.504304 0.485867 
-0.609701 -0.23915 0.385344 
0.400795 -0.504304 0.485867 
-0.45805 -0.16486 0.48415 
0.400795 -0.504304 0.485867 
