-0.597268 -0.255126 0.407261 
0.386686 -0.49091 0.442076 
-0.597268 -0.255126 0.407261 
0.386685 -0.49091 0.442076 
-0.597268 -0.255126 0.407261 
0.386928 -0.488639 0.445628 
-0.597268 -0.255126 0.407261 
0.386719 -0.490722 0.442442 
-0.597268 -0.255126 0.407261 
0.386719 -0.490722 0.442442 
-0.597268 -0.255126 0.407261 
0.386719 -0.490722 0.442442 
-0.597268 -0.255126 0.407261 
0.386719 -0.490722 0.442442 
-0.597268 -0.255126 0.407261 
0.387128 -0.488067 0.447172 
-0.597268 -0.255126 0.407261 
0.386773 -0.490495 0.44297 
-0.597268 -0.255126 0.407261 
0.386773 -0.490495 0.44297 
-0.597268 -0.255126 0.407261 
0.386773 -0.490495 0.44297 
-0.597268 -0.255126 0.407261 
0.386773 -0.490495 0.44297 
-0.597268 -0.255126 0.407261 
0.387137 -0.488793 0.447221 
-0.597268 -0.255126 0.407261 
0.386828 -0.490351 0.443478 
-0.597268 -0.255126 0.407261 
0.386828 -0.490351 0.443478 
-0.597268 -0.255126 0.407261 
0.386828 -0.490351 0.443478 
-0.597268 -0.255126 0.407261 
0.386828 -0.490351 0.443478 
-0.597268 -0.255126 0.407261 
0.387376 -0.489352 0.44875 
-0.597268 -0.255126 0.407261 
0.386896 -0.490262 0.444133 
-0.597268 -0.255126 0.407261 
0.386896 -0.490262 0.444133 
-0.597268 -0.255126 0.407261 
0.386896 -0.490262 0.444133 
-0.597268 -0.255126 0.407261 
0.386896 -0.490262 0.444133 
-0.597268 -0.255126 0.407261 
0.387174 -0.488421 0.447733 
-0.597268 -0.255126 0.407261 
0.38694 -0.490015 0.444705 
-0.597268 -0.255126 0.407261 
0.38694 -0.490015 0.444705 
-0.597268 -0.255126 0.407261 
0.38694 -0.490015 0.444705 
-0.597268 -0.255126 0.407261 
0.38694 -0.490015 0.444705 
-0.597268 -0.255126 0.407261 
0.387326 -0.488113 0.448672 
-0.597268 -0.255126 0.407261 
0.387004 -0.489746 0.44537 
-0.597268 -0.255126 0.407261 
0.387004 -0.489746 0.44537 
-0.597268 -0.255126 0.407261 
0.387004 -0.489746 0.44537 
-0.597268 -0.255126 0.407261 
0.387004 -0.489746 0.44537 
-0.597268 -0.255126 0.407261 
0.387449 -0.488327 0.449548 
-0.597268 -0.255126 0.407261 
0.387076 -0.489492 0.446115 
-0.597268 -0.255126 0.407261 
0.387076 -0.489492 0.446115 
-0.597268 -0.255126 0.407261 
0.387076 -0.489492 0.446115 
-0.597268 -0.255126 0.407261 
0.387076 -0.489492 0.446115 
-0.597268 -0.255126 0.407261 
0.386724 -0.488342 0.445449 
-0.597268 -0.255126 0.407261 
0.387061 -0.489175 0.446446 
-0.597268 -0.255126 0.407261 
0.387061 -0.489175 0.446446 
-0.597268 -0.255126 0.407261 
0.387061 -0.489175 0.446446 
-0.597268 -0.255126 0.407261 
0.387061 -0.489175 0.446446 
-0.597268 -0.255126 0.407261 
0.387594 -0.487027 0.450176 
-0.597268 -0.255126 0.407261 
0.387132 -0.488738 0.447256 
-0.597268 -0.255126 0.407261 
0.387132 -0.488738 0.447256 
-0.597268 -0.255126 0.407261 
0.387132 -0.488738 0.447256 
-0.597268 -0.255126 0.407261 
0.387132 -0.488738 0.447256 
-0.597268 -0.255126 0.407261 
0.386921 -0.487155 0.446496 
-0.597268 -0.255126 0.407261 
0.387132 -0.488275 0.447676 
-0.597268 -0.255126 0.407261 
0.387132 -0.488275 0.447676 
-0.597268 -0.255126 0.407261 
0.387132 -0.488275 0.447676 
-0.597268 -0.255126 0.407261 
0.387132 -0.488275 0.447676 
-0.597268 -0.255126 0.407261 
0.386611 -0.488341 0.444792 
-0.597268 -0.255126 0.407261 
0.387072 -0.488235 0.447593 
-0.597268 -0.255126 0.407261 
0.387072 -0.488235 0.447593 
-0.597268 -0.255126 0.407261 
0.387072 -0.488235 0.447593 
-0.597268 -0.255126 0.407261 
0.387072 -0.488235 0.447593 
-0.597268 -0.255126 0.407261 
0.386863 -0.488632 0.446773 
-0.597268 -0.255126 0.407261 
0.387027 -0.488285 0.44755 
