-0.572362 -0.275986 0.367409 
0.400795 -0.504304 0.485867 
-0.572363 -0.275986 0.367409 
0.400795 -0.504304 0.485867 
-0.572363 -0.275986 0.367409 
0.400795 -0.504304 0.485867 
-0.572362 -0.275984 0.367406 
0.400795 -0.504304 0.485867 
-0.572361 -0.275988 0.367421 
0.400795 -0.504304 0.485867 
-0.57236 -0.275987 0.367421 
0.400795 -0.504304 0.485867 
-0.572373 -0.276035 0.367504 
0.400795 -0.504304 0.485867 
-0.572347 -0.275943 0.367349 
0.400795 -0.504304 0.485867 
-0.572351 -0.275947 0.367344 
0.400795 -0.504304 0.485867 
-0.572337 -0.275905 0.367284 
0.400795 -0.504304 0.485867 
-0.572366 -0.275999 0.367443 
0.400795 -0.504304 0.485867 
-0.572362 -0.275992 0.367442 
0.400795 -0.504304 0.485867 
