-0.636847 -0.25226 0.374491 
0.400795 -0.504304 0.485867 
-0.638946 -0.252145 0.377215 
0.400795 -0.504304 0.485867 
-0.643365 -0.254118 0.377953 
0.400795 -0.504304 0.485867 
-0.644607 -0.254657 0.378307 
0.400795 -0.504304 0.485867 
-0.644714 -0.255092 0.377543 
0.400795 -0.504304 0.485867 
-0.644237 -0.254453 0.377384 
0.400795 -0.504304 0.485867 
-0.642354 -0.253835 0.377831 
0.400795 -0.504304 0.485867 
-0.63852 -0.252108 0.379043 
0.400795 -0.504304 0.485867 
-0.633877 -0.250078 0.380451 
0.400795 -0.504304 0.485867 
-0.630932 -0.248845 0.381314 
0.400795 -0.504304 0.485867 
-0.628907 -0.248218 0.382399 
0.400795 -0.504304 0.485867 
-0.626173 -0.2475 0.383218 
0.400795 -0.504304 0.485867 
-0.624374 -0.246858 0.38366 
0.400795 -0.504304 0.485867 
-0.62339 -0.245814 0.384015 
0.400795 -0.504304 0.485867 
-0.621168 -0.244914 0.384532 
0.400795 -0.504304 0.485867 
-0.618513 -0.244048 0.385773 
0.400795 -0.504304 0.485867 
-0.615497 -0.242843 0.386373 
0.400795 -0.504304 0.485867 
-0.612724 -0.241143 0.387134 
0.400795 -0.504304 0.485867 
-0.611009 -0.240123 0.387392 
0.400795 -0.504304 0.485867 
-0.608745 -0.239354 0.387313 
0.400795 -0.504304 0.485867 
-0.607679 -0.238546 0.386794 
0.400795 -0.504304 0.485867 
-0.607969 -0.238547 0.385894 
0.400795 -0.504304 0.485867 
-0.45805 -0.16486 0.48415 
0.400795 -0.504304 0.485867 
