-0.60389 -0.226559 0.381473 
0.400795 -0.504304 0.485867 
-0.603891 -0.226559 0.381473 
0.400795 -0.504304 0.485867 
-0.603842 -0.226603 0.381348 
0.400795 -0.504304 0.485867 
-0.603838 -0.226538 0.381281 
0.400795 -0.504304 0.485867 
-0.603875 -0.226676 0.381315 
0.400795 -0.504304 0.485867 
-0.603789 -0.226551 0.381494 
0.400795 -0.504304 0.485867 
-0.603779 -0.226388 0.38146 
0.400795 -0.504304 0.485867 
-0.603855 -0.226426 0.381182 
0.400795 -0.504304 0.485867 
-0.603935 -0.226686 0.381097 
0.400795 -0.504304 0.485867 
-0.603913 -0.22664 0.38118 
0.400795 -0.504304 0.485867 
-0.60382 -0.226533 0.381339 
0.400795 -0.504304 0.485867 
