-0.597268 -0.255126 0.407261 
0.386674 -0.491272 0.441574 
-0.597268 -0.255126 0.407261 
0.386674 -0.491272 0.441574 
-0.597268 -0.255126 0.407261 
0.386674 -0.491272 0.441574 
-0.597268 -0.255126 0.407261 
0.386674 -0.491272 0.441574 
-0.597268 -0.255126 0.407261 
0.386674 -0.491272 0.441574 
-0.597268 -0.255126 0.407261 
0.386674 -0.491272 0.441574 
-0.597268 -0.255126 0.407261 
0.386674 -0.491272 0.441574 
-0.597268 -0.255126 0.407261 
0.386674 -0.491272 0.441574 
-0.597268 -0.255126 0.407261 
0.386674 -0.491272 0.441574 
-0.597268 -0.255126 0.407261 
0.386674 -0.491272 0.441574 
-0.597268 -0.255126 0.407261 
0.386674 -0.491272 0.441574 
-0.597268 -0.255126 0.407261 
0.386674 -0.491272 0.441574 
-0.597268 -0.255126 0.407261 
0.386674 -0.491272 0.441574 
-0.597268 -0.255126 0.407261 
0.386674 -0.491272 0.441574 
-0.597268 -0.255126 0.407261 
0.386674 -0.491272 0.441574 
-0.597268 -0.255126 0.407261 
0.386674 -0.491272 0.441574 
-0.597268 -0.255126 0.407261 
0.386674 -0.491272 0.441574 
-0.597268 -0.255126 0.407261 
0.386674 -0.491272 0.441574 
-0.597268 -0.255126 0.407261 
0.386674 -0.491272 0.441574 
-0.597268 -0.255126 0.407261 
0.386674 -0.491272 0.441574 
-0.597268 -0.255126 0.407261 
0.386674 -0.491272 0.441574 
-0.597268 -0.255126 0.407261 
0.386674 -0.491272 0.441574 
-0.597268 -0.255126 0.407261 
0.386674 -0.491272 0.441574 
-0.597268 -0.255126 0.407261 
0.386674 -0.491272 0.441574 
-0.597268 -0.255126 0.407261 
0.386674 -0.491272 0.441574 
-0.597268 -0.255126 0.407261 
0.386674 -0.491272 0.441574 
-0.597268 -0.255126 0.407261 
0.386674 -0.491272 0.441574 
-0.597268 -0.255126 0.407261 
0.386674 -0.491272 0.441574 
-0.597268 -0.255126 0.407261 
0.386674 -0.491272 0.441574 
-0.597268 -0.255126 0.407261 
0.386674 -0.491272 0.441574 
-0.597268 -0.255126 0.407261 
0.386674 -0.491272 0.441574 
-0.597268 -0.255126 0.407261 
0.386674 -0.491272 0.441574 
-0.597268 -0.255126 0.407261 
0.386674 -0.491272 0.441574 
-0.597268 -0.255126 0.407261 
0.386674 -0.491272 0.441574 
-0.597268 -0.255126 0.407261 
0.386674 -0.491272 0.441574 
-0.597268 -0.255126 0.407261 
0.386674 -0.491272 0.441574 
-0.597268 -0.255126 0.407261 
0.386674 -0.491272 0.441574 
-0.597268 -0.255126 0.407261 
0.386674 -0.491272 0.441574 
-0.597268 -0.255126 0.407261 
0.386674 -0.491272 0.441574 
-0.597268 -0.255126 0.407261 
0.386674 -0.491272 0.441574 
-0.597268 -0.255126 0.407261 
0.386674 -0.491272 0.441574 
-0.597268 -0.255126 0.407261 
0.386674 -0.491272 0.441574 
-0.597268 -0.255126 0.407261 
0.386674 -0.491272 0.441574 
-0.597268 -0.255126 0.407261 
0.386674 -0.491272 0.441574 
-0.597268 -0.255126 0.407261 
0.386674 -0.491272 0.441574 
-0.597268 -0.255126 0.407261 
0.386674 -0.491272 0.441574 
-0.597268 -0.255126 0.407261 
0.386674 -0.491272 0.441574 
-0.597268 -0.255126 0.407261 
0.386674 -0.491272 0.441574 
-0.597268 -0.255126 0.407261 
0.386674 -0.491272 0.441574 
-0.597268 -0.255126 0.407261 
0.386674 -0.491272 0.441574 
-0.597268 -0.255126 0.407261 
0.386674 -0.491272 0.441574 
-0.597268 -0.255126 0.407261 
0.386674 -0.491272 0.441574 
-0.597268 -0.255126 0.407261 
0.386674 -0.491272 0.441574 
-0.597268 -0.255126 0.407261 
0.386674 -0.491272 0.441574 
-0.597268 -0.255126 0.407261 
0.386674 -0.491272 0.441574 
-0.597268 -0.255126 0.407261 
0.386674 -0.491272 0.441574 
-0.597268 -0.255126 0.407261 
0.386674 -0.491272 0.441574 
-0.597268 -0.255126 0.407261 
0.386674 -0.491272 0.441574 
-0.597268 -0.255126 0.407261 
0.386674 -0.491272 0.441574 
