-0.635919 -0.243053 0.372769 
0.383027 -0.483227 0.438963 
-0.631636 -0.242466 0.375594 
0.383027 -0.483227 0.438963 
-0.634135 -0.243753 0.375201 
0.383343 -0.488022 0.442104 
-0.635802 -0.245053 0.374745 
0.383173 -0.488259 0.44464 
-0.636153 -0.245995 0.37411 
0.38324 -0.489424 0.44679 
-0.635632 -0.245166 0.373921 
0.383248 -0.489879 0.446886 
-0.633608 -0.244456 0.37458 
0.383984 -0.491705 0.447678 
-0.630214 -0.243254 0.37573 
0.384265 -0.492747 0.447427 
-0.626025 -0.241925 0.37689 
0.384834 -0.494012 0.447275 
-0.622135 -0.240229 0.378607 
0.384306 -0.491924 0.442124 
-0.620068 -0.239276 0.37908 
0.385085 -0.494802 0.444575 
-0.618203 -0.238729 0.379451 
0.385186 -0.494749 0.44612 
-0.616749 -0.238041 0.379933 
0.38507 -0.494849 0.443116 
-0.614892 -0.237266 0.380676 
0.385029 -0.495358 0.44288 
-0.61411 -0.237047 0.380793 
0.385255 -0.497398 0.445208 
-0.610909 -0.235937 0.381821 
0.38531 -0.497849 0.445467 
-0.607926 -0.234763 0.382613 
0.385117 -0.499687 0.442913 
-0.605428 -0.233574 0.383034 
0.385691 -0.500227 0.443699 
-0.603079 -0.232595 0.383519 
0.385428 -0.501079 0.443824 
-0.601113 -0.231553 0.383784 
0.384637 -0.501576 0.442839 
-0.600447 -0.230946 0.383452 
0.384072 -0.502153 0.443197 
-0.601014 -0.230799 0.382509 
0.383436 -0.50193 0.443715 
-0.45805 -0.16486 0.48415 
0.383976 -0.501903 0.443414 
-0.600014 -0.231186 0.386353 
0.436982 -0.513774 0.465517 
