-0.629452 -0.238358 0.372851 
0.389788 -0.486945 0.439929 
-0.629452 -0.238358 0.372851 
0.383998 -0.491245 0.438795 
-0.63369 -0.23883 0.376126 
0.383117 -0.492312 0.438997 
-0.635392 -0.239597 0.376911 
0.382537 -0.492688 0.440347 
-0.635899 -0.240479 0.376956 
0.382308 -0.492422 0.442095 
-0.635562 -0.240188 0.376625 
0.382448 -0.49305 0.442321 
-0.633722 -0.239213 0.377224 
0.382799 -0.49418 0.441575 
-0.630534 -0.238125 0.378373 
0.383106 -0.494746 0.441566 
-0.626607 -0.236269 0.37963 
0.383669 -0.495493 0.442277 
-0.623309 -0.234993 0.380803 
0.384171 -0.496631 0.441017 
-0.620796 -0.233656 0.38158 
0.38445 -0.497317 0.440743 
-0.618967 -0.232869 0.381971 
0.384402 -0.49784 0.439834 
-0.61719 -0.231891 0.382479 
0.384483 -0.498426 0.439927 
-0.615891 -0.23129 0.38292 
0.384496 -0.499316 0.439854 
-0.614151 -0.230371 0.383445 
0.384415 -0.500064 0.43951 
-0.611469 -0.229273 0.384121 
0.384415 -0.501185 0.439833 
-0.609021 -0.228332 0.384483 
0.384459 -0.502009 0.439043 
-0.606738 -0.226787 0.384679 
0.384594 -0.503063 0.438952 
-0.604833 -0.225823 0.384798 
0.384667 -0.504259 0.438092 
-0.602692 -0.224578 0.384653 
0.384249 -0.504742 0.438611 
-0.601109 -0.22504 0.386554 
0.383571 -0.505086 0.4388 
-0.601111 -0.225042 0.386547 
0.382979 -0.50588 0.439941 
-0.45805 -0.16486 0.48415 
0.383341 -0.505409 0.439408 
