-0.597268 -0.255126 0.407261 
0.386868 -0.491274 0.442171 
-0.597268 -0.255126 0.407261 
0.386868 -0.491274 0.442171 
-0.597268 -0.255126 0.407261 
0.386868 -0.491274 0.442171 
-0.597268 -0.255126 0.407261 
0.386868 -0.491274 0.442171 
-0.597268 -0.255126 0.407261 
0.386868 -0.491274 0.442171 
-0.597268 -0.255126 0.407261 
0.386868 -0.491274 0.442171 
-0.597268 -0.255126 0.407261 
0.386868 -0.491274 0.442171 
-0.597268 -0.255126 0.407261 
0.386868 -0.491274 0.442171 
-0.597268 -0.255126 0.407261 
0.386868 -0.491274 0.442171 
-0.597268 -0.255126 0.407261 
0.386868 -0.491274 0.442171 
-0.597268 -0.255126 0.407261 
0.386868 -0.491274 0.442171 
-0.597268 -0.255126 0.407261 
0.386868 -0.491274 0.442171 
-0.597268 -0.255126 0.407261 
0.386868 -0.491274 0.442171 
-0.597268 -0.255126 0.407261 
0.386868 -0.491274 0.442171 
-0.597268 -0.255126 0.407261 
0.387554 -0.490765 0.442029 
-0.597268 -0.255126 0.407261 
0.389144 -0.490723 0.443429 
-0.597268 -0.255126 0.407261 
0.390011 -0.490685 0.442393 
-0.597268 -0.255126 0.407261 
0.386868 -0.491274 0.442171 
-0.597268 -0.255126 0.407261 
0.386868 -0.491274 0.442171 
-0.597268 -0.255126 0.407261 
0.386868 -0.491274 0.442171 
-0.597268 -0.255126 0.407261 
0.386868 -0.491274 0.442171 
