-0.624663 -0.22578 0.418195 
0.400795 -0.504304 0.485867 
-0.624664 -0.225781 0.418195 
0.400795 -0.504304 0.485867 
-0.62603 -0.225998 0.416974 
0.400795 -0.504304 0.485867 
-0.624825 -0.226345 0.415847 
0.400795 -0.504304 0.485867 
-0.623868 -0.227832 0.416394 
0.400795 -0.504304 0.485867 
-0.622734 -0.229587 0.415815 
0.400795 -0.504304 0.485867 
-0.620134 -0.230149 0.415989 
0.400795 -0.504304 0.485867 
-0.618007 -0.230672 0.416336 
0.400795 -0.504304 0.485867 
-0.616418 -0.230963 0.416641 
0.400795 -0.504304 0.485867 
-0.615309 -0.231141 0.416868 
0.400795 -0.504304 0.485867 
-0.614378 -0.231042 0.417546 
0.400795 -0.504304 0.485867 
-0.613784 -0.231146 0.417343 
0.400795 -0.504304 0.485867 
-0.613232 -0.231449 0.417782 
0.400795 -0.504304 0.485867 
-0.612727 -0.231618 0.417671 
0.400795 -0.504304 0.485867 
-0.612388 -0.23166 0.417834 
0.400795 -0.504304 0.485867 
-0.611718 -0.232219 0.418183 
0.400795 -0.504304 0.485867 
-0.610476 -0.232396 0.41825 
0.400795 -0.504304 0.485867 
-0.609333 -0.232448 0.418528 
0.400795 -0.504304 0.485867 
-0.608602 -0.232108 0.418534 
0.400795 -0.504304 0.485867 
-0.608434 -0.232005 0.41853 
0.400795 -0.504304 0.485867 
-0.608483 -0.231893 0.418575 
0.400795 -0.504304 0.485867 
-0.608496 -0.23162 0.418593 
0.400795 -0.504304 0.485867 
-0.608447 -0.231803 0.418597 
0.400795 -0.504304 0.485867 
-0.608503 -0.231917 0.418578 
0.400795 -0.504304 0.485867 
-0.608506 -0.23201 0.418531 
0.400795 -0.504304 0.485867 
-0.608481 -0.232161 0.418571 
0.400795 -0.504304 0.485867 
-0.608489 -0.232073 0.418572 
0.400795 -0.504304 0.485867 
-0.60849 -0.232306 0.418358 
0.400795 -0.504304 0.485867 
-0.608518 -0.232314 0.418455 
0.400795 -0.504304 0.485867 
-0.608571 -0.232508 0.418557 
0.400795 -0.504304 0.485867 
-0.608678 -0.232618 0.418762 
0.400795 -0.504304 0.485867 
-0.608726 -0.232104 0.418878 
0.400795 -0.504304 0.485867 
-0.608663 -0.232672 0.419184 
0.400795 -0.504304 0.485867 
-0.608633 -0.232334 0.419133 
0.400795 -0.504304 0.485867 
-0.608644 -0.232242 0.418973 
0.400795 -0.504304 0.485867 
-0.608649 -0.232424 0.419124 
0.400795 -0.504304 0.485867 
-0.608624 -0.232626 0.419332 
0.400795 -0.504304 0.485867 
-0.608609 -0.232306 0.419168 
0.400795 -0.504304 0.485867 
-0.608642 -0.232304 0.419085 
0.400795 -0.504304 0.485867 
-0.608617 -0.232658 0.41921 
0.400795 -0.504304 0.485867 
-0.608601 -0.23272 0.41917 
0.400795 -0.504304 0.485867 
-0.608552 -0.232592 0.419126 
0.400795 -0.504304 0.485867 
-0.608517 -0.232813 0.419152 
0.400795 -0.504304 0.485867 
-0.608492 -0.232467 0.418845 
0.400795 -0.504304 0.485867 
-0.608502 -0.232087 0.418834 
0.400795 -0.504304 0.485867 
-0.608552 -0.231719 0.41866 
0.400795 -0.504304 0.485867 
-0.608518 -0.231761 0.418904 
0.400795 -0.504304 0.485867 
-0.608562 -0.231623 0.418944 
0.400795 -0.504304 0.485867 
-0.608459 -0.232259 0.419094 
0.400795 -0.504304 0.485867 
-0.608423 -0.232025 0.419143 
0.400795 -0.504304 0.485867 
-0.60854 -0.231566 0.418892 
0.400795 -0.504304 0.485867 
-0.608569 -0.231563 0.418732 
0.400795 -0.504304 0.485867 
-0.608513 -0.231928 0.419059 
0.400795 -0.504304 0.485867 
-0.608554 -0.231806 0.419154 
0.400795 -0.504304 0.485867 
-0.608553 -0.231971 0.419126 
0.400795 -0.504304 0.485867 
-0.608587 -0.231977 0.419113 
0.400795 -0.504304 0.485867 
-0.608586 -0.232339 0.41928 
0.400795 -0.504304 0.485867 
-0.608564 -0.232688 0.41937 
0.400795 -0.504304 0.485867 
-0.608546 -0.232692 0.419299 
0.400795 -0.504304 0.485867 
-0.608513 -0.232331 0.419369 
0.400795 -0.504304 0.485867 
-0.60766 -0.231445 0.418359 
0.400795 -0.504304 0.485867 
-0.605967 -0.228234 0.416176 
0.400795 -0.504304 0.485867 
-0.604453 -0.225607 0.413842 
0.400795 -0.504304 0.485867 
-0.602981 -0.222366 0.411325 
0.400795 -0.504304 0.485867 
-0.601458 -0.218414 0.40783 
0.400795 -0.504304 0.485867 
-0.600429 -0.214691 0.404877 
0.400795 -0.504304 0.485867 
-0.599612 -0.210629 0.401798 
0.400795 -0.504304 0.485867 
-0.599072 -0.205999 0.397759 
0.400795 -0.504304 0.485867 
-0.598688 -0.201318 0.393805 
0.400795 -0.504304 0.485867 
-0.598569 -0.196643 0.390031 
0.400795 -0.504304 0.485867 
-0.598556 -0.192086 0.386237 
0.400795 -0.504304 0.485867 
-0.598771 -0.18747 0.382217 
0.400795 -0.504304 0.485867 
-0.599062 -0.183148 0.37794 
0.400795 -0.504304 0.485867 
-0.600357 -0.180609 0.375585 
0.400795 -0.504304 0.485867 
-0.601881 -0.17898 0.374144 
0.400795 -0.504304 0.485867 
-0.603123 -0.178111 0.372777 
0.400795 -0.504304 0.485867 
-0.60391 -0.17793 0.37226 
0.400795 -0.504304 0.485867 
-0.604566 -0.178775 0.371611 
0.400795 -0.504304 0.485867 
-0.604599 -0.179566 0.372256 
0.400795 -0.504304 0.485867 
-0.604424 -0.181441 0.373088 
0.400795 -0.504304 0.485867 
-0.603775 -0.184096 0.374537 
0.400795 -0.504304 0.485867 
-0.602989 -0.187412 0.375761 
0.400795 -0.504304 0.485867 
-0.601852 -0.191757 0.377258 
0.400795 -0.504304 0.485867 
-0.600622 -0.196286 0.379021 
0.400795 -0.504304 0.485867 
-0.600183 -0.204397 0.376644 
0.400795 -0.504304 0.485867 
-0.600472 -0.20383 0.376613 
0.400795 -0.504304 0.485867 
-0.59934 -0.209167 0.377589 
0.400795 -0.504304 0.485867 
-0.598421 -0.214543 0.377934 
0.400795 -0.504304 0.485867 
-0.597821 -0.219312 0.378098 
0.400795 -0.504304 0.485867 
-0.59718 -0.22425 0.378187 
0.400795 -0.504304 0.485867 
