-0.635202 -0.219874 0.441494 
0.400795 -0.504304 0.485867 
-0.635202 -0.219874 0.441495 
0.400795 -0.504304 0.485867 
-0.633258 -0.219191 0.439378 
0.400795 -0.504304 0.485867 
-0.633326 -0.21961 0.440566 
0.400795 -0.504304 0.485867 
-0.633415 -0.219549 0.440833 
0.400795 -0.504304 0.485867 
-0.633255 -0.219521 0.44122 
0.400795 -0.504304 0.485867 
-0.632965 -0.220677 0.441521 
0.400795 -0.504304 0.485867 
-0.632513 -0.222061 0.441624 
0.400795 -0.504304 0.485867 
-0.631823 -0.22272 0.44178 
0.400795 -0.504304 0.485867 
-0.630671 -0.223005 0.442026 
0.400795 -0.504304 0.485867 
-0.629352 -0.223511 0.442679 
0.400795 -0.504304 0.485867 
-0.628246 -0.223583 0.443095 
0.400795 -0.504304 0.485867 
-0.627335 -0.223909 0.443679 
0.400795 -0.504304 0.485867 
-0.626527 -0.224137 0.444218 
0.400795 -0.504304 0.485867 
-0.625941 -0.224171 0.444243 
0.400795 -0.504304 0.485867 
-0.62542 -0.224164 0.444315 
0.400795 -0.504304 0.485867 
-0.624925 -0.224241 0.44442 
0.400795 -0.504304 0.485867 
-0.624517 -0.224296 0.444602 
0.400795 -0.504304 0.485867 
-0.624161 -0.224216 0.444949 
0.400795 -0.504304 0.485867 
-0.623863 -0.224468 0.444928 
0.400795 -0.504304 0.485867 
-0.62358 -0.224132 0.445101 
0.400795 -0.504304 0.485867 
-0.62331 -0.224173 0.445321 
0.400795 -0.504304 0.485867 
-0.623084 -0.224414 0.445384 
0.400795 -0.504304 0.485867 
-0.62288 -0.224399 0.445432 
0.400795 -0.504304 0.485867 
-0.622674 -0.224302 0.445581 
0.400795 -0.504304 0.485867 
-0.622511 -0.22458 0.445731 
0.400795 -0.504304 0.485867 
-0.622365 -0.22484 0.445892 
0.400795 -0.504304 0.485867 
-0.622219 -0.224791 0.445926 
0.400795 -0.504304 0.485867 
-0.621604 -0.224956 0.446032 
0.400795 -0.504304 0.485867 
-0.621046 -0.225189 0.446353 
0.400795 -0.504304 0.485867 
-0.620485 -0.225315 0.446408 
0.400795 -0.504304 0.485867 
-0.619939 -0.225325 0.446443 
0.400795 -0.504304 0.485867 
-0.619443 -0.225448 0.446806 
0.400795 -0.504304 0.485867 
-0.618951 -0.225453 0.447225 
0.400795 -0.504304 0.485867 
-0.618713 -0.22545 0.447352 
0.400795 -0.504304 0.485867 
-0.618638 -0.225213 0.447338 
0.400795 -0.504304 0.485867 
-0.61864 -0.225125 0.447406 
0.400795 -0.504304 0.485867 
-0.618623 -0.225152 0.447342 
0.400795 -0.504304 0.485867 
-0.618602 -0.225035 0.447304 
0.400795 -0.504304 0.485867 
-0.618598 -0.225147 0.447263 
0.400795 -0.504304 0.485867 
-0.618626 -0.225065 0.447267 
0.400795 -0.504304 0.485867 
-0.618618 -0.225009 0.447283 
0.400795 -0.504304 0.485867 
-0.618606 -0.225121 0.447288 
0.400795 -0.504304 0.485867 
-0.618608 -0.225054 0.447302 
0.400795 -0.504304 0.485867 
-0.618612 -0.225076 0.447276 
0.400795 -0.504304 0.485867 
-0.618597 -0.225075 0.447281 
0.400795 -0.504304 0.485867 
-0.618616 -0.225184 0.447252 
0.400795 -0.504304 0.485867 
-0.618593 -0.225037 0.447272 
0.400795 -0.504304 0.485867 
-0.618569 -0.225164 0.44725 
0.400795 -0.504304 0.485867 
-0.618604 -0.225079 0.447199 
0.400795 -0.504304 0.485867 
-0.618612 -0.225215 0.447276 
0.400795 -0.504304 0.485867 
-0.61862 -0.225066 0.447212 
0.400795 -0.504304 0.485867 
-0.618607 -0.225043 0.447156 
0.400795 -0.504304 0.485867 
-0.618642 -0.225122 0.447222 
0.400795 -0.504304 0.485867 
-0.618634 -0.225155 0.447388 
0.400795 -0.504304 0.485867 
-0.618689 -0.225251 0.447469 
0.400795 -0.504304 0.485867 
-0.618742 -0.225394 0.447478 
0.400795 -0.504304 0.485867 
-0.618747 -0.225518 0.447611 
0.400795 -0.504304 0.485867 
-0.618811 -0.225454 0.447569 
0.400795 -0.504304 0.485867 
-0.618824 -0.225427 0.447573 
0.400795 -0.504304 0.485867 
-0.618835 -0.225412 0.447539 
0.400795 -0.504304 0.485867 
-0.618874 -0.225456 0.447632 
0.400795 -0.504304 0.485867 
-0.618885 -0.225524 0.44766 
0.400795 -0.504304 0.485867 
-0.618883 -0.22549 0.447674 
0.400795 -0.504304 0.485867 
-0.618898 -0.225556 0.447664 
0.400795 -0.504304 0.485867 
-0.618882 -0.225495 0.447709 
0.400795 -0.504304 0.485867 
-0.618877 -0.225491 0.447712 
0.400795 -0.504304 0.485867 
-0.618881 -0.225611 0.447659 
0.400795 -0.504304 0.485867 
-0.618865 -0.225512 0.447713 
0.400795 -0.504304 0.485867 
-0.618881 -0.225524 0.447633 
0.400795 -0.504304 0.485867 
-0.618874 -0.225524 0.447652 
0.400795 -0.504304 0.485867 
-0.618885 -0.225502 0.447616 
0.400795 -0.504304 0.485867 
-0.618884 -0.225532 0.44771 
0.400795 -0.504304 0.485867 
-0.618879 -0.225463 0.447722 
0.400795 -0.504304 0.485867 
-0.618897 -0.225584 0.447726 
0.400795 -0.504304 0.485867 
-0.618894 -0.225511 0.44765 
0.400795 -0.504304 0.485867 
-0.618888 -0.225543 0.447706 
0.400795 -0.504304 0.485867 
-0.618893 -0.225599 0.44775 
0.400795 -0.504304 0.485867 
-0.618829 -0.22558 0.447765 
0.400795 -0.504304 0.485867 
-0.61888 -0.225528 0.447841 
0.400795 -0.504304 0.485867 
-0.618861 -0.225547 0.447759 
0.400795 -0.504304 0.485867 
-0.618799 -0.225479 0.447761 
0.400795 -0.504304 0.485867 
-0.618809 -0.225446 0.447592 
0.400795 -0.504304 0.485867 
-0.618752 -0.2252 0.447463 
0.400795 -0.504304 0.485867 
-0.618693 -0.22523 0.447354 
0.400795 -0.504304 0.485867 
-0.618695 -0.22543 0.447531 
0.400795 -0.504304 0.485867 
-0.618685 -0.225334 0.447453 
0.400795 -0.504304 0.485867 
-0.618663 -0.225125 0.447358 
0.400795 -0.504304 0.485867 
-0.618652 -0.225282 0.447484 
0.400795 -0.504304 0.485867 
-0.618646 -0.225342 0.447409 
0.400795 -0.504304 0.485867 
-0.61869 -0.225229 0.447474 
0.400795 -0.504304 0.485867 
-0.618708 -0.225223 0.447504 
0.400795 -0.504304 0.485867 
-0.618711 -0.22534 0.447587 
0.400795 -0.504304 0.485867 
-0.618701 -0.225249 0.447496 
0.400795 -0.504304 0.485867 
-0.618688 -0.225344 0.44759 
0.400795 -0.504304 0.485867 
-0.618694 -0.225413 0.447608 
0.400795 -0.504304 0.485867 
-0.618707 -0.225288 0.447523 
0.400795 -0.504304 0.485867 
-0.618701 -0.225271 0.44744 
0.400795 -0.504304 0.485867 
-0.618722 -0.22539 0.447539 
0.400795 -0.504304 0.485867 
-0.618701 -0.225282 0.447402 
0.400795 -0.504304 0.485867 
-0.618686 -0.225337 0.447491 
0.400795 -0.504304 0.485867 
-0.618767 -0.225463 0.447638 
0.400795 -0.504304 0.485867 
-0.61877 -0.225398 0.44753 
0.400795 -0.504304 0.485867 
-0.618823 -0.225282 0.447586 
0.400795 -0.504304 0.485867 
-0.618791 -0.225238 0.447598 
0.400795 -0.504304 0.485867 
-0.618772 -0.225275 0.44755 
0.400795 -0.504304 0.485867 
-0.618816 -0.225361 0.447598 
0.400795 -0.504304 0.485867 
-0.618812 -0.225295 0.447551 
0.400795 -0.504304 0.485867 
-0.618795 -0.225321 0.447597 
0.400795 -0.504304 0.485867 
-0.618834 -0.22528 0.447689 
0.400795 -0.504304 0.485867 
-0.61885 -0.225346 0.447721 
0.400795 -0.504304 0.485867 
-0.618857 -0.225386 0.447682 
0.400795 -0.504304 0.485867 
-0.618872 -0.225409 0.44785 
0.400795 -0.504304 0.485867 
-0.618889 -0.225362 0.447798 
0.400795 -0.504304 0.485867 
-0.618892 -0.225516 0.447841 
0.400795 -0.504304 0.485867 
-0.618879 -0.225531 0.447892 
0.400795 -0.504304 0.485867 
-0.618834 -0.225505 0.447791 
0.400795 -0.504304 0.485867 
-0.61886 -0.225521 0.447829 
0.400795 -0.504304 0.485867 
-0.617772 -0.224205 0.446941 
0.400795 -0.504304 0.485867 
-0.616725 -0.222845 0.446064 
0.400795 -0.504304 0.485867 
-0.615693 -0.221733 0.445198 
0.400795 -0.504304 0.485867 
-0.614597 -0.220057 0.444046 
0.400795 -0.504304 0.485867 
-0.613615 -0.218714 0.442849 
0.400795 -0.504304 0.485867 
-0.612568 -0.217307 0.442136 
0.400795 -0.504304 0.485867 
-0.6116 -0.215582 0.440451 
0.400795 -0.504304 0.485867 
-0.61064 -0.213834 0.439529 
0.400795 -0.504304 0.485867 
-0.609674 -0.212172 0.438726 
0.400795 -0.504304 0.485867 
-0.608799 -0.209793 0.437088 
0.400795 -0.504304 0.485867 
-0.608006 -0.208083 0.435305 
0.400795 -0.504304 0.485867 
-0.607158 -0.206035 0.433621 
0.400795 -0.504304 0.485867 
-0.606438 -0.203835 0.432099 
0.400795 -0.504304 0.485867 
-0.605672 -0.201763 0.430183 
0.400795 -0.504304 0.485867 
-0.60499 -0.199719 0.428562 
0.400795 -0.504304 0.485867 
-0.604405 -0.197456 0.426681 
0.400795 -0.504304 0.485867 
-0.603838 -0.195158 0.424514 
0.400795 -0.504304 0.485867 
-0.603366 -0.192782 0.422579 
0.400795 -0.504304 0.485867 
-0.60292 -0.19031 0.42059 
0.400795 -0.504304 0.485867 
-0.602464 -0.188065 0.418457 
0.400795 -0.504304 0.485867 
-0.602129 -0.185854 0.416517 
0.400795 -0.504304 0.485867 
-0.601817 -0.183469 0.414741 
0.400795 -0.504304 0.485867 
-0.601507 -0.181071 0.41243 
0.400795 -0.504304 0.485867 
-0.601178 -0.179095 0.410532 
0.400795 -0.504304 0.485867 
-0.600879 -0.177106 0.408509 
0.400795 -0.504304 0.485867 
-0.601052 -0.175334 0.407058 
0.400795 -0.504304 0.485867 
-0.601692 -0.174631 0.405733 
0.400795 -0.504304 0.485867 
-0.602338 -0.173723 0.404577 
0.400795 -0.504304 0.485867 
-0.602914 -0.17302 0.403571 
0.400795 -0.504304 0.485867 
-0.603405 -0.172503 0.402933 
0.400795 -0.504304 0.485867 
-0.603927 -0.172174 0.402201 
0.400795 -0.504304 0.485867 
-0.604332 -0.172036 0.401878 
0.400795 -0.504304 0.485867 
-0.604657 -0.171949 0.401393 
0.400795 -0.504304 0.485867 
-0.60489 -0.172064 0.401384 
0.400795 -0.504304 0.485867 
-0.60511 -0.172302 0.401347 
0.400795 -0.504304 0.485867 
-0.605233 -0.172814 0.401258 
0.400795 -0.504304 0.485867 
-0.605278 -0.173665 0.40124 
0.400795 -0.504304 0.485867 
-0.605357 -0.174374 0.401752 
0.400795 -0.504304 0.485867 
-0.60524 -0.1756 0.402422 
0.400795 -0.504304 0.485867 
-0.605131 -0.176726 0.402983 
0.400795 -0.504304 0.485867 
-0.60502 -0.178082 0.403885 
0.400795 -0.504304 0.485867 
-0.604803 -0.179593 0.404383 
0.400795 -0.504304 0.485867 
-0.60444 -0.18146 0.405414 
0.400795 -0.504304 0.485867 
-0.604044 -0.183381 0.40631 
0.400795 -0.504304 0.485867 
-0.603633 -0.185781 0.407232 
0.400795 -0.504304 0.485867 
-0.603242 -0.187957 0.408196 
0.400795 -0.504304 0.485867 
-0.602897 -0.190123 0.409045 
0.400795 -0.504304 0.485867 
-0.602487 -0.192451 0.409777 
0.400795 -0.504304 0.485867 
-0.60203 -0.194942 0.410578 
0.400795 -0.504304 0.485867 
-0.601588 -0.197557 0.411108 
0.400795 -0.504304 0.485867 
-0.601231 -0.199931 0.41168 
0.400795 -0.504304 0.485867 
-0.600769 -0.202544 0.412693 
0.400795 -0.504304 0.485867 
-0.600365 -0.205082 0.413166 
0.400795 -0.504304 0.485867 
-0.599996 -0.207615 0.413608 
0.400795 -0.504304 0.485867 
-0.599684 -0.210258 0.414057 
0.400795 -0.504304 0.485867 
-0.599383 -0.212478 0.41445 
0.400795 -0.504304 0.485867 
-0.599087 -0.214927 0.414662 
0.400795 -0.504304 0.485867 
-0.598812 -0.217473 0.414883 
0.400795 -0.504304 0.485867 
-0.598579 -0.219772 0.415126 
0.400795 -0.504304 0.485867 
-0.598373 -0.221835 0.415596 
0.400795 -0.504304 0.485867 
-0.598291 -0.223814 0.415674 
0.400795 -0.504304 0.485867 
-0.59813 -0.226126 0.415994 
0.400795 -0.504304 0.485867 
-0.598036 -0.227887 0.415962 
0.400795 -0.504304 0.485867 
-0.599145 -0.228782 0.415256 
0.400795 -0.504304 0.485867 
-0.599049 -0.230348 0.414909 
0.400795 -0.504304 0.485867 
-0.598958 -0.23168 0.414428 
0.400795 -0.504304 0.485867 
-0.598839 -0.233249 0.414459 
0.400795 -0.504304 0.485867 
-0.598727 -0.234686 0.414464 
0.400795 -0.504304 0.485867 
-0.598594 -0.235482 0.413982 
0.400795 -0.504304 0.485867 
-0.598541 -0.236727 0.413297 
0.400795 -0.504304 0.485867 
-0.598511 -0.237639 0.41313 
0.400795 -0.504304 0.485867 
-0.598388 -0.238381 0.412859 
0.400795 -0.504304 0.485867 
-0.598311 -0.239253 0.412758 
0.400795 -0.504304 0.485867 
-0.598381 -0.239903 0.412312 
0.400795 -0.504304 0.485867 
-0.598497 -0.240975 0.412046 
0.400795 -0.504304 0.485867 
-0.598587 -0.241744 0.412164 
0.400795 -0.504304 0.485867 
-0.598676 -0.242893 0.412412 
0.400795 -0.504304 0.485867 
-0.598871 -0.243917 0.41221 
0.400795 -0.504304 0.485867 
-0.599038 -0.24462 0.41159 
0.400795 -0.504304 0.485867 
-0.599019 -0.245763 0.411819 
0.400795 -0.504304 0.485867 
-0.599171 -0.246655 0.411138 
0.400795 -0.504304 0.485867 
-0.599316 -0.247407 0.410523 
0.400795 -0.504304 0.485867 
-0.599387 -0.248571 0.410362 
0.400795 -0.504304 0.485867 
-0.599452 -0.249152 0.409936 
0.400795 -0.504304 0.485867 
-0.599551 -0.250017 0.409426 
0.400795 -0.504304 0.485867 
-0.599582 -0.250828 0.408998 
0.400795 -0.504304 0.485867 
-0.599619 -0.251394 0.408408 
0.400795 -0.504304 0.485867 
-0.599688 -0.252427 0.408084 
0.400795 -0.504304 0.485867 
-0.59817 -0.252967 0.40878 
0.400795 -0.504304 0.485867 
-0.59827 -0.253588 0.408545 
0.400795 -0.504304 0.485867 
-0.598371 -0.254703 0.408434 
0.400795 -0.504304 0.485867 
-0.598383 -0.255619 0.408309 
0.400795 -0.504304 0.485867 
-0.598354 -0.256364 0.407993 
0.400795 -0.504304 0.485867 
-0.598297 -0.257196 0.408104 
0.400795 -0.504304 0.485867 
-0.598319 -0.258148 0.408045 
0.400795 -0.504304 0.485867 
-0.598194 -0.258489 0.407706 
0.400795 -0.504304 0.485867 
-0.598152 -0.259206 0.407559 
0.400795 -0.504304 0.485867 
-0.597992 -0.259578 0.407544 
0.400795 -0.504304 0.485867 
-0.597797 -0.259867 0.407575 
0.400795 -0.504304 0.485867 
-0.597633 -0.260143 0.407478 
0.400795 -0.504304 0.485867 
-0.597362 -0.260357 0.407615 
0.400795 -0.504304 0.485867 
-0.597151 -0.260611 0.407536 
0.400795 -0.504304 0.485867 
-0.596883 -0.260559 0.407686 
0.400795 -0.504304 0.485867 
-0.596672 -0.260765 0.407832 
0.400795 -0.504304 0.485867 
-0.596442 -0.26086 0.408087 
0.400795 -0.504304 0.485867 
-0.5961 -0.260663 0.408348 
0.400795 -0.504304 0.485867 
-0.595796 -0.260747 0.408722 
0.400795 -0.504304 0.485867 
-0.595533 -0.260582 0.409029 
0.400795 -0.504304 0.485867 
-0.595075 -0.260379 0.409485 
0.400795 -0.504304 0.485867 
-0.594703 -0.26035 0.40946 
0.400795 -0.504304 0.485867 
-0.594418 -0.260292 0.409705 
0.400795 -0.504304 0.485867 
-0.594045 -0.260202 0.409965 
0.400795 -0.504304 0.485867 
-0.593595 -0.260262 0.410217 
0.400795 -0.504304 0.485867 
-0.593092 -0.260056 0.410285 
0.400795 -0.504304 0.485867 
-0.592497 -0.260074 0.410302 
0.400795 -0.504304 0.485867 
-0.592082 -0.260196 0.410275 
0.400795 -0.504304 0.485867 
-0.59165 -0.260479 0.41038 
0.400795 -0.504304 0.485867 
-0.591233 -0.260544 0.410447 
0.400795 -0.504304 0.485867 
-0.590964 -0.261005 0.410564 
0.400795 -0.504304 0.485867 
-0.590672 -0.261242 0.410706 
0.400795 -0.504304 0.485867 
-0.590486 -0.261842 0.410831 
0.400795 -0.504304 0.485867 
-0.590179 -0.26213 0.410893 
0.400795 -0.504304 0.485867 
-0.589933 -0.262425 0.410875 
0.400795 -0.504304 0.485867 
-0.589799 -0.262896 0.410903 
0.400795 -0.504304 0.485867 
-0.589569 -0.263349 0.41075 
0.400795 -0.504304 0.485867 
-0.589381 -0.263776 0.410577 
0.400795 -0.504304 0.485867 
-0.589189 -0.264249 0.410737 
0.400795 -0.504304 0.485867 
-0.588957 -0.264573 0.410905 
0.400795 -0.504304 0.485867 
-0.588919 -0.265214 0.410774 
0.400795 -0.504304 0.485867 
-0.588616 -0.265422 0.410741 
0.400795 -0.504304 0.485867 
-0.588311 -0.26549 0.410812 
0.400795 -0.504304 0.485867 
-0.588126 -0.265907 0.410959 
0.400795 -0.504304 0.485867 
-0.587927 -0.266301 0.410908 
0.400795 -0.504304 0.485867 
-0.587861 -0.266625 0.410583 
0.400795 -0.504304 0.485867 
-0.587703 -0.266974 0.410521 
0.400795 -0.504304 0.485867 
-0.587746 -0.267451 0.410455 
0.400795 -0.504304 0.485867 
-0.587653 -0.267769 0.41018 
0.400795 -0.504304 0.485867 
-0.587697 -0.268272 0.410019 
0.400795 -0.504304 0.485867 
-0.587609 -0.268511 0.410326 
0.400795 -0.504304 0.485867 
-0.587702 -0.268969 0.410543 
0.400795 -0.504304 0.485867 
-0.587648 -0.26881 0.410504 
0.400795 -0.504304 0.485867 
-0.587618 -0.26866 0.410526 
0.400795 -0.504304 0.485867 
-0.587626 -0.268773 0.410709 
0.400795 -0.504304 0.485867 
-0.587591 -0.268774 0.410851 
0.400795 -0.504304 0.485867 
-0.587579 -0.26871 0.410696 
0.400795 -0.504304 0.485867 
-0.587519 -0.268671 0.410716 
0.400795 -0.504304 0.485867 
-0.587571 -0.268668 0.410596 
0.400795 -0.504304 0.485867 
-0.58762 -0.268829 0.410529 
0.400795 -0.504304 0.485867 
-0.5876 -0.268802 0.410523 
0.400795 -0.504304 0.485867 
-0.587619 -0.268832 0.410607 
0.400795 -0.504304 0.485867 
-0.587598 -0.26878 0.410682 
0.400795 -0.504304 0.485867 
-0.587624 -0.268767 0.410616 
0.400795 -0.504304 0.485867 
-0.58766 -0.26883 0.410624 
0.400795 -0.504304 0.485867 
-0.587601 -0.268672 0.410574 
0.400795 -0.504304 0.485867 
-0.58756 -0.268601 0.410413 
0.400795 -0.504304 0.485867 
-0.587603 -0.268745 0.410336 
0.400795 -0.504304 0.485867 
-0.587521 -0.26858 0.410512 
0.400795 -0.504304 0.485867 
-0.587591 -0.268688 0.410484 
0.400795 -0.504304 0.485867 
-0.587557 -0.268728 0.410534 
0.400795 -0.504304 0.485867 
-0.587547 -0.268765 0.410517 
0.400795 -0.504304 0.485867 
-0.587599 -0.268759 0.410605 
0.400795 -0.504304 0.485867 
-0.587529 -0.268674 0.410623 
0.400795 -0.504304 0.485867 
-0.587626 -0.268819 0.410609 
0.400795 -0.504304 0.485867 
-0.587613 -0.268832 0.410664 
0.400795 -0.504304 0.485867 
-0.587592 -0.268834 0.410621 
0.400795 -0.504304 0.485867 
