-0.61456 -0.237429 0.38711 
0.400795 -0.504304 0.485867 
-0.614561 -0.23743 0.38711 
0.400795 -0.504304 0.485867 
-0.614561 -0.23743 0.38711 
0.400795 -0.504304 0.485867 
-0.615289 -0.237266 0.38619 
0.400795 -0.504304 0.485867 
-0.614501 -0.236847 0.386271 
0.400795 -0.504304 0.485867 
-0.613203 -0.236526 0.387381 
0.400795 -0.504304 0.485867 
-0.612738 -0.238688 0.385882 
0.400795 -0.504304 0.485867 
-0.613923 -0.237387 0.384953 
0.400795 -0.504304 0.485867 
-0.612672 -0.236035 0.383966 
0.400795 -0.504304 0.485867 
-0.614164 -0.236045 0.382367 
0.400795 -0.504304 0.485867 
-0.614157 -0.235543 0.380889 
0.400795 -0.504304 0.485867 
-0.609512 -0.237299 0.38166 
0.400795 -0.504304 0.485867 
-0.604507 -0.237376 0.382297 
0.400795 -0.504304 0.485867 
-0.600385 -0.235747 0.383587 
0.400795 -0.504304 0.485867 
