-0.597518 -0.198076 0.482228 
0.400795 -0.504304 0.485867 
-0.597517 -0.198076 0.482227 
0.400795 -0.504304 0.485867 
-0.597517 -0.198076 0.482227 
0.400795 -0.504304 0.485867 
-0.592174 -0.222268 0.459579 
0.400795 -0.504304 0.485867 
-0.593578 -0.243606 0.437088 
0.400795 -0.504304 0.485867 
-0.599539 -0.263853 0.4182 
0.400795 -0.504304 0.485867 
-0.608152 -0.278289 0.401542 
0.400795 -0.504304 0.485867 
-0.606716 -0.280165 0.405466 
0.400795 -0.504304 0.485867 
-0.604301 -0.278618 0.413127 
0.400795 -0.504304 0.485867 
-0.603438 -0.276116 0.418902 
0.400795 -0.504304 0.485867 
-0.603423 -0.27418 0.422568 
0.400795 -0.504304 0.485867 
-0.60357 -0.272827 0.424995 
0.400795 -0.504304 0.485867 
-0.603787 -0.272245 0.425444 
0.400795 -0.504304 0.485867 
-0.603892 -0.272325 0.425009 
0.400795 -0.504304 0.485867 
-0.603911 -0.272161 0.424713 
0.400795 -0.504304 0.485867 
-0.603839 -0.271995 0.425112 
0.400795 -0.504304 0.485867 
-0.603854 -0.271951 0.425082 
0.400795 -0.504304 0.485867 
-0.603908 -0.271992 0.424723 
0.400795 -0.504304 0.485867 
-0.60382 -0.271801 0.424713 
0.400795 -0.504304 0.485867 
-0.603533 -0.27145 0.425258 
0.400795 -0.504304 0.485867 
-0.603165 -0.270998 0.425009 
0.400795 -0.504304 0.485867 
-0.602663 -0.270476 0.424963 
0.400795 -0.504304 0.485867 
-0.602061 -0.26953 0.425301 
0.400795 -0.504304 0.485867 
-0.601261 -0.267827 0.426049 
0.400795 -0.504304 0.485867 
-0.60068 -0.26597 0.425178 
0.400795 -0.504304 0.485867 
-0.600067 -0.263569 0.425534 
0.400795 -0.504304 0.485867 
-0.59958 -0.261569 0.425008 
0.400795 -0.504304 0.485867 
-0.598965 -0.258357 0.42532 
0.400795 -0.504304 0.485867 
-0.598266 -0.254879 0.425438 
0.400795 -0.504304 0.485867 
-0.597834 -0.252486 0.425253 
0.400795 -0.504304 0.485867 
-0.597533 -0.248986 0.425325 
0.400795 -0.504304 0.485867 
-0.597373 -0.246352 0.425307 
0.400795 -0.504304 0.485867 
-0.597398 -0.243839 0.425023 
0.400795 -0.504304 0.485867 
-0.59757 -0.241101 0.424678 
0.400795 -0.504304 0.485867 
-0.597804 -0.239292 0.42489 
0.400795 -0.504304 0.485867 
-0.598109 -0.237383 0.424682 
0.400795 -0.504304 0.485867 
-0.598217 -0.23563 0.424465 
0.400795 -0.504304 0.485867 
-0.598326 -0.234455 0.424474 
0.400795 -0.504304 0.485867 
-0.598515 -0.232914 0.424284 
0.400795 -0.504304 0.485867 
-0.598731 -0.231964 0.424857 
0.400795 -0.504304 0.485867 
-0.599001 -0.231088 0.425171 
0.400795 -0.504304 0.485867 
-0.599294 -0.230011 0.42464 
0.400795 -0.504304 0.485867 
-0.599492 -0.228967 0.42493 
0.400795 -0.504304 0.485867 
-0.599591 -0.227768 0.425572 
0.400795 -0.504304 0.485867 
-0.599707 -0.227203 0.426002 
0.400795 -0.504304 0.485867 
-0.599685 -0.226255 0.426454 
0.400795 -0.504304 0.485867 
-0.599849 -0.224703 0.426667 
0.400795 -0.504304 0.485867 
-0.59997 -0.222744 0.42771 
0.400795 -0.504304 0.485867 
-0.600297 -0.221419 0.42745 
0.400795 -0.504304 0.485867 
-0.600472 -0.219649 0.428791 
0.400795 -0.504304 0.485867 
-0.600749 -0.217553 0.429937 
0.400795 -0.504304 0.485867 
-0.600965 -0.216136 0.430597 
0.400795 -0.504304 0.485867 
-0.601268 -0.213509 0.431147 
0.400795 -0.504304 0.485867 
-0.601477 -0.210708 0.431864 
0.400795 -0.504304 0.485867 
-0.601942 -0.207523 0.432638 
0.400795 -0.504304 0.485867 
-0.602437 -0.204476 0.433666 
0.400795 -0.504304 0.485867 
-0.60294 -0.201551 0.434682 
0.400795 -0.504304 0.485867 
-0.603353 -0.198731 0.435383 
0.400795 -0.504304 0.485867 
-0.603758 -0.195796 0.435842 
0.400795 -0.504304 0.485867 
-0.60423 -0.192539 0.436163 
0.400795 -0.504304 0.485867 
-0.604604 -0.18926 0.43652 
0.400795 -0.504304 0.485867 
-0.604871 -0.186275 0.436139 
0.400795 -0.504304 0.485867 
-0.605151 -0.183399 0.435719 
0.400795 -0.504304 0.485867 
-0.605393 -0.181056 0.43522 
0.400795 -0.504304 0.485867 
-0.605756 -0.178655 0.434954 
0.400795 -0.504304 0.485867 
-0.605988 -0.176734 0.434446 
0.400795 -0.504304 0.485867 
-0.606239 -0.175044 0.433809 
0.400795 -0.504304 0.485867 
