-0.614086 -0.24895 0.381168 
0.400795 -0.504304 0.485867 
-0.614087 -0.248951 0.381168 
0.400795 -0.504304 0.485867 
-0.614629 -0.249558 0.380158 
0.400795 -0.504304 0.485867 
-0.613878 -0.249731 0.380349 
0.400795 -0.504304 0.485867 
-0.613547 -0.249773 0.380568 
0.400795 -0.504304 0.485867 
-0.613279 -0.249544 0.38055 
0.400795 -0.504304 0.485867 
-0.61293 -0.250961 0.380484 
0.400795 -0.504304 0.485867 
-0.612379 -0.252394 0.380606 
0.400795 -0.504304 0.485867 
-0.611565 -0.253249 0.380657 
0.400795 -0.504304 0.485867 
-0.610424 -0.253314 0.380163 
0.400795 -0.504304 0.485867 
-0.609136 -0.253427 0.379456 
0.400795 -0.504304 0.485867 
-0.607939 -0.253734 0.379379 
0.400795 -0.504304 0.485867 
-0.607109 -0.253842 0.379214 
0.400795 -0.504304 0.485867 
-0.606078 -0.253828 0.379574 
0.400795 -0.504304 0.485867 
-0.605506 -0.254191 0.379022 
0.400795 -0.504304 0.485867 
-0.604935 -0.254003 0.378957 
0.400795 -0.504304 0.485867 
-0.604513 -0.254051 0.378814 
0.400795 -0.504304 0.485867 
-0.603998 -0.254191 0.37882 
0.400795 -0.504304 0.485867 
-0.603876 -0.253529 0.378359 
0.400795 -0.504304 0.485867 
-0.603434 -0.254132 0.378385 
0.400795 -0.504304 0.485867 
-0.603057 -0.254049 0.378537 
0.400795 -0.504304 0.485867 
-0.602879 -0.254227 0.378261 
0.400795 -0.504304 0.485867 
-0.60253 -0.254061 0.378342 
0.400795 -0.504304 0.485867 
-0.602421 -0.254291 0.378215 
0.400795 -0.504304 0.485867 
-0.60237 -0.253943 0.378014 
0.400795 -0.504304 0.485867 
-0.602065 -0.254206 0.378095 
0.400795 -0.504304 0.485867 
-0.601948 -0.254491 0.378143 
0.400795 -0.504304 0.485867 
-0.601642 -0.25428 0.37828 
0.400795 -0.504304 0.485867 
-0.601092 -0.254579 0.378061 
0.400795 -0.504304 0.485867 
-0.600557 -0.254956 0.377688 
0.400795 -0.504304 0.485867 
-0.599877 -0.254978 0.37771 
0.400795 -0.504304 0.485867 
-0.599271 -0.254918 0.377715 
0.400795 -0.504304 0.485867 
-0.598737 -0.254958 0.377602 
0.400795 -0.504304 0.485867 
-0.598329 -0.254931 0.37753 
0.400795 -0.504304 0.485867 
-0.598183 -0.254708 0.377237 
0.400795 -0.504304 0.485867 
-0.597973 -0.254638 0.377442 
0.400795 -0.504304 0.485867 
-0.598 -0.254438 0.377279 
0.400795 -0.504304 0.485867 
