-0.597268 -0.255126 0.407261 
0.570038 -0.13623 -0.302542 
-0.597268 -0.255126 0.407261 
0.570038 -0.13623 -0.302543 
-0.597268 -0.255126 0.407261 
0.570038 -0.13623 -0.302543 
-0.597268 -0.255126 0.407261 
0.569551 -0.135637 -0.302944 
-0.597268 -0.255126 0.407261 
0.57019 -0.134822 -0.304792 
-0.597268 -0.255126 0.407261 
0.56891 -0.134879 -0.305222 
-0.597268 -0.255126 0.407261 
0.568484 -0.134894 -0.305752 
-0.597268 -0.255126 0.407261 
0.569024 -0.134884 -0.306751 
-0.597268 -0.255126 0.407261 
0.569563 -0.134547 -0.307808 
-0.597268 -0.255126 0.407261 
0.569187 -0.134344 -0.30858 
-0.597268 -0.255126 0.407261 
0.568699 -0.134292 -0.309443 
-0.597268 -0.255126 0.407261 
0.568706 -0.133987 -0.31083 
-0.597268 -0.255126 0.407261 
0.386174 -0.491078 0.432096 
-0.597268 -0.255126 0.407261 
0.386173 -0.491078 0.432096 
-0.597268 -0.255126 0.407261 
0.386173 -0.491078 0.432096 
-0.597268 -0.255126 0.407261 
0.386873 -0.490579 0.431992 
-0.597268 -0.255126 0.407261 
0.388406 -0.490592 0.433454 
-0.597268 -0.255126 0.407261 
0.389314 -0.490548 0.432455 
-0.597268 -0.255126 0.407261 
0.389956 -0.490664 0.432258 
-0.597268 -0.255126 0.407261 
0.390597 -0.491104 0.433086 
-0.597268 -0.255126 0.407261 
0.391369 -0.491262 0.434035 
-0.597268 -0.255126 0.407261 
0.392251 -0.491271 0.434034 
-0.597268 -0.255126 0.407261 
0.393224 -0.491429 0.43392 
-0.597268 -0.255126 0.407261 
0.394503 -0.491629 0.434504 
