-0.597268 -0.255126 0.407261 
0.386715 -0.49147 0.441276 
-0.597268 -0.255126 0.407261 
0.386714 -0.49147 0.441276 
-0.597268 -0.255126 0.407261 
0.386714 -0.49147 0.441276 
-0.597268 -0.255126 0.407261 
0.386714 -0.49147 0.441276 
-0.597268 -0.255126 0.407261 
0.386714 -0.49147 0.441276 
-0.597268 -0.255126 0.407261 
0.386714 -0.49147 0.441276 
-0.597268 -0.255126 0.407261 
0.386714 -0.49147 0.441276 
-0.597268 -0.255126 0.407261 
0.386714 -0.49147 0.441276 
-0.597268 -0.255126 0.407261 
0.386714 -0.49147 0.441276 
-0.597268 -0.255126 0.407261 
0.386714 -0.49147 0.441276 
-0.597268 -0.255126 0.407261 
0.386714 -0.49147 0.441276 
-0.597268 -0.255126 0.407261 
0.386714 -0.49147 0.441276 
-0.597268 -0.255126 0.407261 
0.386714 -0.49147 0.441276 
-0.597268 -0.255126 0.407261 
0.386714 -0.49147 0.441276 
-0.597268 -0.255126 0.407261 
0.386714 -0.49147 0.441276 
-0.597268 -0.255126 0.407261 
0.386714 -0.49147 0.441276 
-0.597268 -0.255126 0.407261 
0.386714 -0.49147 0.441276 
-0.597268 -0.255126 0.407261 
0.386714 -0.49147 0.441276 
-0.597268 -0.255126 0.407261 
0.386714 -0.49147 0.441276 
-0.597268 -0.255126 0.407261 
0.386714 -0.49147 0.441276 
-0.597268 -0.255126 0.407261 
0.386714 -0.49147 0.441276 
-0.597268 -0.255126 0.407261 
0.386714 -0.49147 0.441276 
-0.597268 -0.255126 0.407261 
0.386714 -0.49147 0.441276 
-0.597268 -0.255126 0.407261 
0.386714 -0.49147 0.441276 
-0.597268 -0.255126 0.407261 
0.386714 -0.49147 0.441276 
-0.597268 -0.255126 0.407261 
0.386714 -0.49147 0.441276 
-0.597268 -0.255126 0.407261 
0.386714 -0.49147 0.441276 
-0.597268 -0.255126 0.407261 
0.386714 -0.49147 0.441276 
-0.597268 -0.255126 0.407261 
0.386714 -0.49147 0.441276 
-0.597268 -0.255126 0.407261 
0.386714 -0.49147 0.441276 
-0.597268 -0.255126 0.407261 
0.386714 -0.49147 0.441276 
-0.597268 -0.255126 0.407261 
0.386714 -0.49147 0.441276 
-0.597268 -0.255126 0.407261 
0.386714 -0.49147 0.441276 
-0.597268 -0.255126 0.407261 
0.386714 -0.49147 0.441276 
-0.597268 -0.255126 0.407261 
0.386714 -0.49147 0.441276 
-0.597268 -0.255126 0.407261 
0.386714 -0.49147 0.441276 
-0.597268 -0.255126 0.407261 
0.386714 -0.49147 0.441276 
-0.597268 -0.255126 0.407261 
0.386714 -0.49147 0.441276 
-0.597268 -0.255126 0.407261 
0.386714 -0.49147 0.441276 
-0.597268 -0.255126 0.407261 
0.386714 -0.49147 0.441276 
-0.597268 -0.255126 0.407261 
0.386714 -0.49147 0.441276 
-0.597268 -0.255126 0.407261 
0.386714 -0.49147 0.441276 
-0.597268 -0.255126 0.407261 
0.386714 -0.49147 0.441276 
-0.597268 -0.255126 0.407261 
0.386714 -0.49147 0.441276 
-0.597268 -0.255126 0.407261 
0.386714 -0.49147 0.441276 
-0.597268 -0.255126 0.407261 
0.386714 -0.49147 0.441276 
-0.597268 -0.255126 0.407261 
0.386714 -0.49147 0.441276 
-0.597268 -0.255126 0.407261 
0.386714 -0.49147 0.441276 
-0.597268 -0.255126 0.407261 
0.386714 -0.49147 0.441276 
-0.597268 -0.255126 0.407261 
0.386714 -0.49147 0.441276 
-0.597268 -0.255126 0.407261 
0.386714 -0.49147 0.441276 
-0.597268 -0.255126 0.407261 
0.386714 -0.49147 0.441276 
-0.597268 -0.255126 0.407261 
0.386714 -0.49147 0.441276 
-0.597268 -0.255126 0.407261 
0.386714 -0.49147 0.441276 
-0.597268 -0.255126 0.407261 
0.386714 -0.49147 0.441276 
-0.597268 -0.255126 0.407261 
0.386714 -0.49147 0.441276 
-0.597268 -0.255126 0.407261 
0.386714 -0.49147 0.441276 
-0.597268 -0.255126 0.407261 
0.386714 -0.49147 0.441276 
-0.597268 -0.255126 0.407261 
0.386714 -0.49147 0.441276 
