-0.602666 -0.233015 0.39054 
0.4342 -0.483561 0.467064 
-0.602868 -0.23263 0.390282 
0.4342 -0.483561 0.467064 
-0.602625 -0.232706 0.390631 
0.432682 -0.480659 0.465671 
-0.602719 -0.232581 0.390466 
0.433328 -0.483755 0.466734 
-0.602962 -0.232659 0.389999 
0.432975 -0.483858 0.466523 
-0.602934 -0.232475 0.390145 
0.432686 -0.483939 0.466443 
-0.602749 -0.232864 0.390494 
0.432199 -0.484025 0.466415 
-0.602523 -0.232889 0.390762 
0.431212 -0.484115 0.466448 
-0.605827 -0.232589 0.385113 
0.428763 -0.482075 0.46597 
-0.60334 -0.232987 0.38903 
0.427761 -0.484184 0.465836 
-0.603009 -0.232644 0.389768 
0.425764 -0.484448 0.46518 
-0.605921 -0.232526 0.384882 
0.423639 -0.484806 0.46444 
-0.603501 -0.232418 0.38886 
0.421565 -0.485116 0.463656 
-0.603474 -0.232559 0.388976 
0.41884 -0.483184 0.464004 
-0.602786 -0.232306 0.390286 
0.416834 -0.482803 0.463068 
-0.60281 -0.232439 0.390348 
0.41512 -0.48259 0.463724 
-0.60263 -0.232343 0.390536 
0.413806 -0.482583 0.463755 
-0.602666 -0.232254 0.390498 
0.411885 -0.483511 0.462767 
-0.60257 -0.2323 0.390812 
0.410022 -0.48313 0.463095 
-0.602747 -0.232265 0.390498 
0.409408 -0.483978 0.462029 
-0.602573 -0.232543 0.390759 
0.408224 -0.484644 0.461192 
-0.602698 -0.232291 0.390616 
0.405887 -0.485245 0.460145 
-0.602639 -0.232557 0.390845 
0.407119 -0.484932 0.460805 
-0.602681 -0.232713 0.39077 
0.407498 -0.485224 0.462638 
-0.602745 -0.232713 0.390705 
0.407382 -0.485961 0.462251 
-0.602788 -0.232746 0.390596 
0.40669 -0.485937 0.461348 
-0.602677 -0.232666 0.390772 
0.406879 -0.486747 0.462037 
-0.602701 -0.232554 0.390833 
0.406402 -0.486457 0.461583 
-0.602726 -0.232672 0.390848 
0.406888 -0.487343 0.4627 
-0.602537 -0.232905 0.390993 
0.406321 -0.487719 0.461295 
-0.601849 -0.229686 0.383629 
0.438626 -0.481281 0.476603 
-0.601731 -0.230152 0.383485 
0.438626 -0.481281 0.476603 
-0.601842 -0.229733 0.383604 
0.437458 -0.482178 0.473431 
-0.601842 -0.229726 0.383589 
0.43759 -0.483177 0.474382 
-0.601843 -0.229731 0.383591 
0.437255 -0.482849 0.47397 
-0.601845 -0.229725 0.383568 
0.436885 -0.483347 0.473342 
-0.601847 -0.229721 0.383543 
0.436671 -0.483248 0.473896 
-0.601849 -0.229725 0.38354 
0.436004 -0.483733 0.474357 
-0.601842 -0.22973 0.383571 
0.434697 -0.483563 0.474403 
-0.601819 -0.229703 0.383583 
0.433156 -0.484134 0.474037 
-0.60179 -0.229677 0.383616 
0.430702 -0.483985 0.472638 
-0.601751 -0.229612 0.383594 
0.429313 -0.484209 0.471776 
-0.601724 -0.229586 0.383619 
0.427545 -0.484554 0.470399 
-0.601715 -0.229593 0.383665 
0.42607 -0.485404 0.472048 
-0.601714 -0.229596 0.383669 
0.424759 -0.485198 0.471039 
-0.601711 -0.229616 0.383718 
0.422693 -0.486032 0.471844 
-0.601711 -0.229611 0.383707 
0.41996 -0.486746 0.471688 
-0.601707 -0.229619 0.383741 
0.418522 -0.486535 0.470953 
-0.601702 -0.229627 0.383783 
0.416227 -0.486607 0.470493 
-0.601699 -0.229633 0.383813 
0.414333 -0.487862 0.470431 
-0.601692 -0.229641 0.383856 
0.413698 -0.487832 0.470134 
-0.601699 -0.229653 0.383859 
0.413576 -0.488573 0.471 
-0.601719 -0.22969 0.383882 
0.411929 -0.488757 0.469154 
-0.60175 -0.229741 0.383888 
0.411561 -0.489349 0.468933 
-0.601787 -0.229809 0.383929 
0.411956 -0.489355 0.469596 
-0.601803 -0.229835 0.383935 
0.412287 -0.489988 0.471169 
-0.601787 -0.2298 0.383939 
0.412361 -0.489325 0.47239 
-0.601753 -0.229745 0.384011 
0.411803 -0.489593 0.470805 
-0.601729 -0.229704 0.384057 
0.411672 -0.489937 0.470823 
-0.601713 -0.22969 0.38411 
0.411329 -0.490739 0.470107 
-0.601831 -0.229672 0.383422 
0.439188 -0.481539 0.476281 
-0.601831 -0.229672 0.383422 
0.429689 -0.484204 0.474417 
-0.601831 -0.229672 0.383419 
0.437724 -0.482099 0.476151 
-0.601832 -0.229665 0.383404 
0.432492 -0.483654 0.475198 
-0.601833 -0.229669 0.383406 
0.432193 -0.48401 0.474149 
-0.601835 -0.229663 0.383383 
0.432545 -0.483239 0.473802 
-0.601837 -0.22966 0.383358 
0.432371 -0.48429 0.472029 
-0.601839 -0.229663 0.383355 
0.431554 -0.48347 0.472932 
-0.601832 -0.229669 0.383387 
0.433282 -0.483663 0.473561 
-0.601809 -0.229642 0.383399 
0.430895 -0.484442 0.471938 
-0.60178 -0.229616 0.383431 
0.429891 -0.484359 0.472208 
-0.601741 -0.229551 0.38341 
0.428305 -0.484533 0.471923 
-0.601714 -0.229525 0.383434 
0.42623 -0.48494 0.469748 
-0.601705 -0.229532 0.383481 
0.424584 -0.48517 0.470639 
-0.601704 -0.229535 0.383485 
0.422539 -0.485402 0.470961 
-0.601701 -0.229555 0.383534 
0.421048 -0.486401 0.472332 
-0.601701 -0.22955 0.383523 
0.419317 -0.485953 0.470104 
-0.601697 -0.229559 0.383557 
0.4177 -0.486357 0.47 
-0.601692 -0.229567 0.383599 
0.416491 -0.487 0.470193 
-0.601689 -0.229572 0.383629 
0.415708 -0.487612 0.470736 
-0.601682 -0.22958 0.383671 
0.414051 -0.488187 0.468995 
-0.601689 -0.229592 0.383675 
0.411816 -0.489052 0.470434 
-0.601709 -0.22963 0.383697 
0.41168 -0.488626 0.468601 
-0.60174 -0.229681 0.383703 
0.411885 -0.489598 0.468447 
-0.601777 -0.229749 0.383744 
0.412239 -0.489442 0.469799 
-0.601793 -0.229775 0.383751 
0.411988 -0.489646 0.46943 
-0.601777 -0.22974 0.383754 
0.411516 -0.489934 0.468546 
-0.601743 -0.229685 0.383827 
0.411961 -0.48987 0.47028 
-0.601719 -0.229644 0.383873 
0.411794 -0.490169 0.469841 
-0.601703 -0.22963 0.383925 
0.411829 -0.490948 0.469774 
-0.601824 -0.229645 0.383172 
0.439131 -0.481576 0.475962 
-0.601824 -0.229645 0.383172 
0.429056 -0.484505 0.472394 
-0.601824 -0.229644 0.383169 
0.432746 -0.484013 0.4755 
-0.601824 -0.229637 0.383154 
0.432633 -0.484265 0.475218 
-0.601826 -0.229642 0.383156 
0.43211 -0.484456 0.473363 
-0.601828 -0.229636 0.383133 
0.432501 -0.483881 0.474374 
-0.60183 -0.229632 0.383108 
0.433864 -0.483453 0.474917 
-0.601832 -0.229636 0.383105 
0.43198 -0.483621 0.474216 
-0.601824 -0.229642 0.383136 
0.43129 -0.484072 0.473896 
-0.601801 -0.229615 0.383148 
0.432283 -0.484366 0.474991 
-0.601773 -0.229588 0.383181 
0.43017 -0.484615 0.473996 
-0.601734 -0.229523 0.383159 
0.428202 -0.484893 0.4724 
-0.601706 -0.229497 0.383184 
0.42686 -0.485187 0.472171 
-0.601698 -0.229504 0.38323 
0.426047 -0.485603 0.473997 
-0.601697 -0.229508 0.383234 
0.424063 -0.485866 0.472263 
-0.601694 -0.229527 0.383283 
0.422789 -0.486255 0.472093 
-0.601693 -0.229523 0.383272 
0.420943 -0.486618 0.472227 
-0.601689 -0.229531 0.383306 
0.418922 -0.486846 0.471049 
-0.601684 -0.229539 0.383348 
0.417706 -0.486647 0.471059 
-0.601681 -0.229545 0.383378 
0.415633 -0.48748 0.469588 
-0.601675 -0.229553 0.38342 
0.414214 -0.48849 0.471047 
-0.601682 -0.229565 0.383424 
0.413606 -0.488071 0.470342 
-0.601701 -0.229603 0.383447 
0.413655 -0.488476 0.470401 
-0.601732 -0.229653 0.383452 
0.413187 -0.488938 0.470445 
-0.601769 -0.229721 0.383493 
0.413023 -0.489274 0.470682 
-0.601785 -0.229747 0.3835 
0.411519 -0.490025 0.469631 
-0.601769 -0.229712 0.383504 
0.412127 -0.489871 0.470393 
-0.601735 -0.229657 0.383576 
0.412419 -0.49012 0.47163 
-0.601711 -0.229616 0.383622 
0.413033 -0.490547 0.469804 
-0.601695 -0.229603 0.383674 
0.411604 -0.491095 0.470064 
