-0.636863 -0.252303 0.374481 
0.400795 -0.504304 0.485867 
-0.636863 -0.252303 0.374481 
0.400795 -0.504304 0.485867 
-0.639519 -0.252644 0.378168 
0.400795 -0.504304 0.485867 
-0.643727 -0.25347 0.378611 
0.400795 -0.504304 0.485867 
-0.644207 -0.254551 0.377532 
0.400795 -0.504304 0.485867 
-0.64337 -0.254639 0.377326 
0.400795 -0.504304 0.485867 
-0.642654 -0.254246 0.377541 
0.400795 -0.504304 0.485867 
-0.639537 -0.253225 0.378676 
0.400795 -0.504304 0.485867 
-0.634318 -0.250709 0.380182 
0.400795 -0.504304 0.485867 
-0.63027 -0.248601 0.381803 
0.400795 -0.504304 0.485867 
-0.62792 -0.247624 0.38268 
0.400795 -0.504304 0.485867 
-0.626496 -0.247455 0.382864 
0.400795 -0.504304 0.485867 
-0.624294 -0.247099 0.383891 
0.400795 -0.504304 0.485867 
-0.622984 -0.246535 0.384146 
0.400795 -0.504304 0.485867 
-0.621306 -0.245674 0.384674 
0.400795 -0.504304 0.485867 
-0.618574 -0.244194 0.385281 
0.400795 -0.504304 0.485867 
-0.615326 -0.242629 0.386081 
0.400795 -0.504304 0.485867 
-0.612148 -0.241194 0.387288 
0.400795 -0.504304 0.485867 
-0.610315 -0.24022 0.387359 
0.400795 -0.504304 0.485867 
-0.608913 -0.239448 0.387687 
0.400795 -0.504304 0.485867 
-0.608219 -0.238799 0.386748 
0.400795 -0.504304 0.485867 
-0.608605 -0.238704 0.386461 
0.400795 -0.504304 0.485867 
-0.45805 -0.16486 0.48415 
0.400795 -0.504304 0.485867 
