-0.597268 -0.255126 0.407261 
0.401241 -0.4799 0.469113 
-0.597268 -0.255126 0.407261 
0.400639 -0.480302 0.468985 
-0.597268 -0.255126 0.407261 
0.399282 -0.480352 0.471673 
-0.597268 -0.255126 0.407261 
0.39897 -0.479281 0.47205 
-0.597268 -0.255126 0.407261 
0.399548 -0.481591 0.473555 
-0.597268 -0.255126 0.407261 
0.399356 -0.482335 0.469274 
-0.597268 -0.255126 0.407261 
0.399751 -0.483524 0.470105 
-0.597268 -0.255126 0.407261 
0.399551 -0.485399 0.468817 
-0.597268 -0.255126 0.407261 
0.399713 -0.486207 0.470241 
-0.597268 -0.255126 0.407261 
0.399288 -0.486911 0.468514 
-0.597268 -0.255126 0.407261 
0.399533 -0.487343 0.469903 
-0.597268 -0.255126 0.407261 
0.399152 -0.488721 0.468161 
-0.597268 -0.255126 0.407261 
0.399618 -0.489102 0.46921 
-0.597268 -0.255126 0.407261 
0.399394 -0.489692 0.469494 
-0.597268 -0.255126 0.407261 
0.399461 -0.490429 0.469117 
-0.597268 -0.255126 0.407261 
0.399404 -0.492183 0.469279 
-0.597268 -0.255126 0.407261 
0.398935 -0.493106 0.467851 
-0.597268 -0.255126 0.407261 
0.398953 -0.494467 0.468766 
-0.597268 -0.255126 0.407261 
0.398509 -0.494948 0.468864 
-0.597268 -0.255126 0.407261 
0.398044 -0.495174 0.468656 
-0.597268 -0.255126 0.407261 
0.397964 -0.496276 0.468237 
-0.597268 -0.255126 0.407261 
0.397682 -0.496459 0.468762 
-0.597268 -0.255126 0.407261 
0.397946 -0.4983 0.468112 
-0.597268 -0.255126 0.407261 
0.398525 -0.497514 0.469144 
-0.597268 -0.255126 0.407261 
0.399802 -0.496089 0.470588 
-0.597268 -0.255126 0.407261 
0.401886 -0.494601 0.471683 
-0.597268 -0.255126 0.407261 
0.404591 -0.493266 0.472518 
-0.597268 -0.255126 0.407261 
0.407916 -0.492957 0.47445 
-0.597268 -0.255126 0.407261 
0.411248 -0.491728 0.476751 
-0.597268 -0.255126 0.407261 
0.414041 -0.490239 0.477066 
-0.597268 -0.255126 0.407261 
0.417418 -0.489608 0.478401 
-0.597268 -0.255126 0.407261 
0.420655 -0.488141 0.479968 
-0.597268 -0.255126 0.407261 
0.423668 -0.486915 0.480256 
-0.597268 -0.255126 0.407261 
0.426498 -0.485386 0.480446 
-0.597268 -0.255126 0.407261 
0.429599 -0.483808 0.480756 
-0.597268 -0.255126 0.407261 
0.433065 -0.483056 0.483336 
-0.597268 -0.255126 0.407261 
0.434809 -0.481476 0.48439 
-0.597268 -0.255126 0.407261 
0.437092 -0.481927 0.484831 
-0.597268 -0.255126 0.407261 
0.43703 -0.481806 0.482802 
-0.597268 -0.255126 0.407261 
0.437423 -0.482086 0.483298 
-0.597268 -0.255126 0.407261 
0.438062 -0.482488 0.484218 
