-0.637606 -0.241904 0.373407 
0.381226 -0.482719 0.439175 
-0.637241 -0.242378 0.374496 
0.381578 -0.486961 0.442664 
-0.63733 -0.242684 0.374854 
0.381732 -0.487822 0.441978 
-0.637471 -0.243423 0.375009 
0.381786 -0.488025 0.444448 
-0.63762 -0.244261 0.374732 
0.381581 -0.48778 0.444525 
-0.637328 -0.243898 0.374547 
0.381648 -0.488488 0.445525 
-0.635394 -0.242942 0.375126 
0.382057 -0.489771 0.445069 
-0.632224 -0.241963 0.376263 
0.38232 -0.49119 0.443996 
-0.628008 -0.240375 0.377501 
0.382898 -0.492356 0.443366 
-0.624653 -0.239075 0.378632 
0.383114 -0.493019 0.441351 
-0.622309 -0.238104 0.379509 
0.383307 -0.493464 0.441654 
-0.620288 -0.2373 0.380054 
0.383627 -0.494829 0.442488 
-0.618675 -0.236802 0.380392 
0.383706 -0.495272 0.442511 
-0.617127 -0.235966 0.380767 
0.383588 -0.495782 0.442189 
-0.615367 -0.235335 0.381421 
0.383659 -0.497068 0.442582 
-0.612365 -0.234151 0.382394 
0.383565 -0.49812 0.441428 
-0.609579 -0.232843 0.382999 
0.383311 -0.498477 0.440053 
-0.60711 -0.2316 0.383666 
0.383303 -0.498799 0.440395 
-0.604479 -0.230737 0.384277 
0.383366 -0.499704 0.439851 
