-0.597268 -0.255126 0.407261 
0.386657 -0.491291 0.441374 
-0.597268 -0.255126 0.407261 
0.386657 -0.491291 0.441374 
-0.597268 -0.255126 0.407261 
0.386657 -0.491291 0.441374 
-0.597268 -0.255126 0.407261 
0.387344 -0.490783 0.441235 
-0.597268 -0.255126 0.407261 
0.388928 -0.490743 0.442641 
-0.597268 -0.255126 0.407261 
0.389799 -0.490705 0.441609 
-0.597268 -0.255126 0.407261 
0.390435 -0.490815 0.441391 
-0.597268 -0.255126 0.407261 
0.391113 -0.491228 0.442203 
-0.597268 -0.255126 0.407261 
0.39192 -0.491355 0.443127 
-0.597268 -0.255126 0.407261 
0.392802 -0.49135 0.443095 
-0.597268 -0.255126 0.407261 
0.393773 -0.491495 0.442948 
-0.597268 -0.255126 0.407261 
0.395075 -0.491663 0.44349 
-0.597268 -0.255126 0.407261 
0.396452 -0.491782 0.444076 
-0.597268 -0.255126 0.407261 
0.398897 -0.49202 0.444687 
-0.597268 -0.255126 0.407261 
0.401293 -0.492371 0.445281 
-0.597268 -0.255126 0.407261 
0.403612 -0.492681 0.445542 
-0.597268 -0.255126 0.407261 
0.406147 -0.492972 0.446251 
-0.597268 -0.255126 0.407261 
0.408789 -0.493216 0.446388 
-0.597268 -0.255126 0.407261 
0.41146 -0.493424 0.446132 
-0.597268 -0.255126 0.407261 
0.414254 -0.493673 0.44601 
-0.597268 -0.255126 0.407261 
0.417038 -0.493855 0.446321 
-0.597268 -0.255126 0.407261 
0.419759 -0.493921 0.445869 
-0.597268 -0.255126 0.407261 
0.422362 -0.494022 0.445392 
-0.597268 -0.255126 0.407261 
0.424946 -0.494188 0.445161 
-0.597268 -0.255126 0.407261 
0.427518 -0.494426 0.445277 
-0.597268 -0.255126 0.407261 
0.430035 -0.494575 0.445108 
-0.597268 -0.255126 0.407261 
0.432478 -0.494781 0.444825 
-0.597268 -0.255126 0.407261 
0.434911 -0.495059 0.445041 
-0.597268 -0.255126 0.407261 
0.437214 -0.495243 0.445198 
-0.597268 -0.255126 0.407261 
0.439438 -0.495482 0.445159 
-0.597268 -0.255126 0.407261 
0.441474 -0.495767 0.445045 
-0.597268 -0.255126 0.407261 
0.443402 -0.496006 0.445128 
-0.597268 -0.255126 0.407261 
0.445192 -0.496331 0.445985 
-0.597268 -0.255126 0.407261 
0.446618 -0.496602 0.445939 
-0.597268 -0.255126 0.407261 
0.447738 -0.496756 0.445547 
-0.597268 -0.255126 0.407261 
0.448609 -0.496902 0.445489 
-0.597268 -0.255126 0.407261 
0.448606 -0.4969 0.445486 
-0.597268 -0.255126 0.407261 
0.448609 -0.496905 0.445484 
-0.597268 -0.255126 0.407261 
0.448609 -0.496904 0.445485 
-0.597268 -0.255126 0.407261 
0.448605 -0.496898 0.445489 
-0.597268 -0.255126 0.407261 
0.448606 -0.4969 0.445489 
-0.597268 -0.255126 0.407261 
0.448602 -0.496896 0.445489 
-0.597268 -0.255126 0.407261 
0.448607 -0.496898 0.4455 
-0.597268 -0.255126 0.407261 
0.448601 -0.496889 0.445507 
-0.597268 -0.255126 0.407261 
0.4486 -0.49689 0.445504 
-0.597268 -0.255126 0.407261 
0.448597 -0.496887 0.445503 
-0.597268 -0.255126 0.407261 
0.448593 -0.496883 0.445504 
-0.597268 -0.255126 0.407261 
0.44859 -0.496878 0.445508 
-0.597268 -0.255126 0.407261 
0.448586 -0.496876 0.445503 
-0.597268 -0.255126 0.407261 
0.448737 -0.496991 0.445623 
-0.597268 -0.255126 0.407261 
0.448737 -0.496991 0.445623 
-0.597268 -0.255126 0.407261 
0.448737 -0.496991 0.445623 
-0.597268 -0.255126 0.407261 
0.448737 -0.496991 0.445623 
-0.597268 -0.255126 0.407261 
0.448737 -0.496991 0.445623 
-0.597268 -0.255126 0.407261 
0.448737 -0.496991 0.445623 
-0.597268 -0.255126 0.407261 
0.448737 -0.496991 0.445623 
-0.597268 -0.255126 0.407261 
0.448737 -0.496991 0.445623 
-0.597268 -0.255126 0.407261 
0.448737 -0.496991 0.445623 
-0.597268 -0.255126 0.407261 
0.448737 -0.496991 0.445623 
-0.597268 -0.255126 0.407261 
0.448737 -0.496991 0.445623 
-0.597268 -0.255126 0.407261 
0.448737 -0.496991 0.445623 
-0.597268 -0.255126 0.407261 
0.448737 -0.496991 0.445623 
-0.597268 -0.255126 0.407261 
0.448737 -0.496991 0.445623 
-0.597268 -0.255126 0.407261 
0.448737 -0.496991 0.445623 
-0.597268 -0.255126 0.407261 
0.448737 -0.496991 0.445623 
-0.597268 -0.255126 0.407261 
0.448737 -0.496991 0.445623 
-0.597268 -0.255126 0.407261 
0.448737 -0.496991 0.445623 
-0.597268 -0.255126 0.407261 
0.448737 -0.496991 0.445623 
-0.597268 -0.255126 0.407261 
0.448737 -0.496991 0.445623 
-0.597268 -0.255126 0.407261 
0.448737 -0.496991 0.445623 
-0.597268 -0.255126 0.407261 
0.448737 -0.496991 0.445623 
-0.597268 -0.255126 0.407261 
0.448737 -0.496991 0.445623 
-0.597268 -0.255126 0.407261 
0.448737 -0.496991 0.445623 
-0.597268 -0.255126 0.407261 
0.448737 -0.496991 0.445623 
-0.597268 -0.255126 0.407261 
0.448737 -0.496991 0.445623 
-0.597268 -0.255126 0.407261 
0.448737 -0.496991 0.445623 
-0.597268 -0.255126 0.407261 
0.448737 -0.496991 0.445623 
-0.597268 -0.255126 0.407261 
0.448737 -0.496991 0.445623 
-0.597268 -0.255126 0.407261 
0.448737 -0.496991 0.445623 
-0.597268 -0.255126 0.407261 
0.448737 -0.496991 0.445623 
-0.597268 -0.255126 0.407261 
0.448737 -0.496991 0.445623 
-0.597268 -0.255126 0.407261 
0.448737 -0.496991 0.445623 
-0.597268 -0.255126 0.407261 
0.448737 -0.496991 0.445623 
-0.597268 -0.255126 0.407261 
0.448737 -0.496991 0.445623 
-0.597268 -0.255126 0.407261 
0.448737 -0.496991 0.445623 
-0.597268 -0.255126 0.407261 
0.448737 -0.496991 0.445623 
-0.597268 -0.255126 0.407261 
0.448737 -0.496991 0.445623 
-0.597268 -0.255126 0.407261 
0.448737 -0.496991 0.445623 
-0.597268 -0.255126 0.407261 
0.448737 -0.496991 0.445623 
-0.597268 -0.255126 0.407261 
0.448737 -0.496991 0.445623 
-0.597268 -0.255126 0.407261 
0.448737 -0.496991 0.445623 
-0.597268 -0.255126 0.407261 
0.448737 -0.496991 0.445623 
-0.597268 -0.255126 0.407261 
0.448737 -0.496991 0.445623 
-0.597268 -0.255126 0.407261 
0.448737 -0.496991 0.445623 
-0.597268 -0.255126 0.407261 
0.448737 -0.496991 0.445623 
-0.597268 -0.255126 0.407261 
0.448737 -0.496991 0.445623 
-0.597268 -0.255126 0.407261 
0.448737 -0.496991 0.445623 
-0.597268 -0.255126 0.407261 
0.448737 -0.496991 0.445623 
-0.597268 -0.255126 0.407261 
0.448737 -0.496991 0.445623 
