-0.624453 -0.22313 0.419015 
0.400795 -0.504304 0.485867 
-0.624454 -0.22313 0.419015 
0.400795 -0.504304 0.485867 
-0.624685 -0.223445 0.417389 
0.400795 -0.504304 0.485867 
-0.624077 -0.223978 0.416654 
0.400795 -0.504304 0.485867 
-0.623454 -0.225213 0.41724 
0.400795 -0.504304 0.485867 
-0.622187 -0.227407 0.417286 
0.400795 -0.504304 0.485867 
-0.619687 -0.227751 0.417387 
0.400795 -0.504304 0.485867 
-0.617341 -0.228324 0.418215 
0.400795 -0.504304 0.485867 
-0.615866 -0.228328 0.418586 
0.400795 -0.504304 0.485867 
-0.614843 -0.22824 0.418943 
0.400795 -0.504304 0.485867 
-0.614012 -0.228436 0.418803 
0.400795 -0.504304 0.485867 
-0.613285 -0.228299 0.419107 
0.400795 -0.504304 0.485867 
-0.612928 -0.228476 0.418776 
0.400795 -0.504304 0.485867 
-0.612643 -0.228166 0.418782 
0.400795 -0.504304 0.485867 
-0.612206 -0.228473 0.418865 
0.400795 -0.504304 0.485867 
-0.61138 -0.228924 0.419043 
0.400795 -0.504304 0.485867 
-0.610077 -0.229829 0.419286 
0.400795 -0.504304 0.485867 
-0.60898 -0.229494 0.419441 
0.400795 -0.504304 0.485867 
-0.60821 -0.229063 0.419589 
0.400795 -0.504304 0.485867 
-0.608169 -0.228899 0.419519 
0.400795 -0.504304 0.485867 
-0.608143 -0.229137 0.419969 
0.400795 -0.504304 0.485867 
-0.608209 -0.229185 0.41982 
0.400795 -0.504304 0.485867 
-0.60832 -0.229325 0.419518 
0.400795 -0.504304 0.485867 
-0.608311 -0.229302 0.419254 
0.400795 -0.504304 0.485867 
-0.608223 -0.229403 0.41936 
0.400795 -0.504304 0.485867 
-0.608288 -0.229224 0.419273 
0.400795 -0.504304 0.485867 
-0.608166 -0.22934 0.41977 
0.400795 -0.504304 0.485867 
-0.608097 -0.229323 0.419866 
0.400795 -0.504304 0.485867 
-0.608236 -0.229196 0.419476 
0.400795 -0.504304 0.485867 
-0.608238 -0.22938 0.419985 
0.400795 -0.504304 0.485867 
-0.608295 -0.229615 0.420019 
0.400795 -0.504304 0.485867 
-0.608346 -0.229572 0.419939 
0.400795 -0.504304 0.485867 
-0.608351 -0.229425 0.420093 
0.400795 -0.504304 0.485867 
-0.608358 -0.229442 0.420234 
0.400795 -0.504304 0.485867 
-0.608403 -0.229278 0.420184 
0.400795 -0.504304 0.485867 
-0.608437 -0.22953 0.419978 
0.400795 -0.504304 0.485867 
-0.608423 -0.229566 0.419908 
0.400795 -0.504304 0.485867 
-0.608446 -0.22953 0.419983 
0.400795 -0.504304 0.485867 
-0.608439 -0.229549 0.419994 
0.400795 -0.504304 0.485867 
-0.608425 -0.229592 0.420097 
0.400795 -0.504304 0.485867 
-0.608447 -0.229634 0.419872 
0.400795 -0.504304 0.485867 
-0.608388 -0.229549 0.419845 
0.400795 -0.504304 0.485867 
-0.608387 -0.229523 0.419821 
0.400795 -0.504304 0.485867 
-0.608228 -0.229194 0.41985 
0.400795 -0.504304 0.485867 
-0.608205 -0.229149 0.419904 
0.400795 -0.504304 0.485867 
-0.608249 -0.229365 0.419692 
0.400795 -0.504304 0.485867 
-0.608293 -0.229295 0.419687 
0.400795 -0.504304 0.485867 
-0.608243 -0.22942 0.419843 
0.400795 -0.504304 0.485867 
-0.608223 -0.229283 0.419727 
0.400795 -0.504304 0.485867 
-0.608137 -0.229165 0.419812 
0.400795 -0.504304 0.485867 
-0.60823 -0.229234 0.419931 
0.400795 -0.504304 0.485867 
-0.608248 -0.229253 0.419712 
0.400795 -0.504304 0.485867 
-0.608279 -0.229387 0.419959 
0.400795 -0.504304 0.485867 
-0.608327 -0.229337 0.4198 
0.400795 -0.504304 0.485867 
-0.608296 -0.229267 0.420155 
0.400795 -0.504304 0.485867 
-0.608296 -0.228964 0.420104 
0.400795 -0.504304 0.485867 
-0.608343 -0.22915 0.419955 
0.400795 -0.504304 0.485867 
-0.608326 -0.229073 0.420236 
0.400795 -0.504304 0.485867 
-0.608311 -0.228982 0.420318 
0.400795 -0.504304 0.485867 
-0.608326 -0.229149 0.420137 
0.400795 -0.504304 0.485867 
-0.607497 -0.227769 0.419095 
0.400795 -0.504304 0.485867 
-0.60583 -0.225645 0.417058 
0.400795 -0.504304 0.485867 
-0.604293 -0.222633 0.414664 
0.400795 -0.504304 0.485867 
-0.602881 -0.219611 0.412156 
0.400795 -0.504304 0.485867 
-0.601621 -0.215877 0.40944 
0.400795 -0.504304 0.485867 
-0.60044 -0.211784 0.406296 
0.400795 -0.504304 0.485867 
-0.599599 -0.207566 0.402778 
0.400795 -0.504304 0.485867 
-0.599025 -0.203088 0.399035 
0.400795 -0.504304 0.485867 
-0.598746 -0.198195 0.395167 
0.400795 -0.504304 0.485867 
-0.598646 -0.193613 0.391272 
0.400795 -0.504304 0.485867 
-0.598717 -0.188934 0.387295 
0.400795 -0.504304 0.485867 
-0.598951 -0.184225 0.383005 
0.400795 -0.504304 0.485867 
-0.599102 -0.180178 0.379223 
0.400795 -0.504304 0.485867 
-0.600521 -0.177417 0.376973 
0.400795 -0.504304 0.485867 
-0.602046 -0.175669 0.375444 
0.400795 -0.504304 0.485867 
-0.603282 -0.17482 0.374058 
0.400795 -0.504304 0.485867 
-0.604215 -0.174435 0.373396 
0.400795 -0.504304 0.485867 
-0.60471 -0.174833 0.373228 
0.400795 -0.504304 0.485867 
-0.604759 -0.176032 0.373598 
0.400795 -0.504304 0.485867 
-0.604452 -0.178247 0.374345 
0.400795 -0.504304 0.485867 
-0.603867 -0.181044 0.375566 
0.400795 -0.504304 0.485867 
-0.603122 -0.184116 0.376703 
0.400795 -0.504304 0.485867 
-0.601787 -0.188596 0.378552 
0.400795 -0.504304 0.485867 
-0.600667 -0.193082 0.379786 
0.400795 -0.504304 0.485867 
-0.60013 -0.202262 0.378161 
0.400795 -0.504304 0.485867 
-0.600425 -0.202075 0.377939 
0.400795 -0.504304 0.485867 
-0.599404 -0.207421 0.378533 
0.400795 -0.504304 0.485867 
-0.598413 -0.212293 0.379197 
0.400795 -0.504304 0.485867 
-0.597646 -0.217269 0.379675 
0.400795 -0.504304 0.485867 
