-0.610149 -0.228451 0.412713 
0.400795 -0.504304 0.485867 
-0.61015 -0.228451 0.412713 
0.400795 -0.504304 0.485867 
-0.610324 -0.228611 0.41167 
0.400795 -0.504304 0.485867 
-0.609681 -0.229116 0.411064 
0.400795 -0.504304 0.485867 
-0.609003 -0.23037 0.411499 
0.400795 -0.504304 0.485867 
-0.607718 -0.232392 0.411535 
0.400795 -0.504304 0.485867 
-0.605005 -0.233178 0.411397 
0.400795 -0.504304 0.485867 
-0.603041 -0.233202 0.411383 
0.400795 -0.504304 0.485867 
-0.601411 -0.233306 0.411671 
0.400795 -0.504304 0.485867 
-0.600172 -0.233581 0.411994 
0.400795 -0.504304 0.485867 
-0.599303 -0.233662 0.412165 
0.400795 -0.504304 0.485867 
-0.598797 -0.233705 0.411882 
0.400795 -0.504304 0.485867 
-0.59844 -0.233522 0.411879 
0.400795 -0.504304 0.485867 
-0.598174 -0.233508 0.411932 
0.400795 -0.504304 0.485867 
-0.597894 -0.233429 0.411961 
0.400795 -0.504304 0.485867 
-0.597046 -0.233878 0.412145 
0.400795 -0.504304 0.485867 
-0.595536 -0.234464 0.412224 
0.400795 -0.504304 0.485867 
-0.594325 -0.23461 0.412471 
0.400795 -0.504304 0.485867 
-0.593653 -0.234406 0.412513 
0.400795 -0.504304 0.485867 
-0.59367 -0.234068 0.412329 
0.400795 -0.504304 0.485867 
-0.593504 -0.234305 0.412466 
0.400795 -0.504304 0.485867 
-0.593606 -0.233741 0.412028 
0.400795 -0.504304 0.485867 
-0.593625 -0.234016 0.41242 
0.400795 -0.504304 0.485867 
-0.593637 -0.234109 0.412498 
0.400795 -0.504304 0.485867 
-0.593701 -0.234067 0.412184 
0.400795 -0.504304 0.485867 
-0.593641 -0.234099 0.412268 
0.400795 -0.504304 0.485867 
-0.593724 -0.23409 0.411976 
0.400795 -0.504304 0.485867 
-0.593618 -0.234138 0.412086 
0.400795 -0.504304 0.485867 
-0.593754 -0.234037 0.411909 
0.400795 -0.504304 0.485867 
-0.593719 -0.234151 0.412394 
0.400795 -0.504304 0.485867 
-0.593779 -0.234404 0.412385 
0.400795 -0.504304 0.485867 
-0.593832 -0.234288 0.412359 
0.400795 -0.504304 0.485867 
-0.59387 -0.234475 0.412397 
0.400795 -0.504304 0.485867 
-0.593895 -0.234222 0.412465 
0.400795 -0.504304 0.485867 
-0.593849 -0.234349 0.412447 
0.400795 -0.504304 0.485867 
-0.593922 -0.23436 0.412529 
0.400795 -0.504304 0.485867 
-0.593856 -0.234413 0.412406 
0.400795 -0.504304 0.485867 
-0.593885 -0.234321 0.41253 
0.400795 -0.504304 0.485867 
-0.593905 -0.2343 0.412622 
0.400795 -0.504304 0.485867 
-0.593858 -0.234366 0.412654 
0.400795 -0.504304 0.485867 
-0.59393 -0.234327 0.412525 
0.400795 -0.504304 0.485867 
-0.593795 -0.234532 0.412654 
0.400795 -0.504304 0.485867 
-0.593719 -0.234578 0.412551 
0.400795 -0.504304 0.485867 
-0.593736 -0.234254 0.41237 
0.400795 -0.504304 0.485867 
-0.593695 -0.234235 0.4123 
0.400795 -0.504304 0.485867 
-0.593738 -0.234016 0.411967 
0.400795 -0.504304 0.485867 
-0.593775 -0.234038 0.411947 
0.400795 -0.504304 0.485867 
-0.593705 -0.234051 0.412271 
0.400795 -0.504304 0.485867 
-0.593739 -0.234036 0.412402 
0.400795 -0.504304 0.485867 
-0.593747 -0.234003 0.41246 
0.400795 -0.504304 0.485867 
-0.593723 -0.234141 0.412471 
0.400795 -0.504304 0.485867 
-0.593778 -0.234097 0.412516 
0.400795 -0.504304 0.485867 
-0.593786 -0.234272 0.41245 
0.400795 -0.504304 0.485867 
-0.59382 -0.234164 0.41243 
0.400795 -0.504304 0.485867 
-0.59384 -0.234103 0.412378 
0.400795 -0.504304 0.485867 
-0.59387 -0.23396 0.412347 
0.400795 -0.504304 0.485867 
-0.593822 -0.23418 0.412473 
0.400795 -0.504304 0.485867 
-0.593804 -0.234173 0.412695 
0.400795 -0.504304 0.485867 
-0.593793 -0.234199 0.41273 
0.400795 -0.504304 0.485867 
-0.593802 -0.234154 0.412656 
0.400795 -0.504304 0.485867 
-0.593027 -0.232961 0.411468 
0.400795 -0.504304 0.485867 
-0.591539 -0.230347 0.409291 
0.400795 -0.504304 0.485867 
-0.590249 -0.227467 0.406875 
0.400795 -0.504304 0.485867 
-0.588913 -0.224107 0.404388 
0.400795 -0.504304 0.485867 
-0.58798 -0.220229 0.401228 
0.400795 -0.504304 0.485867 
-0.587299 -0.21587 0.397816 
0.400795 -0.504304 0.485867 
-0.586755 -0.212011 0.394857 
0.400795 -0.504304 0.485867 
-0.586486 -0.207245 0.390972 
0.400795 -0.504304 0.485867 
-0.586509 -0.202637 0.387242 
0.400795 -0.504304 0.485867 
-0.58686 -0.197725 0.383104 
0.400795 -0.504304 0.485867 
-0.587355 -0.193157 0.379584 
0.400795 -0.504304 0.485867 
-0.58789 -0.188783 0.375722 
0.400795 -0.504304 0.485867 
-0.588448 -0.184139 0.371946 
0.400795 -0.504304 0.485867 
-0.589856 -0.181759 0.369717 
0.400795 -0.504304 0.485867 
-0.591496 -0.180249 0.368584 
0.400795 -0.504304 0.485867 
-0.592939 -0.179064 0.367463 
0.400795 -0.504304 0.485867 
-0.59403 -0.178693 0.366701 
0.400795 -0.504304 0.485867 
-0.594161 -0.179513 0.367003 
0.400795 -0.504304 0.485867 
-0.594407 -0.180715 0.366925 
0.400795 -0.504304 0.485867 
-0.593954 -0.182766 0.367907 
0.400795 -0.504304 0.485867 
-0.593277 -0.185671 0.369 
0.400795 -0.504304 0.485867 
-0.592258 -0.188894 0.370288 
0.400795 -0.504304 0.485867 
-0.590929 -0.193042 0.371788 
0.400795 -0.504304 0.485867 
-0.589695 -0.197418 0.373031 
0.400795 -0.504304 0.485867 
-0.588145 -0.204801 0.374804 
0.400795 -0.504304 0.485867 
-0.588569 -0.204242 0.374366 
0.400795 -0.504304 0.485867 
-0.587124 -0.209788 0.375456 
0.400795 -0.504304 0.485867 
-0.586086 -0.214605 0.375789 
0.400795 -0.504304 0.485867 
-0.585043 -0.219653 0.376359 
0.400795 -0.504304 0.485867 
-0.584219 -0.224263 0.376436 
0.400795 -0.504304 0.485867 
-0.583586 -0.22906 0.376708 
0.400795 -0.504304 0.485867 
-0.583279 -0.232913 0.376406 
0.400795 -0.504304 0.485867 
-0.584346 -0.236678 0.376024 
0.400795 -0.504304 0.485867 
-0.584064 -0.239809 0.375726 
0.400795 -0.504304 0.485867 
-0.583965 -0.242583 0.375189 
0.400795 -0.504304 0.485867 
-0.584009 -0.243818 0.373893 
0.400795 -0.504304 0.485867 
-0.583756 -0.245201 0.373873 
0.400795 -0.504304 0.485867 
-0.583912 -0.247678 0.373239 
0.400795 -0.504304 0.485867 
-0.583831 -0.24955 0.373563 
0.400795 -0.504304 0.485867 
-0.584409 -0.251332 0.372475 
0.400795 -0.504304 0.485867 
-0.5847 -0.25291 0.372013 
0.400795 -0.504304 0.485867 
-0.585289 -0.254473 0.370921 
0.400795 -0.504304 0.485867 
-0.585525 -0.256414 0.37056 
0.400795 -0.504304 0.485867 
-0.586119 -0.258054 0.369054 
0.400795 -0.504304 0.485867 
-0.586277 -0.259961 0.368474 
0.400795 -0.504304 0.485867 
-0.584731 -0.261145 0.368523 
0.400795 -0.504304 0.485867 
-0.58471 -0.262939 0.368117 
0.400795 -0.504304 0.485867 
-0.584884 -0.264653 0.367797 
0.400795 -0.504304 0.485867 
-0.584805 -0.266041 0.367545 
0.400795 -0.504304 0.485867 
-0.584645 -0.266735 0.367166 
0.400795 -0.504304 0.485867 
-0.584467 -0.267833 0.366848 
0.400795 -0.504304 0.485867 
-0.584184 -0.26821 0.36647 
0.400795 -0.504304 0.485867 
-0.583709 -0.268373 0.366456 
0.400795 -0.504304 0.485867 
-0.583187 -0.268389 0.366422 
0.400795 -0.504304 0.485867 
-0.582384 -0.268239 0.366884 
0.400795 -0.504304 0.485867 
-0.581711 -0.268237 0.366888 
0.400795 -0.504304 0.485867 
-0.580974 -0.268001 0.367076 
0.400795 -0.504304 0.485867 
-0.579784 -0.267469 0.367375 
0.400795 -0.504304 0.485867 
-0.578894 -0.267633 0.367042 
0.400795 -0.504304 0.485867 
-0.578335 -0.268097 0.366347 
0.400795 -0.504304 0.485867 
-0.577471 -0.268453 0.36663 
0.400795 -0.504304 0.485867 
-0.576826 -0.269522 0.366913 
0.400795 -0.504304 0.485867 
-0.576323 -0.270306 0.366809 
0.400795 -0.504304 0.485867 
-0.575904 -0.271006 0.366596 
0.400795 -0.504304 0.485867 
-0.575448 -0.271817 0.366524 
0.400795 -0.504304 0.485867 
-0.575016 -0.272631 0.366507 
0.400795 -0.504304 0.485867 
-0.574601 -0.273362 0.366344 
0.400795 -0.504304 0.485867 
-0.574307 -0.27409 0.366143 
0.400795 -0.504304 0.485867 
-0.574125 -0.274714 0.365863 
0.400795 -0.504304 0.485867 
-0.574015 -0.275407 0.365621 
0.400795 -0.504304 0.485867 
-0.573943 -0.276087 0.365822 
0.400795 -0.504304 0.485867 
-0.573914 -0.276247 0.36591 
0.400795 -0.504304 0.485867 
-0.572972 -0.274619 0.366047 
0.400795 -0.504304 0.485867 
-0.572972 -0.274619 0.366047 
0.400795 -0.504304 0.485867 
-0.572971 -0.274616 0.366045 
0.400795 -0.504304 0.485867 
-0.57297 -0.274621 0.366059 
0.400795 -0.504304 0.485867 
-0.572969 -0.274619 0.366059 
0.400795 -0.504304 0.485867 
-0.572981 -0.27467 0.366142 
0.400795 -0.504304 0.485867 
-0.572957 -0.274574 0.365988 
0.400795 -0.504304 0.485867 
-0.572961 -0.274578 0.365983 
0.400795 -0.504304 0.485867 
-0.572949 -0.274534 0.365924 
0.400795 -0.504304 0.485867 
-0.572974 -0.274632 0.366081 
0.400795 -0.504304 0.485867 
-0.572971 -0.274625 0.366081 
0.400795 -0.504304 0.485867 
-0.651152 -0.232687 0.471399 
0.400795 -0.504304 0.485867 
