-0.597268 -0.255126 0.407261 
0.386806 -0.491749 0.441072 
-0.597268 -0.255126 0.407261 
0.386805 -0.491749 0.441072 
-0.597268 -0.255126 0.407261 
0.386805 -0.491749 0.441072 
-0.597268 -0.255126 0.407261 
0.386805 -0.491749 0.441072 
-0.597268 -0.255126 0.407261 
0.386805 -0.491749 0.441072 
-0.597268 -0.255126 0.407261 
0.386805 -0.491749 0.441072 
-0.597268 -0.255126 0.407261 
0.386805 -0.491749 0.441072 
-0.597268 -0.255126 0.407261 
0.386805 -0.491749 0.441072 
-0.597268 -0.255126 0.407261 
0.386805 -0.491749 0.441072 
-0.597268 -0.255126 0.407261 
0.386805 -0.491749 0.441072 
-0.597268 -0.255126 0.407261 
0.386805 -0.491749 0.441072 
-0.597268 -0.255126 0.407261 
0.386805 -0.491749 0.441072 
-0.597268 -0.255126 0.407261 
0.386805 -0.491749 0.441072 
-0.597268 -0.255126 0.407261 
0.386805 -0.491749 0.441072 
-0.597268 -0.255126 0.407261 
0.386805 -0.491749 0.441072 
-0.597268 -0.255126 0.407261 
0.386805 -0.491749 0.441072 
-0.597268 -0.255126 0.407261 
0.386805 -0.491749 0.441072 
-0.597268 -0.255126 0.407261 
0.386805 -0.491749 0.441072 
-0.597268 -0.255126 0.407261 
0.386805 -0.491749 0.441072 
-0.597268 -0.255126 0.407261 
0.386805 -0.491749 0.441072 
-0.597268 -0.255126 0.407261 
0.386805 -0.491749 0.441072 
-0.597268 -0.255126 0.407261 
0.386805 -0.491749 0.441072 
-0.597268 -0.255126 0.407261 
0.386805 -0.491749 0.441072 
-0.597268 -0.255126 0.407261 
0.386805 -0.491749 0.441072 
-0.597268 -0.255126 0.407261 
0.386805 -0.491749 0.441072 
-0.597268 -0.255126 0.407261 
0.386805 -0.491749 0.441072 
-0.597268 -0.255126 0.407261 
0.386805 -0.491749 0.441072 
-0.597268 -0.255126 0.407261 
0.386805 -0.491749 0.441072 
-0.597268 -0.255126 0.407261 
0.386805 -0.491749 0.441072 
-0.597268 -0.255126 0.407261 
0.386805 -0.491749 0.441072 
-0.597268 -0.255126 0.407261 
0.386805 -0.491749 0.441072 
-0.597268 -0.255126 0.407261 
0.386805 -0.491749 0.441072 
-0.597268 -0.255126 0.407261 
0.386805 -0.491749 0.441072 
-0.597268 -0.255126 0.407261 
0.386805 -0.491749 0.441072 
-0.597268 -0.255126 0.407261 
0.386805 -0.491749 0.441072 
-0.597268 -0.255126 0.407261 
0.386805 -0.491749 0.441072 
-0.597268 -0.255126 0.407261 
0.386805 -0.491749 0.441072 
-0.597268 -0.255126 0.407261 
0.386805 -0.491749 0.441072 
-0.597268 -0.255126 0.407261 
0.386805 -0.491749 0.441072 
-0.597268 -0.255126 0.407261 
0.386805 -0.491749 0.441072 
-0.597268 -0.255126 0.407261 
0.386805 -0.491749 0.441072 
-0.597268 -0.255126 0.407261 
0.386805 -0.491749 0.441072 
-0.597268 -0.255126 0.407261 
0.386805 -0.491749 0.441072 
-0.597268 -0.255126 0.407261 
0.386805 -0.491749 0.441072 
-0.597268 -0.255126 0.407261 
0.386805 -0.491749 0.441072 
-0.597268 -0.255126 0.407261 
0.386805 -0.491749 0.441072 
-0.597268 -0.255126 0.407261 
0.386805 -0.491749 0.441072 
-0.597268 -0.255126 0.407261 
0.386805 -0.491749 0.441072 
-0.597268 -0.255126 0.407261 
0.386805 -0.491749 0.441072 
-0.597268 -0.255126 0.407261 
0.386805 -0.491749 0.441072 
-0.597268 -0.255126 0.407261 
0.386805 -0.491749 0.441072 
-0.597268 -0.255126 0.407261 
0.386805 -0.491749 0.441072 
-0.597268 -0.255126 0.407261 
0.386805 -0.491749 0.441072 
-0.597268 -0.255126 0.407261 
0.386805 -0.491749 0.441072 
-0.597268 -0.255126 0.407261 
0.386805 -0.491749 0.441072 
-0.597268 -0.255126 0.407261 
0.386805 -0.491749 0.441072 
-0.597268 -0.255126 0.407261 
0.386805 -0.491749 0.441072 
-0.597268 -0.255126 0.407261 
0.386805 -0.491749 0.441072 
-0.597268 -0.255126 0.407261 
0.386805 -0.491749 0.441072 
