-0.611052 -0.222495 0.414725 
0.400795 -0.504304 0.485867 
-0.61106 -0.222683 0.413506 
0.400795 -0.504304 0.485867 
-0.610845 -0.223013 0.412791 
0.400795 -0.504304 0.485867 
-0.610288 -0.224179 0.41305 
0.400795 -0.504304 0.485867 
-0.609098 -0.226462 0.413406 
0.400795 -0.504304 0.485867 
-0.606535 -0.227032 0.413251 
0.400795 -0.504304 0.485867 
-0.60418 -0.227289 0.414164 
0.400795 -0.504304 0.485867 
-0.60273 -0.227167 0.414424 
0.400795 -0.504304 0.485867 
-0.601663 -0.227522 0.414392 
0.400795 -0.504304 0.485867 
-0.600764 -0.227692 0.414099 
0.400795 -0.504304 0.485867 
-0.600203 -0.227569 0.414173 
0.400795 -0.504304 0.485867 
-0.599793 -0.227308 0.414245 
0.400795 -0.504304 0.485867 
-0.599309 -0.227451 0.413944 
0.400795 -0.504304 0.485867 
-0.598986 -0.227723 0.4143 
0.400795 -0.504304 0.485867 
-0.598279 -0.228021 0.414404 
0.400795 -0.504304 0.485867 
-0.59709 -0.228356 0.41443 
0.400795 -0.504304 0.485867 
-0.595983 -0.2283 0.414042 
0.400795 -0.504304 0.485867 
-0.595111 -0.228101 0.414309 
0.400795 -0.504304 0.485867 
-0.594962 -0.228242 0.414708 
0.400795 -0.504304 0.485867 
-0.595037 -0.228265 0.414683 
0.400795 -0.504304 0.485867 
-0.594804 -0.22823 0.414803 
0.400795 -0.504304 0.485867 
-0.594895 -0.228163 0.41439 
0.400795 -0.504304 0.485867 
-0.594967 -0.228103 0.414637 
0.400795 -0.504304 0.485867 
-0.595056 -0.228119 0.414077 
0.400795 -0.504304 0.485867 
-0.595062 -0.228143 0.414002 
0.400795 -0.504304 0.485867 
-0.595089 -0.228126 0.413999 
0.400795 -0.504304 0.485867 
-0.595015 -0.228185 0.413905 
0.400795 -0.504304 0.485867 
-0.595032 -0.228259 0.413809 
0.400795 -0.504304 0.485867 
-0.595108 -0.22831 0.414272 
0.400795 -0.504304 0.485867 
-0.595204 -0.228242 0.414427 
0.400795 -0.504304 0.485867 
-0.595158 -0.228386 0.414554 
0.400795 -0.504304 0.485867 
-0.595177 -0.228304 0.41441 
0.400795 -0.504304 0.485867 
-0.595175 -0.228589 0.414678 
0.400795 -0.504304 0.485867 
-0.595233 -0.22852 0.414442 
0.400795 -0.504304 0.485867 
-0.595162 -0.228709 0.414832 
0.400795 -0.504304 0.485867 
-0.595197 -0.228586 0.414692 
0.400795 -0.504304 0.485867 
-0.595155 -0.228647 0.415045 
0.400795 -0.504304 0.485867 
-0.595258 -0.228526 0.414721 
0.400795 -0.504304 0.485867 
-0.595246 -0.228428 0.414677 
0.400795 -0.504304 0.485867 
-0.595233 -0.228293 0.414391 
0.400795 -0.504304 0.485867 
-0.595164 -0.228542 0.41477 
0.400795 -0.504304 0.485867 
-0.4054 -0.23257 0.48858 
0.400795 -0.504304 0.485867 
