-0.636679 -0.278645 0.372701 
0.383192 -0.517809 0.435038 
-0.636679 -0.278645 0.372701 
0.383192 -0.517809 0.435038 
-0.63719 -0.27859 0.37322 
0.381224 -0.52027 0.44423 
-0.637561 -0.279176 0.373472 
0.382861 -0.518353 0.435869 
-0.637791 -0.279849 0.373164 
0.382717 -0.518273 0.435974 
-0.637465 -0.279527 0.372948 
0.37782 -0.521163 0.44833 
-0.635673 -0.278685 0.37354 
0.376909 -0.523246 0.452555 
-0.632726 -0.277715 0.374529 
0.376812 -0.524375 0.453458 
-0.628794 -0.27621 0.375563 
0.377302 -0.523946 0.453683 
-0.625629 -0.275026 0.376364 
0.377694 -0.52447 0.452461 
-0.623146 -0.274099 0.377008 
0.381075 -0.525217 0.442143 
-0.62115 -0.273357 0.377528 
0.379293 -0.526387 0.447554 
-0.619508 -0.272745 0.377951 
0.378437 -0.526537 0.451117 
-0.618134 -0.272227 0.378296 
0.377888 -0.52718 0.452345 
-0.61619 -0.271521 0.37882 
0.377857 -0.528028 0.452184 
-0.613448 -0.270601 0.379546 
0.37775 -0.529124 0.450893 
-0.616767 -0.264172 0.37908 
0.377979 -0.530627 0.450501 
-0.60848 -0.267905 0.380787 
0.378062 -0.531364 0.450484 
-0.605924 -0.267087 0.381495 
0.377859 -0.532065 0.449243 
-0.604189 -0.266405 0.381887 
0.377358 -0.532472 0.44937 
-0.603278 -0.26606 0.381999 
0.376542 -0.532861 0.448565 
-0.60328 -0.266062 0.381993 
0.37582 -0.533617 0.449313 
-0.45805 -0.16486 0.48415 
0.376081 -0.533372 0.449137 
-0.472979 -0.174728 0.473599 
0.368059 -0.535251 0.425658 
-0.472979 -0.174728 0.473599 
0.367561 -0.534688 0.42639 
-0.472979 -0.174728 0.473599 
0.36843 -0.533281 0.428441 
-0.472979 -0.174728 0.473599 
0.371172 -0.531689 0.430612 
-0.472979 -0.174728 0.473599 
0.374866 -0.530813 0.43506 
-0.472979 -0.174728 0.473599 
0.379212 -0.528697 0.441346 
-0.472979 -0.174728 0.473599 
0.382683 -0.528219 0.443358 
-0.472979 -0.174728 0.473599 
0.387333 -0.526476 0.445485 
-0.472979 -0.174728 0.473599 
0.391567 -0.524489 0.449741 
-0.472979 -0.174728 0.473599 
0.396565 -0.522374 0.455961 
-0.472979 -0.174728 0.473599 
0.401227 -0.521442 0.457001 
-0.472979 -0.174728 0.473599 
0.405143 -0.518653 0.459701 
-0.472979 -0.174728 0.473599 
0.411289 -0.517848 0.463932 
-0.472979 -0.174728 0.473599 
0.415611 -0.516866 0.46564 
-0.472979 -0.174728 0.473599 
0.419858 -0.516542 0.466313 
-0.472979 -0.174728 0.473599 
0.420889 -0.513474 0.466963 
-0.472979 -0.174728 0.473599 
0.422714 -0.513898 0.468639 
-0.472979 -0.174728 0.473599 
0.423656 -0.515309 0.468378 
-0.472979 -0.174728 0.473599 
0.422453 -0.51678 0.466162 
-0.472979 -0.174728 0.473599 
0.421437 -0.518074 0.464641 
-0.472979 -0.174728 0.473599 
0.420942 -0.517799 0.465869 
-0.472979 -0.174728 0.473599 
0.420665 -0.51798 0.467047 
-0.472979 -0.174728 0.473599 
0.420473 -0.518187 0.467134 
-0.602769 -0.265161 0.385193 
0.43456 -0.519423 0.483029 
-0.602769 -0.265161 0.385193 
0.43173 -0.514601 0.480495 
-0.60277 -0.265161 0.38519 
0.430895 -0.512937 0.479635 
-0.602769 -0.265153 0.385175 
0.430661 -0.512712 0.479535 
-0.602771 -0.265158 0.385177 
0.430576 -0.512924 0.480001 
-0.602772 -0.265152 0.385154 
0.430333 -0.513173 0.480174 
-0.602773 -0.265149 0.385128 
0.42966 -0.513439 0.479871 
-0.602775 -0.265152 0.385126 
0.428749 -0.513537 0.480231 
-0.602769 -0.265158 0.385157 
0.42726 -0.514038 0.48073 
-0.602746 -0.265131 0.38517 
0.424623 -0.514309 0.480113 
-0.602718 -0.265104 0.385203 
0.421973 -0.514232 0.478871 
-0.602679 -0.265039 0.385182 
0.420171 -0.514396 0.478769 
-0.602652 -0.265013 0.385208 
0.417938 -0.514684 0.478608 
-0.602645 -0.26502 0.385254 
0.415247 -0.515428 0.478201 
-0.602644 -0.265023 0.385259 
0.413321 -0.5161 0.477943 
-0.602643 -0.265042 0.385308 
0.412304 -0.516605 0.478035 
-0.602642 -0.265038 0.385296 
0.411138 -0.516346 0.478413 
-0.602639 -0.265046 0.385331 
0.408756 -0.516927 0.477443 
-0.602636 -0.265054 0.385373 
0.406928 -0.517101 0.47613 
-0.602633 -0.265059 0.385403 
0.404638 -0.517778 0.475697 
-0.602629 -0.265067 0.385446 
0.403485 -0.518127 0.475281 
-0.602636 -0.265079 0.38545 
0.403291 -0.518183 0.4753 
-0.602656 -0.265116 0.385472 
0.402945 -0.518954 0.475208 
-0.602687 -0.265167 0.385477 
0.403413 -0.519394 0.474104 
-0.602726 -0.265235 0.385517 
0.404234 -0.519324 0.474515 
-0.602742 -0.26526 0.385523 
0.403531 -0.519845 0.475385 
-0.602726 -0.265226 0.385527 
0.403963 -0.519871 0.47587 
-0.602694 -0.26517 0.3856 
0.403964 -0.519852 0.475054 
-0.602672 -0.265129 0.385647 
0.403972 -0.520103 0.474519 
-0.602658 -0.265115 0.385699 
0.403717 -0.520968 0.473238 
-0.604194 -0.269228 0.394681 
0.396602 -0.518233 0.460143 
-0.604194 -0.269228 0.394681 
0.396644 -0.518053 0.459244 
-0.605144 -0.268831 0.394017 
0.397039 -0.517497 0.460694 
-0.60656 -0.268522 0.393075 
0.397235 -0.517834 0.460748 
-0.608451 -0.268404 0.392021 
0.397473 -0.517656 0.461428 
-0.610475 -0.268233 0.390883 
0.397391 -0.51788 0.461194 
-0.612506 -0.268043 0.389725 
0.397386 -0.518297 0.460894 
-0.614377 -0.267864 0.388645 
0.397457 -0.518299 0.46098 
-0.61618 -0.267746 0.387411 
0.397162 -0.517956 0.460463 
-0.617927 -0.267651 0.386062 
0.397455 -0.5183 0.460973 
-0.619686 -0.267653 0.384642 
0.397289 -0.518208 0.46012 
-0.621451 -0.26766 0.383147 
0.397462 -0.518508 0.460611 
-0.623194 -0.267658 0.381709 
0.397624 -0.518548 0.46086 
-0.624492 -0.267441 0.380426 
0.397497 -0.51853 0.460505 
-0.624073 -0.26713 0.37979 
0.397444 -0.518015 0.460627 
-0.622786 -0.266476 0.379657 
0.397371 -0.518176 0.460029 
-0.621009 -0.265642 0.379678 
0.397166 -0.518438 0.459534 
-0.618815 -0.264719 0.379885 
0.397188 -0.518342 0.459704 
-0.616619 -0.263829 0.380111 
0.397305 -0.518733 0.460013 
-0.613775 -0.260364 0.379139 
0.397329 -0.518542 0.460245 
-0.611194 -0.255255 0.377514 
0.397196 -0.518733 0.459645 
-0.609429 -0.249451 0.375942 
0.397171 -0.51827 0.45991 
-0.608334 -0.243419 0.374069 
0.397242 -0.517984 0.46042 
-0.615822 -0.235133 0.367855 
0.397272 -0.518253 0.460508 
-0.616423 -0.229561 0.36578 
0.397054 -0.517813 0.460318 
-0.614314 -0.225717 0.365004 
0.39703 -0.517785 0.460121 
-0.612611 -0.220781 0.3638 
0.397146 -0.517637 0.460559 
-0.611656 -0.217217 0.36259 
0.397057 -0.517866 0.460113 
-0.610873 -0.2154 0.361733 
0.397325 -0.518118 0.460613 
-0.609468 -0.214087 0.360825 
0.397454 -0.518105 0.461045 
-0.608151 -0.213161 0.359569 
0.397249 -0.518394 0.460155 
-0.606926 -0.21256 0.358419 
0.397172 -0.518393 0.459974 
-0.606615 -0.215437 0.358809 
0.397232 -0.518768 0.459821 
-0.605895 -0.219932 0.35969 
0.397462 -0.518802 0.460396 
-0.604157 -0.225297 0.361166 
0.398206 -0.519756 0.461558 
-0.602507 -0.229802 0.362492 
0.397876 -0.520742 0.459894 
-0.600966 -0.234329 0.363773 
0.398211 -0.521086 0.46105 
-0.599622 -0.238994 0.364953 
0.397945 -0.520968 0.46098 
-0.598125 -0.244018 0.366375 
0.397695 -0.521235 0.460316 
-0.597072 -0.248049 0.367403 
0.398033 -0.52087 0.461737 
-0.596477 -0.251381 0.3679 
0.397971 -0.521063 0.461562 
-0.596267 -0.254411 0.367798 
0.398234 -0.520769 0.46225 
-0.596089 -0.256993 0.368729 
0.398536 -0.521271 0.462475 
-0.59612 -0.260881 0.368669 
0.398596 -0.521471 0.462049 
-0.596297 -0.266336 0.368469 
0.398913 -0.521898 0.462061 
-0.598341 -0.273273 0.35666 
0.404046 -0.521283 0.478079 
-0.599291 -0.27251 0.354726 
0.406774 -0.527269 0.482102 
-0.599222 -0.277328 0.355404 
0.40688 -0.530066 0.479997 
-0.599304 -0.282911 0.354729 
0.407666 -0.530722 0.479929 
-0.599216 -0.287789 0.354604 
0.408399 -0.53001 0.480762 
-0.59958 -0.291466 0.353845 
0.40886 -0.530138 0.479885 
-0.600086 -0.296042 0.35264 
0.4098 -0.529845 0.48063 
-0.601019 -0.299762 0.350941 
0.410174 -0.529993 0.480483 
-0.602221 -0.303194 0.348807 
0.410762 -0.529616 0.480589 
-0.603515 -0.305978 0.34654 
0.411086 -0.529345 0.480324 
-0.604669 -0.30712 0.343851 
0.411703 -0.529134 0.481158 
-0.605596 -0.307218 0.34168 
0.411365 -0.529253 0.481461 
-0.606332 -0.30696 0.339882 
0.410733 -0.529659 0.481215 
-0.60658 -0.306206 0.338451 
0.410503 -0.529304 0.482334 
-0.606575 -0.304953 0.337288 
0.409721 -0.5295 0.482423 
-0.607022 -0.303861 0.335783 
0.409094 -0.529705 0.482143 
-0.607919 -0.30267 0.334503 
0.405636 -0.530249 0.482166 
-0.607914 -0.303019 0.334648 
0.401772 -0.530699 0.483055 
-0.60753 -0.303544 0.335352 
0.395814 -0.532051 0.482697 
-0.607526 -0.303361 0.335484 
0.391663 -0.533104 0.482141 
-0.608503 -0.302536 0.33735 
0.387653 -0.534349 0.480548 
-0.61093 -0.298836 0.339128 
0.383544 -0.534915 0.480312 
-0.609729 -0.298975 0.344363 
0.380411 -0.534873 0.480714 
-0.648513 -0.262505 0.372545 
0.374765 -0.513312 0.446972 
-0.648513 -0.262505 0.372545 
0.375335 -0.511912 0.445025 
-0.648915 -0.262594 0.37315 
0.375717 -0.512421 0.44395 
-0.649226 -0.26324 0.373325 
0.375438 -0.512964 0.443277 
-0.649505 -0.263838 0.372919 
0.375208 -0.512879 0.444328 
-0.64923 -0.26346 0.372726 
0.375181 -0.512977 0.444204 
-0.647364 -0.262679 0.37315 
0.375586 -0.514598 0.443554 
-0.644289 -0.261802 0.373768 
0.375899 -0.515711 0.443019 
-0.640243 -0.260363 0.374367 
0.376549 -0.516578 0.443405 
-0.636993 -0.259224 0.374812 
0.377012 -0.517334 0.442397 
-0.634439 -0.258336 0.375177 
0.37718 -0.517889 0.441894 
-0.632386 -0.257626 0.375471 
0.377241 -0.518265 0.442312 
-0.630698 -0.257039 0.375709 
0.377043 -0.518889 0.441228 
-0.629287 -0.25654 0.375901 
0.377234 -0.519341 0.441243 
-0.627285 -0.255868 0.376201 
0.377055 -0.520814 0.440721 
-0.624461 -0.254992 0.376593 
0.377062 -0.52229 0.441306 
-0.621633 -0.253885 0.376932 
0.377122 -0.52295 0.441233 
-0.618752 -0.25281 0.377457 
0.377476 -0.524013 0.442633 
-0.616115 -0.252036 0.377847 
0.377503 -0.524979 0.44226 
-0.614342 -0.251368 0.378054 
0.376849 -0.524746 0.441025 
-0.61343 -0.25101 0.378071 
0.37597 -0.524888 0.440247 
-0.613433 -0.25101 0.378065 
0.375114 -0.525489 0.440342 
-0.45805 -0.16486 0.48415 
0.375297 -0.525352 0.440308 
-0.520208 -0.200239 0.441941 
0.365693 -0.519593 0.381816 
-0.520208 -0.200239 0.441941 
0.364584 -0.516382 0.385307 
-0.520208 -0.200239 0.441941 
0.366245 -0.518719 0.384575 
-0.520208 -0.200239 0.441941 
0.366874 -0.512981 0.395293 
-0.520208 -0.200239 0.441941 
0.368432 -0.510069 0.398197 
-0.520208 -0.200239 0.441941 
0.371884 -0.507184 0.401599 
-0.520208 -0.200239 0.441941 
0.375891 -0.508075 0.406433 
-0.520208 -0.200239 0.441941 
0.379556 -0.507533 0.406859 
-0.520208 -0.200239 0.441941 
0.383185 -0.505325 0.410634 
-0.520208 -0.200239 0.441941 
0.387636 -0.501297 0.415249 
-0.520208 -0.200239 0.441941 
0.39244 -0.498663 0.420616 
-0.520208 -0.200239 0.441941 
0.396037 -0.498667 0.423705 
-0.520208 -0.200239 0.441941 
0.400638 -0.49592 0.426621 
-0.520208 -0.200239 0.441941 
0.405044 -0.494509 0.428282 
-0.520208 -0.200239 0.441941 
0.407976 -0.49219 0.431262 
-0.520208 -0.200239 0.441941 
0.410595 -0.492907 0.433208 
-0.520208 -0.200239 0.441941 
0.411086 -0.491212 0.433065 
-0.520208 -0.200239 0.441941 
0.411773 -0.49196 0.433139 
-0.520208 -0.200239 0.441941 
0.411571 -0.499088 0.431866 
-0.520208 -0.200239 0.441941 
0.410914 -0.4975 0.431354 
-0.520208 -0.200239 0.441941 
0.410645 -0.49439 0.431802 
-0.520208 -0.200239 0.441941 
0.41022 -0.494647 0.431756 
-0.520208 -0.200239 0.441941 
0.409851 -0.494114 0.430938 
-0.613622 -0.25015 0.378485 
0.433197 -0.509167 0.479243 
-0.613622 -0.25015 0.378485 
0.432011 -0.506277 0.477771 
-0.613623 -0.250149 0.378482 
0.432654 -0.509448 0.479139 
-0.613626 -0.250138 0.37847 
0.430417 -0.506934 0.476662 
-0.613627 -0.250144 0.378471 
0.429333 -0.505453 0.475495 
-0.613633 -0.250133 0.37845 
0.431014 -0.50969 0.478158 
-0.613639 -0.250124 0.378427 
0.429883 -0.507547 0.477844 
-0.613641 -0.250127 0.378424 
0.428292 -0.505847 0.4774 
-0.613629 -0.250139 0.378452 
0.426577 -0.505628 0.477049 
-0.613604 -0.250114 0.378465 
0.424006 -0.505518 0.476512 
-0.61357 -0.250095 0.378498 
0.420874 -0.506073 0.474625 
-0.613536 -0.250025 0.378485 
0.419096 -0.506455 0.473948 
-0.613505 -0.250004 0.37851 
0.416724 -0.507044 0.472391 
-0.613488 -0.25002 0.378551 
0.415017 -0.507429 0.472779 
-0.613487 -0.250024 0.378554 
0.412697 -0.507867 0.471896 
-0.613475 -0.250054 0.378596 
0.410731 -0.507863 0.47224 
-0.613477 -0.250047 0.378587 
0.408305 -0.508957 0.470995 
-0.613467 -0.250063 0.378617 
0.406184 -0.509217 0.469939 
-0.613455 -0.25008 0.378655 
0.404936 -0.509216 0.469804 
-0.613446 -0.250092 0.378682 
0.404148 -0.509623 0.470785 
-0.613433 -0.250108 0.37872 
0.402573 -0.509719 0.469254 
-0.613439 -0.250121 0.378722 
0.401758 -0.510531 0.469064 
-0.613454 -0.250164 0.378738 
0.401961 -0.510523 0.468497 
-0.613483 -0.250216 0.378737 
0.40242 -0.511288 0.468166 
-0.613512 -0.250293 0.378768 
0.402042 -0.511538 0.469169 
-0.613527 -0.25032 0.378771 
0.402637 -0.511985 0.46928 
-0.613511 -0.250286 0.378779 
0.402527 -0.512247 0.469129 
-0.613465 -0.250247 0.378856 
0.401851 -0.512348 0.468629 
-0.613433 -0.250216 0.378905 
0.401767 -0.512718 0.468405 
-0.613409 -0.250214 0.378956 
0.401933 -0.513354 0.467985 
-0.614163 -0.251387 0.378393 
0.401123 -0.512607 0.468622 
-0.614163 -0.251387 0.378393 
0.40171 -0.512057 0.469288 
-0.615274 -0.250952 0.378114 
0.402374 -0.511509 0.470261 
-0.616908 -0.250589 0.377682 
0.402449 -0.511552 0.470343 
-0.619022 -0.250431 0.377231 
0.402394 -0.512335 0.46998 
-0.62129 -0.250217 0.376749 
0.402136 -0.512325 0.469397 
-0.62357 -0.249983 0.376254 
0.40227 -0.511798 0.469959 
-0.625675 -0.249758 0.375787 
0.402047 -0.511904 0.469452 
-0.627757 -0.249557 0.375144 
0.401979 -0.512138 0.469215 
-0.629817 -0.24935 0.374372 
0.402346 -0.512531 0.469826 
-0.631906 -0.249223 0.373517 
0.402342 -0.512357 0.46986 
-0.634021 -0.249088 0.372591 
0.402554 -0.512441 0.470364 
-0.636099 -0.248953 0.371714 
0.402686 -0.512345 0.470645 
-0.637713 -0.248599 0.37091 
0.4026 -0.512613 0.46997 
-0.637501 -0.248128 0.370269 
0.402277 -0.512423 0.469293 
-0.636325 -0.247347 0.36994 
0.402493 -0.512266 0.469989 
-0.634641 -0.246377 0.369663 
0.402387 -0.512276 0.469672 
-0.632508 -0.24532 0.369467 
0.402577 -0.512525 0.470085 
-0.630366 -0.244298 0.369281 
0.402371 -0.512436 0.469711 
-0.62802 -0.240464 0.368363 
0.402263 -0.512316 0.469266 
-0.626161 -0.234919 0.367266 
0.402078 -0.512417 0.468778 
-0.625092 -0.22878 0.366592 
0.401917 -0.512588 0.468497 
-0.624755 -0.22242 0.365868 
0.40181 -0.512844 0.468147 
-0.624478 -0.216274 0.365063 
0.401943 -0.512482 0.468999 
-0.624059 -0.210374 0.364164 
0.402087 -0.512041 0.469703 
-0.618703 -0.210886 0.359451 
0.40156 -0.512341 0.467822 
-0.614786 -0.209399 0.357606 
0.402072 -0.512135 0.469397 
-0.612327 -0.207209 0.357169 
0.402037 -0.512205 0.469151 
-0.611418 -0.20503 0.356095 
0.402151 -0.51259 0.469258 
-0.609973 -0.20353 0.354804 
0.402283 -0.512436 0.469704 
-0.608757 -0.202176 0.353117 
0.402212 -0.512218 0.469879 
-0.608 -0.201027 0.351682 
0.402266 -0.512424 0.469758 
-0.607575 -0.204212 0.351734 
0.402396 -0.51296 0.469316 
-0.606707 -0.208695 0.353031 
0.402615 -0.513728 0.469422 
-0.605 -0.214248 0.35427 
0.402758 -0.514578 0.468905 
-0.603296 -0.218968 0.355188 
0.403098 -0.514673 0.469881 
-0.601388 -0.223976 0.356732 
0.403137 -0.515026 0.470003 
-0.599907 -0.228112 0.357881 
0.402797 -0.51491 0.469836 
-0.598401 -0.232719 0.359195 
0.403136 -0.515032 0.470567 
-0.597064 -0.237296 0.360472 
0.402932 -0.51513 0.47038 
-0.596459 -0.240325 0.36076 
0.402908 -0.515447 0.470374 
-0.595935 -0.243196 0.361203 
0.403254 -0.515507 0.470865 
-0.595774 -0.245979 0.361989 
0.403535 -0.515746 0.471212 
-0.595359 -0.250285 0.362674 
0.403749 -0.51611 0.471084 
-0.595215 -0.25491 0.363096 
0.404179 -0.515815 0.471962 
-0.596558 -0.26673 0.360708 
0.402148 -0.512321 0.471898 
-0.597121 -0.266339 0.359963 
0.403644 -0.518338 0.472424 
-0.597321 -0.271301 0.360373 
0.404994 -0.520076 0.474037 
-0.597463 -0.27716 0.360025 
0.405629 -0.521216 0.473717 
-0.59698 -0.281588 0.360768 
0.406195 -0.520976 0.47403 
-0.597077 -0.286426 0.360458 
0.407026 -0.521165 0.474142 
-0.597583 -0.290252 0.359395 
0.407534 -0.520887 0.474434 
-0.598206 -0.294222 0.358362 
0.407858 -0.520374 0.47398 
-0.599104 -0.298487 0.35692 
0.408567 -0.520094 0.474088 
-0.600075 -0.302517 0.355583 
0.408318 -0.517897 0.474098 
-0.600785 -0.304213 0.353828 
0.409198 -0.519563 0.474428 
-0.601529 -0.305363 0.35193 
0.409396 -0.519873 0.475558 
-0.601633 -0.30578 0.350847 
0.408793 -0.520921 0.475117 
-0.601298 -0.305196 0.349934 
0.408197 -0.520901 0.475753 
-0.60137 -0.304397 0.348691 
0.407427 -0.520636 0.475716 
-0.601477 -0.303672 0.347738 
0.406753 -0.520852 0.476276 
-0.602085 -0.302762 0.346592 
0.402927 -0.521517 0.475247 
-0.602458 -0.302207 0.345929 
0.398292 -0.522124 0.475609 
-0.602522 -0.302342 0.345832 
0.392965 -0.52294 0.476274 
-0.60233 -0.302768 0.346374 
0.388596 -0.523819 0.475648 
-0.602637 -0.301985 0.349323 
0.383006 -0.524708 0.473948 
-0.604762 -0.29919 0.350885 
0.382324 -0.52656 0.474624 
-0.607128 -0.29544 0.353047 
0.378599 -0.525805 0.473722 
-0.643871 -0.256186 0.377761 
0.374375 -0.503692 0.438595 
-0.64118 -0.259344 0.381181 
0.375241 -0.50306 0.438267 
-0.641216 -0.260871 0.381854 
0.374602 -0.503985 0.438522 
-0.641753 -0.26211 0.381884 
0.374254 -0.503855 0.438538 
-0.642033 -0.263483 0.381303 
0.374859 -0.503158 0.43713 
-0.641502 -0.26339 0.381075 
0.375249 -0.502345 0.436219 
-0.639541 -0.262438 0.3817 
0.375672 -0.503448 0.43497 
-0.636301 -0.261109 0.383007 
0.376215 -0.505714 0.435531 
-0.632783 -0.259829 0.38439 
0.376583 -0.505858 0.435425 
-0.629237 -0.258149 0.385864 
0.37693 -0.506475 0.434383 
-0.626932 -0.257117 0.38675 
0.377232 -0.507551 0.433036 
-0.624825 -0.256083 0.387546 
0.377334 -0.508307 0.432925 
-0.623453 -0.255324 0.388071 
0.377447 -0.508766 0.434516 
-0.622108 -0.254583 0.38861 
0.377267 -0.509369 0.434436 
-0.620268 -0.253686 0.38926 
0.377302 -0.509769 0.433279 
-0.617846 -0.252875 0.389692 
0.377164 -0.510967 0.432955 
-0.615606 -0.252035 0.390062 
0.377164 -0.51238 0.432192 
-0.613165 -0.250332 0.390529 
0.377419 -0.51383 0.432349 
-0.611156 -0.249291 0.390421 
0.37739 -0.514371 0.432656 
-0.609835 -0.248186 0.389969 
0.376847 -0.514894 0.432491 
-0.607388 -0.249106 0.392686 
0.37655 -0.514913 0.431219 
-0.607389 -0.249108 0.39268 
0.375909 -0.51571 0.432009 
-0.45805 -0.16486 0.48415 
0.376128 -0.515438 0.431836 
-0.473186 -0.173816 0.473951 
0.419693 -0.498655 0.36617 
