-0.635206 -0.242677 0.373295 
0.383494 -0.48431 0.437913 
-0.635206 -0.242677 0.373295 
0.383556 -0.488827 0.442369 
-0.633973 -0.243785 0.37587 
0.384181 -0.491103 0.446301 
-0.634719 -0.244798 0.375526 
0.383925 -0.491395 0.445719 
-0.635005 -0.245207 0.374834 
0.3837 -0.491332 0.444275 
-0.634623 -0.244689 0.37462 
0.382904 -0.487617 0.4402 
-0.632732 -0.243869 0.375192 
0.383252 -0.488651 0.439714 
-0.629484 -0.242889 0.376455 
0.383537 -0.489695 0.439466 
-0.625807 -0.241612 0.377464 
0.384061 -0.490464 0.439039 
-0.622194 -0.240173 0.378777 
0.384548 -0.491107 0.438483 
-0.620417 -0.239261 0.379182 
0.385602 -0.495094 0.441659 
-0.617521 -0.237893 0.380116 
0.385641 -0.496558 0.442144 
-0.615609 -0.237164 0.380779 
0.385016 -0.494181 0.438669 
-0.614595 -0.236903 0.380964 
0.385649 -0.497468 0.443419 
-0.612701 -0.23621 0.381659 
0.385306 -0.497009 0.442558 
-0.609893 -0.23492 0.382474 
0.385559 -0.49885 0.442927 
-0.607303 -0.233908 0.382963 
0.385744 -0.500818 0.442888 
-0.604767 -0.232572 0.383513 
0.385443 -0.501211 0.441084 
-0.602042 -0.231463 0.384269 
0.385301 -0.501777 0.439838 
-0.600378 -0.230649 0.384398 
0.384994 -0.502665 0.441301 
-0.599973 -0.229982 0.383751 
0.38484 -0.502849 0.440256 
-0.600567 -0.229764 0.382829 
0.384096 -0.503188 0.44435 
-0.45805 -0.16486 0.48415 
0.384619 -0.502854 0.442071 
-0.599507 -0.230325 0.385182 
0.436571 -0.513784 0.463944 
