-0.635328 -0.2429 0.372419 
0.400795 -0.504304 0.485867 
-0.635328 -0.2429 0.372419 
0.400795 -0.504304 0.485867 
-0.635407 -0.243836 0.372264 
0.400795 -0.504304 0.485867 
-0.635384 -0.244943 0.373229 
0.400795 -0.504304 0.485867 
-0.63538 -0.245246 0.37351 
0.400795 -0.504304 0.485867 
-0.63493 -0.24493 0.37362 
0.400795 -0.504304 0.485867 
-0.633127 -0.243912 0.374499 
0.400795 -0.504304 0.485867 
-0.630126 -0.243316 0.37561 
0.400795 -0.504304 0.485867 
-0.626273 -0.241694 0.376942 
0.400795 -0.504304 0.485867 
-0.623093 -0.240289 0.37788 
0.400795 -0.504304 0.485867 
-0.62066 -0.239134 0.378543 
0.400795 -0.504304 0.485867 
-0.618554 -0.238467 0.37925 
0.400795 -0.504304 0.485867 
-0.616772 -0.237628 0.379872 
0.400795 -0.504304 0.485867 
-0.615395 -0.23697 0.380125 
0.400795 -0.504304 0.485867 
-0.613357 -0.236125 0.380799 
0.400795 -0.504304 0.485867 
-0.610691 -0.23539 0.381758 
0.400795 -0.504304 0.485867 
-0.607964 -0.233921 0.382297 
0.400795 -0.504304 0.485867 
-0.605528 -0.232958 0.382696 
0.400795 -0.504304 0.485867 
-0.603046 -0.231951 0.38333 
0.400795 -0.504304 0.485867 
-0.601556 -0.231045 0.383272 
0.400795 -0.504304 0.485867 
-0.600954 -0.230534 0.382994 
0.400795 -0.504304 0.485867 
-0.601226 -0.230233 0.38247 
0.400795 -0.504304 0.485867 
-0.45805 -0.16486 0.48415 
0.400795 -0.504304 0.485867 
-0.45805 -0.16486 0.48415 
0.400795 -0.504304 0.485867 
-0.600155 -0.230754 0.386552 
0.400795 -0.504304 0.485867 
-0.600155 -0.230754 0.386552 
0.400795 -0.504304 0.485867 
-0.600155 -0.230754 0.386552 
0.400795 -0.504304 0.485867 
-0.600155 -0.230754 0.386552 
0.400795 -0.504304 0.485867 
-0.600155 -0.230754 0.386552 
0.400795 -0.504304 0.485867 
-0.600155 -0.230754 0.386552 
0.400795 -0.504304 0.485867 
-0.600155 -0.230754 0.386552 
0.400795 -0.504304 0.485867 
-0.600155 -0.230754 0.386552 
0.400795 -0.504304 0.485867 
-0.600146 -0.230734 0.38669 
0.400795 -0.504304 0.485867 
-0.600146 -0.230734 0.38669 
0.400795 -0.504304 0.485867 
-0.600139 -0.230732 0.386728 
0.400795 -0.504304 0.485867 
-0.600128 -0.230711 0.386741 
0.400795 -0.504304 0.485867 
-0.600122 -0.230704 0.38676 
0.400795 -0.504304 0.485867 
-0.600122 -0.230697 0.386741 
0.400795 -0.504304 0.485867 
-0.600261 -0.230602 0.386674 
0.400795 -0.504304 0.485867 
-0.601115 -0.23022 0.386202 
0.400795 -0.504304 0.485867 
-0.602357 -0.229897 0.385492 
0.400795 -0.504304 0.485867 
-0.604814 -0.229336 0.383299 
0.400795 -0.504304 0.485867 
-0.607185 -0.228957 0.381801 
0.400795 -0.504304 0.485867 
-0.609168 -0.229091 0.380992 
0.400795 -0.504304 0.485867 
-0.611133 -0.229006 0.38009 
0.400795 -0.504304 0.485867 
-0.612732 -0.22913 0.37949 
0.400795 -0.504304 0.485867 
-0.614516 -0.22916 0.378533 
0.400795 -0.504304 0.485867 
-0.616288 -0.229266 0.377463 
0.400795 -0.504304 0.485867 
-0.618101 -0.229454 0.376344 
0.400795 -0.504304 0.485867 
-0.619739 -0.22995 0.375127 
0.400795 -0.504304 0.485867 
-0.621333 -0.229993 0.373948 
0.400795 -0.504304 0.485867 
-0.622012 -0.229856 0.372914 
0.400795 -0.504304 0.485867 
