-0.620453 -0.21473 0.381849 
0.400795 -0.504304 0.485867 
-0.620454 -0.21473 0.381849 
0.400795 -0.504304 0.485867 
-0.616471 -0.216291 0.379787 
0.400795 -0.504304 0.485867 
-0.614617 -0.215367 0.38073 
0.400795 -0.504304 0.485867 
-0.614279 -0.215058 0.381018 
0.400795 -0.504304 0.485867 
-0.613697 -0.214315 0.381537 
0.400795 -0.504304 0.485867 
-0.612974 -0.215214 0.381252 
0.400795 -0.504304 0.485867 
-0.612435 -0.216551 0.381011 
0.400795 -0.504304 0.485867 
-0.611835 -0.217249 0.38063 
0.400795 -0.504304 0.485867 
-0.610699 -0.217715 0.379993 
0.400795 -0.504304 0.485867 
-0.609253 -0.217698 0.37994 
0.400795 -0.504304 0.485867 
-0.607683 -0.21813 0.380323 
0.400795 -0.504304 0.485867 
-0.606951 -0.218114 0.379906 
0.400795 -0.504304 0.485867 
-0.6064 -0.218322 0.379448 
0.400795 -0.504304 0.485867 
-0.605621 -0.218387 0.378818 
0.400795 -0.504304 0.485867 
-0.604863 -0.218422 0.379278 
0.400795 -0.504304 0.485867 
-0.604336 -0.218521 0.379612 
0.400795 -0.504304 0.485867 
-0.6038 -0.218839 0.379431 
0.400795 -0.504304 0.485867 
-0.603477 -0.218894 0.379254 
0.400795 -0.504304 0.485867 
-0.603409 -0.218574 0.379346 
0.400795 -0.504304 0.485867 
-0.602931 -0.218821 0.379073 
0.400795 -0.504304 0.485867 
-0.602734 -0.219028 0.379209 
0.400795 -0.504304 0.485867 
-0.602362 -0.219019 0.379314 
0.400795 -0.504304 0.485867 
-0.602233 -0.21895 0.379217 
0.400795 -0.504304 0.485867 
-0.602026 -0.218602 0.379178 
0.400795 -0.504304 0.485867 
-0.601944 -0.21876 0.378803 
0.400795 -0.504304 0.485867 
-0.601769 -0.21873 0.378859 
0.400795 -0.504304 0.485867 
-0.601537 -0.21886 0.3789 
0.400795 -0.504304 0.485867 
-0.60079 -0.21912 0.378766 
0.400795 -0.504304 0.485867 
-0.600104 -0.219597 0.379015 
0.400795 -0.504304 0.485867 
-0.599691 -0.21983 0.37932 
0.400795 -0.504304 0.485867 
-0.599171 -0.219788 0.378858 
0.400795 -0.504304 0.485867 
-0.598668 -0.219533 0.37828 
0.400795 -0.504304 0.485867 
-0.598251 -0.219482 0.378247 
0.400795 -0.504304 0.485867 
-0.597878 -0.219464 0.378253 
0.400795 -0.504304 0.485867 
-0.597602 -0.219562 0.378345 
0.400795 -0.504304 0.485867 
-0.597698 -0.219365 0.378299 
0.400795 -0.504304 0.485867 
-0.597876 -0.219263 0.378018 
0.400795 -0.504304 0.485867 
-0.597917 -0.219196 0.37798 
0.400795 -0.504304 0.485867 
-0.597796 -0.219422 0.378092 
0.400795 -0.504304 0.485867 
-0.597839 -0.21951 0.378252 
0.400795 -0.504304 0.485867 
-0.597812 -0.219674 0.37822 
0.400795 -0.504304 0.485867 
-0.597905 -0.21954 0.378083 
0.400795 -0.504304 0.485867 
-0.597957 -0.219422 0.378106 
0.400795 -0.504304 0.485867 
-0.597984 -0.21932 0.378101 
0.400795 -0.504304 0.485867 
-0.597829 -0.219439 0.378257 
0.400795 -0.504304 0.485867 
-0.597871 -0.219391 0.378213 
0.400795 -0.504304 0.485867 
-0.597856 -0.219377 0.378078 
0.400795 -0.504304 0.485867 
-0.597887 -0.219434 0.378004 
0.400795 -0.504304 0.485867 
-0.59791 -0.219472 0.37807 
0.400795 -0.504304 0.485867 
-0.597887 -0.219599 0.378126 
0.400795 -0.504304 0.485867 
-0.597747 -0.219573 0.378412 
0.400795 -0.504304 0.485867 
-0.597895 -0.21945 0.37814 
0.400795 -0.504304 0.485867 
-0.597924 -0.219327 0.377924 
0.400795 -0.504304 0.485867 
-0.59786 -0.219486 0.378125 
0.400795 -0.504304 0.485867 
-0.597926 -0.219475 0.378242 
0.400795 -0.504304 0.485867 
-0.597861 -0.219599 0.378401 
0.400795 -0.504304 0.485867 
-0.597792 -0.219684 0.378675 
0.400795 -0.504304 0.485867 
-0.597934 -0.219581 0.378318 
0.400795 -0.504304 0.485867 
-0.59798 -0.219423 0.378285 
0.400795 -0.504304 0.485867 
-0.597876 -0.219466 0.378484 
0.400795 -0.504304 0.485867 
-0.597809 -0.219753 0.378632 
0.400795 -0.504304 0.485867 
-0.597865 -0.219834 0.378609 
0.400795 -0.504304 0.485867 
-0.597888 -0.219804 0.378664 
0.400795 -0.504304 0.485867 
-0.597884 -0.219745 0.378636 
0.400795 -0.504304 0.485867 
-0.597887 -0.219785 0.37859 
0.400795 -0.504304 0.485867 
-0.597819 -0.219763 0.37863 
0.400795 -0.504304 0.485867 
-0.597858 -0.219715 0.378658 
0.400795 -0.504304 0.485867 
-0.59789 -0.21959 0.378581 
0.400795 -0.504304 0.485867 
-0.597844 -0.219577 0.378731 
0.400795 -0.504304 0.485867 
-0.597878 -0.219446 0.378751 
0.400795 -0.504304 0.485867 
-0.59795 -0.219589 0.378574 
0.400795 -0.504304 0.485867 
-0.597871 -0.219852 0.378634 
0.400795 -0.504304 0.485867 
-0.597846 -0.219673 0.378707 
0.400795 -0.504304 0.485867 
-0.597895 -0.21962 0.378638 
0.400795 -0.504304 0.485867 
-0.597903 -0.219792 0.378654 
0.400795 -0.504304 0.485867 
-0.597856 -0.219771 0.378738 
0.400795 -0.504304 0.485867 
-0.597864 -0.219735 0.378591 
0.400795 -0.504304 0.485867 
-0.597865 -0.219605 0.378587 
0.400795 -0.504304 0.485867 
-0.59785 -0.219379 0.378698 
0.400795 -0.504304 0.485867 
-0.597873 -0.219507 0.37855 
0.400795 -0.504304 0.485867 
-0.59786 -0.219447 0.37849 
0.400795 -0.504304 0.485867 
-0.597895 -0.219523 0.378422 
0.400795 -0.504304 0.485867 
-0.597903 -0.219434 0.378274 
0.400795 -0.504304 0.485867 
-0.597829 -0.219468 0.378262 
0.400795 -0.504304 0.485867 
-0.597795 -0.219338 0.378303 
0.400795 -0.504304 0.485867 
-0.59788 -0.219562 0.378183 
0.400795 -0.504304 0.485867 
-0.597847 -0.219488 0.378231 
0.400795 -0.504304 0.485867 
-0.597905 -0.219386 0.378063 
0.400795 -0.504304 0.485867 
-0.597894 -0.219423 0.378128 
0.400795 -0.504304 0.485867 
-0.597887 -0.21929 0.378232 
0.400795 -0.504304 0.485867 
-0.597855 -0.219461 0.378356 
0.400795 -0.504304 0.485867 
-0.597922 -0.219273 0.378208 
0.400795 -0.504304 0.485867 
-0.597903 -0.219202 0.37825 
0.400795 -0.504304 0.485867 
-0.597909 -0.21927 0.378245 
0.400795 -0.504304 0.485867 
-0.597887 -0.219322 0.378277 
0.400795 -0.504304 0.485867 
-0.597821 -0.219278 0.37837 
0.400795 -0.504304 0.485867 
-0.597843 -0.219408 0.378316 
0.400795 -0.504304 0.485867 
-0.597853 -0.219457 0.378241 
0.400795 -0.504304 0.485867 
-0.597914 -0.219186 0.378169 
0.400795 -0.504304 0.485867 
-0.597933 -0.219184 0.378257 
0.400795 -0.504304 0.485867 
-0.597893 -0.219469 0.378396 
0.400795 -0.504304 0.485867 
-0.598022 -0.21929 0.378153 
0.400795 -0.504304 0.485867 
-0.597979 -0.21948 0.378271 
0.400795 -0.504304 0.485867 
-0.597835 -0.219328 0.378457 
0.400795 -0.504304 0.485867 
-0.597844 -0.219655 0.37848 
0.400795 -0.504304 0.485867 
-0.597885 -0.219371 0.378601 
0.400795 -0.504304 0.485867 
-0.597932 -0.219473 0.378469 
0.400795 -0.504304 0.485867 
-0.597834 -0.219416 0.378495 
0.400795 -0.504304 0.485867 
-0.597849 -0.219342 0.378511 
0.400795 -0.504304 0.485867 
-0.597841 -0.219398 0.378507 
0.400795 -0.504304 0.485867 
-0.597839 -0.21945 0.378624 
0.400795 -0.504304 0.485867 
-0.597892 -0.219489 0.378666 
0.400795 -0.504304 0.485867 
-0.597915 -0.219401 0.378541 
0.400795 -0.504304 0.485867 
-0.597912 -0.219471 0.378577 
0.400795 -0.504304 0.485867 
-0.597838 -0.219609 0.378608 
0.400795 -0.504304 0.485867 
-0.597847 -0.219464 0.378606 
0.400795 -0.504304 0.485867 
-0.597759 -0.219515 0.378824 
0.400795 -0.504304 0.485867 
-0.597262 -0.218245 0.377471 
0.400795 -0.504304 0.485867 
-0.596849 -0.216999 0.376106 
0.400795 -0.504304 0.485867 
-0.596411 -0.216056 0.375084 
0.400795 -0.504304 0.485867 
-0.595897 -0.214533 0.373817 
0.400795 -0.504304 0.485867 
-0.595543 -0.213187 0.37216 
0.400795 -0.504304 0.485867 
-0.595348 -0.212039 0.3711 
0.400795 -0.504304 0.485867 
-0.595245 -0.210089 0.369414 
0.400795 -0.504304 0.485867 
-0.594898 -0.208442 0.367797 
0.400795 -0.504304 0.485867 
-0.594853 -0.207508 0.366827 
0.400795 -0.504304 0.485867 
-0.59483 -0.204797 0.364672 
0.400795 -0.504304 0.485867 
-0.594741 -0.203326 0.363107 
0.400795 -0.504304 0.485867 
-0.594699 -0.201362 0.361539 
0.400795 -0.504304 0.485867 
-0.594883 -0.198452 0.359448 
0.400795 -0.504304 0.485867 
-0.595145 -0.196879 0.3577 
0.400795 -0.504304 0.485867 
-0.59534 -0.194863 0.356176 
0.400795 -0.504304 0.485867 
-0.595816 -0.191722 0.353953 
0.400795 -0.504304 0.485867 
-0.596189 -0.190298 0.352345 
0.400795 -0.504304 0.485867 
-0.596784 -0.187435 0.350144 
0.400795 -0.504304 0.485867 
-0.597449 -0.184999 0.34781 
0.400795 -0.504304 0.485867 
-0.597786 -0.183023 0.346596 
0.400795 -0.504304 0.485867 
-0.59848 -0.181027 0.344732 
0.400795 -0.504304 0.485867 
-0.599207 -0.178327 0.342851 
0.400795 -0.504304 0.485867 
-0.599889 -0.176655 0.341087 
0.400795 -0.504304 0.485867 
-0.600579 -0.174263 0.338742 
0.400795 -0.504304 0.485867 
-0.601303 -0.172065 0.336665 
0.400795 -0.504304 0.485867 
-0.602477 -0.170017 0.335504 
0.400795 -0.504304 0.485867 
-0.603622 -0.169014 0.334575 
0.400795 -0.504304 0.485867 
-0.604587 -0.168276 0.334069 
0.400795 -0.504304 0.485867 
-0.605633 -0.167379 0.333135 
0.400795 -0.504304 0.485867 
-0.606133 -0.167024 0.332758 
0.400795 -0.504304 0.485867 
-0.606979 -0.166574 0.332555 
0.400795 -0.504304 0.485867 
-0.607863 -0.165501 0.332177 
0.400795 -0.504304 0.485867 
-0.608354 -0.165498 0.331752 
0.400795 -0.504304 0.485867 
-0.609035 -0.166021 0.331353 
0.400795 -0.504304 0.485867 
-0.609068 -0.165832 0.331866 
0.400795 -0.504304 0.485867 
-0.608957 -0.166283 0.332148 
0.400795 -0.504304 0.485867 
-0.608902 -0.167093 0.332395 
0.400795 -0.504304 0.485867 
-0.608817 -0.168064 0.332631 
0.400795 -0.504304 0.485867 
-0.608343 -0.16931 0.333114 
0.400795 -0.504304 0.485867 
-0.607879 -0.170401 0.333699 
0.400795 -0.504304 0.485867 
-0.607366 -0.171928 0.334246 
0.400795 -0.504304 0.485867 
-0.606831 -0.173227 0.334676 
0.400795 -0.504304 0.485867 
-0.606725 -0.174381 0.334738 
0.400795 -0.504304 0.485867 
-0.605521 -0.17689 0.335781 
0.400795 -0.504304 0.485867 
-0.604765 -0.179187 0.33634 
0.400795 -0.504304 0.485867 
-0.604002 -0.180861 0.337015 
0.400795 -0.504304 0.485867 
-0.603404 -0.182935 0.337327 
0.400795 -0.504304 0.485867 
-0.602601 -0.18556 0.337797 
0.400795 -0.504304 0.485867 
-0.602011 -0.18748 0.338091 
0.400795 -0.504304 0.485867 
-0.601217 -0.190238 0.338522 
0.400795 -0.504304 0.485867 
-0.600613 -0.192602 0.338679 
0.400795 -0.504304 0.485867 
-0.600026 -0.194662 0.339037 
0.400795 -0.504304 0.485867 
-0.599346 -0.197295 0.339355 
0.400795 -0.504304 0.485867 
-0.598784 -0.199486 0.33949 
0.400795 -0.504304 0.485867 
-0.598092 -0.202575 0.339898 
0.400795 -0.504304 0.485867 
-0.597716 -0.205031 0.339995 
0.400795 -0.504304 0.485867 
-0.597249 -0.207283 0.340105 
0.400795 -0.504304 0.485867 
-0.596671 -0.210299 0.340514 
0.400795 -0.504304 0.485867 
-0.596351 -0.212369 0.340692 
0.400795 -0.504304 0.485867 
-0.596199 -0.214282 0.340462 
0.400795 -0.504304 0.485867 
-0.596026 -0.216211 0.340529 
0.400795 -0.504304 0.485867 
-0.595927 -0.217741 0.340207 
0.400795 -0.504304 0.485867 
-0.595751 -0.220264 0.340028 
0.400795 -0.504304 0.485867 
-0.596989 -0.222252 0.340029 
0.400795 -0.504304 0.485867 
-0.596918 -0.224 0.339949 
0.400795 -0.504304 0.485867 
-0.596842 -0.224723 0.339608 
0.400795 -0.504304 0.485867 
-0.596946 -0.226134 0.339403 
0.400795 -0.504304 0.485867 
-0.596932 -0.226837 0.339224 
0.400795 -0.504304 0.485867 
-0.596942 -0.227669 0.338942 
0.400795 -0.504304 0.485867 
-0.597002 -0.228213 0.33865 
0.400795 -0.504304 0.485867 
-0.597006 -0.228994 0.338594 
0.400795 -0.504304 0.485867 
-0.597191 -0.229643 0.338136 
0.400795 -0.504304 0.485867 
-0.597053 -0.230143 0.338177 
0.400795 -0.504304 0.485867 
