-0.638122 -0.241385 0.37362 
0.380477 -0.481539 0.438247 
-0.624817 -0.236226 0.381742 
0.379499 -0.485801 0.438196 
-0.633784 -0.240603 0.377313 
0.38038 -0.486924 0.441527 
-0.636302 -0.242514 0.37631 
0.380698 -0.487507 0.443665 
-0.638431 -0.244048 0.374913 
0.380956 -0.487739 0.445052 
-0.638025 -0.243828 0.374582 
0.380851 -0.48788 0.444224 
-0.636103 -0.242712 0.374985 
0.381236 -0.488791 0.443685 
-0.632711 -0.241523 0.376227 
0.3815 -0.490008 0.443027 
-0.628641 -0.240048 0.377547 
0.38217 -0.491622 0.443462 
-0.625217 -0.238743 0.378606 
0.382639 -0.492084 0.442609 
-0.622723 -0.237648 0.379325 
0.382763 -0.492895 0.440473 
-0.620645 -0.23689 0.380184 
0.382903 -0.493952 0.441076 
-0.618851 -0.236311 0.380663 
0.383033 -0.494714 0.442115 
-0.617211 -0.235679 0.38112 
0.382792 -0.494908 0.442246 
-0.615236 -0.234947 0.381728 
0.382641 -0.495603 0.44194 
-0.612874 -0.23402 0.382457 
0.3826 -0.496327 0.441142 
-0.610163 -0.232707 0.383182 
0.382618 -0.497175 0.440453 
-0.607546 -0.231524 0.383867 
0.38278 -0.498366 0.440741 
-0.605165 -0.23046 0.384544 
0.382585 -0.498683 0.439934 
-0.603427 -0.229605 0.384746 
0.381948 -0.498841 0.438355 
-0.603055 -0.229144 0.384408 
0.381389 -0.499142 0.439179 
-0.603329 -0.229016 0.38405 
0.380719 -0.500398 0.440803 
-0.45805 -0.16486 0.48415 
0.380947 -0.500078 0.440364 
-0.473007 -0.171295 0.473857 
0.371552 -0.490912 0.420762 
-0.473007 -0.171295 0.473857 
0.370859 -0.489623 0.418088 
-0.473007 -0.171295 0.473857 
0.371765 -0.490373 0.422771 
-0.473007 -0.171295 0.473857 
0.374362 -0.490143 0.425762 
-0.473007 -0.171295 0.473857 
0.378175 -0.490663 0.430386 
-0.473007 -0.171295 0.473857 
0.38227 -0.490559 0.434977 
-0.473007 -0.171295 0.473857 
0.386639 -0.489545 0.436675 
-0.473007 -0.171295 0.473857 
0.391391 -0.489021 0.441062 
-0.473007 -0.171295 0.473857 
0.395349 -0.488925 0.445382 
-0.473007 -0.171295 0.473857 
0.400224 -0.48841 0.450055 
-0.473007 -0.171295 0.473857 
0.4055 -0.488136 0.453577 
-0.473007 -0.171295 0.473857 
0.411114 -0.488548 0.457117 
-0.473007 -0.171295 0.473857 
0.41585 -0.488119 0.45811 
-0.473007 -0.171295 0.473857 
0.420667 -0.486912 0.460327 
-0.473007 -0.171295 0.473857 
0.423683 -0.486549 0.460609 
-0.473007 -0.171295 0.473857 
0.427239 -0.486867 0.462204 
-0.473007 -0.171295 0.473857 
0.426833 -0.486845 0.46002 
-0.473007 -0.171295 0.473857 
0.426966 -0.487229 0.459771 
-0.473007 -0.171295 0.473857 
0.426507 -0.488456 0.459072 
-0.473007 -0.171295 0.473857 
0.426102 -0.488259 0.459238 
-0.473007 -0.171295 0.473857 
0.425607 -0.489365 0.45942 
-0.473007 -0.171295 0.473857 
0.425086 -0.489591 0.459501 
-0.473007 -0.171295 0.473857 
0.425131 -0.489343 0.459421 
-0.602978 -0.229399 0.385335 
0.437553 -0.489552 0.475676 
-0.602978 -0.229399 0.385335 
0.435072 -0.483271 0.474187 
-0.602979 -0.229398 0.385331 
0.434448 -0.481837 0.473417 
-0.604113 -0.228899 0.384041 
0.434098 -0.481123 0.473175 
-0.604482 -0.228712 0.38365 
0.433843 -0.481193 0.472917 
-0.604497 -0.228978 0.383673 
0.433927 -0.481237 0.47394 
-0.604432 -0.228946 0.383703 
0.432951 -0.481723 0.472805 
-0.604319 -0.228775 0.383952 
0.43196 -0.481673 0.47355 
-0.604299 -0.228796 0.384012 
0.430615 -0.481736 0.473866 
-0.604305 -0.22875 0.383918 
0.428904 -0.482094 0.474119 
-0.604228 -0.228767 0.384062 
0.42617 -0.481985 0.473067 
-0.604197 -0.228617 0.384033 
0.423913 -0.482208 0.472897 
-0.604182 -0.228427 0.38404 
0.421544 -0.482897 0.471753 
-0.604006 -0.228666 0.38436 
0.419124 -0.483304 0.470501 
-0.604026 -0.228668 0.384352 
0.418535 -0.484086 0.472434 
-0.604067 -0.22855 0.384322 
0.41717 -0.484935 0.472592 
-0.604134 -0.228463 0.38428 
0.415342 -0.48471 0.473146 
-0.60414 -0.228429 0.384299 
0.412572 -0.484649 0.471175 
-0.604175 -0.228511 0.384202 
0.410567 -0.485152 0.470654 
-0.604092 -0.2288 0.384319 
0.409106 -0.486124 0.470631 
-0.604033 -0.228794 0.384413 
0.407314 -0.486223 0.468125 
-0.604055 -0.228707 0.38441 
0.40722 -0.486103 0.468779 
-0.604148 -0.228659 0.384246 
0.407165 -0.486326 0.468629 
-0.604168 -0.228923 0.384299 
0.407711 -0.486777 0.46975 
-0.604212 -0.22893 0.384421 
0.40855 -0.487273 0.471061 
-0.604258 -0.228919 0.38436 
0.408745 -0.487671 0.471449 
-0.604226 -0.22879 0.384366 
0.408391 -0.488227 0.470666 
-0.604166 -0.228848 0.384508 
0.40763 -0.48851 0.468822 
-0.604233 -0.228711 0.384478 
0.407572 -0.488958 0.468684 
-0.604193 -0.228743 0.384547 
0.408011 -0.489574 0.469852 
-0.604288 -0.228871 0.384121 
0.407653 -0.489508 0.469459 
-0.604331 -0.228916 0.383992 
0.408415 -0.489615 0.471594 
-0.605277 -0.22839 0.383625 
0.408671 -0.489611 0.472043 
-0.60685 -0.228199 0.382816 
0.408734 -0.4899 0.471995 
-0.6089 -0.228257 0.381845 
0.408218 -0.489999 0.470488 
-0.610948 -0.228396 0.380952 
0.408547 -0.489909 0.471213 
-0.613045 -0.228352 0.380025 
0.408376 -0.490061 0.471003 
-0.61473 -0.228236 0.379513 
0.408617 -0.490199 0.471386 
-0.616582 -0.228347 0.378403 
0.408554 -0.490234 0.471083 
-0.618497 -0.228428 0.377364 
0.40872 -0.489754 0.471838 
-0.619985 -0.228659 0.37619 
0.408864 -0.489373 0.472402 
-0.622004 -0.228716 0.374804 
0.408684 -0.489942 0.471489 
-0.62407 -0.228963 0.373255 
0.408569 -0.489668 0.471122 
-0.625179 -0.228976 0.372363 
0.408579 -0.490058 0.471071 
-0.624652 -0.228676 0.371782 
0.408943 -0.489769 0.472247 
-0.62319 -0.228084 0.371506 
0.409026 -0.48987 0.4722 
-0.62084 -0.227301 0.371412 
0.408827 -0.490489 0.471255 
-0.618776 -0.225902 0.371365 
0.408395 -0.490051 0.470623 
-0.616548 -0.224973 0.371577 
0.408047 -0.489946 0.469715 
-0.613795 -0.221317 0.370477 
0.408616 -0.489474 0.471369 
-0.611733 -0.21584 0.368325 
0.408693 -0.490304 0.471279 
-0.610377 -0.20974 0.366261 
0.408575 -0.490113 0.470955 
-0.609583 -0.203555 0.364314 
0.408397 -0.489716 0.470753 
-0.608696 -0.197778 0.362599 
0.408123 -0.489926 0.470123 
-0.607748 -0.192095 0.360504 
0.408345 -0.489659 0.471136 
-0.606578 -0.187069 0.358847 
0.408404 -0.489873 0.470971 
-0.606335 -0.181801 0.35655 
0.40834 -0.489501 0.470955 
-0.606311 -0.178069 0.354795 
0.40858 -0.489563 0.471834 
-0.60604 -0.17582 0.353628 
0.408353 -0.490149 0.470552 
-0.60557 -0.174003 0.351851 
0.408662 -0.489901 0.471485 
-0.605127 -0.171992 0.349408 
0.408389 -0.489857 0.470861 
-0.604722 -0.172504 0.349667 
0.408393 -0.489907 0.470986 
-0.603697 -0.173631 0.349308 
0.408466 -0.490553 0.470669 
-0.602807 -0.177296 0.349996 
0.408577 -0.491025 0.470429 
-0.601626 -0.181862 0.350721 
0.409065 -0.491486 0.470942 
-0.599694 -0.186818 0.351974 
0.409175 -0.491498 0.471322 
-0.597672 -0.191832 0.353367 
0.408875 -0.491838 0.470423 
-0.59592 -0.196484 0.354602 
0.408714 -0.491924 0.470192 
-0.59434 -0.201239 0.355816 
0.408645 -0.492391 0.470403 
-0.592715 -0.205649 0.357273 
0.40882 -0.492328 0.471109 
-0.591669 -0.209624 0.357966 
0.409103 -0.492663 0.471786 
