-0.636799 -0.252141 0.373364 
0.382093 -0.491859 0.436946 
-0.636799 -0.252141 0.373364 
0.382093 -0.491859 0.436946 
-0.642008 -0.254345 0.375634 
0.387316 -0.489215 0.44153 
-0.645696 -0.254561 0.376521 
0.380279 -0.494428 0.442909 
-0.645475 -0.254853 0.376741 
0.375169 -0.498636 0.443426 
-0.643972 -0.254525 0.376177 
0.374137 -0.499355 0.443913 
-0.641454 -0.253231 0.376711 
0.373957 -0.50091 0.441964 
-0.637405 -0.251613 0.37823 
0.374298 -0.501183 0.442763 
-0.633085 -0.250058 0.379872 
0.375628 -0.501301 0.442236 
-0.629998 -0.248803 0.380601 
0.376627 -0.502455 0.441939 
-0.626983 -0.247692 0.381904 
0.376959 -0.502942 0.441476 
-0.624911 -0.246997 0.382499 
0.377057 -0.503409 0.438776 
-0.623584 -0.246545 0.383048 
0.376759 -0.503735 0.439179 
-0.622267 -0.245721 0.383412 
0.37681 -0.504502 0.440413 
-0.6205 -0.244856 0.383901 
0.376517 -0.505611 0.439364 
-0.617622 -0.243768 0.384741 
0.376725 -0.507144 0.441301 
-0.614752 -0.242283 0.385551 
0.376624 -0.507825 0.440799 
-0.612182 -0.240825 0.385991 
0.376527 -0.508949 0.438339 
-0.609493 -0.240331 0.386567 
0.376381 -0.509189 0.436895 
-0.607705 -0.239344 0.386657 
0.375869 -0.509563 0.436136 
-0.606818 -0.23836 0.385972 
0.375309 -0.510087 0.436165 
-0.607342 -0.237782 0.384904 
0.374244 -0.510728 0.436464 
-0.45805 -0.16486 0.48415 
0.374842 -0.510295 0.436454 
-0.480339 -0.172953 0.468012 
0.366866 -0.504476 0.425074 
-0.480339 -0.172953 0.468012 
0.365412 -0.502684 0.42484 
-0.480339 -0.172953 0.468012 
0.36515 -0.501929 0.424991 
-0.480339 -0.172953 0.468012 
0.370133 -0.503981 0.429981 
-0.480339 -0.172953 0.468012 
0.374202 -0.504363 0.436573 
-0.480339 -0.172953 0.468012 
0.378377 -0.502398 0.440341 
-0.480339 -0.172953 0.468012 
0.382921 -0.501502 0.444457 
-0.480339 -0.172953 0.468012 
0.388308 -0.500121 0.449029 
-0.480339 -0.172953 0.468012 
0.393158 -0.49907 0.454423 
-0.480339 -0.172953 0.468012 
0.397011 -0.498978 0.456734 
-0.480339 -0.172953 0.468012 
0.402904 -0.498577 0.460193 
-0.480339 -0.172953 0.468012 
0.407617 -0.497985 0.462397 
-0.480339 -0.172953 0.468012 
0.411777 -0.49653 0.463854 
-0.480339 -0.172953 0.468012 
0.417108 -0.495831 0.465443 
-0.480339 -0.172953 0.468012 
0.422308 -0.495177 0.467742 
-0.480339 -0.172953 0.468012 
0.424427 -0.495636 0.468827 
-0.480339 -0.172953 0.468012 
0.426315 -0.495453 0.468759 
-0.480339 -0.172953 0.468012 
0.425857 -0.496165 0.467747 
-0.480339 -0.172953 0.468012 
0.424361 -0.496271 0.466296 
-0.480339 -0.172953 0.468012 
0.423073 -0.497103 0.4656 
-0.480339 -0.172953 0.468012 
0.422414 -0.497265 0.465036 
-0.480339 -0.172953 0.468012 
0.421197 -0.497901 0.464584 
-0.480339 -0.172953 0.468012 
0.420932 -0.498043 0.46484 
-0.607423 -0.238903 0.389594 
0.432521 -0.498499 0.476411 
-0.607423 -0.238903 0.389594 
0.431366 -0.498893 0.475571 
-0.607423 -0.238903 0.38959 
0.431323 -0.499749 0.475706 
-0.607422 -0.238896 0.389575 
0.431323 -0.500548 0.475965 
-0.607424 -0.2389 0.389577 
0.430769 -0.500293 0.475643 
-0.607425 -0.238895 0.389554 
0.430158 -0.500407 0.474753 
-0.607426 -0.238891 0.389529 
0.429648 -0.500313 0.475242 
-0.607427 -0.238895 0.389526 
0.428547 -0.500446 0.475039 
-0.607421 -0.2389 0.389558 
0.427208 -0.500208 0.475588 
-0.607399 -0.238874 0.389571 
0.424901 -0.500906 0.475132 
-0.607372 -0.238847 0.389604 
0.422188 -0.501521 0.474831 
-0.607331 -0.238783 0.389584 
0.419622 -0.501823 0.474585 
-0.607305 -0.238756 0.38961 
0.417236 -0.502862 0.473276 
-0.607298 -0.238763 0.389656 
0.414413 -0.502869 0.471966 
-0.607298 -0.238766 0.389661 
0.412959 -0.503047 0.471381 
-0.607298 -0.238785 0.38971 
0.412313 -0.503243 0.472511 
-0.607296 -0.238781 0.389699 
0.410312 -0.503621 0.472747 
-0.607294 -0.238789 0.389734 
0.40759 -0.504058 0.471886 
-0.607291 -0.238797 0.389775 
0.40534 -0.504592 0.47142 
-0.60729 -0.238802 0.389806 
0.403181 -0.504498 0.470478 
-0.607286 -0.238809 0.389848 
0.403463 -0.504585 0.471381 
-0.607293 -0.238821 0.389852 
0.401061 -0.505173 0.469642 
-0.607314 -0.238859 0.389874 
0.401592 -0.505373 0.469965 
-0.607345 -0.238909 0.389879 
0.402388 -0.505912 0.46968 
-0.607385 -0.238976 0.389918 
0.402452 -0.506151 0.46987 
-0.607401 -0.239002 0.389924 
0.403808 -0.505964 0.469193 
-0.607386 -0.238967 0.389928 
0.404735 -0.506353 0.470738 
-0.607355 -0.238912 0.390002 
0.405221 -0.506795 0.470085 
-0.607333 -0.23887 0.390049 
0.40506 -0.507467 0.469939 
-0.607319 -0.238856 0.390102 
0.404904 -0.507918 0.469981 
-0.607528 -0.239086 0.389222 
0.40332 -0.508114 0.469926 
-0.607528 -0.239086 0.389222 
0.403932 -0.50805 0.471174 
-0.608527 -0.238721 0.388615 
0.403483 -0.507657 0.470752 
-0.610008 -0.238459 0.387764 
0.403934 -0.507777 0.470656 
-0.611965 -0.238399 0.386834 
0.405036 -0.507659 0.472445 
-0.614063 -0.23829 0.385829 
0.405528 -0.508273 0.472979 
-0.616168 -0.238163 0.384804 
0.405554 -0.508463 0.472455 
-0.621287 -0.237921 0.38135 
0.405071 -0.508271 0.471583 
-0.624457 -0.237952 0.379487 
0.404437 -0.507844 0.470707 
-0.628064 -0.238055 0.377183 
0.404062 -0.507726 0.469818 
-0.627719 -0.23892 0.377507 
0.404322 -0.508511 0.469748 
-0.62933 -0.239287 0.376275 
0.404536 -0.508259 0.470871 
-0.630403 -0.239428 0.375419 
0.404603 -0.508331 0.470979 
-0.631602 -0.239202 0.374457 
0.404225 -0.508385 0.469609 
-0.630969 -0.238765 0.373999 
0.404277 -0.509011 0.469147 
-0.629832 -0.23814 0.373601 
0.404347 -0.508189 0.470175 
-0.627253 -0.237155 0.373539 
0.404477 -0.50873 0.470022 
-0.624097 -0.236124 0.374053 
0.404299 -0.508364 0.470007 
-0.621144 -0.234418 0.374734 
0.404349 -0.508191 0.470193 
-0.619172 -0.230955 0.373197 
0.404775 -0.508721 0.470793 
-0.617604 -0.225851 0.371023 
0.404786 -0.508506 0.470979 
-0.616338 -0.22001 0.368623 
0.404707 -0.50833 0.470806 
-0.615409 -0.21307 0.366238 
0.404024 -0.507911 0.469599 
-0.614683 -0.207362 0.364332 
0.404086 -0.507821 0.469631 
-0.613493 -0.202058 0.362666 
0.404292 -0.507385 0.47083 
-0.612236 -0.196772 0.360834 
0.404353 -0.507716 0.47083 
-0.611604 -0.191676 0.359132 
0.404271 -0.508158 0.470429 
-0.611307 -0.18683 0.356566 
0.404142 -0.508202 0.469949 
-0.611334 -0.185559 0.355636 
0.404279 -0.508136 0.470361 
-0.610605 -0.18346 0.354189 
0.403966 -0.508091 0.469548 
-0.609776 -0.181955 0.352341 
0.404176 -0.508276 0.469918 
-0.60873 -0.181468 0.351076 
0.404466 -0.508663 0.470601 
-0.608164 -0.185281 0.352138 
0.404549 -0.509177 0.47 
-0.60728 -0.190734 0.353351 
0.405005 -0.5099 0.470408 
-0.605559 -0.194176 0.354537 
0.405067 -0.509686 0.47036 
-0.604191 -0.197145 0.355129 
0.405003 -0.509942 0.470076 
