-0.617736 -0.256548 0.438155 
0.400795 -0.504304 0.485867 
-0.617736 -0.256548 0.438155 
0.400795 -0.504304 0.485867 
-0.617736 -0.256548 0.438155 
0.400795 -0.504304 0.485867 
-0.617847 -0.256656 0.438489 
0.400795 -0.504304 0.485867 
-0.617855 -0.256681 0.438486 
0.400795 -0.504304 0.485867 
-0.617842 -0.256655 0.438482 
0.400795 -0.504304 0.485867 
-0.617818 -0.256618 0.438442 
0.400795 -0.504304 0.485867 
-0.61782 -0.256613 0.438446 
0.400795 -0.504304 0.485867 
-0.617822 -0.256607 0.438456 
0.400795 -0.504304 0.485867 
-0.617834 -0.256628 0.438493 
0.400795 -0.504304 0.485867 
-0.617834 -0.256631 0.438495 
0.400795 -0.504304 0.485867 
-0.61788 -0.256637 0.43851 
0.400795 -0.504304 0.485867 
-0.618102 -0.256654 0.438551 
0.400795 -0.504304 0.485867 
-0.618445 -0.256645 0.438586 
0.400795 -0.504304 0.485867 
-0.618883 -0.256634 0.438622 
0.400795 -0.504304 0.485867 
-0.61941 -0.256611 0.438673 
0.400795 -0.504304 0.485867 
-0.619998 -0.256599 0.438705 
0.400795 -0.504304 0.485867 
-0.620648 -0.25657 0.438759 
0.400795 -0.504304 0.485867 
-0.621339 -0.256541 0.438794 
0.400795 -0.504304 0.485867 
-0.622079 -0.256525 0.438856 
0.400795 -0.504304 0.485867 
-0.62284 -0.256499 0.4389 
0.400795 -0.504304 0.485867 
-0.623629 -0.256465 0.438959 
0.400795 -0.504304 0.485867 
-0.624437 -0.256428 0.439016 
0.400795 -0.504304 0.485867 
-0.62527 -0.256403 0.439079 
0.400795 -0.504304 0.485867 
-0.626117 -0.256374 0.439144 
0.400795 -0.504304 0.485867 
-0.626957 -0.256338 0.439209 
0.400795 -0.504304 0.485867 
-0.62774 -0.256303 0.439264 
0.400795 -0.504304 0.485867 
-0.628535 -0.256279 0.439328 
0.400795 -0.504304 0.485867 
-0.629803 -0.256239 0.439433 
0.400795 -0.504304 0.485867 
-0.631147 -0.256194 0.439531 
0.400795 -0.504304 0.485867 
-0.63257 -0.256142 0.439633 
0.400795 -0.504304 0.485867 
-0.634077 -0.256097 0.439755 
0.400795 -0.504304 0.485867 
-0.635664 -0.256047 0.439861 
0.400795 -0.504304 0.485867 
-0.637328 -0.255998 0.439985 
0.400795 -0.504304 0.485867 
-0.639068 -0.255942 0.440107 
0.400795 -0.504304 0.485867 
-0.640889 -0.255877 0.440235 
0.400795 -0.504304 0.485867 
-0.642796 -0.255826 0.440372 
0.400795 -0.504304 0.485867 
-0.644725 -0.255757 0.440496 
0.400795 -0.504304 0.485867 
-0.646659 -0.255689 0.440615 
0.400795 -0.504304 0.485867 
-0.648579 -0.255628 0.440745 
0.400795 -0.504304 0.485867 
-0.65042 -0.255562 0.440857 
0.400795 -0.504304 0.485867 
-0.652183 -0.255509 0.440973 
0.400795 -0.504304 0.485867 
-0.653858 -0.255449 0.441079 
0.400795 -0.504304 0.485867 
-0.655462 -0.255395 0.441186 
0.400795 -0.504304 0.485867 
-0.656981 -0.255339 0.441287 
0.400795 -0.504304 0.485867 
-0.658419 -0.255287 0.441379 
0.400795 -0.504304 0.485867 
-0.659781 -0.255245 0.441467 
0.400795 -0.504304 0.485867 
-0.661065 -0.255207 0.441547 
0.400795 -0.504304 0.485867 
-0.662264 -0.255168 0.441619 
0.400795 -0.504304 0.485867 
-0.599381 -0.227399 0.472151 
0.400795 -0.504304 0.485867 
-0.599382 -0.227399 0.472151 
0.400795 -0.504304 0.485867 
-0.607798 -0.242987 0.418727 
0.400795 -0.504304 0.485867 
-0.607951 -0.241191 0.419644 
0.400795 -0.504304 0.485867 
-0.60809 -0.239108 0.420655 
0.400795 -0.504304 0.485867 
-0.608216 -0.236584 0.421524 
0.400795 -0.504304 0.485867 
-0.608383 -0.233895 0.422105 
0.400795 -0.504304 0.485867 
-0.608682 -0.23104 0.422905 
0.400795 -0.504304 0.485867 
-0.609089 -0.227979 0.423971 
0.400795 -0.504304 0.485867 
-0.609492 -0.2249 0.42486 
0.400795 -0.504304 0.485867 
-0.609864 -0.22181 0.425551 
0.400795 -0.504304 0.485867 
-0.610221 -0.218764 0.426148 
0.400795 -0.504304 0.485867 
-0.610586 -0.215623 0.426583 
0.400795 -0.504304 0.485867 
-0.610915 -0.212454 0.426759 
0.400795 -0.504304 0.485867 
-0.611218 -0.209275 0.42656 
0.400795 -0.504304 0.485867 
-0.611497 -0.206418 0.426163 
0.400795 -0.504304 0.485867 
-0.6118 -0.203955 0.425722 
0.400795 -0.504304 0.485867 
-0.612132 -0.201804 0.425299 
0.400795 -0.504304 0.485867 
-0.612423 -0.199887 0.424775 
0.400795 -0.504304 0.485867 
-0.612689 -0.198225 0.424317 
0.400795 -0.504304 0.485867 
-0.612947 -0.19676 0.423851 
0.400795 -0.504304 0.485867 
-0.613228 -0.195345 0.423311 
0.400795 -0.504304 0.485867 
-0.613541 -0.194006 0.422736 
0.400795 -0.504304 0.485867 
-0.613981 -0.192809 0.422171 
0.400795 -0.504304 0.485867 
-0.614548 -0.191734 0.421723 
0.400795 -0.504304 0.485867 
-0.61518 -0.190703 0.421432 
0.400795 -0.504304 0.485867 
-0.615836 -0.189719 0.421234 
0.400795 -0.504304 0.485867 
-0.616519 -0.18877 0.421091 
0.400795 -0.504304 0.485867 
-0.617203 -0.187976 0.421093 
0.400795 -0.504304 0.485867 
-0.617913 -0.187244 0.421153 
0.400795 -0.504304 0.485867 
-0.61859 -0.186539 0.42125 
0.400795 -0.504304 0.485867 
-0.619195 -0.185838 0.421356 
0.400795 -0.504304 0.485867 
-0.619729 -0.185195 0.421394 
0.400795 -0.504304 0.485867 
-0.620186 -0.184638 0.421412 
0.400795 -0.504304 0.485867 
-0.620526 -0.184234 0.421467 
0.400795 -0.504304 0.485867 
-0.620759 -0.184005 0.421612 
0.400795 -0.504304 0.485867 
-0.620924 -0.184008 0.421802 
0.400795 -0.504304 0.485867 
-0.620996 -0.184164 0.422062 
0.400795 -0.504304 0.485867 
-0.620938 -0.18452 0.42231 
0.400795 -0.504304 0.485867 
-0.620704 -0.185077 0.422539 
0.400795 -0.504304 0.485867 
-0.620296 -0.185863 0.422782 
0.400795 -0.504304 0.485867 
-0.61981 -0.186892 0.423037 
0.400795 -0.504304 0.485867 
-0.619293 -0.188195 0.423481 
0.400795 -0.504304 0.485867 
-0.618737 -0.189726 0.423967 
0.400795 -0.504304 0.485867 
-0.618116 -0.191327 0.424479 
0.400795 -0.504304 0.485867 
-0.617468 -0.192952 0.424838 
0.400795 -0.504304 0.485867 
-0.616792 -0.19462 0.425157 
0.400795 -0.504304 0.485867 
-0.616044 -0.196407 0.425452 
0.400795 -0.504304 0.485867 
-0.615241 -0.198453 0.425763 
0.400795 -0.504304 0.485867 
-0.614455 -0.200882 0.426154 
0.400795 -0.504304 0.485867 
-0.613712 -0.203749 0.426655 
0.400795 -0.504304 0.485867 
-0.612994 -0.206936 0.427121 
0.400795 -0.504304 0.485867 
-0.612279 -0.210205 0.427341 
0.400795 -0.504304 0.485867 
-0.611591 -0.213321 0.427485 
0.400795 -0.504304 0.485867 
-0.610959 -0.216452 0.427514 
0.400795 -0.504304 0.485867 
-0.610444 -0.219609 0.427593 
0.400795 -0.504304 0.485867 
-0.61003 -0.222687 0.427742 
0.400795 -0.504304 0.485867 
-0.609708 -0.225632 0.427791 
0.400795 -0.504304 0.485867 
-0.609524 -0.228175 0.427669 
0.400795 -0.504304 0.485867 
-0.609438 -0.230089 0.427431 
0.400795 -0.504304 0.485867 
-0.60937 -0.23146 0.427079 
0.400795 -0.504304 0.485867 
-0.609298 -0.232354 0.426772 
0.400795 -0.504304 0.485867 
-0.609188 -0.233047 0.426608 
0.400795 -0.504304 0.485867 
-0.60906 -0.233853 0.426482 
0.400795 -0.504304 0.485867 
-0.608957 -0.234895 0.426356 
0.400795 -0.504304 0.485867 
-0.608872 -0.236103 0.426326 
0.400795 -0.504304 0.485867 
-0.608803 -0.237607 0.426263 
0.400795 -0.504304 0.485867 
-0.608756 -0.239372 0.426146 
0.400795 -0.504304 0.485867 
-0.608706 -0.241175 0.42614 
0.400795 -0.504304 0.485867 
-0.608626 -0.243102 0.42614 
0.400795 -0.504304 0.485867 
-0.608579 -0.245071 0.426118 
0.400795 -0.504304 0.485867 
-0.608599 -0.247109 0.426045 
0.400795 -0.504304 0.485867 
-0.608777 -0.249311 0.425904 
0.400795 -0.504304 0.485867 
-0.609134 -0.251691 0.425774 
0.400795 -0.504304 0.485867 
-0.609641 -0.254204 0.425679 
0.400795 -0.504304 0.485867 
-0.610222 -0.256811 0.425448 
0.400795 -0.504304 0.485867 
-0.610843 -0.259408 0.425045 
0.400795 -0.504304 0.485867 
-0.611458 -0.26198 0.424572 
0.400795 -0.504304 0.485867 
-0.612137 -0.264677 0.423735 
0.400795 -0.504304 0.485867 
-0.612968 -0.26759 0.42286 
0.400795 -0.504304 0.485867 
-0.61384 -0.270592 0.421983 
0.400795 -0.504304 0.485867 
-0.614635 -0.273743 0.421024 
0.400795 -0.504304 0.485867 
-0.615404 -0.276858 0.419676 
0.400795 -0.504304 0.485867 
-0.616174 -0.279779 0.418267 
0.400795 -0.504304 0.485867 
-0.61691 -0.282331 0.416855 
0.400795 -0.504304 0.485867 
-0.617581 -0.284336 0.415469 
0.400795 -0.504304 0.485867 
-0.618146 -0.285805 0.414236 
0.400795 -0.504304 0.485867 
-0.618637 -0.286975 0.413147 
0.400795 -0.504304 0.485867 
-0.619174 -0.287882 0.412313 
0.400795 -0.504304 0.485867 
-0.619593 -0.288439 0.41196 
0.400795 -0.504304 0.485867 
-0.619913 -0.288804 0.411655 
0.400795 -0.504304 0.485867 
-0.620295 -0.28906 0.411385 
0.400795 -0.504304 0.485867 
-0.620688 -0.289111 0.411379 
0.400795 -0.504304 0.485867 
-0.621 -0.288906 0.411579 
0.400795 -0.504304 0.485867 
-0.62118 -0.288505 0.411756 
0.400795 -0.504304 0.485867 
-0.621164 -0.288069 0.411937 
0.400795 -0.504304 0.485867 
-0.621029 -0.287755 0.41186 
0.400795 -0.504304 0.485867 
-0.620923 -0.287503 0.41169 
0.400795 -0.504304 0.485867 
-0.620817 -0.287203 0.411743 
0.400795 -0.504304 0.485867 
-0.620608 -0.286945 0.411645 
0.400795 -0.504304 0.485867 
-0.620391 -0.286882 0.411446 
0.400795 -0.504304 0.485867 
-0.620173 -0.286894 0.411132 
0.400795 -0.504304 0.485867 
-0.619978 -0.286912 0.41075 
0.400795 -0.504304 0.485867 
-0.619826 -0.286948 0.410376 
0.400795 -0.504304 0.485867 
-0.619668 -0.287004 0.410157 
0.400795 -0.504304 0.485867 
-0.619564 -0.287122 0.410001 
0.400795 -0.504304 0.485867 
-0.619566 -0.287242 0.410061 
0.400795 -0.504304 0.485867 
-0.619631 -0.287386 0.410287 
0.400795 -0.504304 0.485867 
-0.619622 -0.287517 0.410439 
0.400795 -0.504304 0.485867 
-0.619605 -0.287674 0.410457 
0.400795 -0.504304 0.485867 
-0.619626 -0.287732 0.410397 
0.400795 -0.504304 0.485867 
-0.619637 -0.287666 0.410404 
0.400795 -0.504304 0.485867 
-0.619609 -0.287569 0.41037 
0.400795 -0.504304 0.485867 
-0.619613 -0.287508 0.410452 
0.400795 -0.504304 0.485867 
-0.619663 -0.287507 0.410533 
0.400795 -0.504304 0.485867 
-0.619729 -0.287518 0.410618 
0.400795 -0.504304 0.485867 
-0.619731 -0.287553 0.410692 
0.400795 -0.504304 0.485867 
-0.619687 -0.287576 0.410662 
0.400795 -0.504304 0.485867 
-0.619688 -0.28756 0.410607 
0.400795 -0.504304 0.485867 
-0.619746 -0.287594 0.410608 
0.400795 -0.504304 0.485867 
-0.619747 -0.287649 0.410753 
0.400795 -0.504304 0.485867 
-0.619684 -0.287737 0.41088 
0.400795 -0.504304 0.485867 
-0.619625 -0.287827 0.411088 
0.400795 -0.504304 0.485867 
-0.619503 -0.287888 0.411349 
0.400795 -0.504304 0.485867 
-0.619239 -0.287883 0.411555 
0.400795 -0.504304 0.485867 
-0.618926 -0.287917 0.411644 
0.400795 -0.504304 0.485867 
-0.618689 -0.287931 0.411746 
0.400795 -0.504304 0.485867 
-0.618519 -0.287892 0.411935 
0.400795 -0.504304 0.485867 
-0.61834 -0.287853 0.412195 
0.400795 -0.504304 0.485867 
-0.61808 -0.287768 0.41241 
0.400795 -0.504304 0.485867 
-0.617813 -0.287643 0.412463 
0.400795 -0.504304 0.485867 
-0.617629 -0.287521 0.412497 
0.400795 -0.504304 0.485867 
-0.617463 -0.287395 0.412596 
0.400795 -0.504304 0.485867 
-0.617311 -0.28724 0.412658 
0.400795 -0.504304 0.485867 
-0.617179 -0.287003 0.412774 
0.400795 -0.504304 0.485867 
-0.617062 -0.286649 0.412947 
0.400795 -0.504304 0.485867 
-0.6169 -0.286205 0.413085 
0.400795 -0.504304 0.485867 
-0.616704 -0.285704 0.413226 
0.400795 -0.504304 0.485867 
-0.616481 -0.285122 0.413432 
0.400795 -0.504304 0.485867 
-0.616245 -0.284435 0.413665 
0.400795 -0.504304 0.485867 
-0.61601 -0.283634 0.413925 
0.400795 -0.504304 0.485867 
-0.61574 -0.282734 0.414194 
0.400795 -0.504304 0.485867 
-0.615467 -0.281795 0.414464 
0.400795 -0.504304 0.485867 
-0.615189 -0.280814 0.414703 
0.400795 -0.504304 0.485867 
-0.61494 -0.279874 0.414894 
0.400795 -0.504304 0.485867 
-0.614732 -0.279004 0.414886 
0.400795 -0.504304 0.485867 
-0.614583 -0.278203 0.414892 
0.400795 -0.504304 0.485867 
-0.614457 -0.277387 0.414827 
0.400795 -0.504304 0.485867 
-0.614354 -0.27667 0.414697 
0.400795 -0.504304 0.485867 
-0.614286 -0.276098 0.414491 
0.400795 -0.504304 0.485867 
-0.614244 -0.275704 0.4143 
0.400795 -0.504304 0.485867 
-0.614287 -0.275473 0.414115 
0.400795 -0.504304 0.485867 
-0.614378 -0.275361 0.413995 
0.400795 -0.504304 0.485867 
-0.614515 -0.275316 0.413927 
0.400795 -0.504304 0.485867 
-0.614643 -0.275325 0.413904 
0.400795 -0.504304 0.485867 
-0.614799 -0.275422 0.413944 
0.400795 -0.504304 0.485867 
-0.615015 -0.27571 0.414015 
0.400795 -0.504304 0.485867 
-0.615321 -0.27626 0.414213 
0.400795 -0.504304 0.485867 
-0.61571 -0.277123 0.414413 
0.400795 -0.504304 0.485867 
-0.616181 -0.278315 0.414659 
0.400795 -0.504304 0.485867 
-0.616834 -0.279689 0.414935 
0.400795 -0.504304 0.485867 
-0.617598 -0.281223 0.415327 
0.400795 -0.504304 0.485867 
-0.618402 -0.282924 0.4157 
0.400795 -0.504304 0.485867 
-0.619188 -0.28473 0.416056 
0.400795 -0.504304 0.485867 
-0.619956 -0.286603 0.416317 
0.400795 -0.504304 0.485867 
-0.620685 -0.288549 0.416467 
0.400795 -0.504304 0.485867 
-0.62139 -0.29043 0.41661 
0.400795 -0.504304 0.485867 
-0.622004 -0.292104 0.416681 
0.400795 -0.504304 0.485867 
-0.622509 -0.293567 0.416831 
0.400795 -0.504304 0.485867 
-0.622943 -0.294836 0.417001 
0.400795 -0.504304 0.485867 
-0.623312 -0.295903 0.416977 
0.400795 -0.504304 0.485867 
-0.623646 -0.297021 0.416901 
0.400795 -0.504304 0.485867 
-0.624039 -0.298095 0.416763 
0.400795 -0.504304 0.485867 
-0.624526 -0.299312 0.416665 
0.400795 -0.504304 0.485867 
-0.625182 -0.300746 0.416564 
0.400795 -0.504304 0.485867 
-0.62608 -0.302431 0.416655 
0.400795 -0.504304 0.485867 
-0.627152 -0.30435 0.416927 
0.400795 -0.504304 0.485867 
-0.628225 -0.306292 0.417174 
0.400795 -0.504304 0.485867 
-0.629318 -0.308321 0.417412 
0.400795 -0.504304 0.485867 
-0.630402 -0.310352 0.417712 
0.400795 -0.504304 0.485867 
-0.631371 -0.312311 0.418233 
0.400795 -0.504304 0.485867 
-0.632094 -0.314063 0.418951 
0.400795 -0.504304 0.485867 
-0.632527 -0.315616 0.419816 
0.400795 -0.504304 0.485867 
-0.632682 -0.316891 0.420876 
0.400795 -0.504304 0.485867 
-0.632522 -0.317732 0.422097 
0.400795 -0.504304 0.485867 
-0.631936 -0.318088 0.423481 
0.400795 -0.504304 0.485867 
-0.630901 -0.31797 0.424934 
0.400795 -0.504304 0.485867 
-0.629603 -0.317736 0.426469 
0.400795 -0.504304 0.485867 
-0.628027 -0.317315 0.428174 
0.400795 -0.504304 0.485867 
-0.626178 -0.316788 0.429959 
0.400795 -0.504304 0.485867 
-0.624226 -0.316262 0.431567 
0.400795 -0.504304 0.485867 
-0.622406 -0.31578 0.433062 
0.400795 -0.504304 0.485867 
-0.620712 -0.315327 0.434477 
0.400795 -0.504304 0.485867 
-0.61913 -0.314882 0.435676 
0.400795 -0.504304 0.485867 
-0.617662 -0.314482 0.436681 
0.400795 -0.504304 0.485867 
-0.61638 -0.314224 0.437474 
0.400795 -0.504304 0.485867 
-0.615309 -0.314051 0.438096 
0.400795 -0.504304 0.485867 
-0.614471 -0.313952 0.438559 
0.400795 -0.504304 0.485867 
-0.613853 -0.313878 0.438859 
0.400795 -0.504304 0.485867 
-0.613539 -0.313913 0.438974 
0.400795 -0.504304 0.485867 
-0.613482 -0.313926 0.438973 
0.400795 -0.504304 0.485867 
-0.613482 -0.313926 0.438973 
0.400795 -0.504304 0.485867 
-0.613482 -0.313926 0.438973 
0.400795 -0.504304 0.485867 
-0.613482 -0.313926 0.438973 
0.400795 -0.504304 0.485867 
-0.613482 -0.313926 0.438973 
0.400795 -0.504304 0.485867 
-0.613482 -0.313926 0.438973 
0.400795 -0.504304 0.485867 
-0.613482 -0.313926 0.438973 
0.400795 -0.504304 0.485867 
-0.613482 -0.313926 0.438973 
0.400795 -0.504304 0.485867 
-0.613482 -0.313926 0.438973 
0.400795 -0.504304 0.485867 
-0.613482 -0.313926 0.438973 
0.400795 -0.504304 0.485867 
-0.613482 -0.313926 0.438973 
0.400795 -0.504304 0.485867 
-0.613482 -0.313926 0.438973 
0.400795 -0.504304 0.485867 
-0.613482 -0.313926 0.438973 
0.400795 -0.504304 0.485867 
-0.613482 -0.313926 0.438973 
0.400795 -0.504304 0.485867 
-0.613482 -0.313926 0.438973 
0.400795 -0.504304 0.485867 
-0.613482 -0.313926 0.438973 
0.400795 -0.504304 0.485867 
-0.613482 -0.313926 0.438973 
0.400795 -0.504304 0.485867 
-0.613482 -0.313926 0.438973 
0.400795 -0.504304 0.485867 
-0.613482 -0.313926 0.438973 
0.400795 -0.504304 0.485867 
-0.613482 -0.313926 0.438973 
0.400795 -0.504304 0.485867 
-0.613482 -0.313926 0.438973 
0.400795 -0.504304 0.485867 
-0.613482 -0.313926 0.438973 
0.400795 -0.504304 0.485867 
-0.613482 -0.313926 0.438973 
0.400795 -0.504304 0.485867 
-0.613482 -0.313926 0.438973 
0.400795 -0.504304 0.485867 
-0.613482 -0.313926 0.438973 
0.400795 -0.504304 0.485867 
-0.613482 -0.313926 0.438973 
0.400795 -0.504304 0.485867 
-0.613482 -0.313926 0.438973 
0.400795 -0.504304 0.485867 
-0.613482 -0.313926 0.438973 
0.400795 -0.504304 0.485867 
-0.613482 -0.313926 0.438973 
0.400795 -0.504304 0.485867 
-0.613482 -0.313926 0.438973 
0.400795 -0.504304 0.485867 
-0.613482 -0.313926 0.438973 
0.400795 -0.504304 0.485867 
-0.613482 -0.313926 0.438973 
0.400795 -0.504304 0.485867 
-0.613482 -0.313926 0.438973 
0.400795 -0.504304 0.485867 
-0.613482 -0.313926 0.438973 
0.400795 -0.504304 0.485867 
-0.613482 -0.313926 0.438973 
0.400795 -0.504304 0.485867 
-0.613482 -0.313926 0.438973 
0.400795 -0.504304 0.485867 
-0.613482 -0.313926 0.438973 
0.400795 -0.504304 0.485867 
-0.613482 -0.313926 0.438973 
0.400795 -0.504304 0.485867 
-0.613482 -0.313926 0.438973 
0.400795 -0.504304 0.485867 
-0.613482 -0.313926 0.438973 
0.400795 -0.504304 0.485867 
-0.613639 -0.314018 0.438185 
0.400795 -0.504304 0.485867 
-0.614017 -0.314195 0.436429 
0.400795 -0.504304 0.485867 
-0.614623 -0.31438 0.433908 
0.400795 -0.504304 0.485867 
-0.615527 -0.314501 0.430631 
0.400795 -0.504304 0.485867 
-0.613567 -0.312679 0.434649 
0.400795 -0.504304 0.485867 
-0.610694 -0.30982 0.441612 
0.400795 -0.504304 0.485867 
-0.607804 -0.306211 0.449778 
0.400795 -0.504304 0.485867 
-0.605123 -0.30174 0.459135 
0.400795 -0.504304 0.485867 
-0.602915 -0.296306 0.469606 
0.400795 -0.504304 0.485867 
-0.601471 -0.289836 0.481031 
0.400795 -0.504304 0.485867 
-0.601079 -0.282469 0.492916 
0.400795 -0.504304 0.485867 
-0.601822 -0.275038 0.50392 
0.400795 -0.504304 0.485867 
-0.603637 -0.267317 0.514444 
0.400795 -0.504304 0.485867 
-0.606493 -0.259388 0.524387 
0.400795 -0.504304 0.485867 
-0.610346 -0.251335 0.533657 
0.400795 -0.504304 0.485867 
-0.617736 -0.256548 0.438155 
0.400795 -0.504304 0.485867 
-0.617736 -0.256548 0.438155 
0.400795 -0.504304 0.485867 
-0.785819 -0.26364 0.438922 
0.400795 -0.504304 0.485867 
-0.599381 -0.227399 0.472151 
0.400795 -0.504304 0.485867 
-0.599382 -0.227399 0.472151 
0.400795 -0.504304 0.485867 
-0.785819 -0.26364 0.438922 
0.400795 -0.504304 0.485867 
-0.599381 -0.227399 0.472151 
0.400795 -0.504304 0.485867 
-0.599382 -0.227399 0.472151 
0.400795 -0.504304 0.485867 
-0.785819 -0.26364 0.438922 
0.400795 -0.504304 0.485867 
-0.599381 -0.227399 0.472151 
0.400795 -0.504304 0.485867 
-0.599382 -0.227399 0.472151 
0.400795 -0.504304 0.485867 
-0.785819 -0.26364 0.438922 
0.400795 -0.504304 0.485867 
