-0.609644 -0.227743 0.412403 
0.400795 -0.504304 0.485867 
-0.609645 -0.227744 0.412403 
0.400795 -0.504304 0.485867 
-0.609702 -0.228122 0.411061 
0.400795 -0.504304 0.485867 
-0.6092 -0.228256 0.410576 
0.400795 -0.504304 0.485867 
-0.608576 -0.22936 0.410965 
0.400795 -0.504304 0.485867 
-0.607275 -0.231399 0.41122 
0.400795 -0.504304 0.485867 
-0.604638 -0.23214 0.411056 
0.400795 -0.504304 0.485867 
-0.602376 -0.232672 0.411143 
0.400795 -0.504304 0.485867 
-0.600835 -0.232709 0.411846 
0.400795 -0.504304 0.485867 
-0.599752 -0.232825 0.411833 
0.400795 -0.504304 0.485867 
-0.598939 -0.232918 0.411929 
0.400795 -0.504304 0.485867 
-0.598288 -0.233036 0.411904 
0.400795 -0.504304 0.485867 
-0.59787 -0.232868 0.411784 
0.400795 -0.504304 0.485867 
-0.597564 -0.232918 0.411864 
0.400795 -0.504304 0.485867 
-0.597258 -0.232993 0.412022 
0.400795 -0.504304 0.485867 
-0.596562 -0.233078 0.412103 
0.400795 -0.504304 0.485867 
-0.595152 -0.233557 0.412029 
0.400795 -0.504304 0.485867 
-0.594035 -0.23366 0.411907 
0.400795 -0.504304 0.485867 
-0.593196 -0.233447 0.411798 
0.400795 -0.504304 0.485867 
-0.593152 -0.233294 0.412237 
0.400795 -0.504304 0.485867 
-0.593342 -0.233107 0.411853 
0.400795 -0.504304 0.485867 
-0.593338 -0.23337 0.411322 
0.400795 -0.504304 0.485867 
-0.593332 -0.233448 0.411285 
0.400795 -0.504304 0.485867 
-0.593296 -0.233466 0.411298 
0.400795 -0.504304 0.485867 
-0.593228 -0.233268 0.411456 
0.400795 -0.504304 0.485867 
-0.593165 -0.23324 0.411493 
0.400795 -0.504304 0.485867 
-0.593145 -0.233452 0.411861 
0.400795 -0.504304 0.485867 
-0.593125 -0.233217 0.411614 
0.400795 -0.504304 0.485867 
-0.593208 -0.233222 0.411678 
0.400795 -0.504304 0.485867 
-0.593265 -0.233303 0.411677 
0.400795 -0.504304 0.485867 
-0.593331 -0.233542 0.41188 
0.400795 -0.504304 0.485867 
-0.593299 -0.233395 0.411942 
0.400795 -0.504304 0.485867 
-0.593219 -0.233723 0.412195 
0.400795 -0.504304 0.485867 
-0.593281 -0.233607 0.412278 
0.400795 -0.504304 0.485867 
-0.593303 -0.233675 0.412252 
0.400795 -0.504304 0.485867 
-0.593362 -0.233614 0.412191 
0.400795 -0.504304 0.485867 
-0.593327 -0.233851 0.41218 
0.400795 -0.504304 0.485867 
-0.593333 -0.233868 0.411969 
0.400795 -0.504304 0.485867 
-0.593251 -0.233683 0.412015 
0.400795 -0.504304 0.485867 
-0.593312 -0.233544 0.412133 
0.400795 -0.504304 0.485867 
-0.593343 -0.233472 0.412066 
0.400795 -0.504304 0.485867 
-0.593354 -0.233475 0.412046 
0.400795 -0.504304 0.485867 
-0.593321 -0.233595 0.412078 
0.400795 -0.504304 0.485867 
-0.593272 -0.233398 0.411712 
0.400795 -0.504304 0.485867 
-0.593163 -0.233553 0.412086 
0.400795 -0.504304 0.485867 
-0.593267 -0.233214 0.411933 
0.400795 -0.504304 0.485867 
-0.593261 -0.23333 0.411688 
0.400795 -0.504304 0.485867 
-0.593197 -0.233227 0.411994 
0.400795 -0.504304 0.485867 
-0.593235 -0.233274 0.411836 
0.400795 -0.504304 0.485867 
-0.593151 -0.233278 0.41245 
0.400795 -0.504304 0.485867 
-0.593209 -0.233277 0.412043 
0.400795 -0.504304 0.485867 
-0.593245 -0.23306 0.411851 
0.400795 -0.504304 0.485867 
-0.593292 -0.233309 0.411892 
0.400795 -0.504304 0.485867 
-0.593247 -0.233106 0.412007 
0.400795 -0.504304 0.485867 
-0.593277 -0.233387 0.412177 
0.400795 -0.504304 0.485867 
-0.593288 -0.233369 0.412188 
0.400795 -0.504304 0.485867 
-0.59322 -0.233348 0.412115 
0.400795 -0.504304 0.485867 
-0.593339 -0.233389 0.412015 
0.400795 -0.504304 0.485867 
-0.593272 -0.233438 0.412328 
0.400795 -0.504304 0.485867 
-0.593247 -0.233561 0.412168 
0.400795 -0.504304 0.485867 
-0.592437 -0.232256 0.411464 
0.400795 -0.504304 0.485867 
-0.591028 -0.229775 0.408996 
0.400795 -0.504304 0.485867 
-0.589763 -0.226897 0.406589 
0.400795 -0.504304 0.485867 
-0.588587 -0.223535 0.404109 
0.400795 -0.504304 0.485867 
-0.587682 -0.219874 0.401161 
0.400795 -0.504304 0.485867 
-0.587018 -0.215692 0.397735 
0.400795 -0.504304 0.485867 
-0.586418 -0.211572 0.394423 
0.400795 -0.504304 0.485867 
-0.586341 -0.206907 0.390548 
0.400795 -0.504304 0.485867 
-0.586387 -0.202106 0.386548 
0.400795 -0.504304 0.485867 
-0.586739 -0.197466 0.382886 
0.400795 -0.504304 0.485867 
-0.587236 -0.192575 0.379074 
0.400795 -0.504304 0.485867 
-0.587782 -0.188232 0.375391 
0.400795 -0.504304 0.485867 
-0.588343 -0.183968 0.371409 
0.400795 -0.504304 0.485867 
-0.590012 -0.181211 0.369022 
0.400795 -0.504304 0.485867 
-0.591831 -0.179413 0.367504 
0.400795 -0.504304 0.485867 
-0.59317 -0.178663 0.366369 
0.400795 -0.504304 0.485867 
-0.594426 -0.178195 0.365683 
0.400795 -0.504304 0.485867 
-0.594786 -0.178779 0.36561 
0.400795 -0.504304 0.485867 
-0.594733 -0.179954 0.366019 
0.400795 -0.504304 0.485867 
-0.59429 -0.181996 0.367078 
0.400795 -0.504304 0.485867 
-0.593482 -0.184882 0.368298 
0.400795 -0.504304 0.485867 
-0.592357 -0.188137 0.369633 
0.400795 -0.504304 0.485867 
-0.590977 -0.192534 0.370918 
0.400795 -0.504304 0.485867 
-0.589778 -0.196884 0.371768 
0.400795 -0.504304 0.485867 
-0.588431 -0.204945 0.374206 
0.400795 -0.504304 0.485867 
-0.588568 -0.204576 0.374042 
0.400795 -0.504304 0.485867 
-0.587186 -0.209988 0.375164 
0.400795 -0.504304 0.485867 
-0.586109 -0.215055 0.375778 
0.400795 -0.504304 0.485867 
-0.585216 -0.220157 0.376111 
0.400795 -0.504304 0.485867 
-0.584467 -0.224627 0.376156 
0.400795 -0.504304 0.485867 
-0.583938 -0.228725 0.376201 
0.400795 -0.504304 0.485867 
-0.583463 -0.232684 0.376264 
0.400795 -0.504304 0.485867 
-0.584497 -0.236996 0.375778 
0.400795 -0.504304 0.485867 
-0.584365 -0.239876 0.375196 
0.400795 -0.504304 0.485867 
-0.58425 -0.242592 0.374787 
0.400795 -0.504304 0.485867 
-0.583965 -0.245159 0.374518 
0.400795 -0.504304 0.485867 
-0.584495 -0.247723 0.372999 
0.400795 -0.504304 0.485867 
-0.584476 -0.248184 0.372077 
0.400795 -0.504304 0.485867 
-0.584604 -0.249757 0.372109 
0.400795 -0.504304 0.485867 
-0.584594 -0.251705 0.372382 
0.400795 -0.504304 0.485867 
-0.585113 -0.253189 0.371354 
0.400795 -0.504304 0.485867 
-0.585465 -0.255168 0.370907 
0.400795 -0.504304 0.485867 
-0.585883 -0.257177 0.370037 
0.400795 -0.504304 0.485867 
-0.586124 -0.258429 0.369156 
0.400795 -0.504304 0.485867 
-0.586458 -0.260329 0.368238 
0.400795 -0.504304 0.485867 
-0.585079 -0.261723 0.368066 
0.400795 -0.504304 0.485867 
-0.585246 -0.26358 0.367963 
0.400795 -0.504304 0.485867 
-0.585224 -0.264997 0.36761 
0.400795 -0.504304 0.485867 
-0.585229 -0.266536 0.367098 
0.400795 -0.504304 0.485867 
-0.585104 -0.267644 0.366737 
0.400795 -0.504304 0.485867 
-0.584924 -0.268338 0.366246 
0.400795 -0.504304 0.485867 
-0.584534 -0.268591 0.366167 
0.400795 -0.504304 0.485867 
-0.584132 -0.268823 0.365807 
0.400795 -0.504304 0.485867 
-0.583546 -0.268943 0.366028 
0.400795 -0.504304 0.485867 
-0.58274 -0.268545 0.366403 
0.400795 -0.504304 0.485867 
-0.581959 -0.268319 0.36632 
0.400795 -0.504304 0.485867 
-0.581112 -0.268414 0.366807 
0.400795 -0.504304 0.485867 
-0.580126 -0.26801 0.366869 
0.400795 -0.504304 0.485867 
-0.579295 -0.267803 0.366128 
0.400795 -0.504304 0.485867 
-0.578641 -0.268185 0.365693 
0.400795 -0.504304 0.485867 
-0.578005 -0.269051 0.365796 
0.400795 -0.504304 0.485867 
-0.577143 -0.269311 0.366219 
0.400795 -0.504304 0.485867 
-0.576687 -0.270609 0.366172 
0.400795 -0.504304 0.485867 
-0.576272 -0.27131 0.365955 
0.400795 -0.504304 0.485867 
-0.575819 -0.272123 0.36588 
0.400795 -0.504304 0.485867 
-0.575391 -0.272939 0.365859 
0.400795 -0.504304 0.485867 
-0.574979 -0.273671 0.365693 
0.400795 -0.504304 0.485867 
-0.574689 -0.274399 0.365488 
0.400795 -0.504304 0.485867 
-0.574509 -0.275023 0.365207 
0.400795 -0.504304 0.485867 
-0.574403 -0.275716 0.364962 
0.400795 -0.504304 0.485867 
-0.574333 -0.276396 0.36516 
0.400795 -0.504304 0.485867 
-0.574305 -0.276557 0.365248 
0.400795 -0.504304 0.485867 
-0.573048 -0.274576 0.365037 
0.400795 -0.504304 0.485867 
-0.573048 -0.274576 0.365037 
0.400795 -0.504304 0.485867 
-0.573047 -0.274573 0.365034 
0.400795 -0.504304 0.485867 
-0.573046 -0.274578 0.365049 
0.400795 -0.504304 0.485867 
-0.573045 -0.274576 0.365049 
0.400795 -0.504304 0.485867 
-0.573057 -0.274627 0.365131 
0.400795 -0.504304 0.485867 
-0.573034 -0.274531 0.364978 
0.400795 -0.504304 0.485867 
-0.573037 -0.274535 0.364973 
0.400795 -0.504304 0.485867 
-0.573025 -0.274491 0.364914 
0.400795 -0.504304 0.485867 
-0.57305 -0.274589 0.36507 
0.400795 -0.504304 0.485867 
-0.573046 -0.274583 0.36507 
0.400795 -0.504304 0.485867 
