-0.644697 -0.231103 0.457054 
0.400795 -0.504304 0.485867 
-0.644698 -0.231103 0.457054 
0.400795 -0.504304 0.485867 
-0.644698 -0.231103 0.457054 
0.400795 -0.504304 0.485867 
-0.644123 -0.231591 0.457123 
0.400795 -0.504304 0.485867 
-0.644024 -0.231578 0.457311 
0.400795 -0.504304 0.485867 
-0.643831 -0.231628 0.457602 
0.400795 -0.504304 0.485867 
-0.643579 -0.232904 0.457726 
0.400795 -0.504304 0.485867 
-0.643166 -0.23421 0.457919 
0.400795 -0.504304 0.485867 
-0.642509 -0.234851 0.458071 
0.400795 -0.504304 0.485867 
-0.641345 -0.235253 0.458405 
0.400795 -0.504304 0.485867 
-0.640114 -0.235569 0.459039 
0.400795 -0.504304 0.485867 
-0.639059 -0.235828 0.459625 
0.400795 -0.504304 0.485867 
-0.638192 -0.236026 0.460086 
0.400795 -0.504304 0.485867 
-0.637472 -0.236194 0.460456 
0.400795 -0.504304 0.485867 
-0.636502 -0.235927 0.45905 
0.400795 -0.504304 0.485867 
-0.635968 -0.235738 0.458456 
0.400795 -0.504304 0.485867 
-0.635493 -0.235747 0.458316 
0.400795 -0.504304 0.485867 
-0.635049 -0.235795 0.458539 
0.400795 -0.504304 0.485867 
-0.634811 -0.235931 0.458722 
0.400795 -0.504304 0.485867 
-0.634539 -0.235826 0.458857 
0.400795 -0.504304 0.485867 
-0.634161 -0.235995 0.459191 
0.400795 -0.504304 0.485867 
-0.633927 -0.235969 0.459397 
0.400795 -0.504304 0.485867 
-0.633635 -0.236191 0.459396 
0.400795 -0.504304 0.485867 
-0.633494 -0.236265 0.459474 
0.400795 -0.504304 0.485867 
-0.633328 -0.236245 0.459627 
0.400795 -0.504304 0.485867 
-0.633141 -0.236391 0.459767 
0.400795 -0.504304 0.485867 
-0.63304 -0.236322 0.459729 
0.400795 -0.504304 0.485867 
-0.632841 -0.236437 0.459847 
0.400795 -0.504304 0.485867 
-0.632289 -0.236631 0.459938 
0.400795 -0.504304 0.485867 
-0.631639 -0.236892 0.460404 
0.400795 -0.504304 0.485867 
-0.63114 -0.23714 0.46074 
0.400795 -0.504304 0.485867 
-0.630671 -0.237373 0.460941 
0.400795 -0.504304 0.485867 
-0.630222 -0.237234 0.461287 
0.400795 -0.504304 0.485867 
-0.62984 -0.23726 0.461632 
0.400795 -0.504304 0.485867 
-0.629601 -0.237274 0.461897 
0.400795 -0.504304 0.485867 
-0.629594 -0.237067 0.461979 
0.400795 -0.504304 0.485867 
-0.629734 -0.237181 0.461368 
0.400795 -0.504304 0.485867 
-0.629674 -0.237216 0.461358 
0.400795 -0.504304 0.485867 
-0.629593 -0.237146 0.461341 
0.400795 -0.504304 0.485867 
-0.629538 -0.237146 0.46138 
0.400795 -0.504304 0.485867 
-0.629522 -0.237109 0.461544 
0.400795 -0.504304 0.485867 
-0.629506 -0.237183 0.461683 
0.400795 -0.504304 0.485867 
-0.629527 -0.23719 0.461527 
0.400795 -0.504304 0.485867 
-0.629475 -0.23713 0.46169 
0.400795 -0.504304 0.485867 
-0.629507 -0.237166 0.461653 
0.400795 -0.504304 0.485867 
-0.62956 -0.237091 0.461529 
0.400795 -0.504304 0.485867 
-0.629531 -0.23712 0.461426 
0.400795 -0.504304 0.485867 
-0.629507 -0.237112 0.461526 
0.400795 -0.504304 0.485867 
-0.629529 -0.237014 0.461429 
0.400795 -0.504304 0.485867 
-0.629505 -0.23713 0.46155 
0.400795 -0.504304 0.485867 
-0.629517 -0.237206 0.46164 
0.400795 -0.504304 0.485867 
-0.629527 -0.23721 0.46155 
0.400795 -0.504304 0.485867 
-0.62949 -0.237007 0.461454 
0.400795 -0.504304 0.485867 
-0.629544 -0.237148 0.461579 
0.400795 -0.504304 0.485867 
-0.629515 -0.237098 0.461573 
0.400795 -0.504304 0.485867 
-0.629576 -0.237332 0.461643 
0.400795 -0.504304 0.485867 
-0.629657 -0.237209 0.461645 
0.400795 -0.504304 0.485867 
-0.629666 -0.237268 0.461527 
0.400795 -0.504304 0.485867 
-0.629764 -0.237271 0.461556 
0.400795 -0.504304 0.485867 
-0.629806 -0.237436 0.461779 
0.400795 -0.504304 0.485867 
-0.629851 -0.237499 0.461642 
0.400795 -0.504304 0.485867 
-0.629826 -0.237428 0.46173 
0.400795 -0.504304 0.485867 
-0.629873 -0.237579 0.461638 
0.400795 -0.504304 0.485867 
-0.629834 -0.23749 0.461766 
0.400795 -0.504304 0.485867 
-0.629835 -0.237515 0.461767 
0.400795 -0.504304 0.485867 
-0.629821 -0.23752 0.461771 
0.400795 -0.504304 0.485867 
-0.629875 -0.237561 0.461628 
0.400795 -0.504304 0.485867 
-0.629839 -0.237321 0.461639 
0.400795 -0.504304 0.485867 
-0.629822 -0.237581 0.461827 
0.400795 -0.504304 0.485867 
-0.629841 -0.237518 0.461783 
0.400795 -0.504304 0.485867 
-0.629831 -0.237608 0.461831 
0.400795 -0.504304 0.485867 
-0.629864 -0.237537 0.461754 
0.400795 -0.504304 0.485867 
-0.629859 -0.237567 0.46182 
0.400795 -0.504304 0.485867 
-0.629857 -0.237524 0.461706 
0.400795 -0.504304 0.485867 
-0.629861 -0.237513 0.461834 
0.400795 -0.504304 0.485867 
-0.629861 -0.237571 0.461795 
0.400795 -0.504304 0.485867 
-0.629839 -0.237461 0.46176 
0.400795 -0.504304 0.485867 
-0.62986 -0.237577 0.461682 
0.400795 -0.504304 0.485867 
-0.629824 -0.237369 0.461721 
0.400795 -0.504304 0.485867 
-0.629857 -0.237541 0.461811 
0.400795 -0.504304 0.485867 
-0.629807 -0.237452 0.461767 
0.400795 -0.504304 0.485867 
-0.629768 -0.237455 0.461675 
0.400795 -0.504304 0.485867 
-0.629767 -0.237364 0.461691 
0.400795 -0.504304 0.485867 
-0.629701 -0.237325 0.461534 
0.400795 -0.504304 0.485867 
-0.629601 -0.237263 0.461481 
0.400795 -0.504304 0.485867 
-0.629612 -0.237224 0.461463 
0.400795 -0.504304 0.485867 
-0.629656 -0.237293 0.46152 
0.400795 -0.504304 0.485867 
-0.629589 -0.23741 0.461635 
0.400795 -0.504304 0.485867 
-0.629631 -0.237204 0.46148 
0.400795 -0.504304 0.485867 
-0.629626 -0.237064 0.461519 
0.400795 -0.504304 0.485867 
-0.62962 -0.237272 0.461652 
0.400795 -0.504304 0.485867 
-0.629639 -0.237166 0.461613 
0.400795 -0.504304 0.485867 
-0.629628 -0.23719 0.461603 
0.400795 -0.504304 0.485867 
-0.629629 -0.237147 0.461589 
0.400795 -0.504304 0.485867 
-0.629627 -0.237103 0.461575 
0.400795 -0.504304 0.485867 
-0.629646 -0.237176 0.461609 
0.400795 -0.504304 0.485867 
-0.62964 -0.237214 0.461716 
0.400795 -0.504304 0.485867 
-0.629633 -0.237264 0.461633 
0.400795 -0.504304 0.485867 
-0.629592 -0.237135 0.461711 
0.400795 -0.504304 0.485867 
-0.629617 -0.237044 0.461635 
0.400795 -0.504304 0.485867 
-0.629621 -0.237192 0.461511 
0.400795 -0.504304 0.485867 
-0.629698 -0.237185 0.461675 
0.400795 -0.504304 0.485867 
-0.629653 -0.237169 0.461702 
0.400795 -0.504304 0.485867 
-0.629761 -0.237284 0.461757 
0.400795 -0.504304 0.485867 
-0.629744 -0.237112 0.461723 
0.400795 -0.504304 0.485867 
-0.629706 -0.237285 0.461705 
0.400795 -0.504304 0.485867 
-0.629793 -0.237252 0.461766 
0.400795 -0.504304 0.485867 
-0.629806 -0.23725 0.46171 
0.400795 -0.504304 0.485867 
-0.629767 -0.237218 0.461701 
0.400795 -0.504304 0.485867 
-0.62979 -0.237305 0.461651 
0.400795 -0.504304 0.485867 
-0.629768 -0.237273 0.461736 
0.400795 -0.504304 0.485867 
-0.629796 -0.237273 0.461807 
0.400795 -0.504304 0.485867 
-0.629842 -0.237388 0.461846 
0.400795 -0.504304 0.485867 
-0.629875 -0.237248 0.461754 
0.400795 -0.504304 0.485867 
-0.629847 -0.237493 0.461897 
0.400795 -0.504304 0.485867 
-0.629763 -0.237467 0.461916 
0.400795 -0.504304 0.485867 
-0.629784 -0.237414 0.461915 
0.400795 -0.504304 0.485867 
-0.629838 -0.237424 0.461954 
0.400795 -0.504304 0.485867 
-0.628662 -0.236103 0.461165 
0.400795 -0.504304 0.485867 
-0.627551 -0.234949 0.460588 
0.400795 -0.504304 0.485867 
-0.626377 -0.233677 0.460019 
0.400795 -0.504304 0.485867 
-0.625244 -0.232201 0.459031 
0.400795 -0.504304 0.485867 
-0.624067 -0.23059 0.458085 
0.400795 -0.504304 0.485867 
-0.622823 -0.229211 0.457339 
0.400795 -0.504304 0.485867 
-0.621722 -0.227672 0.456379 
0.400795 -0.504304 0.485867 
-0.620621 -0.225923 0.455404 
0.400795 -0.504304 0.485867 
-0.619522 -0.223959 0.454222 
0.400795 -0.504304 0.485867 
-0.618408 -0.222057 0.452807 
0.400795 -0.504304 0.485867 
-0.617357 -0.220048 0.451724 
0.400795 -0.504304 0.485867 
-0.616271 -0.217952 0.450148 
0.400795 -0.504304 0.485867 
-0.615273 -0.21599 0.449014 
0.400795 -0.504304 0.485867 
-0.614304 -0.213644 0.447041 
0.400795 -0.504304 0.485867 
-0.613343 -0.211171 0.445558 
0.400795 -0.504304 0.485867 
-0.612542 -0.208847 0.444053 
0.400795 -0.504304 0.485867 
-0.611756 -0.20628 0.442038 
0.400795 -0.504304 0.485867 
-0.610979 -0.204045 0.440509 
0.400795 -0.504304 0.485867 
-0.610333 -0.201383 0.438495 
0.400795 -0.504304 0.485867 
-0.609604 -0.199029 0.436835 
0.400795 -0.504304 0.485867 
-0.609014 -0.196722 0.434897 
0.400795 -0.504304 0.485867 
-0.608308 -0.194282 0.43289 
0.400795 -0.504304 0.485867 
-0.60778 -0.192135 0.431071 
0.400795 -0.504304 0.485867 
-0.607206 -0.189643 0.429325 
0.400795 -0.504304 0.485867 
-0.606576 -0.187242 0.42757 
0.400795 -0.504304 0.485867 
-0.606635 -0.185821 0.425974 
0.400795 -0.504304 0.485867 
