-0.668719 -0.227624 0.474155 
0.400795 -0.504304 0.485867 
-0.66872 -0.227624 0.474156 
0.400795 -0.504304 0.485867 
-0.66872 -0.227624 0.474156 
0.400795 -0.504304 0.485867 
-0.668178 -0.228111 0.474362 
0.400795 -0.504304 0.485867 
-0.668122 -0.228092 0.474567 
0.400795 -0.504304 0.485867 
-0.667998 -0.228134 0.474894 
0.400795 -0.504304 0.485867 
-0.667789 -0.229406 0.475106 
0.400795 -0.504304 0.485867 
-0.667438 -0.230707 0.475421 
0.400795 -0.504304 0.485867 
-0.666835 -0.231344 0.475731 
0.400795 -0.504304 0.485867 
-0.665775 -0.231737 0.476324 
0.400795 -0.504304 0.485867 
-0.664716 -0.232036 0.477221 
0.400795 -0.504304 0.485867 
-0.663816 -0.232279 0.478031 
0.400795 -0.504304 0.485867 
-0.663073 -0.232465 0.478676 
0.400795 -0.504304 0.485867 
-0.662452 -0.232622 0.4792 
0.400795 -0.504304 0.485867 
-0.661941 -0.232749 0.479653 
0.400795 -0.504304 0.485867 
-0.661497 -0.232866 0.480025 
0.400795 -0.504304 0.485867 
-0.661124 -0.232965 0.480359 
0.400795 -0.504304 0.485867 
-0.660789 -0.233052 0.480636 
0.400795 -0.504304 0.485867 
-0.660494 -0.233119 0.480885 
0.400795 -0.504304 0.485867 
-0.660233 -0.233182 0.481104 
0.400795 -0.504304 0.485867 
-0.660005 -0.23324 0.481303 
0.400795 -0.504304 0.485867 
-0.659802 -0.233289 0.481486 
0.400795 -0.504304 0.485867 
-0.659616 -0.233338 0.481645 
0.400795 -0.504304 0.485867 
-0.659441 -0.233385 0.481779 
0.400795 -0.504304 0.485867 
-0.659278 -0.233425 0.4819 
0.400795 -0.504304 0.485867 
-0.659136 -0.233463 0.482017 
0.400795 -0.504304 0.485867 
-0.65905 -0.233527 0.482158 
0.400795 -0.504304 0.485867 
-0.658925 -0.233553 0.482256 
0.400795 -0.504304 0.485867 
-0.658438 -0.233797 0.482668 
0.400795 -0.504304 0.485867 
-0.65798 -0.234021 0.483068 
0.400795 -0.504304 0.485867 
-0.657507 -0.234289 0.483452 
0.400795 -0.504304 0.485867 
-0.657059 -0.234422 0.483785 
0.400795 -0.504304 0.485867 
-0.656627 -0.234334 0.48411 
0.400795 -0.504304 0.485867 
-0.656277 -0.234291 0.484406 
0.400795 -0.504304 0.485867 
-0.65608 -0.234285 0.484654 
0.400795 -0.504304 0.485867 
-0.656007 -0.234282 0.484755 
0.400795 -0.504304 0.485867 
-0.656 -0.234281 0.484747 
0.400795 -0.504304 0.485867 
-0.655993 -0.234278 0.484742 
0.400795 -0.504304 0.485867 
-0.65599 -0.234274 0.484741 
0.400795 -0.504304 0.485867 
-0.655982 -0.234276 0.484731 
0.400795 -0.504304 0.485867 
-0.655984 -0.234271 0.484736 
0.400795 -0.504304 0.485867 
-0.655971 -0.23427 0.484723 
0.400795 -0.504304 0.485867 
-0.655971 -0.234272 0.484722 
0.400795 -0.504304 0.485867 
-0.655977 -0.234272 0.484728 
0.400795 -0.504304 0.485867 
-0.655976 -0.23427 0.484727 
0.400795 -0.504304 0.485867 
-0.655979 -0.234271 0.48473 
0.400795 -0.504304 0.485867 
-0.655972 -0.234277 0.484718 
0.400795 -0.504304 0.485867 
-0.655969 -0.234277 0.484715 
0.400795 -0.504304 0.485867 
-0.65597 -0.234274 0.484718 
0.400795 -0.504304 0.485867 
-0.655979 -0.234274 0.484728 
0.400795 -0.504304 0.485867 
-0.655991 -0.234275 0.484741 
0.400795 -0.504304 0.485867 
-0.655991 -0.234278 0.484738 
0.400795 -0.504304 0.485867 
-0.655944 -0.234248 0.484703 
0.400795 -0.504304 0.485867 
-0.655993 -0.234284 0.484735 
0.400795 -0.504304 0.485867 
-0.655988 -0.234295 0.484723 
0.400795 -0.504304 0.485867 
-0.656075 -0.234371 0.484776 
0.400795 -0.504304 0.485867 
-0.656124 -0.234407 0.484808 
0.400795 -0.504304 0.485867 
-0.656165 -0.234441 0.484833 
0.400795 -0.504304 0.485867 
-0.65626 -0.23451 0.484899 
0.400795 -0.504304 0.485867 
-0.656307 -0.234544 0.48493 
0.400795 -0.504304 0.485867 
-0.656299 -0.234547 0.484917 
0.400795 -0.504304 0.485867 
-0.656344 -0.234583 0.484946 
0.400795 -0.504304 0.485867 
-0.656349 -0.234586 0.48495 
0.400795 -0.504304 0.485867 
-0.656348 -0.234594 0.484944 
0.400795 -0.504304 0.485867 
-0.656358 -0.234596 0.484953 
0.400795 -0.504304 0.485867 
-0.656357 -0.234599 0.484949 
0.400795 -0.504304 0.485867 
-0.656354 -0.234601 0.484945 
0.400795 -0.504304 0.485867 
-0.65636 -0.234598 0.484953 
0.400795 -0.504304 0.485867 
-0.656365 -0.234599 0.484958 
0.400795 -0.504304 0.485867 
-0.656364 -0.234601 0.484955 
0.400795 -0.504304 0.485867 
-0.656363 -0.234605 0.484952 
0.400795 -0.504304 0.485867 
-0.656369 -0.234602 0.48496 
0.400795 -0.504304 0.485867 
-0.656371 -0.234601 0.484963 
0.400795 -0.504304 0.485867 
-0.656369 -0.234596 0.484963 
0.400795 -0.504304 0.485867 
-0.656376 -0.234595 0.484971 
0.400795 -0.504304 0.485867 
-0.656378 -0.234596 0.484972 
0.400795 -0.504304 0.485867 
-0.656375 -0.234595 0.484969 
0.400795 -0.504304 0.485867 
-0.656377 -0.234594 0.484972 
0.400795 -0.504304 0.485867 
-0.656338 -0.234556 0.484952 
0.400795 -0.504304 0.485867 
-0.656387 -0.234587 0.484988 
0.400795 -0.504304 0.485867 
-0.656342 -0.234548 0.484961 
0.400795 -0.504304 0.485867 
-0.656253 -0.234477 0.484904 
0.400795 -0.504304 0.485867 
-0.656264 -0.234476 0.484918 
0.400795 -0.504304 0.485867 
-0.656179 -0.234402 0.484868 
0.400795 -0.504304 0.485867 
-0.656091 -0.23433 0.484814 
0.400795 -0.504304 0.485867 
-0.656095 -0.234323 0.484822 
0.400795 -0.504304 0.485867 
-0.656099 -0.234322 0.484828 
0.400795 -0.504304 0.485867 
-0.656057 -0.234281 0.484804 
0.400795 -0.504304 0.485867 
-0.656061 -0.234274 0.484813 
0.400795 -0.504304 0.485867 
-0.656059 -0.23427 0.484813 
0.400795 -0.504304 0.485867 
-0.656114 -0.234304 0.484854 
0.400795 -0.504304 0.485867 
-0.656123 -0.234299 0.484867 
0.400795 -0.504304 0.485867 
-0.656125 -0.234295 0.484871 
0.400795 -0.504304 0.485867 
-0.656126 -0.234289 0.484876 
0.400795 -0.504304 0.485867 
-0.656126 -0.234285 0.484879 
0.400795 -0.504304 0.485867 
-0.65613 -0.23428 0.484886 
0.400795 -0.504304 0.485867 
-0.656137 -0.234282 0.484892 
0.400795 -0.504304 0.485867 
-0.656135 -0.234276 0.484893 
0.400795 -0.504304 0.485867 
-0.656137 -0.234279 0.484895 
0.400795 -0.504304 0.485867 
-0.65613 -0.234275 0.484888 
0.400795 -0.504304 0.485867 
-0.656122 -0.234277 0.48488 
0.400795 -0.504304 0.485867 
-0.656213 -0.234342 0.484943 
0.400795 -0.504304 0.485867 
-0.656211 -0.234339 0.484942 
0.400795 -0.504304 0.485867 
-0.656307 -0.234406 0.48501 
0.400795 -0.504304 0.485867 
-0.65626 -0.234368 0.484981 
0.400795 -0.504304 0.485867 
-0.656251 -0.234367 0.484972 
0.400795 -0.504304 0.485867 
-0.656299 -0.234401 0.485006 
0.400795 -0.504304 0.485867 
-0.656303 -0.234399 0.485012 
0.400795 -0.504304 0.485867 
-0.656298 -0.234397 0.485009 
0.400795 -0.504304 0.485867 
-0.656342 -0.234433 0.485036 
0.400795 -0.504304 0.485867 
-0.65634 -0.234431 0.485035 
0.400795 -0.504304 0.485867 
-0.656345 -0.234432 0.48504 
0.400795 -0.504304 0.485867 
-0.65639 -0.234467 0.48507 
0.400795 -0.504304 0.485867 
-0.656386 -0.234468 0.485065 
0.400795 -0.504304 0.485867 
-0.656383 -0.234465 0.485065 
0.400795 -0.504304 0.485867 
-0.656372 -0.234464 0.485054 
0.400795 -0.504304 0.485867 
-0.656324 -0.234426 0.485024 
0.400795 -0.504304 0.485867 
-0.656367 -0.234457 0.485054 
0.400795 -0.504304 0.485867 
-0.655044 -0.233254 0.484689 
0.400795 -0.504304 0.485867 
-0.653761 -0.232032 0.484329 
0.400795 -0.504304 0.485867 
-0.652444 -0.230716 0.483895 
0.400795 -0.504304 0.485867 
-0.651113 -0.229318 0.483358 
0.400795 -0.504304 0.485867 
-0.649803 -0.227845 0.4828 
0.400795 -0.504304 0.485867 
-0.648452 -0.226275 0.482143 
0.400795 -0.504304 0.485867 
-0.647088 -0.224646 0.48141 
0.400795 -0.504304 0.485867 
-0.645721 -0.222902 0.480554 
0.400795 -0.504304 0.485867 
-0.644386 -0.221081 0.479604 
0.400795 -0.504304 0.485867 
-0.643005 -0.21912 0.478535 
0.400795 -0.504304 0.485867 
-0.641658 -0.217124 0.477441 
0.400795 -0.504304 0.485867 
-0.64027 -0.215005 0.476234 
0.400795 -0.504304 0.485867 
-0.639001 -0.212848 0.474989 
0.400795 -0.504304 0.485867 
-0.637654 -0.210523 0.47353 
0.400795 -0.504304 0.485867 
-0.636349 -0.208191 0.47202 
0.400795 -0.504304 0.485867 
-0.635115 -0.20587 0.4705 
0.400795 -0.504304 0.485867 
-0.63387 -0.203438 0.468818 
0.400795 -0.504304 0.485867 
-0.63275 -0.201056 0.467175 
0.400795 -0.504304 0.485867 
-0.631624 -0.198673 0.465445 
0.400795 -0.504304 0.485867 
-0.63049 -0.196299 0.463679 
0.400795 -0.504304 0.485867 
-0.629446 -0.194014 0.461962 
0.400795 -0.504304 0.485867 
-0.628397 -0.191749 0.4602 
0.400795 -0.504304 0.485867 
-0.627401 -0.189488 0.458453 
0.400795 -0.504304 0.485867 
-0.626393 -0.187234 0.456641 
0.400795 -0.504304 0.485867 
