-0.597268 -0.255126 0.407261 
0.386647 -0.491277 0.441318 
-0.597268 -0.255126 0.407261 
0.386647 -0.491277 0.441317 
-0.597268 -0.255126 0.407261 
0.386647 -0.491277 0.441317 
-0.597268 -0.255126 0.407261 
0.387334 -0.490769 0.441178 
-0.597268 -0.255126 0.407261 
0.388919 -0.49073 0.442584 
-0.597268 -0.255126 0.407261 
0.38979 -0.490692 0.441552 
-0.597268 -0.255126 0.407261 
0.390425 -0.490801 0.441334 
-0.597268 -0.255126 0.407261 
0.391103 -0.491215 0.442145 
-0.597268 -0.255126 0.407261 
0.391911 -0.491344 0.443069 
-0.597268 -0.255126 0.407261 
0.392793 -0.491339 0.443036 
-0.597268 -0.255126 0.407261 
0.393763 -0.491483 0.442889 
-0.597268 -0.255126 0.407261 
0.395066 -0.491653 0.44343 
-0.597268 -0.255126 0.407261 
0.396443 -0.491773 0.444016 
-0.597268 -0.255126 0.407261 
0.398888 -0.492012 0.444625 
-0.597268 -0.255126 0.407261 
0.401284 -0.492364 0.445218 
-0.597268 -0.255126 0.407261 
0.403603 -0.492676 0.445478 
-0.597268 -0.255126 0.407261 
0.406138 -0.492968 0.446186 
-0.597268 -0.255126 0.407261 
0.40878 -0.493213 0.446322 
-0.597268 -0.255126 0.407261 
0.411451 -0.49342 0.446065 
-0.597268 -0.255126 0.407261 
0.414245 -0.49367 0.445942 
-0.597268 -0.255126 0.407261 
0.417029 -0.493853 0.446251 
-0.597268 -0.255126 0.407261 
0.41975 -0.493919 0.445798 
-0.597268 -0.255126 0.407261 
0.422352 -0.494021 0.445321 
-0.597268 -0.255126 0.407261 
0.424936 -0.494186 0.445089 
-0.597268 -0.255126 0.407261 
0.427508 -0.494425 0.445203 
-0.597268 -0.255126 0.407261 
0.430026 -0.494575 0.445033 
-0.597268 -0.255126 0.407261 
0.432468 -0.494781 0.444749 
-0.597268 -0.255126 0.407261 
0.434901 -0.49506 0.444964 
-0.597268 -0.255126 0.407261 
0.437205 -0.495244 0.44512 
-0.597268 -0.255126 0.407261 
0.439428 -0.495484 0.445079 
-0.597268 -0.255126 0.407261 
0.441464 -0.495769 0.444965 
-0.597268 -0.255126 0.407261 
0.443392 -0.496008 0.445047 
-0.597268 -0.255126 0.407261 
0.445183 -0.496335 0.445903 
-0.597268 -0.255126 0.407261 
0.446608 -0.496607 0.445856 
-0.597268 -0.255126 0.407261 
0.447728 -0.49676 0.445464 
-0.597268 -0.255126 0.407261 
0.448599 -0.496906 0.445405 
-0.597268 -0.255126 0.407261 
0.448596 -0.496905 0.445402 
-0.597268 -0.255126 0.407261 
0.4486 -0.496909 0.4454 
-0.597268 -0.255126 0.407261 
0.448599 -0.496908 0.445401 
-0.597268 -0.255126 0.407261 
0.448595 -0.496902 0.445405 
-0.597268 -0.255126 0.407261 
0.448596 -0.496904 0.445405 
-0.597268 -0.255126 0.407261 
0.448592 -0.4969 0.445405 
-0.597268 -0.255126 0.407261 
0.448597 -0.496902 0.445416 
-0.597268 -0.255126 0.407261 
0.448591 -0.496893 0.445423 
-0.597268 -0.255126 0.407261 
0.44859 -0.496894 0.44542 
-0.597268 -0.255126 0.407261 
0.448587 -0.496891 0.445419 
-0.597268 -0.255126 0.407261 
0.448583 -0.496887 0.44542 
-0.597268 -0.255126 0.407261 
0.44858 -0.496882 0.445424 
-0.597268 -0.255126 0.407261 
0.448576 -0.49688 0.445419 
-0.597268 -0.255126 0.407261 
0.448727 -0.496996 0.445538 
-0.597268 -0.255126 0.407261 
0.448727 -0.496996 0.445538 
-0.597268 -0.255126 0.407261 
0.448727 -0.496996 0.445538 
-0.597268 -0.255126 0.407261 
0.448727 -0.496996 0.445538 
-0.597268 -0.255126 0.407261 
0.448727 -0.496996 0.445538 
-0.597268 -0.255126 0.407261 
0.448727 -0.496996 0.445538 
-0.597268 -0.255126 0.407261 
0.448727 -0.496996 0.445538 
-0.597268 -0.255126 0.407261 
0.448727 -0.496996 0.445538 
-0.597268 -0.255126 0.407261 
0.448727 -0.496996 0.445538 
-0.597268 -0.255126 0.407261 
0.448727 -0.496996 0.445538 
-0.597268 -0.255126 0.407261 
0.448727 -0.496996 0.445538 
-0.597268 -0.255126 0.407261 
0.448727 -0.496996 0.445538 
-0.597268 -0.255126 0.407261 
0.448727 -0.496996 0.445538 
-0.597268 -0.255126 0.407261 
0.448727 -0.496996 0.445538 
-0.597268 -0.255126 0.407261 
0.448727 -0.496996 0.445538 
-0.597268 -0.255126 0.407261 
0.448727 -0.496996 0.445538 
-0.597268 -0.255126 0.407261 
0.448727 -0.496996 0.445538 
-0.597268 -0.255126 0.407261 
0.448727 -0.496996 0.445538 
-0.597268 -0.255126 0.407261 
0.448727 -0.496996 0.445538 
-0.597268 -0.255126 0.407261 
0.448727 -0.496996 0.445538 
-0.597268 -0.255126 0.407261 
0.448727 -0.496996 0.445538 
-0.597268 -0.255126 0.407261 
0.448727 -0.496996 0.445538 
-0.597268 -0.255126 0.407261 
0.448727 -0.496996 0.445538 
-0.597268 -0.255126 0.407261 
0.448727 -0.496996 0.445538 
-0.597268 -0.255126 0.407261 
0.448727 -0.496996 0.445538 
-0.597268 -0.255126 0.407261 
0.448727 -0.496996 0.445538 
-0.597268 -0.255126 0.407261 
0.448727 -0.496996 0.445538 
-0.597268 -0.255126 0.407261 
0.448727 -0.496996 0.445538 
-0.597268 -0.255126 0.407261 
0.448727 -0.496996 0.445538 
-0.597268 -0.255126 0.407261 
0.448727 -0.496996 0.445538 
-0.597268 -0.255126 0.407261 
0.448727 -0.496996 0.445538 
-0.597268 -0.255126 0.407261 
0.448727 -0.496996 0.445538 
-0.597268 -0.255126 0.407261 
0.448727 -0.496996 0.445538 
-0.597268 -0.255126 0.407261 
0.448727 -0.496996 0.445538 
-0.597268 -0.255126 0.407261 
0.448727 -0.496996 0.445538 
-0.597268 -0.255126 0.407261 
0.448727 -0.496996 0.445538 
-0.597268 -0.255126 0.407261 
0.448727 -0.496996 0.445538 
-0.597268 -0.255126 0.407261 
0.448727 -0.496996 0.445538 
-0.597268 -0.255126 0.407261 
0.448727 -0.496996 0.445538 
-0.597268 -0.255126 0.407261 
0.448727 -0.496996 0.445538 
-0.597268 -0.255126 0.407261 
0.448727 -0.496996 0.445538 
-0.597268 -0.255126 0.407261 
0.448727 -0.496996 0.445538 
-0.597268 -0.255126 0.407261 
0.448727 -0.496996 0.445538 
-0.597268 -0.255126 0.407261 
0.448727 -0.496996 0.445538 
-0.597268 -0.255126 0.407261 
0.448727 -0.496996 0.445538 
-0.597268 -0.255126 0.407261 
0.448727 -0.496996 0.445538 
-0.597268 -0.255126 0.407261 
0.448727 -0.496996 0.445538 
-0.597268 -0.255126 0.407261 
0.448727 -0.496996 0.445538 
-0.597268 -0.255126 0.407261 
0.448727 -0.496996 0.445538 
-0.597268 -0.255126 0.407261 
0.448727 -0.496996 0.445538 
