-0.641538 -0.252089 0.372839 
0.377911 -0.491969 0.439383 
-0.641538 -0.252089 0.372839 
0.377911 -0.491969 0.439383 
-0.641443 -0.253205 0.373984 
0.377946 -0.496272 0.445423 
-0.641624 -0.254217 0.37466 
0.37802 -0.496104 0.447157 
-0.641597 -0.254986 0.374363 
0.378091 -0.498552 0.447955 
-0.64113 -0.25492 0.374135 
0.378483 -0.498631 0.450113 
-0.639258 -0.253626 0.374543 
0.377717 -0.495935 0.441834 
-0.636075 -0.252583 0.375544 
0.379021 -0.501119 0.448383 
-0.632039 -0.250893 0.376785 
0.37896 -0.500394 0.446136 
-0.628363 -0.249752 0.378109 
0.37969 -0.501982 0.446278 
-0.625951 -0.248898 0.378864 
0.379869 -0.503011 0.44669 
-0.623815 -0.247796 0.379471 
0.379908 -0.503399 0.446332 
-0.622359 -0.247095 0.379746 
0.379721 -0.504266 0.44463 
-0.620541 -0.246627 0.380381 
0.379839 -0.504838 0.445653 
-0.618816 -0.245864 0.380881 
0.37966 -0.505756 0.44535 
-0.617276 -0.24503 0.381334 
0.379618 -0.506782 0.445222 
-0.61378 -0.243583 0.381946 
0.379905 -0.508704 0.444982 
-0.612038 -0.242849 0.382552 
0.379991 -0.508939 0.445669 
-0.608917 -0.241805 0.383368 
0.379883 -0.510213 0.443882 
-0.607057 -0.240683 0.383513 
0.379626 -0.510583 0.44633 
-0.606427 -0.240049 0.383098 
0.379018 -0.510989 0.446798 
-0.606566 -0.240037 0.382648 
0.378589 -0.511847 0.446486 
-0.46056 -0.17286 0.5016 
0.379177 -0.510868 0.446684 
