-0.609743 -0.227875 0.41248 
0.400795 -0.504304 0.485867 
-0.609744 -0.227876 0.412479 
0.400795 -0.504304 0.485867 
-0.609845 -0.228221 0.411237 
0.400795 -0.504304 0.485867 
-0.609316 -0.22848 0.410873 
0.400795 -0.504304 0.485867 
-0.608595 -0.229823 0.411245 
0.400795 -0.504304 0.485867 
-0.607233 -0.231766 0.411412 
0.400795 -0.504304 0.485867 
-0.60475 -0.232334 0.411119 
0.400795 -0.504304 0.485867 
-0.602548 -0.232593 0.411827 
0.400795 -0.504304 0.485867 
-0.600884 -0.23281 0.412121 
0.400795 -0.504304 0.485867 
-0.599826 -0.23286 0.412189 
0.400795 -0.504304 0.485867 
-0.599063 -0.232989 0.411971 
0.400795 -0.504304 0.485867 
-0.598497 -0.232997 0.411825 
0.400795 -0.504304 0.485867 
-0.598079 -0.232913 0.412136 
0.400795 -0.504304 0.485867 
-0.597777 -0.232845 0.411933 
0.400795 -0.504304 0.485867 
-0.597399 -0.23298 0.412105 
0.400795 -0.504304 0.485867 
-0.596517 -0.233382 0.411741 
0.400795 -0.504304 0.485867 
-0.595238 -0.233799 0.411658 
0.400795 -0.504304 0.485867 
-0.594141 -0.233879 0.411993 
0.400795 -0.504304 0.485867 
-0.593279 -0.233675 0.412172 
0.400795 -0.504304 0.485867 
-0.593162 -0.233415 0.412062 
0.400795 -0.504304 0.485867 
-0.593382 -0.233309 0.412059 
0.400795 -0.504304 0.485867 
-0.593509 -0.233481 0.411987 
0.400795 -0.504304 0.485867 
-0.593314 -0.233324 0.411861 
0.400795 -0.504304 0.485867 
-0.593336 -0.233273 0.411747 
0.400795 -0.504304 0.485867 
-0.593294 -0.233472 0.411728 
0.400795 -0.504304 0.485867 
-0.593257 -0.233468 0.411889 
0.400795 -0.504304 0.485867 
-0.593294 -0.233499 0.411849 
0.400795 -0.504304 0.485867 
-0.593305 -0.233367 0.411645 
0.400795 -0.504304 0.485867 
-0.593347 -0.233586 0.411719 
0.400795 -0.504304 0.485867 
-0.593364 -0.233577 0.411805 
0.400795 -0.504304 0.485867 
-0.593375 -0.233683 0.412067 
0.400795 -0.504304 0.485867 
-0.593382 -0.23389 0.412112 
0.400795 -0.504304 0.485867 
-0.593471 -0.233662 0.41205 
0.400795 -0.504304 0.485867 
-0.593418 -0.233913 0.412211 
0.400795 -0.504304 0.485867 
-0.593497 -0.233775 0.412087 
0.400795 -0.504304 0.485867 
-0.59346 -0.23372 0.412182 
0.400795 -0.504304 0.485867 
-0.593488 -0.233834 0.41205 
0.400795 -0.504304 0.485867 
-0.593343 -0.233734 0.412381 
0.400795 -0.504304 0.485867 
-0.593387 -0.23367 0.412311 
0.400795 -0.504304 0.485867 
-0.593403 -0.233792 0.412147 
0.400795 -0.504304 0.485867 
-0.593434 -0.233676 0.412216 
0.400795 -0.504304 0.485867 
-0.593436 -0.233806 0.411991 
0.400795 -0.504304 0.485867 
-0.59338 -0.233529 0.412104 
0.400795 -0.504304 0.485867 
-0.593339 -0.233288 0.411728 
0.400795 -0.504304 0.485867 
-0.593375 -0.233521 0.411776 
0.400795 -0.504304 0.485867 
-0.593339 -0.233597 0.41187 
0.400795 -0.504304 0.485867 
-0.593342 -0.2337 0.411932 
0.400795 -0.504304 0.485867 
-0.59336 -0.233516 0.412172 
0.400795 -0.504304 0.485867 
-0.593348 -0.233519 0.412153 
0.400795 -0.504304 0.485867 
-0.593274 -0.233541 0.41219 
0.400795 -0.504304 0.485867 
-0.593354 -0.233551 0.412006 
0.400795 -0.504304 0.485867 
-0.593257 -0.233631 0.412188 
0.400795 -0.504304 0.485867 
-0.593426 -0.233642 0.412037 
0.400795 -0.504304 0.485867 
-0.593368 -0.233692 0.412381 
0.400795 -0.504304 0.485867 
-0.593434 -0.233578 0.411968 
0.400795 -0.504304 0.485867 
-0.593249 -0.233542 0.412671 
0.400795 -0.504304 0.485867 
-0.593225 -0.233652 0.412883 
0.400795 -0.504304 0.485867 
-0.593332 -0.233792 0.412691 
0.400795 -0.504304 0.485867 
-0.593376 -0.23378 0.412318 
0.400795 -0.504304 0.485867 
-0.593331 -0.23368 0.412208 
0.400795 -0.504304 0.485867 
-0.592607 -0.23243 0.411037 
0.400795 -0.504304 0.485867 
-0.591126 -0.229827 0.40898 
0.400795 -0.504304 0.485867 
-0.589857 -0.227003 0.40628 
0.400795 -0.504304 0.485867 
-0.588685 -0.223499 0.403852 
0.400795 -0.504304 0.485867 
-0.587731 -0.219836 0.401093 
0.400795 -0.504304 0.485867 
-0.587035 -0.215752 0.397566 
0.400795 -0.504304 0.485867 
-0.586491 -0.211363 0.394142 
0.400795 -0.504304 0.485867 
-0.586303 -0.207032 0.390739 
0.400795 -0.504304 0.485867 
-0.586442 -0.202393 0.3868 
0.400795 -0.504304 0.485867 
-0.586726 -0.197637 0.382531 
0.400795 -0.504304 0.485867 
-0.587145 -0.192907 0.379076 
0.400795 -0.504304 0.485867 
-0.587795 -0.188361 0.37521 
0.400795 -0.504304 0.485867 
-0.588393 -0.184115 0.371519 
0.400795 -0.504304 0.485867 
-0.589939 -0.181491 0.369233 
0.400795 -0.504304 0.485867 
-0.591607 -0.180114 0.36763 
0.400795 -0.504304 0.485867 
-0.59322 -0.178991 0.366134 
0.400795 -0.504304 0.485867 
-0.593936 -0.178829 0.36586 
0.400795 -0.504304 0.485867 
-0.594479 -0.179189 0.365997 
0.400795 -0.504304 0.485867 
-0.594656 -0.180593 0.365779 
0.400795 -0.504304 0.485867 
-0.594084 -0.18248 0.366883 
0.400795 -0.504304 0.485867 
-0.593235 -0.185044 0.368483 
0.400795 -0.504304 0.485867 
-0.592282 -0.188553 0.369634 
0.400795 -0.504304 0.485867 
-0.590916 -0.192508 0.371092 
0.400795 -0.504304 0.485867 
-0.589681 -0.197052 0.372116 
0.400795 -0.504304 0.485867 
-0.588223 -0.204628 0.374566 
0.400795 -0.504304 0.485867 
-0.588495 -0.204094 0.374411 
0.400795 -0.504304 0.485867 
-0.587216 -0.209331 0.375318 
0.400795 -0.504304 0.485867 
-0.58606 -0.214569 0.375802 
0.400795 -0.504304 0.485867 
-0.58511 -0.219421 0.376309 
0.400795 -0.504304 0.485867 
-0.584289 -0.224216 0.3764 
0.400795 -0.504304 0.485867 
-0.583703 -0.228729 0.376372 
0.400795 -0.504304 0.485867 
-0.58333 -0.232363 0.37632 
0.400795 -0.504304 0.485867 
-0.58424 -0.236387 0.376018 
0.400795 -0.504304 0.485867 
-0.584056 -0.239521 0.375596 
0.400795 -0.504304 0.485867 
-0.584047 -0.242497 0.374816 
0.400795 -0.504304 0.485867 
-0.584017 -0.243185 0.373609 
0.400795 -0.504304 0.485867 
-0.584088 -0.245962 0.373015 
0.400795 -0.504304 0.485867 
-0.583828 -0.246761 0.372776 
0.400795 -0.504304 0.485867 
-0.583762 -0.248125 0.373266 
0.400795 -0.504304 0.485867 
-0.584419 -0.249825 0.371949 
0.400795 -0.504304 0.485867 
-0.584567 -0.252498 0.371881 
0.400795 -0.504304 0.485867 
-0.58524 -0.255039 0.370958 
0.400795 -0.504304 0.485867 
-0.585603 -0.256309 0.369905 
0.400795 -0.504304 0.485867 
-0.585869 -0.258275 0.369345 
0.400795 -0.504304 0.485867 
-0.586221 -0.259534 0.368145 
0.400795 -0.504304 0.485867 
-0.584716 -0.260812 0.368132 
0.400795 -0.504304 0.485867 
-0.584852 -0.262706 0.367704 
0.400795 -0.504304 0.485867 
-0.584983 -0.264394 0.367292 
0.400795 -0.504304 0.485867 
-0.584951 -0.265663 0.366748 
0.400795 -0.504304 0.485867 
-0.584751 -0.266715 0.366645 
0.400795 -0.504304 0.485867 
-0.5846 -0.267778 0.366196 
0.400795 -0.504304 0.485867 
-0.584174 -0.268396 0.366036 
0.400795 -0.504304 0.485867 
-0.583687 -0.268348 0.365926 
0.400795 -0.504304 0.485867 
-0.58321 -0.26819 0.365793 
0.400795 -0.504304 0.485867 
-0.582386 -0.267863 0.366154 
0.400795 -0.504304 0.485867 
-0.581293 -0.267608 0.366271 
0.400795 -0.504304 0.485867 
-0.580459 -0.267569 0.366542 
0.400795 -0.504304 0.485867 
-0.579627 -0.267202 0.36676 
0.400795 -0.504304 0.485867 
-0.57903 -0.267168 0.366114 
0.400795 -0.504304 0.485867 
-0.578147 -0.267562 0.365924 
0.400795 -0.504304 0.485867 
-0.577456 -0.267973 0.365855 
0.400795 -0.504304 0.485867 
-0.576709 -0.269204 0.366279 
0.400795 -0.504304 0.485867 
-0.576206 -0.269987 0.366168 
0.400795 -0.504304 0.485867 
-0.575788 -0.270685 0.365949 
0.400795 -0.504304 0.485867 
-0.575332 -0.271496 0.365871 
0.400795 -0.504304 0.485867 
-0.5749 -0.272311 0.365848 
0.400795 -0.504304 0.485867 
-0.574485 -0.27304 0.365678 
0.400795 -0.504304 0.485867 
-0.574192 -0.273766 0.365471 
0.400795 -0.504304 0.485867 
-0.574009 -0.274388 0.365187 
0.400795 -0.504304 0.485867 
-0.5739 -0.275079 0.364939 
0.400795 -0.504304 0.485867 
-0.573828 -0.27576 0.365134 
0.400795 -0.504304 0.485867 
-0.573799 -0.275922 0.365221 
0.400795 -0.504304 0.485867 
-0.572888 -0.274737 0.366182 
0.400795 -0.504304 0.485867 
-0.572888 -0.274737 0.366182 
0.400795 -0.504304 0.485867 
-0.572887 -0.274734 0.36618 
0.400795 -0.504304 0.485867 
-0.572886 -0.274739 0.366194 
0.400795 -0.504304 0.485867 
-0.572884 -0.274737 0.366194 
0.400795 -0.504304 0.485867 
-0.572897 -0.274787 0.366277 
0.400795 -0.504304 0.485867 
-0.572873 -0.274692 0.366123 
0.400795 -0.504304 0.485867 
-0.572877 -0.274696 0.366118 
0.400795 -0.504304 0.485867 
-0.572865 -0.274652 0.366059 
0.400795 -0.504304 0.485867 
-0.57289 -0.27475 0.366216 
0.400795 -0.504304 0.485867 
-0.572886 -0.274743 0.366216 
0.400795 -0.504304 0.485867 
