-0.639403 -0.251597 0.373469 
0.379826 -0.49357 0.438673 
-0.639403 -0.251597 0.373469 
0.379762 -0.499098 0.444458 
-0.641009 -0.25324 0.374107 
0.380178 -0.500186 0.446738 
-0.639924 -0.253488 0.374938 
0.380149 -0.50044 0.448004 
-0.63933 -0.254438 0.374832 
0.380187 -0.50031 0.449064 
-0.639151 -0.25391 0.374532 
0.380294 -0.500847 0.449682 
-0.637222 -0.253055 0.37536 
0.379448 -0.498861 0.442054 
-0.633816 -0.25188 0.3766 
0.380891 -0.503358 0.447521 
-0.629743 -0.250417 0.377626 
0.380953 -0.502995 0.446577 
-0.626949 -0.249015 0.378018 
0.380935 -0.502633 0.442922 
-0.624369 -0.247738 0.37902 
0.381748 -0.504386 0.446682 
-0.621908 -0.247085 0.380221 
0.381664 -0.505329 0.444638 
-0.620416 -0.246354 0.380544 
0.381891 -0.506336 0.445501 
-0.619133 -0.24597 0.380933 
0.381681 -0.506605 0.444747 
-0.617284 -0.24504 0.381241 
0.382053 -0.507606 0.447066 
-0.613926 -0.24385 0.382617 
0.382079 -0.508195 0.446985 
-0.611398 -0.242797 0.382899 
0.381975 -0.509865 0.444792 
-0.608366 -0.2417 0.383756 
0.382361 -0.511142 0.445724 
-0.605866 -0.240695 0.384393 
0.38223 -0.511651 0.446449 
-0.60595 -0.240114 0.383891 
0.381701 -0.512049 0.447035 
-0.605108 -0.239104 0.383369 
0.381317 -0.512858 0.446519 
-0.605018 -0.238712 0.382819 
0.380627 -0.513237 0.445453 
-0.45805 -0.16486 0.48415 
0.381328 -0.512742 0.446588 
