-0.656005 -0.249834 0.468626 
0.400795 -0.504304 0.485867 
-0.656006 -0.249834 0.468626 
0.400795 -0.504304 0.485867 
-0.656006 -0.249834 0.468626 
0.400795 -0.504304 0.485867 
-0.655466 -0.250333 0.468802 
0.400795 -0.504304 0.485867 
-0.655392 -0.250311 0.469001 
0.400795 -0.504304 0.485867 
-0.655241 -0.250346 0.469317 
0.400795 -0.504304 0.485867 
-0.655057 -0.251619 0.469553 
0.400795 -0.504304 0.485867 
-0.654724 -0.252921 0.46988 
0.400795 -0.504304 0.485867 
-0.654118 -0.25357 0.470159 
0.400795 -0.504304 0.485867 
-0.653024 -0.253982 0.470671 
0.400795 -0.504304 0.485867 
-0.651902 -0.254292 0.471484 
0.400795 -0.504304 0.485867 
-0.650944 -0.254543 0.472222 
0.400795 -0.504304 0.485867 
-0.650154 -0.254735 0.472808 
0.400795 -0.504304 0.485867 
-0.649496 -0.254899 0.473281 
0.400795 -0.504304 0.485867 
-0.648952 -0.25503 0.473693 
0.400795 -0.504304 0.485867 
-0.648482 -0.255152 0.47403 
0.400795 -0.504304 0.485867 
-0.648085 -0.255254 0.474333 
0.400795 -0.504304 0.485867 
-0.64773 -0.255345 0.474583 
0.400795 -0.504304 0.485867 
-0.647417 -0.255415 0.474808 
0.400795 -0.504304 0.485867 
-0.64714 -0.25548 0.475007 
0.400795 -0.504304 0.485867 
-0.646899 -0.255541 0.475188 
0.400795 -0.504304 0.485867 
-0.646682 -0.255591 0.475353 
0.400795 -0.504304 0.485867 
-0.646485 -0.255642 0.475497 
0.400795 -0.504304 0.485867 
-0.6463 -0.255691 0.475618 
0.400795 -0.504304 0.485867 
-0.646129 -0.255733 0.475726 
0.400795 -0.504304 0.485867 
-0.645979 -0.255773 0.475831 
0.400795 -0.504304 0.485867 
-0.645883 -0.255836 0.475966 
0.400795 -0.504304 0.485867 
-0.645751 -0.255863 0.476054 
0.400795 -0.504304 0.485867 
-0.645239 -0.256112 0.476431 
0.400795 -0.504304 0.485867 
-0.644755 -0.25634 0.476798 
0.400795 -0.504304 0.485867 
-0.644259 -0.256612 0.477149 
0.400795 -0.504304 0.485867 
-0.643789 -0.256752 0.477446 
0.400795 -0.504304 0.485867 
-0.614637 -0.23522 0.410624 
0.400795 -0.504304 0.485867 
-0.614638 -0.23522 0.410624 
0.400795 -0.504304 0.485867 
-0.614638 -0.23522 0.410624 
0.400795 -0.504304 0.485867 
-0.614072 -0.235696 0.410463 
0.400795 -0.504304 0.485867 
-0.613905 -0.235675 0.410594 
0.400795 -0.504304 0.485867 
-0.61361 -0.235713 0.410782 
0.400795 -0.504304 0.485867 
-0.613292 -0.23698 0.410818 
0.400795 -0.504304 0.485867 
-0.6128 -0.238273 0.410852 
0.400795 -0.504304 0.485867 
-0.61212 -0.238897 0.410736 
0.400795 -0.504304 0.485867 
-0.610909 -0.239267 0.410574 
0.400795 -0.504304 0.485867 
-0.609519 -0.239542 0.410659 
0.400795 -0.504304 0.485867 
-0.608309 -0.239765 0.410769 
0.400795 -0.504304 0.485867 
-0.607324 -0.239933 0.410841 
0.400795 -0.504304 0.485867 
-0.606512 -0.240077 0.410889 
0.400795 -0.504304 0.485867 
-0.605828 -0.240192 0.410946 
0.400795 -0.504304 0.485867 
-0.605248 -0.240299 0.410978 
0.400795 -0.504304 0.485867 
-0.604749 -0.240389 0.411022 
0.400795 -0.504304 0.485867 
-0.604313 -0.240469 0.411043 
0.400795 -0.504304 0.485867 
-0.603926 -0.240529 0.411066 
0.400795 -0.504304 0.485867 
-0.603584 -0.240586 0.411085 
0.400795 -0.504304 0.485867 
-0.603282 -0.240639 0.411109 
0.400795 -0.504304 0.485867 
-0.603009 -0.240683 0.411133 
0.400795 -0.504304 0.485867 
-0.602765 -0.240728 0.411149 
0.400795 -0.504304 0.485867 
-0.602543 -0.240771 0.411152 
0.400795 -0.504304 0.485867 
-0.602339 -0.240808 0.411151 
0.400795 -0.504304 0.485867 
-0.655717 -0.249883 0.468434 
0.400795 -0.504304 0.485867 
-0.655718 -0.249883 0.468434 
0.400795 -0.504304 0.485867 
-0.655718 -0.249883 0.468434 
0.400795 -0.504304 0.485867 
-0.655177 -0.250383 0.468608 
0.400795 -0.504304 0.485867 
-0.655102 -0.25036 0.468806 
0.400795 -0.504304 0.485867 
-0.65495 -0.250396 0.469122 
0.400795 -0.504304 0.485867 
-0.654765 -0.251668 0.469358 
0.400795 -0.504304 0.485867 
-0.654431 -0.25297 0.469684 
0.400795 -0.504304 0.485867 
-0.653824 -0.253619 0.46996 
0.400795 -0.504304 0.485867 
-0.652728 -0.254032 0.470468 
0.400795 -0.504304 0.485867 
-0.651602 -0.254341 0.471276 
0.400795 -0.504304 0.485867 
-0.650641 -0.254592 0.47201 
0.400795 -0.504304 0.485867 
-0.649849 -0.254785 0.472592 
0.400795 -0.504304 0.485867 
-0.649189 -0.254949 0.473062 
0.400795 -0.504304 0.485867 
-0.648643 -0.25508 0.473472 
0.400795 -0.504304 0.485867 
-0.648172 -0.255202 0.473806 
0.400795 -0.504304 0.485867 
-0.647774 -0.255303 0.474108 
0.400795 -0.504304 0.485867 
-0.647418 -0.255394 0.474356 
0.400795 -0.504304 0.485867 
-0.647103 -0.255465 0.47458 
0.400795 -0.504304 0.485867 
-0.646826 -0.25553 0.474777 
0.400795 -0.504304 0.485867 
-0.646583 -0.25559 0.474957 
0.400795 -0.504304 0.485867 
-0.646365 -0.25564 0.475122 
0.400795 -0.504304 0.485867 
-0.646168 -0.255691 0.475265 
0.400795 -0.504304 0.485867 
-0.645983 -0.255741 0.475385 
0.400795 -0.504304 0.485867 
-0.645811 -0.255783 0.475492 
0.400795 -0.504304 0.485867 
-0.64566 -0.255823 0.475596 
0.400795 -0.504304 0.485867 
-0.645565 -0.255885 0.475731 
0.400795 -0.504304 0.485867 
-0.645432 -0.255913 0.475818 
0.400795 -0.504304 0.485867 
-0.644918 -0.256162 0.476194 
0.400795 -0.504304 0.485867 
-0.644433 -0.25639 0.476558 
0.400795 -0.504304 0.485867 
-0.643936 -0.256662 0.476907 
0.400795 -0.504304 0.485867 
-0.643464 -0.256801 0.477202 
0.400795 -0.504304 0.485867 
