-0.615134 -0.250945 0.386556 
0.400795 -0.504304 0.485867 
-0.615135 -0.250946 0.386556 
0.400795 -0.504304 0.485867 
-0.614565 -0.2509 0.38549 
0.400795 -0.504304 0.485867 
-0.614521 -0.251534 0.385226 
0.400795 -0.504304 0.485867 
-0.614168 -0.25141 0.385592 
0.400795 -0.504304 0.485867 
-0.614096 -0.251605 0.385302 
0.400795 -0.504304 0.485867 
-0.613747 -0.252874 0.385865 
0.400795 -0.504304 0.485867 
-0.613367 -0.254109 0.385649 
0.400795 -0.504304 0.485867 
-0.612683 -0.254837 0.385663 
0.400795 -0.504304 0.485867 
-0.611585 -0.2555 0.385353 
0.400795 -0.504304 0.485867 
-0.610308 -0.2558 0.385232 
0.400795 -0.504304 0.485867 
-0.609218 -0.25598 0.38511 
0.400795 -0.504304 0.485867 
-0.608227 -0.256343 0.384492 
0.400795 -0.504304 0.485867 
-0.607461 -0.256168 0.384646 
0.400795 -0.504304 0.485867 
-0.6069 -0.256231 0.384548 
0.400795 -0.504304 0.485867 
-0.606327 -0.256862 0.384161 
0.400795 -0.504304 0.485867 
-0.605767 -0.256593 0.384153 
0.400795 -0.504304 0.485867 
-0.605486 -0.256109 0.383869 
0.400795 -0.504304 0.485867 
-0.60525 -0.256129 0.383516 
0.400795 -0.504304 0.485867 
-0.604968 -0.256172 0.383285 
0.400795 -0.504304 0.485867 
-0.604651 -0.256418 0.383883 
0.400795 -0.504304 0.485867 
-0.604242 -0.256161 0.383832 
0.400795 -0.504304 0.485867 
-0.604038 -0.256836 0.38334 
0.400795 -0.504304 0.485867 
-0.603707 -0.256429 0.383723 
0.400795 -0.504304 0.485867 
-0.603807 -0.256426 0.384067 
0.400795 -0.504304 0.485867 
-0.603721 -0.256103 0.38423 
0.400795 -0.504304 0.485867 
-0.603423 -0.256692 0.38348 
0.400795 -0.504304 0.485867 
-0.602887 -0.256235 0.384124 
0.400795 -0.504304 0.485867 
-0.602484 -0.256906 0.383322 
0.400795 -0.504304 0.485867 
-0.601796 -0.25718 0.383093 
0.400795 -0.504304 0.485867 
-0.601012 -0.257459 0.383251 
0.400795 -0.504304 0.485867 
-0.600662 -0.257559 0.382785 
0.400795 -0.504304 0.485867 
-0.600125 -0.257056 0.383 
0.400795 -0.504304 0.485867 
-0.599762 -0.257105 0.382728 
0.400795 -0.504304 0.485867 
-0.599489 -0.25712 0.382761 
0.400795 -0.504304 0.485867 
-0.599633 -0.256962 0.383077 
0.400795 -0.504304 0.485867 
-0.599795 -0.257251 0.382914 
0.400795 -0.504304 0.485867 
-0.599474 -0.257175 0.383218 
0.400795 -0.504304 0.485867 
-0.599361 -0.257415 0.383085 
0.400795 -0.504304 0.485867 
-0.599533 -0.257035 0.382586 
0.400795 -0.504304 0.485867 
-0.599418 -0.257169 0.383297 
0.400795 -0.504304 0.485867 
-0.599299 -0.257232 0.382806 
0.400795 -0.504304 0.485867 
-0.59915 -0.257195 0.383438 
0.400795 -0.504304 0.485867 
-0.599383 -0.257319 0.382669 
0.400795 -0.504304 0.485867 
-0.599377 -0.257116 0.382712 
0.400795 -0.504304 0.485867 
-0.599208 -0.257188 0.383045 
0.400795 -0.504304 0.485867 
-0.59912 -0.257053 0.383529 
0.400795 -0.504304 0.485867 
-0.599209 -0.257431 0.382771 
0.400795 -0.504304 0.485867 
-0.599265 -0.257113 0.382622 
0.400795 -0.504304 0.485867 
-0.599077 -0.25713 0.38339 
0.400795 -0.504304 0.485867 
-0.59938 -0.256992 0.382654 
0.400795 -0.504304 0.485867 
-0.59937 -0.257377 0.382593 
0.400795 -0.504304 0.485867 
-0.599156 -0.257152 0.382958 
0.400795 -0.504304 0.485867 
-0.599105 -0.256985 0.383446 
0.400795 -0.504304 0.485867 
-0.599241 -0.257208 0.383007 
0.400795 -0.504304 0.485867 
-0.599273 -0.257511 0.382737 
0.400795 -0.504304 0.485867 
-0.599359 -0.257263 0.382776 
0.400795 -0.504304 0.485867 
-0.599084 -0.257015 0.383427 
0.400795 -0.504304 0.485867 
-0.599304 -0.257145 0.383161 
0.400795 -0.504304 0.485867 
-0.59946 -0.257496 0.382717 
0.400795 -0.504304 0.485867 
-0.59897 -0.257086 0.384243 
0.400795 -0.504304 0.485867 
-0.599215 -0.257485 0.383408 
0.400795 -0.504304 0.485867 
-0.599085 -0.25752 0.38332 
0.400795 -0.504304 0.485867 
-0.599265 -0.257677 0.383158 
0.400795 -0.504304 0.485867 
-0.599274 -0.257534 0.382849 
0.400795 -0.504304 0.485867 
-0.599114 -0.257377 0.383394 
0.400795 -0.504304 0.485867 
-0.599247 -0.257411 0.383403 
0.400795 -0.504304 0.485867 
-0.599273 -0.257493 0.383029 
0.400795 -0.504304 0.485867 
-0.599235 -0.257527 0.383064 
0.400795 -0.504304 0.485867 
-0.599122 -0.257541 0.383804 
0.400795 -0.504304 0.485867 
-0.599315 -0.257469 0.383295 
0.400795 -0.504304 0.485867 
-0.599137 -0.257392 0.383339 
0.400795 -0.504304 0.485867 
-0.599218 -0.257531 0.383658 
0.400795 -0.504304 0.485867 
-0.599293 -0.25728 0.383168 
0.400795 -0.504304 0.485867 
-0.599086 -0.257351 0.38421 
0.400795 -0.504304 0.485867 
-0.599398 -0.257267 0.383282 
0.400795 -0.504304 0.485867 
-0.599174 -0.257283 0.383602 
0.400795 -0.504304 0.485867 
-0.599212 -0.257547 0.383552 
0.400795 -0.504304 0.485867 
-0.599266 -0.257564 0.383347 
0.400795 -0.504304 0.485867 
-0.599164 -0.257504 0.383629 
0.400795 -0.504304 0.485867 
-0.599139 -0.257422 0.383763 
0.400795 -0.504304 0.485867 
-0.599119 -0.257207 0.38321 
0.400795 -0.504304 0.485867 
-0.599134 -0.257367 0.383663 
0.400795 -0.504304 0.485867 
-0.59935 -0.257187 0.382824 
0.400795 -0.504304 0.485867 
-0.599108 -0.256758 0.383136 
0.400795 -0.504304 0.485867 
-0.599149 -0.257029 0.383127 
0.400795 -0.504304 0.485867 
-0.599116 -0.257008 0.38292 
0.400795 -0.504304 0.485867 
-0.599184 -0.256998 0.3826 
0.400795 -0.504304 0.485867 
-0.599156 -0.25703 0.383111 
0.400795 -0.504304 0.485867 
-0.599187 -0.257059 0.382872 
0.400795 -0.504304 0.485867 
-0.599154 -0.257213 0.382742 
0.400795 -0.504304 0.485867 
-0.599088 -0.256975 0.383372 
0.400795 -0.504304 0.485867 
-0.599257 -0.256936 0.382715 
0.400795 -0.504304 0.485867 
-0.599011 -0.257012 0.3831 
0.400795 -0.504304 0.485867 
-0.598959 -0.256778 0.38368 
0.400795 -0.504304 0.485867 
-0.599261 -0.257136 0.382922 
0.400795 -0.504304 0.485867 
-0.599154 -0.257137 0.383139 
0.400795 -0.504304 0.485867 
-0.599263 -0.257059 0.383064 
0.400795 -0.504304 0.485867 
-0.599096 -0.257122 0.383209 
0.400795 -0.504304 0.485867 
-0.599062 -0.257013 0.3837 
0.400795 -0.504304 0.485867 
-0.59921 -0.257035 0.382823 
0.400795 -0.504304 0.485867 
-0.599081 -0.256926 0.383453 
0.400795 -0.504304 0.485867 
-0.599007 -0.256891 0.383536 
0.400795 -0.504304 0.485867 
-0.599097 -0.257103 0.383166 
0.400795 -0.504304 0.485867 
-0.599194 -0.257063 0.383199 
0.400795 -0.504304 0.485867 
-0.599177 -0.256852 0.38332 
0.400795 -0.504304 0.485867 
-0.599204 -0.257391 0.383031 
0.400795 -0.504304 0.485867 
-0.599129 -0.256937 0.383266 
0.400795 -0.504304 0.485867 
-0.59889 -0.257129 0.383916 
0.400795 -0.504304 0.485867 
-0.599224 -0.256948 0.383552 
0.400795 -0.504304 0.485867 
-0.599111 -0.257213 0.383486 
0.400795 -0.504304 0.485867 
-0.599297 -0.257112 0.383147 
0.400795 -0.504304 0.485867 
-0.599121 -0.25748 0.383562 
0.400795 -0.504304 0.485867 
-0.598999 -0.256909 0.384113 
0.400795 -0.504304 0.485867 
-0.599304 -0.2574 0.383059 
0.400795 -0.504304 0.485867 
-0.599073 -0.257139 0.383592 
0.400795 -0.504304 0.485867 
-0.599059 -0.257114 0.383489 
0.400795 -0.504304 0.485867 
-0.599087 -0.256996 0.383526 
0.400795 -0.504304 0.485867 
-0.598402 -0.255739 0.382282 
0.400795 -0.504304 0.485867 
-0.598044 -0.254715 0.380992 
0.400795 -0.504304 0.485867 
-0.597511 -0.253609 0.379917 
0.400795 -0.504304 0.485867 
-0.59711 -0.252426 0.37874 
0.400795 -0.504304 0.485867 
-0.59674 -0.250776 0.377297 
0.400795 -0.504304 0.485867 
-0.596403 -0.249212 0.375896 
0.400795 -0.504304 0.485867 
-0.596037 -0.247734 0.374337 
0.400795 -0.504304 0.485867 
-0.595895 -0.245896 0.372808 
0.400795 -0.504304 0.485867 
-0.595479 -0.24422 0.371414 
0.400795 -0.504304 0.485867 
-0.595374 -0.242019 0.36974 
0.400795 -0.504304 0.485867 
-0.595339 -0.240634 0.368149 
0.400795 -0.504304 0.485867 
-0.595407 -0.238369 0.366024 
0.400795 -0.504304 0.485867 
-0.595316 -0.235859 0.364503 
0.400795 -0.504304 0.485867 
-0.595553 -0.233693 0.362422 
0.400795 -0.504304 0.485867 
-0.595776 -0.231294 0.360649 
0.400795 -0.504304 0.485867 
-0.595982 -0.229193 0.358749 
0.400795 -0.504304 0.485867 
-0.596312 -0.226603 0.356905 
0.400795 -0.504304 0.485867 
-0.596772 -0.224292 0.355061 
0.400795 -0.504304 0.485867 
-0.597399 -0.222029 0.352965 
0.400795 -0.504304 0.485867 
-0.597722 -0.21939 0.351284 
0.400795 -0.504304 0.485867 
-0.598259 -0.217286 0.349402 
0.400795 -0.504304 0.485867 
-0.59883 -0.214612 0.347621 
0.400795 -0.504304 0.485867 
-0.599427 -0.212724 0.345698 
0.400795 -0.504304 0.485867 
-0.600128 -0.210034 0.343783 
0.400795 -0.504304 0.485867 
-0.600793 -0.207699 0.341929 
0.400795 -0.504304 0.485867 
-0.601544 -0.206428 0.340909 
0.400795 -0.504304 0.485867 
