-0.597268 -0.255126 0.407261 
0.437158 -0.468587 0.472708 
-0.597268 -0.255126 0.407261 
0.437157 -0.468587 0.472707 
-0.597268 -0.255126 0.407261 
0.437157 -0.468587 0.472707 
-0.597268 -0.255126 0.407261 
0.436651 -0.468579 0.472063 
-0.597268 -0.255126 0.407261 
0.436265 -0.4686 0.471733 
-0.597268 -0.255126 0.407261 
0.435574 -0.468688 0.471509 
-0.597268 -0.255126 0.407261 
0.434837 -0.468731 0.472073 
-0.597268 -0.255126 0.407261 
0.43371 -0.468865 0.472383 
-0.597268 -0.255126 0.407261 
0.432138 -0.469155 0.472546 
-0.597268 -0.255126 0.407261 
0.430679 -0.469636 0.473386 
-0.597268 -0.255126 0.407261 
0.429162 -0.470154 0.474146 
-0.597268 -0.255126 0.407261 
0.427527 -0.470729 0.474678 
-0.597268 -0.255126 0.407261 
0.426029 -0.471354 0.475356 
-0.597268 -0.255126 0.407261 
0.424708 -0.471984 0.476201 
-0.597268 -0.255126 0.407261 
0.423569 -0.472576 0.477255 
-0.597268 -0.255126 0.407261 
0.422336 -0.473151 0.478056 
-0.597268 -0.255126 0.407261 
0.421392 -0.473658 0.478024 
-0.597268 -0.255126 0.407261 
0.420574 -0.474199 0.478282 
-0.597268 -0.255126 0.407261 
0.420559 -0.474555 0.479105 
-0.597268 -0.255126 0.407261 
0.420399 -0.474771 0.479084 
-0.597268 -0.255126 0.407261 
0.420198 -0.474813 0.478898 
-0.597268 -0.255126 0.407261 
0.420184 -0.474816 0.478979 
-0.597268 -0.255126 0.407261 
0.420036 -0.474752 0.478703 
-0.597268 -0.255126 0.407261 
0.419842 -0.474677 0.478313 
-0.597268 -0.255126 0.407261 
0.419471 -0.474661 0.477523 
-0.597268 -0.255126 0.407261 
0.419371 -0.474584 0.477472 
-0.597268 -0.255126 0.407261 
0.419167 -0.474566 0.477159 
-0.597268 -0.255126 0.407261 
0.418907 -0.474557 0.476712 
-0.597268 -0.255126 0.407261 
0.418721 -0.474451 0.476446 
-0.597268 -0.255126 0.407261 
0.418572 -0.474355 0.476231 
-0.597268 -0.255126 0.407261 
0.418622 -0.4743 0.476384 
-0.597268 -0.255126 0.407261 
0.418537 -0.474257 0.476217 
-0.597268 -0.255126 0.407261 
0.418448 -0.474242 0.476078 
-0.597268 -0.255126 0.407261 
0.418573 -0.47412 0.476522 
-0.597268 -0.255126 0.407261 
0.418588 -0.474015 0.476669 
-0.597268 -0.255126 0.407261 
0.418501 -0.473925 0.476519 
-0.597268 -0.255126 0.407261 
0.418356 -0.473866 0.476247 
-0.597268 -0.255126 0.407261 
0.418277 -0.473764 0.476163 
-0.597268 -0.255126 0.407261 
0.418204 -0.473716 0.476056 
-0.597268 -0.255126 0.407261 
0.418068 -0.473703 0.475793 
-0.597268 -0.255126 0.407261 
0.417876 -0.473671 0.475486 
-0.597268 -0.255126 0.407261 
0.417837 -0.47368 0.475499 
-0.597268 -0.255126 0.407261 
0.417838 -0.473687 0.475584 
-0.597268 -0.255126 0.407261 
0.417739 -0.473814 0.475348 
-0.597268 -0.255126 0.407261 
0.417659 -0.473959 0.47514 
-0.597268 -0.255126 0.407261 
0.41759 -0.474062 0.474995 
-0.597268 -0.255126 0.407261 
0.417758 -0.474118 0.475398 
-0.597268 -0.255126 0.407261 
0.417813 -0.474226 0.475445 
-0.597268 -0.255126 0.407261 
0.417957 -0.474266 0.475742 
-0.597268 -0.255126 0.407261 
0.417809 -0.474387 0.475331 
-0.597268 -0.255126 0.407261 
0.417926 -0.474468 0.475515 
-0.597268 -0.255126 0.407261 
0.417995 -0.474445 0.475614 
-0.597268 -0.255126 0.407261 
0.417932 -0.474434 0.475427 
-0.597268 -0.255126 0.407261 
0.417904 -0.47445 0.475274 
-0.597268 -0.255126 0.407261 
0.41799 -0.474317 0.475502 
-0.597268 -0.255126 0.407261 
0.418052 -0.474251 0.475589 
-0.597268 -0.255126 0.407261 
0.418042 -0.474215 0.475551 
-0.597268 -0.255126 0.407261 
0.417977 -0.474223 0.475356 
-0.597268 -0.255126 0.407261 
0.418005 -0.474238 0.475357 
-0.597268 -0.255126 0.407261 
0.417958 -0.474244 0.475208 
-0.597268 -0.255126 0.407261 
0.417944 -0.474167 0.475173 
-0.597268 -0.255126 0.407261 
0.417887 -0.474109 0.475053 
-0.597268 -0.255126 0.407261 
0.417721 -0.47417 0.474627 
-0.597268 -0.255126 0.407261 
0.417652 -0.474151 0.474473 
-0.597268 -0.255126 0.407261 
0.417655 -0.474148 0.474431 
-0.597268 -0.255126 0.407261 
0.417664 -0.474052 0.474526 
-0.597268 -0.255126 0.407261 
0.417559 -0.474012 0.4743 
-0.597268 -0.255126 0.407261 
0.417511 -0.473954 0.474178 
-0.597268 -0.255126 0.407261 
0.417469 -0.473798 0.474177 
-0.597268 -0.255126 0.407261 
0.417355 -0.473663 0.473991 
-0.597268 -0.255126 0.407261 
0.417193 -0.473575 0.47365 
-0.597268 -0.255126 0.407261 
0.417006 -0.473517 0.473217 
-0.597268 -0.255126 0.407261 
0.416828 -0.47347 0.472795 
-0.597268 -0.255126 0.407261 
0.416811 -0.473306 0.472846 
-0.597268 -0.255126 0.407261 
0.416597 -0.473219 0.472396 
-0.597268 -0.255126 0.407261 
0.416417 -0.473155 0.471987 
-0.597268 -0.255126 0.407261 
0.41641 -0.473139 0.471994 
-0.597268 -0.255126 0.407261 
0.416419 -0.473029 0.472118 
-0.597268 -0.255126 0.407261 
0.416344 -0.472899 0.472003 
-0.597268 -0.255126 0.407261 
0.416223 -0.472833 0.471731 
-0.597268 -0.255126 0.407261 
0.416298 -0.472724 0.471947 
-0.597268 -0.255126 0.407261 
0.416379 -0.472672 0.472137 
-0.597268 -0.255126 0.407261 
0.416477 -0.472671 0.472323 
-0.597268 -0.255126 0.407261 
0.41665 -0.472606 0.472735 
-0.597268 -0.255126 0.407261 
0.41677 -0.472646 0.472976 
-0.597268 -0.255126 0.407261 
0.417055 -0.472724 0.47361 
-0.597268 -0.255126 0.407261 
0.417012 -0.472796 0.473428 
-0.597268 -0.255126 0.407261 
0.416864 -0.472855 0.472995 
-0.597268 -0.255126 0.407261 
0.416973 -0.472949 0.473176 
-0.597268 -0.255126 0.407261 
0.417189 -0.473218 0.473556 
-0.597268 -0.255126 0.407261 
0.417189 -0.473218 0.473556 
-0.597268 -0.255126 0.407261 
0.417189 -0.473218 0.473556 
-0.597268 -0.255126 0.407261 
0.417322 -0.473392 0.473794 
-0.597268 -0.255126 0.407261 
0.417341 -0.473467 0.473808 
-0.597268 -0.255126 0.407261 
0.417366 -0.473512 0.47387 
-0.597268 -0.255126 0.407261 
0.417369 -0.47359 0.473857 
-0.597268 -0.255126 0.407261 
0.417291 -0.473636 0.473669 
-0.597268 -0.255126 0.407261 
0.417169 -0.473563 0.473472 
-0.597268 -0.255126 0.407261 
0.417139 -0.473583 0.473448 
-0.597268 -0.255126 0.407261 
0.41703 -0.473621 0.47322 
-0.597268 -0.255126 0.407261 
0.417005 -0.473655 0.473191 
-0.597268 -0.255126 0.407261 
0.4169 -0.473667 0.472944 
-0.597268 -0.255126 0.407261 
0.416804 -0.473605 0.472747 
-0.597268 -0.255126 0.407261 
0.416862 -0.473569 0.472951 
-0.597268 -0.255126 0.407261 
0.416849 -0.473635 0.472945 
-0.597268 -0.255126 0.407261 
0.41692 -0.473624 0.473145 
-0.597268 -0.255126 0.407261 
0.416877 -0.473612 0.473067 
-0.597268 -0.255126 0.407261 
0.416891 -0.473613 0.473073 
-0.597268 -0.255126 0.407261 
0.416928 -0.473617 0.473127 
-0.597268 -0.255126 0.407261 
0.417004 -0.473573 0.473353 
-0.597268 -0.255126 0.407261 
0.417054 -0.473531 0.473476 
-0.597268 -0.255126 0.407261 
0.416993 -0.473464 0.473361 
-0.597268 -0.255126 0.407261 
0.417074 -0.473383 0.473614 
-0.597268 -0.255126 0.407261 
0.417044 -0.47337 0.473549 
-0.597268 -0.255126 0.407261 
0.416898 -0.473387 0.473195 
-0.597268 -0.255126 0.407261 
0.416886 -0.473382 0.473156 
-0.597268 -0.255126 0.407261 
0.416825 -0.473326 0.473002 
-0.597268 -0.255126 0.407261 
0.416761 -0.473354 0.472796 
-0.597268 -0.255126 0.407261 
0.416787 -0.473322 0.472898 
-0.597268 -0.255126 0.407261 
0.416825 -0.473437 0.472881 
-0.597268 -0.255126 0.407261 
0.41683 -0.473461 0.472854 
-0.597268 -0.255126 0.407261 
0.416853 -0.473522 0.472883 
-0.597268 -0.255126 0.407261 
0.41685 -0.473547 0.472871 
-0.597268 -0.255126 0.407261 
0.416754 -0.473576 0.47267 
-0.597268 -0.255126 0.407261 
0.416561 -0.473645 0.472194 
-0.597268 -0.255126 0.407261 
0.416546 -0.473602 0.47222 
-0.597268 -0.255126 0.407261 
0.416528 -0.473638 0.472199 
-0.597268 -0.255126 0.407261 
0.416451 -0.473634 0.472088 
-0.597268 -0.255126 0.407261 
0.41637 -0.47358 0.471936 
-0.597268 -0.255126 0.407261 
0.416229 -0.473487 0.471723 
-0.597268 -0.255126 0.407261 
0.415916 -0.473399 0.471061 
-0.597268 -0.255126 0.407261 
0.415681 -0.473285 0.470585 
-0.597268 -0.255126 0.407261 
0.415364 -0.473171 0.470005 
-0.597268 -0.255126 0.407261 
0.415093 -0.472954 0.469695 
-0.597268 -0.255126 0.407261 
0.414864 -0.472627 0.469647 
-0.597268 -0.255126 0.407261 
0.414348 -0.472369 0.469206 
-0.597268 -0.255126 0.407261 
0.413701 -0.472078 0.468702 
-0.597268 -0.255126 0.407261 
0.412968 -0.471817 0.468098 
-0.597268 -0.255126 0.407261 
0.412255 -0.471673 0.467611 
-0.597268 -0.255126 0.407261 
0.411517 -0.471555 0.467115 
-0.597268 -0.255126 0.407261 
0.410738 -0.471451 0.466645 
-0.597268 -0.255126 0.407261 
0.409835 -0.471327 0.466173 
-0.597268 -0.255126 0.407261 
0.40886 -0.471352 0.465845 
-0.597268 -0.255126 0.407261 
0.407867 -0.471551 0.465294 
-0.597268 -0.255126 0.407261 
0.407065 -0.47178 0.464935 
-0.597268 -0.255126 0.407261 
0.40638 -0.472212 0.464452 
-0.597268 -0.255126 0.407261 
0.405939 -0.472506 0.464383 
-0.597268 -0.255126 0.407261 
0.405536 -0.472801 0.464179 
-0.597268 -0.255126 0.407261 
0.405361 -0.473054 0.46445 
-0.597268 -0.255126 0.407261 
0.405181 -0.473141 0.464655 
-0.597268 -0.255126 0.407261 
0.405021 -0.473245 0.464706 
-0.597268 -0.255126 0.407261 
0.404851 -0.47351 0.464596 
-0.597268 -0.255126 0.407261 
0.40494 -0.473613 0.464886 
-0.597268 -0.255126 0.407261 
0.405033 -0.473617 0.464858 
-0.597268 -0.255126 0.407261 
0.405145 -0.473487 0.465062 
-0.597268 -0.255126 0.407261 
0.405043 -0.4732 0.464936 
-0.597268 -0.255126 0.407261 
0.404901 -0.47298 0.464721 
-0.597268 -0.255126 0.407261 
0.404873 -0.472685 0.464734 
-0.597268 -0.255126 0.407261 
0.404842 -0.472499 0.464779 
-0.597268 -0.255126 0.407261 
0.404666 -0.472399 0.464486 
-0.597268 -0.255126 0.407261 
0.40454 -0.47248 0.464232 
-0.597268 -0.255126 0.407261 
0.404535 -0.472515 0.464328 
-0.597268 -0.255126 0.407261 
0.404489 -0.472558 0.464343 
-0.597268 -0.255126 0.407261 
0.404396 -0.472692 0.464275 
-0.597268 -0.255126 0.407261 
0.404259 -0.472986 0.463926 
-0.597268 -0.255126 0.407261 
0.404265 -0.473293 0.463841 
-0.597268 -0.255126 0.407261 
0.404193 -0.473546 0.463578 
-0.597268 -0.255126 0.407261 
0.404307 -0.473776 0.463986 
-0.597268 -0.255126 0.407261 
0.404227 -0.474059 0.463807 
-0.597268 -0.255126 0.407261 
0.404283 -0.474231 0.464039 
-0.597268 -0.255126 0.407261 
0.404306 -0.474354 0.464145 
-0.597268 -0.255126 0.407261 
0.404398 -0.474373 0.464464 
-0.597268 -0.255126 0.407261 
0.404492 -0.474366 0.464674 
-0.597268 -0.255126 0.407261 
0.404637 -0.474329 0.464812 
-0.597268 -0.255126 0.407261 
0.404782 -0.474308 0.464922 
-0.597268 -0.255126 0.407261 
0.404926 -0.474203 0.465301 
-0.597268 -0.255126 0.407261 
0.405034 -0.474231 0.46553 
-0.597268 -0.255126 0.407261 
0.405074 -0.474255 0.465496 
-0.597268 -0.255126 0.407261 
0.405174 -0.474185 0.465628 
-0.597268 -0.255126 0.407261 
0.405232 -0.47415 0.465662 
-0.597268 -0.255126 0.407261 
0.405183 -0.474159 0.465396 
-0.597268 -0.255126 0.407261 
0.405143 -0.474092 0.465223 
-0.597268 -0.255126 0.407261 
0.405138 -0.47401 0.465119 
-0.597268 -0.255126 0.407261 
0.405215 -0.473974 0.465274 
-0.597268 -0.255126 0.407261 
0.405274 -0.473876 0.465462 
-0.597268 -0.255126 0.407261 
0.405311 -0.473719 0.465585 
-0.597268 -0.255126 0.407261 
0.405146 -0.473704 0.465031 
-0.597268 -0.255126 0.407261 
0.405233 -0.473636 0.465198 
-0.597268 -0.255126 0.407261 
0.405257 -0.473511 0.465296 
-0.597268 -0.255126 0.407261 
0.405358 -0.473438 0.4656 
-0.597268 -0.255126 0.407261 
0.405487 -0.473319 0.465971 
-0.597268 -0.255126 0.407261 
0.405559 -0.473239 0.466176 
-0.597268 -0.255126 0.407261 
0.4056 -0.473333 0.466229 
-0.597268 -0.255126 0.407261 
0.405581 -0.473268 0.466221 
-0.597268 -0.255126 0.407261 
0.405581 -0.473242 0.466192 
-0.597268 -0.255126 0.407261 
0.405448 -0.473352 0.465734 
-0.597268 -0.255126 0.407261 
0.405467 -0.47337 0.465755 
-0.597268 -0.255126 0.407261 
0.405441 -0.473408 0.465644 
-0.597268 -0.255126 0.407261 
0.405418 -0.473407 0.465547 
-0.597268 -0.255126 0.407261 
0.405321 -0.473427 0.465215 
-0.597268 -0.255126 0.407261 
0.40524 -0.473375 0.465028 
-0.597268 -0.255126 0.407261 
0.405218 -0.473389 0.46494 
-0.597268 -0.255126 0.407261 
0.405252 -0.473263 0.465081 
-0.597268 -0.255126 0.407261 
0.405215 -0.473183 0.464995 
-0.597268 -0.255126 0.407261 
0.405196 -0.473085 0.465025 
-0.597268 -0.255126 0.407261 
0.40515 -0.473079 0.464961 
-0.597268 -0.255126 0.407261 
0.405181 -0.473011 0.465163 
-0.597268 -0.255126 0.407261 
0.405288 -0.472917 0.46558 
-0.597268 -0.255126 0.407261 
0.405185 -0.47296 0.465253 
-0.597268 -0.255126 0.407261 
0.40516 -0.472965 0.465171 
-0.597268 -0.255126 0.407261 
0.405056 -0.473141 0.464686 
-0.597268 -0.255126 0.407261 
0.405078 -0.473261 0.464557 
-0.597268 -0.255126 0.407261 
0.405071 -0.473336 0.464397 
-0.597268 -0.255126 0.407261 
0.404971 -0.473556 0.463842 
-0.597268 -0.255126 0.407261 
0.404971 -0.473556 0.463842 
-0.597268 -0.255126 0.407261 
0.404971 -0.473556 0.463842 
-0.597268 -0.255126 0.407261 
0.404904 -0.473626 0.463446 
-0.597268 -0.255126 0.407261 
0.405012 -0.473657 0.463588 
-0.597268 -0.255126 0.407261 
0.404902 -0.473745 0.463104 
-0.597268 -0.255126 0.407261 
0.404899 -0.473787 0.462957 
-0.597268 -0.255126 0.407261 
0.404908 -0.4738 0.462926 
-0.597268 -0.255126 0.407261 
0.404948 -0.473812 0.463003 
-0.597268 -0.255126 0.407261 
0.404937 -0.473819 0.462977 
-0.597268 -0.255126 0.407261 
0.404857 -0.473807 0.462831 
-0.597268 -0.255126 0.407261 
0.404851 -0.47372 0.462923 
-0.597268 -0.255126 0.407261 
0.404923 -0.473684 0.463195 
-0.597268 -0.255126 0.407261 
0.404914 -0.473783 0.463195 
-0.597268 -0.255126 0.407261 
0.40494 -0.473844 0.463403 
-0.597268 -0.255126 0.407261 
0.404882 -0.474001 0.463189 
-0.597268 -0.255126 0.407261 
0.404901 -0.474103 0.463204 
-0.597268 -0.255126 0.407261 
0.404901 -0.474163 0.463196 
-0.597268 -0.255126 0.407261 
0.404899 -0.474251 0.463162 
-0.597268 -0.255126 0.407261 
0.404947 -0.474326 0.463266 
-0.597268 -0.255126 0.407261 
0.405166 -0.474336 0.463776 
-0.597268 -0.255126 0.407261 
0.405141 -0.474491 0.463504 
-0.597268 -0.255126 0.407261 
0.405365 -0.474616 0.463945 
-0.597268 -0.255126 0.407261 
0.405464 -0.474715 0.464092 
-0.597268 -0.255126 0.407261 
0.40559 -0.474843 0.464226 
-0.597268 -0.255126 0.407261 
0.405703 -0.474928 0.464341 
-0.597268 -0.255126 0.407261 
0.40608 -0.474913 0.4651 
-0.597268 -0.255126 0.407261 
0.406298 -0.474921 0.465272 
-0.597268 -0.255126 0.407261 
0.406751 -0.474942 0.466014 
-0.597268 -0.255126 0.407261 
0.407091 -0.475065 0.46635 
-0.597268 -0.255126 0.407261 
0.407244 -0.475183 0.466345 
-0.597268 -0.255126 0.407261 
0.407501 -0.475268 0.466718 
-0.597268 -0.255126 0.407261 
0.407612 -0.475401 0.466728 
-0.597268 -0.255126 0.407261 
0.407546 -0.475538 0.466353 
-0.597268 -0.255126 0.407261 
0.407539 -0.475682 0.466144 
-0.597268 -0.255126 0.407261 
0.407653 -0.47574 0.466308 
-0.597268 -0.255126 0.407261 
0.40769 -0.475708 0.466279 
-0.597268 -0.255126 0.407261 
0.407674 -0.475789 0.466234 
-0.597268 -0.255126 0.407261 
0.4076 -0.475942 0.466038 
-0.597268 -0.255126 0.407261 
0.407556 -0.47605 0.466056 
-0.597268 -0.255126 0.407261 
0.407542 -0.476031 0.466179 
-0.597268 -0.255126 0.407261 
0.407553 -0.475921 0.466316 
-0.597268 -0.255126 0.407261 
0.407537 -0.476042 0.466019 
-0.597268 -0.255126 0.407261 
0.407585 -0.476001 0.465875 
-0.597268 -0.255126 0.407261 
0.407695 -0.475891 0.465861 
-0.597268 -0.255126 0.407261 
0.4078 -0.475799 0.465871 
-0.597268 -0.255126 0.407261 
0.4078 -0.47589 0.465582 
-0.597268 -0.255126 0.407261 
0.407824 -0.475978 0.465361 
-0.597268 -0.255126 0.407261 
0.407877 -0.476027 0.465245 
-0.597268 -0.255126 0.407261 
0.407939 -0.47606 0.46519 
-0.597268 -0.255126 0.407261 
0.407947 -0.476123 0.464945 
-0.597268 -0.255126 0.407261 
0.408011 -0.47642 0.46471 
-0.597268 -0.255126 0.407261 
0.408086 -0.47637 0.464865 
-0.597268 -0.255126 0.407261 
0.408126 -0.476498 0.464974 
-0.597268 -0.255126 0.407261 
0.408202 -0.476726 0.465181 
-0.597268 -0.255126 0.407261 
0.408201 -0.477054 0.465174 
-0.597268 -0.255126 0.407261 
0.408318 -0.477155 0.465702 
-0.597268 -0.255126 0.407261 
0.408324 -0.477292 0.465974 
-0.597268 -0.255126 0.407261 
0.408252 -0.477384 0.4662 
-0.597268 -0.255126 0.407261 
0.408126 -0.477622 0.466288 
-0.597268 -0.255126 0.407261 
0.408109 -0.477878 0.466568 
-0.597268 -0.255126 0.407261 
0.408222 -0.47815 0.467011 
-0.597268 -0.255126 0.407261 
0.408445 -0.478442 0.467446 
-0.597268 -0.255126 0.407261 
0.408728 -0.478653 0.467938 
-0.597268 -0.255126 0.407261 
0.409022 -0.478811 0.46835 
-0.597268 -0.255126 0.407261 
0.409246 -0.478957 0.468772 
-0.597268 -0.255126 0.407261 
0.409514 -0.479357 0.46922 
-0.597268 -0.255126 0.407261 
0.409615 -0.47988 0.469189 
-0.597268 -0.255126 0.407261 
0.409863 -0.48041 0.469493 
-0.597268 -0.255126 0.407261 
0.409626 -0.481823 0.469552 
-0.597268 -0.255126 0.407261 
0.409382 -0.483149 0.46962 
-0.597268 -0.255126 0.407261 
0.408641 -0.484839 0.470445 
-0.597268 -0.255126 0.407261 
0.40769 -0.486473 0.471009 
-0.597268 -0.255126 0.407261 
0.406667 -0.488215 0.471443 
-0.597268 -0.255126 0.407261 
0.405613 -0.489952 0.471973 
-0.597268 -0.255126 0.407261 
0.404602 -0.49175 0.472476 
-0.597268 -0.255126 0.407261 
0.403604 -0.493395 0.472856 
-0.597268 -0.255126 0.407261 
0.402727 -0.494719 0.473511 
-0.597268 -0.255126 0.407261 
0.401855 -0.496042 0.474163 
-0.597268 -0.255126 0.407261 
0.40124 -0.496923 0.474896 
-0.597268 -0.255126 0.407261 
0.40088 -0.497363 0.475709 
-0.597268 -0.255126 0.407261 
0.400702 -0.497583 0.476114 
-0.597268 -0.255126 0.407261 
0.400702 -0.497583 0.476114 
-0.597268 -0.255126 0.407261 
0.400702 -0.497583 0.476114 
-0.597268 -0.255126 0.407261 
0.400702 -0.497583 0.476114 
-0.597268 -0.255126 0.407261 
0.400702 -0.497583 0.476114 
-0.597268 -0.255126 0.407261 
0.400702 -0.497583 0.476114 
-0.597268 -0.255126 0.407261 
0.400702 -0.497583 0.476114 
-0.597268 -0.255126 0.407261 
0.400702 -0.497583 0.476114 
-0.597268 -0.255126 0.407261 
0.400702 -0.497583 0.476114 
-0.597268 -0.255126 0.407261 
0.400702 -0.497583 0.476114 
-0.597268 -0.255126 0.407261 
0.400702 -0.497583 0.476114 
