-0.636927 -0.252311 0.373983 
0.400795 -0.504304 0.485867 
-0.640782 -0.252006 0.37536 
0.400795 -0.504304 0.485867 
-0.643133 -0.252878 0.376748 
0.400795 -0.504304 0.485867 
-0.644139 -0.253816 0.377348 
0.400795 -0.504304 0.485867 
-0.644085 -0.254572 0.377121 
0.400795 -0.504304 0.485867 
-0.643426 -0.254389 0.376779 
0.400795 -0.504304 0.485867 
-0.641383 -0.253603 0.377549 
0.400795 -0.504304 0.485867 
-0.63821 -0.252363 0.378791 
0.400795 -0.504304 0.485867 
-0.633966 -0.250842 0.380124 
0.400795 -0.504304 0.485867 
-0.63087 -0.249475 0.381046 
0.400795 -0.504304 0.485867 
-0.627902 -0.248366 0.382025 
0.400795 -0.504304 0.485867 
-0.626186 -0.247666 0.382468 
0.400795 -0.504304 0.485867 
-0.62456 -0.246727 0.383122 
0.400795 -0.504304 0.485867 
-0.623418 -0.246032 0.383633 
0.400795 -0.504304 0.485867 
-0.621346 -0.245352 0.384141 
0.400795 -0.504304 0.485867 
-0.618542 -0.244407 0.384992 
0.400795 -0.504304 0.485867 
-0.615864 -0.243259 0.385671 
0.400795 -0.504304 0.485867 
-0.613105 -0.24185 0.386329 
0.400795 -0.504304 0.485867 
-0.610231 -0.240556 0.386764 
0.400795 -0.504304 0.485867 
-0.6095 -0.239821 0.386359 
0.400795 -0.504304 0.485867 
-0.609324 -0.239348 0.385524 
0.400795 -0.504304 0.485867 
-0.610042 -0.238986 0.384979 
0.400795 -0.504304 0.485867 
-0.45805 -0.16486 0.48415 
0.400795 -0.504304 0.485867 
