-0.61972 -0.226853 0.39412 
0.400795 -0.504304 0.485867 
-0.619721 -0.226854 0.39412 
0.400795 -0.504304 0.485867 
-0.619721 -0.226854 0.39412 
0.400795 -0.504304 0.485867 
-0.619193 -0.227341 0.393882 
0.400795 -0.504304 0.485867 
-0.619009 -0.227324 0.393988 
0.400795 -0.504304 0.485867 
-0.61869 -0.227368 0.394133 
0.400795 -0.504304 0.485867 
-0.618398 -0.228642 0.394128 
0.400795 -0.504304 0.485867 
-0.617932 -0.229944 0.394097 
0.400795 -0.504304 0.485867 
-0.617288 -0.230582 0.393889 
0.400795 -0.504304 0.485867 
-0.61612 -0.230978 0.39356 
0.400795 -0.504304 0.485867 
-0.614738 -0.231282 0.393449 
0.400795 -0.504304 0.485867 
-0.61353 -0.23153 0.393389 
0.400795 -0.504304 0.485867 
-0.612548 -0.23172 0.393323 
0.400795 -0.504304 0.485867 
-0.61174 -0.23188 0.393257 
0.400795 -0.504304 0.485867 
-0.611058 -0.232009 0.393217 
0.400795 -0.504304 0.485867 
-0.610481 -0.232129 0.393168 
0.400795 -0.504304 0.485867 
-0.609982 -0.232229 0.393142 
0.400795 -0.504304 0.485867 
-0.609549 -0.232318 0.393102 
0.400795 -0.504304 0.485867 
-0.609165 -0.232387 0.39307 
0.400795 -0.504304 0.485867 
-0.608825 -0.232451 0.393042 
0.400795 -0.504304 0.485867 
-0.608524 -0.23251 0.393023 
0.400795 -0.504304 0.485867 
-0.608251 -0.23256 0.393009 
0.400795 -0.504304 0.485867 
-0.608008 -0.23261 0.392991 
0.400795 -0.504304 0.485867 
-0.607789 -0.232658 0.392962 
0.400795 -0.504304 0.485867 
-0.607588 -0.232698 0.392933 
0.400795 -0.504304 0.485867 
-0.607405 -0.232737 0.392916 
0.400795 -0.504304 0.485867 
-0.607245 -0.232802 0.392955 
0.400795 -0.504304 0.485867 
-0.607087 -0.232829 0.392936 
0.400795 -0.504304 0.485867 
-0.606452 -0.233075 0.392885 
0.400795 -0.504304 0.485867 
-0.605846 -0.233301 0.392844 
0.400795 -0.504304 0.485867 
-0.605241 -0.233571 0.392782 
0.400795 -0.504304 0.485867 
-0.604689 -0.233706 0.392702 
0.400795 -0.504304 0.485867 
-0.604153 -0.23362 0.392629 
0.400795 -0.504304 0.485867 
-0.603696 -0.233578 0.392594 
0.400795 -0.504304 0.485867 
-0.603382 -0.233574 0.392631 
0.400795 -0.504304 0.485867 
-0.603259 -0.233572 0.392651 
0.400795 -0.504304 0.485867 
-0.603259 -0.233571 0.39264 
0.400795 -0.504304 0.485867 
-0.603258 -0.233568 0.392632 
0.400795 -0.504304 0.485867 
-0.603256 -0.233564 0.392629 
0.400795 -0.504304 0.485867 
-0.603258 -0.233565 0.392617 
0.400795 -0.504304 0.485867 
-0.603255 -0.233561 0.392621 
0.400795 -0.504304 0.485867 
-0.603256 -0.233559 0.392603 
0.400795 -0.504304 0.485867 
-0.603257 -0.233561 0.392602 
0.400795 -0.504304 0.485867 
-0.603256 -0.233562 0.39261 
0.400795 -0.504304 0.485867 
-0.603256 -0.23356 0.392609 
0.400795 -0.504304 0.485867 
-0.603256 -0.23356 0.392614 
0.400795 -0.504304 0.485867 
-0.60326 -0.233566 0.3926 
0.400795 -0.504304 0.485867 
-0.60326 -0.233566 0.392596 
0.400795 -0.504304 0.485867 
-0.603259 -0.233564 0.392599 
0.400795 -0.504304 0.485867 
-0.603258 -0.233563 0.392612 
0.400795 -0.504304 0.485867 
-0.603258 -0.233564 0.39263 
0.400795 -0.504304 0.485867 
-0.603259 -0.233568 0.392627 
0.400795 -0.504304 0.485867 
-0.60325 -0.233537 0.39257 
0.400795 -0.504304 0.485867 
-0.603262 -0.233574 0.392627 
0.400795 -0.504304 0.485867 
-0.603267 -0.233584 0.392614 
0.400795 -0.504304 0.485867 
-0.603293 -0.233661 0.392713 
0.400795 -0.504304 0.485867 
-0.603305 -0.233698 0.392771 
0.400795 -0.504304 0.485867 
-0.603316 -0.233731 0.392817 
0.400795 -0.504304 0.485867 
-0.603338 -0.233801 0.39293 
0.400795 -0.504304 0.485867 
-0.603349 -0.233835 0.392985 
0.400795 -0.504304 0.485867 
-0.603352 -0.233838 0.39297 
0.400795 -0.504304 0.485867 
-0.603364 -0.233874 0.393022 
0.400795 -0.504304 0.485867 
-0.603365 -0.233878 0.393029 
0.400795 -0.504304 0.485867 
-0.603369 -0.233885 0.393023 
0.400795 -0.504304 0.485867 
-0.603369 -0.233888 0.393037 
0.400795 -0.504304 0.485867 
-0.603371 -0.23389 0.393033 
0.400795 -0.504304 0.485867 
-0.603372 -0.233893 0.393028 
0.400795 -0.504304 0.485867 
-0.603371 -0.23389 0.393038 
0.400795 -0.504304 0.485867 
-0.603371 -0.23389 0.393045 
0.400795 -0.504304 0.485867 
-0.603373 -0.233892 0.393042 
0.400795 -0.504304 0.485867 
-0.603374 -0.233896 0.39304 
0.400795 -0.504304 0.485867 
-0.603373 -0.233893 0.393049 
0.400795 -0.504304 0.485867 
-0.603372 -0.233893 0.393053 
0.400795 -0.504304 0.485867 
-0.60337 -0.233888 0.393052 
0.400795 -0.504304 0.485867 
-0.60337 -0.233887 0.393062 
0.400795 -0.504304 0.485867 
-0.60337 -0.233888 0.393065 
0.400795 -0.504304 0.485867 
-0.60337 -0.233887 0.39306 
0.400795 -0.504304 0.485867 
-0.60337 -0.233886 0.393064 
0.400795 -0.504304 0.485867 
-0.603356 -0.233848 0.393022 
0.400795 -0.504304 0.485867 
-0.603366 -0.233879 0.393083 
0.400795 -0.504304 0.485867 
-0.603352 -0.23384 0.393031 
0.400795 -0.504304 0.485867 
-0.603329 -0.233768 0.392929 
0.400795 -0.504304 0.485867 
-0.603327 -0.233767 0.392947 
0.400795 -0.504304 0.485867 
-0.603302 -0.233692 0.392852 
0.400795 -0.504304 0.485867 
-0.603277 -0.23362 0.392752 
0.400795 -0.504304 0.485867 
-0.603274 -0.233613 0.392761 
0.400795 -0.504304 0.485867 
-0.603273 -0.233612 0.392767 
0.400795 -0.504304 0.485867 
-0.603259 -0.233571 0.392721 
0.400795 -0.504304 0.485867 
-0.603256 -0.233564 0.39273 
0.400795 -0.504304 0.485867 
-0.603255 -0.23356 0.392729 
0.400795 -0.504304 0.485867 
-0.603265 -0.233594 0.392797 
0.400795 -0.504304 0.485867 
-0.603262 -0.23359 0.392813 
0.400795 -0.504304 0.485867 
-0.60326 -0.233586 0.392816 
0.400795 -0.504304 0.485867 
-0.603258 -0.23358 0.392821 
0.400795 -0.504304 0.485867 
-0.603256 -0.233576 0.392823 
0.400795 -0.504304 0.485867 
-0.603254 -0.233571 0.39283 
0.400795 -0.504304 0.485867 
-0.603254 -0.233573 0.392839 
0.400795 -0.504304 0.485867 
-0.603252 -0.233567 0.392839 
0.400795 -0.504304 0.485867 
-0.603253 -0.233569 0.392842 
0.400795 -0.504304 0.485867 
-0.603252 -0.233566 0.392832 
0.400795 -0.504304 0.485867 
-0.603253 -0.233567 0.392821 
0.400795 -0.504304 0.485867 
-0.603273 -0.233633 0.392929 
0.400795 -0.504304 0.485867 
-0.603272 -0.23363 0.392927 
0.400795 -0.504304 0.485867 
-0.603293 -0.233698 0.393043 
0.400795 -0.504304 0.485867 
-0.60328 -0.23366 0.392989 
0.400795 -0.504304 0.485867 
-0.603279 -0.233658 0.392977 
0.400795 -0.504304 0.485867 
-0.60329 -0.233693 0.393034 
0.400795 -0.504304 0.485867 
-0.603288 -0.233691 0.393041 
0.400795 -0.504304 0.485867 
-0.603287 -0.233688 0.393036 
0.400795 -0.504304 0.485867 
-0.603299 -0.233725 0.393086 
0.400795 -0.504304 0.485867 
-0.603299 -0.233723 0.393083 
0.400795 -0.504304 0.485867 
-0.603299 -0.233725 0.39309 
0.400795 -0.504304 0.485867 
-0.603309 -0.233759 0.393143 
0.400795 -0.504304 0.485867 
-0.60331 -0.23376 0.393137 
0.400795 -0.504304 0.485867 
-0.603308 -0.233757 0.393134 
0.400795 -0.504304 0.485867 
-0.603308 -0.233756 0.393119 
0.400795 -0.504304 0.485867 
-0.603295 -0.233718 0.393064 
0.400795 -0.504304 0.485867 
-0.603305 -0.23375 0.393116 
0.400795 -0.504304 0.485867 
-0.602617 -0.232542 0.391931 
0.400795 -0.504304 0.485867 
-0.601955 -0.231316 0.39078 
0.400795 -0.504304 0.485867 
-0.60132 -0.229995 0.389552 
0.400795 -0.504304 0.485867 
-0.600748 -0.228592 0.388242 
0.400795 -0.504304 0.485867 
-0.600204 -0.227113 0.386932 
0.400795 -0.504304 0.485867 
-0.599701 -0.225537 0.385524 
0.400795 -0.504304 0.485867 
-0.599243 -0.223901 0.384052 
0.400795 -0.504304 0.485867 
-0.598868 -0.222149 0.382492 
0.400795 -0.504304 0.485867 
-0.598582 -0.22032 0.380888 
0.400795 -0.504304 0.485867 
-0.598346 -0.218349 0.379168 
0.400795 -0.504304 0.485867 
-0.598152 -0.216344 0.377454 
0.400795 -0.504304 0.485867 
-0.598008 -0.214215 0.375633 
0.400795 -0.504304 0.485867 
-0.597974 -0.212047 0.373868 
0.400795 -0.504304 0.485867 
-0.598036 -0.20971 0.371897 
0.400795 -0.504304 0.485867 
-0.598163 -0.207366 0.369921 
0.400795 -0.504304 0.485867 
-0.598348 -0.205033 0.367986 
0.400795 -0.504304 0.485867 
-0.598639 -0.202587 0.36593 
0.400795 -0.504304 0.485867 
-0.598991 -0.200192 0.363988 
0.400795 -0.504304 0.485867 
-0.5994 -0.197795 0.361981 
0.400795 -0.504304 0.485867 
-0.599829 -0.195407 0.359943 
0.400795 -0.504304 0.485867 
-0.600288 -0.193109 0.358003 
0.400795 -0.504304 0.485867 
-0.600774 -0.19083 0.356026 
0.400795 -0.504304 0.485867 
-0.601288 -0.188555 0.354099 
0.400795 -0.504304 0.485867 
-0.60184 -0.186287 0.352115 
0.400795 -0.504304 0.485867 
-0.60239 -0.184069 0.350157 
0.400795 -0.504304 0.485867 
-0.603237 -0.182427 0.348741 
0.400795 -0.504304 0.485867 
-0.604328 -0.181404 0.347911 
0.400795 -0.504304 0.485867 
-0.605349 -0.180458 0.34727 
0.400795 -0.504304 0.485867 
-0.606272 -0.179691 0.346717 
0.400795 -0.504304 0.485867 
-0.649469 -0.218466 0.454602 
0.400795 -0.504304 0.485867 
-0.64947 -0.218466 0.454602 
0.400795 -0.504304 0.485867 
-0.64947 -0.218466 0.454602 
0.400795 -0.504304 0.485867 
-0.64891 -0.21897 0.454673 
0.400795 -0.504304 0.485867 
-0.648805 -0.218953 0.454858 
0.400795 -0.504304 0.485867 
-0.648606 -0.218999 0.455145 
0.400795 -0.504304 0.485867 
-0.648392 -0.220278 0.455311 
0.400795 -0.504304 0.485867 
-0.648017 -0.221589 0.455542 
0.400795 -0.504304 0.485867 
-0.647377 -0.222245 0.455701 
0.400795 -0.504304 0.485867 
-0.646218 -0.222673 0.456018 
0.400795 -0.504304 0.485867 
-0.64498 -0.223007 0.45663 
0.400795 -0.504304 0.485867 
-0.643917 -0.22328 0.457196 
0.400795 -0.504304 0.485867 
-0.643045 -0.22349 0.45764 
0.400795 -0.504304 0.485867 
-0.64232 -0.223668 0.457996 
0.400795 -0.504304 0.485867 
-0.641717 -0.223811 0.458311 
0.400795 -0.504304 0.485867 
-0.641199 -0.223943 0.458564 
0.400795 -0.504304 0.485867 
-0.640759 -0.224053 0.458796 
0.400795 -0.504304 0.485867 
-0.640369 -0.224152 0.458983 
0.400795 -0.504304 0.485867 
-0.640024 -0.224229 0.459152 
0.400795 -0.504304 0.485867 
-0.639719 -0.2243 0.459301 
0.400795 -0.504304 0.485867 
-0.639452 -0.224366 0.459439 
0.400795 -0.504304 0.485867 
-0.639211 -0.224421 0.459566 
0.400795 -0.504304 0.485867 
-0.638994 -0.224476 0.459675 
0.400795 -0.504304 0.485867 
-0.638793 -0.224529 0.459763 
0.400795 -0.504304 0.485867 
-0.638607 -0.224574 0.45984 
0.400795 -0.504304 0.485867 
-0.638441 -0.224617 0.459918 
0.400795 -0.504304 0.485867 
-0.638326 -0.224684 0.460035 
0.400795 -0.504304 0.485867 
-0.638181 -0.224714 0.460099 
0.400795 -0.504304 0.485867 
-0.637616 -0.224974 0.460381 
0.400795 -0.504304 0.485867 
-0.63708 -0.225213 0.460658 
0.400795 -0.504304 0.485867 
-0.636536 -0.225495 0.460917 
0.400795 -0.504304 0.485867 
-0.636025 -0.225644 0.46113 
0.400795 -0.504304 0.485867 
-0.635524 -0.22557 0.461338 
0.400795 -0.504304 0.485867 
-0.63511 -0.225538 0.461539 
0.400795 -0.504304 0.485867 
-0.634858 -0.225538 0.46173 
0.400795 -0.504304 0.485867 
-0.634763 -0.225538 0.46181 
0.400795 -0.504304 0.485867 
-0.634757 -0.225537 0.461801 
0.400795 -0.504304 0.485867 
-0.634753 -0.225535 0.461794 
0.400795 -0.504304 0.485867 
-0.634749 -0.225531 0.461792 
0.400795 -0.504304 0.485867 
-0.634744 -0.225533 0.461781 
0.400795 -0.504304 0.485867 
-0.634744 -0.225528 0.461786 
0.400795 -0.504304 0.485867 
-0.634735 -0.225527 0.46177 
0.400795 -0.504304 0.485867 
-0.634736 -0.225529 0.461769 
0.400795 -0.504304 0.485867 
-0.63474 -0.225529 0.461776 
0.400795 -0.504304 0.485867 
-0.634739 -0.225528 0.461775 
0.400795 -0.504304 0.485867 
-0.634741 -0.225528 0.461779 
0.400795 -0.504304 0.485867 
-0.634738 -0.225534 0.461766 
0.400795 -0.504304 0.485867 
-0.634736 -0.225534 0.461762 
0.400795 -0.504304 0.485867 
-0.634736 -0.225532 0.461765 
0.400795 -0.504304 0.485867 
-0.634742 -0.225531 0.461777 
0.400795 -0.504304 0.485867 
-0.634751 -0.225531 0.461792 
0.400795 -0.504304 0.485867 
-0.634751 -0.225535 0.461789 
0.400795 -0.504304 0.485867 
-0.634714 -0.225506 0.461744 
0.400795 -0.504304 0.485867 
-0.634754 -0.225541 0.461788 
0.400795 -0.504304 0.485867 
-0.634752 -0.225552 0.461774 
0.400795 -0.504304 0.485867 
-0.634826 -0.225625 0.461848 
0.400795 -0.504304 0.485867 
-0.634867 -0.225659 0.461892 
0.400795 -0.504304 0.485867 
-0.634901 -0.225692 0.461926 
0.400795 -0.504304 0.485867 
-0.63498 -0.225757 0.462014 
0.400795 -0.504304 0.485867 
-0.635018 -0.225789 0.462056 
0.400795 -0.504304 0.485867 
-0.635014 -0.225792 0.462042 
0.400795 -0.504304 0.485867 
-0.635052 -0.225827 0.462081 
0.400795 -0.504304 0.485867 
-0.635056 -0.22583 0.462086 
0.400795 -0.504304 0.485867 
-0.635057 -0.225838 0.46208 
0.400795 -0.504304 0.485867 
-0.635064 -0.22584 0.462092 
0.400795 -0.504304 0.485867 
-0.635064 -0.225842 0.462088 
0.400795 -0.504304 0.485867 
-0.635062 -0.225845 0.462082 
0.400795 -0.504304 0.485867 
-0.635066 -0.225842 0.462092 
0.400795 -0.504304 0.485867 
-0.63507 -0.225842 0.462098 
0.400795 -0.504304 0.485867 
-0.63507 -0.225844 0.462095 
0.400795 -0.504304 0.485867 
-0.63507 -0.225848 0.462092 
0.400795 -0.504304 0.485867 
-0.635073 -0.225845 0.462101 
0.400795 -0.504304 0.485867 
-0.635075 -0.225844 0.462104 
0.400795 -0.504304 0.485867 
-0.635072 -0.225839 0.462104 
0.400795 -0.504304 0.485867 
-0.635077 -0.225838 0.462113 
0.400795 -0.504304 0.485867 
-0.635079 -0.225839 0.462115 
0.400795 -0.504304 0.485867 
-0.635076 -0.225838 0.462111 
0.400795 -0.504304 0.485867 
-0.635078 -0.225837 0.462115 
0.400795 -0.504304 0.485867 
-0.635044 -0.225801 0.462085 
0.400795 -0.504304 0.485867 
-0.635084 -0.22583 0.462133 
0.400795 -0.504304 0.485867 
-0.635045 -0.225793 0.462095 
0.400795 -0.504304 0.485867 
-0.63497 -0.225725 0.462017 
0.400795 -0.504304 0.485867 
-0.634978 -0.225723 0.462034 
0.400795 -0.504304 0.485867 
-0.634905 -0.225652 0.461964 
0.400795 -0.504304 0.485867 
-0.634832 -0.225583 0.461888 
0.400795 -0.504304 0.485867 
-0.634833 -0.225576 0.461898 
0.400795 -0.504304 0.485867 
-0.634835 -0.225574 0.461904 
0.400795 -0.504304 0.485867 
-0.634799 -0.225535 0.46187 
0.400795 -0.504304 0.485867 
-0.6348 -0.225528 0.461879 
0.400795 -0.504304 0.485867 
-0.634799 -0.225524 0.461879 
0.400795 -0.504304 0.485867 
-0.634843 -0.225556 0.461933 
0.400795 -0.504304 0.485867 
-0.634848 -0.225551 0.461948 
0.400795 -0.504304 0.485867 
-0.634848 -0.225547 0.461952 
0.400795 -0.504304 0.485867 
-0.634848 -0.225541 0.461957 
0.400795 -0.504304 0.485867 
-0.634848 -0.225537 0.46196 
0.400795 -0.504304 0.485867 
-0.634849 -0.225532 0.461967 
0.400795 -0.504304 0.485867 
-0.634854 -0.225533 0.461975 
0.400795 -0.504304 0.485867 
-0.634852 -0.225528 0.461976 
0.400795 -0.504304 0.485867 
-0.634854 -0.22553 0.461978 
0.400795 -0.504304 0.485867 
-0.634848 -0.225527 0.46197 
0.400795 -0.504304 0.485867 
-0.634844 -0.225529 0.461959 
0.400795 -0.504304 0.485867 
-0.634918 -0.22559 0.462043 
0.400795 -0.504304 0.485867 
-0.634916 -0.225588 0.462042 
0.400795 -0.504304 0.485867 
-0.634995 -0.225652 0.462133 
0.400795 -0.504304 0.485867 
-0.634955 -0.225615 0.462092 
0.400795 -0.504304 0.485867 
-0.634948 -0.225614 0.462082 
0.400795 -0.504304 0.485867 
-0.634988 -0.225647 0.462127 
0.400795 -0.504304 0.485867 
-0.63499 -0.225644 0.462134 
0.400795 -0.504304 0.485867 
-0.634986 -0.225642 0.462129 
0.400795 -0.504304 0.485867 
-0.635023 -0.225677 0.462167 
0.400795 -0.504304 0.485867 
-0.635021 -0.225675 0.462165 
0.400795 -0.504304 0.485867 
-0.635025 -0.225677 0.462171 
0.400795 -0.504304 0.485867 
-0.635062 -0.225709 0.462212 
0.400795 -0.504304 0.485867 
-0.635059 -0.225711 0.462206 
0.400795 -0.504304 0.485867 
-0.635056 -0.225708 0.462205 
0.400795 -0.504304 0.485867 
-0.635049 -0.225707 0.462191 
0.400795 -0.504304 0.485867 
-0.635008 -0.225671 0.46215 
0.400795 -0.504304 0.485867 
-0.635044 -0.225701 0.46219 
0.400795 -0.504304 0.485867 
-0.633812 -0.224543 0.461499 
0.400795 -0.504304 0.485867 
-0.632619 -0.223366 0.460823 
0.400795 -0.504304 0.485867 
-0.631407 -0.222096 0.460066 
0.400795 -0.504304 0.485867 
-0.630205 -0.220745 0.459204 
0.400795 -0.504304 0.485867 
-0.629025 -0.219318 0.458327 
0.400795 -0.504304 0.485867 
-0.627827 -0.217796 0.457343 
0.400795 -0.504304 0.485867 
-0.626633 -0.216215 0.456281 
0.400795 -0.504304 0.485867 
-0.625463 -0.21452 0.455098 
0.400795 -0.504304 0.485867 
-0.624344 -0.212746 0.453831 
0.400795 -0.504304 0.485867 
-0.623205 -0.210834 0.452436 
0.400795 -0.504304 0.485867 
-0.622105 -0.208887 0.451025 
0.400795 -0.504304 0.485867 
-0.620989 -0.206818 0.449494 
0.400795 -0.504304 0.485867 
-0.619995 -0.204707 0.447953 
0.400795 -0.504304 0.485867 
-0.618974 -0.202431 0.446185 
0.400795 -0.504304 0.485867 
-0.618006 -0.200146 0.444379 
0.400795 -0.504304 0.485867 
-0.617109 -0.197871 0.44258 
0.400795 -0.504304 0.485867 
-0.616239 -0.195485 0.440619 
0.400795 -0.504304 0.485867 
-0.61548 -0.193144 0.438728 
0.400795 -0.504304 0.485867 
-0.614738 -0.190803 0.436752 
0.400795 -0.504304 0.485867 
-0.613998 -0.188471 0.434738 
0.400795 -0.504304 0.485867 
-0.613335 -0.186225 0.432795 
0.400795 -0.504304 0.485867 
-0.612678 -0.184 0.430807 
0.400795 -0.504304 0.485867 
-0.61207 -0.181776 0.428848 
0.400795 -0.504304 0.485867 
-0.611466 -0.17956 0.426821 
0.400795 -0.504304 0.485867 
-0.610876 -0.177393 0.424818 
0.400795 -0.504304 0.485867 
-0.610835 -0.175779 0.42314 
0.400795 -0.504304 0.485867 
-0.611321 -0.174762 0.421854 
0.400795 -0.504304 0.485867 
-0.611844 -0.173816 0.420767 
0.400795 -0.504304 0.485867 
-0.612334 -0.173049 0.419809 
0.400795 -0.504304 0.485867 
-0.612729 -0.172431 0.418894 
0.400795 -0.504304 0.485867 
-0.613146 -0.172058 0.418249 
0.400795 -0.504304 0.485867 
-0.613519 -0.171817 0.417761 
0.400795 -0.504304 0.485867 
-0.613827 -0.171705 0.417316 
0.400795 -0.504304 0.485867 
-0.614057 -0.171871 0.417155 
0.400795 -0.504304 0.485867 
-0.614227 -0.172279 0.417195 
0.400795 -0.504304 0.485867 
-0.614361 -0.172773 0.417246 
0.400795 -0.504304 0.485867 
-0.614486 -0.173465 0.417441 
0.400795 -0.504304 0.485867 
-0.614622 -0.174334 0.417807 
0.400795 -0.504304 0.485867 
-0.614652 -0.175513 0.418393 
0.400795 -0.504304 0.485867 
-0.61464 -0.176803 0.419072 
0.400795 -0.504304 0.485867 
-0.614648 -0.178315 0.419957 
0.400795 -0.504304 0.485867 
-0.614541 -0.179889 0.420692 
0.400795 -0.504304 0.485867 
-0.614406 -0.181757 0.42163 
0.400795 -0.504304 0.485867 
-0.614218 -0.183748 0.422569 
0.400795 -0.504304 0.485867 
-0.61404 -0.185906 0.423533 
0.400795 -0.504304 0.485867 
-0.613827 -0.188117 0.424451 
0.400795 -0.504304 0.485867 
-0.613649 -0.19043 0.425377 
0.400795 -0.504304 0.485867 
-0.613413 -0.192853 0.426206 
0.400795 -0.504304 0.485867 
-0.613124 -0.195373 0.426897 
0.400795 -0.504304 0.485867 
-0.612882 -0.197929 0.427612 
0.400795 -0.504304 0.485867 
-0.612649 -0.200502 0.428278 
0.400795 -0.504304 0.485867 
-0.612407 -0.203151 0.428958 
0.400795 -0.504304 0.485867 
-0.612139 -0.205789 0.429469 
0.400795 -0.504304 0.485867 
-0.611923 -0.208427 0.430009 
0.400795 -0.504304 0.485867 
-0.611807 -0.211043 0.430622 
0.400795 -0.504304 0.485867 
-0.611607 -0.213436 0.430974 
0.400795 -0.504304 0.485867 
-0.611466 -0.215895 0.431271 
0.400795 -0.504304 0.485867 
-0.611341 -0.218274 0.431527 
0.400795 -0.504304 0.485867 
-0.611259 -0.220559 0.431762 
0.400795 -0.504304 0.485867 
-0.61115 -0.222606 0.431804 
0.400795 -0.504304 0.485867 
-0.61112 -0.224697 0.431946 
0.400795 -0.504304 0.485867 
-0.611076 -0.226603 0.431982 
0.400795 -0.504304 0.485867 
-0.611037 -0.228543 0.432026 
0.400795 -0.504304 0.485867 
-0.61221 -0.230458 0.431222 
0.400795 -0.504304 0.485867 
-0.612143 -0.231962 0.431069 
0.400795 -0.504304 0.485867 
-0.612056 -0.233381 0.430816 
0.400795 -0.504304 0.485867 
-0.612028 -0.234734 0.430642 
0.400795 -0.504304 0.485867 
-0.61195 -0.235923 0.430355 
0.400795 -0.504304 0.485867 
-0.611795 -0.236903 0.42999 
0.400795 -0.504304 0.485867 
-0.611693 -0.237822 0.429639 
0.400795 -0.504304 0.485867 
-0.61168 -0.23881 0.429408 
0.400795 -0.504304 0.485867 
-0.61161 -0.239685 0.429105 
0.400795 -0.504304 0.485867 
-0.611547 -0.240503 0.428761 
0.400795 -0.504304 0.485867 
-0.611618 -0.241361 0.428631 
0.400795 -0.504304 0.485867 
-0.611711 -0.242228 0.428496 
0.400795 -0.504304 0.485867 
-0.611892 -0.24313 0.428437 
0.400795 -0.504304 0.485867 
-0.611987 -0.24393 0.42822 
0.400795 -0.504304 0.485867 
-0.612114 -0.244787 0.427977 
0.400795 -0.504304 0.485867 
-0.612272 -0.245765 0.427746 
0.400795 -0.504304 0.485867 
-0.612369 -0.246698 0.427299 
0.400795 -0.504304 0.485867 
-0.612508 -0.247703 0.426892 
0.400795 -0.504304 0.485867 
-0.612649 -0.248684 0.4265 
0.400795 -0.504304 0.485867 
-0.612718 -0.249554 0.426078 
0.400795 -0.504304 0.485867 
-0.6128 -0.250394 0.425626 
0.400795 -0.504304 0.485867 
-0.61288 -0.251254 0.425184 
0.400795 -0.504304 0.485867 
-0.612908 -0.252065 0.424703 
0.400795 -0.504304 0.485867 
-0.612919 -0.252832 0.424207 
0.400795 -0.504304 0.485867 
-0.612961 -0.253622 0.423802 
0.400795 -0.504304 0.485867 
-0.611566 -0.254099 0.424633 
0.400795 -0.504304 0.485867 
-0.61167 -0.254963 0.424422 
0.400795 -0.504304 0.485867 
-0.611744 -0.255854 0.424252 
0.400795 -0.504304 0.485867 
-0.611769 -0.256672 0.424021 
0.400795 -0.504304 0.485867 
-0.611754 -0.25748 0.423822 
0.400795 -0.504304 0.485867 
-0.61178 -0.258378 0.42375 
0.400795 -0.504304 0.485867 
-0.611753 -0.259118 0.423585 
0.400795 -0.504304 0.485867 
-0.611652 -0.259691 0.423385 
0.400795 -0.504304 0.485867 
-0.611578 -0.260214 0.423281 
0.400795 -0.504304 0.485867 
-0.611466 -0.260698 0.423226 
0.400795 -0.504304 0.485867 
-0.611325 -0.261112 0.423213 
0.400795 -0.504304 0.485867 
-0.611134 -0.261445 0.423162 
0.400795 -0.504304 0.485867 
-0.610963 -0.261742 0.423186 
0.400795 -0.504304 0.485867 
-0.610735 -0.261951 0.423124 
0.400795 -0.504304 0.485867 
-0.610519 -0.262118 0.423198 
0.400795 -0.504304 0.485867 
-0.610277 -0.262201 0.423251 
0.400795 -0.504304 0.485867 
-0.610038 -0.262211 0.423415 
0.400795 -0.504304 0.485867 
-0.609755 -0.262175 0.423646 
0.400795 -0.504304 0.485867 
-0.60949 -0.262116 0.423945 
0.400795 -0.504304 0.485867 
-0.609252 -0.262111 0.424322 
0.400795 -0.504304 0.485867 
-0.608932 -0.262102 0.424686 
0.400795 -0.504304 0.485867 
-0.60857 -0.262039 0.424942 
0.400795 -0.504304 0.485867 
-0.608212 -0.261983 0.425271 
0.400795 -0.504304 0.485867 
-0.607861 -0.261889 0.425597 
0.400795 -0.504304 0.485867 
-0.607382 -0.261797 0.425883 
0.400795 -0.504304 0.485867 
-0.606852 -0.261568 0.426044 
0.400795 -0.504304 0.485867 
-0.606351 -0.261606 0.426176 
0.400795 -0.504304 0.485867 
-0.605915 -0.261872 0.426194 
0.400795 -0.504304 0.485867 
-0.605531 -0.262176 0.426231 
0.400795 -0.504304 0.485867 
-0.605164 -0.262484 0.426292 
0.400795 -0.504304 0.485867 
-0.604891 -0.262818 0.426367 
0.400795 -0.504304 0.485867 
-0.604663 -0.263172 0.426474 
0.400795 -0.504304 0.485867 
-0.604479 -0.263629 0.426667 
0.400795 -0.504304 0.485867 
-0.604237 -0.264044 0.426747 
0.400795 -0.504304 0.485867 
-0.604024 -0.264467 0.426803 
0.400795 -0.504304 0.485867 
-0.603885 -0.2649 0.426904 
0.400795 -0.504304 0.485867 
-0.603611 -0.265208 0.426783 
0.400795 -0.504304 0.485867 
-0.603433 -0.265609 0.426807 
0.400795 -0.504304 0.485867 
-0.603245 -0.266035 0.426886 
0.400795 -0.504304 0.485867 
-0.603068 -0.266453 0.426951 
0.400795 -0.504304 0.485867 
-0.602889 -0.266857 0.427 
0.400795 -0.504304 0.485867 
-0.602737 -0.267303 0.427131 
0.400795 -0.504304 0.485867 
-0.602527 -0.267667 0.427107 
0.400795 -0.504304 0.485867 
-0.602373 -0.268056 0.42713 
0.400795 -0.504304 0.485867 
-0.602221 -0.268441 0.427088 
0.400795 -0.504304 0.485867 
-0.602085 -0.268751 0.426959 
0.400795 -0.504304 0.485867 
-0.601984 -0.269089 0.42688 
0.400795 -0.504304 0.485867 
-0.601949 -0.269474 0.426882 
0.400795 -0.504304 0.485867 
-0.601853 -0.269797 0.426788 
0.400795 -0.504304 0.485867 
-0.601804 -0.270123 0.426661 
0.400795 -0.504304 0.485867 
-0.601889 -0.27049 0.426823 
0.400795 -0.504304 0.485867 
-0.60192 -0.270812 0.427039 
0.400795 -0.504304 0.485867 
-0.601921 -0.270812 0.427042 
0.400795 -0.504304 0.485867 
-0.60192 -0.270811 0.427043 
0.400795 -0.504304 0.485867 
-0.60196 -0.27085 0.427095 
0.400795 -0.504304 0.485867 
-0.601962 -0.270852 0.427095 
0.400795 -0.504304 0.485867 
-0.601871 -0.270767 0.42696 
0.400795 -0.504304 0.485867 
-0.601861 -0.270761 0.426938 
0.400795 -0.504304 0.485867 
-0.601868 -0.270765 0.426958 
0.400795 -0.504304 0.485867 
-0.601871 -0.270767 0.426964 
0.400795 -0.504304 0.485867 
-0.601873 -0.270769 0.426972 
0.400795 -0.504304 0.485867 
-0.601872 -0.270769 0.426967 
0.400795 -0.504304 0.485867 
-0.601872 -0.270767 0.426972 
0.400795 -0.504304 0.485867 
-0.601874 -0.270769 0.426973 
0.400795 -0.504304 0.485867 
-0.60192 -0.270812 0.427045 
0.400795 -0.504304 0.485867 
-0.601872 -0.270767 0.426973 
0.400795 -0.504304 0.485867 
-0.60183 -0.270728 0.426909 
0.400795 -0.504304 0.485867 
-0.601828 -0.270726 0.426902 
0.400795 -0.504304 0.485867 
-0.601832 -0.270732 0.426904 
0.400795 -0.504304 0.485867 
-0.601838 -0.270735 0.426918 
0.400795 -0.504304 0.485867 
-0.601794 -0.270693 0.426853 
0.400795 -0.504304 0.485867 
-0.601842 -0.270737 0.426925 
0.400795 -0.504304 0.485867 
-0.601887 -0.270778 0.426991 
0.400795 -0.504304 0.485867 
-0.601842 -0.270735 0.426928 
0.400795 -0.504304 0.485867 
-0.601883 -0.270772 0.426991 
0.400795 -0.504304 0.485867 
-0.601889 -0.270777 0.427002 
0.400795 -0.504304 0.485867 
-0.601844 -0.270735 0.426935 
0.400795 -0.504304 0.485867 
-0.648122 -0.215973 0.453468 
0.400795 -0.504304 0.485867 
-0.648123 -0.215973 0.453468 
0.400795 -0.504304 0.485867 
-0.648123 -0.215973 0.453468 
0.400795 -0.504304 0.485867 
-0.647557 -0.21647 0.453545 
0.400795 -0.504304 0.485867 
-0.64745 -0.216448 0.453727 
0.400795 -0.504304 0.485867 
-0.647246 -0.216485 0.454013 
0.400795 -0.504304 0.485867 
-0.647018 -0.217757 0.454206 
0.400795 -0.504304 0.485867 
-0.646627 -0.219059 0.454462 
0.400795 -0.504304 0.485867 
-0.645978 -0.219705 0.454628 
0.400795 -0.504304 0.485867 
-0.64481 -0.220114 0.45494 
0.400795 -0.504304 0.485867 
-0.643562 -0.220421 0.455544 
0.400795 -0.504304 0.485867 
-0.642489 -0.22067 0.456102 
0.400795 -0.504304 0.485867 
-0.641609 -0.220861 0.45654 
0.400795 -0.504304 0.485867 
-0.640878 -0.221023 0.456891 
0.400795 -0.504304 0.485867 
-0.640269 -0.221153 0.457201 
0.400795 -0.504304 0.485867 
-0.639748 -0.221274 0.45745 
0.400795 -0.504304 0.485867 
-0.639304 -0.221375 0.457679 
0.400795 -0.504304 0.485867 
-0.63891 -0.221465 0.457864 
0.400795 -0.504304 0.485867 
-0.638562 -0.221535 0.45803 
0.400795 -0.504304 0.485867 
-0.638255 -0.221599 0.458177 
0.400795 -0.504304 0.485867 
-0.637985 -0.221659 0.458313 
0.400795 -0.504304 0.485867 
-0.637742 -0.221709 0.458438 
0.400795 -0.504304 0.485867 
-0.637523 -0.221759 0.458545 
0.400795 -0.504304 0.485867 
-0.63732 -0.221808 0.458632 
0.400795 -0.504304 0.485867 
-0.637133 -0.22185 0.458708 
0.400795 -0.504304 0.485867 
-0.636966 -0.221889 0.458785 
0.400795 -0.504304 0.485867 
-0.636848 -0.221952 0.458902 
0.400795 -0.504304 0.485867 
-0.636702 -0.221979 0.458964 
0.400795 -0.504304 0.485867 
-0.636131 -0.222227 0.459246 
0.400795 -0.504304 0.485867 
-0.63559 -0.222454 0.459521 
0.400795 -0.504304 0.485867 
-0.63504 -0.222725 0.459779 
0.400795 -0.504304 0.485867 
-0.634524 -0.222863 0.459989 
0.400795 -0.504304 0.485867 
-0.634021 -0.22278 0.460189 
0.400795 -0.504304 0.485867 
-0.633606 -0.222739 0.460384 
0.400795 -0.504304 0.485867 
-0.633352 -0.222733 0.460572 
0.400795 -0.504304 0.485867 
-0.633255 -0.222729 0.460651 
0.400795 -0.504304 0.485867 
-0.63325 -0.222729 0.460641 
0.400795 -0.504304 0.485867 
-0.633245 -0.222726 0.460634 
0.400795 -0.504304 0.485867 
-0.633242 -0.222723 0.460633 
0.400795 -0.504304 0.485867 
-0.633237 -0.222725 0.460621 
0.400795 -0.504304 0.485867 
-0.633237 -0.22272 0.460626 
0.400795 -0.504304 0.485867 
-0.633228 -0.222719 0.46061 
0.400795 -0.504304 0.485867 
-0.633229 -0.222721 0.460609 
0.400795 -0.504304 0.485867 
-0.633232 -0.222721 0.460616 
0.400795 -0.504304 0.485867 
-0.633232 -0.22272 0.460615 
0.400795 -0.504304 0.485867 
-0.633234 -0.222719 0.460619 
0.400795 -0.504304 0.485867 
-0.63323 -0.222726 0.460606 
0.400795 -0.504304 0.485867 
-0.633229 -0.222726 0.460603 
0.400795 -0.504304 0.485867 
-0.633229 -0.222724 0.460605 
0.400795 -0.504304 0.485867 
-0.633235 -0.222723 0.460617 
0.400795 -0.504304 0.485867 
-0.633243 -0.222723 0.460633 
0.400795 -0.504304 0.485867 
-0.633244 -0.222727 0.46063 
0.400795 -0.504304 0.485867 
-0.633207 -0.222699 0.460584 
0.400795 -0.504304 0.485867 
-0.633246 -0.222733 0.460628 
0.400795 -0.504304 0.485867 
-0.633245 -0.222744 0.460615 
0.400795 -0.504304 0.485867 
-0.633317 -0.222816 0.460691 
0.400795 -0.504304 0.485867 
-0.633357 -0.22285 0.460737 
0.400795 -0.504304 0.485867 
-0.63339 -0.222882 0.460772 
0.400795 -0.504304 0.485867 
-0.633468 -0.222946 0.460862 
0.400795 -0.504304 0.485867 
-0.633505 -0.222978 0.460905 
0.400795 -0.504304 0.485867 
-0.633501 -0.222981 0.460892 
0.400795 -0.504304 0.485867 
-0.633537 -0.223015 0.460932 
0.400795 -0.504304 0.485867 
-0.633542 -0.223018 0.460937 
0.400795 -0.504304 0.485867 
-0.633542 -0.223026 0.460931 
0.400795 -0.504304 0.485867 
-0.63355 -0.223028 0.460943 
0.400795 -0.504304 0.485867 
-0.633549 -0.22303 0.460939 
0.400795 -0.504304 0.485867 
-0.633548 -0.223033 0.460934 
0.400795 -0.504304 0.485867 
-0.633551 -0.22303 0.460943 
0.400795 -0.504304 0.485867 
-0.633555 -0.22303 0.460949 
0.400795 -0.504304 0.485867 
-0.633555 -0.223032 0.460946 
0.400795 -0.504304 0.485867 
-0.633555 -0.223036 0.460943 
0.400795 -0.504304 0.485867 
-0.633559 -0.223033 0.460952 
0.400795 -0.504304 0.485867 
-0.63356 -0.223032 0.460956 
0.400795 -0.504304 0.485867 
-0.633558 -0.223027 0.460955 
0.400795 -0.504304 0.485867 
-0.633562 -0.223026 0.460965 
0.400795 -0.504304 0.485867 
-0.633564 -0.223026 0.460967 
0.400795 -0.504304 0.485867 
-0.633561 -0.223026 0.460963 
0.400795 -0.504304 0.485867 
-0.633563 -0.223025 0.460966 
0.400795 -0.504304 0.485867 
-0.63353 -0.222988 0.460935 
0.400795 -0.504304 0.485867 
-0.633569 -0.223017 0.460984 
0.400795 -0.504304 0.485867 
-0.633531 -0.22298 0.460945 
0.400795 -0.504304 0.485867 
-0.633458 -0.222913 0.460864 
0.400795 -0.504304 0.485867 
-0.633465 -0.222911 0.460881 
0.400795 -0.504304 0.485867 
-0.633395 -0.222841 0.460809 
0.400795 -0.504304 0.485867 
-0.633322 -0.222773 0.460731 
0.400795 -0.504304 0.485867 
-0.633324 -0.222766 0.46074 
0.400795 -0.504304 0.485867 
-0.633326 -0.222764 0.460746 
0.400795 -0.504304 0.485867 
-0.657856 -0.228946 0.461508 
0.400795 -0.504304 0.485867 
-0.657857 -0.228947 0.461508 
0.400795 -0.504304 0.485867 
-0.657857 -0.228947 0.461508 
0.400795 -0.504304 0.485867 
-0.657308 -0.229453 0.461629 
0.400795 -0.504304 0.485867 
-0.65722 -0.229437 0.461822 
0.400795 -0.504304 0.485867 
-0.657047 -0.229485 0.462126 
0.400795 -0.504304 0.485867 
-0.656853 -0.230765 0.462304 
0.400795 -0.504304 0.485867 
-0.656505 -0.232078 0.462562 
0.400795 -0.504304 0.485867 
-0.655884 -0.232738 0.462775 
0.400795 -0.504304 0.485867 
-0.654759 -0.233171 0.463194 
0.400795 -0.504304 0.485867 
-0.653583 -0.233511 0.463915 
0.400795 -0.504304 0.485867 
-0.652577 -0.23379 0.464574 
0.400795 -0.504304 0.485867 
-0.651749 -0.234005 0.465096 
0.400795 -0.504304 0.485867 
-0.651061 -0.234187 0.465515 
0.400795 -0.504304 0.485867 
-0.650489 -0.234333 0.465883 
0.400795 -0.504304 0.485867 
-0.649997 -0.234468 0.466181 
0.400795 -0.504304 0.485867 
-0.649581 -0.234581 0.466452 
0.400795 -0.504304 0.485867 
-0.64921 -0.234682 0.466674 
0.400795 -0.504304 0.485867 
-0.648881 -0.23476 0.466873 
0.400795 -0.504304 0.485867 
-0.648592 -0.234833 0.467049 
0.400795 -0.504304 0.485867 
-0.648338 -0.234901 0.46721 
0.400795 -0.504304 0.485867 
-0.64811 -0.234957 0.467359 
0.400795 -0.504304 0.485867 
-0.647904 -0.235013 0.467487 
0.400795 -0.504304 0.485867 
-0.647712 -0.235067 0.467592 
0.400795 -0.504304 0.485867 
-0.647534 -0.235114 0.467686 
0.400795 -0.504304 0.485867 
-0.647376 -0.235157 0.467779 
0.400795 -0.504304 0.485867 
-0.647272 -0.235225 0.467905 
0.400795 -0.504304 0.485867 
-0.647134 -0.235256 0.467982 
0.400795 -0.504304 0.485867 
-0.646597 -0.235519 0.468313 
0.400795 -0.504304 0.485867 
-0.64609 -0.235761 0.468636 
0.400795 -0.504304 0.485867 
-0.645573 -0.236047 0.468942 
0.400795 -0.504304 0.485867 
-0.645083 -0.236197 0.469201 
0.400795 -0.504304 0.485867 
-0.644603 -0.236127 0.469454 
0.400795 -0.504304 0.485867 
-0.64421 -0.236097 0.469692 
0.400795 -0.504304 0.485867 
-0.643976 -0.236099 0.469906 
0.400795 -0.504304 0.485867 
-0.643888 -0.236099 0.469994 
0.400795 -0.504304 0.485867 
-0.643882 -0.236098 0.469985 
0.400795 -0.504304 0.485867 
-0.643877 -0.236096 0.469979 
0.400795 -0.504304 0.485867 
-0.643873 -0.236092 0.469978 
0.400795 -0.504304 0.485867 
-0.643867 -0.236094 0.469967 
0.400795 -0.504304 0.485867 
-0.643868 -0.236089 0.469972 
0.400795 -0.504304 0.485867 
-0.643858 -0.236088 0.469957 
0.400795 -0.504304 0.485867 
-0.643858 -0.23609 0.469956 
0.400795 -0.504304 0.485867 
-0.643862 -0.23609 0.469963 
0.400795 -0.504304 0.485867 
-0.643861 -0.236088 0.469961 
0.400795 -0.504304 0.485867 
-0.643864 -0.236089 0.469965 
0.400795 -0.504304 0.485867 
-0.643859 -0.236095 0.469952 
0.400795 -0.504304 0.485867 
-0.643857 -0.236095 0.469949 
0.400795 -0.504304 0.485867 
-0.643858 -0.236093 0.469952 
0.400795 -0.504304 0.485867 
-0.643865 -0.236092 0.469963 
0.400795 -0.504304 0.485867 
-0.643875 -0.236092 0.469978 
0.400795 -0.504304 0.485867 
-0.643875 -0.236096 0.469975 
0.400795 -0.504304 0.485867 
-0.65609 -0.227561 0.461151 
0.400795 -0.504304 0.485867 
-0.656091 -0.227562 0.461151 
0.400795 -0.504304 0.485867 
-0.656091 -0.227562 0.461151 
0.400795 -0.504304 0.485867 
-0.655537 -0.228064 0.461266 
0.400795 -0.504304 0.485867 
-0.655444 -0.228044 0.461456 
0.400795 -0.504304 0.485867 
-0.655264 -0.228085 0.461756 
0.400795 -0.504304 0.485867 
-0.65506 -0.229362 0.461954 
0.400795 -0.504304 0.485867 
-0.6547 -0.230669 0.462227 
0.400795 -0.504304 0.485867 
-0.654072 -0.231323 0.462435 
0.400795 -0.504304 0.485867 
-0.652935 -0.231744 0.462833 
0.400795 -0.504304 0.485867 
-0.65174 -0.232068 0.46353 
0.400795 -0.504304 0.485867 
-0.650716 -0.232331 0.464167 
0.400795 -0.504304 0.485867 
-0.649875 -0.232534 0.464671 
0.400795 -0.504304 0.485867 
-0.649175 -0.232706 0.465076 
0.400795 -0.504304 0.485867 
-0.648593 -0.232844 0.465432 
0.400795 -0.504304 0.485867 
-0.648093 -0.232972 0.46572 
0.400795 -0.504304 0.485867 
-0.64767 -0.233078 0.465982 
0.400795 -0.504304 0.485867 
-0.647292 -0.233174 0.466195 
0.400795 -0.504304 0.485867 
-0.646959 -0.233248 0.466388 
0.400795 -0.504304 0.485867 
-0.646664 -0.233316 0.466557 
0.400795 -0.504304 0.485867 
-0.646407 -0.23338 0.466713 
0.400795 -0.504304 0.485867 
-0.646175 -0.233433 0.466856 
0.400795 -0.504304 0.485867 
-0.645965 -0.233486 0.46698 
0.400795 -0.504304 0.485867 
-0.64577 -0.233538 0.467081 
0.400795 -0.504304 0.485867 
-0.645589 -0.233582 0.467171 
0.400795 -0.504304 0.485867 
-0.645429 -0.233623 0.467261 
0.400795 -0.504304 0.485867 
-0.645322 -0.233688 0.467386 
0.400795 -0.504304 0.485867 
-0.645182 -0.233717 0.46746 
0.400795 -0.504304 0.485867 
-0.644636 -0.233972 0.467782 
0.400795 -0.504304 0.485867 
-0.64412 -0.234206 0.468096 
0.400795 -0.504304 0.485867 
-0.643594 -0.234485 0.468394 
0.400795 -0.504304 0.485867 
-0.643097 -0.234629 0.468642 
0.400795 -0.504304 0.485867 
-0.642611 -0.234552 0.468882 
0.400795 -0.504304 0.485867 
-0.642212 -0.234517 0.469109 
0.400795 -0.504304 0.485867 
-0.641973 -0.234514 0.469317 
0.400795 -0.504304 0.485867 
-0.641882 -0.234513 0.469402 
0.400795 -0.504304 0.485867 
-0.641876 -0.234512 0.469393 
0.400795 -0.504304 0.485867 
-0.641871 -0.23451 0.469387 
0.400795 -0.504304 0.485867 
-0.641868 -0.234506 0.469385 
0.400795 -0.504304 0.485867 
-0.641862 -0.234508 0.469374 
0.400795 -0.504304 0.485867 
-0.641863 -0.234503 0.469379 
0.400795 -0.504304 0.485867 
-0.641853 -0.234502 0.469364 
0.400795 -0.504304 0.485867 
-0.641853 -0.234504 0.469363 
0.400795 -0.504304 0.485867 
-0.641857 -0.234504 0.46937 
0.400795 -0.504304 0.485867 
-0.641856 -0.234503 0.469368 
0.400795 -0.504304 0.485867 
-0.641859 -0.234503 0.469373 
0.400795 -0.504304 0.485867 
-0.641854 -0.234509 0.46936 
0.400795 -0.504304 0.485867 
-0.641853 -0.234509 0.469356 
0.400795 -0.504304 0.485867 
-0.641853 -0.234507 0.469359 
0.400795 -0.504304 0.485867 
-0.64186 -0.234506 0.469371 
0.400795 -0.504304 0.485867 
-0.641869 -0.234506 0.469385 
0.400795 -0.504304 0.485867 
-0.641869 -0.23451 0.469382 
0.400795 -0.504304 0.485867 
-0.641829 -0.234482 0.46934 
0.400795 -0.504304 0.485867 
-0.641872 -0.234516 0.46938 
0.400795 -0.504304 0.485867 
-0.641869 -0.234527 0.469368 
0.400795 -0.504304 0.485867 
-0.641948 -0.234599 0.469437 
0.400795 -0.504304 0.485867 
-0.641992 -0.234633 0.469479 
0.400795 -0.504304 0.485867 
-0.642028 -0.234665 0.469511 
0.400795 -0.504304 0.485867 
-0.642113 -0.234729 0.469594 
0.400795 -0.504304 0.485867 
-0.642153 -0.234761 0.469634 
0.400795 -0.504304 0.485867 
-0.642148 -0.234764 0.469621 
0.400795 -0.504304 0.485867 
-0.642188 -0.234799 0.469658 
0.400795 -0.504304 0.485867 
-0.642193 -0.234802 0.469663 
0.400795 -0.504304 0.485867 
-0.642193 -0.234809 0.469657 
0.400795 -0.504304 0.485867 
-0.642201 -0.234811 0.469668 
0.400795 -0.504304 0.485867 
-0.642201 -0.234814 0.469663 
0.400795 -0.504304 0.485867 
-0.642199 -0.234817 0.469658 
0.400795 -0.504304 0.485867 
-0.642203 -0.234813 0.469667 
0.400795 -0.504304 0.485867 
-0.642208 -0.234813 0.469673 
0.400795 -0.504304 0.485867 
-0.642207 -0.234816 0.46967 
0.400795 -0.504304 0.485867 
-0.642207 -0.23482 0.469667 
0.400795 -0.504304 0.485867 
-0.642211 -0.234816 0.469676 
0.400795 -0.504304 0.485867 
-0.642213 -0.234816 0.469679 
0.400795 -0.504304 0.485867 
-0.64221 -0.234811 0.469679 
0.400795 -0.504304 0.485867 
-0.642216 -0.234809 0.469688 
0.400795 -0.504304 0.485867 
-0.642217 -0.23481 0.46969 
0.400795 -0.504304 0.485867 
-0.642215 -0.234809 0.469686 
0.400795 -0.504304 0.485867 
-0.642216 -0.234808 0.46969 
0.400795 -0.504304 0.485867 
-0.642181 -0.234772 0.469662 
0.400795 -0.504304 0.485867 
-0.642224 -0.234801 0.469707 
0.400795 -0.504304 0.485867 
-0.642182 -0.234764 0.469671 
0.400795 -0.504304 0.485867 
-0.642103 -0.234697 0.469597 
0.400795 -0.504304 0.485867 
-0.642112 -0.234695 0.469614 
0.400795 -0.504304 0.485867 
-0.642035 -0.234625 0.469548 
0.400795 -0.504304 0.485867 
-0.641956 -0.234557 0.469476 
0.400795 -0.504304 0.485867 
-0.641958 -0.234549 0.469485 
0.400795 -0.504304 0.485867 
-0.641961 -0.234548 0.469491 
0.400795 -0.504304 0.485867 
-0.641922 -0.234509 0.46946 
0.400795 -0.504304 0.485867 
-0.641925 -0.234502 0.469469 
0.400795 -0.504304 0.485867 
-0.641923 -0.234498 0.469469 
0.400795 -0.504304 0.485867 
-0.64197 -0.234529 0.46952 
0.400795 -0.504304 0.485867 
-0.641977 -0.234524 0.469534 
0.400795 -0.504304 0.485867 
-0.641977 -0.23452 0.469538 
0.400795 -0.504304 0.485867 
-0.641977 -0.234514 0.469543 
0.400795 -0.504304 0.485867 
-0.641977 -0.23451 0.469546 
0.400795 -0.504304 0.485867 
-0.641979 -0.234505 0.469553 
0.400795 -0.504304 0.485867 
-0.641985 -0.234506 0.46956 
0.400795 -0.504304 0.485867 
-0.641983 -0.2345 0.469561 
0.400795 -0.504304 0.485867 
-0.641985 -0.234503 0.469563 
0.400795 -0.504304 0.485867 
-0.641978 -0.2345 0.469556 
0.400795 -0.504304 0.485867 
-0.641973 -0.234501 0.469546 
0.400795 -0.504304 0.485867 
-0.642052 -0.234562 0.469625 
0.400795 -0.504304 0.485867 
-0.64205 -0.23456 0.469624 
0.400795 -0.504304 0.485867 
-0.642135 -0.234622 0.46971 
0.400795 -0.504304 0.485867 
-0.642093 -0.234586 0.469672 
0.400795 -0.504304 0.485867 
-0.642086 -0.234586 0.469662 
0.400795 -0.504304 0.485867 
-0.642127 -0.234618 0.469705 
0.400795 -0.504304 0.485867 
-0.64213 -0.234615 0.469711 
0.400795 -0.504304 0.485867 
-0.642126 -0.234613 0.469707 
0.400795 -0.504304 0.485867 
-0.642166 -0.234647 0.469743 
0.400795 -0.504304 0.485867 
-0.642163 -0.234645 0.469741 
0.400795 -0.504304 0.485867 
-0.642168 -0.234647 0.469747 
0.400795 -0.504304 0.485867 
-0.642207 -0.234679 0.469786 
0.400795 -0.504304 0.485867 
-0.642204 -0.234681 0.46978 
0.400795 -0.504304 0.485867 
-0.642201 -0.234678 0.469779 
0.400795 -0.504304 0.485867 
-0.642193 -0.234677 0.469766 
0.400795 -0.504304 0.485867 
-0.64215 -0.234641 0.469727 
0.400795 -0.504304 0.485867 
-0.642188 -0.234671 0.469765 
0.400795 -0.504304 0.485867 
-0.640914 -0.23352 0.469141 
0.400795 -0.504304 0.485867 
-0.63968 -0.232351 0.468529 
0.400795 -0.504304 0.485867 
-0.638422 -0.231089 0.467836 
0.400795 -0.504304 0.485867 
-0.637167 -0.229748 0.467037 
0.400795 -0.504304 0.485867 
-0.635933 -0.22833 0.46622 
0.400795 -0.504304 0.485867 
-0.634674 -0.226819 0.465296 
0.400795 -0.504304 0.485867 
-0.633415 -0.225251 0.464294 
0.400795 -0.504304 0.485867 
-0.632171 -0.22357 0.463167 
0.400795 -0.504304 0.485867 
-0.630973 -0.221811 0.461952 
0.400795 -0.504304 0.485867 
-0.629746 -0.219916 0.46061 
0.400795 -0.504304 0.485867 
-0.628557 -0.217986 0.459248 
0.400795 -0.504304 0.485867 
-0.627345 -0.215936 0.457765 
0.400795 -0.504304 0.485867 
-0.626254 -0.213844 0.456265 
0.400795 -0.504304 0.485867 
-0.625121 -0.21159 0.454538 
0.400795 -0.504304 0.485867 
-0.624038 -0.209328 0.452768 
0.400795 -0.504304 0.485867 
-0.623027 -0.207075 0.451001 
0.400795 -0.504304 0.485867 
-0.622032 -0.204714 0.44907 
0.400795 -0.504304 0.485867 
-0.621152 -0.202398 0.447202 
0.400795 -0.504304 0.485867 
-0.620284 -0.200082 0.445247 
0.400795 -0.504304 0.485867 
-0.619415 -0.197776 0.443255 
0.400795 -0.504304 0.485867 
-0.618628 -0.195555 0.44133 
0.400795 -0.504304 0.485867 
-0.617844 -0.193355 0.43936 
0.400795 -0.504304 0.485867 
-0.61711 -0.191156 0.437415 
0.400795 -0.504304 0.485867 
-0.616377 -0.188967 0.435402 
0.400795 -0.504304 0.485867 
-0.615658 -0.186826 0.433413 
0.400795 -0.504304 0.485867 
-0.615508 -0.185235 0.431721 
0.400795 -0.504304 0.485867 
-0.61591 -0.184235 0.430392 
0.400795 -0.504304 0.485867 
-0.616361 -0.183305 0.42926 
0.400795 -0.504304 0.485867 
-0.616788 -0.182552 0.428262 
0.400795 -0.504304 0.485867 
-0.617122 -0.181947 0.427314 
0.400795 -0.504304 0.485867 
-0.617497 -0.181583 0.426639 
0.400795 -0.504304 0.485867 
-0.617837 -0.181349 0.426125 
0.400795 -0.504304 0.485867 
-0.618115 -0.181243 0.425658 
0.400795 -0.504304 0.485867 
-0.618334 -0.181412 0.425485 
0.400795 -0.504304 0.485867 
-0.618506 -0.18182 0.425519 
0.400795 -0.504304 0.485867 
-0.618642 -0.182313 0.425568 
0.400795 -0.504304 0.485867 
-0.618779 -0.183003 0.425763 
0.400795 -0.504304 0.485867 
-0.618938 -0.183867 0.426131 
0.400795 -0.504304 0.485867 
-0.619006 -0.185038 0.42673 
0.400795 -0.504304 0.485867 
-0.619037 -0.186319 0.427426 
0.400795 -0.504304 0.485867 
-0.619102 -0.187819 0.428329 
0.400795 -0.504304 0.485867 
-0.619042 -0.189383 0.42909 
0.400795 -0.504304 0.485867 
-0.618968 -0.191238 0.43006 
0.400795 -0.504304 0.485867 
-0.61884 -0.193216 0.431035 
0.400795 -0.504304 0.485867 
-0.618724 -0.195361 0.432038 
0.400795 -0.504304 0.485867 
-0.61857 -0.197559 0.432998 
0.400795 -0.504304 0.485867 
-0.618451 -0.199859 0.433964 
0.400795 -0.504304 0.485867 
-0.618268 -0.20227 0.43484 
0.400795 -0.504304 0.485867 
-0.618024 -0.20478 0.435582 
0.400795 -0.504304 0.485867 
-0.617827 -0.207326 0.436345 
0.400795 -0.504304 0.485867 
-0.617636 -0.20989 0.437059 
0.400795 -0.504304 0.485867 
-0.617437 -0.212529 0.437789 
0.400795 -0.504304 0.485867 
-0.617202 -0.21516 0.438352 
0.400795 -0.504304 0.485867 
-0.617019 -0.21779 0.438941 
0.400795 -0.504304 0.485867 
-0.616942 -0.220398 0.439595 
0.400795 -0.504304 0.485867 
-0.616763 -0.222785 0.439991 
0.400795 -0.504304 0.485867 
-0.61664 -0.22524 0.44033 
0.400795 -0.504304 0.485867 
-0.61653 -0.227615 0.440626 
0.400795 -0.504304 0.485867 
-0.616462 -0.229896 0.440896 
0.400795 -0.504304 0.485867 
-0.616355 -0.231942 0.440973 
0.400795 -0.504304 0.485867 
-0.616333 -0.234031 0.441144 
0.400795 -0.504304 0.485867 
-0.616289 -0.235936 0.441208 
0.400795 -0.504304 0.485867 
-0.616252 -0.237875 0.441281 
0.400795 -0.504304 0.485867 
-0.617369 -0.239803 0.440428 
0.400795 -0.504304 0.485867 
-0.61729 -0.241309 0.4403 
0.400795 -0.504304 0.485867 
-0.617185 -0.242731 0.440071 
0.400795 -0.504304 0.485867 
-0.617145 -0.244086 0.439918 
0.400795 -0.504304 0.485867 
-0.617047 -0.245279 0.439653 
0.400795 -0.504304 0.485867 
-0.616869 -0.246263 0.439312 
0.400795 -0.504304 0.485867 
-0.616743 -0.247186 0.438981 
0.400795 -0.504304 0.485867 
-0.616714 -0.248177 0.438764 
0.400795 -0.504304 0.485867 
-0.616624 -0.249056 0.438479 
0.400795 -0.504304 0.485867 
-0.616538 -0.249879 0.438151 
0.400795 -0.504304 0.485867 
-0.6166 -0.250738 0.438027 
0.400795 -0.504304 0.485867 
-0.616683 -0.251607 0.437899 
0.400795 -0.504304 0.485867 
-0.616859 -0.25251 0.437839 
0.400795 -0.504304 0.485867 
-0.616939 -0.253314 0.437628 
0.400795 -0.504304 0.485867 
-0.617049 -0.254174 0.437389 
0.400795 -0.504304 0.485867 
-0.61719 -0.255156 0.43716 
0.400795 -0.504304 0.485867 
-0.617257 -0.256094 0.43672 
0.400795 -0.504304 0.485867 
-0.617369 -0.257104 0.436319 
0.400795 -0.504304 0.485867 
-0.617483 -0.258091 0.435932 
0.400795 -0.504304 0.485867 
-0.617523 -0.258967 0.435518 
0.400795 -0.504304 0.485867 
-0.617574 -0.259813 0.435073 
0.400795 -0.504304 0.485867 
-0.617625 -0.260679 0.434638 
0.400795 -0.504304 0.485867 
-0.617621 -0.261496 0.434167 
0.400795 -0.504304 0.485867 
-0.617599 -0.26227 0.433682 
0.400795 -0.504304 0.485867 
-0.617614 -0.263065 0.433285 
0.400795 -0.504304 0.485867 
-0.616276 -0.263529 0.434212 
0.400795 -0.504304 0.485867 
-0.616365 -0.264395 0.434007 
0.400795 -0.504304 0.485867 
-0.616426 -0.265289 0.433844 
0.400795 -0.504304 0.485867 
-0.616436 -0.26611 0.433623 
0.400795 -0.504304 0.485867 
-0.616407 -0.26692 0.433436 
0.400795 -0.504304 0.485867 
-0.616428 -0.267819 0.433375 
0.400795 -0.504304 0.485867 
-0.61639 -0.268562 0.433222 
0.400795 -0.504304 0.485867 
-0.616276 -0.269137 0.433037 
0.400795 -0.504304 0.485867 
-0.616195 -0.269661 0.432944 
0.400795 -0.504304 0.485867 
-0.616078 -0.270145 0.432904 
0.400795 -0.504304 0.485867 
-0.615937 -0.270559 0.432906 
0.400795 -0.504304 0.485867 
-0.615742 -0.270893 0.432872 
0.400795 -0.504304 0.485867 
-0.615573 -0.271189 0.432911 
0.400795 -0.504304 0.485867 
-0.615341 -0.271398 0.432867 
0.400795 -0.504304 0.485867 
-0.615131 -0.271565 0.432957 
0.400795 -0.504304 0.485867 
-0.614893 -0.271646 0.433027 
0.400795 -0.504304 0.485867 
-0.614665 -0.271654 0.433206 
0.400795 -0.504304 0.485867 
-0.614398 -0.271615 0.433455 
0.400795 -0.504304 0.485867 
-0.614153 -0.271551 0.43377 
0.400795 -0.504304 0.485867 
-0.61394 -0.27154 0.434161 
0.400795 -0.504304 0.485867 
-0.613644 -0.271526 0.434546 
0.400795 -0.504304 0.485867 
-0.6133 -0.271459 0.434824 
0.400795 -0.504304 0.485867 
-0.612965 -0.271398 0.435174 
0.400795 -0.504304 0.485867 
-0.612636 -0.271299 0.435521 
0.400795 -0.504304 0.485867 
-0.612176 -0.271202 0.435837 
0.400795 -0.504304 0.485867 
-0.611658 -0.270971 0.43603 
0.400795 -0.504304 0.485867 
-0.611168 -0.271006 0.436195 
0.400795 -0.504304 0.485867 
-0.622252 -0.236994 0.403041 
0.400795 -0.504304 0.485867 
-0.62226 -0.236988 0.402986 
0.400795 -0.504304 0.485867 
-0.62226 -0.236988 0.402986 
0.400795 -0.504304 0.485867 
-0.621714 -0.237476 0.402796 
0.400795 -0.504304 0.485867 
-0.621538 -0.237457 0.402915 
0.400795 -0.504304 0.485867 
-0.621232 -0.237497 0.403084 
0.400795 -0.504304 0.485867 
-0.620935 -0.23877 0.403119 
0.400795 -0.504304 0.485867 
-0.620464 -0.24007 0.40314 
0.400795 -0.504304 0.485867 
-0.619803 -0.240708 0.402989 
0.400795 -0.504304 0.485867 
-0.618613 -0.241103 0.402755 
0.400795 -0.504304 0.485867 
-0.617224 -0.241402 0.402753 
0.400795 -0.504304 0.485867 
-0.616014 -0.241645 0.402788 
0.400795 -0.504304 0.485867 
-0.61503 -0.241831 0.402798 
0.400795 -0.504304 0.485867 
-0.614218 -0.241988 0.402795 
0.400795 -0.504304 0.485867 
-0.613535 -0.242115 0.402809 
0.400795 -0.504304 0.485867 
-0.612956 -0.242232 0.402806 
0.400795 -0.504304 0.485867 
-0.612456 -0.24233 0.402818 
0.400795 -0.504304 0.485867 
-0.612021 -0.242418 0.402812 
0.400795 -0.504304 0.485867 
-0.611635 -0.242485 0.402811 
0.400795 -0.504304 0.485867 
-0.611294 -0.242548 0.402809 
0.400795 -0.504304 0.485867 
-0.610991 -0.242606 0.402813 
0.400795 -0.504304 0.485867 
-0.610718 -0.242654 0.40282 
0.400795 -0.504304 0.485867 
-0.610474 -0.242703 0.402821 
0.400795 -0.504304 0.485867 
-0.610253 -0.242751 0.40281 
0.400795 -0.504304 0.485867 
-0.610051 -0.242791 0.402797 
0.400795 -0.504304 0.485867 
-0.609867 -0.242829 0.402794 
0.400795 -0.504304 0.485867 
-0.60971 -0.242893 0.402846 
0.400795 -0.504304 0.485867 
-0.609552 -0.242919 0.402839 
0.400795 -0.504304 0.485867 
-0.608913 -0.243163 0.402839 
0.400795 -0.504304 0.485867 
-0.608305 -0.243387 0.402847 
0.400795 -0.504304 0.485867 
-0.607696 -0.243654 0.402835 
0.400795 -0.504304 0.485867 
-0.607139 -0.243788 0.402798 
0.400795 -0.504304 0.485867 
-0.606599 -0.243701 0.402766 
0.400795 -0.504304 0.485867 
-0.606141 -0.243657 0.402764 
0.400795 -0.504304 0.485867 
-0.605831 -0.243651 0.402825 
0.400795 -0.504304 0.485867 
-0.605709 -0.243648 0.402854 
0.400795 -0.504304 0.485867 
-0.605709 -0.243647 0.402843 
0.400795 -0.504304 0.485867 
-0.605708 -0.243644 0.402835 
0.400795 -0.504304 0.485867 
-0.605706 -0.24364 0.402832 
0.400795 -0.504304 0.485867 
-0.605706 -0.243642 0.40282 
0.400795 -0.504304 0.485867 
-0.605704 -0.243637 0.402824 
0.400795 -0.504304 0.485867 
-0.605703 -0.243636 0.402806 
0.400795 -0.504304 0.485867 
-0.605704 -0.243638 0.402805 
0.400795 -0.504304 0.485867 
-0.605704 -0.243638 0.402814 
0.400795 -0.504304 0.485867 
-0.605704 -0.243636 0.402812 
0.400795 -0.504304 0.485867 
-0.605704 -0.243637 0.402817 
0.400795 -0.504304 0.485867 
-0.605707 -0.243643 0.402803 
0.400795 -0.504304 0.485867 
-0.605707 -0.243643 0.402799 
0.400795 -0.504304 0.485867 
-0.605706 -0.24364 0.402802 
0.400795 -0.504304 0.485867 
-0.605706 -0.24364 0.402815 
0.400795 -0.504304 0.485867 
-0.605707 -0.243641 0.402833 
0.400795 -0.504304 0.485867 
-0.605708 -0.243644 0.40283 
0.400795 -0.504304 0.485867 
-0.605695 -0.243614 0.402774 
0.400795 -0.504304 0.485867 
-0.605711 -0.24365 0.402829 
0.400795 -0.504304 0.485867 
-0.605715 -0.243661 0.402817 
0.400795 -0.504304 0.485867 
-0.605748 -0.243736 0.402915 
0.400795 -0.504304 0.485867 
-0.605764 -0.243772 0.402971 
0.400795 -0.504304 0.485867 
-0.605779 -0.243806 0.403017 
0.400795 -0.504304 0.485867 
-0.605809 -0.243874 0.403129 
0.400795 -0.504304 0.485867 
-0.605824 -0.243907 0.403183 
0.400795 -0.504304 0.485867 
-0.605826 -0.24391 0.403169 
0.400795 -0.504304 0.485867 
-0.605842 -0.243946 0.40322 
0.400795 -0.504304 0.485867 
-0.605843 -0.243949 0.403227 
0.400795 -0.504304 0.485867 
-0.605847 -0.243957 0.403221 
0.400795 -0.504304 0.485867 
-0.605848 -0.243959 0.403235 
0.400795 -0.504304 0.485867 
-0.605849 -0.243962 0.403231 
0.400795 -0.504304 0.485867 
-0.60585 -0.243964 0.403225 
0.400795 -0.504304 0.485867 
-0.60585 -0.243961 0.403235 
0.400795 -0.504304 0.485867 
-0.605851 -0.243962 0.403243 
0.400795 -0.504304 0.485867 
-0.605852 -0.243964 0.40324 
0.400795 -0.504304 0.485867 
-0.605853 -0.243968 0.403237 
0.400795 -0.504304 0.485867 
-0.605852 -0.243965 0.403247 
0.400795 -0.504304 0.485867 
-0.605852 -0.243964 0.40325 
0.400795 -0.504304 0.485867 
-0.60585 -0.243959 0.403249 
0.400795 -0.504304 0.485867 
-0.60585 -0.243958 0.40326 
0.400795 -0.504304 0.485867 
-0.605851 -0.243959 0.403262 
0.400795 -0.504304 0.485867 
-0.60585 -0.243958 0.403258 
0.400795 -0.504304 0.485867 
-0.60585 -0.243957 0.403261 
0.400795 -0.504304 0.485867 
-0.605834 -0.243919 0.40322 
0.400795 -0.504304 0.485867 
-0.605848 -0.24395 0.40328 
0.400795 -0.504304 0.485867 
-0.605831 -0.243912 0.40323 
0.400795 -0.504304 0.485867 
-0.6058 -0.243841 0.403128 
0.400795 -0.504304 0.485867 
-0.605799 -0.243839 0.403146 
0.400795 -0.504304 0.485867 
-0.605767 -0.243766 0.403053 
0.400795 -0.504304 0.485867 
-0.605736 -0.243695 0.402954 
0.400795 -0.504304 0.485867 
-0.605733 -0.243688 0.402963 
0.400795 -0.504304 0.485867 
-0.605733 -0.243686 0.402969 
0.400795 -0.504304 0.485867 
-0.605716 -0.243646 0.402924 
0.400795 -0.504304 0.485867 
-0.605713 -0.243639 0.402933 
0.400795 -0.504304 0.485867 
-0.605712 -0.243635 0.402932 
0.400795 -0.504304 0.485867 
-0.605727 -0.243668 0.402999 
0.400795 -0.504304 0.485867 
-0.605725 -0.243664 0.403015 
0.400795 -0.504304 0.485867 
-0.605724 -0.24366 0.403019 
0.400795 -0.504304 0.485867 
-0.605721 -0.243653 0.403023 
0.400795 -0.504304 0.485867 
-0.60572 -0.24365 0.403026 
0.400795 -0.504304 0.485867 
-0.605718 -0.243645 0.403033 
0.400795 -0.504304 0.485867 
-0.605719 -0.243646 0.403042 
0.400795 -0.504304 0.485867 
-0.605717 -0.243641 0.403042 
0.400795 -0.504304 0.485867 
-0.605718 -0.243643 0.403045 
0.400795 -0.504304 0.485867 
-0.605716 -0.24364 0.403035 
0.400795 -0.504304 0.485867 
-0.605716 -0.243641 0.403023 
0.400795 -0.504304 0.485867 
-0.605745 -0.243705 0.403131 
0.400795 -0.504304 0.485867 
-0.605743 -0.243703 0.403129 
0.400795 -0.504304 0.485867 
-0.605772 -0.243769 0.403244 
0.400795 -0.504304 0.485867 
-0.605756 -0.243731 0.40319 
0.400795 -0.504304 0.485867 
-0.605754 -0.24373 0.403178 
0.400795 -0.504304 0.485867 
-0.605769 -0.243764 0.403235 
0.400795 -0.504304 0.485867 
-0.605768 -0.243762 0.403243 
0.400795 -0.504304 0.485867 
-0.605767 -0.24376 0.403237 
0.400795 -0.504304 0.485867 
-0.605782 -0.243795 0.403287 
0.400795 -0.504304 0.485867 
-0.605781 -0.243793 0.403284 
0.400795 -0.504304 0.485867 
-0.605782 -0.243795 0.403291 
0.400795 -0.504304 0.485867 
-0.605796 -0.243829 0.403344 
0.400795 -0.504304 0.485867 
-0.605797 -0.24383 0.403337 
0.400795 -0.504304 0.485867 
-0.605795 -0.243827 0.403335 
0.400795 -0.504304 0.485867 
-0.605794 -0.243826 0.403319 
0.400795 -0.504304 0.485867 
-0.605777 -0.243789 0.403265 
0.400795 -0.504304 0.485867 
-0.60579 -0.24382 0.403316 
0.400795 -0.504304 0.485867 
-0.605019 -0.242624 0.402171 
0.400795 -0.504304 0.485867 
-0.604276 -0.24141 0.401057 
0.400795 -0.504304 0.485867 
-0.657731 -0.228857 0.461449 
0.400795 -0.504304 0.485867 
-0.657732 -0.228857 0.461449 
0.400795 -0.504304 0.485867 
-0.657732 -0.228857 0.461449 
0.400795 -0.504304 0.485867 
-0.657183 -0.229363 0.461569 
0.400795 -0.504304 0.485867 
-0.657094 -0.229347 0.461762 
0.400795 -0.504304 0.485867 
-0.656922 -0.229394 0.462066 
0.400795 -0.504304 0.485867 
-0.656727 -0.230674 0.462246 
0.400795 -0.504304 0.485867 
-0.656378 -0.231987 0.462504 
0.400795 -0.504304 0.485867 
-0.655756 -0.232646 0.462717 
0.400795 -0.504304 0.485867 
-0.654631 -0.233079 0.463135 
0.400795 -0.504304 0.485867 
-0.653454 -0.233418 0.463855 
0.400795 -0.504304 0.485867 
-0.652447 -0.233696 0.464512 
0.400795 -0.504304 0.485867 
-0.651618 -0.23391 0.465033 
0.400795 -0.504304 0.485867 
-0.650929 -0.234092 0.465452 
0.400795 -0.504304 0.485867 
-0.650357 -0.234238 0.465819 
0.400795 -0.504304 0.485867 
-0.649865 -0.234372 0.466116 
0.400795 -0.504304 0.485867 
-0.649448 -0.234485 0.466387 
0.400795 -0.504304 0.485867 
-0.649076 -0.234585 0.466608 
0.400795 -0.504304 0.485867 
-0.648748 -0.234663 0.466807 
0.400795 -0.504304 0.485867 
-0.648457 -0.234736 0.466982 
0.400795 -0.504304 0.485867 
-0.648204 -0.234803 0.467144 
0.400795 -0.504304 0.485867 
-0.647976 -0.234859 0.467291 
0.400795 -0.504304 0.485867 
-0.647769 -0.234915 0.467419 
0.400795 -0.504304 0.485867 
-0.647577 -0.234969 0.467524 
0.400795 -0.504304 0.485867 
-0.647398 -0.235016 0.467618 
0.400795 -0.504304 0.485867 
-0.647241 -0.235059 0.467711 
0.400795 -0.504304 0.485867 
-0.647137 -0.235126 0.467837 
0.400795 -0.504304 0.485867 
-0.646998 -0.235158 0.467914 
0.400795 -0.504304 0.485867 
-0.646461 -0.23542 0.468245 
0.400795 -0.504304 0.485867 
-0.645954 -0.235661 0.468567 
0.400795 -0.504304 0.485867 
-0.645436 -0.235947 0.468873 
0.400795 -0.504304 0.485867 
-0.644946 -0.236097 0.46913 
0.400795 -0.504304 0.485867 
-0.644465 -0.236026 0.469383 
0.400795 -0.504304 0.485867 
-0.644072 -0.235996 0.46962 
0.400795 -0.504304 0.485867 
-0.643838 -0.235997 0.469834 
0.400795 -0.504304 0.485867 
-0.64375 -0.235998 0.469922 
0.400795 -0.504304 0.485867 
-0.643743 -0.235997 0.469913 
0.400795 -0.504304 0.485867 
-0.643738 -0.235994 0.469907 
0.400795 -0.504304 0.485867 
-0.643735 -0.23599 0.469905 
0.400795 -0.504304 0.485867 
-0.643729 -0.235992 0.469894 
0.400795 -0.504304 0.485867 
-0.643729 -0.235988 0.469899 
0.400795 -0.504304 0.485867 
-0.643719 -0.235986 0.469885 
0.400795 -0.504304 0.485867 
-0.643719 -0.235988 0.469883 
0.400795 -0.504304 0.485867 
-0.643724 -0.235989 0.46989 
0.400795 -0.504304 0.485867 
-0.643723 -0.235987 0.469889 
0.400795 -0.504304 0.485867 
-0.643726 -0.235987 0.469893 
0.400795 -0.504304 0.485867 
-0.643721 -0.235993 0.46988 
0.400795 -0.504304 0.485867 
-0.643719 -0.235994 0.469877 
0.400795 -0.504304 0.485867 
-0.643719 -0.235991 0.46988 
0.400795 -0.504304 0.485867 
-0.643726 -0.23599 0.469891 
0.400795 -0.504304 0.485867 
-0.643736 -0.235991 0.469905 
0.400795 -0.504304 0.485867 
-0.643736 -0.235995 0.469902 
0.400795 -0.504304 0.485867 
-0.643695 -0.235966 0.469861 
0.400795 -0.504304 0.485867 
-0.643739 -0.236 0.4699 
0.400795 -0.504304 0.485867 
-0.643736 -0.236011 0.469887 
0.400795 -0.504304 0.485867 
-0.643817 -0.236084 0.469953 
0.400795 -0.504304 0.485867 
-0.643861 -0.236119 0.469993 
0.400795 -0.504304 0.485867 
-0.643898 -0.236151 0.470025 
0.400795 -0.504304 0.485867 
-0.643985 -0.236217 0.470104 
0.400795 -0.504304 0.485867 
-0.644027 -0.236249 0.470143 
0.400795 -0.504304 0.485867 
-0.644021 -0.236252 0.470129 
0.400795 -0.504304 0.485867 
-0.644062 -0.236287 0.470165 
0.400795 -0.504304 0.485867 
-0.644067 -0.23629 0.470169 
0.400795 -0.504304 0.485867 
-0.644067 -0.236298 0.470163 
0.400795 -0.504304 0.485867 
-0.644076 -0.2363 0.470174 
0.400795 -0.504304 0.485867 
-0.644075 -0.236302 0.47017 
0.400795 -0.504304 0.485867 
-0.644073 -0.236305 0.470165 
0.400795 -0.504304 0.485867 
-0.644078 -0.236302 0.470174 
0.400795 -0.504304 0.485867 
-0.644082 -0.236302 0.47018 
0.400795 -0.504304 0.485867 
-0.644082 -0.236304 0.470176 
0.400795 -0.504304 0.485867 
-0.644082 -0.236308 0.470174 
0.400795 -0.504304 0.485867 
-0.644086 -0.236305 0.470182 
0.400795 -0.504304 0.485867 
-0.644088 -0.236304 0.470185 
0.400795 -0.504304 0.485867 
-0.644085 -0.236299 0.470185 
0.400795 -0.504304 0.485867 
-0.644091 -0.236298 0.470194 
0.400795 -0.504304 0.485867 
-0.644092 -0.236299 0.470196 
0.400795 -0.504304 0.485867 
-0.64409 -0.236298 0.470193 
0.400795 -0.504304 0.485867 
-0.644091 -0.236297 0.470196 
0.400795 -0.504304 0.485867 
-0.644055 -0.236261 0.470169 
0.400795 -0.504304 0.485867 
-0.644099 -0.23629 0.470213 
0.400795 -0.504304 0.485867 
-0.644057 -0.236253 0.470179 
0.400795 -0.504304 0.485867 
-0.643976 -0.236185 0.470108 
0.400795 -0.504304 0.485867 
-0.643984 -0.236182 0.470124 
0.400795 -0.504304 0.485867 
-0.643906 -0.236112 0.470061 
0.400795 -0.504304 0.485867 
-0.643825 -0.236043 0.469993 
0.400795 -0.504304 0.485867 
-0.643827 -0.236035 0.470002 
0.400795 -0.504304 0.485867 
-0.643831 -0.236034 0.470008 
0.400795 -0.504304 0.485867 
-0.643791 -0.235995 0.469978 
0.400795 -0.504304 0.485867 
-0.643793 -0.235988 0.469987 
0.400795 -0.504304 0.485867 
-0.643792 -0.235984 0.469987 
0.400795 -0.504304 0.485867 
-0.657727 -0.228982 0.461359 
0.400795 -0.504304 0.485867 
-0.657728 -0.228982 0.461359 
0.400795 -0.504304 0.485867 
-0.657728 -0.228982 0.461359 
0.400795 -0.504304 0.485867 
-0.657178 -0.229488 0.461478 
0.400795 -0.504304 0.485867 
-0.65709 -0.229473 0.461671 
0.400795 -0.504304 0.485867 
-0.656917 -0.22952 0.461974 
0.400795 -0.504304 0.485867 
-0.656722 -0.230801 0.462151 
0.400795 -0.504304 0.485867 
-0.656373 -0.232115 0.462407 
0.400795 -0.504304 0.485867 
-0.655751 -0.232774 0.462618 
0.400795 -0.504304 0.485867 
-0.654625 -0.233207 0.463035 
0.400795 -0.504304 0.485867 
-0.653449 -0.233548 0.463754 
0.400795 -0.504304 0.485867 
-0.652442 -0.233827 0.464411 
0.400795 -0.504304 0.485867 
-0.651613 -0.234042 0.464931 
0.400795 -0.504304 0.485867 
-0.650924 -0.234224 0.46535 
0.400795 -0.504304 0.485867 
-0.650352 -0.234371 0.465717 
0.400795 -0.504304 0.485867 
-0.64986 -0.234506 0.466014 
0.400795 -0.504304 0.485867 
-0.649443 -0.234619 0.466285 
0.400795 -0.504304 0.485867 
-0.649071 -0.23472 0.466505 
0.400795 -0.504304 0.485867 
-0.648743 -0.234799 0.466705 
0.400795 -0.504304 0.485867 
-0.648453 -0.234872 0.46688 
0.400795 -0.504304 0.485867 
-0.648199 -0.234939 0.467041 
0.400795 -0.504304 0.485867 
-0.647971 -0.234995 0.467189 
0.400795 -0.504304 0.485867 
-0.647765 -0.235052 0.467316 
0.400795 -0.504304 0.485867 
-0.647572 -0.235106 0.467422 
0.400795 -0.504304 0.485867 
-0.647394 -0.235152 0.467515 
0.400795 -0.504304 0.485867 
-0.647236 -0.235196 0.467608 
0.400795 -0.504304 0.485867 
-0.647132 -0.235264 0.467734 
0.400795 -0.504304 0.485867 
-0.646994 -0.235295 0.46781 
0.400795 -0.504304 0.485867 
-0.646457 -0.235558 0.468141 
0.400795 -0.504304 0.485867 
-0.645949 -0.2358 0.468463 
0.400795 -0.504304 0.485867 
-0.645431 -0.236086 0.468768 
0.400795 -0.504304 0.485867 
-0.644941 -0.236237 0.469025 
0.400795 -0.504304 0.485867 
-0.644461 -0.236166 0.469279 
0.400795 -0.504304 0.485867 
-0.644067 -0.236136 0.469516 
0.400795 -0.504304 0.485867 
-0.643833 -0.236139 0.469729 
0.400795 -0.504304 0.485867 
-0.643745 -0.236139 0.469818 
0.400795 -0.504304 0.485867 
-0.643739 -0.236138 0.469809 
0.400795 -0.504304 0.485867 
-0.643734 -0.236136 0.469802 
0.400795 -0.504304 0.485867 
-0.64373 -0.236132 0.469801 
0.400795 -0.504304 0.485867 
-0.643724 -0.236133 0.46979 
0.400795 -0.504304 0.485867 
-0.643725 -0.236129 0.469795 
0.400795 -0.504304 0.485867 
-0.643714 -0.236128 0.46978 
0.400795 -0.504304 0.485867 
-0.643715 -0.23613 0.469779 
0.400795 -0.504304 0.485867 
-0.643719 -0.23613 0.469786 
0.400795 -0.504304 0.485867 
-0.643718 -0.236128 0.469784 
0.400795 -0.504304 0.485867 
-0.622465 -0.237305 0.403866 
0.400795 -0.504304 0.485867 
-0.622466 -0.237305 0.403865 
0.400795 -0.504304 0.485867 
-0.622466 -0.237305 0.403865 
0.400795 -0.504304 0.485867 
-0.621916 -0.237791 0.403679 
0.400795 -0.504304 0.485867 
-0.621744 -0.237774 0.403803 
0.400795 -0.504304 0.485867 
-0.621442 -0.237819 0.403978 
0.400795 -0.504304 0.485867 
-0.621148 -0.239092 0.403996 
0.400795 -0.504304 0.485867 
-0.620681 -0.240394 0.404005 
0.400795 -0.504304 0.485867 
-0.620019 -0.241031 0.403858 
0.400795 -0.504304 0.485867 
-0.618823 -0.241424 0.403645 
0.400795 -0.504304 0.485867 
-0.617436 -0.241727 0.403671 
0.400795 -0.504304 0.485867 
-0.616228 -0.241974 0.40373 
0.400795 -0.504304 0.485867 
-0.615245 -0.242163 0.403761 
0.400795 -0.504304 0.485867 
-0.614433 -0.242323 0.403774 
0.400795 -0.504304 0.485867 
-0.613751 -0.242451 0.403802 
0.400795 -0.504304 0.485867 
-0.613172 -0.24257 0.40381 
0.400795 -0.504304 0.485867 
-0.612673 -0.24267 0.403833 
0.400795 -0.504304 0.485867 
-0.612238 -0.242759 0.403836 
0.400795 -0.504304 0.485867 
-0.611852 -0.242827 0.403842 
0.400795 -0.504304 0.485867 
-0.611511 -0.24289 0.403847 
0.400795 -0.504304 0.485867 
-0.611209 -0.242949 0.403858 
0.400795 -0.504304 0.485867 
-0.610936 -0.242999 0.403871 
0.400795 -0.504304 0.485867 
-0.610693 -0.243048 0.403877 
0.400795 -0.504304 0.485867 
-0.610472 -0.243096 0.40387 
0.400795 -0.504304 0.485867 
-0.610269 -0.243137 0.403861 
0.400795 -0.504304 0.485867 
-0.610085 -0.243175 0.403861 
0.400795 -0.504304 0.485867 
-0.60993 -0.24324 0.403916 
0.400795 -0.504304 0.485867 
-0.609771 -0.243267 0.403913 
0.400795 -0.504304 0.485867 
-0.609134 -0.243512 0.403924 
0.400795 -0.504304 0.485867 
-0.608527 -0.243738 0.403942 
0.400795 -0.504304 0.485867 
-0.607918 -0.244007 0.403939 
0.400795 -0.504304 0.485867 
-0.607361 -0.244141 0.403914 
0.400795 -0.504304 0.485867 
-0.60682 -0.244055 0.403895 
0.400795 -0.504304 0.485867 
-0.606362 -0.244012 0.403905 
0.400795 -0.504304 0.485867 
-0.606053 -0.244008 0.403974 
0.400795 -0.504304 0.485867 
-0.605932 -0.244006 0.404006 
0.400795 -0.504304 0.485867 
-0.605931 -0.244005 0.403995 
0.400795 -0.504304 0.485867 
-0.60593 -0.244002 0.403987 
0.400795 -0.504304 0.485867 
-0.605928 -0.243998 0.403984 
0.400795 -0.504304 0.485867 
-0.605928 -0.243999 0.403972 
0.400795 -0.504304 0.485867 
-0.605926 -0.243995 0.403977 
0.400795 -0.504304 0.485867 
-0.605925 -0.243993 0.403959 
0.400795 -0.504304 0.485867 
-0.605925 -0.243995 0.403958 
0.400795 -0.504304 0.485867 
-0.605926 -0.243996 0.403966 
0.400795 -0.504304 0.485867 
-0.605926 -0.243994 0.403964 
0.400795 -0.504304 0.485867 
-0.605926 -0.243994 0.403969 
0.400795 -0.504304 0.485867 
-0.605928 -0.244 0.403955 
0.400795 -0.504304 0.485867 
-0.605928 -0.244 0.403952 
0.400795 -0.504304 0.485867 
-0.605927 -0.243998 0.403954 
0.400795 -0.504304 0.485867 
-0.605928 -0.243997 0.403968 
0.400795 -0.504304 0.485867 
-0.605929 -0.243999 0.403985 
0.400795 -0.504304 0.485867 
-0.60593 -0.244002 0.403982 
0.400795 -0.504304 0.485867 
-0.605916 -0.243971 0.403927 
0.400795 -0.504304 0.485867 
-0.605933 -0.244008 0.403982 
0.400795 -0.504304 0.485867 
-0.605937 -0.244018 0.403969 
0.400795 -0.504304 0.485867 
-0.605972 -0.244095 0.404064 
0.400795 -0.504304 0.485867 
-0.60599 -0.244133 0.40412 
0.400795 -0.504304 0.485867 
-0.606006 -0.244167 0.404164 
0.400795 -0.504304 0.485867 
-0.606039 -0.244237 0.404275 
0.400795 -0.504304 0.485867 
-0.606055 -0.244271 0.404327 
0.400795 -0.504304 0.485867 
-0.606057 -0.244274 0.404313 
0.400795 -0.504304 0.485867 
-0.606074 -0.244311 0.404363 
0.400795 -0.504304 0.485867 
-0.606076 -0.244314 0.40437 
0.400795 -0.504304 0.485867 
-0.606079 -0.244322 0.404364 
0.400795 -0.504304 0.485867 
-0.606081 -0.244324 0.404377 
0.400795 -0.504304 0.485867 
-0.606082 -0.244327 0.404373 
0.400795 -0.504304 0.485867 
-0.606083 -0.244329 0.404368 
0.400795 -0.504304 0.485867 
-0.606082 -0.244326 0.404378 
0.400795 -0.504304 0.485867 
-0.606083 -0.244327 0.404386 
0.400795 -0.504304 0.485867 
-0.606084 -0.244329 0.404382 
0.400795 -0.504304 0.485867 
-0.606086 -0.244333 0.40438 
0.400795 -0.504304 0.485867 
-0.606085 -0.24433 0.404389 
0.400795 -0.504304 0.485867 
-0.606085 -0.244329 0.404393 
0.400795 -0.504304 0.485867 
-0.606083 -0.244324 0.404392 
0.400795 -0.504304 0.485867 
-0.606083 -0.244324 0.404402 
0.400795 -0.504304 0.485867 
-0.606084 -0.244324 0.404405 
0.400795 -0.504304 0.485867 
-0.606083 -0.244323 0.4044 
0.400795 -0.504304 0.485867 
-0.606083 -0.244323 0.404404 
0.400795 -0.504304 0.485867 
-0.606066 -0.244284 0.404364 
0.400795 -0.504304 0.485867 
-0.606081 -0.244316 0.404423 
0.400795 -0.504304 0.485867 
-0.606063 -0.244276 0.404374 
0.400795 -0.504304 0.485867 
-0.60603 -0.244204 0.404274 
0.400795 -0.504304 0.485867 
-0.606029 -0.244203 0.404293 
0.400795 -0.504304 0.485867 
-0.605995 -0.244128 0.404201 
0.400795 -0.504304 0.485867 
-0.605961 -0.244055 0.404104 
0.400795 -0.504304 0.485867 
-0.605958 -0.244048 0.404113 
0.400795 -0.504304 0.485867 
-0.605958 -0.244047 0.40412 
0.400795 -0.504304 0.485867 
-0.60594 -0.244006 0.404076 
0.400795 -0.504304 0.485867 
-0.605938 -0.243999 0.404085 
0.400795 -0.504304 0.485867 
-0.605936 -0.243995 0.404084 
0.400795 -0.504304 0.485867 
-0.605953 -0.244029 0.40415 
0.400795 -0.504304 0.485867 
-0.605952 -0.244025 0.404166 
0.400795 -0.504304 0.485867 
-0.60595 -0.244021 0.40417 
0.400795 -0.504304 0.485867 
-0.605948 -0.244015 0.404175 
0.400795 -0.504304 0.485867 
-0.605947 -0.244011 0.404178 
0.400795 -0.504304 0.485867 
-0.605945 -0.244006 0.404185 
0.400795 -0.504304 0.485867 
-0.605947 -0.244008 0.404194 
0.400795 -0.504304 0.485867 
-0.605944 -0.244002 0.404194 
0.400795 -0.504304 0.485867 
-0.605945 -0.244005 0.404197 
0.400795 -0.504304 0.485867 
-0.605943 -0.244001 0.404187 
0.400795 -0.504304 0.485867 
-0.605943 -0.244003 0.404175 
0.400795 -0.504304 0.485867 
-0.605974 -0.244069 0.404281 
0.400795 -0.504304 0.485867 
-0.605973 -0.244066 0.404279 
0.400795 -0.504304 0.485867 
-0.606005 -0.244134 0.404392 
0.400795 -0.504304 0.485867 
-0.605987 -0.244096 0.40434 
0.400795 -0.504304 0.485867 
-0.605985 -0.244094 0.404328 
0.400795 -0.504304 0.485867 
-0.606001 -0.244129 0.404384 
0.400795 -0.504304 0.485867 
-0.606 -0.244127 0.404391 
0.400795 -0.504304 0.485867 
-0.605999 -0.244125 0.404385 
0.400795 -0.504304 0.485867 
-0.606016 -0.244162 0.404434 
0.400795 -0.504304 0.485867 
-0.606015 -0.244159 0.404431 
0.400795 -0.504304 0.485867 
-0.606016 -0.244161 0.404438 
0.400795 -0.504304 0.485867 
-0.606031 -0.244196 0.40449 
0.400795 -0.504304 0.485867 
-0.606031 -0.244197 0.404483 
0.400795 -0.504304 0.485867 
-0.606029 -0.244194 0.404481 
0.400795 -0.504304 0.485867 
-0.606028 -0.244193 0.404466 
0.400795 -0.504304 0.485867 
-0.60601 -0.244154 0.404413 
0.400795 -0.504304 0.485867 
-0.606024 -0.244187 0.404463 
0.400795 -0.504304 0.485867 
-0.605223 -0.242972 0.403359 
0.400795 -0.504304 0.485867 
-0.604451 -0.24174 0.402286 
0.400795 -0.504304 0.485867 
-0.603699 -0.240412 0.401135 
0.400795 -0.504304 0.485867 
-0.603001 -0.239002 0.399896 
0.400795 -0.504304 0.485867 
-0.602331 -0.237515 0.398654 
0.400795 -0.504304 0.485867 
-0.601692 -0.235931 0.397311 
0.400795 -0.504304 0.485867 
-0.601091 -0.234287 0.395901 
0.400795 -0.504304 0.485867 
-0.600565 -0.232527 0.394395 
0.400795 -0.504304 0.485867 
-0.600123 -0.230688 0.392837 
0.400795 -0.504304 0.485867 
-0.599719 -0.228708 0.391159 
0.400795 -0.504304 0.485867 
-0.599358 -0.226694 0.389484 
0.400795 -0.504304 0.485867 
-0.599036 -0.224555 0.387698 
0.400795 -0.504304 0.485867 
-0.598829 -0.222378 0.385956 
0.400795 -0.504304 0.485867 
-0.598697 -0.220031 0.384001 
0.400795 -0.504304 0.485867 
-0.59863 -0.217676 0.382034 
0.400795 -0.504304 0.485867 
-0.598624 -0.215332 0.380103 
0.400795 -0.504304 0.485867 
-0.598712 -0.212876 0.378041 
0.400795 -0.504304 0.485867 
-0.598871 -0.210471 0.376087 
0.400795 -0.504304 0.485867 
-0.599081 -0.208063 0.374062 
0.400795 -0.504304 0.485867 
-0.599308 -0.205665 0.372004 
0.400795 -0.504304 0.485867 
-0.599574 -0.203356 0.37004 
0.400795 -0.504304 0.485867 
-0.599864 -0.201067 0.368037 
0.400795 -0.504304 0.485867 
-0.600186 -0.198782 0.36608 
0.400795 -0.504304 0.485867 
-0.60054 -0.196504 0.364063 
0.400795 -0.504304 0.485867 
-0.600895 -0.194275 0.362072 
0.400795 -0.504304 0.485867 
-0.601599 -0.192626 0.360588 
0.400795 -0.504304 0.485867 
-0.602603 -0.191599 0.359659 
0.400795 -0.504304 0.485867 
-0.603556 -0.19065 0.358924 
0.400795 -0.504304 0.485867 
-0.604421 -0.18988 0.358286 
0.400795 -0.504304 0.485867 
-0.605177 -0.189258 0.357642 
0.400795 -0.504304 0.485867 
-0.605835 -0.188885 0.357244 
0.400795 -0.504304 0.485867 
-0.606384 -0.188648 0.356966 
0.400795 -0.504304 0.485867 
-0.606853 -0.188537 0.356694 
0.400795 -0.504304 0.485867 
-0.607125 -0.188707 0.356639 
0.400795 -0.504304 0.485867 
-0.607253 -0.189122 0.356732 
0.400795 -0.504304 0.485867 
-0.607342 -0.189621 0.356818 
0.400795 -0.504304 0.485867 
-0.607357 -0.190322 0.357024 
0.400795 -0.504304 0.485867 
-0.657733 -0.228816 0.461474 
0.400795 -0.504304 0.485867 
-0.657734 -0.228816 0.461474 
0.400795 -0.504304 0.485867 
-0.657734 -0.228816 0.461474 
0.400795 -0.504304 0.485867 
-0.657184 -0.229322 0.461594 
0.400795 -0.504304 0.485867 
-0.657096 -0.229306 0.461787 
0.400795 -0.504304 0.485867 
-0.656923 -0.229353 0.462091 
0.400795 -0.504304 0.485867 
-0.656728 -0.230633 0.46227 
0.400795 -0.504304 0.485867 
-0.656378 -0.231947 0.462527 
0.400795 -0.504304 0.485867 
-0.655756 -0.232605 0.46274 
0.400795 -0.504304 0.485867 
-0.65463 -0.233037 0.463158 
0.400795 -0.504304 0.485867 
-0.653454 -0.233376 0.463878 
0.400795 -0.504304 0.485867 
-0.652447 -0.233654 0.464536 
0.400795 -0.504304 0.485867 
-0.651618 -0.233868 0.465057 
0.400795 -0.504304 0.485867 
-0.650929 -0.234049 0.465476 
0.400795 -0.504304 0.485867 
-0.650357 -0.234195 0.465844 
0.400795 -0.504304 0.485867 
-0.649865 -0.23433 0.466141 
0.400795 -0.504304 0.485867 
-0.649448 -0.234442 0.466412 
0.400795 -0.504304 0.485867 
-0.649076 -0.234543 0.466633 
0.400795 -0.504304 0.485867 
-0.657567 -0.228685 0.461328 
0.400795 -0.504304 0.485867 
-0.657568 -0.228685 0.461328 
0.400795 -0.504304 0.485867 
-0.657568 -0.228685 0.461328 
0.400795 -0.504304 0.485867 
-0.657017 -0.229191 0.461447 
0.400795 -0.504304 0.485867 
-0.656929 -0.229175 0.46164 
0.400795 -0.504304 0.485867 
-0.656756 -0.229222 0.461943 
0.400795 -0.504304 0.485867 
-0.656559 -0.230502 0.462122 
0.400795 -0.504304 0.485867 
-0.656207 -0.231814 0.462379 
0.400795 -0.504304 0.485867 
-0.655584 -0.232472 0.462591 
0.400795 -0.504304 0.485867 
-0.654457 -0.232903 0.463007 
0.400795 -0.504304 0.485867 
-0.653279 -0.233241 0.463725 
0.400795 -0.504304 0.485867 
-0.652271 -0.233517 0.464382 
0.400795 -0.504304 0.485867 
-0.651441 -0.233731 0.464901 
0.400795 -0.504304 0.485867 
-0.650751 -0.233911 0.465319 
0.400795 -0.504304 0.485867 
-0.650178 -0.234056 0.465686 
0.400795 -0.504304 0.485867 
-0.649686 -0.23419 0.465983 
0.400795 -0.504304 0.485867 
-0.649268 -0.234302 0.466252 
0.400795 -0.504304 0.485867 
-0.648896 -0.234402 0.466473 
0.400795 -0.504304 0.485867 
-0.648567 -0.23448 0.466672 
0.400795 -0.504304 0.485867 
-0.648277 -0.234552 0.466847 
0.400795 -0.504304 0.485867 
-0.648023 -0.234619 0.467008 
0.400795 -0.504304 0.485867 
-0.647794 -0.234675 0.467155 
0.400795 -0.504304 0.485867 
-0.647588 -0.234731 0.467283 
0.400795 -0.504304 0.485867 
-0.647395 -0.234784 0.467388 
0.400795 -0.504304 0.485867 
-0.647217 -0.23483 0.467481 
0.400795 -0.504304 0.485867 
-0.647059 -0.234874 0.467574 
0.400795 -0.504304 0.485867 
-0.646954 -0.234941 0.4677 
0.400795 -0.504304 0.485867 
-0.646816 -0.234972 0.467776 
0.400795 -0.504304 0.485867 
-0.646278 -0.235234 0.468106 
0.400795 -0.504304 0.485867 
-0.64577 -0.235474 0.468428 
0.400795 -0.504304 0.485867 
-0.645251 -0.235759 0.468733 
0.400795 -0.504304 0.485867 
-0.644761 -0.235909 0.46899 
0.400795 -0.504304 0.485867 
-0.64428 -0.235837 0.469243 
0.400795 -0.504304 0.485867 
-0.643886 -0.235806 0.469479 
0.400795 -0.504304 0.485867 
-0.643652 -0.235808 0.469692 
0.400795 -0.504304 0.485867 
-0.643564 -0.235808 0.46978 
0.400795 -0.504304 0.485867 
-0.643558 -0.235807 0.469772 
0.400795 -0.504304 0.485867 
-0.643552 -0.235804 0.469765 
0.400795 -0.504304 0.485867 
-0.643549 -0.235801 0.469764 
0.400795 -0.504304 0.485867 
-0.643543 -0.235802 0.469753 
0.400795 -0.504304 0.485867 
-0.643543 -0.235798 0.469758 
0.400795 -0.504304 0.485867 
-0.643533 -0.235796 0.469743 
0.400795 -0.504304 0.485867 
