-0.606134 -0.212199 0.42954 
0.400795 -0.504304 0.485867 
-0.606135 -0.212199 0.42954 
0.400795 -0.504304 0.485867 
-0.605903 -0.212128 0.42727 
0.400795 -0.504304 0.485867 
-0.605861 -0.211921 0.427217 
0.400795 -0.504304 0.485867 
-0.605847 -0.211835 0.42729 
0.400795 -0.504304 0.485867 
-0.605884 -0.211776 0.42714 
0.400795 -0.504304 0.485867 
-0.605848 -0.211819 0.427395 
0.400795 -0.504304 0.485867 
-0.605888 -0.211809 0.427083 
0.400795 -0.504304 0.485867 
-0.605836 -0.211747 0.426996 
0.400795 -0.504304 0.485867 
-0.605892 -0.211723 0.427041 
0.400795 -0.504304 0.485867 
-0.605913 -0.211809 0.427238 
0.400795 -0.504304 0.485867 
-0.605905 -0.211727 0.427245 
0.400795 -0.504304 0.485867 
-0.605906 -0.211749 0.427156 
0.400795 -0.504304 0.485867 
-0.605899 -0.211727 0.426942 
0.400795 -0.504304 0.485867 
-0.605876 -0.211765 0.427071 
0.400795 -0.504304 0.485867 
-0.605874 -0.211772 0.427154 
0.400795 -0.504304 0.485867 
-0.605897 -0.211786 0.427158 
0.400795 -0.504304 0.485867 
-0.605926 -0.211712 0.427058 
0.400795 -0.504304 0.485867 
-0.605904 -0.211792 0.427298 
0.400795 -0.504304 0.485867 
-0.605962 -0.211599 0.427271 
0.400795 -0.504304 0.485867 
-0.605949 -0.211564 0.427107 
0.400795 -0.504304 0.485867 
-0.605922 -0.211568 0.427062 
0.400795 -0.504304 0.485867 
-0.605861 -0.211724 0.427311 
0.400795 -0.504304 0.485867 
