-0.597268 -0.255126 0.407261 
0.386033 -0.49091 0.43153 
-0.597268 -0.255126 0.407261 
0.386033 -0.49091 0.43153 
-0.597268 -0.255126 0.407261 
0.386033 -0.49091 0.43153 
-0.597268 -0.255126 0.407261 
0.386733 -0.490411 0.431429 
-0.597268 -0.255126 0.407261 
0.388263 -0.49043 0.432895 
-0.597268 -0.255126 0.407261 
0.389173 -0.490384 0.431897 
-0.597268 -0.255126 0.407261 
0.389815 -0.4905 0.431702 
-0.597268 -0.255126 0.407261 
0.390454 -0.490943 0.432529 
-0.597268 -0.255126 0.407261 
0.391223 -0.491105 0.433479 
-0.597268 -0.255126 0.407261 
0.392106 -0.491115 0.433481 
-0.597268 -0.255126 0.407261 
0.393079 -0.491273 0.433368 
-0.597268 -0.255126 0.407261 
0.394357 -0.491476 0.433954 
