-0.597268 -0.255126 0.407261 
0.401821 -0.485568 0.475328 
-0.597268 -0.255126 0.407261 
0.402893 -0.484905 0.479192 
-0.597268 -0.255126 0.407261 
0.403703 -0.484692 0.480141 
-0.597268 -0.255126 0.407261 
0.404227 -0.484133 0.480595 
-0.597268 -0.255126 0.407261 
0.403916 -0.485567 0.478763 
-0.597268 -0.255126 0.407261 
0.40564 -0.487633 0.479855 
-0.597268 -0.255126 0.407261 
0.405662 -0.488924 0.479178 
-0.597268 -0.255126 0.407261 
0.405606 -0.489632 0.478865 
-0.597268 -0.255126 0.407261 
0.405421 -0.491212 0.478647 
-0.597268 -0.255126 0.407261 
0.405071 -0.491962 0.477782 
-0.597268 -0.255126 0.407261 
0.40538 -0.492891 0.478478 
-0.597268 -0.255126 0.407261 
0.404963 -0.493605 0.477267 
-0.597268 -0.255126 0.407261 
0.40457 -0.494724 0.476072 
-0.597268 -0.255126 0.407261 
0.405169 -0.494705 0.478143 
-0.597268 -0.255126 0.407261 
0.405182 -0.495275 0.478394 
-0.597268 -0.255126 0.407261 
0.405492 -0.496583 0.479308 
-0.597268 -0.255126 0.407261 
0.405002 -0.498328 0.477348 
-0.597268 -0.255126 0.407261 
0.404711 -0.498857 0.477242 
-0.597268 -0.255126 0.407261 
0.404178 -0.499498 0.477067 
-0.597268 -0.255126 0.407261 
0.404061 -0.500618 0.477603 
-0.597268 -0.255126 0.407261 
0.403866 -0.501334 0.477699 
-0.597268 -0.255126 0.407261 
0.404045 -0.502091 0.478675 
-0.597268 -0.255126 0.407261 
0.403898 -0.502564 0.477337 
-0.597268 -0.255126 0.407261 
0.40495 -0.502455 0.479165 
-0.597268 -0.255126 0.407261 
0.406418 -0.501338 0.480807 
-0.597268 -0.255126 0.407261 
0.408008 -0.49991 0.480327 
-0.597268 -0.255126 0.407261 
0.410962 -0.498735 0.481447 
-0.597268 -0.255126 0.407261 
0.413916 -0.497945 0.481844 
-0.597268 -0.255126 0.407261 
0.416963 -0.496625 0.483146 
-0.597268 -0.255126 0.407261 
0.420029 -0.494734 0.484155 
-0.597268 -0.255126 0.407261 
0.423242 -0.493598 0.486464 
-0.597268 -0.255126 0.407261 
0.426887 -0.492742 0.487496 
-0.597268 -0.255126 0.407261 
0.429747 -0.491442 0.487216 
-0.597268 -0.255126 0.407261 
0.432941 -0.490037 0.487491 
-0.597268 -0.255126 0.407261 
0.435934 -0.488559 0.48844 
-0.597268 -0.255126 0.407261 
0.439177 -0.487978 0.489364 
-0.597268 -0.255126 0.407261 
0.441236 -0.48705 0.489565 
-0.597268 -0.255126 0.407261 
0.442577 -0.486834 0.489125 
-0.597268 -0.255126 0.407261 
0.444088 -0.486981 0.490054 
-0.597268 -0.255126 0.407261 
0.44355 -0.487043 0.489107 
-0.597268 -0.255126 0.407261 
0.443794 -0.487104 0.489642 
-0.597268 -0.255126 0.407261 
0.442891 -0.487498 0.48992 
-0.597268 -0.255126 0.407261 
0.442738 -0.487418 0.489331 
-0.597268 -0.255126 0.407261 
0.443354 -0.487711 0.490086 
-0.597268 -0.255126 0.407261 
0.443308 -0.48839 0.489554 
-0.597268 -0.255126 0.407261 
0.442921 -0.487362 0.489408 
-0.597268 -0.255126 0.407261 
0.443558 -0.487808 0.490431 
-0.597268 -0.255126 0.407261 
0.443293 -0.488186 0.489585 
-0.597268 -0.255126 0.407261 
0.443047 -0.48729 0.489256 
-0.597268 -0.255126 0.407261 
0.443002 -0.487401 0.489325 
-0.597268 -0.255126 0.407261 
0.442767 -0.487689 0.488828 
-0.597268 -0.255126 0.407261 
0.443278 -0.487844 0.489955 
-0.597268 -0.255126 0.407261 
0.443848 -0.487689 0.490296 
-0.597268 -0.255126 0.407261 
0.441774 -0.480598 0.489443 
-0.597268 -0.255126 0.407261 
0.441816 -0.47999 0.491549 
-0.597268 -0.255126 0.407261 
0.440935 -0.48061 0.491706 
-0.597268 -0.255126 0.407261 
0.440254 -0.482408 0.497838 
-0.597268 -0.255126 0.407261 
0.438625 -0.48289 0.497088 
-0.597268 -0.255126 0.407261 
0.436954 -0.483783 0.497051 
-0.597268 -0.255126 0.407261 
0.435949 -0.485459 0.497803 
-0.597268 -0.255126 0.407261 
0.435193 -0.486274 0.499356 
-0.597268 -0.255126 0.407261 
0.434069 -0.487744 0.500073 
-0.597268 -0.255126 0.407261 
0.433208 -0.488235 0.501396 
-0.597268 -0.255126 0.407261 
0.431946 -0.489597 0.502125 
-0.597268 -0.255126 0.407261 
0.430114 -0.49078 0.501883 
-0.597268 -0.255126 0.407261 
0.428576 -0.492009 0.502532 
-0.597268 -0.255126 0.407261 
0.427994 -0.493507 0.503914 
-0.597268 -0.255126 0.407261 
0.425895 -0.493335 0.502226 
-0.597268 -0.255126 0.407261 
0.425066 -0.493754 0.501909 
-0.597268 -0.255126 0.407261 
0.424082 -0.493845 0.501695 
-0.597268 -0.255126 0.407261 
0.423246 -0.493616 0.502539 
-0.597268 -0.255126 0.407261 
0.422859 -0.493141 0.503004 
-0.597268 -0.255126 0.407261 
0.422218 -0.493246 0.502821 
-0.597268 -0.255126 0.407261 
0.421447 -0.493506 0.501904 
-0.597268 -0.255126 0.407261 
0.421322 -0.493047 0.502472 
-0.597268 -0.255126 0.407261 
0.42096 -0.493031 0.502701 
-0.597268 -0.255126 0.407261 
0.419779 -0.493342 0.500666 
-0.597268 -0.255126 0.407261 
0.419009 -0.493428 0.499911 
-0.597268 -0.255126 0.407261 
0.418575 -0.493188 0.499881 
-0.597268 -0.255126 0.407261 
0.417928 -0.492622 0.49935 
-0.597268 -0.255126 0.407261 
0.417446 -0.493059 0.498575 
-0.597268 -0.255126 0.407261 
0.416782 -0.493444 0.497379 
-0.597268 -0.255126 0.407261 
0.416731 -0.493177 0.497479 
-0.597268 -0.255126 0.407261 
0.416764 -0.493043 0.497297 
-0.597268 -0.255126 0.407261 
0.416434 -0.49336 0.49627 
-0.597268 -0.255126 0.407261 
0.416347 -0.491386 0.490963 
-0.597268 -0.255126 0.407261 
0.416872 -0.492149 0.491931 
-0.597268 -0.255126 0.407261 
0.416303 -0.491893 0.490776 
-0.597268 -0.255126 0.407261 
0.416065 -0.492472 0.489934 
-0.597268 -0.255126 0.407261 
0.415813 -0.491671 0.490001 
-0.597268 -0.255126 0.407261 
0.415751 -0.491715 0.489772 
-0.597268 -0.255126 0.407261 
0.415243 -0.491475 0.489014 
-0.597268 -0.255126 0.407261 
0.414934 -0.491393 0.488549 
-0.597268 -0.255126 0.407261 
0.414953 -0.491535 0.488553 
-0.597268 -0.255126 0.407261 
0.41407 -0.491014 0.487361 
-0.597268 -0.255126 0.407261 
0.414145 -0.490865 0.487377 
-0.597268 -0.255126 0.407261 
0.413991 -0.490595 0.486985 
-0.597268 -0.255126 0.407261 
0.413984 -0.490641 0.486698 
-0.597268 -0.255126 0.407261 
0.414127 -0.490739 0.486534 
-0.597268 -0.255126 0.407261 
0.41388 -0.491094 0.486026 
-0.597268 -0.255126 0.407261 
0.413747 -0.491481 0.485249 
-0.597268 -0.255126 0.407261 
0.414462 -0.491272 0.486209 
-0.597268 -0.255126 0.407261 
0.415637 -0.491591 0.487441 
-0.597268 -0.255126 0.407261 
0.415216 -0.491739 0.486144 
