-0.638024 -0.242242 0.373565 
0.380779 -0.481959 0.43935 
-0.638024 -0.242242 0.373565 
0.380809 -0.484864 0.441288 
-0.634614 -0.24136 0.376923 
0.381093 -0.486374 0.442215 
-0.637346 -0.243365 0.375819 
0.38088 -0.486534 0.442523 
-0.63764 -0.244529 0.375184 
0.38087 -0.487049 0.444056 
-0.637769 -0.244688 0.374568 
0.380933 -0.487526 0.443334 
-0.636067 -0.243554 0.374859 
0.381318 -0.488939 0.442679 
-0.632658 -0.242194 0.376172 
0.381554 -0.489922 0.44303 
-0.628728 -0.240784 0.377314 
0.382214 -0.491553 0.443059 
-0.62517 -0.239724 0.378621 
0.382695 -0.492358 0.442991 
-0.623496 -0.238549 0.379102 
0.383018 -0.492893 0.441945 
-0.621046 -0.237883 0.379864 
0.382926 -0.493347 0.440736 
-0.619274 -0.237382 0.3805 
0.382973 -0.494195 0.441243 
-0.618032 -0.236668 0.380879 
0.382941 -0.495288 0.440555 
-0.615883 -0.23589 0.381392 
0.382888 -0.496196 0.440628 
-0.612871 -0.234786 0.382368 
0.382774 -0.496903 0.439445 
-0.611297 -0.233896 0.382828 
0.382739 -0.498182 0.438647 
-0.607624 -0.232383 0.383773 
0.382849 -0.498888 0.43907 
-0.605206 -0.231387 0.384332 
0.382777 -0.499371 0.439485 
-0.602928 -0.230231 0.384739 
0.382351 -0.499714 0.440816 
-0.602726 -0.229955 0.384294 
0.381671 -0.500461 0.44024 
-0.603248 -0.229889 0.383764 
0.381236 -0.500556 0.440484 
-0.45805 -0.16486 0.48415 
0.381847 -0.500249 0.440337 
-0.574387 -0.216704 0.403492 
0.385836 -0.509099 0.448306 
-0.472572 -0.171388 0.474119 
0.384397 -0.506287 0.447245 
-0.472598 -0.171409 0.474116 
0.387843 -0.509439 0.451396 
-0.472602 -0.171409 0.474115 
0.389303 -0.507717 0.453806 
-0.472603 -0.171409 0.474115 
0.392457 -0.507168 0.456573 
-0.472605 -0.171409 0.474115 
0.395898 -0.505593 0.459999 
-0.472606 -0.171409 0.474115 
0.399876 -0.50378 0.464343 
-0.472606 -0.171409 0.474115 
0.404031 -0.503258 0.465861 
-0.472607 -0.171409 0.474115 
0.408194 -0.501721 0.468865 
-0.472607 -0.171409 0.474115 
0.413075 -0.499605 0.472795 
-0.472607 -0.17141 0.474115 
0.418616 -0.49802 0.473277 
-0.472608 -0.17141 0.474116 
0.423504 -0.496292 0.478031 
-0.472608 -0.17141 0.474116 
0.428347 -0.494341 0.479266 
-0.472608 -0.17141 0.474116 
0.433076 -0.492381 0.479044 
