-0.591419 -0.194918 0.436428 
0.400795 -0.504304 0.485867 
-0.591419 -0.194918 0.436428 
0.400795 -0.504304 0.485867 
-0.590298 -0.194695 0.437071 
0.400795 -0.504304 0.485867 
-0.592133 -0.19271 0.435851 
0.400795 -0.504304 0.485867 
-0.592747 -0.191275 0.435258 
0.400795 -0.504304 0.485867 
-0.594044 -0.190237 0.434518 
0.400795 -0.504304 0.485867 
-0.59521 -0.188865 0.433655 
0.400795 -0.504304 0.485867 
-0.596192 -0.187819 0.433208 
0.400795 -0.504304 0.485867 
-0.597262 -0.186751 0.432178 
0.400795 -0.504304 0.485867 
-0.598329 -0.185402 0.431317 
0.400795 -0.504304 0.485867 
-0.599183 -0.184412 0.430508 
0.400795 -0.504304 0.485867 
-0.600211 -0.183187 0.429798 
0.400795 -0.504304 0.485867 
-0.600969 -0.182006 0.428922 
0.400795 -0.504304 0.485867 
-0.601731 -0.180724 0.42797 
0.400795 -0.504304 0.485867 
-0.602429 -0.179661 0.427058 
0.400795 -0.504304 0.485867 
-0.603153 -0.17834 0.426193 
0.400795 -0.504304 0.485867 
-0.603769 -0.177407 0.425275 
0.400795 -0.504304 0.485867 
-0.604384 -0.176347 0.424397 
0.400795 -0.504304 0.485867 
-0.605008 -0.175124 0.423419 
0.400795 -0.504304 0.485867 
-0.605638 -0.174014 0.422185 
0.400795 -0.504304 0.485867 
-0.606268 -0.172782 0.421546 
0.400795 -0.504304 0.485867 
-0.606792 -0.171927 0.420709 
0.400795 -0.504304 0.485867 
-0.607348 -0.170981 0.419621 
0.400795 -0.504304 0.485867 
-0.607827 -0.170238 0.419168 
0.400795 -0.504304 0.485867 
-0.608475 -0.169218 0.417947 
0.400795 -0.504304 0.485867 
-0.609008 -0.168259 0.41739 
0.400795 -0.504304 0.485867 
-0.609501 -0.167407 0.416938 
0.400795 -0.504304 0.485867 
-0.609959 -0.166862 0.416184 
0.400795 -0.504304 0.485867 
-0.61108 -0.165388 0.415019 
0.400795 -0.504304 0.485867 
-0.612259 -0.163968 0.413491 
0.400795 -0.504304 0.485867 
-0.613365 -0.162344 0.412406 
0.400795 -0.504304 0.485867 
-0.614267 -0.161075 0.411518 
0.400795 -0.504304 0.485867 
-0.615212 -0.159939 0.410098 
0.400795 -0.504304 0.485867 
-0.615871 -0.159045 0.409633 
0.400795 -0.504304 0.485867 
-0.616429 -0.158024 0.409192 
0.400795 -0.504304 0.485867 
-0.616964 -0.157374 0.408383 
0.400795 -0.504304 0.485867 
-0.617352 -0.156832 0.407889 
0.400795 -0.504304 0.485867 
-0.61764 -0.156583 0.407517 
0.400795 -0.504304 0.485867 
-0.61787 -0.156356 0.407821 
0.400795 -0.504304 0.485867 
-0.618008 -0.156497 0.407728 
0.400795 -0.504304 0.485867 
-0.618133 -0.156504 0.408084 
0.400795 -0.504304 0.485867 
-0.618067 -0.157044 0.40827 
0.400795 -0.504304 0.485867 
-0.617982 -0.157518 0.408851 
0.400795 -0.504304 0.485867 
-0.617918 -0.158128 0.409237 
0.400795 -0.504304 0.485867 
-0.617664 -0.159156 0.410296 
0.400795 -0.504304 0.485867 
-0.617309 -0.160409 0.411339 
0.400795 -0.504304 0.485867 
-0.617007 -0.161674 0.412211 
0.400795 -0.504304 0.485867 
-0.616679 -0.163128 0.413184 
0.400795 -0.504304 0.485867 
-0.616348 -0.164598 0.41443 
0.400795 -0.504304 0.485867 
-0.615852 -0.166634 0.415951 
0.400795 -0.504304 0.485867 
-0.615411 -0.168648 0.41766 
0.400795 -0.504304 0.485867 
-0.614965 -0.170935 0.419119 
0.400795 -0.504304 0.485867 
-0.61446 -0.17333 0.420533 
0.400795 -0.504304 0.485867 
-0.613984 -0.175832 0.422081 
0.400795 -0.504304 0.485867 
-0.61353 -0.178498 0.423781 
0.400795 -0.504304 0.485867 
-0.613067 -0.181051 0.425176 
0.400795 -0.504304 0.485867 
-0.61255 -0.184089 0.426895 
0.400795 -0.504304 0.485867 
-0.612121 -0.186998 0.428308 
0.400795 -0.504304 0.485867 
-0.611699 -0.189877 0.429643 
0.400795 -0.504304 0.485867 
-0.611371 -0.192634 0.431022 
0.400795 -0.504304 0.485867 
-0.611029 -0.195667 0.432279 
0.400795 -0.504304 0.485867 
-0.610775 -0.198779 0.433364 
0.400795 -0.504304 0.485867 
-0.610571 -0.201708 0.434412 
0.400795 -0.504304 0.485867 
-0.610464 -0.204265 0.435277 
0.400795 -0.504304 0.485867 
-0.610329 -0.207387 0.436181 
0.400795 -0.504304 0.485867 
-0.61028 -0.210104 0.436975 
0.400795 -0.504304 0.485867 
-0.61025 -0.21328 0.437919 
0.400795 -0.504304 0.485867 
-0.610278 -0.216286 0.438783 
0.400795 -0.504304 0.485867 
-0.610324 -0.219579 0.439445 
0.400795 -0.504304 0.485867 
-0.610456 -0.222397 0.439959 
0.400795 -0.504304 0.485867 
-0.610672 -0.224964 0.440502 
0.400795 -0.504304 0.485867 
-0.61084 -0.228077 0.441156 
0.400795 -0.504304 0.485867 
-0.611091 -0.230746 0.441951 
0.400795 -0.504304 0.485867 
-0.611299 -0.23398 0.441882 
0.400795 -0.504304 0.485867 
-0.611403 -0.236201 0.441462 
0.400795 -0.504304 0.485867 
-0.611631 -0.238517 0.44171 
0.400795 -0.504304 0.485867 
-0.611815 -0.240752 0.441663 
0.400795 -0.504304 0.485867 
-0.612121 -0.243289 0.442006 
0.400795 -0.504304 0.485867 
-0.612349 -0.245089 0.441652 
0.400795 -0.504304 0.485867 
-0.612704 -0.247661 0.442025 
0.400795 -0.504304 0.485867 
-0.613084 -0.249662 0.442041 
0.400795 -0.504304 0.485867 
-0.613485 -0.25171 0.441772 
0.400795 -0.504304 0.485867 
-0.613807 -0.25377 0.441593 
0.400795 -0.504304 0.485867 
-0.614218 -0.255983 0.441643 
0.400795 -0.504304 0.485867 
-0.614672 -0.257833 0.441495 
0.400795 -0.504304 0.485867 
-0.615296 -0.260929 0.441218 
0.400795 -0.504304 0.485867 
-0.615247 -0.260659 0.44139 
0.400795 -0.504304 0.485867 
-0.615748 -0.26242 0.441155 
0.400795 -0.504304 0.485867 
-0.616182 -0.264104 0.440956 
0.400795 -0.504304 0.485867 
-0.616512 -0.265583 0.440806 
0.400795 -0.504304 0.485867 
-0.616958 -0.267183 0.440691 
0.400795 -0.504304 0.485867 
-0.617206 -0.268219 0.440582 
0.400795 -0.504304 0.485867 
-0.617446 -0.269204 0.440372 
0.400795 -0.504304 0.485867 
-0.617684 -0.270012 0.44037 
0.400795 -0.504304 0.485867 
-0.617871 -0.270738 0.440221 
0.400795 -0.504304 0.485867 
-0.618026 -0.271541 0.440292 
0.400795 -0.504304 0.485867 
-0.61823 -0.272021 0.440258 
0.400795 -0.504304 0.485867 
-0.618394 -0.27227 0.440356 
0.400795 -0.504304 0.485867 
-0.618523 -0.272757 0.440277 
0.400795 -0.504304 0.485867 
-0.618631 -0.272941 0.440203 
0.400795 -0.504304 0.485867 
-0.618805 -0.273239 0.440314 
0.400795 -0.504304 0.485867 
-0.618936 -0.273465 0.440435 
0.400795 -0.504304 0.485867 
-0.619034 -0.273661 0.440429 
0.400795 -0.504304 0.485867 
-0.619061 -0.273606 0.440375 
0.400795 -0.504304 0.485867 
-0.619028 -0.273345 0.440385 
0.400795 -0.504304 0.485867 
-0.619119 -0.273431 0.440284 
0.400795 -0.504304 0.485867 
-0.619166 -0.273476 0.440194 
0.400795 -0.504304 0.485867 
-0.619202 -0.273427 0.440191 
0.400795 -0.504304 0.485867 
-0.619236 -0.27348 0.440135 
0.400795 -0.504304 0.485867 
-0.619272 -0.273541 0.44001 
0.400795 -0.504304 0.485867 
-0.619348 -0.273818 0.439769 
0.400795 -0.504304 0.485867 
-0.619363 -0.274036 0.439526 
0.400795 -0.504304 0.485867 
-0.619453 -0.274313 0.439287 
0.400795 -0.504304 0.485867 
-0.619602 -0.274705 0.439101 
0.400795 -0.504304 0.485867 
-0.619728 -0.275127 0.438948 
0.400795 -0.504304 0.485867 
-0.619898 -0.275497 0.438822 
0.400795 -0.504304 0.485867 
-0.62017 -0.276341 0.438467 
0.400795 -0.504304 0.485867 
-0.620461 -0.277299 0.437973 
0.400795 -0.504304 0.485867 
-0.620783 -0.278211 0.43777 
0.400795 -0.504304 0.485867 
-0.621328 -0.279414 0.437715 
0.400795 -0.504304 0.485867 
-0.621923 -0.280635 0.437494 
0.400795 -0.504304 0.485867 
-0.622663 -0.282349 0.437867 
0.400795 -0.504304 0.485867 
-0.623728 -0.28451 0.438119 
0.400795 -0.504304 0.485867 
-0.624603 -0.286091 0.437774 
0.400795 -0.504304 0.485867 
-0.625412 -0.287633 0.437616 
0.400795 -0.504304 0.485867 
-0.626363 -0.28945 0.437226 
0.400795 -0.504304 0.485867 
-0.627424 -0.291544 0.43695 
0.400795 -0.504304 0.485867 
-0.628372 -0.29336 0.436694 
0.400795 -0.504304 0.485867 
-0.629323 -0.295053 0.436302 
0.400795 -0.504304 0.485867 
-0.630498 -0.296993 0.436139 
0.400795 -0.504304 0.485867 
-0.631683 -0.299131 0.43572 
0.400795 -0.504304 0.485867 
-0.632729 -0.300952 0.435455 
0.400795 -0.504304 0.485867 
-0.633698 -0.302616 0.435195 
0.400795 -0.504304 0.485867 
-0.634733 -0.304284 0.434676 
0.400795 -0.504304 0.485867 
-0.635684 -0.305839 0.43437 
0.400795 -0.504304 0.485867 
-0.636717 -0.307502 0.43417 
0.400795 -0.504304 0.485867 
-0.637712 -0.308934 0.434133 
0.400795 -0.504304 0.485867 
-0.638626 -0.310389 0.434068 
0.400795 -0.504304 0.485867 
-0.639132 -0.311545 0.433588 
0.400795 -0.504304 0.485867 
-0.639732 -0.312627 0.433586 
0.400795 -0.504304 0.485867 
-0.64007 -0.31348 0.433121 
0.400795 -0.504304 0.485867 
-0.640432 -0.314224 0.433016 
0.400795 -0.504304 0.485867 
-0.640715 -0.314932 0.432908 
0.400795 -0.504304 0.485867 
-0.640897 -0.315384 0.433047 
0.400795 -0.504304 0.485867 
-0.640907 -0.31587 0.432734 
0.400795 -0.504304 0.485867 
-0.640481 -0.315729 0.432245 
0.400795 -0.504304 0.485867 
-0.639755 -0.31552 0.431554 
0.400795 -0.504304 0.485867 
-0.638735 -0.314767 0.430736 
0.400795 -0.504304 0.485867 
-0.63782 -0.314191 0.430154 
0.400795 -0.504304 0.485867 
-0.636923 -0.313725 0.429989 
0.400795 -0.504304 0.485867 
-0.636104 -0.313259 0.430192 
0.400795 -0.504304 0.485867 
-0.634931 -0.312261 0.429759 
0.400795 -0.504304 0.485867 
-0.633532 -0.311107 0.429269 
0.400795 -0.504304 0.485867 
-0.632295 -0.31022 0.42899 
0.400795 -0.504304 0.485867 
-0.63074 -0.308976 0.428753 
0.400795 -0.504304 0.485867 
-0.629284 -0.307671 0.428665 
0.400795 -0.504304 0.485867 
-0.627782 -0.306311 0.428338 
0.400795 -0.504304 0.485867 
-0.626161 -0.304802 0.428099 
0.400795 -0.504304 0.485867 
-0.624635 -0.3033 0.427818 
0.400795 -0.504304 0.485867 
-0.622955 -0.301504 0.427664 
0.400795 -0.504304 0.485867 
-0.621116 -0.299901 0.427192 
0.400795 -0.504304 0.485867 
-0.590653 -0.19358 0.436016 
0.400795 -0.504304 0.485867 
