-0.597268 -0.255126 0.407261 
0.383389 -0.483587 0.43879 
-0.597268 -0.255126 0.407261 
0.383389 -0.483587 0.43879 
-0.597268 -0.255126 0.407261 
0.38351 -0.4878 0.443462 
-0.597268 -0.255126 0.407261 
0.383232 -0.484242 0.439181 
-0.597268 -0.255126 0.407261 
0.383636 -0.489478 0.444521 
-0.597268 -0.255126 0.407261 
0.383692 -0.491108 0.444011 
-0.597268 -0.255126 0.407261 
0.383247 -0.486938 0.439601 
-0.597268 -0.255126 0.407261 
0.384296 -0.492445 0.444385 
-0.597268 -0.255126 0.407261 
0.383978 -0.489428 0.439414 
-0.597268 -0.255126 0.407261 
0.384455 -0.490062 0.43884 
-0.597268 -0.255126 0.407261 
0.384692 -0.490589 0.438295 
-0.597268 -0.255126 0.407261 
0.384789 -0.491186 0.437959 
-0.597268 -0.255126 0.407261 
0.384823 -0.491745 0.437662 
-0.597268 -0.255126 0.407261 
0.385243 -0.495519 0.44228 
-0.597268 -0.255126 0.407261 
0.38556 -0.498181 0.4435 
-0.597268 -0.255126 0.407261 
0.384734 -0.49544 0.438299 
-0.597268 -0.255126 0.407261 
0.384855 -0.496506 0.437838 
-0.597268 -0.255126 0.407261 
0.384978 -0.497497 0.437314 
-0.597268 -0.255126 0.407261 
0.385206 -0.50129 0.43928 
-0.597268 -0.255126 0.407261 
0.384909 -0.501576 0.442936 
-0.597268 -0.255126 0.407261 
0.384392 -0.50214 0.442897 
-0.597268 -0.255126 0.407261 
0.383767 -0.501918 0.439978 
-0.597268 -0.255126 0.407261 
0.433032 -0.515001 0.452942 
