-0.636822 -0.252228 0.37454 
0.400795 -0.504304 0.485867 
-0.640608 -0.253262 0.375926 
0.400795 -0.504304 0.485867 
-0.643862 -0.253661 0.37747 
0.400795 -0.504304 0.485867 
-0.644049 -0.253968 0.378054 
0.400795 -0.504304 0.485867 
-0.644076 -0.254633 0.377954 
0.400795 -0.504304 0.485867 
-0.643469 -0.254529 0.377486 
0.400795 -0.504304 0.485867 
-0.641383 -0.253459 0.377822 
0.400795 -0.504304 0.485867 
-0.63821 -0.252136 0.379049 
0.400795 -0.504304 0.485867 
-0.634129 -0.250805 0.380603 
0.400795 -0.504304 0.485867 
-0.630814 -0.249435 0.381609 
0.400795 -0.504304 0.485867 
-0.628303 -0.248272 0.38252 
0.400795 -0.504304 0.485867 
-0.626471 -0.24761 0.383077 
0.400795 -0.504304 0.485867 
-0.624896 -0.246846 0.383572 
0.400795 -0.504304 0.485867 
-0.623403 -0.245838 0.383989 
0.400795 -0.504304 0.485867 
-0.621455 -0.245327 0.384738 
0.400795 -0.504304 0.485867 
-0.618927 -0.24442 0.385272 
0.400795 -0.504304 0.485867 
-0.616391 -0.243041 0.38563 
0.400795 -0.504304 0.485867 
-0.613744 -0.241875 0.386358 
0.400795 -0.504304 0.485867 
-0.61127 -0.240752 0.386885 
0.400795 -0.504304 0.485867 
-0.609783 -0.23976 0.386711 
0.400795 -0.504304 0.485867 
-0.609061 -0.239117 0.386188 
0.400795 -0.504304 0.485867 
-0.609564 -0.238794 0.38548 
0.400795 -0.504304 0.485867 
-0.45805 -0.16486 0.48415 
0.400795 -0.504304 0.485867 
