-0.597268 -0.255126 0.407261 
0.386635 -0.491221 0.44151 
-0.597268 -0.255126 0.407261 
0.386635 -0.491221 0.44151 
-0.597268 -0.255126 0.407261 
0.386635 -0.491221 0.44151 
-0.597268 -0.255126 0.407261 
0.387322 -0.490714 0.44137 
-0.597268 -0.255126 0.407261 
0.388907 -0.490674 0.442775 
-0.597268 -0.255126 0.407261 
0.389778 -0.490637 0.441742 
-0.597268 -0.255126 0.407261 
0.390413 -0.490747 0.441524 
-0.597268 -0.255126 0.407261 
0.391092 -0.49116 0.442335 
-0.597268 -0.255126 0.407261 
0.3919 -0.491288 0.443258 
-0.597268 -0.255126 0.407261 
0.392782 -0.491284 0.443225 
-0.597268 -0.255126 0.407261 
0.393752 -0.491429 0.443078 
-0.597268 -0.255126 0.407261 
0.395055 -0.491598 0.443618 
-0.597268 -0.255126 0.407261 
0.396432 -0.491718 0.444203 
-0.597268 -0.255126 0.407261 
0.398877 -0.491957 0.444812 
-0.597268 -0.255126 0.407261 
0.401273 -0.492309 0.445404 
-0.597268 -0.255126 0.407261 
0.403593 -0.492621 0.445663 
-0.597268 -0.255126 0.407261 
0.406128 -0.492913 0.44637 
-0.597268 -0.255126 0.407261 
0.40877 -0.493159 0.446505 
-0.597268 -0.255126 0.407261 
0.411441 -0.493368 0.446246 
-0.597268 -0.255126 0.407261 
0.414234 -0.493619 0.446122 
-0.597268 -0.255126 0.407261 
0.417018 -0.493803 0.44643 
-0.597268 -0.255126 0.407261 
0.41974 -0.49387 0.445976 
-0.597268 -0.255126 0.407261 
0.422341 -0.493973 0.445497 
-0.597268 -0.255126 0.407261 
0.424925 -0.49414 0.445264 
-0.597268 -0.255126 0.407261 
0.427497 -0.49438 0.445377 
-0.597268 -0.255126 0.407261 
0.430014 -0.494531 0.445206 
-0.597268 -0.255126 0.407261 
0.432457 -0.494739 0.444921 
-0.597268 -0.255126 0.407261 
0.43489 -0.495018 0.445134 
-0.597268 -0.255126 0.407261 
0.437193 -0.495202 0.44529 
-0.597268 -0.255126 0.407261 
0.439417 -0.495443 0.445248 
-0.597268 -0.255126 0.407261 
0.441453 -0.49573 0.445133 
-0.597268 -0.255126 0.407261 
0.443381 -0.495969 0.445215 
-0.597268 -0.255126 0.407261 
0.445171 -0.496295 0.44607 
-0.597268 -0.255126 0.407261 
0.446597 -0.496568 0.446022 
-0.597268 -0.255126 0.407261 
0.447716 -0.496722 0.44563 
-0.597268 -0.255126 0.407261 
0.448587 -0.496869 0.44557 
-0.597268 -0.255126 0.407261 
0.448584 -0.496867 0.445568 
-0.597268 -0.255126 0.407261 
0.448588 -0.496872 0.445566 
-0.597268 -0.255126 0.407261 
0.448587 -0.496871 0.445567 
-0.597268 -0.255126 0.407261 
0.448583 -0.496865 0.445571 
-0.597268 -0.255126 0.407261 
0.448584 -0.496866 0.445571 
-0.597268 -0.255126 0.407261 
0.44858 -0.496863 0.445571 
-0.597268 -0.255126 0.407261 
0.448585 -0.496864 0.445582 
-0.597268 -0.255126 0.407261 
0.448579 -0.496856 0.445589 
-0.597268 -0.255126 0.407261 
0.448578 -0.496857 0.445586 
-0.597268 -0.255126 0.407261 
0.448575 -0.496854 0.445585 
-0.597268 -0.255126 0.407261 
0.448571 -0.496849 0.445586 
-0.597268 -0.255126 0.407261 
0.448568 -0.496845 0.44559 
-0.597268 -0.255126 0.407261 
0.448564 -0.496842 0.445585 
-0.597268 -0.255126 0.407261 
0.448715 -0.496958 0.445704 
-0.597268 -0.255126 0.407261 
0.448715 -0.496958 0.445704 
-0.597268 -0.255126 0.407261 
0.448715 -0.496958 0.445704 
-0.597268 -0.255126 0.407261 
0.448715 -0.496958 0.445704 
-0.597268 -0.255126 0.407261 
0.448715 -0.496958 0.445704 
-0.597268 -0.255126 0.407261 
0.448715 -0.496958 0.445704 
-0.597268 -0.255126 0.407261 
0.448715 -0.496958 0.445704 
-0.597268 -0.255126 0.407261 
0.448715 -0.496958 0.445704 
-0.597268 -0.255126 0.407261 
0.448715 -0.496958 0.445704 
-0.597268 -0.255126 0.407261 
0.448715 -0.496958 0.445704 
-0.597268 -0.255126 0.407261 
0.448715 -0.496958 0.445704 
-0.597268 -0.255126 0.407261 
0.448715 -0.496958 0.445704 
-0.597268 -0.255126 0.407261 
0.448715 -0.496958 0.445704 
-0.597268 -0.255126 0.407261 
0.448715 -0.496958 0.445704 
-0.597268 -0.255126 0.407261 
0.448715 -0.496958 0.445704 
-0.597268 -0.255126 0.407261 
0.448715 -0.496958 0.445704 
-0.597268 -0.255126 0.407261 
0.448715 -0.496958 0.445704 
-0.597268 -0.255126 0.407261 
0.448715 -0.496958 0.445704 
-0.597268 -0.255126 0.407261 
0.448715 -0.496958 0.445704 
-0.597268 -0.255126 0.407261 
0.448715 -0.496958 0.445704 
-0.597268 -0.255126 0.407261 
0.448715 -0.496958 0.445704 
-0.597268 -0.255126 0.407261 
0.448715 -0.496958 0.445704 
-0.597268 -0.255126 0.407261 
0.448715 -0.496958 0.445704 
-0.597268 -0.255126 0.407261 
0.448715 -0.496958 0.445704 
-0.597268 -0.255126 0.407261 
0.448715 -0.496958 0.445704 
-0.597268 -0.255126 0.407261 
0.448715 -0.496958 0.445704 
-0.597268 -0.255126 0.407261 
0.448715 -0.496958 0.445704 
-0.597268 -0.255126 0.407261 
0.448715 -0.496958 0.445704 
-0.597268 -0.255126 0.407261 
0.448715 -0.496958 0.445704 
-0.597268 -0.255126 0.407261 
0.448715 -0.496958 0.445704 
-0.597268 -0.255126 0.407261 
0.448715 -0.496958 0.445704 
-0.597268 -0.255126 0.407261 
0.448715 -0.496958 0.445704 
-0.597268 -0.255126 0.407261 
0.448715 -0.496958 0.445704 
-0.597268 -0.255126 0.407261 
0.448715 -0.496958 0.445704 
-0.597268 -0.255126 0.407261 
0.448715 -0.496958 0.445704 
-0.597268 -0.255126 0.407261 
0.448715 -0.496958 0.445704 
-0.597268 -0.255126 0.407261 
0.448715 -0.496958 0.445704 
-0.597268 -0.255126 0.407261 
0.448715 -0.496958 0.445704 
-0.597268 -0.255126 0.407261 
0.448715 -0.496958 0.445704 
-0.597268 -0.255126 0.407261 
0.448715 -0.496958 0.445704 
-0.597268 -0.255126 0.407261 
0.448715 -0.496958 0.445704 
-0.597268 -0.255126 0.407261 
0.448715 -0.496958 0.445704 
-0.597268 -0.255126 0.407261 
0.448715 -0.496958 0.445704 
-0.597268 -0.255126 0.407261 
0.448715 -0.496958 0.445704 
-0.597268 -0.255126 0.407261 
0.448715 -0.496958 0.445704 
-0.597268 -0.255126 0.407261 
0.448715 -0.496958 0.445704 
-0.597268 -0.255126 0.407261 
0.448715 -0.496958 0.445704 
-0.597268 -0.255126 0.407261 
0.448715 -0.496958 0.445704 
-0.597268 -0.255126 0.407261 
0.448715 -0.496958 0.445704 
-0.597268 -0.255126 0.407261 
0.448715 -0.496958 0.445704 
