-0.624586 -0.224825 0.415838 
0.400795 -0.504304 0.485867 
-0.624587 -0.224825 0.415838 
0.400795 -0.504304 0.485867 
-0.624192 -0.22503 0.41414 
0.400795 -0.504304 0.485867 
-0.623943 -0.225408 0.413827 
0.400795 -0.504304 0.485867 
-0.62351 -0.226858 0.413847 
0.400795 -0.504304 0.485867 
-0.622317 -0.228881 0.413981 
0.400795 -0.504304 0.485867 
-0.619654 -0.229528 0.414336 
0.400795 -0.504304 0.485867 
-0.617478 -0.22984 0.415218 
0.400795 -0.504304 0.485867 
-0.615937 -0.230058 0.41549 
0.400795 -0.504304 0.485867 
-0.614799 -0.230281 0.41581 
0.400795 -0.504304 0.485867 
-0.614064 -0.230327 0.415521 
0.400795 -0.504304 0.485867 
-0.613458 -0.230493 0.415148 
0.400795 -0.504304 0.485867 
-0.61301 -0.230354 0.415009 
0.400795 -0.504304 0.485867 
-0.612649 -0.230459 0.415479 
0.400795 -0.504304 0.485867 
-0.612364 -0.230263 0.415203 
0.400795 -0.504304 0.485867 
-0.611483 -0.230532 0.41581 
0.400795 -0.504304 0.485867 
-0.610265 -0.231207 0.415856 
0.400795 -0.504304 0.485867 
-0.609112 -0.231333 0.416028 
0.400795 -0.504304 0.485867 
-0.608288 -0.231209 0.416402 
0.400795 -0.504304 0.485867 
-0.608197 -0.230568 0.41641 
0.400795 -0.504304 0.485867 
-0.608354 -0.230859 0.416006 
0.400795 -0.504304 0.485867 
-0.608312 -0.23077 0.415888 
0.400795 -0.504304 0.485867 
-0.608317 -0.231155 0.416052 
0.400795 -0.504304 0.485867 
-0.608229 -0.231314 0.416291 
0.400795 -0.504304 0.485867 
-0.60827 -0.231355 0.416278 
0.400795 -0.504304 0.485867 
-0.608252 -0.231351 0.416257 
0.400795 -0.504304 0.485867 
-0.608259 -0.231314 0.416221 
0.400795 -0.504304 0.485867 
-0.6082 -0.231413 0.416289 
0.400795 -0.504304 0.485867 
-0.608247 -0.23151 0.416371 
0.400795 -0.504304 0.485867 
-0.608305 -0.231634 0.416538 
0.400795 -0.504304 0.485867 
-0.608375 -0.231616 0.41653 
0.400795 -0.504304 0.485867 
-0.608394 -0.231811 0.416742 
0.400795 -0.504304 0.485867 
-0.608517 -0.231333 0.416144 
0.400795 -0.504304 0.485867 
-0.60856 -0.231249 0.415988 
0.400795 -0.504304 0.485867 
-0.60854 -0.231401 0.416154 
0.400795 -0.504304 0.485867 
-0.608559 -0.231278 0.416268 
0.400795 -0.504304 0.485867 
-0.608506 -0.231385 0.416454 
0.400795 -0.504304 0.485867 
-0.608502 -0.231199 0.416518 
0.400795 -0.504304 0.485867 
-0.608604 -0.231354 0.416086 
0.400795 -0.504304 0.485867 
-0.608599 -0.231292 0.416282 
0.400795 -0.504304 0.485867 
-0.608485 -0.231345 0.41639 
0.400795 -0.504304 0.485867 
-0.608432 -0.231222 0.416556 
0.400795 -0.504304 0.485867 
-0.608502 -0.231172 0.416374 
0.400795 -0.504304 0.485867 
-0.608477 -0.230982 0.415937 
0.400795 -0.504304 0.485867 
-0.608335 -0.23101 0.416055 
0.400795 -0.504304 0.485867 
-0.608413 -0.230931 0.415847 
0.400795 -0.504304 0.485867 
-0.608326 -0.231253 0.416551 
0.400795 -0.504304 0.485867 
-0.608277 -0.230958 0.416709 
0.400795 -0.504304 0.485867 
-0.60834 -0.230913 0.416287 
0.400795 -0.504304 0.485867 
-0.608415 -0.230994 0.416208 
0.400795 -0.504304 0.485867 
-0.608376 -0.230827 0.416213 
0.400795 -0.504304 0.485867 
-0.608356 -0.230843 0.416311 
0.400795 -0.504304 0.485867 
-0.608412 -0.230934 0.41661 
0.400795 -0.504304 0.485867 
-0.608425 -0.230963 0.416548 
0.400795 -0.504304 0.485867 
-0.608463 -0.231034 0.416411 
0.400795 -0.504304 0.485867 
-0.608476 -0.231111 0.416296 
0.400795 -0.504304 0.485867 
-0.608506 -0.231128 0.41626 
0.400795 -0.504304 0.485867 
-0.608554 -0.231104 0.416215 
0.400795 -0.504304 0.485867 
-0.608544 -0.231221 0.41614 
0.400795 -0.504304 0.485867 
-0.608485 -0.231309 0.416232 
0.400795 -0.504304 0.485867 
-0.607611 -0.230087 0.415323 
0.400795 -0.504304 0.485867 
-0.60573 -0.227248 0.413463 
0.400795 -0.504304 0.485867 
-0.604125 -0.224111 0.411058 
0.400795 -0.504304 0.485867 
-0.602711 -0.221099 0.408544 
0.400795 -0.504304 0.485867 
-0.601726 -0.217423 0.405795 
0.400795 -0.504304 0.485867 
-0.600562 -0.213667 0.403002 
0.400795 -0.504304 0.485867 
-0.599822 -0.209285 0.399691 
0.400795 -0.504304 0.485867 
-0.599222 -0.20423 0.395869 
0.400795 -0.504304 0.485867 
-0.598963 -0.199778 0.392028 
0.400795 -0.504304 0.485867 
-0.598869 -0.194938 0.388525 
0.400795 -0.504304 0.485867 
-0.599042 -0.190269 0.384309 
0.400795 -0.504304 0.485867 
-0.599326 -0.185592 0.380302 
0.400795 -0.504304 0.485867 
-0.599545 -0.181048 0.376808 
0.400795 -0.504304 0.485867 
-0.601164 -0.178046 0.373779 
0.400795 -0.504304 0.485867 
-0.602406 -0.176705 0.372895 
0.400795 -0.504304 0.485867 
-0.60377 -0.175715 0.371414 
0.400795 -0.504304 0.485867 
-0.604637 -0.175383 0.370895 
0.400795 -0.504304 0.485867 
-0.605268 -0.17574 0.370365 
0.400795 -0.504304 0.485867 
-0.60536 -0.177157 0.370538 
0.400795 -0.504304 0.485867 
-0.605017 -0.179097 0.371655 
0.400795 -0.504304 0.485867 
-0.604415 -0.182081 0.372927 
0.400795 -0.504304 0.485867 
-0.60353 -0.185425 0.37425 
0.400795 -0.504304 0.485867 
-0.602267 -0.189867 0.375844 
0.400795 -0.504304 0.485867 
-0.601164 -0.193932 0.377163 
0.400795 -0.504304 0.485867 
-0.600756 -0.204462 0.378546 
0.400795 -0.504304 0.485867 
-0.601176 -0.20374 0.377873 
0.400795 -0.504304 0.485867 
-0.600125 -0.209364 0.378842 
0.400795 -0.504304 0.485867 
-0.599261 -0.214613 0.379551 
0.400795 -0.504304 0.485867 
-0.598482 -0.219691 0.380127 
0.400795 -0.504304 0.485867 
-0.597999 -0.224112 0.379915 
0.400795 -0.504304 0.485867 
-0.597646 -0.22861 0.380067 
0.400795 -0.504304 0.485867 
