-0.618716 -0.214278 0.403298 
0.400795 -0.504304 0.485867 
-0.618717 -0.214279 0.403298 
0.400795 -0.504304 0.485867 
-0.61899 -0.214137 0.402153 
0.400795 -0.504304 0.485867 
-0.618387 -0.214859 0.401598 
0.400795 -0.504304 0.485867 
-0.617748 -0.216229 0.40201 
0.400795 -0.504304 0.485867 
-0.616557 -0.21811 0.401982 
0.400795 -0.504304 0.485867 
-0.613888 -0.218906 0.402012 
0.400795 -0.504304 0.485867 
-0.611727 -0.219383 0.402398 
0.400795 -0.504304 0.485867 
-0.610205 -0.219555 0.402507 
0.400795 -0.504304 0.485867 
-0.609123 -0.219832 0.402384 
0.400795 -0.504304 0.485867 
-0.608201 -0.220051 0.402477 
0.400795 -0.504304 0.485867 
-0.607557 -0.220175 0.402239 
0.400795 -0.504304 0.485867 
-0.607189 -0.220174 0.402077 
0.400795 -0.504304 0.485867 
-0.606783 -0.220084 0.402226 
0.400795 -0.504304 0.485867 
-0.606488 -0.219966 0.40238 
0.400795 -0.504304 0.485867 
-0.605705 -0.220381 0.40238 
0.400795 -0.504304 0.485867 
-0.604418 -0.220886 0.40244 
0.400795 -0.504304 0.485867 
-0.603186 -0.220875 0.402508 
0.400795 -0.504304 0.485867 
-0.602438 -0.220647 0.402674 
0.400795 -0.504304 0.485867 
-0.60237 -0.220598 0.402458 
0.400795 -0.504304 0.485867 
-0.602432 -0.220823 0.402758 
0.400795 -0.504304 0.485867 
-0.602281 -0.220406 0.402099 
0.400795 -0.504304 0.485867 
-0.602317 -0.220525 0.402297 
0.400795 -0.504304 0.485867 
-0.602372 -0.220681 0.402553 
0.400795 -0.504304 0.485867 
-0.602342 -0.220613 0.402391 
0.400795 -0.504304 0.485867 
-0.602409 -0.220635 0.402397 
0.400795 -0.504304 0.485867 
-0.602538 -0.220378 0.401862 
0.400795 -0.504304 0.485867 
-0.602495 -0.220496 0.401924 
0.400795 -0.504304 0.485867 
-0.602491 -0.22061 0.402024 
0.400795 -0.504304 0.485867 
-0.602542 -0.220807 0.402123 
0.400795 -0.504304 0.485867 
-0.602542 -0.220819 0.402532 
0.400795 -0.504304 0.485867 
-0.602551 -0.220631 0.40234 
0.400795 -0.504304 0.485867 
-0.602505 -0.220978 0.402521 
0.400795 -0.504304 0.485867 
-0.602584 -0.220606 0.402385 
0.400795 -0.504304 0.485867 
-0.602587 -0.220738 0.402448 
0.400795 -0.504304 0.485867 
-0.602601 -0.220799 0.402376 
0.400795 -0.504304 0.485867 
-0.602559 -0.220914 0.402487 
0.400795 -0.504304 0.485867 
-0.602573 -0.220939 0.402513 
0.400795 -0.504304 0.485867 
-0.602562 -0.220841 0.40266 
0.400795 -0.504304 0.485867 
-0.602554 -0.220782 0.402762 
0.400795 -0.504304 0.485867 
-0.602616 -0.220828 0.402401 
0.400795 -0.504304 0.485867 
-0.602618 -0.220955 0.402355 
0.400795 -0.504304 0.485867 
-0.602597 -0.220624 0.402357 
0.400795 -0.504304 0.485867 
-0.602476 -0.220488 0.402312 
0.400795 -0.504304 0.485867 
-0.602543 -0.220397 0.40209 
0.400795 -0.504304 0.485867 
-0.602446 -0.220588 0.402257 
0.400795 -0.504304 0.485867 
-0.602543 -0.220625 0.402047 
0.400795 -0.504304 0.485867 
-0.602547 -0.220633 0.402015 
0.400795 -0.504304 0.485867 
-0.602512 -0.220572 0.402156 
0.400795 -0.504304 0.485867 
-0.602454 -0.22068 0.402279 
0.400795 -0.504304 0.485867 
-0.602454 -0.22052 0.402346 
0.400795 -0.504304 0.485867 
-0.602475 -0.220802 0.402397 
0.400795 -0.504304 0.485867 
-0.602572 -0.220745 0.402292 
0.400795 -0.504304 0.485867 
-0.602497 -0.220879 0.402472 
0.400795 -0.504304 0.485867 
-0.602511 -0.220706 0.40251 
0.400795 -0.504304 0.485867 
-0.602455 -0.22093 0.402752 
0.400795 -0.504304 0.485867 
-0.602553 -0.220702 0.402476 
0.400795 -0.504304 0.485867 
-0.60248 -0.220742 0.402708 
0.400795 -0.504304 0.485867 
-0.602591 -0.220545 0.402342 
0.400795 -0.504304 0.485867 
-0.602507 -0.220846 0.402679 
0.400795 -0.504304 0.485867 
-0.601953 -0.219419 0.400969 
0.400795 -0.504304 0.485867 
-0.600453 -0.216953 0.398904 
0.400795 -0.504304 0.485867 
-0.599142 -0.214282 0.396786 
0.400795 -0.504304 0.485867 
-0.598068 -0.211068 0.393669 
0.400795 -0.504304 0.485867 
-0.597371 -0.207553 0.390417 
0.400795 -0.504304 0.485867 
-0.596719 -0.203605 0.387198 
0.400795 -0.504304 0.485867 
-0.596324 -0.199432 0.383716 
0.400795 -0.504304 0.485867 
-0.596194 -0.194701 0.379754 
0.400795 -0.504304 0.485867 
-0.596296 -0.190261 0.37588 
0.400795 -0.504304 0.485867 
-0.596828 -0.185234 0.371839 
0.400795 -0.504304 0.485867 
-0.597447 -0.180962 0.367902 
0.400795 -0.504304 0.485867 
-0.598242 -0.176243 0.364022 
0.400795 -0.504304 0.485867 
-0.598894 -0.172227 0.360621 
0.400795 -0.504304 0.485867 
-0.600778 -0.169557 0.357973 
0.400795 -0.504304 0.485867 
-0.602584 -0.16783 0.356765 
0.400795 -0.504304 0.485867 
-0.604013 -0.167099 0.35541 
0.400795 -0.504304 0.485867 
-0.604985 -0.166736 0.355118 
0.400795 -0.504304 0.485867 
-0.605624 -0.167203 0.35512 
0.400795 -0.504304 0.485867 
-0.60546 -0.168606 0.355567 
0.400795 -0.504304 0.485867 
-0.605163 -0.170656 0.35598 
0.400795 -0.504304 0.485867 
-0.604274 -0.173336 0.357296 
0.400795 -0.504304 0.485867 
-0.603408 -0.176326 0.358334 
0.400795 -0.504304 0.485867 
-0.602149 -0.180613 0.359619 
0.400795 -0.504304 0.485867 
-0.600643 -0.185016 0.361287 
0.400795 -0.504304 0.485867 
-0.600986 -0.194722 0.359966 
0.400795 -0.504304 0.485867 
-0.601283 -0.194519 0.359701 
0.400795 -0.504304 0.485867 
-0.600063 -0.199823 0.360687 
0.400795 -0.504304 0.485867 
-0.599059 -0.204784 0.361307 
0.400795 -0.504304 0.485867 
-0.598265 -0.209477 0.360969 
0.400795 -0.504304 0.485867 
-0.597544 -0.214406 0.361987 
0.400795 -0.504304 0.485867 
