-0.635235 -0.242761 0.372652 
0.383997 -0.484424 0.440339 
-0.630137 -0.241932 0.374712 
0.384092 -0.487626 0.443595 
-0.632796 -0.243584 0.375112 
0.384209 -0.485149 0.440543 
-0.634582 -0.244426 0.375005 
0.384466 -0.487603 0.442947 
-0.635236 -0.244976 0.374492 
0.384329 -0.489293 0.445747 
-0.635145 -0.245069 0.373926 
0.384168 -0.489188 0.443753 
-0.633175 -0.243954 0.374544 
0.384651 -0.491174 0.444642 
-0.629948 -0.242851 0.375567 
0.385191 -0.492924 0.446201 
-0.625882 -0.241083 0.376676 
0.38562 -0.493878 0.445536 
-0.624049 -0.240649 0.377361 
0.386092 -0.49499 0.443975 
-0.620012 -0.239237 0.378849 
0.386137 -0.495083 0.442529 
-0.617651 -0.238318 0.379449 
0.386107 -0.495544 0.441882 
-0.615784 -0.237281 0.380198 
0.386301 -0.496523 0.442821 
-0.615073 -0.236748 0.380194 
0.386085 -0.497012 0.442374 
-0.61322 -0.235922 0.380653 
0.385946 -0.497856 0.442246 
-0.610816 -0.235015 0.381259 
0.385945 -0.498568 0.442157 
-0.608372 -0.233738 0.381577 
0.386023 -0.499136 0.441456 
-0.604942 -0.232218 0.38245 
0.386184 -0.500584 0.441192 
-0.602205 -0.231137 0.382971 
0.386314 -0.501649 0.442332 
-0.600796 -0.230203 0.382945 
0.385998 -0.502074 0.440607 
-0.600441 -0.229788 0.382471 
0.385075 -0.501583 0.441256 
-0.601026 -0.229506 0.381766 
0.38446 -0.502833 0.44378 
-0.45805 -0.16486 0.48415 
0.384803 -0.502266 0.442659 
-0.47268 -0.171298 0.47342 
0.37547 -0.49655 0.419753 
-0.472374 -0.171364 0.473979 
0.377741 -0.498403 0.427707 
-0.472379 -0.171367 0.473979 
0.376862 -0.497138 0.422923 
-0.47238 -0.171367 0.473979 
0.378585 -0.495772 0.425395 
-0.47238 -0.171367 0.473979 
0.381206 -0.495845 0.427816 
-0.472381 -0.171367 0.473979 
0.383971 -0.495261 0.431592 
-0.472381 -0.171367 0.473979 
0.387629 -0.494818 0.435989 
-0.472381 -0.171367 0.473979 
0.390468 -0.495301 0.438152 
-0.472382 -0.171367 0.473979 
0.394853 -0.493968 0.442035 
-0.472382 -0.171367 0.473979 
0.397152 -0.493944 0.442543 
-0.472382 -0.171367 0.473979 
0.401604 -0.493829 0.447638 
-0.472382 -0.171367 0.473979 
0.405406 -0.493327 0.450667 
-0.472383 -0.171367 0.473979 
0.409372 -0.492149 0.454034 
-0.472383 -0.171366 0.473979 
0.417614 -0.490771 0.458275 
-0.472383 -0.171366 0.473978 
0.415093 -0.491907 0.455352 
-0.472383 -0.171366 0.473979 
0.41942 -0.491589 0.459139 
-0.472384 -0.171366 0.473979 
0.422316 -0.49139 0.460498 
-0.472384 -0.171366 0.473978 
0.423415 -0.491241 0.458579 
-0.472384 -0.171366 0.473978 
0.422932 -0.491627 0.458933 
-0.472384 -0.171366 0.473978 
0.424545 -0.491335 0.459112 
-0.472384 -0.171366 0.473978 
0.423393 -0.492337 0.458487 
-0.600195 -0.229869 0.38538 
0.431997 -0.4896 0.47504 
