-0.634685 -0.242057 0.37257 
0.384373 -0.485137 0.438987 
-0.634685 -0.242057 0.37257 
0.384717 -0.489213 0.443594 
-0.630964 -0.241407 0.376308 
0.385388 -0.491935 0.447049 
-0.633731 -0.243582 0.375276 
0.384877 -0.492147 0.444561 
-0.634924 -0.244418 0.374041 
0.383744 -0.487288 0.44042 
-0.634687 -0.244606 0.373666 
0.383773 -0.487658 0.440396 
-0.632598 -0.243565 0.374177 
0.385131 -0.492577 0.446528 
-0.629021 -0.242239 0.375383 
0.386041 -0.494613 0.449612 
-0.625174 -0.240448 0.376581 
0.385021 -0.491944 0.441095 
-0.621808 -0.239042 0.377673 
0.386676 -0.496263 0.446267 
-0.619643 -0.238246 0.378433 
0.38586 -0.493864 0.440959 
-0.617468 -0.237953 0.379075 
0.38712 -0.497047 0.446644 
-0.615524 -0.236781 0.379647 
0.386713 -0.497351 0.444716 
-0.614538 -0.236243 0.380084 
0.387055 -0.499589 0.445388 
-0.612732 -0.235471 0.380474 
0.38681 -0.499108 0.444993 
-0.609627 -0.234208 0.381245 
0.387174 -0.500954 0.446348 
-0.607322 -0.232973 0.381488 
0.387149 -0.501239 0.444393 
-0.604289 -0.231758 0.382154 
0.38731 -0.503151 0.444691 
-0.602458 -0.231083 0.382772 
0.387373 -0.503319 0.443781 
-0.600793 -0.230034 0.382878 
0.386737 -0.504894 0.443574 
-0.599679 -0.229093 0.382677 
0.386392 -0.504203 0.443431 
-0.600071 -0.228885 0.381892 
0.385443 -0.505325 0.444098 
-0.45805 -0.16486 0.48415 
0.385893 -0.504908 0.443871 
-0.45805 -0.16486 0.48415 
0.385893 -0.504908 0.443871 
