-0.620688 -0.22122 0.414917 
0.400795 -0.504304 0.485867 
-0.620688 -0.221221 0.414917 
0.400795 -0.504304 0.485867 
-0.620359 -0.221229 0.413138 
0.400795 -0.504304 0.485867 
-0.620167 -0.221703 0.412916 
0.400795 -0.504304 0.485867 
-0.61954 -0.222995 0.413401 
0.400795 -0.504304 0.485867 
-0.618234 -0.225503 0.413603 
0.400795 -0.504304 0.485867 
-0.615739 -0.225842 0.413543 
0.400795 -0.504304 0.485867 
-0.613631 -0.22618 0.413813 
0.400795 -0.504304 0.485867 
-0.612021 -0.22652 0.414295 
0.400795 -0.504304 0.485867 
-0.61094 -0.226644 0.414821 
0.400795 -0.504304 0.485867 
-0.610011 -0.226804 0.414872 
0.400795 -0.504304 0.485867 
-0.609467 -0.226947 0.414452 
0.400795 -0.504304 0.485867 
-0.60893 -0.226949 0.41415 
0.400795 -0.504304 0.485867 
-0.608557 -0.226921 0.414509 
0.400795 -0.504304 0.485867 
-0.608333 -0.227007 0.41472 
0.400795 -0.504304 0.485867 
-0.607464 -0.227075 0.414816 
0.400795 -0.504304 0.485867 
-0.606102 -0.227622 0.41479 
0.400795 -0.504304 0.485867 
-0.604883 -0.227581 0.414626 
0.400795 -0.504304 0.485867 
-0.60399 -0.22743 0.415088 
0.400795 -0.504304 0.485867 
-0.603973 -0.227418 0.414921 
0.400795 -0.504304 0.485867 
-0.604054 -0.227619 0.414921 
0.400795 -0.504304 0.485867 
-0.604115 -0.227337 0.414723 
0.400795 -0.504304 0.485867 
-0.604118 -0.227271 0.415041 
0.400795 -0.504304 0.485867 
-0.604138 -0.227301 0.41504 
0.400795 -0.504304 0.485867 
-0.604132 -0.22734 0.414996 
0.400795 -0.504304 0.485867 
-0.604156 -0.227357 0.414777 
0.400795 -0.504304 0.485867 
-0.604177 -0.227302 0.415001 
0.400795 -0.504304 0.485867 
-0.604139 -0.227238 0.414704 
0.400795 -0.504304 0.485867 
-0.604132 -0.227372 0.414908 
0.400795 -0.504304 0.485867 
-0.604252 -0.22737 0.415062 
0.400795 -0.504304 0.485867 
-0.604252 -0.227569 0.415138 
0.400795 -0.504304 0.485867 
-0.604368 -0.227514 0.415034 
0.400795 -0.504304 0.485867 
-0.604382 -0.227666 0.415128 
0.400795 -0.504304 0.485867 
-0.604429 -0.227673 0.415273 
0.400795 -0.504304 0.485867 
-0.604359 -0.227663 0.415171 
0.400795 -0.504304 0.485867 
-0.604426 -0.227521 0.415303 
0.400795 -0.504304 0.485867 
-0.604391 -0.227692 0.415129 
0.400795 -0.504304 0.485867 
-0.604405 -0.227648 0.415074 
0.400795 -0.504304 0.485867 
-0.604423 -0.227596 0.415007 
0.400795 -0.504304 0.485867 
-0.604366 -0.22755 0.415234 
0.400795 -0.504304 0.485867 
-0.604409 -0.227675 0.41494 
0.400795 -0.504304 0.485867 
-0.604337 -0.227675 0.415169 
0.400795 -0.504304 0.485867 
-0.604338 -0.227595 0.414947 
0.400795 -0.504304 0.485867 
-0.604215 -0.22754 0.414855 
0.400795 -0.504304 0.485867 
-0.604271 -0.227312 0.414837 
0.400795 -0.504304 0.485867 
-0.604267 -0.227398 0.41475 
0.400795 -0.504304 0.485867 
-0.604238 -0.227493 0.41489 
0.400795 -0.504304 0.485867 
-0.604222 -0.227403 0.415062 
0.400795 -0.504304 0.485867 
-0.604217 -0.227387 0.414964 
0.400795 -0.504304 0.485867 
-0.604249 -0.227319 0.415192 
0.400795 -0.504304 0.485867 
-0.604322 -0.227188 0.415051 
0.400795 -0.504304 0.485867 
-0.604209 -0.227352 0.414962 
0.400795 -0.504304 0.485867 
-0.604342 -0.227254 0.414992 
0.400795 -0.504304 0.485867 
-0.604262 -0.227417 0.415209 
0.400795 -0.504304 0.485867 
-0.604221 -0.22763 0.414945 
0.400795 -0.504304 0.485867 
-0.604316 -0.227365 0.415206 
0.400795 -0.504304 0.485867 
-0.604333 -0.227579 0.415325 
0.400795 -0.504304 0.485867 
-0.604412 -0.227558 0.41516 
0.400795 -0.504304 0.485867 
-0.604336 -0.227549 0.415264 
0.400795 -0.504304 0.485867 
-0.604359 -0.227588 0.415022 
0.400795 -0.504304 0.485867 
-0.603513 -0.226383 0.414222 
0.400795 -0.504304 0.485867 
-0.60197 -0.223473 0.412127 
0.400795 -0.504304 0.485867 
-0.600569 -0.220484 0.409703 
0.400795 -0.504304 0.485867 
-0.599142 -0.217347 0.406921 
0.400795 -0.504304 0.485867 
-0.598127 -0.21375 0.403962 
0.400795 -0.504304 0.485867 
-0.597309 -0.209955 0.400981 
0.400795 -0.504304 0.485867 
-0.596721 -0.205757 0.397483 
0.400795 -0.504304 0.485867 
-0.596266 -0.201409 0.39382 
0.400795 -0.504304 0.485867 
-0.59624 -0.196635 0.389794 
0.400795 -0.504304 0.485867 
-0.596482 -0.191667 0.385655 
0.400795 -0.504304 0.485867 
-0.596791 -0.187031 0.381939 
0.400795 -0.504304 0.485867 
-0.597155 -0.182812 0.378033 
0.400795 -0.504304 0.485867 
-0.597766 -0.178185 0.37399 
0.400795 -0.504304 0.485867 
-0.599392 -0.175627 0.371469 
0.400795 -0.504304 0.485867 
-0.601092 -0.173993 0.370002 
0.400795 -0.504304 0.485867 
-0.602496 -0.172865 0.368732 
0.400795 -0.504304 0.485867 
-0.603519 -0.172483 0.368018 
0.400795 -0.504304 0.485867 
-0.603678 -0.173407 0.368145 
0.400795 -0.504304 0.485867 
-0.603775 -0.174366 0.368616 
0.400795 -0.504304 0.485867 
-0.60362 -0.176412 0.369088 
0.400795 -0.504304 0.485867 
-0.602834 -0.179403 0.370411 
0.400795 -0.504304 0.485867 
-0.601788 -0.182648 0.372059 
0.400795 -0.504304 0.485867 
-0.60062 -0.186975 0.373177 
0.400795 -0.504304 0.485867 
-0.59941 -0.191178 0.374633 
0.400795 -0.504304 0.485867 
-0.598206 -0.198874 0.375682 
0.400795 -0.504304 0.485867 
-0.5985 -0.19842 0.375397 
0.400795 -0.504304 0.485867 
-0.597317 -0.203815 0.376319 
0.400795 -0.504304 0.485867 
-0.596225 -0.209026 0.376993 
0.400795 -0.504304 0.485867 
-0.595329 -0.213858 0.377659 
0.400795 -0.504304 0.485867 
-0.594627 -0.218474 0.37768 
0.400795 -0.504304 0.485867 
-0.594105 -0.2231 0.377777 
0.400795 -0.504304 0.485867 
-0.593732 -0.226891 0.377893 
0.400795 -0.504304 0.485867 
-0.59491 -0.230778 0.377324 
0.400795 -0.504304 0.485867 
-0.594731 -0.233853 0.376936 
0.400795 -0.504304 0.485867 
-0.594432 -0.235861 0.376929 
0.400795 -0.504304 0.485867 
-0.594638 -0.23776 0.375263 
0.400795 -0.504304 0.485867 
-0.594515 -0.240859 0.37554 
0.400795 -0.504304 0.485867 
-0.594746 -0.242025 0.374387 
0.400795 -0.504304 0.485867 
-0.595141 -0.243834 0.373921 
0.400795 -0.504304 0.485867 
-0.595277 -0.244777 0.373653 
0.400795 -0.504304 0.485867 
-0.595463 -0.246692 0.373562 
0.400795 -0.504304 0.485867 
-0.595958 -0.24966 0.373156 
0.400795 -0.504304 0.485867 
-0.596564 -0.251094 0.371692 
0.400795 -0.504304 0.485867 
-0.59688 -0.252568 0.370787 
0.400795 -0.504304 0.485867 
-0.597374 -0.254706 0.369837 
0.400795 -0.504304 0.485867 
-0.595751 -0.255543 0.370036 
0.400795 -0.504304 0.485867 
-0.595609 -0.257643 0.369923 
0.400795 -0.504304 0.485867 
-0.595845 -0.259133 0.369487 
0.400795 -0.504304 0.485867 
-0.595851 -0.260336 0.369126 
0.400795 -0.504304 0.485867 
-0.595732 -0.261491 0.369006 
0.400795 -0.504304 0.485867 
-0.595503 -0.262149 0.368712 
0.400795 -0.504304 0.485867 
-0.595166 -0.26272 0.368481 
0.400795 -0.504304 0.485867 
-0.594776 -0.263339 0.368418 
0.400795 -0.504304 0.485867 
-0.594056 -0.262824 0.368491 
0.400795 -0.504304 0.485867 
-0.593354 -0.262622 0.368932 
0.400795 -0.504304 0.485867 
-0.592627 -0.262623 0.369164 
0.400795 -0.504304 0.485867 
-0.591745 -0.262479 0.369483 
0.400795 -0.504304 0.485867 
-0.590371 -0.261811 0.36966 
0.400795 -0.504304 0.485867 
-0.589719 -0.262174 0.36943 
0.400795 -0.504304 0.485867 
-0.588869 -0.262659 0.369347 
0.400795 -0.504304 0.485867 
-0.588145 -0.262985 0.36936 
0.400795 -0.504304 0.485867 
-0.587641 -0.263831 0.36935 
0.400795 -0.504304 0.485867 
-0.587232 -0.264603 0.369051 
0.400795 -0.504304 0.485867 
-0.586909 -0.265484 0.368853 
0.400795 -0.504304 0.485867 
-0.586482 -0.266424 0.368678 
0.400795 -0.504304 0.485867 
-0.586026 -0.267323 0.368811 
0.400795 -0.504304 0.485867 
-0.585457 -0.267816 0.36885 
0.400795 -0.504304 0.485867 
-0.585055 -0.268282 0.368978 
0.400795 -0.504304 0.485867 
-0.584906 -0.268828 0.368287 
0.400795 -0.504304 0.485867 
-0.584976 -0.269602 0.367789 
0.400795 -0.504304 0.485867 
-0.585032 -0.270713 0.368097 
0.400795 -0.504304 0.485867 
-0.584999 -0.270665 0.368226 
0.400795 -0.504304 0.485867 
-0.583714 -0.269302 0.37042 
0.400795 -0.504304 0.485867 
-0.583857 -0.269303 0.370235 
0.400795 -0.504304 0.485867 
-0.583944 -0.269388 0.370088 
0.400795 -0.504304 0.485867 
-0.583869 -0.269266 0.370172 
0.400795 -0.504304 0.485867 
-0.583922 -0.269489 0.370364 
0.400795 -0.504304 0.485867 
-0.583798 -0.269298 0.370418 
0.400795 -0.504304 0.485867 
-0.583688 -0.269131 0.37024 
0.400795 -0.504304 0.485867 
-0.583866 -0.269585 0.370069 
0.400795 -0.504304 0.485867 
-0.583831 -0.269408 0.370175 
0.400795 -0.504304 0.485867 
-0.583938 -0.269585 0.370278 
0.400795 -0.504304 0.485867 
-0.583946 -0.26971 0.370256 
0.400795 -0.504304 0.485867 
-0.663256 -0.225871 0.472502 
0.400795 -0.504304 0.485867 
-0.663256 -0.225871 0.472502 
0.400795 -0.504304 0.485867 
-0.66262 -0.226339 0.472851 
0.400795 -0.504304 0.485867 
-0.662231 -0.227656 0.473346 
0.400795 -0.504304 0.485867 
-0.661214 -0.229593 0.473863 
0.400795 -0.504304 0.485867 
-0.65896 -0.230285 0.47514 
0.400795 -0.504304 0.485867 
-0.657185 -0.230716 0.47643 
0.400795 -0.504304 0.485867 
-0.655964 -0.231001 0.477293 
0.400795 -0.504304 0.485867 
-0.655084 -0.231218 0.477916 
0.400795 -0.504304 0.485867 
-0.654405 -0.231374 0.478379 
0.400795 -0.504304 0.485867 
-0.653879 -0.231495 0.478749 
0.400795 -0.504304 0.485867 
-0.653459 -0.231593 0.479051 
0.400795 -0.504304 0.485867 
-0.653098 -0.231681 0.479272 
0.400795 -0.504304 0.485867 
-0.652846 -0.231783 0.479507 
0.400795 -0.504304 0.485867 
-0.652187 -0.232054 0.479955 
0.400795 -0.504304 0.485867 
-0.651183 -0.232546 0.480643 
0.400795 -0.504304 0.485867 
-0.650245 -0.232592 0.481214 
0.400795 -0.504304 0.485867 
-0.64965 -0.232544 0.481705 
0.400795 -0.504304 0.485867 
-0.649561 -0.23254 0.48179 
0.400795 -0.504304 0.485867 
-0.649552 -0.232534 0.481783 
0.400795 -0.504304 0.485867 
-0.649546 -0.232531 0.481777 
0.400795 -0.504304 0.485867 
-0.649535 -0.232531 0.481762 
0.400795 -0.504304 0.485867 
-0.649539 -0.23253 0.481767 
0.400795 -0.504304 0.485867 
-0.649536 -0.232536 0.481758 
0.400795 -0.504304 0.485867 
-0.649535 -0.232534 0.481758 
0.400795 -0.504304 0.485867 
-0.649553 -0.232534 0.481783 
0.400795 -0.504304 0.485867 
-0.64951 -0.232507 0.481741 
0.400795 -0.504304 0.485867 
-0.649551 -0.232554 0.481764 
0.400795 -0.504304 0.485867 
-0.649678 -0.232668 0.481861 
0.400795 -0.504304 0.485867 
-0.649805 -0.232772 0.481963 
0.400795 -0.504304 0.485867 
-0.649841 -0.232809 0.481985 
0.400795 -0.504304 0.485867 
-0.649888 -0.232849 0.482022 
0.400795 -0.504304 0.485867 
-0.649897 -0.232859 0.482026 
0.400795 -0.504304 0.485867 
-0.649893 -0.232864 0.482017 
0.400795 -0.504304 0.485867 
-0.649903 -0.232862 0.482031 
0.400795 -0.504304 0.485867 
-0.649902 -0.232868 0.482025 
0.400795 -0.504304 0.485867 
-0.649909 -0.232864 0.482037 
0.400795 -0.504304 0.485867 
-0.649913 -0.232858 0.482046 
0.400795 -0.504304 0.485867 
-0.649912 -0.232858 0.482044 
0.400795 -0.504304 0.485867 
-0.649877 -0.232819 0.482023 
0.400795 -0.504304 0.485867 
-0.64988 -0.232811 0.482033 
0.400795 -0.504304 0.485867 
-0.649807 -0.232738 0.481984 
0.400795 -0.504304 0.485867 
-0.649646 -0.232591 0.481864 
0.400795 -0.504304 0.485867 
-0.649652 -0.232582 0.481879 
0.400795 -0.504304 0.485867 
-0.649616 -0.232535 0.481861 
0.400795 -0.504304 0.485867 
-0.649665 -0.232565 0.481907 
0.400795 -0.504304 0.485867 
-0.649673 -0.232556 0.481925 
0.400795 -0.504304 0.485867 
-0.649675 -0.232546 0.481933 
0.400795 -0.504304 0.485867 
-0.649683 -0.232543 0.481947 
0.400795 -0.504304 0.485867 
-0.649684 -0.23254 0.48195 
0.400795 -0.504304 0.485867 
-0.649671 -0.232538 0.481933 
0.400795 -0.504304 0.485867 
-0.649752 -0.232601 0.482003 
0.400795 -0.504304 0.485867 
-0.649797 -0.232631 0.482046 
0.400795 -0.504304 0.485867 
-0.649834 -0.232664 0.482075 
0.400795 -0.504304 0.485867 
