-0.597268 -0.255126 0.407261 
0.437158 -0.468587 0.472708 
-0.597268 -0.255126 0.407261 
0.437157 -0.468587 0.472707 
-0.597268 -0.255126 0.407261 
0.437157 -0.468587 0.472707 
-0.597268 -0.255126 0.407261 
0.436651 -0.468579 0.472063 
-0.597268 -0.255126 0.407261 
0.436265 -0.4686 0.471733 
-0.597268 -0.255126 0.407261 
0.435574 -0.468688 0.471509 
-0.597268 -0.255126 0.407261 
0.434837 -0.468731 0.472073 
-0.597268 -0.255126 0.407261 
0.43371 -0.468865 0.472383 
-0.597268 -0.255126 0.407261 
0.432138 -0.469155 0.472546 
-0.597268 -0.255126 0.407261 
0.430679 -0.469636 0.473386 
-0.597268 -0.255126 0.407261 
0.429162 -0.470154 0.474146 
-0.597268 -0.255126 0.407261 
0.427527 -0.470729 0.474678 
-0.597268 -0.255126 0.407261 
0.426029 -0.471354 0.475356 
-0.597268 -0.255126 0.407261 
0.424708 -0.471984 0.476201 
-0.597268 -0.255126 0.407261 
0.423569 -0.472576 0.477255 
-0.597268 -0.255126 0.407261 
0.422336 -0.473151 0.478056 
-0.597268 -0.255126 0.407261 
0.421392 -0.473658 0.478024 
-0.597268 -0.255126 0.407261 
0.420574 -0.474199 0.478282 
-0.597268 -0.255126 0.407261 
0.420559 -0.474555 0.479105 
-0.597268 -0.255126 0.407261 
0.420399 -0.474771 0.479084 
-0.597268 -0.255126 0.407261 
0.420198 -0.474813 0.478898 
-0.597268 -0.255126 0.407261 
0.420184 -0.474816 0.478979 
-0.597268 -0.255126 0.407261 
0.420036 -0.474752 0.478703 
-0.597268 -0.255126 0.407261 
0.419842 -0.474677 0.478313 
-0.597268 -0.255126 0.407261 
0.419471 -0.474661 0.477523 
-0.597268 -0.255126 0.407261 
0.419371 -0.474584 0.477472 
-0.597268 -0.255126 0.407261 
0.419167 -0.474566 0.477159 
-0.597268 -0.255126 0.407261 
0.418907 -0.474557 0.476712 
-0.597268 -0.255126 0.407261 
0.418721 -0.474451 0.476446 
-0.597268 -0.255126 0.407261 
0.418572 -0.474355 0.476231 
-0.597268 -0.255126 0.407261 
0.418622 -0.4743 0.476384 
-0.597268 -0.255126 0.407261 
0.418537 -0.474257 0.476217 
-0.597268 -0.255126 0.407261 
0.418448 -0.474242 0.476078 
-0.597268 -0.255126 0.407261 
0.418573 -0.47412 0.476522 
-0.597268 -0.255126 0.407261 
0.418588 -0.474015 0.476669 
-0.597268 -0.255126 0.407261 
0.418501 -0.473925 0.476519 
-0.597268 -0.255126 0.407261 
0.418356 -0.473866 0.476247 
-0.597268 -0.255126 0.407261 
0.418277 -0.473764 0.476163 
-0.597268 -0.255126 0.407261 
0.418204 -0.473716 0.476056 
-0.597268 -0.255126 0.407261 
0.418068 -0.473703 0.475793 
-0.597268 -0.255126 0.407261 
0.417876 -0.473671 0.475486 
-0.597268 -0.255126 0.407261 
0.417837 -0.47368 0.475499 
-0.597268 -0.255126 0.407261 
0.417838 -0.473687 0.475584 
