-0.614399 -0.248663 0.381072 
0.400795 -0.504304 0.485867 
-0.6144 -0.248664 0.381072 
0.400795 -0.504304 0.485867 
-0.614072 -0.248685 0.380409 
0.400795 -0.504304 0.485867 
-0.614011 -0.24923 0.380209 
0.400795 -0.504304 0.485867 
-0.613818 -0.249288 0.380421 
0.400795 -0.504304 0.485867 
-0.613595 -0.249111 0.380407 
0.400795 -0.504304 0.485867 
-0.613128 -0.250569 0.380807 
0.400795 -0.504304 0.485867 
-0.612698 -0.251736 0.380516 
0.400795 -0.504304 0.485867 
-0.612011 -0.252748 0.380042 
0.400795 -0.504304 0.485867 
-0.610856 -0.253251 0.379542 
0.400795 -0.504304 0.485867 
