-0.700789 -0.286647 0.464727 
0.431768 -0.493308 0.241506 
-0.700789 -0.286647 0.464727 
0.431768 -0.493308 0.241506 
-0.701479 -0.286547 0.464509 
0.431904 -0.49372 0.241668 
-0.701904 -0.287103 0.464277 
0.431735 -0.493535 0.241394 
-0.701771 -0.287775 0.463914 
0.431585 -0.493432 0.241322 
-0.701414 -0.287478 0.464115 
0.431586 -0.493802 0.241286 
-0.701082 -0.286705 0.466002 
0.432089 -0.494882 0.241228 
-0.700574 -0.285847 0.469102 
0.43235 -0.495958 0.24122 
-0.699631 -0.284502 0.473114 
0.432901 -0.496806 0.241379 
-0.698844 -0.283448 0.476328 
0.43356 -0.497523 0.241466 
-0.698242 -0.282623 0.478857 
0.434098 -0.498097 0.241366 
-0.69776 -0.281962 0.480891 
0.434382 -0.498711 0.241228 
-0.697358 -0.281418 0.482562 
0.434606 -0.499277 0.241056 
-0.697015 -0.280957 0.483957 
0.434784 -0.499756 0.240821 
-0.696562 -0.280329 0.485945 
0.434826 -0.500511 0.240642 
-0.695915 -0.279521 0.488741 
0.435074 -0.501483 0.24035 
-0.695153 -0.278505 0.491521 
0.435457 -0.502553 0.240095 
-0.694559 -0.277473 0.494404 
0.435902 -0.503551 0.239826 
-0.693988 -0.276753 0.497023 
0.436165 -0.50446 0.239578 
-0.693514 -0.276144 0.498765 
0.436208 -0.504766 0.238952 
-0.693182 -0.275841 0.499636 
0.436311 -0.504951 0.238265 
-0.693178 -0.275843 0.499631 
0.43529 -0.505674 0.237943 
-0.45805 -0.16486 0.48415 
0.435434 -0.505664 0.237958 
-0.490035 -0.176837 0.495947 
0.357206 -0.475585 0.373041 
-0.490035 -0.176837 0.495947 
0.357206 -0.475585 0.373041 
-0.490035 -0.176837 0.495947 
0.357963 -0.475233 0.375496 
-0.490035 -0.176837 0.495947 
0.359979 -0.474487 0.378775 
-0.490035 -0.176837 0.495947 
0.362541 -0.473689 0.382901 
-0.490035 -0.176837 0.495947 
0.365616 -0.472634 0.387195 
-0.490035 -0.176837 0.495947 
0.368972 -0.471501 0.391638 
-0.490035 -0.176837 0.495947 
0.372645 -0.470347 0.395789 
-0.490035 -0.176837 0.495947 
0.376371 -0.469142 0.399906 
-0.490035 -0.176837 0.495947 
0.380213 -0.467857 0.403965 
-0.490035 -0.176837 0.495947 
0.38449 -0.466884 0.4082 
-0.490035 -0.176837 0.495947 
0.388851 -0.465897 0.412484 
-0.490035 -0.176837 0.495947 
0.393336 -0.464915 0.41578 
-0.490035 -0.176837 0.495947 
0.397536 -0.464153 0.418713 
-0.490035 -0.176837 0.495947 
0.400924 -0.463669 0.420917 
-0.490035 -0.176837 0.495947 
0.403073 -0.463428 0.422188 
-0.490035 -0.176837 0.495947 
0.403949 -0.46344 0.422773 
-0.490035 -0.176837 0.495947 
0.404238 -0.463661 0.422418 
-0.490035 -0.176837 0.495947 
0.403959 -0.463982 0.421892 
