-0.635943 -0.242807 0.372178 
0.400795 -0.504304 0.485867 
-0.626312 -0.238025 0.376721 
0.400795 -0.504304 0.485867 
-0.632709 -0.24203 0.374483 
0.400795 -0.504304 0.485867 
-0.634421 -0.243965 0.374291 
0.400795 -0.504304 0.485867 
-0.635438 -0.245441 0.373507 
0.400795 -0.504304 0.485867 
-0.635351 -0.245031 0.373183 
0.400795 -0.504304 0.485867 
-0.633804 -0.244028 0.373585 
0.400795 -0.504304 0.485867 
-0.630675 -0.243334 0.375134 
0.400795 -0.504304 0.485867 
-0.626773 -0.241485 0.376428 
0.400795 -0.504304 0.485867 
-0.623525 -0.240427 0.377625 
0.400795 -0.504304 0.485867 
-0.620984 -0.239064 0.378832 
0.400795 -0.504304 0.485867 
-0.618831 -0.238783 0.379239 
0.400795 -0.504304 0.485867 
-0.617143 -0.237737 0.379922 
0.400795 -0.504304 0.485867 
-0.615772 -0.237173 0.38003 
0.400795 -0.504304 0.485867 
-0.613824 -0.236568 0.380571 
0.400795 -0.504304 0.485867 
-0.611166 -0.235631 0.381465 
0.400795 -0.504304 0.485867 
-0.608282 -0.23442 0.382074 
0.400795 -0.504304 0.485867 
-0.605854 -0.23312 0.382544 
0.400795 -0.504304 0.485867 
-0.603357 -0.231978 0.383323 
0.400795 -0.504304 0.485867 
-0.601985 -0.231119 0.383169 
0.400795 -0.504304 0.485867 
-0.601269 -0.230488 0.382888 
0.400795 -0.504304 0.485867 
-0.601483 -0.230533 0.382325 
0.400795 -0.504304 0.485867 
-0.45805 -0.16486 0.48415 
0.400795 -0.504304 0.485867 
-0.45805 -0.16486 0.48415 
0.400795 -0.504304 0.485867 
