-0.634642 -0.242021 0.37288 
0.384356 -0.484994 0.439085 
-0.634642 -0.242021 0.37288 
0.384067 -0.490573 0.442775 
-0.635439 -0.243595 0.373614 
0.384859 -0.491048 0.445197 
-0.635361 -0.244365 0.374136 
0.383981 -0.486495 0.43977 
-0.635011 -0.244788 0.374058 
0.383835 -0.486416 0.439874 
-0.634307 -0.24419 0.373902 
0.384494 -0.491233 0.443501 
-0.632298 -0.243194 0.374609 
0.384852 -0.491865 0.44421 
-0.629117 -0.242359 0.375937 
0.384448 -0.490022 0.440023 
-0.624973 -0.240487 0.377067 
0.385875 -0.49451 0.445743 
-0.621544 -0.239011 0.378114 
0.385487 -0.4921 0.439798 
-0.619421 -0.237877 0.378908 
0.385736 -0.492641 0.439271 
-0.617765 -0.237271 0.379311 
0.386412 -0.496629 0.441626 
-0.615656 -0.236679 0.379953 
0.386646 -0.497347 0.44375 
-0.614247 -0.236123 0.380467 
0.385945 -0.495635 0.439759 
-0.61173 -0.235218 0.381386 
0.385943 -0.496407 0.439661 
-0.609719 -0.234085 0.381609 
0.385971 -0.4974 0.439331 
-0.607665 -0.233546 0.382288 
0.386469 -0.501054 0.442189 
-0.604222 -0.232022 0.383148 
0.38691 -0.503396 0.442874 
-0.601749 -0.231082 0.383678 
0.386937 -0.502817 0.444783 
-0.600085 -0.229974 0.383618 
0.386379 -0.502894 0.44089 
-0.599607 -0.229318 0.38283 
0.385884 -0.503728 0.442792 
-0.6001 -0.228974 0.382048 
0.38533 -0.504152 0.441818 
-0.45805 -0.16486 0.48415 
0.385707 -0.503828 0.442054 
-0.45805 -0.16486 0.48415 
0.385707 -0.503828 0.442054 
