-0.642325 -0.242173 0.373097 
0.376646 -0.479608 0.439898 
-0.639124 -0.242326 0.373338 
0.377202 -0.484016 0.442438 
-0.641046 -0.243124 0.374341 
0.377172 -0.48478 0.443387 
-0.64227 -0.243901 0.374981 
0.377002 -0.485212 0.444676 
-0.642696 -0.244946 0.374644 
0.377107 -0.485751 0.445673 
-0.642147 -0.24423 0.374204 
0.377164 -0.485949 0.446262 
-0.640197 -0.243299 0.374595 
0.377438 -0.48693 0.44501 
-0.636961 -0.242278 0.375674 
0.377721 -0.487947 0.444928 
-0.632806 -0.240743 0.376966 
0.3782 -0.489018 0.444234 
-0.629147 -0.239555 0.37806 
0.378532 -0.489372 0.44393 
-0.626537 -0.238675 0.379053 
0.378714 -0.490224 0.442864 
-0.6247 -0.237783 0.379608 
0.378736 -0.490145 0.443463 
-0.623 -0.237259 0.380029 
0.378887 -0.491196 0.444768 
-0.621578 -0.236512 0.380392 
0.378764 -0.491549 0.443964 
-0.619222 -0.235628 0.380965 
0.378548 -0.492175 0.442959 
-0.616808 -0.234815 0.381755 
0.378332 -0.493004 0.441588 
-0.61407 -0.234074 0.38241 
0.378303 -0.493919 0.440821 
-0.611338 -0.232635 0.383449 
0.378536 -0.495221 0.441576 
-0.608814 -0.231738 0.384 
0.37866 -0.496676 0.441313 
-0.607287 -0.23098 0.384334 
0.378106 -0.497055 0.441394 
-0.606868 -0.230554 0.38409 
0.377506 -0.497668 0.440907 
-0.60667 -0.230637 0.384029 
0.376982 -0.499289 0.441898 
-0.45805 -0.16486 0.48415 
0.377153 -0.498864 0.441702 
-0.473298 -0.171372 0.473637 
0.367965 -0.489029 0.423744 
-0.473298 -0.171372 0.473637 
0.367577 -0.488823 0.422629 
-0.473298 -0.171372 0.473637 
0.368467 -0.48916 0.425205 
-0.473298 -0.171372 0.473637 
0.370872 -0.487484 0.428218 
-0.473298 -0.171372 0.473637 
0.374621 -0.487983 0.434363 
-0.473298 -0.171372 0.473637 
0.378625 -0.487664 0.437827 
-0.473298 -0.171372 0.473637 
0.382897 -0.487531 0.44085 
-0.473298 -0.171372 0.473637 
0.387886 -0.487321 0.445524 
-0.473298 -0.171372 0.473637 
0.392415 -0.487564 0.448427 
-0.473298 -0.171372 0.473637 
0.397417 -0.487236 0.451707 
-0.473298 -0.171372 0.473637 
0.401975 -0.486453 0.453644 
-0.473298 -0.171372 0.473637 
0.407492 -0.486093 0.458504 
-0.473298 -0.171372 0.473637 
0.412725 -0.485995 0.460842 
-0.473298 -0.171372 0.473637 
0.417077 -0.485438 0.462142 
-0.473298 -0.171372 0.473637 
0.421479 -0.485328 0.463417 
-0.473298 -0.171372 0.473637 
0.424085 -0.485121 0.465165 
-0.473298 -0.171372 0.473637 
0.424696 -0.485645 0.464933 
-0.473298 -0.171372 0.473637 
0.424495 -0.485852 0.463431 
-0.473298 -0.171372 0.473637 
0.423751 -0.486467 0.462479 
-0.473298 -0.171372 0.473637 
0.423181 -0.487402 0.461751 
-0.473298 -0.171372 0.473637 
0.422543 -0.487846 0.461577 
-0.473298 -0.171372 0.473637 
0.422118 -0.487903 0.461912 
-0.473298 -0.171372 0.473637 
0.421797 -0.486895 0.461585 
-0.606603 -0.230245 0.385219 
0.434216 -0.487534 0.477525 
-0.606603 -0.230245 0.385219 
0.433527 -0.482007 0.478378 
-0.606603 -0.230245 0.385216 
0.432443 -0.480239 0.477597 
-0.607548 -0.230113 0.384293 
0.431701 -0.479931 0.476625 
-0.60768 -0.229856 0.384393 
0.430685 -0.479717 0.475104 
-0.607579 -0.229731 0.384482 
0.43038 -0.479708 0.47467 
-0.607493 -0.229837 0.384452 
0.430122 -0.479393 0.475723 
-0.607474 -0.22986 0.384564 
0.428945 -0.479317 0.475914 
-0.607409 -0.22985 0.384717 
0.427498 -0.480233 0.476432 
-0.607428 -0.229837 0.384687 
0.425478 -0.480208 0.475815 
-0.607569 -0.229644 0.384432 
0.423052 -0.480711 0.475082 
-0.607384 -0.229679 0.384521 
0.420753 -0.481234 0.47457 
-0.607465 -0.229635 0.384422 
0.418519 -0.482001 0.474032 
-0.607433 -0.229553 0.384518 
0.41716 -0.482151 0.473425 
-0.60732 -0.229533 0.384603 
0.415127 -0.48223 0.473626 
-0.607265 -0.229662 0.384722 
0.413048 -0.482878 0.473616 
-0.60732 -0.229834 0.384604 
0.411108 -0.482532 0.474505 
-0.607386 -0.229811 0.384521 
0.408857 -0.483162 0.472822 
-0.607397 -0.229484 0.384716 
0.406505 -0.483665 0.471943 
-0.607365 -0.22969 0.384717 
0.405725 -0.483691 0.472106 
-0.607431 -0.229689 0.384679 
0.405336 -0.484309 0.473248 
-0.607357 -0.229834 0.384744 
0.404027 -0.484386 0.471342 
-0.60733 -0.22992 0.384869 
0.404519 -0.484975 0.471999 
-0.607409 -0.229835 0.384862 
0.405056 -0.48598 0.472228 
-0.607483 -0.23 0.384786 
0.40562 -0.486269 0.47358 
-0.60748 -0.229983 0.384869 
0.405432 -0.486102 0.473204 
-0.607409 -0.22987 0.384928 
0.404906 -0.485715 0.472013 
-0.60742 -0.229914 0.38491 
0.405053 -0.486555 0.47251 
-0.607464 -0.229878 0.384896 
0.404949 -0.487264 0.472029 
-0.607389 -0.229777 0.385027 
0.404483 -0.487758 0.471148 
-0.607523 -0.229913 0.384644 
0.404743 -0.487824 0.472245 
-0.607565 -0.229801 0.384454 
0.404745 -0.487827 0.472496 
-0.608576 -0.229474 0.383934 
0.4045 -0.487571 0.472233 
-0.610079 -0.229276 0.38319 
0.404535 -0.487569 0.472069 
-0.61218 -0.229256 0.382176 
0.404429 -0.487515 0.471696 
-0.61427 -0.229 0.381433 
0.404662 -0.487844 0.47213 
-0.616424 -0.229073 0.380377 
0.40659 -0.493903 0.473024 
-0.618053 -0.229235 0.379744 
0.40491 -0.489684 0.471711 
-0.619864 -0.229285 0.37885 
0.404388 -0.48779 0.471317 
