-0.636081 -0.243336 0.372419 
0.400795 -0.504304 0.485867 
-0.636081 -0.243336 0.372419 
0.400795 -0.504304 0.485867 
-0.635788 -0.244351 0.372505 
0.400795 -0.504304 0.485867 
-0.635938 -0.244921 0.373461 
0.400795 -0.504304 0.485867 
-0.635987 -0.245297 0.373721 
0.400795 -0.504304 0.485867 
-0.635479 -0.245279 0.373815 
0.400795 -0.504304 0.485867 
-0.63363 -0.24449 0.374492 
0.400795 -0.504304 0.485867 
-0.630735 -0.243572 0.375664 
0.400795 -0.504304 0.485867 
-0.626792 -0.241978 0.377201 
0.400795 -0.504304 0.485867 
-0.623439 -0.240591 0.378047 
0.400795 -0.504304 0.485867 
-0.620899 -0.239867 0.379161 
0.400795 -0.504304 0.485867 
-0.618988 -0.239077 0.379538 
0.400795 -0.504304 0.485867 
-0.617344 -0.238502 0.379777 
0.400795 -0.504304 0.485867 
-0.615968 -0.237689 0.380128 
0.400795 -0.504304 0.485867 
-0.613867 -0.237023 0.381172 
0.400795 -0.504304 0.485867 
-0.611366 -0.236066 0.381374 
0.400795 -0.504304 0.485867 
-0.608566 -0.234838 0.382062 
0.400795 -0.504304 0.485867 
-0.606016 -0.23362 0.382751 
0.400795 -0.504304 0.485867 
-0.603724 -0.232655 0.383137 
0.400795 -0.504304 0.485867 
-0.601897 -0.231694 0.38344 
0.400795 -0.504304 0.485867 
-0.601385 -0.230907 0.382976 
0.400795 -0.504304 0.485867 
-0.601651 -0.230841 0.382436 
0.400795 -0.504304 0.485867 
-0.45805 -0.16486 0.48415 
0.400795 -0.504304 0.485867 
-0.45805 -0.16486 0.48415 
0.400795 -0.504304 0.485867 
-0.600732 -0.231536 0.386328 
0.400795 -0.504304 0.485867 
