-0.637253 -0.241586 0.37335 
0.381589 -0.483638 0.438952 
-0.637253 -0.241586 0.37335 
0.37303 -0.487714 0.449821 
-0.639508 -0.243097 0.372973 
0.380044 -0.488254 0.445431 
-0.637388 -0.243358 0.374578 
0.382273 -0.488475 0.443207 
-0.636721 -0.243999 0.375098 
0.381412 -0.489017 0.444948 
-0.636513 -0.243982 0.37478 
0.381856 -0.489312 0.444409 
-0.635037 -0.24275 0.375257 
0.382299 -0.490514 0.445574 
-0.631626 -0.241343 0.376383 
0.382754 -0.491958 0.444522 
-0.627672 -0.239678 0.377397 
0.383513 -0.493635 0.443751 
-0.62445 -0.238457 0.378502 
0.383861 -0.494508 0.442335 
-0.622351 -0.237699 0.379221 
0.383929 -0.49512 0.441379 
-0.619882 -0.236641 0.379994 
0.384048 -0.495308 0.442305 
-0.618612 -0.236394 0.380572 
0.384068 -0.495953 0.443176 
-0.617573 -0.235883 0.380534 
0.383961 -0.497014 0.44274 
-0.61552 -0.23517 0.381349 
0.383967 -0.497803 0.442895 
-0.613326 -0.234584 0.381864 
0.383769 -0.498099 0.441505 
-0.609651 -0.232716 0.382736 
0.383796 -0.499346 0.440232 
-0.605839 -0.231033 0.383721 
0.383744 -0.499765 0.439521 
-0.604037 -0.230143 0.384204 
0.383457 -0.500194 0.43824 
-0.602689 -0.22924 0.384281 
0.382793 -0.500762 0.437024 
-0.602049 -0.228417 0.383884 
0.382458 -0.501009 0.437373 
-0.602569 -0.228419 0.383563 
0.381875 -0.502046 0.44024 
-0.45805 -0.16486 0.48415 
0.382503 -0.500957 0.437687 
-0.472798 -0.171286 0.473687 
0.374864 -0.501445 0.42348 
-0.472453 -0.171216 0.474178 
0.376759 -0.501502 0.428283 
-0.472445 -0.171201 0.474187 
0.37705 -0.501477 0.427728 
-0.472441 -0.171195 0.474189 
0.379688 -0.501108 0.431726 
-0.47244 -0.171192 0.474191 
0.381683 -0.500974 0.432747 
-0.472439 -0.17119 0.474191 
0.384462 -0.500341 0.436062 
-0.472438 -0.171189 0.474192 
0.38775 -0.499597 0.438876 
-0.472438 -0.171188 0.474193 
0.390892 -0.498382 0.442286 
-0.472437 -0.171188 0.474193 
0.39463 -0.497638 0.446212 
-0.472437 -0.171187 0.474193 
0.397572 -0.49668 0.449379 
-0.472437 -0.171186 0.474194 
0.403988 -0.49525 0.454301 
-0.472437 -0.171185 0.474194 
0.406237 -0.495767 0.455274 
-0.472436 -0.171185 0.474195 
0.412055 -0.493994 0.459852 
-0.472436 -0.171184 0.474195 
0.414481 -0.493349 0.460533 
-0.472436 -0.171184 0.474195 
0.418549 -0.493522 0.462513 
-0.472436 -0.171183 0.474196 
0.421342 -0.491847 0.464183 
-0.472436 -0.171183 0.474196 
0.423438 -0.490896 0.464737 
-0.472435 -0.171183 0.474196 
0.422056 -0.492672 0.462602 
-0.472435 -0.171183 0.474196 
0.422218 -0.492359 0.462771 
-0.472435 -0.171182 0.474196 
0.422703 -0.493135 0.462717 
-0.472435 -0.171182 0.474196 
0.42398 -0.492992 0.463882 
-0.472435 -0.171182 0.474196 
0.423322 -0.493799 0.463578 
-0.472435 -0.171182 0.474196 
0.42339 -0.493541 0.4624 
-0.602565 -0.229308 0.385886 
0.431117 -0.489052 0.476809 
