-0.635134 -0.243148 0.37499 
0.383614 -0.484601 0.440528 
-0.635134 -0.243148 0.37499 
0.380739 -0.481265 0.449813 
-0.635271 -0.243551 0.376555 
0.382392 -0.480713 0.446905 
-0.635173 -0.244526 0.376943 
0.383099 -0.48429 0.442056 
-0.635328 -0.245285 0.376413 
0.382954 -0.484209 0.442159 
-0.635056 -0.244953 0.375932 
0.382443 -0.481768 0.445321 
-0.633034 -0.24418 0.376657 
0.383208 -0.485295 0.442128 
-0.630319 -0.243158 0.377771 
0.383154 -0.484687 0.443799 
-0.626092 -0.241802 0.379151 
0.383595 -0.484692 0.445278 
-0.622509 -0.240365 0.380075 
0.383977 -0.485273 0.444175 
-0.620705 -0.239459 0.380696 
0.384299 -0.485649 0.443802 
-0.618949 -0.238519 0.381204 
0.384482 -0.486277 0.444146 
-0.617138 -0.237588 0.381785 
0.384326 -0.487143 0.442073 
-0.61516 -0.237073 0.382454 
0.384264 -0.487472 0.44303 
-0.613191 -0.236378 0.383011 
0.38416 -0.488228 0.442593 
-0.611339 -0.235701 0.383369 
0.384195 -0.48928 0.442708 
-0.60856 -0.234369 0.384193 
0.384227 -0.489828 0.443072 
-0.60545 -0.232722 0.384753 
0.384301 -0.490164 0.443651 
-0.604199 -0.232419 0.384873 
0.384275 -0.491589 0.442965 
-0.601477 -0.231076 0.385343 
0.383669 -0.492228 0.441346 
-0.601056 -0.230517 0.384659 
0.383072 -0.49215 0.440521 
-0.601253 -0.230196 0.384421 
0.38232 -0.492931 0.440418 
-0.635273 -0.245382 0.380427 
0.379598 -0.476844 0.437137 
-0.628238 -0.242526 0.382232 
0.379704 -0.47736 0.437783 
-0.635437 -0.246133 0.381401 
0.379831 -0.476715 0.437109 
-0.634084 -0.245735 0.381402 
0.37956 -0.476196 0.436994 
-0.635612 -0.247097 0.380965 
0.379511 -0.47652 0.437146 
-0.635124 -0.246497 0.380764 
0.379484 -0.476642 0.43678 
-0.633707 -0.246057 0.381213 
0.379768 -0.47768 0.435864 
-0.630818 -0.245214 0.382607 
0.38009 -0.4792 0.434832 
-0.62797 -0.243637 0.383246 
0.38054 -0.480218 0.435085 
-0.624383 -0.242414 0.384381 
0.380988 -0.480827 0.435824 
-0.622719 -0.24196 0.385084 
0.3814 -0.481802 0.436194 
-0.619765 -0.240891 0.38622 
0.381283 -0.482286 0.435664 
-0.618583 -0.240299 0.386815 
0.381329 -0.483031 0.435281 
-0.616851 -0.239641 0.387254 
0.381217 -0.483518 0.43528 
-0.615151 -0.238666 0.387884 
0.381199 -0.484124 0.436104 
-0.612235 -0.238009 0.388851 
0.381156 -0.484876 0.434988 
-0.610315 -0.237039 0.389281 
0.38119 -0.486003 0.434966 
-0.607651 -0.235906 0.390322 
0.381084 -0.487122 0.433173 
-0.60475 -0.23476 0.391125 
0.381145 -0.488047 0.433483 
-0.602159 -0.233648 0.391662 
0.380866 -0.488562 0.433466 
-0.602138 -0.23334 0.391013 
0.380133 -0.488712 0.432542 
-0.602109 -0.233025 0.390601 
0.379407 -0.489151 0.433599 
-0.635709 -0.245716 0.380673 
0.379389 -0.476319 0.438167 
-0.630717 -0.243532 0.38281 
0.379592 -0.477251 0.439 
-0.634268 -0.245476 0.381705 
0.37994 -0.476987 0.438704 
-0.635753 -0.247168 0.381809 
0.37957 -0.476325 0.437807 
-0.636167 -0.247617 0.381255 
0.379419 -0.475956 0.43787 
-0.635745 -0.247111 0.380927 
0.379411 -0.476201 0.437771 
-0.63407 -0.246753 0.381617 
0.37977 -0.477153 0.437742 
-0.631375 -0.245812 0.382579 
0.379972 -0.478445 0.437413 
-0.627288 -0.243823 0.383831 
0.380491 -0.479818 0.43639 
-0.624209 -0.242413 0.384812 
0.38078 -0.480239 0.435173 
-0.622604 -0.242032 0.3855 
0.381118 -0.481143 0.436829 
-0.619936 -0.241106 0.386559 
0.381283 -0.482135 0.436288 
-0.617955 -0.24024 0.387163 
0.381211 -0.48247 0.435967 
-0.617356 -0.240244 0.387523 
0.381139 -0.483434 0.435673 
-0.614912 -0.239388 0.3883 
0.380945 -0.484078 0.434458 
-0.612838 -0.238422 0.388788 
0.380925 -0.484426 0.435201 
-0.610182 -0.237361 0.38983 
0.380918 -0.485304 0.434091 
-0.606757 -0.235479 0.390434 
0.380958 -0.485884 0.43389 
-0.604914 -0.23525 0.391317 
0.380888 -0.487098 0.433295 
-0.603026 -0.234279 0.391399 
0.380403 -0.487836 0.432482 
-0.60242 -0.233695 0.391121 
0.379768 -0.487633 0.431538 
-0.599004 -0.233087 0.397434 
0.37936 -0.488971 0.433587 
