-0.597268 -0.255126 0.407261 
0.386647 -0.491272 0.441284 
-0.597268 -0.255126 0.407261 
0.386646 -0.491272 0.441284 
-0.597268 -0.255126 0.407261 
0.386646 -0.491272 0.441284 
-0.597268 -0.255126 0.407261 
0.387334 -0.490764 0.441145 
-0.597268 -0.255126 0.407261 
0.388919 -0.49073 0.44255 
-0.597268 -0.255126 0.407261 
0.389789 -0.490689 0.441517 
-0.597268 -0.255126 0.407261 
0.390425 -0.490798 0.441298 
-0.597268 -0.255126 0.407261 
0.391104 -0.491215 0.442107 
-0.597268 -0.255126 0.407261 
0.391912 -0.491346 0.443029 
-0.597268 -0.255126 0.407261 
0.392794 -0.491342 0.442996 
-0.597268 -0.255126 0.407261 
0.393764 -0.491486 0.442848 
-0.597268 -0.255126 0.407261 
0.395067 -0.491658 0.443387 
-0.597268 -0.255126 0.407261 
0.396445 -0.49178 0.443971 
-0.597268 -0.255126 0.407261 
0.39889 -0.492022 0.444577 
-0.597268 -0.255126 0.407261 
0.401287 -0.492377 0.445167 
-0.597268 -0.255126 0.407261 
0.403606 -0.49269 0.445423 
-0.597268 -0.255126 0.407261 
0.406142 -0.492985 0.446128 
-0.597268 -0.255126 0.407261 
0.408784 -0.493231 0.446261 
-0.597268 -0.255126 0.407261 
0.411454 -0.49344 0.446 
-0.597268 -0.255126 0.407261 
0.414248 -0.49369 0.445874 
-0.597268 -0.255126 0.407261 
0.417032 -0.493875 0.44618 
-0.597268 -0.255126 0.407261 
0.419753 -0.493941 0.445724 
-0.597268 -0.255126 0.407261 
0.422355 -0.494042 0.445244 
-0.597268 -0.255126 0.407261 
0.424938 -0.494209 0.445008 
-0.597268 -0.255126 0.407261 
0.42751 -0.494449 0.445119 
-0.597268 -0.255126 0.407261 
0.430027 -0.494599 0.444947 
-0.597268 -0.255126 0.407261 
0.43247 -0.494806 0.44466 
-0.597268 -0.255126 0.407261 
0.434903 -0.495086 0.444871 
-0.597268 -0.255126 0.407261 
0.437206 -0.495272 0.445025 
-0.597268 -0.255126 0.407261 
0.43943 -0.495512 0.444981 
-0.597268 -0.255126 0.407261 
0.441466 -0.495799 0.444863 
-0.597268 -0.255126 0.407261 
0.443394 -0.496039 0.444944 
-0.597268 -0.255126 0.407261 
0.445184 -0.496368 0.445797 
-0.597268 -0.255126 0.407261 
0.44661 -0.496641 0.445747 
-0.597268 -0.255126 0.407261 
0.447729 -0.496793 0.445354 
-0.597268 -0.255126 0.407261 
0.4486 -0.49694 0.445293 
-0.597268 -0.255126 0.407261 
0.448597 -0.496938 0.445291 
-0.597268 -0.255126 0.407261 
0.448601 -0.496943 0.445289 
-0.597268 -0.255126 0.407261 
0.448601 -0.496942 0.44529 
-0.597268 -0.255126 0.407261 
0.448596 -0.496936 0.445294 
-0.597268 -0.255126 0.407261 
0.448597 -0.496937 0.445294 
-0.597268 -0.255126 0.407261 
0.448593 -0.496934 0.445294 
-0.597268 -0.255126 0.407261 
0.448598 -0.496936 0.445305 
-0.597268 -0.255126 0.407261 
0.448592 -0.496927 0.445312 
-0.597268 -0.255126 0.407261 
0.448591 -0.496928 0.445309 
-0.597268 -0.255126 0.407261 
0.448589 -0.496925 0.445308 
-0.597268 -0.255126 0.407261 
0.448584 -0.49692 0.445309 
-0.597268 -0.255126 0.407261 
0.448581 -0.496916 0.445313 
-0.597268 -0.255126 0.407261 
0.448577 -0.496914 0.445308 
-0.597268 -0.255126 0.407261 
0.448728 -0.49703 0.445427 
-0.597268 -0.255126 0.407261 
0.448728 -0.49703 0.445427 
-0.597268 -0.255126 0.407261 
0.448728 -0.49703 0.445427 
-0.597268 -0.255126 0.407261 
0.448728 -0.49703 0.445427 
-0.597268 -0.255126 0.407261 
0.448728 -0.49703 0.445427 
-0.597268 -0.255126 0.407261 
0.448728 -0.49703 0.445427 
-0.597268 -0.255126 0.407261 
0.448728 -0.49703 0.445427 
-0.597268 -0.255126 0.407261 
0.448728 -0.49703 0.445427 
-0.597268 -0.255126 0.407261 
0.448728 -0.49703 0.445427 
-0.597268 -0.255126 0.407261 
0.448728 -0.49703 0.445427 
-0.597268 -0.255126 0.407261 
0.448728 -0.49703 0.445427 
-0.597268 -0.255126 0.407261 
0.448728 -0.49703 0.445427 
-0.597268 -0.255126 0.407261 
0.448728 -0.49703 0.445427 
-0.597268 -0.255126 0.407261 
0.448728 -0.49703 0.445427 
-0.597268 -0.255126 0.407261 
0.448728 -0.49703 0.445427 
-0.597268 -0.255126 0.407261 
0.448728 -0.49703 0.445427 
-0.597268 -0.255126 0.407261 
0.448728 -0.49703 0.445427 
-0.597268 -0.255126 0.407261 
0.448728 -0.49703 0.445427 
-0.597268 -0.255126 0.407261 
0.448728 -0.49703 0.445427 
-0.597268 -0.255126 0.407261 
0.448728 -0.49703 0.445427 
-0.597268 -0.255126 0.407261 
0.448728 -0.49703 0.445427 
-0.597268 -0.255126 0.407261 
0.448728 -0.49703 0.445427 
-0.597268 -0.255126 0.407261 
0.448728 -0.49703 0.445427 
-0.597268 -0.255126 0.407261 
0.448728 -0.49703 0.445427 
-0.597268 -0.255126 0.407261 
0.448728 -0.49703 0.445427 
-0.597268 -0.255126 0.407261 
0.448728 -0.49703 0.445427 
-0.597268 -0.255126 0.407261 
0.448728 -0.49703 0.445427 
-0.597268 -0.255126 0.407261 
0.448728 -0.49703 0.445427 
-0.597268 -0.255126 0.407261 
0.448728 -0.49703 0.445427 
-0.597268 -0.255126 0.407261 
0.448728 -0.49703 0.445427 
-0.597268 -0.255126 0.407261 
0.448728 -0.49703 0.445427 
-0.597268 -0.255126 0.407261 
0.448728 -0.49703 0.445427 
-0.597268 -0.255126 0.407261 
0.448728 -0.49703 0.445427 
-0.597268 -0.255126 0.407261 
0.448728 -0.49703 0.445427 
-0.597268 -0.255126 0.407261 
0.448728 -0.49703 0.445427 
-0.597268 -0.255126 0.407261 
0.448728 -0.49703 0.445427 
-0.597268 -0.255126 0.407261 
0.448728 -0.49703 0.445427 
-0.597268 -0.255126 0.407261 
0.448728 -0.49703 0.445427 
-0.597268 -0.255126 0.407261 
0.448728 -0.49703 0.445427 
-0.597268 -0.255126 0.407261 
0.448728 -0.49703 0.445427 
-0.597268 -0.255126 0.407261 
0.448728 -0.49703 0.445427 
-0.597268 -0.255126 0.407261 
0.448728 -0.49703 0.445427 
-0.597268 -0.255126 0.407261 
0.448728 -0.49703 0.445427 
-0.597268 -0.255126 0.407261 
0.448728 -0.49703 0.445427 
-0.597268 -0.255126 0.407261 
0.448728 -0.49703 0.445427 
-0.597268 -0.255126 0.407261 
0.448728 -0.49703 0.445427 
-0.597268 -0.255126 0.407261 
0.448728 -0.49703 0.445427 
-0.597268 -0.255126 0.407261 
0.448728 -0.49703 0.445427 
-0.597268 -0.255126 0.407261 
0.448728 -0.49703 0.445427 
-0.597268 -0.255126 0.407261 
0.448728 -0.49703 0.445427 
