-0.637915 -0.242172 0.373482 
0.38101 -0.482189 0.439959 
-0.637171 -0.242997 0.37414 
0.381295 -0.485606 0.443989 
-0.637301 -0.243379 0.374952 
0.381652 -0.487039 0.44406 
-0.63773 -0.243969 0.375121 
0.381519 -0.487306 0.445245 
-0.638084 -0.244921 0.374938 
0.381363 -0.487512 0.446487 
-0.63771 -0.244557 0.374673 
0.381385 -0.487973 0.446012 
-0.635775 -0.243329 0.375075 
0.381755 -0.48923 0.444549 
-0.632726 -0.242544 0.376059 
0.382087 -0.49062 0.444527 
-0.628386 -0.240906 0.377415 
0.382728 -0.491822 0.444984 
-0.625533 -0.239756 0.378324 
0.383151 -0.492641 0.444065 
-0.622683 -0.238564 0.379278 
0.383244 -0.492931 0.442758 
-0.62081 -0.237783 0.379977 
0.383173 -0.493527 0.442076 
-0.618811 -0.237159 0.38062 
0.383287 -0.494177 0.442848 
-0.617686 -0.236515 0.380849 
0.383023 -0.494811 0.441796 
-0.615459 -0.235463 0.381588 
0.382971 -0.49584 0.441201 
-0.612702 -0.234586 0.382183 
0.382953 -0.496718 0.441044 
-0.609832 -0.23338 0.382786 
0.383101 -0.497496 0.442457 
-0.607081 -0.232215 0.383549 
0.383304 -0.498484 0.442828 
-0.604591 -0.231042 0.384281 
0.383173 -0.499107 0.442697 
