-0.705944 -0.264061 0.485404 
0.400795 -0.504304 0.485867 
-0.705945 -0.264061 0.485405 
0.400795 -0.504304 0.485867 
-0.705945 -0.264061 0.485405 
0.400795 -0.504304 0.485867 
-0.705398 -0.263915 0.484364 
0.400795 -0.504304 0.485867 
-0.705113 -0.263535 0.485123 
0.400795 -0.504304 0.485867 
-0.705558 -0.263215 0.486773 
0.400795 -0.504304 0.485867 
-0.704175 -0.265488 0.486522 
0.400795 -0.504304 0.485867 
-0.703721 -0.264186 0.485088 
0.400795 -0.504304 0.485867 
-0.702202 -0.262966 0.485846 
0.400795 -0.504304 0.485867 
-0.701369 -0.262995 0.483823 
0.400795 -0.504304 0.485867 
-0.699986 -0.262586 0.483226 
0.400795 -0.504304 0.485867 
-0.698903 -0.264538 0.487728 
0.400795 -0.504304 0.485867 
-0.697418 -0.264842 0.492541 
0.400795 -0.504304 0.485867 
-0.696756 -0.26336 0.496863 
0.400795 -0.504304 0.485867 
