-0.636642 -0.24618 0.380117 
0.400795 -0.504304 0.485867 
-0.63423 -0.246157 0.379624 
0.400795 -0.504304 0.485867 
-0.63567 -0.246847 0.381198 
0.400795 -0.504304 0.485867 
-0.636476 -0.247445 0.381489 
0.400795 -0.504304 0.485867 
-0.636888 -0.248307 0.381335 
0.400795 -0.504304 0.485867 
-0.636477 -0.247979 0.381185 
0.400795 -0.504304 0.485867 
-0.634638 -0.247199 0.382213 
0.400795 -0.504304 0.485867 
-0.631634 -0.246296 0.383781 
0.400795 -0.504304 0.485867 
-0.627888 -0.244969 0.384976 
0.400795 -0.504304 0.485867 
-0.624912 -0.243936 0.384976 
0.400795 -0.504304 0.485867 
-0.622198 -0.242768 0.387049 
0.400795 -0.504304 0.485867 
-0.62011 -0.24213 0.387872 
0.400795 -0.504304 0.485867 
-0.618347 -0.241337 0.388629 
0.400795 -0.504304 0.485867 
-0.617017 -0.240621 0.388756 
0.400795 -0.504304 0.485867 
-0.61509 -0.240153 0.389509 
0.400795 -0.504304 0.485867 
-0.612116 -0.238982 0.390797 
0.400795 -0.504304 0.485867 
