-0.609321 -0.229383 0.412515 
0.400795 -0.504304 0.485867 
-0.609322 -0.229383 0.412515 
0.400795 -0.504304 0.485867 
-0.608718 -0.22928 0.411218 
0.400795 -0.504304 0.485867 
-0.608606 -0.229717 0.410867 
0.400795 -0.504304 0.485867 
-0.608057 -0.230865 0.4112 
0.400795 -0.504304 0.485867 
-0.606868 -0.232884 0.411423 
0.400795 -0.504304 0.485867 
-0.604366 -0.23344 0.411156 
0.400795 -0.504304 0.485867 
-0.602153 -0.234029 0.411447 
0.400795 -0.504304 0.485867 
-0.600628 -0.23428 0.411772 
0.400795 -0.504304 0.485867 
-0.599455 -0.234279 0.412113 
0.400795 -0.504304 0.485867 
-0.598668 -0.234113 0.412113 
0.400795 -0.504304 0.485867 
-0.598077 -0.234204 0.412182 
0.400795 -0.504304 0.485867 
-0.597549 -0.234129 0.412086 
0.400795 -0.504304 0.485867 
-0.597207 -0.23426 0.412057 
0.400795 -0.504304 0.485867 
-0.596947 -0.234287 0.411736 
0.400795 -0.504304 0.485867 
-0.596114 -0.234442 0.411825 
0.400795 -0.504304 0.485867 
-0.594791 -0.234839 0.411966 
0.400795 -0.504304 0.485867 
-0.593557 -0.234984 0.412355 
0.400795 -0.504304 0.485867 
-0.592743 -0.234795 0.412622 
0.400795 -0.504304 0.485867 
-0.592673 -0.234717 0.41265 
0.400795 -0.504304 0.485867 
-0.592932 -0.234508 0.412289 
0.400795 -0.504304 0.485867 
-0.592972 -0.234728 0.412064 
0.400795 -0.504304 0.485867 
-0.592901 -0.2347 0.412051 
0.400795 -0.504304 0.485867 
-0.592959 -0.234595 0.411705 
0.400795 -0.504304 0.485867 
-0.592845 -0.234604 0.411875 
0.400795 -0.504304 0.485867 
-0.59283 -0.234628 0.411649 
0.400795 -0.504304 0.485867 
-0.592855 -0.234588 0.411731 
0.400795 -0.504304 0.485867 
-0.592793 -0.234595 0.411804 
0.400795 -0.504304 0.485867 
-0.592818 -0.234714 0.411889 
0.400795 -0.504304 0.485867 
-0.592909 -0.234859 0.411794 
0.400795 -0.504304 0.485867 
-0.592897 -0.234925 0.412251 
0.400795 -0.504304 0.485867 
-0.59304 -0.234835 0.412003 
0.400795 -0.504304 0.485867 
-0.592946 -0.234863 0.412603 
0.400795 -0.504304 0.485867 
-0.592984 -0.234937 0.412443 
0.400795 -0.504304 0.485867 
-0.592967 -0.234943 0.412206 
0.400795 -0.504304 0.485867 
-0.593011 -0.235015 0.412127 
0.400795 -0.504304 0.485867 
-0.593064 -0.234869 0.412006 
0.400795 -0.504304 0.485867 
-0.59297 -0.235059 0.412351 
0.400795 -0.504304 0.485867 
-0.592997 -0.234937 0.412458 
0.400795 -0.504304 0.485867 
-0.593044 -0.235046 0.412288 
0.400795 -0.504304 0.485867 
-0.593068 -0.23485 0.412065 
0.400795 -0.504304 0.485867 
-0.592968 -0.235019 0.412251 
0.400795 -0.504304 0.485867 
-0.592943 -0.235047 0.412088 
0.400795 -0.504304 0.485867 
-0.592844 -0.234756 0.411987 
0.400795 -0.504304 0.485867 
-0.592828 -0.234656 0.412072 
0.400795 -0.504304 0.485867 
-0.592834 -0.234748 0.411946 
0.400795 -0.504304 0.485867 
-0.592887 -0.234749 0.411969 
0.400795 -0.504304 0.485867 
-0.592821 -0.234759 0.412031 
0.400795 -0.504304 0.485867 
-0.592875 -0.234633 0.412076 
0.400795 -0.504304 0.485867 
-0.592941 -0.234677 0.412042 
0.400795 -0.504304 0.485867 
-0.592889 -0.23458 0.411955 
0.400795 -0.504304 0.485867 
-0.592871 -0.234771 0.412106 
0.400795 -0.504304 0.485867 
-0.592871 -0.234797 0.41209 
0.400795 -0.504304 0.485867 
-0.592879 -0.23489 0.412083 
0.400795 -0.504304 0.485867 
-0.59294 -0.234778 0.412241 
0.400795 -0.504304 0.485867 
-0.592886 -0.234919 0.412154 
0.400795 -0.504304 0.485867 
-0.593074 -0.234813 0.412169 
0.400795 -0.504304 0.485867 
-0.592892 -0.235005 0.412201 
0.400795 -0.504304 0.485867 
-0.592952 -0.234851 0.412209 
0.400795 -0.504304 0.485867 
-0.592949 -0.234912 0.41242 
0.400795 -0.504304 0.485867 
-0.592223 -0.233492 0.41106 
0.400795 -0.504304 0.485867 
-0.590745 -0.230937 0.409055 
0.400795 -0.504304 0.485867 
-0.589507 -0.228237 0.406683 
0.400795 -0.504304 0.485867 
-0.588289 -0.224977 0.403973 
0.400795 -0.504304 0.485867 
-0.587366 -0.221098 0.401266 
0.400795 -0.504304 0.485867 
-0.586738 -0.216957 0.39787 
0.400795 -0.504304 0.485867 
-0.586113 -0.212898 0.394615 
0.400795 -0.504304 0.485867 
-0.586059 -0.208227 0.390659 
0.400795 -0.504304 0.485867 
-0.586164 -0.203443 0.386844 
0.400795 -0.504304 0.485867 
-0.586479 -0.198647 0.383131 
0.400795 -0.504304 0.485867 
-0.586914 -0.194054 0.379196 
0.400795 -0.504304 0.485867 
-0.587584 -0.189614 0.375362 
0.400795 -0.504304 0.485867 
-0.588288 -0.18531 0.371315 
0.400795 -0.504304 0.485867 
-0.589933 -0.182584 0.369138 
0.400795 -0.504304 0.485867 
-0.591676 -0.18143 0.367427 
0.400795 -0.504304 0.485867 
-0.592952 -0.180384 0.36669 
0.400795 -0.504304 0.485867 
-0.593965 -0.179883 0.366068 
0.400795 -0.504304 0.485867 
-0.59437 -0.180275 0.36611 
0.400795 -0.504304 0.485867 
-0.594597 -0.18162 0.365978 
0.400795 -0.504304 0.485867 
-0.594153 -0.183519 0.367018 
0.400795 -0.504304 0.485867 
-0.593254 -0.186284 0.368283 
0.400795 -0.504304 0.485867 
-0.592235 -0.18957 0.369397 
0.400795 -0.504304 0.485867 
-0.59087 -0.19372 0.370779 
0.400795 -0.504304 0.485867 
-0.589433 -0.198 0.372408 
0.400795 -0.504304 0.485867 
-0.588325 -0.20698 0.374257 
0.400795 -0.504304 0.485867 
-0.588591 -0.2063 0.37398 
0.400795 -0.504304 0.485867 
-0.587168 -0.211965 0.374967 
0.400795 -0.504304 0.485867 
-0.586136 -0.216902 0.375489 
0.400795 -0.504304 0.485867 
-0.585172 -0.221809 0.37613 
0.400795 -0.504304 0.485867 
-0.584456 -0.226364 0.375796 
0.400795 -0.504304 0.485867 
-0.583838 -0.230828 0.375911 
0.400795 -0.504304 0.485867 
-0.583477 -0.235045 0.375812 
0.400795 -0.504304 0.485867 
-0.58456 -0.239312 0.375271 
0.400795 -0.504304 0.485867 
-0.584315 -0.242224 0.374887 
0.400795 -0.504304 0.485867 
-0.584311 -0.244784 0.374294 
0.400795 -0.504304 0.485867 
-0.584184 -0.247353 0.373435 
0.400795 -0.504304 0.485867 
-0.584571 -0.249168 0.371832 
0.400795 -0.504304 0.485867 
-0.584409 -0.250431 0.371558 
0.400795 -0.504304 0.485867 
-0.584541 -0.252945 0.371809 
0.400795 -0.504304 0.485867 
-0.584722 -0.254177 0.371577 
0.400795 -0.504304 0.485867 
-0.585185 -0.255431 0.370689 
0.400795 -0.504304 0.485867 
-0.585389 -0.256527 0.370161 
0.400795 -0.504304 0.485867 
-0.585957 -0.258532 0.368834 
0.400795 -0.504304 0.485867 
-0.586352 -0.260641 0.368103 
0.400795 -0.504304 0.485867 
-0.586646 -0.262727 0.367462 
0.400795 -0.504304 0.485867 
-0.585069 -0.263554 0.36743 
0.400795 -0.504304 0.485867 
-0.585197 -0.265642 0.366979 
0.400795 -0.504304 0.485867 
-0.585257 -0.26696 0.366621 
0.400795 -0.504304 0.485867 
-0.585237 -0.268393 0.366139 
0.400795 -0.504304 0.485867 
-0.585177 -0.269266 0.365661 
0.400795 -0.504304 0.485867 
-0.584709 -0.269624 0.365642 
0.400795 -0.504304 0.485867 
-0.584457 -0.270418 0.365389 
0.400795 -0.504304 0.485867 
-0.584084 -0.270681 0.365264 
0.400795 -0.504304 0.485867 
-0.583566 -0.270563 0.365161 
0.400795 -0.504304 0.485867 
-0.582793 -0.270371 0.365532 
0.400795 -0.504304 0.485867 
-0.58205 -0.270557 0.365953 
0.400795 -0.504304 0.485867 
-0.581141 -0.270045 0.366349 
0.400795 -0.504304 0.485867 
-0.580121 -0.26955 0.366294 
0.400795 -0.504304 0.485867 
-0.579276 -0.26989 0.365973 
0.400795 -0.504304 0.485867 
-0.578487 -0.270341 0.365552 
0.400795 -0.504304 0.485867 
-0.578108 -0.270811 0.364883 
0.400795 -0.504304 0.485867 
-0.577321 -0.270887 0.364823 
0.400795 -0.504304 0.485867 
-0.576714 -0.272446 0.365529 
0.400795 -0.504304 0.485867 
-0.576299 -0.273145 0.365304 
0.400795 -0.504304 0.485867 
-0.575847 -0.273957 0.365219 
0.400795 -0.504304 0.485867 
-0.57542 -0.274774 0.365189 
0.400795 -0.504304 0.485867 
-0.575009 -0.275504 0.365013 
0.400795 -0.504304 0.485867 
-0.574718 -0.276229 0.364799 
0.400795 -0.504304 0.485867 
-0.574539 -0.276849 0.364509 
0.400795 -0.504304 0.485867 
-0.574433 -0.277538 0.364254 
0.400795 -0.504304 0.485867 
-0.574365 -0.278222 0.364444 
0.400795 -0.504304 0.485867 
-0.574337 -0.278384 0.364529 
0.400795 -0.504304 0.485867 
-0.572969 -0.276499 0.365538 
0.400795 -0.504304 0.485867 
-0.572969 -0.276499 0.365538 
0.400795 -0.504304 0.485867 
-0.572967 -0.276496 0.365535 
0.400795 -0.504304 0.485867 
-0.572966 -0.276501 0.36555 
0.400795 -0.504304 0.485867 
-0.572965 -0.2765 0.36555 
0.400795 -0.504304 0.485867 
-0.572977 -0.276551 0.365632 
0.400795 -0.504304 0.485867 
-0.572954 -0.276455 0.365479 
0.400795 -0.504304 0.485867 
-0.572958 -0.276458 0.365474 
0.400795 -0.504304 0.485867 
-0.572946 -0.276414 0.365415 
0.400795 -0.504304 0.485867 
-0.572971 -0.276513 0.365572 
0.400795 -0.504304 0.485867 
-0.572967 -0.276506 0.365571 
0.400795 -0.504304 0.485867 
