-0.701314 -0.287688 0.464114 
0.400795 -0.504304 0.485867 
-0.701314 -0.287688 0.464114 
0.400795 -0.504304 0.485867 
-0.702002 -0.287587 0.463889 
0.400795 -0.504304 0.485867 
-0.702422 -0.288141 0.463642 
0.400795 -0.504304 0.485867 
-0.702282 -0.288807 0.463269 
0.400795 -0.504304 0.485867 
-0.701928 -0.288512 0.46348 
0.400795 -0.504304 0.485867 
-0.701624 -0.28777 0.465384 
0.400795 -0.504304 0.485867 
-0.701159 -0.286963 0.468505 
0.400795 -0.504304 0.485867 
-0.700271 -0.285685 0.472551 
0.400795 -0.504304 0.485867 
-0.69953 -0.284683 0.475792 
0.400795 -0.504304 0.485867 
-0.698964 -0.2839 0.478343 
0.400795 -0.504304 0.485867 
-0.69851 -0.283272 0.480394 
0.400795 -0.504304 0.485867 
-0.698132 -0.282754 0.482079 
0.400795 -0.504304 0.485867 
-0.697807 -0.282316 0.483485 
0.400795 -0.504304 0.485867 
-0.697383 -0.281721 0.48549 
0.400795 -0.504304 0.485867 
-0.696774 -0.280959 0.488308 
0.400795 -0.504304 0.485867 
-0.696052 -0.279989 0.491114 
0.400795 -0.504304 0.485867 
-0.695499 -0.279004 0.494021 
0.400795 -0.504304 0.485867 
-0.694964 -0.278328 0.496659 
0.400795 -0.504304 0.485867 
-0.694514 -0.277746 0.498417 
0.400795 -0.504304 0.485867 
-0.694195 -0.277457 0.499298 
0.400795 -0.504304 0.485867 
-0.69419 -0.277459 0.499293 
0.400795 -0.504304 0.485867 
-0.45805 -0.16486 0.48415 
0.400795 -0.504304 0.485867 
