-0.597268 -0.255126 0.407261 
0.448968 -0.496928 0.44618 
-0.597268 -0.255126 0.407261 
0.386868 -0.491274 0.442171 
-0.597268 -0.255126 0.407261 
0.386868 -0.491274 0.442171 
-0.597268 -0.255126 0.407261 
0.396674 -0.491756 0.444835 
-0.597268 -0.255126 0.407261 
0.399121 -0.491992 0.445436 
-0.597268 -0.255126 0.407261 
0.40152 -0.492341 0.446022 
-0.597268 -0.255126 0.407261 
0.403841 -0.492649 0.446273 
-0.597268 -0.255126 0.407261 
0.406378 -0.492938 0.446973 
-0.597268 -0.255126 0.407261 
0.409021 -0.49318 0.4471 
-0.597268 -0.255126 0.407261 
0.411691 -0.493386 0.446833 
-0.597268 -0.255126 0.407261 
0.414484 -0.493633 0.446701 
-0.597268 -0.255126 0.407261 
0.41727 -0.493814 0.447 
-0.597268 -0.255126 0.407261 
0.41999 -0.493877 0.446538 
-0.597268 -0.255126 0.407261 
0.42259 -0.493977 0.446051 
-0.597268 -0.255126 0.407261 
0.425173 -0.494141 0.44581 
-0.597268 -0.255126 0.407261 
0.427746 -0.494378 0.445916 
-0.597268 -0.255126 0.407261 
0.430263 -0.494525 0.445738 
-0.597268 -0.255126 0.407261 
0.432705 -0.49473 0.445445 
-0.597268 -0.255126 0.407261 
0.435138 -0.495006 0.445651 
-0.597268 -0.255126 0.407261 
0.437443 -0.495187 0.4458 
-0.597268 -0.255126 0.407261 
0.439666 -0.495425 0.445752 
-0.597268 -0.255126 0.407261 
0.441702 -0.495709 0.44563 
-0.597268 -0.255126 0.407261 
0.443631 -0.495946 0.445706 
-0.597268 -0.255126 0.407261 
0.445424 -0.49627 0.446556 
-0.597268 -0.255126 0.407261 
0.44685 -0.49654 0.446504 
-0.597268 -0.255126 0.407261 
0.447969 -0.496693 0.446109 
-0.597268 -0.255126 0.407261 
0.44884 -0.496839 0.446047 
-0.597268 -0.255126 0.407261 
0.448836 -0.496837 0.446044 
-0.597268 -0.255126 0.407261 
0.44884 -0.496842 0.446042 
-0.597268 -0.255126 0.407261 
0.44884 -0.496841 0.446043 
-0.597268 -0.255126 0.407261 
0.448836 -0.496835 0.446047 
-0.597268 -0.255126 0.407261 
0.448836 -0.496836 0.446047 
-0.597268 -0.255126 0.407261 
0.448833 -0.496833 0.446047 
-0.597268 -0.255126 0.407261 
0.448837 -0.496834 0.446058 
-0.597268 -0.255126 0.407261 
0.448832 -0.496826 0.446065 
-0.597268 -0.255126 0.407261 
0.448831 -0.496827 0.446062 
-0.597268 -0.255126 0.407261 
0.448828 -0.496824 0.446062 
-0.597268 -0.255126 0.407261 
0.448824 -0.496819 0.446062 
-0.597268 -0.255126 0.407261 
0.44882 -0.496815 0.446066 
-0.597268 -0.255126 0.407261 
0.448817 -0.496813 0.446061 
-0.597268 -0.255126 0.407261 
0.448968 -0.496928 0.44618 
-0.597268 -0.255126 0.407261 
0.448968 -0.496928 0.44618 
-0.597268 -0.255126 0.407261 
0.448968 -0.496928 0.44618 
-0.597268 -0.255126 0.407261 
0.448968 -0.496928 0.44618 
-0.597268 -0.255126 0.407261 
0.448968 -0.496928 0.44618 
-0.597268 -0.255126 0.407261 
0.448968 -0.496928 0.44618 
-0.597268 -0.255126 0.407261 
0.448968 -0.496928 0.44618 
-0.597268 -0.255126 0.407261 
0.448968 -0.496928 0.44618 
-0.597268 -0.255126 0.407261 
0.448968 -0.496928 0.44618 
-0.597268 -0.255126 0.407261 
0.448968 -0.496928 0.44618 
-0.597268 -0.255126 0.407261 
0.448968 -0.496928 0.44618 
-0.597268 -0.255126 0.407261 
0.448968 -0.496928 0.44618 
-0.597268 -0.255126 0.407261 
0.448968 -0.496928 0.44618 
-0.597268 -0.255126 0.407261 
0.448968 -0.496928 0.44618 
-0.597268 -0.255126 0.407261 
0.448968 -0.496928 0.44618 
-0.597268 -0.255126 0.407261 
0.448968 -0.496928 0.44618 
-0.597268 -0.255126 0.407261 
0.448968 -0.496928 0.44618 
-0.597268 -0.255126 0.407261 
0.448968 -0.496928 0.44618 
-0.597268 -0.255126 0.407261 
0.448968 -0.496928 0.44618 
-0.597268 -0.255126 0.407261 
0.448968 -0.496928 0.44618 
-0.597268 -0.255126 0.407261 
0.448968 -0.496928 0.44618 
-0.597268 -0.255126 0.407261 
0.448968 -0.496928 0.44618 
-0.597268 -0.255126 0.407261 
0.448968 -0.496928 0.44618 
