-0.60107 -0.187967 0.335075 
0.400795 -0.504304 0.485867 
-0.601071 -0.187968 0.335075 
0.400795 -0.504304 0.485867 
-0.600489 -0.188237 0.335198 
0.400795 -0.504304 0.485867 
-0.600866 -0.188422 0.334801 
0.400795 -0.504304 0.485867 
-0.601055 -0.188369 0.334803 
0.400795 -0.504304 0.485867 
-0.601135 -0.188411 0.334626 
0.400795 -0.504304 0.485867 
-0.601172 -0.188416 0.334483 
0.400795 -0.504304 0.485867 
-0.601166 -0.188291 0.334533 
0.400795 -0.504304 0.485867 
-0.601164 -0.188488 0.334783 
0.400795 -0.504304 0.485867 
-0.600999 -0.188164 0.334822 
0.400795 -0.504304 0.485867 
-0.600868 -0.188218 0.335034 
0.400795 -0.504304 0.485867 
-0.60099 -0.188146 0.335185 
0.400795 -0.504304 0.485867 
-0.601066 -0.188155 0.335043 
0.400795 -0.504304 0.485867 
-0.60107 -0.188366 0.334978 
0.400795 -0.504304 0.485867 
-0.601044 -0.188519 0.335006 
0.400795 -0.504304 0.485867 
-0.601168 -0.188252 0.334731 
0.400795 -0.504304 0.485867 
-0.601093 -0.188374 0.334878 
0.400795 -0.504304 0.485867 
-0.601066 -0.18839 0.33477 
0.400795 -0.504304 0.485867 
-0.601076 -0.188228 0.335025 
0.400795 -0.504304 0.485867 
-0.60125 -0.18835 0.334834 
0.400795 -0.504304 0.485867 
-0.601138 -0.188469 0.335177 
0.400795 -0.504304 0.485867 
