-0.596284 -0.238959 0.398344 
0.400795 -0.504304 0.485867 
-0.596285 -0.23896 0.398344 
0.400795 -0.504304 0.485867 
-0.596331 -0.238757 0.396669 
0.400795 -0.504304 0.485867 
-0.596296 -0.238877 0.396806 
0.400795 -0.504304 0.485867 
-0.596331 -0.238859 0.396713 
0.400795 -0.504304 0.485867 
-0.596322 -0.238965 0.396629 
0.400795 -0.504304 0.485867 
-0.596384 -0.238989 0.39647 
0.400795 -0.504304 0.485867 
-0.596316 -0.239153 0.39663 
0.400795 -0.504304 0.485867 
-0.596344 -0.239008 0.396599 
0.400795 -0.504304 0.485867 
-0.596334 -0.23904 0.396537 
0.400795 -0.504304 0.485867 
-0.596339 -0.239056 0.396264 
0.400795 -0.504304 0.485867 
-0.596373 -0.239057 0.396324 
0.400795 -0.504304 0.485867 
-0.596446 -0.239071 0.396313 
0.400795 -0.504304 0.485867 
-0.596371 -0.239043 0.396514 
0.400795 -0.504304 0.485867 
-0.596415 -0.238811 0.396339 
0.400795 -0.504304 0.485867 
-0.596428 -0.239047 0.396171 
0.400795 -0.504304 0.485867 
-0.5964 -0.239023 0.396172 
0.400795 -0.504304 0.485867 
-0.596376 -0.238955 0.396337 
0.400795 -0.504304 0.485867 
-0.596382 -0.239033 0.396561 
0.400795 -0.504304 0.485867 
-0.596392 -0.238933 0.39633 
0.400795 -0.504304 0.485867 
-0.596242 -0.239211 0.396355 
0.400795 -0.504304 0.485867 
-0.596309 -0.239108 0.396462 
0.400795 -0.504304 0.485867 
-0.596318 -0.239156 0.396571 
0.400795 -0.504304 0.485867 
-0.596327 -0.239138 0.39649 
0.400795 -0.504304 0.485867 
-0.596348 -0.239143 0.396559 
0.400795 -0.504304 0.485867 
-0.596414 -0.238965 0.396246 
0.400795 -0.504304 0.485867 
-0.596351 -0.238963 0.396592 
0.400795 -0.504304 0.485867 
-0.596322 -0.239051 0.39657 
0.400795 -0.504304 0.485867 
-0.596377 -0.238901 0.396353 
0.400795 -0.504304 0.485867 
-0.596441 -0.238869 0.396226 
0.400795 -0.504304 0.485867 
-0.596417 -0.238868 0.396404 
0.400795 -0.504304 0.485867 
-0.596323 -0.239056 0.396448 
0.400795 -0.504304 0.485867 
-0.596384 -0.239102 0.396216 
0.400795 -0.504304 0.485867 
-0.596362 -0.239085 0.396302 
0.400795 -0.504304 0.485867 
-0.596367 -0.238892 0.39632 
0.400795 -0.504304 0.485867 
-0.596348 -0.238929 0.39658 
0.400795 -0.504304 0.485867 
