-0.635895 -0.243475 0.373861 
0.382771 -0.482472 0.438844 
-0.635895 -0.243475 0.373861 
0.382728 -0.48772 0.441954 
-0.635715 -0.244383 0.374972 
0.383303 -0.488613 0.444524 
-0.635784 -0.245709 0.375654 
0.382915 -0.488462 0.445923 
-0.635994 -0.246115 0.375337 
0.383108 -0.4891 0.447633 
-0.635546 -0.245952 0.37503 
0.383207 -0.489112 0.447388 
-0.633736 -0.244768 0.375615 
0.383389 -0.490637 0.444705 
-0.630155 -0.243179 0.376977 
0.38283 -0.489056 0.441667 
-0.62619 -0.242164 0.378063 
0.383356 -0.489841 0.441269 
-0.624281 -0.240957 0.378537 
0.383845 -0.490504 0.440738 
-0.621652 -0.240377 0.379336 
0.384875 -0.494344 0.4427 
-0.618697 -0.238994 0.380505 
0.384304 -0.492377 0.440619 
-0.617305 -0.238455 0.380951 
0.38435 -0.492956 0.440365 
-0.615759 -0.237515 0.381299 
0.384406 -0.495434 0.44098 
-0.613725 -0.236825 0.381834 
0.384613 -0.495862 0.443681 
-0.610122 -0.235976 0.382964 
0.384838 -0.497291 0.444728 
-0.607246 -0.23464 0.383903 
0.385135 -0.499727 0.444371 
-0.604392 -0.233069 0.384375 
0.385217 -0.499344 0.442333 
-0.603319 -0.232759 0.384223 
0.385018 -0.500074 0.443227 
-0.601546 -0.2316 0.384264 
0.384245 -0.500708 0.441928 
-0.600179 -0.230825 0.38404 
0.383979 -0.50069 0.443641 
-0.60115 -0.2307 0.383555 
0.383319 -0.50234 0.444923 
-0.45805 -0.16486 0.48415 
0.38398 -0.501008 0.443508 
-0.599936 -0.230994 0.386305 
0.432274 -0.409661 0.46257 
