-0.597268 -0.255126 0.407261 
0.386381 -0.490808 0.44103 
-0.597268 -0.255126 0.407261 
0.38638 -0.490808 0.44103 
-0.597268 -0.255126 0.407261 
0.38638 -0.490808 0.44103 
-0.597268 -0.255126 0.407261 
0.38707 -0.490302 0.440892 
-0.597268 -0.255126 0.407261 
0.388648 -0.490262 0.442304 
-0.597268 -0.255126 0.407261 
0.389524 -0.490229 0.441275 
-0.597268 -0.255126 0.407261 
0.39016 -0.49034 0.44106 
-0.597268 -0.255126 0.407261 
0.390834 -0.490752 0.441876 
-0.597268 -0.255126 0.407261 
0.391637 -0.49088 0.442802 
-0.597268 -0.255126 0.407261 
0.39252 -0.490877 0.442774 
-0.597268 -0.255126 0.407261 
0.39349 -0.491024 0.442631 
-0.597268 -0.255126 0.407261 
0.394791 -0.491194 0.443177 
-0.597268 -0.255126 0.407261 
0.396165 -0.491315 0.443769 
-0.597268 -0.255126 0.407261 
0.398607 -0.491557 0.444389 
-0.597268 -0.255126 0.407261 
0.401 -0.491911 0.444993 
-0.597268 -0.255126 0.407261 
0.403318 -0.492227 0.445263 
-0.597268 -0.255126 0.407261 
0.405849 -0.492521 0.445982 
-0.597268 -0.255126 0.407261 
0.40849 -0.492771 0.446129 
-0.597268 -0.255126 0.407261 
0.411161 -0.492986 0.445883 
-0.597268 -0.255126 0.407261 
0.413955 -0.493241 0.445772 
-0.597268 -0.255126 0.407261 
0.416738 -0.493429 0.446093 
-0.597268 -0.255126 0.407261 
0.419461 -0.493502 0.445651 
-0.597268 -0.255126 0.407261 
0.422064 -0.493611 0.445184 
-0.597268 -0.255126 0.407261 
0.424649 -0.493783 0.444963 
-0.597268 -0.255126 0.407261 
0.42722 -0.494026 0.445088 
-0.597268 -0.255126 0.407261 
0.429738 -0.494182 0.444929 
-0.597268 -0.255126 0.407261 
0.432181 -0.494394 0.444656 
-0.597268 -0.255126 0.407261 
0.434612 -0.494677 0.444881 
-0.597268 -0.255126 0.407261 
0.436915 -0.494865 0.445047 
-0.597268 -0.255126 0.407261 
0.439138 -0.49511 0.445016 
-0.597268 -0.255126 0.407261 
0.441174 -0.4954 0.44491 
-0.597268 -0.255126 0.407261 
0.443101 -0.495642 0.445001 
-0.597268 -0.255126 0.407261 
0.444887 -0.49597 0.445866 
-0.597268 -0.255126 0.407261 
0.446313 -0.496245 0.445825 
-0.597268 -0.255126 0.407261 
0.447434 -0.496401 0.445438 
-0.597268 -0.255126 0.407261 
0.448305 -0.49655 0.445382 
-0.597268 -0.255126 0.407261 
0.448301 -0.496548 0.44538 
-0.597268 -0.255126 0.407261 
0.448305 -0.496553 0.445378 
-0.597268 -0.255126 0.407261 
0.448305 -0.496552 0.445379 
-0.597268 -0.255126 0.407261 
0.448301 -0.496546 0.445383 
-0.597268 -0.255126 0.407261 
0.448301 -0.496547 0.445383 
-0.597268 -0.255126 0.407261 
0.448298 -0.496544 0.445383 
-0.597268 -0.255126 0.407261 
0.448302 -0.496545 0.445394 
-0.597268 -0.255126 0.407261 
0.448296 -0.496537 0.445401 
-0.597268 -0.255126 0.407261 
0.448296 -0.496538 0.445398 
-0.597268 -0.255126 0.407261 
0.448293 -0.496535 0.445397 
-0.597268 -0.255126 0.407261 
0.448289 -0.49653 0.445398 
-0.597268 -0.255126 0.407261 
0.448285 -0.496526 0.445402 
-0.597268 -0.255126 0.407261 
0.448282 -0.496523 0.445397 
-0.597268 -0.255126 0.407261 
0.448432 -0.496639 0.445517 
-0.597268 -0.255126 0.407261 
0.448432 -0.496639 0.445517 
-0.597268 -0.255126 0.407261 
0.448432 -0.496639 0.445517 
-0.597268 -0.255126 0.407261 
0.448432 -0.496639 0.445517 
-0.597268 -0.255126 0.407261 
0.448432 -0.496639 0.445517 
-0.597268 -0.255126 0.407261 
0.448432 -0.496639 0.445517 
-0.597268 -0.255126 0.407261 
0.448432 -0.496639 0.445517 
-0.597268 -0.255126 0.407261 
0.448432 -0.496639 0.445517 
-0.597268 -0.255126 0.407261 
0.448432 -0.496639 0.445517 
-0.597268 -0.255126 0.407261 
0.448432 -0.496639 0.445517 
-0.597268 -0.255126 0.407261 
0.448432 -0.496639 0.445517 
-0.597268 -0.255126 0.407261 
0.448432 -0.496639 0.445517 
-0.597268 -0.255126 0.407261 
0.448432 -0.496639 0.445517 
-0.597268 -0.255126 0.407261 
0.448432 -0.496639 0.445517 
-0.597268 -0.255126 0.407261 
0.448432 -0.496639 0.445517 
-0.597268 -0.255126 0.407261 
0.448432 -0.496639 0.445517 
-0.597268 -0.255126 0.407261 
0.448432 -0.496639 0.445517 
-0.597268 -0.255126 0.407261 
0.448432 -0.496639 0.445517 
-0.597268 -0.255126 0.407261 
0.448432 -0.496639 0.445517 
-0.597268 -0.255126 0.407261 
0.448432 -0.496639 0.445517 
-0.597268 -0.255126 0.407261 
0.448432 -0.496639 0.445517 
-0.597268 -0.255126 0.407261 
0.448432 -0.496639 0.445517 
-0.597268 -0.255126 0.407261 
0.448432 -0.496639 0.445517 
-0.597268 -0.255126 0.407261 
0.448432 -0.496639 0.445517 
-0.597268 -0.255126 0.407261 
0.448432 -0.496639 0.445517 
-0.597268 -0.255126 0.407261 
0.448432 -0.496639 0.445517 
-0.597268 -0.255126 0.407261 
0.448432 -0.496639 0.445517 
-0.597268 -0.255126 0.407261 
0.448432 -0.496639 0.445517 
-0.597268 -0.255126 0.407261 
0.448432 -0.496639 0.445517 
-0.597268 -0.255126 0.407261 
0.448432 -0.496639 0.445517 
-0.597268 -0.255126 0.407261 
0.448432 -0.496639 0.445517 
-0.597268 -0.255126 0.407261 
0.448432 -0.496639 0.445517 
-0.597268 -0.255126 0.407261 
0.448432 -0.496639 0.445517 
-0.597268 -0.255126 0.407261 
0.448432 -0.496639 0.445517 
-0.597268 -0.255126 0.407261 
0.448432 -0.496639 0.445517 
-0.597268 -0.255126 0.407261 
0.448432 -0.496639 0.445517 
-0.597268 -0.255126 0.407261 
0.448432 -0.496639 0.445517 
-0.597268 -0.255126 0.407261 
0.448432 -0.496639 0.445517 
-0.597268 -0.255126 0.407261 
0.448432 -0.496639 0.445517 
-0.597268 -0.255126 0.407261 
0.448432 -0.496639 0.445517 
-0.597268 -0.255126 0.407261 
0.448432 -0.496639 0.445517 
-0.597268 -0.255126 0.407261 
0.448432 -0.496639 0.445517 
-0.597268 -0.255126 0.407261 
0.448432 -0.496639 0.445517 
-0.597268 -0.255126 0.407261 
0.448432 -0.496639 0.445517 
-0.597268 -0.255126 0.407261 
0.448432 -0.496639 0.445517 
-0.597268 -0.255126 0.407261 
0.448432 -0.496639 0.445517 
-0.597268 -0.255126 0.407261 
0.448432 -0.496639 0.445517 
-0.597268 -0.255126 0.407261 
0.448432 -0.496639 0.445517 
-0.597268 -0.255126 0.407261 
0.448432 -0.496639 0.445517 
-0.597268 -0.255126 0.407261 
0.448432 -0.496639 0.445517 
