-0.623028 -0.237061 0.41279 
0.400795 -0.504304 0.485867 
-0.623029 -0.237061 0.41279 
0.400795 -0.504304 0.485867 
-0.622675 -0.237289 0.411289 
0.400795 -0.504304 0.485867 
-0.622581 -0.238063 0.410504 
0.400795 -0.504304 0.485867 
-0.622174 -0.23913 0.410732 
0.400795 -0.504304 0.485867 
-0.620884 -0.241606 0.411353 
0.400795 -0.504304 0.485867 
-0.618489 -0.242045 0.411128 
0.400795 -0.504304 0.485867 
-0.61623 -0.242165 0.411671 
0.400795 -0.504304 0.485867 
-0.614558 -0.243033 0.411871 
0.400795 -0.504304 0.485867 
-0.61372 -0.242901 0.411652 
0.400795 -0.504304 0.485867 
-0.612873 -0.243242 0.412059 
0.400795 -0.504304 0.485867 
-0.612256 -0.242983 0.411906 
0.400795 -0.504304 0.485867 
-0.611711 -0.24313 0.412064 
0.400795 -0.504304 0.485867 
-0.611338 -0.243317 0.412094 
0.400795 -0.504304 0.485867 
-0.611063 -0.24343 0.41185 
0.400795 -0.504304 0.485867 
-0.610269 -0.24362 0.411795 
0.400795 -0.504304 0.485867 
-0.608924 -0.244018 0.41231 
0.400795 -0.504304 0.485867 
-0.607876 -0.243869 0.412333 
0.400795 -0.504304 0.485867 
-0.607044 -0.244224 0.412526 
0.400795 -0.504304 0.485867 
-0.606895 -0.244187 0.412499 
0.400795 -0.504304 0.485867 
-0.606997 -0.243954 0.412663 
0.400795 -0.504304 0.485867 
-0.60698 -0.244003 0.41231 
0.400795 -0.504304 0.485867 
-0.606977 -0.243957 0.412436 
0.400795 -0.504304 0.485867 
-0.60701 -0.243976 0.412 
0.400795 -0.504304 0.485867 
-0.606892 -0.244113 0.412712 
0.400795 -0.504304 0.485867 
-0.607122 -0.24363 0.41231 
0.400795 -0.504304 0.485867 
-0.606918 -0.243957 0.412657 
0.400795 -0.504304 0.485867 
-0.606923 -0.243895 0.412355 
0.400795 -0.504304 0.485867 
-0.606933 -0.244095 0.412489 
0.400795 -0.504304 0.485867 
-0.606994 -0.244232 0.412717 
0.400795 -0.504304 0.485867 
-0.607269 -0.243842 0.412252 
0.400795 -0.504304 0.485867 
-0.60718 -0.244137 0.412349 
0.400795 -0.504304 0.485867 
-0.607074 -0.244217 0.412844 
0.400795 -0.504304 0.485867 
-0.60718 -0.244302 0.412683 
0.400795 -0.504304 0.485867 
-0.607261 -0.244218 0.412424 
0.400795 -0.504304 0.485867 
-0.607119 -0.244442 0.412673 
0.400795 -0.504304 0.485867 
-0.607037 -0.244261 0.413051 
0.400795 -0.504304 0.485867 
-0.607237 -0.244054 0.412577 
0.400795 -0.504304 0.485867 
-0.607209 -0.244108 0.412745 
0.400795 -0.504304 0.485867 
-0.607144 -0.244555 0.413026 
0.400795 -0.504304 0.485867 
-0.607141 -0.244562 0.412923 
0.400795 -0.504304 0.485867 
-0.60708 -0.244681 0.412775 
0.400795 -0.504304 0.485867 
-0.606994 -0.244501 0.412872 
0.400795 -0.504304 0.485867 
-0.607035 -0.24405 0.412498 
0.400795 -0.504304 0.485867 
-0.606998 -0.244138 0.412536 
0.400795 -0.504304 0.485867 
-0.607041 -0.244349 0.412406 
0.400795 -0.504304 0.485867 
-0.607033 -0.244158 0.41226 
0.400795 -0.504304 0.485867 
-0.606927 -0.244309 0.412733 
0.400795 -0.504304 0.485867 
-0.606975 -0.244209 0.412655 
0.400795 -0.504304 0.485867 
-0.606951 -0.244405 0.412672 
0.400795 -0.504304 0.485867 
-0.606875 -0.24428 0.412514 
0.400795 -0.504304 0.485867 
-0.606912 -0.244364 0.412568 
0.400795 -0.504304 0.485867 
-0.607057 -0.244038 0.412382 
0.400795 -0.504304 0.485867 
-0.607062 -0.244118 0.412708 
0.400795 -0.504304 0.485867 
-0.607045 -0.244264 0.412849 
0.400795 -0.504304 0.485867 
-0.607139 -0.244111 0.412439 
0.400795 -0.504304 0.485867 
-0.607146 -0.244187 0.412385 
0.400795 -0.504304 0.485867 
-0.607176 -0.24405 0.412495 
0.400795 -0.504304 0.485867 
-0.607133 -0.244164 0.41263 
0.400795 -0.504304 0.485867 
-0.607204 -0.243969 0.412362 
0.400795 -0.504304 0.485867 
-0.606338 -0.242727 0.411538 
0.400795 -0.504304 0.485867 
-0.604681 -0.240512 0.409518 
0.400795 -0.504304 0.485867 
-0.603107 -0.237291 0.407419 
0.400795 -0.504304 0.485867 
-0.601665 -0.234366 0.404851 
0.400795 -0.504304 0.485867 
-0.600364 -0.230689 0.401962 
0.400795 -0.504304 0.485867 
-0.599398 -0.226877 0.398852 
0.400795 -0.504304 0.485867 
-0.598544 -0.222293 0.395204 
0.400795 -0.504304 0.485867 
-0.598076 -0.217887 0.391317 
0.400795 -0.504304 0.485867 
-0.597759 -0.21283 0.38755 
0.400795 -0.504304 0.485867 
-0.597745 -0.20815 0.383811 
0.400795 -0.504304 0.485867 
-0.597946 -0.203453 0.379688 
0.400795 -0.504304 0.485867 
-0.598114 -0.198827 0.375964 
0.400795 -0.504304 0.485867 
-0.598545 -0.193782 0.371752 
0.400795 -0.504304 0.485867 
-0.600023 -0.191417 0.369697 
0.400795 -0.504304 0.485867 
-0.601539 -0.189873 0.368527 
0.400795 -0.504304 0.485867 
-0.602765 -0.188786 0.36748 
0.400795 -0.504304 0.485867 
-0.603756 -0.188496 0.366797 
0.400795 -0.504304 0.485867 
-0.604242 -0.188933 0.36684 
0.400795 -0.504304 0.485867 
-0.604326 -0.190231 0.367075 
0.400795 -0.504304 0.485867 
-0.603994 -0.192657 0.368158 
0.400795 -0.504304 0.485867 
-0.603542 -0.195637 0.369088 
0.400795 -0.504304 0.485867 
-0.602794 -0.198892 0.370024 
0.400795 -0.504304 0.485867 
-0.601745 -0.202949 0.371268 
0.400795 -0.504304 0.485867 
-0.600676 -0.207429 0.372594 
0.400795 -0.504304 0.485867 
-0.599786 -0.214888 0.372792 
0.400795 -0.504304 0.485867 
-0.600031 -0.214748 0.372567 
0.400795 -0.504304 0.485867 
-0.599143 -0.219869 0.373145 
0.400795 -0.504304 0.485867 
-0.598207 -0.225179 0.373744 
0.400795 -0.504304 0.485867 
-0.597527 -0.230524 0.374078 
0.400795 -0.504304 0.485867 
-0.597006 -0.235017 0.37417 
0.400795 -0.504304 0.485867 
-0.596682 -0.239664 0.374333 
0.400795 -0.504304 0.485867 
-0.596547 -0.243549 0.374183 
0.400795 -0.504304 0.485867 
-0.59782 -0.247645 0.373671 
0.400795 -0.504304 0.485867 
-0.59783 -0.251136 0.373648 
0.400795 -0.504304 0.485867 
-0.598018 -0.253033 0.372748 
0.400795 -0.504304 0.485867 
-0.598049 -0.255907 0.37208 
0.400795 -0.504304 0.485867 
-0.598126 -0.257021 0.371292 
0.400795 -0.504304 0.485867 
-0.597991 -0.257876 0.370949 
0.400795 -0.504304 0.485867 
-0.598299 -0.259828 0.370754 
0.400795 -0.504304 0.485867 
-0.598776 -0.261609 0.370198 
0.400795 -0.504304 0.485867 
-0.59915 -0.263239 0.369936 
0.400795 -0.504304 0.485867 
-0.599607 -0.265087 0.369274 
0.400795 -0.504304 0.485867 
-0.60031 -0.267041 0.368142 
0.400795 -0.504304 0.485867 
-0.600726 -0.268734 0.367329 
0.400795 -0.504304 0.485867 
-0.601051 -0.2704 0.366501 
0.400795 -0.504304 0.485867 
-0.599753 -0.271815 0.366378 
0.400795 -0.504304 0.485867 
-0.599977 -0.273618 0.366249 
0.400795 -0.504304 0.485867 
-0.600015 -0.274881 0.365712 
0.400795 -0.504304 0.485867 
-0.600063 -0.276105 0.365252 
0.400795 -0.504304 0.485867 
-0.599978 -0.276948 0.364871 
0.400795 -0.504304 0.485867 
-0.599755 -0.277956 0.364811 
0.400795 -0.504304 0.485867 
-0.599482 -0.27875 0.364646 
0.400795 -0.504304 0.485867 
-0.598965 -0.278985 0.364563 
0.400795 -0.504304 0.485867 
-0.598352 -0.27902 0.364973 
0.400795 -0.504304 0.485867 
-0.597527 -0.278926 0.365286 
0.400795 -0.504304 0.485867 
-0.596848 -0.278748 0.365393 
0.400795 -0.504304 0.485867 
-0.595811 -0.27845 0.365779 
0.400795 -0.504304 0.485867 
-0.594685 -0.278048 0.365985 
0.400795 -0.504304 0.485867 
-0.594025 -0.278556 0.365512 
0.400795 -0.504304 0.485867 
-0.593141 -0.27912 0.365397 
0.400795 -0.504304 0.485867 
-0.592436 -0.279366 0.365546 
0.400795 -0.504304 0.485867 
-0.591704 -0.279973 0.365565 
0.400795 -0.504304 0.485867 
-0.591474 -0.281047 0.365175 
0.400795 -0.504304 0.485867 
-0.591141 -0.281781 0.365027 
0.400795 -0.504304 0.485867 
-0.590812 -0.282539 0.364806 
0.400795 -0.504304 0.485867 
-0.59024 -0.283164 0.365176 
0.400795 -0.504304 0.485867 
-0.589926 -0.283905 0.36479 
0.400795 -0.504304 0.485867 
-0.589767 -0.284924 0.364673 
0.400795 -0.504304 0.485867 
-0.589557 -0.285407 0.364304 
0.400795 -0.504304 0.485867 
-0.58956 -0.286344 0.364055 
0.400795 -0.504304 0.485867 
-0.589459 -0.286769 0.364067 
0.400795 -0.504304 0.485867 
-0.589564 -0.287062 0.364201 
0.400795 -0.504304 0.485867 
-0.587661 -0.28444 0.365379 
0.400795 -0.504304 0.485867 
-0.58794 -0.285005 0.36522 
0.400795 -0.504304 0.485867 
-0.587853 -0.284754 0.36532 
0.400795 -0.504304 0.485867 
-0.587864 -0.284597 0.364906 
0.400795 -0.504304 0.485867 
-0.587721 -0.28463 0.365287 
0.400795 -0.504304 0.485867 
-0.587986 -0.285093 0.36533 
0.400795 -0.504304 0.485867 
-0.587756 -0.284584 0.365291 
0.400795 -0.504304 0.485867 
-0.587849 -0.284883 0.36531 
0.400795 -0.504304 0.485867 
-0.587868 -0.284613 0.364986 
0.400795 -0.504304 0.485867 
-0.587748 -0.284448 0.365187 
0.400795 -0.504304 0.485867 
-0.587857 -0.2847 0.365003 
0.400795 -0.504304 0.485867 
-0.622519 -0.226448 0.415263 
0.400795 -0.504304 0.485867 
-0.620146 -0.229699 0.411994 
0.400795 -0.504304 0.485867 
-0.620823 -0.22768 0.413436 
0.400795 -0.504304 0.485867 
-0.620894 -0.228634 0.413466 
0.400795 -0.504304 0.485867 
-0.619791 -0.230229 0.413842 
0.400795 -0.504304 0.485867 
-0.617131 -0.231393 0.414207 
0.400795 -0.504304 0.485867 
-0.615057 -0.23155 0.414412 
0.400795 -0.504304 0.485867 
-0.613484 -0.231995 0.414716 
0.400795 -0.504304 0.485867 
-0.612544 -0.231693 0.414447 
0.400795 -0.504304 0.485867 
-0.61177 -0.231903 0.414649 
0.400795 -0.504304 0.485867 
-0.610935 -0.232133 0.415184 
0.400795 -0.504304 0.485867 
-0.610527 -0.232004 0.414891 
0.400795 -0.504304 0.485867 
-0.610168 -0.232134 0.414982 
0.400795 -0.504304 0.485867 
-0.609867 -0.232423 0.415055 
0.400795 -0.504304 0.485867 
-0.609007 -0.23274 0.415136 
0.400795 -0.504304 0.485867 
-0.607612 -0.233279 0.415345 
0.400795 -0.504304 0.485867 
-0.606562 -0.233166 0.415346 
0.400795 -0.504304 0.485867 
-0.605794 -0.232858 0.415541 
0.400795 -0.504304 0.485867 
-0.605792 -0.232735 0.415395 
0.400795 -0.504304 0.485867 
-0.605853 -0.233057 0.415597 
0.400795 -0.504304 0.485867 
-0.605791 -0.232915 0.415738 
0.400795 -0.504304 0.485867 
-0.605608 -0.233004 0.415838 
0.400795 -0.504304 0.485867 
-0.605756 -0.232999 0.415457 
0.400795 -0.504304 0.485867 
-0.605718 -0.232999 0.415407 
0.400795 -0.504304 0.485867 
-0.605712 -0.232913 0.415476 
0.400795 -0.504304 0.485867 
-0.605758 -0.232861 0.41538 
0.400795 -0.504304 0.485867 
-0.605687 -0.232918 0.415525 
0.400795 -0.504304 0.485867 
-0.605722 -0.232707 0.41553 
0.400795 -0.504304 0.485867 
-0.605775 -0.23303 0.415644 
0.400795 -0.504304 0.485867 
-0.605867 -0.233061 0.415754 
0.400795 -0.504304 0.485867 
-0.605942 -0.232939 0.415683 
0.400795 -0.504304 0.485867 
-0.605977 -0.233291 0.415667 
0.400795 -0.504304 0.485867 
-0.605949 -0.233096 0.415719 
0.400795 -0.504304 0.485867 
-0.605873 -0.233187 0.415942 
0.400795 -0.504304 0.485867 
-0.605985 -0.233308 0.415784 
0.400795 -0.504304 0.485867 
-0.606013 -0.233288 0.415832 
0.400795 -0.504304 0.485867 
-0.605972 -0.233216 0.415913 
0.400795 -0.504304 0.485867 
-0.605898 -0.233341 0.416069 
0.400795 -0.504304 0.485867 
-0.605866 -0.233359 0.416235 
0.400795 -0.504304 0.485867 
-0.60584 -0.233147 0.416235 
0.400795 -0.504304 0.485867 
-0.605856 -0.233146 0.416222 
0.400795 -0.504304 0.485867 
-0.605822 -0.232998 0.416121 
0.400795 -0.504304 0.485867 
-0.605809 -0.232843 0.415671 
0.400795 -0.504304 0.485867 
-0.605783 -0.232798 0.415586 
0.400795 -0.504304 0.485867 
-0.605815 -0.23282 0.415405 
0.400795 -0.504304 0.485867 
-0.60575 -0.233046 0.41581 
0.400795 -0.504304 0.485867 
-0.605688 -0.233176 0.416067 
0.400795 -0.504304 0.485867 
-0.605736 -0.233249 0.415936 
0.400795 -0.504304 0.485867 
-0.605696 -0.233125 0.416091 
0.400795 -0.504304 0.485867 
-0.605695 -0.233257 0.415972 
0.400795 -0.504304 0.485867 
-0.605681 -0.233335 0.415929 
0.400795 -0.504304 0.485867 
-0.605748 -0.233148 0.416021 
0.400795 -0.504304 0.485867 
-0.605853 -0.233002 0.41586 
0.400795 -0.504304 0.485867 
-0.605845 -0.233194 0.415784 
0.400795 -0.504304 0.485867 
-0.605867 -0.23316 0.415702 
0.400795 -0.504304 0.485867 
-0.605873 -0.233257 0.415735 
0.400795 -0.504304 0.485867 
-0.605816 -0.233237 0.416062 
0.400795 -0.504304 0.485867 
-0.605892 -0.233034 0.41582 
0.400795 -0.504304 0.485867 
-0.605824 -0.233013 0.415981 
0.400795 -0.504304 0.485867 
-0.605128 -0.23183 0.414825 
0.400795 -0.504304 0.485867 
-0.603422 -0.229219 0.412655 
0.400795 -0.504304 0.485867 
-0.601988 -0.22659 0.410374 
0.400795 -0.504304 0.485867 
-0.600527 -0.223266 0.407753 
0.400795 -0.504304 0.485867 
-0.599284 -0.21972 0.405017 
0.400795 -0.504304 0.485867 
-0.598227 -0.216107 0.401899 
0.400795 -0.504304 0.485867 
-0.597467 -0.211704 0.398201 
0.400795 -0.504304 0.485867 
-0.597 -0.206827 0.394399 
0.400795 -0.504304 0.485867 
-0.596806 -0.202468 0.390536 
0.400795 -0.504304 0.485867 
-0.596946 -0.197621 0.38644 
0.400795 -0.504304 0.485867 
-0.597115 -0.192931 0.382581 
0.400795 -0.504304 0.485867 
-0.597443 -0.188399 0.378671 
0.400795 -0.504304 0.485867 
-0.597807 -0.184007 0.374614 
0.400795 -0.504304 0.485867 
-0.599068 -0.181437 0.372582 
0.400795 -0.504304 0.485867 
-0.600734 -0.179925 0.370904 
0.400795 -0.504304 0.485867 
-0.602019 -0.179021 0.369744 
0.400795 -0.504304 0.485867 
-0.603141 -0.178361 0.368978 
0.400795 -0.504304 0.485867 
-0.603528 -0.178886 0.369085 
0.400795 -0.504304 0.485867 
-0.603817 -0.180155 0.369 
0.400795 -0.504304 0.485867 
-0.603446 -0.182042 0.370068 
0.400795 -0.504304 0.485867 
-0.602925 -0.184739 0.371209 
0.400795 -0.504304 0.485867 
-0.601973 -0.188399 0.372591 
0.400795 -0.504304 0.485867 
-0.600835 -0.192492 0.374044 
0.400795 -0.504304 0.485867 
-0.599778 -0.196817 0.375456 
0.400795 -0.504304 0.485867 
-0.599013 -0.205973 0.376429 
0.400795 -0.504304 0.485867 
-0.599336 -0.205331 0.375966 
0.400795 -0.504304 0.485867 
-0.598328 -0.210902 0.376953 
0.400795 -0.504304 0.485867 
-0.597495 -0.215973 0.377504 
0.400795 -0.504304 0.485867 
-0.596855 -0.221057 0.378138 
0.400795 -0.504304 0.485867 
-0.596412 -0.225895 0.378074 
0.400795 -0.504304 0.485867 
-0.596055 -0.231028 0.378247 
0.400795 -0.504304 0.485867 
-0.595885 -0.234362 0.378263 
0.400795 -0.504304 0.485867 
-0.597116 -0.2382 0.377957 
0.400795 -0.504304 0.485867 
-0.597118 -0.241234 0.377568 
0.400795 -0.504304 0.485867 
-0.597367 -0.243633 0.376282 
0.400795 -0.504304 0.485867 
-0.597138 -0.245992 0.376038 
0.400795 -0.504304 0.485867 
-0.597228 -0.247454 0.375462 
0.400795 -0.504304 0.485867 
-0.597359 -0.249499 0.374933 
0.400795 -0.504304 0.485867 
-0.597869 -0.25185 0.37454 
0.400795 -0.504304 0.485867 
-0.59807 -0.253329 0.374666 
0.400795 -0.504304 0.485867 
-0.598575 -0.254727 0.373774 
0.400795 -0.504304 0.485867 
-0.599109 -0.256406 0.37291 
0.400795 -0.504304 0.485867 
-0.599507 -0.258034 0.372015 
0.400795 -0.504304 0.485867 
-0.60003 -0.259874 0.371104 
0.400795 -0.504304 0.485867 
-0.600367 -0.26153 0.370301 
0.400795 -0.504304 0.485867 
-0.598983 -0.262492 0.370063 
0.400795 -0.504304 0.485867 
-0.59915 -0.26459 0.369512 
0.400795 -0.504304 0.485867 
-0.599257 -0.265947 0.369605 
0.400795 -0.504304 0.485867 
-0.59931 -0.267298 0.3692 
0.400795 -0.504304 0.485867 
-0.599231 -0.26838 0.368956 
0.400795 -0.504304 0.485867 
-0.599024 -0.269277 0.368729 
0.400795 -0.504304 0.485867 
-0.59872 -0.269868 0.368426 
0.400795 -0.504304 0.485867 
-0.598286 -0.270299 0.368477 
0.400795 -0.504304 0.485867 
-0.597618 -0.27013 0.368699 
0.400795 -0.504304 0.485867 
-0.596868 -0.269968 0.369125 
0.400795 -0.504304 0.485867 
-0.596048 -0.269671 0.369324 
0.400795 -0.504304 0.485867 
-0.595154 -0.269663 0.369466 
0.400795 -0.504304 0.485867 
-0.594073 -0.269437 0.370062 
0.400795 -0.504304 0.485867 
-0.593199 -0.269608 0.369686 
0.400795 -0.504304 0.485867 
-0.592703 -0.270332 0.369387 
0.400795 -0.504304 0.485867 
-0.591848 -0.270793 0.369777 
0.400795 -0.504304 0.485867 
-0.591108 -0.271169 0.369579 
0.400795 -0.504304 0.485867 
-0.590689 -0.271748 0.369395 
0.400795 -0.504304 0.485867 
-0.590375 -0.272584 0.369111 
0.400795 -0.504304 0.485867 
-0.590021 -0.27353 0.369076 
0.400795 -0.504304 0.485867 
-0.589719 -0.274739 0.369288 
0.400795 -0.504304 0.485867 
-0.589272 -0.275375 0.368983 
0.400795 -0.504304 0.485867 
-0.588798 -0.27611 0.369319 
0.400795 -0.504304 0.485867 
-0.588663 -0.276758 0.369122 
0.400795 -0.504304 0.485867 
-0.58856 -0.27724 0.368741 
0.400795 -0.504304 0.485867 
-0.588692 -0.278218 0.36872 
0.400795 -0.504304 0.485867 
-0.58863 -0.278448 0.368934 
0.400795 -0.504304 0.485867 
-0.586178 -0.275353 0.370931 
0.400795 -0.504304 0.485867 
-0.586365 -0.27563 0.370831 
0.400795 -0.504304 0.485867 
-0.586337 -0.275868 0.370872 
0.400795 -0.504304 0.485867 
-0.586452 -0.276102 0.370877 
0.400795 -0.504304 0.485867 
-0.586316 -0.27563 0.370762 
0.400795 -0.504304 0.485867 
-0.586338 -0.275805 0.370998 
0.400795 -0.504304 0.485867 
-0.586317 -0.275555 0.37067 
0.400795 -0.504304 0.485867 
-0.586332 -0.275299 0.370651 
0.400795 -0.504304 0.485867 
-0.586431 -0.275521 0.370676 
0.400795 -0.504304 0.485867 
-0.586359 -0.275678 0.370893 
0.400795 -0.504304 0.485867 
-0.58638 -0.275893 0.37095 
0.400795 -0.504304 0.485867 
-0.622955 -0.216475 0.42053 
0.400795 -0.504304 0.485867 
-0.620952 -0.218981 0.417568 
0.400795 -0.504304 0.485867 
-0.621407 -0.217282 0.41846 
0.400795 -0.504304 0.485867 
-0.62108 -0.218763 0.418846 
0.400795 -0.504304 0.485867 
-0.620041 -0.220246 0.418929 
0.400795 -0.504304 0.485867 
-0.61754 -0.221497 0.41906 
0.400795 -0.504304 0.485867 
-0.615471 -0.22167 0.41941 
0.400795 -0.504304 0.485867 
-0.613793 -0.221689 0.419525 
0.400795 -0.504304 0.485867 
-0.612613 -0.222032 0.419955 
0.400795 -0.504304 0.485867 
-0.611856 -0.222251 0.419839 
0.400795 -0.504304 0.485867 
-0.611075 -0.222614 0.420399 
0.400795 -0.504304 0.485867 
-0.610738 -0.222161 0.420086 
0.400795 -0.504304 0.485867 
-0.610362 -0.22246 0.420389 
0.400795 -0.504304 0.485867 
-0.609941 -0.222924 0.420667 
0.400795 -0.504304 0.485867 
-0.60924 -0.223003 0.420383 
0.400795 -0.504304 0.485867 
-0.608018 -0.222858 0.420855 
0.400795 -0.504304 0.485867 
-0.606917 -0.222906 0.421056 
0.400795 -0.504304 0.485867 
-0.606083 -0.223794 0.421249 
0.400795 -0.504304 0.485867 
-0.606091 -0.223589 0.421059 
0.400795 -0.504304 0.485867 
-0.606099 -0.223124 0.421162 
0.400795 -0.504304 0.485867 
-0.606031 -0.22305 0.421231 
0.400795 -0.504304 0.485867 
-0.606021 -0.223134 0.421108 
0.400795 -0.504304 0.485867 
-0.606138 -0.22315 0.420991 
0.400795 -0.504304 0.485867 
-0.606087 -0.223179 0.42117 
0.400795 -0.504304 0.485867 
-0.606131 -0.223342 0.420899 
0.400795 -0.504304 0.485867 
-0.606091 -0.223121 0.421009 
0.400795 -0.504304 0.485867 
-0.606127 -0.223164 0.420826 
0.400795 -0.504304 0.485867 
-0.606229 -0.223314 0.420607 
0.400795 -0.504304 0.485867 
-0.606272 -0.22324 0.420978 
0.400795 -0.504304 0.485867 
-0.606173 -0.223181 0.42152 
0.400795 -0.504304 0.485867 
-0.606181 -0.223346 0.421679 
0.400795 -0.504304 0.485867 
-0.60618 -0.223508 0.421938 
0.400795 -0.504304 0.485867 
-0.606213 -0.223733 0.421664 
0.400795 -0.504304 0.485867 
-0.606256 -0.223853 0.421552 
0.400795 -0.504304 0.485867 
-0.606256 -0.223937 0.421401 
0.400795 -0.504304 0.485867 
-0.606254 -0.223897 0.421631 
0.400795 -0.504304 0.485867 
-0.60633 -0.223792 0.421391 
0.400795 -0.504304 0.485867 
-0.606238 -0.223527 0.421287 
0.400795 -0.504304 0.485867 
-0.606246 -0.223524 0.421603 
0.400795 -0.504304 0.485867 
-0.606319 -0.223685 0.421261 
0.400795 -0.504304 0.485867 
-0.606275 -0.22364 0.421456 
0.400795 -0.504304 0.485867 
-0.606232 -0.223583 0.421386 
0.400795 -0.504304 0.485867 
-0.606171 -0.223411 0.421197 
0.400795 -0.504304 0.485867 
-0.606156 -0.223285 0.421134 
0.400795 -0.504304 0.485867 
-0.606041 -0.223237 0.421424 
0.400795 -0.504304 0.485867 
-0.606185 -0.223541 0.421284 
0.400795 -0.504304 0.485867 
-0.606119 -0.22309 0.421482 
0.400795 -0.504304 0.485867 
-0.6061 -0.223037 0.421588 
0.400795 -0.504304 0.485867 
-0.606119 -0.223006 0.421629 
0.400795 -0.504304 0.485867 
-0.606133 -0.222963 0.421481 
0.400795 -0.504304 0.485867 
-0.606059 -0.223252 0.421469 
0.400795 -0.504304 0.485867 
-0.605984 -0.223347 0.421714 
0.400795 -0.504304 0.485867 
-0.606192 -0.223428 0.421293 
0.400795 -0.504304 0.485867 
-0.606227 -0.22322 0.421477 
0.400795 -0.504304 0.485867 
-0.606111 -0.223198 0.42174 
0.400795 -0.504304 0.485867 
-0.606188 -0.22309 0.421819 
0.400795 -0.504304 0.485867 
-0.606221 -0.223454 0.421793 
0.400795 -0.504304 0.485867 
-0.606137 -0.223786 0.421969 
0.400795 -0.504304 0.485867 
-0.606155 -0.223465 0.421764 
0.400795 -0.504304 0.485867 
-0.605279 -0.222561 0.420468 
0.400795 -0.504304 0.485867 
-0.603556 -0.219521 0.418227 
0.400795 -0.504304 0.485867 
-0.602003 -0.216734 0.416163 
0.400795 -0.504304 0.485867 
-0.600424 -0.213656 0.41366 
0.400795 -0.504304 0.485867 
-0.599132 -0.210468 0.410681 
0.400795 -0.504304 0.485867 
-0.598076 -0.206374 0.407467 
0.400795 -0.504304 0.485867 
-0.597175 -0.202382 0.403886 
0.400795 -0.504304 0.485867 
-0.596473 -0.197746 0.40012 
0.400795 -0.504304 0.485867 
-0.595941 -0.192955 0.396164 
0.400795 -0.504304 0.485867 
-0.595981 -0.188439 0.392111 
0.400795 -0.504304 0.485867 
-0.596007 -0.183499 0.388185 
0.400795 -0.504304 0.485867 
-0.596144 -0.179195 0.384015 
0.400795 -0.504304 0.485867 
-0.596285 -0.174975 0.380165 
0.400795 -0.504304 0.485867 
-0.597593 -0.172326 0.377892 
0.400795 -0.504304 0.485867 
-0.599242 -0.170622 0.376139 
0.400795 -0.504304 0.485867 
-0.60048 -0.169806 0.374761 
0.400795 -0.504304 0.485867 
-0.601403 -0.169395 0.374303 
0.400795 -0.504304 0.485867 
-0.601722 -0.170003 0.374229 
0.400795 -0.504304 0.485867 
-0.602041 -0.171197 0.374044 
0.400795 -0.504304 0.485867 
-0.601605 -0.173173 0.375636 
0.400795 -0.504304 0.485867 
-0.601259 -0.176037 0.376695 
0.400795 -0.504304 0.485867 
-0.600413 -0.17909 0.378216 
0.400795 -0.504304 0.485867 
-0.599458 -0.183291 0.379634 
0.400795 -0.504304 0.485867 
-0.598541 -0.187558 0.380804 
0.400795 -0.504304 0.485867 
-0.599041 -0.199533 0.381342 
0.400795 -0.504304 0.485867 
-0.599334 -0.198601 0.381032 
0.400795 -0.504304 0.485867 
-0.59862 -0.204139 0.381788 
0.400795 -0.504304 0.485867 
-0.598051 -0.209292 0.382233 
0.400795 -0.504304 0.485867 
-0.597423 -0.21423 0.382599 
0.400795 -0.504304 0.485867 
-0.597162 -0.218844 0.382631 
0.400795 -0.504304 0.485867 
-0.596952 -0.223518 0.382546 
0.400795 -0.504304 0.485867 
-0.596948 -0.227671 0.382411 
0.400795 -0.504304 0.485867 
-0.598382 -0.231647 0.381676 
0.400795 -0.504304 0.485867 
