-0.597268 -0.255126 0.407261 
0.386888 -0.491675 0.441678 
-0.597268 -0.255126 0.407261 
0.386888 -0.491675 0.441678 
-0.597268 -0.255126 0.407261 
0.386888 -0.491675 0.441678 
-0.597268 -0.255126 0.407261 
0.387574 -0.491166 0.441538 
-0.597268 -0.255126 0.407261 
0.389162 -0.491126 0.442939 
-0.597268 -0.255126 0.407261 
0.39003 -0.491085 0.441905 
-0.597268 -0.255126 0.407261 
0.390666 -0.491193 0.441685 
-0.597268 -0.255126 0.407261 
0.391347 -0.491606 0.442494 
-0.597268 -0.255126 0.407261 
0.392157 -0.491735 0.443415 
