-0.603862 -0.226358 0.381031 
0.400795 -0.504304 0.485867 
-0.603862 -0.226359 0.381031 
0.400795 -0.504304 0.485867 
-0.603824 -0.226266 0.380988 
0.400795 -0.504304 0.485867 
-0.60393 -0.226131 0.380651 
0.400795 -0.504304 0.485867 
-0.603911 -0.226394 0.38065 
0.400795 -0.504304 0.485867 
-0.603803 -0.226512 0.380899 
0.400795 -0.504304 0.485867 
-0.603794 -0.226503 0.380914 
0.400795 -0.504304 0.485867 
-0.603875 -0.226294 0.380725 
0.400795 -0.504304 0.485867 
-0.603869 -0.226243 0.380718 
0.400795 -0.504304 0.485867 
