-0.635822 -0.245531 0.379887 
0.3803 -0.47848 0.427871 
-0.635822 -0.245531 0.379887 
0.380032 -0.483343 0.43319 
-0.635489 -0.246192 0.3813 
0.380694 -0.485048 0.430637 
-0.635773 -0.247185 0.381757 
0.380292 -0.485331 0.431993 
-0.636167 -0.248208 0.381375 
0.380069 -0.484616 0.43279 
-0.635957 -0.24803 0.380841 
0.380203 -0.485506 0.433521 
-0.633967 -0.246816 0.381494 
0.380485 -0.48658 0.431799 
-0.630838 -0.245586 0.382862 
0.380768 -0.487873 0.430447 
-0.626409 -0.243695 0.38448 
0.381399 -0.489685 0.431184 
-0.622584 -0.242529 0.385913 
0.381802 -0.490062 0.43049 
-0.622249 -0.242262 0.386075 
0.381974 -0.490573 0.4299 
-0.619785 -0.241319 0.387006 
0.382006 -0.491303 0.429954 
-0.617817 -0.240631 0.387801 
0.382148 -0.49201 0.430354 
-0.61626 -0.2399 0.388279 
0.382054 -0.492453 0.430164 
-0.614059 -0.239031 0.389142 
0.382022 -0.493374 0.429926 
-0.611324 -0.238101 0.390019 
0.382006 -0.494343 0.429091 
-0.608588 -0.237043 0.390796 
0.381836 -0.494952 0.428215 
-0.605655 -0.23546 0.392021 
0.381902 -0.495812 0.427603 
-0.60347 -0.234616 0.392741 
0.381888 -0.49649 0.428592 
-0.602592 -0.233874 0.392217 
0.381428 -0.49735 0.430117 
-0.601345 -0.233464 0.39215 
0.380842 -0.49714 0.429048 
-0.601342 -0.233365 0.391879 
0.380275 -0.498931 0.429287 
-0.45805 -0.16486 0.48415 
0.380976 -0.497135 0.429104 
