-0.850115 -0.258187 0.335749 
0.400795 -0.504304 0.485867 
-0.850115 -0.258188 0.33575 
0.400795 -0.504304 0.485867 
-0.850115 -0.258188 0.33575 
0.400795 -0.504304 0.485867 
-0.84946 -0.258149 0.336736 
0.400795 -0.504304 0.485867 
-0.850251 -0.257737 0.336658 
0.400795 -0.504304 0.485867 
-0.851475 -0.257278 0.335512 
0.400795 -0.504304 0.485867 
-0.851984 -0.259647 0.336639 
0.400795 -0.504304 0.485867 
-0.850907 -0.258477 0.337835 
0.400795 -0.504304 0.485867 
-0.852265 -0.257309 0.338912 
0.400795 -0.504304 0.485867 
-0.850891 -0.25753 0.340601 
0.400795 -0.504304 0.485867 
-0.851019 -0.257253 0.342132 
0.400795 -0.504304 0.485867 
-0.855544 -0.25896 0.340763 
0.400795 -0.504304 0.485867 
-0.860486 -0.259032 0.339747 
0.400795 -0.504304 0.485867 
-0.864551 -0.257305 0.338402 
0.400795 -0.504304 0.485867 
