-0.597268 -0.255126 0.407261 
0.386736 -0.491534 0.441232 
-0.597268 -0.255126 0.407261 
0.386736 -0.491534 0.441232 
-0.597268 -0.255126 0.407261 
0.386736 -0.491534 0.441232 
-0.597268 -0.255126 0.407261 
0.386736 -0.491534 0.441232 
-0.597268 -0.255126 0.407261 
0.386736 -0.491534 0.441232 
-0.597268 -0.255126 0.407261 
0.386736 -0.491534 0.441232 
-0.597268 -0.255126 0.407261 
0.386736 -0.491534 0.441232 
-0.597268 -0.255126 0.407261 
0.386736 -0.491534 0.441232 
-0.597268 -0.255126 0.407261 
0.386736 -0.491534 0.441232 
-0.597268 -0.255126 0.407261 
0.386736 -0.491534 0.441232 
-0.597268 -0.255126 0.407261 
0.386736 -0.491534 0.441232 
-0.597268 -0.255126 0.407261 
0.386736 -0.491534 0.441232 
-0.597268 -0.255126 0.407261 
0.386736 -0.491534 0.441232 
-0.597268 -0.255126 0.407261 
0.386736 -0.491534 0.441232 
-0.597268 -0.255126 0.407261 
0.386736 -0.491534 0.441232 
-0.597268 -0.255126 0.407261 
0.386736 -0.491534 0.441232 
-0.597268 -0.255126 0.407261 
0.386736 -0.491534 0.441232 
-0.597268 -0.255126 0.407261 
0.386736 -0.491534 0.441232 
-0.597268 -0.255126 0.407261 
0.386736 -0.491534 0.441232 
-0.597268 -0.255126 0.407261 
0.386736 -0.491534 0.441232 
-0.597268 -0.255126 0.407261 
0.386736 -0.491534 0.441232 
-0.597268 -0.255126 0.407261 
0.386736 -0.491534 0.441232 
-0.597268 -0.255126 0.407261 
0.386736 -0.491534 0.441232 
-0.597268 -0.255126 0.407261 
0.386736 -0.491534 0.441232 
-0.597268 -0.255126 0.407261 
0.386736 -0.491534 0.441232 
-0.597268 -0.255126 0.407261 
0.386736 -0.491534 0.441232 
-0.597268 -0.255126 0.407261 
0.386736 -0.491534 0.441232 
-0.597268 -0.255126 0.407261 
0.386736 -0.491534 0.441232 
-0.597268 -0.255126 0.407261 
0.386736 -0.491534 0.441232 
-0.597268 -0.255126 0.407261 
0.386736 -0.491534 0.441232 
-0.597268 -0.255126 0.407261 
0.386736 -0.491534 0.441232 
-0.597268 -0.255126 0.407261 
0.386736 -0.491534 0.441232 
-0.597268 -0.255126 0.407261 
0.386736 -0.491534 0.441232 
-0.597268 -0.255126 0.407261 
0.386736 -0.491534 0.441232 
-0.597268 -0.255126 0.407261 
0.386736 -0.491534 0.441232 
-0.597268 -0.255126 0.407261 
0.386736 -0.491534 0.441232 
-0.597268 -0.255126 0.407261 
0.386736 -0.491534 0.441232 
-0.597268 -0.255126 0.407261 
0.386736 -0.491534 0.441232 
-0.597268 -0.255126 0.407261 
0.386736 -0.491534 0.441232 
-0.597268 -0.255126 0.407261 
0.386736 -0.491534 0.441232 
-0.597268 -0.255126 0.407261 
0.386736 -0.491534 0.441232 
-0.597268 -0.255126 0.407261 
0.386736 -0.491534 0.441232 
-0.597268 -0.255126 0.407261 
0.386736 -0.491534 0.441232 
-0.597268 -0.255126 0.407261 
0.386736 -0.491534 0.441232 
-0.597268 -0.255126 0.407261 
0.386736 -0.491534 0.441232 
-0.597268 -0.255126 0.407261 
0.386736 -0.491534 0.441232 
-0.597268 -0.255126 0.407261 
0.386736 -0.491534 0.441232 
-0.597268 -0.255126 0.407261 
0.386736 -0.491534 0.441232 
-0.597268 -0.255126 0.407261 
0.386736 -0.491534 0.441232 
-0.597268 -0.255126 0.407261 
0.386736 -0.491534 0.441232 
-0.597268 -0.255126 0.407261 
0.386736 -0.491534 0.441232 
-0.597268 -0.255126 0.407261 
0.386736 -0.491534 0.441232 
-0.597268 -0.255126 0.407261 
0.386736 -0.491534 0.441232 
-0.597268 -0.255126 0.407261 
0.386736 -0.491534 0.441232 
-0.597268 -0.255126 0.407261 
0.386736 -0.491534 0.441232 
-0.597268 -0.255126 0.407261 
0.386736 -0.491534 0.441232 
-0.597268 -0.255126 0.407261 
0.386736 -0.491534 0.441232 
-0.597268 -0.255126 0.407261 
0.386736 -0.491534 0.441232 
-0.597268 -0.255126 0.407261 
0.386736 -0.491534 0.441232 
