-0.614518 -0.217811 0.316584 
0.400795 -0.504304 0.485867 
-0.614519 -0.217812 0.316584 
0.400795 -0.504304 0.485867 
-0.613769 -0.217326 0.316283 
0.400795 -0.504304 0.485867 
-0.613404 -0.218184 0.316148 
0.400795 -0.504304 0.485867 
-0.612563 -0.219665 0.316414 
0.400795 -0.504304 0.485867 
-0.611623 -0.221537 0.315923 
0.400795 -0.504304 0.485867 
-0.609748 -0.221685 0.313841 
0.400795 -0.504304 0.485867 
-0.608199 -0.222371 0.312373 
0.400795 -0.504304 0.485867 
-0.606975 -0.222517 0.311785 
0.400795 -0.504304 0.485867 
-0.605709 -0.222703 0.311276 
0.400795 -0.504304 0.485867 
-0.605298 -0.222368 0.310651 
0.400795 -0.504304 0.485867 
-0.604756 -0.222259 0.310114 
0.400795 -0.504304 0.485867 
-0.604271 -0.222383 0.309775 
0.400795 -0.504304 0.485867 
-0.604065 -0.222506 0.309342 
0.400795 -0.504304 0.485867 
-0.603889 -0.222648 0.309536 
0.400795 -0.504304 0.485867 
-0.603031 -0.222774 0.308383 
0.400795 -0.504304 0.485867 
-0.602024 -0.223814 0.307674 
0.400795 -0.504304 0.485867 
-0.601136 -0.223637 0.307379 
0.400795 -0.504304 0.485867 
-0.600234 -0.223421 0.306995 
0.400795 -0.504304 0.485867 
-0.600494 -0.22324 0.306979 
0.400795 -0.504304 0.485867 
-0.600598 -0.223202 0.306725 
0.400795 -0.504304 0.485867 
-0.600439 -0.223108 0.306914 
0.400795 -0.504304 0.485867 
-0.600562 -0.223169 0.307098 
0.400795 -0.504304 0.485867 
-0.600539 -0.22244 0.306565 
0.400795 -0.504304 0.485867 
-0.600741 -0.222352 0.306384 
0.400795 -0.504304 0.485867 
-0.600677 -0.222341 0.306305 
0.400795 -0.504304 0.485867 
-0.600517 -0.222233 0.306618 
0.400795 -0.504304 0.485867 
-0.600315 -0.222507 0.306726 
0.400795 -0.504304 0.485867 
-0.600357 -0.222718 0.306704 
0.400795 -0.504304 0.485867 
-0.600255 -0.223338 0.306949 
0.400795 -0.504304 0.485867 
-0.600149 -0.223353 0.307201 
0.400795 -0.504304 0.485867 
-0.600081 -0.22343 0.307298 
0.400795 -0.504304 0.485867 
-0.599923 -0.223247 0.307557 
0.400795 -0.504304 0.485867 
-0.600208 -0.223034 0.307213 
0.400795 -0.504304 0.485867 
-0.60031 -0.223336 0.30694 
0.400795 -0.504304 0.485867 
-0.600359 -0.223338 0.306951 
0.400795 -0.504304 0.485867 
-0.60023 -0.223384 0.307075 
0.400795 -0.504304 0.485867 
-0.600142 -0.223064 0.307162 
0.400795 -0.504304 0.485867 
-0.600149 -0.223186 0.307334 
0.400795 -0.504304 0.485867 
-0.600081 -0.223173 0.307256 
0.400795 -0.504304 0.485867 
-0.60031 -0.223268 0.307049 
0.400795 -0.504304 0.485867 
-0.600263 -0.223265 0.307013 
0.400795 -0.504304 0.485867 
-0.600246 -0.223361 0.307243 
0.400795 -0.504304 0.485867 
-0.600208 -0.222874 0.307109 
0.400795 -0.504304 0.485867 
-0.600164 -0.223023 0.307177 
0.400795 -0.504304 0.485867 
-0.600526 -0.222794 0.306557 
0.400795 -0.504304 0.485867 
-0.600224 -0.222877 0.306749 
0.400795 -0.504304 0.485867 
-0.600216 -0.222844 0.307066 
0.400795 -0.504304 0.485867 
-0.599933 -0.223328 0.307064 
0.400795 -0.504304 0.485867 
-0.600235 -0.223492 0.306955 
0.400795 -0.504304 0.485867 
-0.600438 -0.223413 0.306919 
0.400795 -0.504304 0.485867 
-0.600197 -0.223503 0.306925 
0.400795 -0.504304 0.485867 
-0.600279 -0.223048 0.306777 
0.400795 -0.504304 0.485867 
-0.600171 -0.223004 0.307144 
0.400795 -0.504304 0.485867 
-0.599896 -0.223377 0.307683 
0.400795 -0.504304 0.485867 
-0.599815 -0.223428 0.307553 
0.400795 -0.504304 0.485867 
-0.599964 -0.22321 0.307354 
0.400795 -0.504304 0.485867 
-0.600158 -0.223267 0.307226 
0.400795 -0.504304 0.485867 
-0.600021 -0.223081 0.307329 
0.400795 -0.504304 0.485867 
-0.600338 -0.223075 0.307023 
0.400795 -0.504304 0.485867 
-0.60055 -0.221989 0.305749 
0.400795 -0.504304 0.485867 
-0.60079 -0.219164 0.302868 
0.400795 -0.504304 0.485867 
-0.601459 -0.216274 0.300834 
0.400795 -0.504304 0.485867 
-0.602384 -0.213338 0.297885 
0.400795 -0.504304 0.485867 
-0.603536 -0.210001 0.294932 
0.400795 -0.504304 0.485867 
-0.605258 -0.205755 0.292055 
0.400795 -0.504304 0.485867 
-0.606669 -0.201742 0.289271 
0.400795 -0.504304 0.485867 
-0.60941 -0.197145 0.286247 
0.400795 -0.504304 0.485867 
-0.612187 -0.192948 0.2835 
0.400795 -0.504304 0.485867 
-0.616076 -0.187807 0.280543 
0.400795 -0.504304 0.485867 
-0.619264 -0.183437 0.277875 
0.400795 -0.504304 0.485867 
-0.622543 -0.179162 0.275144 
0.400795 -0.504304 0.485867 
-0.626145 -0.17456 0.272349 
0.400795 -0.504304 0.485867 
-0.628784 -0.172379 0.271857 
0.400795 -0.504304 0.485867 
-0.631072 -0.171455 0.271844 
0.400795 -0.504304 0.485867 
-0.632601 -0.170764 0.271812 
0.400795 -0.504304 0.485867 
-0.633549 -0.170212 0.272295 
0.400795 -0.504304 0.485867 
-0.634348 -0.17032 0.272356 
0.400795 -0.504304 0.485867 
-0.633588 -0.171373 0.272961 
0.400795 -0.504304 0.485867 
-0.632691 -0.173849 0.273205 
0.400795 -0.504304 0.485867 
-0.631383 -0.17627 0.273725 
0.400795 -0.504304 0.485867 
-0.629802 -0.179601 0.274003 
0.400795 -0.504304 0.485867 
-0.627647 -0.183423 0.27423 
0.400795 -0.504304 0.485867 
-0.625381 -0.18778 0.274429 
0.400795 -0.504304 0.485867 
