-0.597268 -0.255126 0.407261 
0.386889 -0.491714 0.441548 
-0.597268 -0.255126 0.407261 
0.386889 -0.491714 0.441548 
-0.597268 -0.255126 0.407261 
0.386889 -0.491714 0.441548 
-0.597268 -0.255126 0.407261 
0.386889 -0.491714 0.441548 
-0.597268 -0.255126 0.407261 
0.386889 -0.491714 0.441548 
-0.597268 -0.255126 0.407261 
0.386889 -0.491714 0.441548 
-0.597268 -0.255126 0.407261 
0.386889 -0.491714 0.441548 
-0.597268 -0.255126 0.407261 
0.386889 -0.491714 0.441548 
-0.597268 -0.255126 0.407261 
0.386889 -0.491714 0.441548 
-0.597268 -0.255126 0.407261 
0.386889 -0.491714 0.441548 
-0.597268 -0.255126 0.407261 
0.386889 -0.491714 0.441548 
-0.597268 -0.255126 0.407261 
0.386889 -0.491714 0.441548 
-0.597268 -0.255126 0.407261 
0.386889 -0.491714 0.441548 
-0.597268 -0.255126 0.407261 
0.386889 -0.491714 0.441548 
-0.597268 -0.255126 0.407261 
0.386889 -0.491714 0.441548 
-0.597268 -0.255126 0.407261 
0.386889 -0.491714 0.441548 
-0.597268 -0.255126 0.407261 
0.386889 -0.491714 0.441548 
-0.597268 -0.255126 0.407261 
0.386889 -0.491714 0.441548 
-0.597268 -0.255126 0.407261 
0.386889 -0.491714 0.441548 
-0.597268 -0.255126 0.407261 
0.386889 -0.491714 0.441548 
-0.597268 -0.255126 0.407261 
0.386889 -0.491714 0.441548 
-0.597268 -0.255126 0.407261 
0.386889 -0.491714 0.441548 
-0.597268 -0.255126 0.407261 
0.386889 -0.491714 0.441548 
-0.597268 -0.255126 0.407261 
0.386889 -0.491714 0.441548 
-0.597268 -0.255126 0.407261 
0.386889 -0.491714 0.441548 
-0.597268 -0.255126 0.407261 
0.386889 -0.491714 0.441548 
-0.597268 -0.255126 0.407261 
0.386889 -0.491714 0.441548 
-0.597268 -0.255126 0.407261 
0.386889 -0.491714 0.441548 
-0.597268 -0.255126 0.407261 
0.386889 -0.491714 0.441548 
-0.597268 -0.255126 0.407261 
0.386889 -0.491714 0.441548 
-0.597268 -0.255126 0.407261 
0.386889 -0.491714 0.441548 
-0.597268 -0.255126 0.407261 
0.386889 -0.491714 0.441548 
-0.597268 -0.255126 0.407261 
0.386889 -0.491714 0.441548 
-0.597268 -0.255126 0.407261 
0.386889 -0.491714 0.441548 
-0.597268 -0.255126 0.407261 
0.386889 -0.491714 0.441548 
-0.597268 -0.255126 0.407261 
0.386889 -0.491714 0.441548 
-0.597268 -0.255126 0.407261 
0.386889 -0.491714 0.441548 
-0.597268 -0.255126 0.407261 
0.386889 -0.491714 0.441548 
-0.597268 -0.255126 0.407261 
0.386889 -0.491714 0.441548 
-0.597268 -0.255126 0.407261 
0.386889 -0.491714 0.441548 
-0.597268 -0.255126 0.407261 
0.386889 -0.491714 0.441548 
-0.597268 -0.255126 0.407261 
0.386889 -0.491714 0.441548 
-0.597268 -0.255126 0.407261 
0.386889 -0.491714 0.441548 
-0.597268 -0.255126 0.407261 
0.386889 -0.491714 0.441548 
-0.597268 -0.255126 0.407261 
0.386889 -0.491714 0.441548 
-0.597268 -0.255126 0.407261 
0.386889 -0.491714 0.441548 
-0.597268 -0.255126 0.407261 
0.386889 -0.491714 0.441548 
-0.597268 -0.255126 0.407261 
0.386889 -0.491714 0.441548 
-0.597268 -0.255126 0.407261 
0.386889 -0.491714 0.441548 
-0.597268 -0.255126 0.407261 
0.386889 -0.491714 0.441548 
-0.597268 -0.255126 0.407261 
0.386889 -0.491714 0.441548 
-0.597268 -0.255126 0.407261 
0.386889 -0.491714 0.441548 
-0.597268 -0.255126 0.407261 
0.386889 -0.491714 0.441548 
-0.597268 -0.255126 0.407261 
0.386889 -0.491714 0.441548 
-0.597268 -0.255126 0.407261 
0.386889 -0.491714 0.441548 
-0.597268 -0.255126 0.407261 
0.386889 -0.491714 0.441548 
-0.597268 -0.255126 0.407261 
0.386889 -0.491714 0.441548 
-0.597268 -0.255126 0.407261 
0.386889 -0.491714 0.441548 
-0.597268 -0.255126 0.407261 
0 0 0 
-0.597268 -0.255126 0.407261 
0 0 0 
