-0.647424 -0.230285 0.459947 
0.400795 -0.504304 0.485867 
-0.647425 -0.230286 0.459947 
0.400795 -0.504304 0.485867 
-0.647425 -0.230286 0.459947 
0.400795 -0.504304 0.485867 
-0.646858 -0.230777 0.460042 
0.400795 -0.504304 0.485867 
-0.646765 -0.230762 0.460233 
0.400795 -0.504304 0.485867 
-0.646582 -0.230809 0.460531 
0.400795 -0.504304 0.485867 
-0.646346 -0.232085 0.460683 
0.400795 -0.504304 0.485867 
-0.645952 -0.233392 0.46091 
0.400795 -0.504304 0.485867 
-0.645306 -0.234036 0.461094 
0.400795 -0.504304 0.485867 
-0.644157 -0.234442 0.461472 
0.400795 -0.504304 0.485867 
-0.64295 -0.234758 0.462152 
0.400795 -0.504304 0.485867 
-0.641917 -0.235017 0.462776 
0.400795 -0.504304 0.485867 
-0.641068 -0.235216 0.463269 
0.400795 -0.504304 0.485867 
-0.640362 -0.235383 0.463665 
0.400795 -0.504304 0.485867 
-0.639775 -0.235519 0.464013 
0.400795 -0.504304 0.485867 
-0.639271 -0.235644 0.464294 
0.400795 -0.504304 0.485867 
-0.638843 -0.235748 0.46455 
0.400795 -0.504304 0.485867 
-0.638462 -0.235841 0.464759 
0.400795 -0.504304 0.485867 
-0.638126 -0.235913 0.464947 
0.400795 -0.504304 0.485867 
-0.637829 -0.23598 0.465113 
0.400795 -0.504304 0.485867 
-0.637569 -0.236042 0.465266 
0.400795 -0.504304 0.485867 
-0.637335 -0.236094 0.465406 
0.400795 -0.504304 0.485867 
-0.637124 -0.236146 0.465527 
0.400795 -0.504304 0.485867 
-0.636927 -0.236196 0.465626 
0.400795 -0.504304 0.485867 
-0.636745 -0.236239 0.465713 
0.400795 -0.504304 0.485867 
-0.636583 -0.236279 0.465801 
0.400795 -0.504304 0.485867 
-0.636473 -0.236346 0.465923 
0.400795 -0.504304 0.485867 
-0.636332 -0.236374 0.465995 
0.400795 -0.504304 0.485867 
-0.635779 -0.236626 0.466306 
0.400795 -0.504304 0.485867 
-0.635255 -0.236857 0.46661 
0.400795 -0.504304 0.485867 
-0.63472 -0.237132 0.466896 
0.400795 -0.504304 0.485867 
-0.634219 -0.237273 0.467137 
0.400795 -0.504304 0.485867 
-0.633734 -0.237192 0.467377 
0.400795 -0.504304 0.485867 
-0.633334 -0.237154 0.467603 
0.400795 -0.504304 0.485867 
-0.633095 -0.237152 0.46781 
0.400795 -0.504304 0.485867 
-0.633004 -0.237151 0.467895 
0.400795 -0.504304 0.485867 
-0.632998 -0.23715 0.467886 
0.400795 -0.504304 0.485867 
-0.632993 -0.237147 0.46788 
0.400795 -0.504304 0.485867 
-0.63299 -0.237143 0.467878 
0.400795 -0.504304 0.485867 
-0.632984 -0.237145 0.467867 
0.400795 -0.504304 0.485867 
-0.632984 -0.23714 0.467872 
0.400795 -0.504304 0.485867 
-0.632975 -0.237138 0.467857 
0.400795 -0.504304 0.485867 
-0.632975 -0.23714 0.467856 
0.400795 -0.504304 0.485867 
-0.632979 -0.237141 0.467863 
0.400795 -0.504304 0.485867 
-0.632978 -0.237139 0.467861 
0.400795 -0.504304 0.485867 
-0.632981 -0.237139 0.467866 
0.400795 -0.504304 0.485867 
-0.632976 -0.237145 0.467852 
0.400795 -0.504304 0.485867 
-0.632974 -0.237146 0.467849 
0.400795 -0.504304 0.485867 
-0.632975 -0.237143 0.467852 
0.400795 -0.504304 0.485867 
-0.632982 -0.237143 0.467864 
0.400795 -0.504304 0.485867 
-0.632991 -0.237144 0.467878 
0.400795 -0.504304 0.485867 
-0.632991 -0.237147 0.467875 
0.400795 -0.504304 0.485867 
-0.632952 -0.237117 0.467833 
0.400795 -0.504304 0.485867 
-0.632993 -0.237153 0.467873 
0.400795 -0.504304 0.485867 
-0.632991 -0.237164 0.46786 
0.400795 -0.504304 0.485867 
-0.633067 -0.23724 0.467927 
0.400795 -0.504304 0.485867 
-0.63311 -0.237277 0.467968 
0.400795 -0.504304 0.485867 
-0.633145 -0.237311 0.467999 
0.400795 -0.504304 0.485867 
-0.633228 -0.23738 0.468081 
0.400795 -0.504304 0.485867 
-0.633267 -0.237414 0.468119 
0.400795 -0.504304 0.485867 
-0.633262 -0.237417 0.468106 
0.400795 -0.504304 0.485867 
-0.633301 -0.237453 0.468142 
0.400795 -0.504304 0.485867 
-0.633306 -0.237456 0.468147 
0.400795 -0.504304 0.485867 
-0.633306 -0.237464 0.46814 
0.400795 -0.504304 0.485867 
-0.633314 -0.237467 0.468151 
0.400795 -0.504304 0.485867 
-0.633313 -0.237469 0.468147 
0.400795 -0.504304 0.485867 
-0.633311 -0.237472 0.468142 
0.400795 -0.504304 0.485867 
-0.633316 -0.237469 0.468151 
0.400795 -0.504304 0.485867 
-0.63332 -0.237469 0.468157 
0.400795 -0.504304 0.485867 
-0.63332 -0.237471 0.468154 
0.400795 -0.504304 0.485867 
-0.633319 -0.237475 0.468151 
0.400795 -0.504304 0.485867 
-0.633323 -0.237472 0.46816 
0.400795 -0.504304 0.485867 
-0.633325 -0.237471 0.468163 
0.400795 -0.504304 0.485867 
-0.633323 -0.237466 0.468163 
0.400795 -0.504304 0.485867 
-0.633328 -0.237466 0.468172 
0.400795 -0.504304 0.485867 
-0.63333 -0.237467 0.468174 
0.400795 -0.504304 0.485867 
-0.633327 -0.237466 0.46817 
0.400795 -0.504304 0.485867 
-0.633329 -0.237465 0.468174 
0.400795 -0.504304 0.485867 
-0.633294 -0.237427 0.468147 
0.400795 -0.504304 0.485867 
-0.633336 -0.237458 0.468191 
0.400795 -0.504304 0.485867 
-0.633296 -0.237419 0.468157 
0.400795 -0.504304 0.485867 
-0.633219 -0.237348 0.468085 
0.400795 -0.504304 0.485867 
-0.633227 -0.237346 0.468101 
0.400795 -0.504304 0.485867 
-0.633153 -0.237272 0.468037 
0.400795 -0.504304 0.485867 
-0.633076 -0.2372 0.467968 
0.400795 -0.504304 0.485867 
-0.633078 -0.237192 0.467977 
0.400795 -0.504304 0.485867 
-0.633081 -0.237191 0.467983 
0.400795 -0.504304 0.485867 
-0.633044 -0.237151 0.467953 
0.400795 -0.504304 0.485867 
-0.633046 -0.237144 0.467962 
0.400795 -0.504304 0.485867 
-0.633044 -0.23714 0.467962 
0.400795 -0.504304 0.485867 
-0.633091 -0.237174 0.468013 
0.400795 -0.504304 0.485867 
-0.633097 -0.237169 0.468027 
0.400795 -0.504304 0.485867 
-0.633098 -0.237165 0.468031 
0.400795 -0.504304 0.485867 
-0.633098 -0.237159 0.468036 
0.400795 -0.504304 0.485867 
-0.633098 -0.237156 0.468039 
0.400795 -0.504304 0.485867 
-0.6331 -0.237151 0.468046 
0.400795 -0.504304 0.485867 
-0.633106 -0.237152 0.468054 
0.400795 -0.504304 0.485867 
-0.633104 -0.237147 0.468055 
0.400795 -0.504304 0.485867 
-0.633106 -0.237149 0.468057 
0.400795 -0.504304 0.485867 
-0.6331 -0.237146 0.468049 
0.400795 -0.504304 0.485867 
-0.633094 -0.237147 0.468039 
0.400795 -0.504304 0.485867 
-0.633172 -0.237212 0.468117 
0.400795 -0.504304 0.485867 
-0.63317 -0.23721 0.468116 
0.400795 -0.504304 0.485867 
-0.633252 -0.237277 0.4682 
0.400795 -0.504304 0.485867 
-0.633211 -0.237239 0.468163 
0.400795 -0.504304 0.485867 
-0.633204 -0.237238 0.468153 
0.400795 -0.504304 0.485867 
-0.633245 -0.237272 0.468195 
0.400795 -0.504304 0.485867 
-0.633247 -0.23727 0.468202 
0.400795 -0.504304 0.485867 
-0.633244 -0.237268 0.468197 
0.400795 -0.504304 0.485867 
-0.633282 -0.237304 0.468232 
0.400795 -0.504304 0.485867 
-0.63328 -0.237302 0.46823 
0.400795 -0.504304 0.485867 
-0.633284 -0.237304 0.468236 
0.400795 -0.504304 0.485867 
-0.633322 -0.237339 0.468274 
0.400795 -0.504304 0.485867 
-0.633319 -0.23734 0.468268 
0.400795 -0.504304 0.485867 
-0.633317 -0.237337 0.468267 
0.400795 -0.504304 0.485867 
-0.633308 -0.237336 0.468255 
0.400795 -0.504304 0.485867 
-0.633266 -0.237297 0.468216 
0.400795 -0.504304 0.485867 
-0.633303 -0.237329 0.468254 
0.400795 -0.504304 0.485867 
-0.632063 -0.236126 0.467663 
0.400795 -0.504304 0.485867 
-0.630861 -0.234906 0.467086 
0.400795 -0.504304 0.485867 
-0.629639 -0.233589 0.466431 
0.400795 -0.504304 0.485867 
-0.628422 -0.232191 0.465673 
0.400795 -0.504304 0.485867 
-0.627229 -0.230715 0.4649 
0.400795 -0.504304 0.485867 
-0.626013 -0.229143 0.464022 
0.400795 -0.504304 0.485867 
-0.624799 -0.22751 0.463069 
0.400795 -0.504304 0.485867 
-0.623603 -0.22576 0.461995 
0.400795 -0.504304 0.485867 
-0.622456 -0.223932 0.460836 
0.400795 -0.504304 0.485867 
-0.621285 -0.221962 0.459553 
0.400795 -0.504304 0.485867 
-0.620152 -0.219957 0.458253 
0.400795 -0.504304 0.485867 
-0.618999 -0.217827 0.456836 
0.400795 -0.504304 0.485867 
-0.617969 -0.215659 0.455403 
0.400795 -0.504304 0.485867 
-0.616902 -0.21332 0.453748 
0.400795 -0.504304 0.485867 
-0.615885 -0.210972 0.452052 
0.400795 -0.504304 0.485867 
-0.61494 -0.208636 0.450359 
0.400795 -0.504304 0.485867 
-0.614015 -0.206186 0.448505 
0.400795 -0.504304 0.485867 
-0.613204 -0.203786 0.446713 
0.400795 -0.504304 0.485867 
-0.612404 -0.201384 0.444835 
0.400795 -0.504304 0.485867 
-0.611603 -0.19899 0.442919 
0.400795 -0.504304 0.485867 
-0.610882 -0.196686 0.441068 
0.400795 -0.504304 0.485867 
-0.610164 -0.194401 0.43917 
0.400795 -0.504304 0.485867 
-0.609497 -0.19212 0.437298 
0.400795 -0.504304 0.485867 
-0.608828 -0.189845 0.435358 
0.400795 -0.504304 0.485867 
-0.608174 -0.187621 0.43344 
0.400795 -0.504304 0.485867 
-0.608073 -0.185969 0.431802 
0.400795 -0.504304 0.485867 
-0.608506 -0.184936 0.43051 
0.400795 -0.504304 0.485867 
-0.608987 -0.18398 0.429412 
0.400795 -0.504304 0.485867 
-0.609438 -0.183204 0.428442 
0.400795 -0.504304 0.485867 
-0.609793 -0.182576 0.427517 
0.400795 -0.504304 0.485867 
-0.610179 -0.182199 0.426856 
0.400795 -0.504304 0.485867 
-0.610528 -0.181956 0.426352 
0.400795 -0.504304 0.485867 
-0.610811 -0.181842 0.42589 
0.400795 -0.504304 0.485867 
-0.611026 -0.18201 0.425713 
0.400795 -0.504304 0.485867 
-0.611188 -0.182423 0.425733 
0.400795 -0.504304 0.485867 
-0.611312 -0.182921 0.425766 
0.400795 -0.504304 0.485867 
-0.61143 -0.18362 0.425938 
0.400795 -0.504304 0.485867 
-0.611565 -0.1845 0.426277 
0.400795 -0.504304 0.485867 
-0.611601 -0.185692 0.426836 
0.400795 -0.504304 0.485867 
-0.611596 -0.186996 0.427488 
0.400795 -0.504304 0.485867 
-0.611619 -0.188527 0.42834 
0.400795 -0.504304 0.485867 
-0.611515 -0.190114 0.429047 
0.400795 -0.504304 0.485867 
-0.611389 -0.191998 0.429952 
0.400795 -0.504304 0.485867 
-0.611207 -0.194005 0.430859 
0.400795 -0.504304 0.485867 
-0.611032 -0.196179 0.431788 
0.400795 -0.504304 0.485867 
-0.610817 -0.198403 0.432671 
0.400795 -0.504304 0.485867 
-0.610636 -0.200732 0.433558 
0.400795 -0.504304 0.485867 
-0.610388 -0.203165 0.43435 
0.400795 -0.504304 0.485867 
