-0.626534 -0.22051 0.379527 
0.400795 -0.504304 0.485867 
-0.626534 -0.22051 0.379528 
0.400795 -0.504304 0.485867 
-0.626534 -0.22051 0.379528 
0.400795 -0.504304 0.485867 
-0.626047 -0.221023 0.379262 
0.400795 -0.504304 0.485867 
-0.625856 -0.221004 0.37935 
0.400795 -0.504304 0.485867 
-0.604137 -0.225639 0.370198 
0.400795 -0.504304 0.485867 
-0.611629 -0.224443 0.374274 
0.400795 -0.504304 0.485867 
-0.609727 -0.226744 0.374097 
0.400795 -0.504304 0.485867 
-0.610839 -0.226175 0.374902 
0.400795 -0.504304 0.485867 
-0.609643 -0.226042 0.375429 
0.400795 -0.504304 0.485867 
-0.609972 -0.225472 0.376331 
0.400795 -0.504304 0.485867 
-0.609711 -0.225759 0.37617 
0.400795 -0.504304 0.485867 
-0.610227 -0.225174 0.376243 
0.400795 -0.504304 0.485867 
-0.610867 -0.225129 0.375734 
0.400795 -0.504304 0.485867 
-0.610684 -0.224925 0.377382 
0.400795 -0.504304 0.485867 
-0.61093 -0.224467 0.37737 
0.400795 -0.504304 0.485867 
-0.610512 -0.224857 0.379637 
0.400795 -0.504304 0.485867 
-0.610187 -0.224222 0.379675 
0.400795 -0.504304 0.485867 
-0.609743 -0.224023 0.381364 
0.400795 -0.504304 0.485867 
-0.609565 -0.223779 0.38123 
0.400795 -0.504304 0.485867 
-0.60934 -0.223178 0.382405 
0.400795 -0.504304 0.485867 
-0.609129 -0.223723 0.38188 
0.400795 -0.504304 0.485867 
-0.608666 -0.22314 0.383132 
0.400795 -0.504304 0.485867 
-0.608619 -0.223485 0.382768 
0.400795 -0.504304 0.485867 
-0.608263 -0.223046 0.383262 
0.400795 -0.504304 0.485867 
-0.608393 -0.223354 0.381999 
0.400795 -0.504304 0.485867 
-0.607816 -0.223685 0.38345 
0.400795 -0.504304 0.485867 
-0.608122 -0.223622 0.381757 
0.400795 -0.504304 0.485867 
-0.607294 -0.224497 0.382959 
0.400795 -0.504304 0.485867 
-0.606946 -0.224203 0.3813 
0.400795 -0.504304 0.485867 
-0.606039 -0.225064 0.383187 
0.400795 -0.504304 0.485867 
-0.605955 -0.224514 0.380932 
0.400795 -0.504304 0.485867 
-0.605143 -0.225248 0.382805 
0.400795 -0.504304 0.485867 
-0.605139 -0.224123 0.381107 
0.400795 -0.504304 0.485867 
-0.603935 -0.225685 0.382598 
0.400795 -0.504304 0.485867 
-0.604714 -0.224412 0.381007 
0.400795 -0.504304 0.485867 
-0.60389 -0.225075 0.381784 
0.400795 -0.504304 0.485867 
-0.604503 -0.223741 0.381206 
0.400795 -0.504304 0.485867 
-0.604505 -0.224722 0.380945 
0.400795 -0.504304 0.485867 
-0.604404 -0.224139 0.38117 
0.400795 -0.504304 0.485867 
-0.604435 -0.224612 0.381189 
0.400795 -0.504304 0.485867 
-0.604514 -0.223929 0.380961 
0.400795 -0.504304 0.485867 
-0.604327 -0.224751 0.38138 
0.400795 -0.504304 0.485867 
-0.604391 -0.224052 0.380983 
0.400795 -0.504304 0.485867 
-0.604217 -0.224514 0.381839 
0.400795 -0.504304 0.485867 
-0.604159 -0.224225 0.381391 
0.400795 -0.504304 0.485867 
-0.604167 -0.225021 0.382075 
0.400795 -0.504304 0.485867 
-0.604299 -0.224266 0.381003 
0.400795 -0.504304 0.485867 
-0.604176 -0.224892 0.3824 
0.400795 -0.504304 0.485867 
-0.604337 -0.22433 0.380886 
0.400795 -0.504304 0.485867 
-0.604363 -0.224623 0.382048 
0.400795 -0.504304 0.485867 
-0.604497 -0.224376 0.380559 
0.400795 -0.504304 0.485867 
-0.604182 -0.224301 0.382124 
0.400795 -0.504304 0.485867 
-0.604375 -0.224538 0.380689 
0.400795 -0.504304 0.485867 
-0.604035 -0.224719 0.382276 
0.400795 -0.504304 0.485867 
-0.604268 -0.224749 0.381208 
0.400795 -0.504304 0.485867 
-0.604068 -0.224925 0.382149 
0.400795 -0.504304 0.485867 
-0.604486 -0.224534 0.380443 
0.400795 -0.504304 0.485867 
-0.60421 -0.225208 0.382521 
0.400795 -0.504304 0.485867 
-0.604388 -0.224535 0.380539 
0.400795 -0.504304 0.485867 
-0.604309 -0.225239 0.382095 
0.400795 -0.504304 0.485867 
-0.604374 -0.224512 0.380658 
0.400795 -0.504304 0.485867 
-0.604393 -0.22495 0.381861 
0.400795 -0.504304 0.485867 
-0.604362 -0.224516 0.381493 
0.400795 -0.504304 0.485867 
-0.604278 -0.224998 0.382195 
0.400795 -0.504304 0.485867 
-0.604414 -0.224538 0.381881 
0.400795 -0.504304 0.485867 
-0.604246 -0.224876 0.382199 
0.400795 -0.504304 0.485867 
-0.604427 -0.224751 0.381808 
0.400795 -0.504304 0.485867 
-0.604352 -0.225057 0.38192 
0.400795 -0.504304 0.485867 
-0.604364 -0.224771 0.381942 
0.400795 -0.504304 0.485867 
-0.604445 -0.224752 0.381552 
0.400795 -0.504304 0.485867 
-0.604452 -0.224682 0.381659 
0.400795 -0.504304 0.485867 
-0.604371 -0.224819 0.381933 
0.400795 -0.504304 0.485867 
-0.60464 -0.22492 0.381409 
0.400795 -0.504304 0.485867 
-0.604391 -0.22489 0.381783 
0.400795 -0.504304 0.485867 
-0.604583 -0.22466 0.380988 
0.400795 -0.504304 0.485867 
-0.604465 -0.224829 0.381953 
0.400795 -0.504304 0.485867 
-0.604556 -0.224775 0.380896 
0.400795 -0.504304 0.485867 
-0.604365 -0.224721 0.382379 
0.400795 -0.504304 0.485867 
-0.604447 -0.224834 0.38111 
0.400795 -0.504304 0.485867 
-0.604315 -0.224996 0.382235 
0.400795 -0.504304 0.485867 
-0.604493 -0.22466 0.381145 
0.400795 -0.504304 0.485867 
-0.604265 -0.224896 0.38249 
0.400795 -0.504304 0.485867 
-0.604421 -0.224608 0.380714 
0.400795 -0.504304 0.485867 
-0.604308 -0.224772 0.382299 
0.400795 -0.504304 0.485867 
-0.604596 -0.224491 0.380529 
0.400795 -0.504304 0.485867 
-0.604272 -0.224664 0.382215 
0.400795 -0.504304 0.485867 
-0.604598 -0.224317 0.38067 
0.400795 -0.504304 0.485867 
-0.604146 -0.224502 0.382462 
0.400795 -0.504304 0.485867 
-0.604561 -0.224342 0.380741 
0.400795 -0.504304 0.485867 
-0.604174 -0.224505 0.382448 
0.400795 -0.504304 0.485867 
-0.604529 -0.224173 0.380918 
0.400795 -0.504304 0.485867 
-0.604186 -0.22469 0.382527 
0.400795 -0.504304 0.485867 
-0.604584 -0.224399 0.380419 
0.400795 -0.504304 0.485867 
-0.604192 -0.224448 0.382488 
0.400795 -0.504304 0.485867 
-0.604572 -0.224372 0.380457 
0.400795 -0.504304 0.485867 
-0.60418 -0.224578 0.382053 
0.400795 -0.504304 0.485867 
-0.604304 -0.224718 0.380769 
0.400795 -0.504304 0.485867 
-0.603995 -0.224672 0.382448 
0.400795 -0.504304 0.485867 
-0.604476 -0.224496 0.380469 
0.400795 -0.504304 0.485867 
-0.604188 -0.224811 0.381806 
0.400795 -0.504304 0.485867 
-0.604518 -0.224429 0.381141 
0.400795 -0.504304 0.485867 
-0.604325 -0.224693 0.382042 
0.400795 -0.504304 0.485867 
-0.60454 -0.224587 0.380878 
0.400795 -0.504304 0.485867 
-0.604288 -0.224644 0.382072 
0.400795 -0.504304 0.485867 
-0.604331 -0.224184 0.380877 
0.400795 -0.504304 0.485867 
-0.604178 -0.224736 0.382495 
0.400795 -0.504304 0.485867 
-0.60443 -0.224214 0.380543 
0.400795 -0.504304 0.485867 
-0.604453 -0.224901 0.381297 
0.400795 -0.504304 0.485867 
-0.604203 -0.224354 0.381185 
0.400795 -0.504304 0.485867 
-0.60422 -0.224982 0.382358 
0.400795 -0.504304 0.485867 
-0.604345 -0.224363 0.381471 
0.400795 -0.504304 0.485867 
-0.604337 -0.225073 0.382268 
0.400795 -0.504304 0.485867 
-0.604499 -0.224448 0.381001 
0.400795 -0.504304 0.485867 
-0.604374 -0.224891 0.382509 
0.400795 -0.504304 0.485867 
-0.60459 -0.224658 0.381088 
0.400795 -0.504304 0.485867 
-0.604355 -0.224977 0.382362 
0.400795 -0.504304 0.485867 
-0.60449 -0.224541 0.3812 
0.400795 -0.504304 0.485867 
-0.603501 -0.223561 0.381654 
0.400795 -0.504304 0.485867 
-0.603182 -0.222212 0.379625 
0.400795 -0.504304 0.485867 
-0.602625 -0.221216 0.379465 
0.400795 -0.504304 0.485867 
-0.60262 -0.220067 0.376514 
0.400795 -0.504304 0.485867 
-0.601786 -0.218861 0.376439 
0.400795 -0.504304 0.485867 
-0.601658 -0.217553 0.373966 
0.400795 -0.504304 0.485867 
-0.600955 -0.216245 0.374171 
0.400795 -0.504304 0.485867 
-0.601095 -0.214048 0.370626 
0.400795 -0.504304 0.485867 
-0.600662 -0.212769 0.370545 
0.400795 -0.504304 0.485867 
-0.600523 -0.210539 0.367685 
0.400795 -0.504304 0.485867 
-0.600473 -0.209285 0.366896 
0.400795 -0.504304 0.485867 
-0.600731 -0.206959 0.364108 
0.400795 -0.504304 0.485867 
-0.600683 -0.204851 0.362829 
0.400795 -0.504304 0.485867 
-0.600729 -0.20208 0.360154 
0.400795 -0.504304 0.485867 
-0.600863 -0.200121 0.359204 
0.400795 -0.504304 0.485867 
-0.601277 -0.197598 0.3564 
0.400795 -0.504304 0.485867 
-0.601544 -0.195356 0.354758 
0.400795 -0.504304 0.485867 
-0.602036 -0.192809 0.352332 
0.400795 -0.504304 0.485867 
-0.602476 -0.191031 0.350803 
0.400795 -0.504304 0.485867 
-0.602901 -0.188344 0.348421 
0.400795 -0.504304 0.485867 
-0.603507 -0.186543 0.346678 
0.400795 -0.504304 0.485867 
-0.604042 -0.183713 0.344532 
0.400795 -0.504304 0.485867 
-0.604548 -0.181749 0.343166 
0.400795 -0.504304 0.485867 
-0.605353 -0.179518 0.340365 
0.400795 -0.504304 0.485867 
-0.605679 -0.17709 0.339636 
0.400795 -0.504304 0.485867 
-0.606686 -0.175458 0.337463 
0.400795 -0.504304 0.485867 
-0.607793 -0.174391 0.336725 
0.400795 -0.504304 0.485867 
-0.608842 -0.172662 0.335922 
0.400795 -0.504304 0.485867 
-0.609578 -0.172082 0.335681 
0.400795 -0.504304 0.485867 
-0.610414 -0.171207 0.334695 
0.400795 -0.504304 0.485867 
-0.610887 -0.170721 0.334649 
0.400795 -0.504304 0.485867 
-0.611813 -0.170103 0.334013 
0.400795 -0.504304 0.485867 
-0.612141 -0.169429 0.333679 
0.400795 -0.504304 0.485867 
-0.612545 -0.170127 0.333804 
0.400795 -0.504304 0.485867 
-0.612612 -0.169741 0.333459 
0.400795 -0.504304 0.485867 
-0.613054 -0.170569 0.333805 
0.400795 -0.504304 0.485867 
-0.612828 -0.170844 0.333722 
0.400795 -0.504304 0.485867 
-0.61282 -0.171878 0.334541 
0.400795 -0.504304 0.485867 
-0.612173 -0.172634 0.335269 
0.400795 -0.504304 0.485867 
-0.611846 -0.173761 0.336144 
0.400795 -0.504304 0.485867 
-0.611427 -0.175077 0.336702 
0.400795 -0.504304 0.485867 
-0.610675 -0.176488 0.337675 
0.400795 -0.504304 0.485867 
-0.610354 -0.177996 0.337939 
0.400795 -0.504304 0.485867 
-0.609635 -0.179663 0.338536 
0.400795 -0.504304 0.485867 
-0.609222 -0.181552 0.338893 
0.400795 -0.504304 0.485867 
-0.608276 -0.183729 0.339802 
0.400795 -0.504304 0.485867 
-0.607753 -0.185708 0.340412 
0.400795 -0.504304 0.485867 
-0.607036 -0.188368 0.340612 
0.400795 -0.504304 0.485867 
-0.606441 -0.190406 0.341202 
0.400795 -0.504304 0.485867 
-0.606046 -0.192803 0.341227 
0.400795 -0.504304 0.485867 
-0.605456 -0.195132 0.341674 
0.400795 -0.504304 0.485867 
-0.604989 -0.197194 0.341963 
0.400795 -0.504304 0.485867 
-0.604494 -0.200104 0.342091 
0.400795 -0.504304 0.485867 
-0.603999 -0.202639 0.342399 
0.400795 -0.504304 0.485867 
-0.603601 -0.204603 0.342816 
0.400795 -0.504304 0.485867 
-0.603256 -0.206817 0.342575 
0.400795 -0.504304 0.485867 
-0.602832 -0.209266 0.342872 
0.400795 -0.504304 0.485867 
-0.602465 -0.21168 0.343205 
0.400795 -0.504304 0.485867 
-0.602319 -0.214156 0.342927 
0.400795 -0.504304 0.485867 
-0.602272 -0.215895 0.342771 
0.400795 -0.504304 0.485867 
-0.601989 -0.217867 0.343011 
0.400795 -0.504304 0.485867 
-0.601994 -0.220158 0.343103 
0.400795 -0.504304 0.485867 
-0.601814 -0.222198 0.343197 
0.400795 -0.504304 0.485867 
-0.603207 -0.224708 0.342998 
0.400795 -0.504304 0.485867 
-0.602647 -0.226487 0.342809 
0.400795 -0.504304 0.485867 
-0.602949 -0.226919 0.342415 
0.400795 -0.504304 0.485867 
-0.602773 -0.229693 0.342699 
0.400795 -0.504304 0.485867 
-0.603124 -0.230782 0.342114 
0.400795 -0.504304 0.485867 
-0.603127 -0.230484 0.341625 
0.400795 -0.504304 0.485867 
-0.603629 -0.233706 0.341401 
0.400795 -0.504304 0.485867 
-0.603555 -0.233843 0.340946 
0.400795 -0.504304 0.485867 
-0.603606 -0.235975 0.341012 
0.400795 -0.504304 0.485867 
-0.603886 -0.236819 0.34012 
0.400795 -0.504304 0.485867 
-0.603882 -0.238014 0.340634 
0.400795 -0.504304 0.485867 
-0.604074 -0.238447 0.339915 
0.400795 -0.504304 0.485867 
-0.604047 -0.23968 0.340603 
0.400795 -0.504304 0.485867 
-0.604382 -0.240864 0.340049 
0.400795 -0.504304 0.485867 
-0.604496 -0.241116 0.340188 
0.400795 -0.504304 0.485867 
-0.604756 -0.242485 0.340045 
0.400795 -0.504304 0.485867 
-0.605696 -0.242923 0.338491 
0.400795 -0.504304 0.485867 
-0.606164 -0.244624 0.338278 
0.400795 -0.504304 0.485867 
-0.606336 -0.246726 0.338414 
0.400795 -0.504304 0.485867 
-0.606264 -0.245567 0.337999 
0.400795 -0.504304 0.485867 
-0.606501 -0.248488 0.338059 
0.400795 -0.504304 0.485867 
-0.607092 -0.248706 0.337569 
0.400795 -0.504304 0.485867 
-0.607069 -0.249677 0.337336 
0.400795 -0.504304 0.485867 
-0.607649 -0.249747 0.336559 
0.400795 -0.504304 0.485867 
-0.6076 -0.251292 0.336586 
0.400795 -0.504304 0.485867 
-0.606166 -0.250447 0.336219 
0.400795 -0.504304 0.485867 
-0.606552 -0.252553 0.336462 
0.400795 -0.504304 0.485867 
-0.606497 -0.252438 0.336115 
0.400795 -0.504304 0.485867 
-0.606879 -0.254076 0.336168 
0.400795 -0.504304 0.485867 
-0.606653 -0.253957 0.335733 
0.400795 -0.504304 0.485867 
-0.606975 -0.255454 0.335745 
0.400795 -0.504304 0.485867 
-0.606899 -0.255714 0.335592 
0.400795 -0.504304 0.485867 
-0.607137 -0.256977 0.335276 
0.400795 -0.504304 0.485867 
-0.607196 -0.25714 0.33509 
0.400795 -0.504304 0.485867 
-0.606739 -0.257757 0.335227 
0.400795 -0.504304 0.485867 
-0.606906 -0.257937 0.334793 
0.400795 -0.504304 0.485867 
-0.606655 -0.258108 0.334804 
0.400795 -0.504304 0.485867 
-0.60665 -0.258575 0.334616 
0.400795 -0.504304 0.485867 
-0.606335 -0.258855 0.334497 
0.400795 -0.504304 0.485867 
-0.606292 -0.259235 0.334415 
0.400795 -0.504304 0.485867 
-0.605955 -0.259193 0.334353 
0.400795 -0.504304 0.485867 
-0.605699 -0.259372 0.334381 
0.400795 -0.504304 0.485867 
-0.605307 -0.259501 0.334444 
0.400795 -0.504304 0.485867 
-0.604863 -0.25922 0.334456 
0.400795 -0.504304 0.485867 
-0.604396 -0.259123 0.334798 
0.400795 -0.504304 0.485867 
-0.604186 -0.25958 0.334711 
0.400795 -0.504304 0.485867 
-0.603184 -0.258804 0.334963 
0.400795 -0.504304 0.485867 
-0.602692 -0.258957 0.335271 
0.400795 -0.504304 0.485867 
-0.602638 -0.259166 0.335153 
0.400795 -0.504304 0.485867 
-0.60226 -0.259112 0.334973 
0.400795 -0.504304 0.485867 
-0.601934 -0.2592 0.334898 
0.400795 -0.504304 0.485867 
-0.601665 -0.259249 0.334763 
0.400795 -0.504304 0.485867 
-0.601517 -0.259477 0.334493 
0.400795 -0.504304 0.485867 
-0.601268 -0.25965 0.334347 
0.400795 -0.504304 0.485867 
-0.600997 -0.259882 0.33429 
0.400795 -0.504304 0.485867 
-0.600789 -0.260224 0.334344 
0.400795 -0.504304 0.485867 
-0.600748 -0.260737 0.334315 
0.400795 -0.504304 0.485867 
-0.600462 -0.260938 0.334417 
0.400795 -0.504304 0.485867 
-0.600433 -0.26126 0.334172 
0.400795 -0.504304 0.485867 
-0.600295 -0.261569 0.334098 
0.400795 -0.504304 0.485867 
-0.600089 -0.261832 0.33422 
0.400795 -0.504304 0.485867 
-0.600047 -0.262071 0.333927 
0.400795 -0.504304 0.485867 
-0.599895 -0.262445 0.334001 
0.400795 -0.504304 0.485867 
-0.599816 -0.262792 0.333879 
0.400795 -0.504304 0.485867 
-0.599561 -0.26281 0.333833 
0.400795 -0.504304 0.485867 
-0.599488 -0.263208 0.333789 
0.400795 -0.504304 0.485867 
-0.599525 -0.26358 0.333659 
0.400795 -0.504304 0.485867 
-0.599249 -0.263756 0.33371 
0.400795 -0.504304 0.485867 
-0.599174 -0.264142 0.333681 
0.400795 -0.504304 0.485867 
-0.5991 -0.264395 0.333559 
0.400795 -0.504304 0.485867 
-0.599082 -0.264629 0.333447 
0.400795 -0.504304 0.485867 
-0.599055 -0.264709 0.333321 
0.400795 -0.504304 0.485867 
-0.599107 -0.26547 0.333497 
0.400795 -0.504304 0.485867 
-0.599172 -0.265482 0.333184 
0.400795 -0.504304 0.485867 
-0.599117 -0.265863 0.33329 
0.400795 -0.504304 0.485867 
-0.599046 -0.26594 0.333394 
0.400795 -0.504304 0.485867 
-0.599089 -0.266472 0.333552 
0.400795 -0.504304 0.485867 
-0.598985 -0.266086 0.333523 
0.400795 -0.504304 0.485867 
-0.599034 -0.266054 0.333421 
0.400795 -0.504304 0.485867 
-0.599086 -0.266027 0.333412 
0.400795 -0.504304 0.485867 
-0.599046 -0.266222 0.333553 
0.400795 -0.504304 0.485867 
