-0.640482 -0.251851 0.373185 
0.378785 -0.492925 0.438602 
-0.640482 -0.251851 0.373185 
0.37907 -0.498557 0.446028 
-0.638786 -0.252836 0.375277 
0.379446 -0.49893 0.447548 
-0.639945 -0.253913 0.375593 
0.379054 -0.49992 0.446768 
-0.640428 -0.254716 0.374744 
0.379276 -0.500003 0.449215 
-0.640175 -0.254558 0.374405 
0.378216 -0.496371 0.441645 
-0.638146 -0.253376 0.37499 
0.37856 -0.497411 0.441167 
-0.634851 -0.252413 0.376157 
0.379276 -0.500927 0.445758 
-0.630749 -0.250649 0.377407 
0.379874 -0.50188 0.446296 
-0.627154 -0.249282 0.378533 
0.380574 -0.504122 0.4458 
-0.6245 -0.248268 0.379199 
0.380656 -0.504906 0.444037 
-0.622642 -0.247328 0.379897 
0.380406 -0.503509 0.442714 
-0.621328 -0.246662 0.380223 
0.380868 -0.505883 0.445701 
-0.619899 -0.246021 0.380674 
0.380534 -0.50524 0.444148 
-0.618048 -0.245271 0.381188 
0.380748 -0.507312 0.445238 
-0.615986 -0.244403 0.38163 
0.380468 -0.508032 0.442773 
-0.612807 -0.243204 0.382281 
0.380546 -0.509404 0.442892 
-0.609658 -0.241802 0.383138 
0.381055 -0.509901 0.44328 
-0.60737 -0.240863 0.383901 
0.380959 -0.510389 0.444654 
-0.606154 -0.239837 0.384011 
0.380391 -0.511077 0.445618 
-0.60519 -0.239317 0.383703 
0.380057 -0.511661 0.442711 
-0.605555 -0.239204 0.382936 
0.379478 -0.512448 0.443556 
-0.45805 -0.16486 0.48415 
0.379737 -0.512007 0.443488 
-0.604802 -0.239643 0.38499 
0.436862 -0.408345 0.473011 
