-0.597268 -0.255126 0.407261 
0.378907 -0.494069 0.439969 
-0.597268 -0.255126 0.407261 
0.376261 -0.496367 0.446443 
-0.597268 -0.255126 0.407261 
0.378002 -0.496618 0.444306 
-0.597268 -0.255126 0.407261 
0.378202 -0.496306 0.445759 
-0.597268 -0.255126 0.407261 
0.378028 -0.495004 0.441529 
-0.597268 -0.255126 0.407261 
0.377917 -0.495254 0.444261 
-0.597268 -0.255126 0.407261 
0.378346 -0.497088 0.444077 
-0.597268 -0.255126 0.407261 
0.378432 -0.497776 0.443553 
-0.597268 -0.255126 0.407261 
0.3789 -0.498601 0.442624 
-0.597268 -0.255126 0.407261 
0.379394 -0.498982 0.442915 
-0.597268 -0.255126 0.407261 
0.379578 -0.499218 0.442869 
-0.597268 -0.255126 0.407261 
0.379574 -0.500011 0.441747 
-0.597268 -0.255126 0.407261 
0.379619 -0.501219 0.442183 
-0.597268 -0.255126 0.407261 
0.379465 -0.502266 0.439022 
-0.597268 -0.255126 0.407261 
0.379533 -0.50269 0.44066 
-0.597268 -0.255126 0.407261 
0.379534 -0.503802 0.440178 
-0.597268 -0.255126 0.407261 
0.379644 -0.505098 0.44034 
-0.597268 -0.255126 0.407261 
0.379895 -0.506642 0.440731 
-0.597268 -0.255126 0.407261 
0.379877 -0.50694 0.441603 
-0.597268 -0.255126 0.407261 
0.379301 -0.507122 0.44142 
-0.597268 -0.255126 0.407261 
0.378731 -0.507762 0.439871 
-0.597268 -0.255126 0.407261 
0.378132 -0.50828 0.440247 
-0.597268 -0.255126 0.407261 
0.422761 -0.42134 0.450171 
-0.597268 -0.255126 0.407261 
0.421352 -0.428234 0.451808 
-0.597268 -0.255126 0.407261 
0.423856 -0.427395 0.452157 
-0.597268 -0.255126 0.407261 
0.424492 -0.427024 0.452668 
-0.597268 -0.255126 0.407261 
0.424229 -0.427542 0.451755 
-0.597268 -0.255126 0.407261 
0.42371 -0.43009 0.453602 
-0.597268 -0.255126 0.407261 
0.423122 -0.430977 0.45364 
-0.597268 -0.255126 0.407261 
0.422751 -0.431222 0.453856 
-0.597268 -0.255126 0.407261 
0.422175 -0.429475 0.452336 
-0.597268 -0.255126 0.407261 
0.422406 -0.428604 0.453841 
-0.597268 -0.255126 0.407261 
0.421834 -0.428754 0.452797 
-0.597268 -0.255126 0.407261 
0.42126 -0.430905 0.453245 
-0.597268 -0.255126 0.407261 
0.420462 -0.431352 0.452798 
-0.597268 -0.255126 0.407261 
0.419518 -0.429822 0.452514 
-0.597268 -0.255126 0.407261 
0.418155 -0.427788 0.451582 
-0.597268 -0.255126 0.407261 
0.416324 -0.427106 0.450501 
-0.597268 -0.255126 0.407261 
0.414183 -0.429513 0.451897 
-0.597268 -0.255126 0.407261 
0.412187 -0.426931 0.448292 
-0.597268 -0.255126 0.407261 
0.410105 -0.426903 0.447463 
-0.597268 -0.255126 0.407261 
0.408065 -0.428296 0.448545 
-0.597268 -0.255126 0.407261 
0.406165 -0.428405 0.448148 
-0.597268 -0.255126 0.407261 
0.404303 -0.42838 0.447659 
-0.597268 -0.255126 0.407261 
0.402403 -0.429219 0.447934 
-0.597268 -0.255126 0.407261 
0.40054 -0.42833 0.446551 
-0.597268 -0.255126 0.407261 
0.399073 -0.426514 0.446865 
-0.597268 -0.255126 0.407261 
0.39717 -0.426697 0.444034 
-0.597268 -0.255126 0.407261 
0.396173 -0.42792 0.443298 
-0.597268 -0.255126 0.407261 
0.395709 -0.428975 0.444047 
-0.597268 -0.255126 0.407261 
0.395561 -0.429346 0.443872 
-0.597268 -0.255126 0.407261 
0.395597 -0.429853 0.444233 
-0.597268 -0.255126 0.407261 
0.395342 -0.431134 0.444654 
-0.597268 -0.255126 0.407261 
0.395202 -0.428869 0.442464 
-0.597268 -0.255126 0.407261 
0.395314 -0.427179 0.442333 
-0.597268 -0.255126 0.407261 
0.395538 -0.426916 0.444324 
-0.597268 -0.255126 0.407261 
0.394982 -0.430169 0.443659 
-0.597268 -0.255126 0.407261 
0.394818 -0.430695 0.443801 
-0.597268 -0.255126 0.407261 
0.394694 -0.43101 0.443859 
-0.597268 -0.255126 0.407261 
0.39468 -0.431369 0.443863 
-0.597268 -0.255126 0.407261 
0.394696 -0.431911 0.44396 
-0.597268 -0.255126 0.407261 
0.394564 -0.431239 0.443845 
-0.597268 -0.255126 0.407261 
0.395153 -0.431297 0.4469 
-0.597268 -0.255126 0.407261 
0.394556 -0.430424 0.443139 
-0.597268 -0.255126 0.407261 
0.394508 -0.432382 0.444758 
-0.597268 -0.255126 0.407261 
0.393959 -0.431733 0.443319 
-0.597268 -0.255126 0.407261 
0.394282 -0.432137 0.444865 
-0.597268 -0.255126 0.407261 
0.394352 -0.432061 0.445325 
-0.597268 -0.255126 0.407261 
0.394492 -0.434435 0.448242 
-0.597268 -0.255126 0.407261 
0.394922 -0.435471 0.450549 
-0.597268 -0.255126 0.407261 
0.394994 -0.432978 0.448504 
-0.597268 -0.255126 0.407261 
0.394951 -0.431663 0.446482 
-0.597268 -0.255126 0.407261 
0.395278 -0.432416 0.448263 
-0.597268 -0.255126 0.407261 
0.395592 -0.431154 0.447577 
-0.597268 -0.255126 0.407261 
0.39631 -0.430074 0.448293 
-0.597268 -0.255126 0.407261 
0.396827 -0.430529 0.448853 
-0.597268 -0.255126 0.407261 
0.397113 -0.433125 0.449389 
-0.597268 -0.255126 0.407261 
0.397798 -0.435504 0.451239 
-0.597268 -0.255126 0.407261 
0.398362 -0.431977 0.448388 
-0.597268 -0.255126 0.407261 
0.399093 -0.432674 0.450182 
-0.597268 -0.255126 0.407261 
0.39969 -0.435271 0.451563 
-0.597268 -0.255126 0.407261 
0.400562 -0.432345 0.4511 
-0.597268 -0.255126 0.407261 
0.400471 -0.43221 0.449995 
-0.597268 -0.255126 0.407261 
0.400366 -0.432058 0.450068 
-0.597268 -0.255126 0.407261 
0.399876 -0.432006 0.450269 
-0.597268 -0.255126 0.407261 
0.399195 -0.431492 0.448676 
-0.597268 -0.255126 0.407261 
0.398976 -0.430768 0.449776 
-0.597268 -0.255126 0.407261 
0.39828 -0.433402 0.452166 
-0.597268 -0.255126 0.407261 
0.396002 -0.430524 0.450443 
-0.597268 -0.255126 0.407261 
0.391948 -0.429972 0.448835 
-0.597268 -0.255126 0.407261 
0.387884 -0.429622 0.448231 
-0.597268 -0.255126 0.407261 
0.383704 -0.432782 0.449978 
-0.597268 -0.255126 0.407261 
0.380055 -0.429441 0.447645 
-0.597268 -0.255126 0.407261 
0.376141 -0.429453 0.448093 
-0.597268 -0.255126 0.407261 
0.372176 -0.432434 0.449449 
-0.597268 -0.255126 0.407261 
0.438085 -0.493895 0.481063 
