-0.668339 -0.227842 0.473843 
0.400795 -0.504304 0.485867 
-0.66834 -0.227843 0.473843 
0.400795 -0.504304 0.485867 
-0.66834 -0.227843 0.473843 
0.400795 -0.504304 0.485867 
-0.667796 -0.228329 0.474046 
0.400795 -0.504304 0.485867 
-0.66774 -0.228311 0.47425 
0.400795 -0.504304 0.485867 
-0.667614 -0.228353 0.474577 
0.400795 -0.504304 0.485867 
-0.667402 -0.229627 0.474783 
0.400795 -0.504304 0.485867 
-0.667047 -0.230928 0.475091 
0.400795 -0.504304 0.485867 
-0.666441 -0.231564 0.475397 
0.400795 -0.504304 0.485867 
-0.665378 -0.231957 0.475984 
0.400795 -0.504304 0.485867 
-0.664315 -0.232258 0.476876 
0.400795 -0.504304 0.485867 
-0.663412 -0.232502 0.477682 
0.400795 -0.504304 0.485867 
-0.662666 -0.232689 0.478324 
0.400795 -0.504304 0.485867 
-0.662043 -0.232847 0.478844 
0.400795 -0.504304 0.485867 
-0.66153 -0.232974 0.479295 
0.400795 -0.504304 0.485867 
-0.661085 -0.233093 0.479665 
0.400795 -0.504304 0.485867 
-0.66071 -0.233191 0.479996 
0.400795 -0.504304 0.485867 
-0.660374 -0.233279 0.480272 
0.400795 -0.504304 0.485867 
-0.660077 -0.233347 0.48052 
0.400795 -0.504304 0.485867 
-0.659815 -0.23341 0.480738 
0.400795 -0.504304 0.485867 
-0.659587 -0.233468 0.480936 
0.400795 -0.504304 0.485867 
-0.659383 -0.233517 0.481118 
0.400795 -0.504304 0.485867 
-0.659197 -0.233566 0.481276 
0.400795 -0.504304 0.485867 
-0.659021 -0.233614 0.481409 
0.400795 -0.504304 0.485867 
-0.658857 -0.233654 0.481529 
0.400795 -0.504304 0.485867 
-0.658715 -0.233692 0.481645 
0.400795 -0.504304 0.485867 
-0.658629 -0.233756 0.481786 
0.400795 -0.504304 0.485867 
-0.658503 -0.233783 0.481883 
0.400795 -0.504304 0.485867 
-0.658014 -0.234027 0.482293 
0.400795 -0.504304 0.485867 
-0.657553 -0.234252 0.48269 
0.400795 -0.504304 0.485867 
-0.657078 -0.23452 0.483071 
0.400795 -0.504304 0.485867 
-0.656629 -0.234654 0.483402 
0.400795 -0.504304 0.485867 
-0.656196 -0.234566 0.483726 
0.400795 -0.504304 0.485867 
-0.655845 -0.234523 0.484021 
0.400795 -0.504304 0.485867 
-0.655647 -0.234518 0.484268 
0.400795 -0.504304 0.485867 
-0.655574 -0.234515 0.484369 
0.400795 -0.504304 0.485867 
-0.655567 -0.234514 0.484361 
0.400795 -0.504304 0.485867 
-0.65556 -0.234511 0.484356 
0.400795 -0.504304 0.485867 
-0.655557 -0.234507 0.484355 
0.400795 -0.504304 0.485867 
-0.655549 -0.234509 0.484345 
0.400795 -0.504304 0.485867 
-0.655551 -0.234505 0.48435 
0.400795 -0.504304 0.485867 
-0.655538 -0.234502 0.484337 
0.400795 -0.504304 0.485867 
-0.655538 -0.234505 0.484335 
0.400795 -0.504304 0.485867 
-0.655544 -0.234505 0.484341 
0.400795 -0.504304 0.485867 
-0.655543 -0.234503 0.48434 
0.400795 -0.504304 0.485867 
-0.655546 -0.234504 0.484344 
0.400795 -0.504304 0.485867 
-0.655539 -0.23451 0.484332 
0.400795 -0.504304 0.485867 
-0.655537 -0.23451 0.484329 
0.400795 -0.504304 0.485867 
-0.655538 -0.234507 0.484332 
0.400795 -0.504304 0.485867 
-0.655546 -0.234507 0.484342 
0.400795 -0.504304 0.485867 
-0.655558 -0.234508 0.484354 
0.400795 -0.504304 0.485867 
-0.655558 -0.234511 0.484351 
0.400795 -0.504304 0.485867 
-0.655512 -0.234481 0.484317 
0.400795 -0.504304 0.485867 
-0.655559 -0.234517 0.484349 
0.400795 -0.504304 0.485867 
-0.655554 -0.234528 0.484337 
0.400795 -0.504304 0.485867 
-0.655642 -0.234604 0.48439 
0.400795 -0.504304 0.485867 
-0.65569 -0.234641 0.484422 
0.400795 -0.504304 0.485867 
-0.655731 -0.234675 0.484447 
0.400795 -0.504304 0.485867 
-0.655826 -0.234744 0.484512 
0.400795 -0.504304 0.485867 
-0.655872 -0.234778 0.484544 
0.400795 -0.504304 0.485867 
-0.655865 -0.234781 0.484531 
0.400795 -0.504304 0.485867 
-0.655909 -0.234817 0.48456 
0.400795 -0.504304 0.485867 
-0.655915 -0.234821 0.484564 
0.400795 -0.504304 0.485867 
-0.655914 -0.234828 0.484558 
0.400795 -0.504304 0.485867 
-0.655923 -0.234831 0.484567 
0.400795 -0.504304 0.485867 
-0.655922 -0.234833 0.484563 
0.400795 -0.504304 0.485867 
