-0.597268 -0.255126 0.407261 
0.383747 -0.484428 0.43887 
-0.597268 -0.255126 0.407261 
0.383965 -0.490071 0.443642 
-0.597268 -0.255126 0.407261 
0.383869 -0.485437 0.439125 
-0.597268 -0.255126 0.407261 
0.384211 -0.489483 0.446992 
-0.597268 -0.255126 0.407261 
0.383355 -0.485806 0.439988 
-0.597268 -0.255126 0.407261 
0.383866 -0.490403 0.443518 
-0.597268 -0.255126 0.407261 
0.384103 -0.492253 0.442529 
-0.597268 -0.255126 0.407261 
0.383748 -0.489484 0.439904 
-0.597268 -0.255126 0.407261 
0.385128 -0.493504 0.444837 
-0.597268 -0.255126 0.407261 
0.384791 -0.491505 0.439633 
-0.597268 -0.255126 0.407261 
0.385945 -0.495745 0.444042 
-0.597268 -0.255126 0.407261 
0.386248 -0.497304 0.444906 
-0.597268 -0.255126 0.407261 
0.385337 -0.494713 0.440188 
-0.597268 -0.255126 0.407261 
0.38592 -0.497601 0.443155 
-0.597268 -0.255126 0.407261 
0.386374 -0.499368 0.445743 
-0.597268 -0.255126 0.407261 
0.386213 -0.499881 0.445654 
-0.597268 -0.255126 0.407261 
0.386247 -0.501328 0.443755 
-0.597268 -0.255126 0.407261 
0.386331 -0.502839 0.442611 
-0.597268 -0.255126 0.407261 
0.386452 -0.50262 0.442057 
-0.597268 -0.255126 0.407261 
0.385811 -0.503278 0.443448 
-0.597268 -0.255126 0.407261 
0.385116 -0.503398 0.443678 
-0.597268 -0.255126 0.407261 
0.384852 -0.504401 0.443229 
-0.597268 -0.255126 0.407261 
0.434689 -0.516781 0.456273 
