-0.616039 -0.212116 0.401548 
0.400795 -0.504304 0.485867 
-0.61604 -0.212117 0.401548 
0.400795 -0.504304 0.485867 
-0.616202 -0.212128 0.400317 
0.400795 -0.504304 0.485867 
-0.615741 -0.21257 0.399865 
0.400795 -0.504304 0.485867 
-0.614893 -0.214139 0.400492 
0.400795 -0.504304 0.485867 
-0.613761 -0.215974 0.400194 
0.400795 -0.504304 0.485867 
-0.611109 -0.216802 0.400182 
0.400795 -0.504304 0.485867 
-0.608751 -0.217042 0.400525 
0.400795 -0.504304 0.485867 
-0.60721 -0.216948 0.400901 
0.400795 -0.504304 0.485867 
-0.606221 -0.21693 0.400913 
0.400795 -0.504304 0.485867 
-0.60535 -0.217514 0.400724 
0.400795 -0.504304 0.485867 
-0.604757 -0.217469 0.400681 
0.400795 -0.504304 0.485867 
-0.604264 -0.217327 0.400606 
0.400795 -0.504304 0.485867 
-0.603908 -0.217026 0.400579 
0.400795 -0.504304 0.485867 
-0.603577 -0.217057 0.400662 
0.400795 -0.504304 0.485867 
-0.602779 -0.217522 0.400731 
0.400795 -0.504304 0.485867 
-0.601462 -0.218172 0.400483 
0.400795 -0.504304 0.485867 
-0.600369 -0.218369 0.400607 
0.400795 -0.504304 0.485867 
-0.599502 -0.218464 0.400516 
0.400795 -0.504304 0.485867 
-0.599304 -0.218002 0.40074 
0.400795 -0.504304 0.485867 
-0.599435 -0.21801 0.400318 
0.400795 -0.504304 0.485867 
-0.599531 -0.21787 0.400428 
0.400795 -0.504304 0.485867 
-0.599507 -0.217893 0.400664 
0.400795 -0.504304 0.485867 
-0.59951 -0.218 0.40052 
0.400795 -0.504304 0.485867 
-0.599451 -0.218035 0.400452 
0.400795 -0.504304 0.485867 
-0.599464 -0.218263 0.400428 
0.400795 -0.504304 0.485867 
-0.599375 -0.218281 0.400541 
0.400795 -0.504304 0.485867 
-0.599467 -0.217992 0.400383 
0.400795 -0.504304 0.485867 
-0.599449 -0.218059 0.400514 
0.400795 -0.504304 0.485867 
-0.599586 -0.217957 0.400398 
0.400795 -0.504304 0.485867 
-0.599493 -0.218353 0.400885 
0.400795 -0.504304 0.485867 
-0.599573 -0.21831 0.400563 
0.400795 -0.504304 0.485867 
-0.599506 -0.218315 0.401359 
0.400795 -0.504304 0.485867 
-0.599519 -0.218547 0.401426 
0.400795 -0.504304 0.485867 
-0.599621 -0.218273 0.400976 
0.400795 -0.504304 0.485867 
-0.59958 -0.218192 0.401011 
0.400795 -0.504304 0.485867 
-0.599701 -0.218129 0.400483 
0.400795 -0.504304 0.485867 
-0.599643 -0.218227 0.400847 
0.400795 -0.504304 0.485867 
-0.599676 -0.218168 0.400471 
0.400795 -0.504304 0.485867 
-0.59962 -0.21838 0.400779 
0.400795 -0.504304 0.485867 
-0.599624 -0.218331 0.400696 
0.400795 -0.504304 0.485867 
-0.59953 -0.218404 0.401115 
0.400795 -0.504304 0.485867 
-0.599559 -0.21816 0.400819 
0.400795 -0.504304 0.485867 
-0.599468 -0.218178 0.400698 
0.400795 -0.504304 0.485867 
-0.599614 -0.218052 0.400418 
0.400795 -0.504304 0.485867 
-0.5996 -0.217999 0.400583 
0.400795 -0.504304 0.485867 
-0.59956 -0.217981 0.400496 
0.400795 -0.504304 0.485867 
-0.599506 -0.217933 0.400685 
0.400795 -0.504304 0.485867 
-0.599495 -0.218025 0.400723 
0.400795 -0.504304 0.485867 
-0.599492 -0.218009 0.400794 
0.400795 -0.504304 0.485867 
-0.59949 -0.218119 0.400695 
0.400795 -0.504304 0.485867 
-0.59949 -0.217898 0.400686 
0.400795 -0.504304 0.485867 
-0.599492 -0.218329 0.400834 
0.400795 -0.504304 0.485867 
-0.59949 -0.218274 0.400826 
0.400795 -0.504304 0.485867 
-0.599448 -0.218301 0.401013 
0.400795 -0.504304 0.485867 
-0.599568 -0.218109 0.400685 
0.400795 -0.504304 0.485867 
-0.599544 -0.218241 0.400901 
0.400795 -0.504304 0.485867 
-0.599516 -0.218297 0.400966 
0.400795 -0.504304 0.485867 
-0.599466 -0.218203 0.401222 
0.400795 -0.504304 0.485867 
-0.599505 -0.218018 0.401153 
0.400795 -0.504304 0.485867 
-0.598884 -0.217071 0.399955 
0.400795 -0.504304 0.485867 
-0.597569 -0.214433 0.397559 
0.400795 -0.504304 0.485867 
-0.596533 -0.211586 0.39469 
0.400795 -0.504304 0.485867 
-0.595575 -0.208564 0.391732 
0.400795 -0.504304 0.485867 
-0.594877 -0.204956 0.388743 
0.400795 -0.504304 0.485867 
-0.594355 -0.201327 0.385144 
0.400795 -0.504304 0.485867 
-0.594061 -0.197077 0.38181 
0.400795 -0.504304 0.485867 
-0.594104 -0.192614 0.377796 
0.400795 -0.504304 0.485867 
-0.594487 -0.187686 0.373715 
0.400795 -0.504304 0.485867 
-0.59529 -0.182876 0.369405 
0.400795 -0.504304 0.485867 
-0.596107 -0.178348 0.365544 
0.400795 -0.504304 0.485867 
-0.5969 -0.17413 0.361926 
0.400795 -0.504304 0.485867 
-0.598016 -0.169851 0.357766 
0.400795 -0.504304 0.485867 
-0.599706 -0.16772 0.35553 
0.400795 -0.504304 0.485867 
-0.601499 -0.166 0.354351 
0.400795 -0.504304 0.485867 
-0.602797 -0.165023 0.353508 
0.400795 -0.504304 0.485867 
-0.603725 -0.164736 0.353099 
0.400795 -0.504304 0.485867 
-0.6044 -0.165137 0.352793 
0.400795 -0.504304 0.485867 
-0.60434 -0.166081 0.353358 
0.400795 -0.504304 0.485867 
-0.603917 -0.16844 0.354047 
0.400795 -0.504304 0.485867 
-0.60305 -0.171195 0.355268 
0.400795 -0.504304 0.485867 
-0.601879 -0.174731 0.35658 
0.400795 -0.504304 0.485867 
-0.600681 -0.178401 0.357686 
0.400795 -0.504304 0.485867 
-0.599146 -0.182776 0.359225 
0.400795 -0.504304 0.485867 
-0.599145 -0.190663 0.357916 
0.400795 -0.504304 0.485867 
-0.599592 -0.19008 0.357646 
0.400795 -0.504304 0.485867 
-0.59824 -0.195498 0.3584 
0.400795 -0.504304 0.485867 
-0.597072 -0.200498 0.35885 
0.400795 -0.504304 0.485867 
-0.596175 -0.205435 0.359269 
0.400795 -0.504304 0.485867 
-0.595477 -0.210138 0.359108 
0.400795 -0.504304 0.485867 
