-0.637914 -0.242355 0.373728 
0.380963 -0.482109 0.44001 
-0.631069 -0.240445 0.378275 
0.380963 -0.482109 0.44001 
-0.635265 -0.24249 0.376678 
0.381654 -0.486241 0.443272 
-0.636856 -0.243783 0.376101 
0.381266 -0.486956 0.444502 
-0.637891 -0.244554 0.375299 
0.381124 -0.487125 0.445089 
-0.637695 -0.244444 0.375118 
0.381341 -0.487653 0.44592 
-0.635845 -0.243399 0.375378 
0.381653 -0.488841 0.445213 
-0.632663 -0.242418 0.376409 
0.38198 -0.490224 0.444921 
-0.628496 -0.240997 0.377568 
0.382468 -0.491355 0.444119 
-0.625405 -0.239594 0.378664 
0.383015 -0.492542 0.443407 
-0.622601 -0.238464 0.379711 
0.382943 -0.492999 0.441635 
-0.620564 -0.237685 0.380394 
0.383303 -0.494185 0.442424 
-0.618992 -0.236854 0.380753 
0.383265 -0.494755 0.442221 
