-0.610142 -0.226355 0.447469 
0.400795 -0.504304 0.485867 
-0.610142 -0.226355 0.447469 
0.400795 -0.504304 0.485867 
-0.609609 -0.230221 0.448415 
0.400795 -0.504304 0.485867 
-0.609833 -0.232194 0.448737 
0.400795 -0.504304 0.485867 
-0.609886 -0.232543 0.448742 
0.400795 -0.504304 0.485867 
-0.609889 -0.232678 0.448756 
0.400795 -0.504304 0.485867 
-0.609802 -0.232802 0.448718 
0.400795 -0.504304 0.485867 
-0.609835 -0.232683 0.448642 
0.400795 -0.504304 0.485867 
-0.609836 -0.23266 0.44869 
0.400795 -0.504304 0.485867 
-0.609831 -0.232728 0.448661 
0.400795 -0.504304 0.485867 
-0.609852 -0.232724 0.448689 
0.400795 -0.504304 0.485867 
-0.609897 -0.232718 0.44871 
0.400795 -0.504304 0.485867 
-0.61012 -0.232781 0.448669 
0.400795 -0.504304 0.485867 
-0.610476 -0.232725 0.448705 
0.400795 -0.504304 0.485867 
-0.610956 -0.232752 0.448674 
0.400795 -0.504304 0.485867 
-0.611497 -0.232785 0.448701 
0.400795 -0.504304 0.485867 
-0.612133 -0.232743 0.448512 
0.400795 -0.504304 0.485867 
-0.612819 -0.232713 0.448507 
0.400795 -0.504304 0.485867 
-0.613524 -0.232603 0.448293 
0.400795 -0.504304 0.485867 
-0.614225 -0.232773 0.448221 
0.400795 -0.504304 0.485867 
-0.615004 -0.232756 0.448149 
0.400795 -0.504304 0.485867 
-0.615766 -0.23268 0.448107 
0.400795 -0.504304 0.485867 
-0.616623 -0.232675 0.447998 
0.400795 -0.504304 0.485867 
-0.617485 -0.232751 0.447784 
0.400795 -0.504304 0.485867 
-0.618389 -0.232819 0.447709 
0.400795 -0.504304 0.485867 
-0.619239 -0.23275 0.447576 
0.400795 -0.504304 0.485867 
-0.620047 -0.232708 0.44733 
0.400795 -0.504304 0.485867 
-0.620881 -0.23278 0.447418 
0.400795 -0.504304 0.485867 
-0.622053 -0.232678 0.447467 
0.400795 -0.504304 0.485867 
-0.623379 -0.232711 0.447194 
0.400795 -0.504304 0.485867 
-0.6249 -0.232581 0.447146 
0.400795 -0.504304 0.485867 
-0.626416 -0.232629 0.446935 
0.400795 -0.504304 0.485867 
-0.628075 -0.232586 0.446751 
0.400795 -0.504304 0.485867 
-0.629732 -0.232546 0.446683 
0.400795 -0.504304 0.485867 
-0.631461 -0.232643 0.446423 
0.400795 -0.504304 0.485867 
-0.633264 -0.232528 0.446474 
0.400795 -0.504304 0.485867 
-0.635281 -0.232606 0.446371 
0.400795 -0.504304 0.485867 
-0.637238 -0.23257 0.446134 
0.400795 -0.504304 0.485867 
-0.639233 -0.232398 0.445958 
0.400795 -0.504304 0.485867 
-0.641163 -0.232351 0.445948 
0.400795 -0.504304 0.485867 
-0.642973 -0.232403 0.445822 
0.400795 -0.504304 0.485867 
-0.64473 -0.232384 0.445872 
0.400795 -0.504304 0.485867 
-0.646427 -0.232366 0.445592 
0.400795 -0.504304 0.485867 
-0.648145 -0.232305 0.445562 
0.400795 -0.504304 0.485867 
-0.649891 -0.232163 0.445522 
0.400795 -0.504304 0.485867 
-0.651096 -0.232226 0.445483 
0.400795 -0.504304 0.485867 
-0.65245 -0.232143 0.445375 
0.400795 -0.504304 0.485867 
-0.653637 -0.232165 0.445388 
0.400795 -0.504304 0.485867 
-0.654994 -0.231877 0.445472 
0.400795 -0.504304 0.485867 
