-0.637139 -0.241129 0.372401 
0.38201 -0.484084 0.439439 
-0.637139 -0.241129 0.372401 
0.381231 -0.48783 0.439913 
-0.636573 -0.242415 0.373722 
0.382129 -0.489262 0.441855 
-0.637034 -0.243027 0.374005 
0.382257 -0.489614 0.443138 
-0.63728 -0.243677 0.373814 
0.382268 -0.48967 0.443468 
-0.637019 -0.243517 0.373268 
0.382281 -0.49005 0.442909 
-0.63498 -0.242558 0.374015 
0.382623 -0.491324 0.442486 
-0.631627 -0.24135 0.375069 
0.382827 -0.49238 0.442021 
-0.627299 -0.239823 0.37655 
0.383311 -0.493387 0.441633 
-0.624169 -0.238466 0.377338 
0.384017 -0.494678 0.442624 
-0.621739 -0.237488 0.378189 
0.384478 -0.495437 0.443765 
-0.619549 -0.236686 0.379041 
0.384634 -0.496104 0.443797 
-0.617794 -0.235839 0.37956 
0.384527 -0.496634 0.443003 
-0.61671 -0.235318 0.3798 
0.384477 -0.497266 0.442639 
-0.614842 -0.234843 0.380241 
0.384338 -0.498175 0.442323 
-0.611724 -0.233494 0.381278 
0.384331 -0.49913 0.442653 
-0.609097 -0.232304 0.381675 
0.384303 -0.499437 0.441972 
-0.606538 -0.23113 0.382501 
0.384168 -0.5 0.44001 
-0.604414 -0.230289 0.383005 
0.384185 -0.501334 0.439581 
