-0.614254 -0.223946 0.414226 
0.400795 -0.504304 0.485867 
-0.614254 -0.223946 0.414226 
0.400795 -0.504304 0.485867 
-0.613485 -0.224287 0.412968 
0.400795 -0.504304 0.485867 
-0.613509 -0.225489 0.412586 
0.400795 -0.504304 0.485867 
-0.612436 -0.227411 0.41264 
0.400795 -0.504304 0.485867 
-0.609908 -0.228081 0.412634 
0.400795 -0.504304 0.485867 
-0.607611 -0.228401 0.413317 
0.400795 -0.504304 0.485867 
-0.605996 -0.228951 0.413483 
0.400795 -0.504304 0.485867 
-0.604773 -0.229178 0.413968 
0.400795 -0.504304 0.485867 
-0.603973 -0.229184 0.413987 
0.400795 -0.504304 0.485867 
-0.603507 -0.229295 0.413677 
0.400795 -0.504304 0.485867 
-0.603056 -0.229065 0.4137 
0.400795 -0.504304 0.485867 
-0.602582 -0.229293 0.413383 
0.400795 -0.504304 0.485867 
-0.602367 -0.229466 0.413605 
0.400795 -0.504304 0.485867 
-0.601695 -0.229539 0.41389 
0.400795 -0.504304 0.485867 
-0.600174 -0.22985 0.414113 
0.400795 -0.504304 0.485867 
-0.598987 -0.230127 0.414448 
0.400795 -0.504304 0.485867 
-0.598378 -0.22986 0.414266 
0.400795 -0.504304 0.485867 
-0.598272 -0.229601 0.414453 
0.400795 -0.504304 0.485867 
-0.59839 -0.229413 0.414209 
0.400795 -0.504304 0.485867 
-0.598231 -0.229778 0.414407 
0.400795 -0.504304 0.485867 
-0.598276 -0.229845 0.413719 
0.400795 -0.504304 0.485867 
-0.598375 -0.229738 0.413664 
0.400795 -0.504304 0.485867 
-0.598296 -0.229966 0.413673 
0.400795 -0.504304 0.485867 
-0.598386 -0.22969 0.413544 
0.400795 -0.504304 0.485867 
-0.598373 -0.229759 0.413835 
0.400795 -0.504304 0.485867 
-0.598283 -0.229695 0.413675 
0.400795 -0.504304 0.485867 
-0.598281 -0.229841 0.414106 
0.400795 -0.504304 0.485867 
-0.598455 -0.22995 0.41421 
0.400795 -0.504304 0.485867 
-0.598402 -0.23001 0.414361 
0.400795 -0.504304 0.485867 
-0.598414 -0.229884 0.41429 
0.400795 -0.504304 0.485867 
-0.598396 -0.229993 0.414447 
0.400795 -0.504304 0.485867 
-0.59846 -0.230062 0.414139 
0.400795 -0.504304 0.485867 
-0.598449 -0.229939 0.414447 
0.400795 -0.504304 0.485867 
-0.598523 -0.229942 0.41408 
0.400795 -0.504304 0.485867 
-0.598382 -0.230117 0.414292 
0.400795 -0.504304 0.485867 
-0.598506 -0.229982 0.414047 
0.400795 -0.504304 0.485867 
-0.598445 -0.229978 0.414171 
0.400795 -0.504304 0.485867 
-0.598499 -0.229868 0.414079 
0.400795 -0.504304 0.485867 
-0.598447 -0.229993 0.414349 
0.400795 -0.504304 0.485867 
-0.598444 -0.229945 0.41437 
0.400795 -0.504304 0.485867 
-0.4054 -0.23257 0.48858 
0.400795 -0.504304 0.485867 
-0.602433 -0.233468 0.425725 
0.400795 -0.504304 0.485867 
-0.602433 -0.233468 0.425725 
0.400795 -0.504304 0.485867 
-0.602227 -0.233074 0.425319 
0.400795 -0.504304 0.485867 
-0.602387 -0.233187 0.425624 
0.400795 -0.504304 0.485867 
-0.602316 -0.233238 0.425732 
0.400795 -0.504304 0.485867 
-0.602171 -0.233478 0.42569 
0.400795 -0.504304 0.485867 
-0.602336 -0.233224 0.425598 
0.400795 -0.504304 0.485867 
-0.602436 -0.2333 0.425343 
0.400795 -0.504304 0.485867 
-0.602307 -0.233321 0.425628 
0.400795 -0.504304 0.485867 
-0.602275 -0.233482 0.425501 
0.400795 -0.504304 0.485867 
-0.60237 -0.233257 0.425507 
0.400795 -0.504304 0.485867 
-0.602363 -0.23355 0.425737 
0.400795 -0.504304 0.485867 
-0.602423 -0.233301 0.425483 
0.400795 -0.504304 0.485867 
-0.60251 -0.233236 0.425717 
0.400795 -0.504304 0.485867 
-0.602531 -0.23358 0.4258 
0.400795 -0.504304 0.485867 
-0.602514 -0.233273 0.42576 
0.400795 -0.504304 0.485867 
-0.602529 -0.233351 0.425577 
0.400795 -0.504304 0.485867 
-0.602515 -0.233443 0.425943 
0.400795 -0.504304 0.485867 
-0.602623 -0.233206 0.425843 
0.400795 -0.504304 0.485867 
-0.60172 -0.23206 0.42472 
0.400795 -0.504304 0.485867 
-0.599831 -0.229302 0.42268 
0.400795 -0.504304 0.485867 
-0.598342 -0.226527 0.420515 
0.400795 -0.504304 0.485867 
-0.596716 -0.223143 0.417811 
0.400795 -0.504304 0.485867 
-0.595377 -0.219868 0.415131 
0.400795 -0.504304 0.485867 
-0.594239 -0.215812 0.411974 
0.400795 -0.504304 0.485867 
-0.593344 -0.211559 0.408625 
0.400795 -0.504304 0.485867 
-0.592653 -0.207106 0.404978 
0.400795 -0.504304 0.485867 
-0.59214 -0.202135 0.400818 
0.400795 -0.504304 0.485867 
-0.59202 -0.197308 0.396805 
0.400795 -0.504304 0.485867 
-0.591937 -0.192874 0.392978 
0.400795 -0.504304 0.485867 
-0.592171 -0.188191 0.389164 
0.400795 -0.504304 0.485867 
-0.592307 -0.183871 0.385211 
0.400795 -0.504304 0.485867 
-0.593656 -0.181054 0.38244 
0.400795 -0.504304 0.485867 
-0.595094 -0.17953 0.38114 
0.400795 -0.504304 0.485867 
-0.596303 -0.178372 0.38011 
0.400795 -0.504304 0.485867 
-0.597107 -0.178418 0.379272 
0.400795 -0.504304 0.485867 
-0.597785 -0.178555 0.379011 
0.400795 -0.504304 0.485867 
-0.597868 -0.179927 0.37927 
0.400795 -0.504304 0.485867 
-0.597576 -0.182023 0.380211 
0.400795 -0.504304 0.485867 
-0.596954 -0.184985 0.381677 
0.400795 -0.504304 0.485867 
-0.596215 -0.188301 0.382787 
0.400795 -0.504304 0.485867 
-0.595251 -0.192213 0.384039 
0.400795 -0.504304 0.485867 
-0.594057 -0.197089 0.385543 
0.400795 -0.504304 0.485867 
-0.592613 -0.200608 0.375238 
0.400795 -0.504304 0.485867 
-0.592764 -0.200385 0.375074 
0.400795 -0.504304 0.485867 
-0.591449 -0.205648 0.375974 
0.400795 -0.504304 0.485867 
-0.5903 -0.210866 0.376677 
0.400795 -0.504304 0.485867 
-0.589482 -0.21558 0.377106 
0.400795 -0.504304 0.485867 
-0.58872 -0.220222 0.377269 
0.400795 -0.504304 0.485867 
-0.588194 -0.225006 0.377427 
0.400795 -0.504304 0.485867 
-0.587815 -0.229135 0.37732 
0.400795 -0.504304 0.485867 
-0.588932 -0.232666 0.376952 
0.400795 -0.504304 0.485867 
-0.588758 -0.235755 0.376583 
0.400795 -0.504304 0.485867 
-0.588806 -0.23767 0.375651 
0.400795 -0.504304 0.485867 
-0.588673 -0.240226 0.374803 
0.400795 -0.504304 0.485867 
-0.588903 -0.242332 0.374012 
0.400795 -0.504304 0.485867 
-0.588887 -0.243873 0.373518 
0.400795 -0.504304 0.485867 
-0.588921 -0.24582 0.373408 
0.400795 -0.504304 0.485867 
-0.589001 -0.247398 0.373628 
0.400795 -0.504304 0.485867 
-0.589394 -0.248787 0.37304 
0.400795 -0.504304 0.485867 
-0.589981 -0.250451 0.37176 
0.400795 -0.504304 0.485867 
-0.590501 -0.25302 0.370849 
0.400795 -0.504304 0.485867 
-0.590696 -0.254387 0.370443 
0.400795 -0.504304 0.485867 
-0.59109 -0.256003 0.369316 
0.400795 -0.504304 0.485867 
-0.58961 -0.25738 0.369346 
0.400795 -0.504304 0.485867 
-0.589555 -0.259586 0.369031 
0.400795 -0.504304 0.485867 
-0.589755 -0.260777 0.368493 
0.400795 -0.504304 0.485867 
-0.589816 -0.262078 0.368023 
0.400795 -0.504304 0.485867 
-0.589674 -0.262964 0.367806 
0.400795 -0.504304 0.485867 
