-0.597268 -0.255126 0.407261 
0.401765 -0.485478 0.475344 
-0.597268 -0.255126 0.407261 
0.396013 -0.484381 0.480505 
-0.597268 -0.255126 0.407261 
0.401825 -0.483976 0.480902 
-0.597268 -0.255126 0.407261 
0.403364 -0.483524 0.480603 
-0.597268 -0.255126 0.407261 
0.404258 -0.486009 0.480448 
-0.597268 -0.255126 0.407261 
0.40585 -0.486986 0.481422 
-0.597268 -0.255126 0.407261 
0.405686 -0.4886 0.47995 
-0.597268 -0.255126 0.407261 
0.405212 -0.489773 0.477845 
-0.597268 -0.255126 0.407261 
0.405113 -0.490654 0.477888 
-0.597268 -0.255126 0.407261 
0.40505 -0.491664 0.478027 
-0.597268 -0.255126 0.407261 
0.404823 -0.492035 0.477281 
-0.597268 -0.255126 0.407261 
0.405139 -0.493366 0.477849 
-0.597268 -0.255126 0.407261 
0.404738 -0.49385 0.47706 
-0.597268 -0.255126 0.407261 
0.404545 -0.494549 0.476466 
-0.597268 -0.255126 0.407261 
0.404829 -0.494932 0.477986 
-0.597268 -0.255126 0.407261 
0.40503 -0.496768 0.478038 
-0.597268 -0.255126 0.407261 
0.405031 -0.498432 0.477627 
-0.597268 -0.255126 0.407261 
0.40459 -0.498607 0.477263 
-0.597268 -0.255126 0.407261 
0.404021 -0.499039 0.477056 
-0.597268 -0.255126 0.407261 
0.403798 -0.500636 0.477032 
-0.597268 -0.255126 0.407261 
0.404036 -0.501522 0.478352 
-0.597268 -0.255126 0.407261 
0.403842 -0.502046 0.47826 
-0.597268 -0.255126 0.407261 
0.404291 -0.502537 0.478886 
-0.597268 -0.255126 0.407261 
0.405078 -0.502318 0.47957 
-0.597268 -0.255126 0.407261 
0.406511 -0.501484 0.480585 
-0.597268 -0.255126 0.407261 
0.407872 -0.499976 0.480039 
-0.597268 -0.255126 0.407261 
0.410545 -0.498902 0.480712 
-0.597268 -0.255126 0.407261 
0.41356 -0.497802 0.481629 
-0.597268 -0.255126 0.407261 
0.416807 -0.49571 0.48307 
-0.597268 -0.255126 0.407261 
0.420237 -0.494636 0.484926 
-0.597268 -0.255126 0.407261 
0.423909 -0.494048 0.486649 
-0.597268 -0.255126 0.407261 
0.426649 -0.492789 0.486686 
-0.597268 -0.255126 0.407261 
0.430626 -0.491025 0.488356 
-0.597268 -0.255126 0.407261 
0.433289 -0.489174 0.488858 
-0.597268 -0.255126 0.407261 
0.435973 -0.488407 0.487849 
-0.597268 -0.255126 0.407261 
0.438851 -0.486866 0.488995 
-0.597268 -0.255126 0.407261 
0.441297 -0.486674 0.489446 
-0.597268 -0.255126 0.407261 
0.442674 -0.487098 0.489305 
-0.597268 -0.255126 0.407261 
0.443528 -0.485375 0.490969 
-0.597268 -0.255126 0.407261 
0.443759 -0.48634 0.489914 
-0.597268 -0.255126 0.407261 
0.443179 -0.486123 0.488708 
-0.597268 -0.255126 0.407261 
0.443614 -0.486827 0.491038 
-0.597268 -0.255126 0.407261 
0.443247 -0.487301 0.489706 
-0.597268 -0.255126 0.407261 
0.443933 -0.48776 0.490676 
-0.597268 -0.255126 0.407261 
0.443817 -0.487325 0.4905 
-0.597268 -0.255126 0.407261 
0.443166 -0.487623 0.488783 
-0.597268 -0.255126 0.407261 
0.443333 -0.487276 0.489606 
-0.597268 -0.255126 0.407261 
0.443041 -0.486304 0.489399 
-0.597268 -0.255126 0.407261 
0.443638 -0.487068 0.490067 
-0.597268 -0.255126 0.407261 
0.443616 -0.487243 0.490048 
-0.597268 -0.255126 0.407261 
0.443532 -0.487197 0.489982 
-0.597268 -0.255126 0.407261 
0.443458 -0.486608 0.490045 
-0.597268 -0.255126 0.407261 
0.441156 -0.488932 0.49864 
-0.597268 -0.255126 0.407261 
0.439789 -0.481725 0.498164 
-0.597268 -0.255126 0.407261 
0.439772 -0.481809 0.499835 
-0.597268 -0.255126 0.407261 
0.438743 -0.481692 0.500247 
-0.597268 -0.255126 0.407261 
0.437805 -0.482055 0.501252 
-0.597268 -0.255126 0.407261 
0.436605 -0.482743 0.501686 
-0.597268 -0.255126 0.407261 
0.435891 -0.48364 0.503599 
-0.597268 -0.255126 0.407261 
0.434566 -0.484924 0.503589 
-0.597268 -0.255126 0.407261 
0.433493 -0.486513 0.504027 
-0.597268 -0.255126 0.407261 
0.432402 -0.487664 0.504834 
-0.597268 -0.255126 0.407261 
0.430748 -0.48827 0.505223 
-0.597268 -0.255126 0.407261 
0.42915 -0.48938 0.505565 
-0.597268 -0.255126 0.407261 
0.428307 -0.491103 0.506782 
-0.597268 -0.255126 0.407261 
0.426993 -0.49211 0.507527 
-0.597268 -0.255126 0.407261 
0.425925 -0.493303 0.508492 
-0.597268 -0.255126 0.407261 
0.42427 -0.493412 0.507307 
-0.597268 -0.255126 0.407261 
0.422889 -0.493728 0.5066 
-0.597268 -0.255126 0.407261 
0.422189 -0.493452 0.50664 
-0.597268 -0.255126 0.407261 
0.420284 -0.494953 0.516804 
-0.597268 -0.255126 0.407261 
0.42005 -0.495777 0.516359 
-0.597268 -0.255126 0.407261 
0.418743 -0.495375 0.515008 
-0.597268 -0.255126 0.407261 
0.418558 -0.494553 0.515512 
-0.597268 -0.255126 0.407261 
0.41815 -0.494681 0.515612 
-0.597268 -0.255126 0.407261 
0.417126 -0.494378 0.514605 
-0.597268 -0.255126 0.407261 
0.416341 -0.494935 0.513431 
-0.597268 -0.255126 0.407261 
0.415349 -0.494146 0.512763 
-0.597268 -0.255126 0.407261 
0.415736 -0.49469 0.513379 
-0.597268 -0.255126 0.407261 
0.415441 -0.49451 0.513418 
-0.597268 -0.255126 0.407261 
0.414634 -0.494037 0.512581 
-0.597268 -0.255126 0.407261 
0.414885 -0.49446 0.512915 
-0.597268 -0.255126 0.407261 
0.41403 -0.494418 0.511418 
-0.597268 -0.255126 0.407261 
0.413636 -0.494362 0.510794 
-0.597268 -0.255126 0.407261 
0.413605 -0.49423 0.510653 
