-0.612363 -0.212759 0.393441 
0.400795 -0.504304 0.485867 
-0.612364 -0.21276 0.393441 
0.400795 -0.504304 0.485867 
-0.611863 -0.212732 0.392583 
0.400795 -0.504304 0.485867 
-0.611773 -0.213339 0.392312 
0.400795 -0.504304 0.485867 
-0.61174 -0.213271 0.392439 
0.400795 -0.504304 0.485867 
-0.611424 -0.213161 0.392658 
0.400795 -0.504304 0.485867 
-0.611012 -0.214457 0.39289 
0.400795 -0.504304 0.485867 
-0.6105 -0.215859 0.392877 
0.400795 -0.504304 0.485867 
-0.609906 -0.216721 0.392586 
0.400795 -0.504304 0.485867 
-0.608721 -0.217123 0.39216 
0.400795 -0.504304 0.485867 
-0.607388 -0.217387 0.39218 
0.400795 -0.504304 0.485867 
-0.606016 -0.21761 0.392405 
0.400795 -0.504304 0.485867 
-0.605048 -0.217602 0.392552 
0.400795 -0.504304 0.485867 
-0.60423 -0.217522 0.392384 
0.400795 -0.504304 0.485867 
-0.603599 -0.217544 0.392214 
0.400795 -0.504304 0.485867 
-0.603067 -0.217728 0.392067 
0.400795 -0.504304 0.485867 
-0.602609 -0.217826 0.392126 
0.400795 -0.504304 0.485867 
-0.602311 -0.21778 0.392135 
0.400795 -0.504304 0.485867 
-0.601919 -0.218028 0.392229 
0.400795 -0.504304 0.485867 
-0.601445 -0.218197 0.392281 
0.400795 -0.504304 0.485867 
-0.601209 -0.217916 0.392036 
0.400795 -0.504304 0.485867 
-0.60096 -0.218012 0.392168 
0.400795 -0.504304 0.485867 
-0.600798 -0.218247 0.392141 
0.400795 -0.504304 0.485867 
-0.600535 -0.218143 0.391925 
0.400795 -0.504304 0.485867 
-0.600262 -0.218377 0.392036 
0.400795 -0.504304 0.485867 
-0.60015 -0.218375 0.392126 
0.400795 -0.504304 0.485867 
-0.599839 -0.218446 0.391997 
0.400795 -0.504304 0.485867 
-0.599602 -0.218253 0.391735 
0.400795 -0.504304 0.485867 
-0.599016 -0.218654 0.392057 
0.400795 -0.504304 0.485867 
-0.598327 -0.21906 0.392109 
0.400795 -0.504304 0.485867 
-0.597633 -0.219009 0.391963 
0.400795 -0.504304 0.485867 
-0.597215 -0.218908 0.391562 
0.400795 -0.504304 0.485867 
-0.596825 -0.218712 0.391871 
0.400795 -0.504304 0.485867 
-0.596479 -0.218594 0.391996 
0.400795 -0.504304 0.485867 
-0.596011 -0.218705 0.392228 
0.400795 -0.504304 0.485867 
-0.595917 -0.218928 0.392228 
0.400795 -0.504304 0.485867 
-0.595912 -0.218882 0.392029 
0.400795 -0.504304 0.485867 
-0.595855 -0.218823 0.391846 
0.400795 -0.504304 0.485867 
-0.595946 -0.218805 0.391513 
0.400795 -0.504304 0.485867 
-0.595993 -0.218738 0.391504 
0.400795 -0.504304 0.485867 
-0.595917 -0.218696 0.391422 
0.400795 -0.504304 0.485867 
-0.595873 -0.21874 0.391389 
0.400795 -0.504304 0.485867 
-0.595952 -0.218741 0.390998 
0.400795 -0.504304 0.485867 
-0.595975 -0.218825 0.391175 
0.400795 -0.504304 0.485867 
-0.596054 -0.218764 0.391141 
0.400795 -0.504304 0.485867 
-0.595997 -0.218718 0.391132 
0.400795 -0.504304 0.485867 
-0.596003 -0.218746 0.391231 
0.400795 -0.504304 0.485867 
-0.595955 -0.218643 0.391494 
0.400795 -0.504304 0.485867 
-0.596001 -0.218794 0.391387 
0.400795 -0.504304 0.485867 
-0.595944 -0.218812 0.391189 
0.400795 -0.504304 0.485867 
-0.595852 -0.218789 0.391444 
0.400795 -0.504304 0.485867 
-0.59594 -0.218592 0.39155 
0.400795 -0.504304 0.485867 
-0.595902 -0.218717 0.391584 
0.400795 -0.504304 0.485867 
-0.595957 -0.218571 0.391363 
0.400795 -0.504304 0.485867 
-0.595843 -0.218877 0.391502 
0.400795 -0.504304 0.485867 
-0.595964 -0.218985 0.391313 
0.400795 -0.504304 0.485867 
-0.596046 -0.218744 0.391437 
0.400795 -0.504304 0.485867 
-0.595999 -0.218852 0.391655 
0.400795 -0.504304 0.485867 
-0.596011 -0.218831 0.3916 
0.400795 -0.504304 0.485867 
-0.595994 -0.218985 0.391818 
0.400795 -0.504304 0.485867 
-0.596028 -0.218872 0.391488 
0.400795 -0.504304 0.485867 
-0.595903 -0.219106 0.391834 
0.400795 -0.504304 0.485867 
-0.596052 -0.219079 0.391748 
0.400795 -0.504304 0.485867 
-0.595899 -0.218994 0.392078 
0.400795 -0.504304 0.485867 
-0.595954 -0.218881 0.39209 
0.400795 -0.504304 0.485867 
-0.59601 -0.21907 0.391933 
0.400795 -0.504304 0.485867 
-0.596005 -0.219149 0.391821 
0.400795 -0.504304 0.485867 
-0.596054 -0.219148 0.391781 
0.400795 -0.504304 0.485867 
-0.596064 -0.218899 0.391721 
0.400795 -0.504304 0.485867 
-0.596058 -0.219 0.391745 
0.400795 -0.504304 0.485867 
-0.596054 -0.218945 0.39175 
0.400795 -0.504304 0.485867 
-0.595956 -0.219134 0.391768 
0.400795 -0.504304 0.485867 
-0.595992 -0.219089 0.392117 
0.400795 -0.504304 0.485867 
-0.596081 -0.219016 0.391562 
0.400795 -0.504304 0.485867 
-0.596032 -0.21887 0.391699 
0.400795 -0.504304 0.485867 
-0.596045 -0.218866 0.391827 
0.400795 -0.504304 0.485867 
-0.595966 -0.219085 0.391952 
0.400795 -0.504304 0.485867 
-0.59603 -0.218928 0.391716 
0.400795 -0.504304 0.485867 
-0.595974 -0.218945 0.39207 
0.400795 -0.504304 0.485867 
-0.596054 -0.218993 0.391984 
0.400795 -0.504304 0.485867 
-0.596012 -0.218987 0.392082 
0.400795 -0.504304 0.485867 
-0.595916 -0.218934 0.391788 
0.400795 -0.504304 0.485867 
-0.595975 -0.218954 0.391886 
0.400795 -0.504304 0.485867 
-0.595927 -0.219003 0.391552 
0.400795 -0.504304 0.485867 
-0.595868 -0.218781 0.391538 
0.400795 -0.504304 0.485867 
-0.595982 -0.21893 0.39162 
0.400795 -0.504304 0.485867 
-0.595982 -0.218969 0.391491 
0.400795 -0.504304 0.485867 
-0.595908 -0.218802 0.391782 
0.400795 -0.504304 0.485867 
-0.596002 -0.21865 0.391659 
0.400795 -0.504304 0.485867 
-0.595861 -0.21883 0.391756 
0.400795 -0.504304 0.485867 
-0.595951 -0.218798 0.391714 
0.400795 -0.504304 0.485867 
-0.595902 -0.218874 0.391595 
0.400795 -0.504304 0.485867 
-0.595896 -0.218753 0.391528 
0.400795 -0.504304 0.485867 
-0.595998 -0.218642 0.391552 
0.400795 -0.504304 0.485867 
-0.595945 -0.218813 0.391425 
0.400795 -0.504304 0.485867 
-0.595913 -0.218782 0.391625 
0.400795 -0.504304 0.485867 
-0.595956 -0.218692 0.39149 
0.400795 -0.504304 0.485867 
-0.595927 -0.218854 0.391584 
0.400795 -0.504304 0.485867 
-0.596004 -0.218727 0.391543 
0.400795 -0.504304 0.485867 
-0.595944 -0.218937 0.391585 
0.400795 -0.504304 0.485867 
-0.595953 -0.218872 0.391597 
0.400795 -0.504304 0.485867 
-0.595916 -0.219002 0.391755 
0.400795 -0.504304 0.485867 
-0.595958 -0.218814 0.39169 
0.400795 -0.504304 0.485867 
-0.595964 -0.218868 0.391888 
0.400795 -0.504304 0.485867 
-0.595917 -0.219035 0.391808 
0.400795 -0.504304 0.485867 
-0.595981 -0.218779 0.391827 
0.400795 -0.504304 0.485867 
-0.596029 -0.218964 0.391757 
0.400795 -0.504304 0.485867 
-0.596054 -0.218847 0.391638 
0.400795 -0.504304 0.485867 
-0.595955 -0.218961 0.391833 
0.400795 -0.504304 0.485867 
-0.595967 -0.219152 0.391996 
0.400795 -0.504304 0.485867 
-0.596099 -0.21887 0.391722 
0.400795 -0.504304 0.485867 
-0.596091 -0.218559 0.391552 
0.400795 -0.504304 0.485867 
-0.595965 -0.21898 0.391993 
0.400795 -0.504304 0.485867 
-0.595957 -0.219116 0.392056 
0.400795 -0.504304 0.485867 
-0.595988 -0.21889 0.392049 
0.400795 -0.504304 0.485867 
-0.596035 -0.219215 0.391868 
0.400795 -0.504304 0.485867 
-0.595992 -0.219154 0.391745 
0.400795 -0.504304 0.485867 
-0.595981 -0.218977 0.391792 
0.400795 -0.504304 0.485867 
-0.595339 -0.217737 0.39064 
0.400795 -0.504304 0.485867 
-0.594712 -0.21647 0.389596 
0.400795 -0.504304 0.485867 
-0.594187 -0.215213 0.388165 
0.400795 -0.504304 0.485867 
-0.593617 -0.21393 0.386776 
0.400795 -0.504304 0.485867 
-0.593129 -0.21246 0.385526 
0.400795 -0.504304 0.485867 
-0.592636 -0.210738 0.384052 
0.400795 -0.504304 0.485867 
-0.592037 -0.209224 0.382936 
0.400795 -0.504304 0.485867 
-0.591836 -0.207708 0.38119 
0.400795 -0.504304 0.485867 
-0.591602 -0.205844 0.379744 
0.400795 -0.504304 0.485867 
-0.591416 -0.203843 0.377973 
0.400795 -0.504304 0.485867 
-0.591223 -0.201862 0.37624 
0.400795 -0.504304 0.485867 
-0.59116 -0.199701 0.374448 
0.400795 -0.504304 0.485867 
-0.591173 -0.197763 0.372516 
0.400795 -0.504304 0.485867 
-0.591078 -0.195647 0.370796 
0.400795 -0.504304 0.485867 
-0.591504 -0.192868 0.36848 
0.400795 -0.504304 0.485867 
-0.59172 -0.190863 0.36656 
0.400795 -0.504304 0.485867 
-0.592036 -0.18809 0.364546 
0.400795 -0.504304 0.485867 
-0.592335 -0.186062 0.36268 
0.400795 -0.504304 0.485867 
-0.592654 -0.18388 0.360965 
0.400795 -0.504304 0.485867 
-0.59313 -0.181247 0.358887 
0.400795 -0.504304 0.485867 
-0.593627 -0.179061 0.357005 
0.400795 -0.504304 0.485867 
-0.594193 -0.176825 0.355019 
0.400795 -0.504304 0.485867 
-0.594829 -0.174645 0.353043 
0.400795 -0.504304 0.485867 
-0.595344 -0.172649 0.351021 
0.400795 -0.504304 0.485867 
-0.595927 -0.170413 0.349196 
0.400795 -0.504304 0.485867 
-0.59649 -0.169103 0.348052 
0.400795 -0.504304 0.485867 
-0.597925 -0.167732 0.346948 
0.400795 -0.504304 0.485867 
-0.598791 -0.167171 0.346312 
0.400795 -0.504304 0.485867 
-0.599811 -0.166305 0.345662 
0.400795 -0.504304 0.485867 
-0.600493 -0.165524 0.345298 
0.400795 -0.504304 0.485867 
-0.601255 -0.165347 0.344798 
0.400795 -0.504304 0.485867 
-0.602084 -0.164742 0.3445 
0.400795 -0.504304 0.485867 
-0.602669 -0.164871 0.34394 
0.400795 -0.504304 0.485867 
-0.602739 -0.165708 0.343905 
0.400795 -0.504304 0.485867 
-0.602666 -0.165876 0.34433 
0.400795 -0.504304 0.485867 
-0.602673 -0.166769 0.344154 
0.400795 -0.504304 0.485867 
-0.602661 -0.167406 0.344554 
0.400795 -0.504304 0.485867 
-0.602664 -0.167825 0.344981 
0.400795 -0.504304 0.485867 
-0.602397 -0.168677 0.345476 
0.400795 -0.504304 0.485867 
-0.602269 -0.170126 0.345514 
0.400795 -0.504304 0.485867 
-0.601663 -0.171439 0.346352 
0.400795 -0.504304 0.485867 
-0.600855 -0.173279 0.347277 
0.400795 -0.504304 0.485867 
-0.600305 -0.175058 0.347803 
0.400795 -0.504304 0.485867 
-0.599767 -0.176915 0.348198 
0.400795 -0.504304 0.485867 
-0.59883 -0.179326 0.349087 
0.400795 -0.504304 0.485867 
-0.598184 -0.181307 0.349607 
0.400795 -0.504304 0.485867 
-0.597355 -0.183854 0.350279 
0.400795 -0.504304 0.485867 
-0.596686 -0.186201 0.350785 
0.400795 -0.504304 0.485867 
-0.596423 -0.192122 0.353275 
0.400795 -0.504304 0.485867 
