-0.597268 -0.255126 0.407261 
0.383889 -0.484932 0.440835 
-0.597268 -0.255126 0.407261 
0.38088 -0.482877 0.448136 
-0.597268 -0.255126 0.407261 
0.382591 -0.481507 0.446464 
-0.597268 -0.255126 0.407261 
0.382716 -0.481131 0.445925 
-0.597268 -0.255126 0.407261 
0.382588 -0.4804 0.44562 
-0.597268 -0.255126 0.407261 
0.382564 -0.480683 0.445007 
-0.597268 -0.255126 0.407261 
0.382881 -0.481721 0.444941 
-0.597268 -0.255126 0.407261 
0.383191 -0.482757 0.444588 
-0.597268 -0.255126 0.407261 
0.383802 -0.484196 0.444947 
-0.597268 -0.255126 0.407261 
0.3843 -0.48515 0.444574 
-0.597268 -0.255126 0.407261 
0.384582 -0.48563 0.44484 
-0.597268 -0.255126 0.407261 
0.384467 -0.486214 0.443343 
-0.597268 -0.255126 0.407261 
0.384375 -0.486837 0.442294 
-0.597268 -0.255126 0.407261 
0.384343 -0.487376 0.442276 
-0.597268 -0.255126 0.407261 
0.384347 -0.488626 0.442028 
-0.597268 -0.255126 0.407261 
0.384304 -0.489672 0.442276 
-0.597268 -0.255126 0.407261 
0.384234 -0.490424 0.441679 
-0.597268 -0.255126 0.407261 
0.384351 -0.490542 0.442263 
-0.597268 -0.255126 0.407261 
0.384336 -0.491549 0.44167 
-0.597268 -0.255126 0.407261 
0.383871 -0.491763 0.442415 
-0.597268 -0.255126 0.407261 
0.383142 -0.492022 0.440839 
-0.597268 -0.255126 0.407261 
0.382619 -0.492876 0.442074 
-0.597268 -0.255126 0.407261 
0.438091 -0.480154 0.478767 
-0.597268 -0.255126 0.407261 
0.438091 -0.480154 0.478767 
-0.597268 -0.255126 0.407261 
0.437678 -0.480454 0.478753 
-0.597268 -0.255126 0.407261 
0.43785 -0.483173 0.475501 
-0.597268 -0.255126 0.407261 
0.437693 -0.483466 0.474918 
-0.597268 -0.255126 0.407261 
0.437164 -0.483902 0.47388 
-0.597268 -0.255126 0.407261 
0.436482 -0.483589 0.473408 
-0.597268 -0.255126 0.407261 
0.435653 -0.483538 0.474094 
-0.597268 -0.255126 0.407261 
0.434326 -0.48361 0.474386 
-0.597268 -0.255126 0.407261 
0.43188 -0.484328 0.472669 
-0.597268 -0.255126 0.407261 
0.43012 -0.484346 0.472906 
-0.597268 -0.255126 0.407261 
0.428209 -0.484773 0.472926 
-0.597268 -0.255126 0.407261 
0.42621 -0.485123 0.472549 
-0.597268 -0.255126 0.407261 
0.423896 -0.485265 0.471658 
-0.597268 -0.255126 0.407261 
0.422087 -0.485774 0.471848 
-0.597268 -0.255126 0.407261 
0.420146 -0.486537 0.471309 
-0.597268 -0.255126 0.407261 
0.418204 -0.486711 0.471533 
-0.597268 -0.255126 0.407261 
0.416333 -0.487317 0.470794 
-0.597268 -0.255126 0.407261 
0.414434 -0.487571 0.471188 
-0.597268 -0.255126 0.407261 
0.412935 -0.487581 0.47121 
-0.597268 -0.255126 0.407261 
0.411622 -0.488082 0.469694 
-0.597268 -0.255126 0.407261 
0.41159 -0.488716 0.470986 
-0.597268 -0.255126 0.407261 
0.410744 -0.488726 0.468824 
-0.597268 -0.255126 0.407261 
0.411348 -0.48907 0.470454 
-0.597268 -0.255126 0.407261 
0.411713 -0.48962 0.470764 
-0.597268 -0.255126 0.407261 
0.411607 -0.489918 0.470486 
-0.597268 -0.255126 0.407261 
0.411309 -0.490296 0.469951 
-0.597268 -0.255126 0.407261 
0.411426 -0.490272 0.470395 
-0.597268 -0.255126 0.407261 
0.411332 -0.490708 0.46996 
-0.597268 -0.255126 0.407261 
0.41113 -0.491482 0.46947 
-0.597268 -0.255126 0.407261 
0.446634 -0.486547 0.494331 
-0.597268 -0.255126 0.407261 
0.446634 -0.486547 0.494331 
-0.597268 -0.255126 0.407261 
0.446129 -0.486649 0.494281 
-0.597268 -0.255126 0.407261 
0.445741 -0.486697 0.494168 
-0.597268 -0.255126 0.407261 
0.445338 -0.486594 0.494059 
-0.597268 -0.255126 0.407261 
0.445025 -0.486538 0.494062 
-0.597268 -0.255126 0.407261 
0.444541 -0.486472 0.494176 
-0.597268 -0.255126 0.407261 
0.443612 -0.486344 0.494501 
-0.597268 -0.255126 0.407261 
0.442216 -0.486076 0.494872 
