-0.597268 -0.255126 0.407261 
0.386662 -0.491202 0.440041 
-0.597268 -0.255126 0.407261 
0.386661 -0.491202 0.440041 
-0.597268 -0.255126 0.407261 
0.386132 -0.493756 0.443319 
-0.597268 -0.255126 0.407261 
0.386766 -0.493982 0.445901 
-0.597268 -0.255126 0.407261 
0.387547 -0.493571 0.443471 
-0.597268 -0.255126 0.407261 
0.388281 -0.494346 0.442288 
-0.597268 -0.255126 0.407261 
0.389158 -0.494788 0.444176 
-0.597268 -0.255126 0.407261 
0.390101 -0.495863 0.445572 
-0.597268 -0.255126 0.407261 
0.39109 -0.496068 0.44805 
-0.597268 -0.255126 0.407261 
0.391939 -0.494444 0.447391 
-0.597268 -0.255126 0.407261 
0.392724 -0.495497 0.446918 
-0.597268 -0.255126 0.407261 
0.394151 -0.494332 0.447981 
-0.597268 -0.255126 0.407261 
0.395342 -0.494561 0.446653 
-0.597268 -0.255126 0.407261 
0.397285 -0.495361 0.444786 
-0.597268 -0.255126 0.407261 
0.400105 -0.495407 0.44859 
-0.597268 -0.255126 0.407261 
0.402677 -0.495823 0.450044 
-0.597268 -0.255126 0.407261 
0.405268 -0.496169 0.451877 
-0.597268 -0.255126 0.407261 
0.408091 -0.495704 0.453123 
-0.597268 -0.255126 0.407261 
0.410013 -0.496867 0.448493 
-0.597268 -0.255126 0.407261 
0.412724 -0.49668 0.447297 
-0.597268 -0.255126 0.407261 
0.415629 -0.497029 0.448993 
-0.597268 -0.255126 0.407261 
0.418854 -0.497586 0.4523 
-0.597268 -0.255126 0.407261 
0.421437 -0.497771 0.451765 
-0.597268 -0.255126 0.407261 
0.423489 -0.498303 0.447887 
-0.597268 -0.255126 0.407261 
0.426209 -0.49811 0.449352 
-0.597268 -0.255126 0.407261 
0.42855 -0.497922 0.44809 
-0.597268 -0.255126 0.407261 
0.431138 -0.498805 0.449404 
-0.597268 -0.255126 0.407261 
0.433076 -0.498892 0.445942 
-0.597268 -0.255126 0.407261 
0.435475 -0.499077 0.447383 
-0.597268 -0.255126 0.407261 
0.437786 -0.499937 0.446918 
-0.597268 -0.255126 0.407261 
0.439854 -0.500007 0.446519 
-0.597268 -0.255126 0.407261 
0.441982 -0.500355 0.44815 
-0.597268 -0.255126 0.407261 
0.443508 -0.50142 0.448005 
-0.597268 -0.255126 0.407261 
0.444933 -0.501606 0.447316 
-0.597268 -0.255126 0.407261 
0.446054 -0.500682 0.446534 
-0.597268 -0.255126 0.407261 
0.446809 -0.501773 0.446136 
-0.597268 -0.255126 0.407261 
0.446681 -0.502147 0.445919 
-0.597268 -0.255126 0.407261 
0.44687 -0.501357 0.446411 
-0.597268 -0.255126 0.407261 
0.446891 -0.501669 0.446537 
-0.597268 -0.255126 0.407261 
0.446967 -0.500998 0.446667 
-0.597268 -0.255126 0.407261 
0.447026 -0.500688 0.446645 
-0.597268 -0.255126 0.407261 
0.44677 -0.50054 0.444973 
-0.597268 -0.255126 0.407261 
0.446745 -0.501837 0.445549 
-0.597268 -0.255126 0.407261 
0.446805 -0.502074 0.446648 
-0.597268 -0.255126 0.407261 
0.446764 -0.501943 0.445599 
-0.597268 -0.255126 0.407261 
0.446794 -0.501079 0.445648 
-0.597268 -0.255126 0.407261 
0.446811 -0.500627 0.445802 
-0.597268 -0.255126 0.407261 
0.446682 -0.501163 0.445325 
-0.597268 -0.255126 0.407261 
0.446797 -0.501287 0.446407 
-0.597268 -0.255126 0.407261 
0.446937 -0.501839 0.445714 
-0.597268 -0.255126 0.407261 
0.447012 -0.501233 0.446076 
-0.597268 -0.255126 0.407261 
0.447047 -0.501355 0.445982 
-0.597268 -0.255126 0.407261 
0.446876 -0.502011 0.445236 
-0.597268 -0.255126 0.407261 
0.446708 -0.502529 0.444552 
-0.597268 -0.255126 0.407261 
0.446829 -0.501434 0.445309 
-0.597268 -0.255126 0.407261 
0.446912 -0.501374 0.446051 
-0.597268 -0.255126 0.407261 
0.447017 -0.501259 0.446573 
-0.597268 -0.255126 0.407261 
0.446875 -0.501451 0.445783 
-0.597268 -0.255126 0.407261 
0.446913 -0.50112 0.446097 
-0.597268 -0.255126 0.407261 
0.447105 -0.50112 0.44689 
-0.597268 -0.255126 0.407261 
0.447046 -0.501052 0.446415 
-0.597268 -0.255126 0.407261 
0.447008 -0.501088 0.445353 
-0.597268 -0.255126 0.407261 
0.446978 -0.502182 0.446321 
