-0.614216 -0.196366 0.435393 
0.400795 -0.504304 0.485867 
-0.614217 -0.196367 0.435393 
0.400795 -0.504304 0.485867 
-0.613673 -0.196205 0.432455 
0.400795 -0.504304 0.485867 
-0.613839 -0.19631 0.432264 
0.400795 -0.504304 0.485867 
-0.613863 -0.196205 0.432204 
0.400795 -0.504304 0.485867 
-0.613856 -0.196222 0.432241 
0.400795 -0.504304 0.485867 
-0.613895 -0.196384 0.432526 
0.400795 -0.504304 0.485867 
-0.613965 -0.196057 0.43204 
0.400795 -0.504304 0.485867 
-0.613995 -0.195699 0.431676 
0.400795 -0.504304 0.485867 
-0.613937 -0.196058 0.431754 
0.400795 -0.504304 0.485867 
-0.613866 -0.19615 0.432291 
0.400795 -0.504304 0.485867 
-0.613936 -0.195823 0.432235 
0.400795 -0.504304 0.485867 
-0.613999 -0.195725 0.432244 
0.400795 -0.504304 0.485867 
-0.613924 -0.196024 0.43239 
0.400795 -0.504304 0.485867 
-0.613939 -0.195973 0.432087 
0.400795 -0.504304 0.485867 
-0.613961 -0.19579 0.432075 
0.400795 -0.504304 0.485867 
