-0.622229 -0.236878 0.403075 
0.400795 -0.504304 0.485867 
-0.622192 -0.23688 0.402837 
0.400795 -0.504304 0.485867 
-0.622192 -0.23688 0.402837 
0.400795 -0.504304 0.485867 
-0.621645 -0.237367 0.402646 
0.400795 -0.504304 0.485867 
-0.62147 -0.237348 0.402765 
0.400795 -0.504304 0.485867 
-0.621163 -0.237388 0.402933 
0.400795 -0.504304 0.485867 
-0.620865 -0.23866 0.402967 
0.400795 -0.504304 0.485867 
-0.620393 -0.23996 0.402986 
0.400795 -0.504304 0.485867 
-0.619732 -0.240598 0.402834 
0.400795 -0.504304 0.485867 
-0.618541 -0.240991 0.402599 
0.400795 -0.504304 0.485867 
-0.617153 -0.241289 0.402595 
0.400795 -0.504304 0.485867 
-0.615943 -0.241531 0.402628 
0.400795 -0.504304 0.485867 
-0.614958 -0.241716 0.402638 
0.400795 -0.504304 0.485867 
-0.614147 -0.241874 0.402634 
0.400795 -0.504304 0.485867 
-0.613463 -0.241999 0.402647 
0.400795 -0.504304 0.485867 
-0.612884 -0.242117 0.402643 
0.400795 -0.504304 0.485867 
-0.612384 -0.242214 0.402655 
0.400795 -0.504304 0.485867 
-0.611949 -0.242302 0.402648 
0.400795 -0.504304 0.485867 
-0.611563 -0.242369 0.402646 
0.400795 -0.504304 0.485867 
-0.611222 -0.242431 0.402644 
0.400795 -0.504304 0.485867 
-0.610919 -0.242489 0.402648 
0.400795 -0.504304 0.485867 
-0.610646 -0.242537 0.402655 
0.400795 -0.504304 0.485867 
-0.610402 -0.242586 0.402656 
0.400795 -0.504304 0.485867 
-0.610181 -0.242633 0.402645 
0.400795 -0.504304 0.485867 
-0.609979 -0.242673 0.402631 
0.400795 -0.504304 0.485867 
-0.609795 -0.242711 0.402627 
0.400795 -0.504304 0.485867 
-0.609638 -0.242775 0.40268 
0.400795 -0.504304 0.485867 
-0.609479 -0.242801 0.402673 
0.400795 -0.504304 0.485867 
-0.608841 -0.243045 0.402672 
0.400795 -0.504304 0.485867 
-0.608233 -0.243268 0.402679 
0.400795 -0.504304 0.485867 
-0.607623 -0.243535 0.402666 
0.400795 -0.504304 0.485867 
-0.607066 -0.243668 0.402629 
0.400795 -0.504304 0.485867 
-0.606527 -0.243581 0.402595 
0.400795 -0.504304 0.485867 
-0.606068 -0.243537 0.402593 
0.400795 -0.504304 0.485867 
-0.605758 -0.24353 0.402654 
0.400795 -0.504304 0.485867 
-0.605636 -0.243527 0.402683 
0.400795 -0.504304 0.485867 
-0.605636 -0.243526 0.402672 
0.400795 -0.504304 0.485867 
-0.605635 -0.243523 0.402664 
0.400795 -0.504304 0.485867 
-0.605633 -0.243519 0.402661 
0.400795 -0.504304 0.485867 
-0.605633 -0.243521 0.402649 
0.400795 -0.504304 0.485867 
-0.605631 -0.243517 0.402653 
0.400795 -0.504304 0.485867 
-0.60563 -0.243515 0.402635 
0.400795 -0.504304 0.485867 
-0.605631 -0.243517 0.402634 
0.400795 -0.504304 0.485867 
-0.605631 -0.243517 0.402643 
0.400795 -0.504304 0.485867 
-0.605631 -0.243516 0.402641 
0.400795 -0.504304 0.485867 
-0.605631 -0.243516 0.402646 
0.400795 -0.504304 0.485867 
-0.605634 -0.243522 0.402632 
0.400795 -0.504304 0.485867 
-0.605634 -0.243522 0.402628 
0.400795 -0.504304 0.485867 
-0.605633 -0.24352 0.402631 
0.400795 -0.504304 0.485867 
-0.605633 -0.243519 0.402644 
0.400795 -0.504304 0.485867 
-0.605634 -0.24352 0.402662 
0.400795 -0.504304 0.485867 
-0.605635 -0.243524 0.402659 
0.400795 -0.504304 0.485867 
-0.605622 -0.243493 0.402603 
0.400795 -0.504304 0.485867 
-0.605638 -0.243529 0.402659 
0.400795 -0.504304 0.485867 
-0.605642 -0.24354 0.402646 
0.400795 -0.504304 0.485867 
-0.605675 -0.243616 0.402744 
0.400795 -0.504304 0.485867 
-0.605691 -0.243652 0.4028 
0.400795 -0.504304 0.485867 
-0.605705 -0.243685 0.402846 
0.400795 -0.504304 0.485867 
-0.605736 -0.243753 0.402958 
0.400795 -0.504304 0.485867 
-0.605751 -0.243787 0.403012 
0.400795 -0.504304 0.485867 
-0.605753 -0.24379 0.402998 
0.400795 -0.504304 0.485867 
-0.605768 -0.243826 0.403049 
0.400795 -0.504304 0.485867 
-0.60577 -0.243829 0.403055 
0.400795 -0.504304 0.485867 
-0.605773 -0.243837 0.40305 
0.400795 -0.504304 0.485867 
-0.605774 -0.243839 0.403064 
0.400795 -0.504304 0.485867 
-0.605776 -0.243841 0.40306 
0.400795 -0.504304 0.485867 
-0.605777 -0.243844 0.403054 
0.400795 -0.504304 0.485867 
-0.605776 -0.243841 0.403064 
0.400795 -0.504304 0.485867 
-0.605777 -0.243841 0.403072 
0.400795 -0.504304 0.485867 
-0.605778 -0.243843 0.403069 
0.400795 -0.504304 0.485867 
-0.605779 -0.243847 0.403066 
0.400795 -0.504304 0.485867 
-0.605779 -0.243844 0.403076 
0.400795 -0.504304 0.485867 
-0.605778 -0.243844 0.403079 
0.400795 -0.504304 0.485867 
-0.605776 -0.243839 0.403078 
0.400795 -0.504304 0.485867 
-0.605777 -0.243838 0.403089 
0.400795 -0.504304 0.485867 
-0.605777 -0.243839 0.403091 
0.400795 -0.504304 0.485867 
-0.605777 -0.243838 0.403087 
0.400795 -0.504304 0.485867 
-0.605777 -0.243837 0.40309 
0.400795 -0.504304 0.485867 
-0.60576 -0.243799 0.403049 
0.400795 -0.504304 0.485867 
-0.605774 -0.24383 0.403109 
0.400795 -0.504304 0.485867 
-0.605757 -0.243791 0.403059 
0.400795 -0.504304 0.485867 
-0.605727 -0.243721 0.402957 
0.400795 -0.504304 0.485867 
-0.605726 -0.243719 0.402975 
0.400795 -0.504304 0.485867 
-0.605694 -0.243646 0.402882 
0.400795 -0.504304 0.485867 
-0.605663 -0.243574 0.402783 
0.400795 -0.504304 0.485867 
-0.60566 -0.243567 0.402792 
0.400795 -0.504304 0.485867 
-0.605659 -0.243566 0.402798 
0.400795 -0.504304 0.485867 
-0.605643 -0.243526 0.402753 
0.400795 -0.504304 0.485867 
-0.60564 -0.243519 0.402762 
0.400795 -0.504304 0.485867 
-0.605639 -0.243515 0.402761 
0.400795 -0.504304 0.485867 
-0.605653 -0.243548 0.402828 
0.400795 -0.504304 0.485867 
-0.605652 -0.243543 0.402844 
0.400795 -0.504304 0.485867 
-0.60565 -0.243539 0.402848 
0.400795 -0.504304 0.485867 
-0.605648 -0.243533 0.402852 
0.400795 -0.504304 0.485867 
-0.605647 -0.243529 0.402855 
0.400795 -0.504304 0.485867 
-0.605645 -0.243524 0.402862 
0.400795 -0.504304 0.485867 
-0.605646 -0.243526 0.402871 
0.400795 -0.504304 0.485867 
-0.605644 -0.24352 0.402871 
0.400795 -0.504304 0.485867 
-0.605645 -0.243522 0.402874 
0.400795 -0.504304 0.485867 
-0.605643 -0.243519 0.402864 
0.400795 -0.504304 0.485867 
-0.605643 -0.243521 0.402852 
0.400795 -0.504304 0.485867 
-0.605671 -0.243585 0.40296 
0.400795 -0.504304 0.485867 
-0.60567 -0.243582 0.402958 
0.400795 -0.504304 0.485867 
-0.605699 -0.243649 0.403073 
0.400795 -0.504304 0.485867 
-0.605682 -0.243611 0.403019 
0.400795 -0.504304 0.485867 
-0.605681 -0.24361 0.403007 
0.400795 -0.504304 0.485867 
-0.605695 -0.243644 0.403064 
0.400795 -0.504304 0.485867 
-0.605694 -0.243641 0.403072 
0.400795 -0.504304 0.485867 
-0.605693 -0.243639 0.403066 
0.400795 -0.504304 0.485867 
-0.605709 -0.243675 0.403116 
0.400795 -0.504304 0.485867 
-0.605708 -0.243673 0.403113 
0.400795 -0.504304 0.485867 
-0.605709 -0.243675 0.40312 
0.400795 -0.504304 0.485867 
-0.605723 -0.243709 0.403173 
0.400795 -0.504304 0.485867 
-0.605723 -0.24371 0.403166 
0.400795 -0.504304 0.485867 
-0.605721 -0.243707 0.403164 
0.400795 -0.504304 0.485867 
-0.60572 -0.243706 0.403148 
0.400795 -0.504304 0.485867 
-0.605703 -0.243668 0.403094 
0.400795 -0.504304 0.485867 
-0.605716 -0.2437 0.403145 
0.400795 -0.504304 0.485867 
-0.604948 -0.242502 0.402 
0.400795 -0.504304 0.485867 
-0.604207 -0.241287 0.400886 
0.400795 -0.504304 0.485867 
-0.603488 -0.239978 0.399693 
0.400795 -0.504304 0.485867 
-0.602826 -0.238588 0.398412 
0.400795 -0.504304 0.485867 
-0.602193 -0.237122 0.397127 
0.400795 -0.504304 0.485867 
-0.601593 -0.235561 0.395741 
0.400795 -0.504304 0.485867 
-0.601033 -0.233941 0.394287 
0.400795 -0.504304 0.485867 
-0.600551 -0.232206 0.392738 
0.400795 -0.504304 0.485867 
-0.600154 -0.230394 0.391137 
0.400795 -0.504304 0.485867 
-0.599799 -0.228443 0.389414 
0.400795 -0.504304 0.485867 
-0.599487 -0.226458 0.387695 
0.400795 -0.504304 0.485867 
-0.599217 -0.22435 0.385863 
0.400795 -0.504304 0.485867 
-0.599061 -0.222204 0.384078 
0.400795 -0.504304 0.485867 
-0.598986 -0.219892 0.382079 
0.400795 -0.504304 0.485867 
-0.598976 -0.217572 0.38007 
0.400795 -0.504304 0.485867 
-0.599026 -0.215264 0.378098 
0.400795 -0.504304 0.485867 
-0.599174 -0.212845 0.375995 
0.400795 -0.504304 0.485867 
-0.59939 -0.210476 0.374003 
0.400795 -0.504304 0.485867 
-0.599659 -0.208105 0.371941 
0.400795 -0.504304 0.485867 
-0.599946 -0.205745 0.369847 
0.400795 -0.504304 0.485867 
-0.600268 -0.203472 0.36785 
0.400795 -0.504304 0.485867 
-0.600616 -0.201221 0.365814 
0.400795 -0.504304 0.485867 
-0.600995 -0.198972 0.363825 
0.400795 -0.504304 0.485867 
-0.601407 -0.196731 0.361778 
0.400795 -0.504304 0.485867 
-0.60182 -0.19454 0.359757 
0.400795 -0.504304 0.485867 
-0.602566 -0.192919 0.358261 
0.400795 -0.504304 0.485867 
-0.603597 -0.191913 0.357339 
0.400795 -0.504304 0.485867 
-0.604571 -0.19098 0.356612 
0.400795 -0.504304 0.485867 
-0.605454 -0.190224 0.355982 
0.400795 -0.504304 0.485867 
-0.606228 -0.189615 0.355346 
0.400795 -0.504304 0.485867 
-0.606897 -0.189252 0.354958 
0.400795 -0.504304 0.485867 
-0.607453 -0.189021 0.35469 
0.400795 -0.504304 0.485867 
-0.607929 -0.188917 0.354428 
0.400795 -0.504304 0.485867 
-0.608202 -0.189089 0.354383 
0.400795 -0.504304 0.485867 
-0.608327 -0.189502 0.354487 
0.400795 -0.504304 0.485867 
-0.608411 -0.19 0.354584 
0.400795 -0.504304 0.485867 
-0.608419 -0.190697 0.354802 
0.400795 -0.504304 0.485867 
-0.608357 -0.19157 0.355175 
0.400795 -0.504304 0.485867 
-0.608095 -0.192753 0.355695 
0.400795 -0.504304 0.485867 
-0.60775 -0.194043 0.356276 
0.400795 -0.504304 0.485867 
-0.607327 -0.195558 0.357049 
0.400795 -0.504304 0.485867 
-0.606865 -0.197132 0.357634 
0.400795 -0.504304 0.485867 
-0.606282 -0.198998 0.358384 
0.400795 -0.504304 0.485867 
-0.605647 -0.200986 0.35911 
0.400795 -0.504304 0.485867 
-0.605006 -0.203141 0.35986 
0.400795 -0.504304 0.485867 
-0.604352 -0.205347 0.360552 
0.400795 -0.504304 0.485867 
-0.603723 -0.207658 0.361264 
0.400795 -0.504304 0.485867 
-0.603082 -0.210075 0.361863 
0.400795 -0.504304 0.485867 
-0.602454 -0.212588 0.362313 
0.400795 -0.504304 0.485867 
-0.601855 -0.215137 0.362804 
0.400795 -0.504304 0.485867 
-0.601285 -0.217705 0.363255 
0.400795 -0.504304 0.485867 
-0.600699 -0.220348 0.363714 
0.400795 -0.504304 0.485867 
-0.600166 -0.222978 0.364009 
0.400795 -0.504304 0.485867 
-0.599665 -0.225611 0.364354 
0.400795 -0.504304 0.485867 
-0.599223 -0.228225 0.364809 
0.400795 -0.504304 0.485867 
-0.598826 -0.230611 0.364996 
0.400795 -0.504304 0.485867 
-0.598505 -0.233066 0.365158 
0.400795 -0.504304 0.485867 
-0.598218 -0.235441 0.365293 
0.400795 -0.504304 0.485867 
-0.597983 -0.237723 0.365429 
0.400795 -0.504304 0.485867 
-0.597814 -0.239766 0.365384 
0.400795 -0.504304 0.485867 
-0.597671 -0.241855 0.365463 
0.400795 -0.504304 0.485867 
-0.597566 -0.243759 0.365443 
0.400795 -0.504304 0.485867 
-0.597462 -0.245697 0.365434 
0.400795 -0.504304 0.485867 
-0.59882 -0.247644 0.365199 
0.400795 -0.504304 0.485867 
-0.598789 -0.249145 0.365007 
0.400795 -0.504304 0.485867 
-0.598786 -0.25056 0.364717 
0.400795 -0.504304 0.485867 
-0.598803 -0.251911 0.364526 
0.400795 -0.504304 0.485867 
-0.59883 -0.253096 0.364214 
0.400795 -0.504304 0.485867 
-0.598828 -0.254069 0.363802 
0.400795 -0.504304 0.485867 
