-0.634697 -0.242113 0.373272 
0.384206 -0.484765 0.439093 
-0.634697 -0.242113 0.373272 
0.384206 -0.484765 0.439093 
-0.631004 -0.241969 0.378049 
0.384499 -0.488924 0.440181 
-0.633269 -0.243414 0.376352 
0.384462 -0.49044 0.442521 
-0.634647 -0.24478 0.374899 
0.384255 -0.490272 0.442648 
-0.633976 -0.244308 0.374852 
0.384429 -0.491016 0.443599 
-0.631975 -0.243284 0.375524 
0.384766 -0.491867 0.443715 
-0.629479 -0.242519 0.37627 
0.385356 -0.493465 0.444584 
-0.62557 -0.24061 0.377465 
0.385698 -0.494176 0.442655 
-0.622245 -0.239665 0.378169 
0.386186 -0.494964 0.441609 
-0.619415 -0.238352 0.378943 
0.386161 -0.494946 0.442702 
-0.61754 -0.237558 0.379719 
0.386413 -0.496246 0.442824 
-0.616095 -0.236759 0.380183 
0.386587 -0.497238 0.442746 
-0.614525 -0.236436 0.380674 
0.386394 -0.49773 0.441422 
-0.612201 -0.235374 0.381277 
0.386323 -0.498189 0.441942 
-0.610143 -0.234612 0.381842 
0.386425 -0.499615 0.441532 
-0.606934 -0.23314 0.382608 
0.386474 -0.500176 0.441816 
-0.605233 -0.232308 0.383385 
0.386478 -0.501264 0.44005 
-0.602423 -0.230499 0.383624 
0.386297 -0.501547 0.439456 
-0.601076 -0.230058 0.383719 
0.385579 -0.501804 0.43877 
-0.599641 -0.229515 0.383244 
0.385006 -0.502067 0.438496 
-0.600274 -0.229436 0.382637 
0.384459 -0.502852 0.440305 
-0.45805 -0.16486 0.48415 
0.384615 -0.502591 0.43994 
-0.45805 -0.16486 0.48415 
0.384615 -0.502591 0.43994 
-0.472257 -0.171348 0.47397 
0.375904 -0.496839 0.419014 
-0.472243 -0.171325 0.473969 
0.378075 -0.499049 0.426332 
-0.472227 -0.171299 0.473968 
0.378493 -0.498238 0.425574 
-0.472221 -0.171289 0.473968 
0.381017 -0.499089 0.427655 
-0.472219 -0.171285 0.473968 
0.383258 -0.498477 0.430121 
-0.472217 -0.171282 0.473968 
0.385939 -0.497957 0.430786 
-0.472216 -0.171281 0.473968 
0.388627 -0.497343 0.434622 
-0.472216 -0.17128 0.473968 
0.392137 -0.497188 0.437517 
-0.472215 -0.171279 0.473967 
0.395538 -0.496816 0.441626 
-0.472215 -0.171279 0.473968 
0.398334 -0.495858 0.442771 
-0.472215 -0.171278 0.473968 
0.403468 -0.495197 0.44857 
-0.472214 -0.171277 0.473967 
0.407658 -0.495275 0.450708 
-0.472214 -0.171277 0.473967 
0.410496 -0.494526 0.45146 
-0.472214 -0.171276 0.473967 
0.415502 -0.493503 0.45605 
-0.472214 -0.171276 0.473967 
0.417789 -0.493907 0.456245 
-0.472213 -0.171276 0.473967 
0.421013 -0.492844 0.459088 
-0.472213 -0.171276 0.473968 
0.421338 -0.493411 0.458775 
-0.472213 -0.171275 0.473967 
0.422118 -0.493217 0.458403 
-0.472213 -0.171275 0.473967 
0.424004 -0.493076 0.45915 
-0.472213 -0.171275 0.473967 
0.426421 -0.493119 0.458825 
-0.472213 -0.171275 0.473967 
0.42444 -0.494324 0.457608 
-0.600107 -0.229636 0.385305 
0.432662 -0.49063 0.47571 
