-0.597268 -0.255126 0.407261 
0.386775 -0.491781 0.440718 
-0.597268 -0.255126 0.407261 
0.386775 -0.491781 0.440718 
-0.597268 -0.255126 0.407261 
0.386775 -0.491781 0.440718 
-0.597268 -0.255126 0.407261 
0.386775 -0.491781 0.440718 
-0.597268 -0.255126 0.407261 
0.386775 -0.491781 0.440718 
-0.597268 -0.255126 0.407261 
0.386775 -0.491781 0.440718 
-0.597268 -0.255126 0.407261 
0.386775 -0.491781 0.440718 
-0.597268 -0.255126 0.407261 
0.386775 -0.491781 0.440718 
-0.597268 -0.255126 0.407261 
0.386775 -0.491781 0.440718 
-0.597268 -0.255126 0.407261 
0.386775 -0.491781 0.440718 
-0.597268 -0.255126 0.407261 
0.386775 -0.491781 0.440718 
-0.597268 -0.255126 0.407261 
0.386775 -0.491781 0.440718 
-0.597268 -0.255126 0.407261 
0.386775 -0.491781 0.440718 
-0.597268 -0.255126 0.407261 
0.386775 -0.491781 0.440718 
-0.597268 -0.255126 0.407261 
0.386775 -0.491781 0.440718 
-0.597268 -0.255126 0.407261 
0.386775 -0.491781 0.440718 
-0.597268 -0.255126 0.407261 
0.386775 -0.491781 0.440718 
-0.597268 -0.255126 0.407261 
0.386775 -0.491781 0.440718 
-0.597268 -0.255126 0.407261 
0.386775 -0.491781 0.440718 
-0.597268 -0.255126 0.407261 
0.386775 -0.491781 0.440718 
-0.597268 -0.255126 0.407261 
0.386775 -0.491781 0.440718 
-0.597268 -0.255126 0.407261 
0.386775 -0.491781 0.440718 
-0.597268 -0.255126 0.407261 
0.386775 -0.491781 0.440718 
-0.597268 -0.255126 0.407261 
0.386775 -0.491781 0.440718 
-0.597268 -0.255126 0.407261 
0.386775 -0.491781 0.440718 
-0.597268 -0.255126 0.407261 
0.386775 -0.491781 0.440718 
-0.597268 -0.255126 0.407261 
0.386775 -0.491781 0.440718 
-0.597268 -0.255126 0.407261 
0.386775 -0.491781 0.440718 
-0.597268 -0.255126 0.407261 
0.386775 -0.491781 0.440718 
-0.597268 -0.255126 0.407261 
0.386775 -0.491781 0.440718 
-0.597268 -0.255126 0.407261 
0.386775 -0.491781 0.440718 
-0.597268 -0.255126 0.407261 
0.386775 -0.491781 0.440718 
-0.597268 -0.255126 0.407261 
0.386775 -0.491781 0.440718 
-0.597268 -0.255126 0.407261 
0.386775 -0.491781 0.440718 
-0.597268 -0.255126 0.407261 
0.386775 -0.491781 0.440718 
-0.597268 -0.255126 0.407261 
0.386775 -0.491781 0.440718 
-0.597268 -0.255126 0.407261 
0.386775 -0.491781 0.440718 
-0.597268 -0.255126 0.407261 
0.386775 -0.491781 0.440718 
-0.597268 -0.255126 0.407261 
0.386775 -0.491781 0.440718 
-0.597268 -0.255126 0.407261 
0.386775 -0.491781 0.440718 
-0.597268 -0.255126 0.407261 
0.386775 -0.491781 0.440718 
-0.597268 -0.255126 0.407261 
0.386775 -0.491781 0.440718 
-0.597268 -0.255126 0.407261 
0.386775 -0.491781 0.440718 
-0.597268 -0.255126 0.407261 
0.386775 -0.491781 0.440718 
-0.597268 -0.255126 0.407261 
0.386775 -0.491781 0.440718 
-0.597268 -0.255126 0.407261 
0.386775 -0.491781 0.440718 
-0.597268 -0.255126 0.407261 
0.386775 -0.491781 0.440718 
-0.597268 -0.255126 0.407261 
0.386775 -0.491781 0.440718 
-0.597268 -0.255126 0.407261 
0.386775 -0.491781 0.440718 
-0.597268 -0.255126 0.407261 
0.386775 -0.491781 0.440718 
-0.597268 -0.255126 0.407261 
0.386775 -0.491781 0.440718 
-0.597268 -0.255126 0.407261 
0.386775 -0.491781 0.440718 
-0.597268 -0.255126 0.407261 
0.386775 -0.491781 0.440718 
-0.597268 -0.255126 0.407261 
0.386775 -0.491781 0.440718 
-0.597268 -0.255126 0.407261 
0.386775 -0.491781 0.440718 
-0.597268 -0.255126 0.407261 
0.386775 -0.491781 0.440718 
-0.597268 -0.255126 0.407261 
0.386775 -0.491781 0.440718 
-0.597268 -0.255126 0.407261 
0.386775 -0.491781 0.440718 
-0.597268 -0.255126 0.407261 
0.386775 -0.491781 0.440718 
