-0.593963 -0.186408 0.346317 
0.400795 -0.504304 0.485867 
-0.593964 -0.186409 0.346316 
0.400795 -0.504304 0.485867 
-0.59335 -0.186697 0.345767 
0.400795 -0.504304 0.485867 
-0.594024 -0.186656 0.345552 
0.400795 -0.504304 0.485867 
-0.594054 -0.186934 0.346043 
0.400795 -0.504304 0.485867 
-0.594123 -0.186901 0.345657 
0.400795 -0.504304 0.485867 
-0.594107 -0.187054 0.346369 
0.400795 -0.504304 0.485867 
-0.594265 -0.186858 0.34576 
0.400795 -0.504304 0.485867 
-0.594072 -0.187151 0.345989 
0.400795 -0.504304 0.485867 
-0.594038 -0.186974 0.346314 
0.400795 -0.504304 0.485867 
-0.594217 -0.186919 0.346063 
0.400795 -0.504304 0.485867 
-0.59422 -0.186856 0.345946 
0.400795 -0.504304 0.485867 
-0.594142 -0.186969 0.346112 
0.400795 -0.504304 0.485867 
-0.593984 -0.1872 0.346474 
0.400795 -0.504304 0.485867 
-0.593977 -0.187139 0.346227 
0.400795 -0.504304 0.485867 
-0.593999 -0.186923 0.34651 
0.400795 -0.504304 0.485867 
-0.594208 -0.187082 0.34617 
0.400795 -0.504304 0.485867 
-0.594056 -0.187056 0.346092 
0.400795 -0.504304 0.485867 
-0.5942 -0.187017 0.345827 
0.400795 -0.504304 0.485867 
-0.594123 -0.1872 0.34607 
0.400795 -0.504304 0.485867 
-0.594192 -0.187022 0.346311 
0.400795 -0.504304 0.485867 
-0.594137 -0.18677 0.346512 
0.400795 -0.504304 0.485867 
-0.59417 -0.186854 0.346335 
0.400795 -0.504304 0.485867 
-0.594127 -0.186944 0.34602 
0.400795 -0.504304 0.485867 
-0.594204 -0.18675 0.346105 
0.400795 -0.504304 0.485867 
-0.594043 -0.186872 0.346422 
0.400795 -0.504304 0.485867 
-0.59407 -0.18686 0.346502 
0.400795 -0.504304 0.485867 
-0.59408 -0.186674 0.346489 
0.400795 -0.504304 0.485867 
-0.594321 -0.186465 0.346183 
0.400795 -0.504304 0.485867 
-0.593988 -0.186715 0.346404 
0.400795 -0.504304 0.485867 
-0.594023 -0.187054 0.34619 
0.400795 -0.504304 0.485867 
-0.594031 -0.186903 0.346177 
0.400795 -0.504304 0.485867 
-0.594135 -0.186963 0.345964 
0.400795 -0.504304 0.485867 
-0.594125 -0.186934 0.34611 
0.400795 -0.504304 0.485867 
-0.594049 -0.187139 0.346135 
0.400795 -0.504304 0.485867 
-0.594094 -0.186721 0.346328 
0.400795 -0.504304 0.485867 
-0.59411 -0.186554 0.346223 
0.400795 -0.504304 0.485867 
-0.59422 -0.186877 0.346188 
0.400795 -0.504304 0.485867 
-0.594025 -0.186606 0.346197 
0.400795 -0.504304 0.485867 
-0.593865 -0.187015 0.34649 
0.400795 -0.504304 0.485867 
-0.593912 -0.18718 0.346469 
0.400795 -0.504304 0.485867 
-0.59393 -0.187193 0.346489 
0.400795 -0.504304 0.485867 
-0.593843 -0.187395 0.346627 
0.400795 -0.504304 0.485867 
-0.594029 -0.186997 0.346419 
0.400795 -0.504304 0.485867 
-0.594146 -0.18669 0.346355 
0.400795 -0.504304 0.485867 
-0.593978 -0.186777 0.34643 
0.400795 -0.504304 0.485867 
-0.594161 -0.186722 0.346195 
0.400795 -0.504304 0.485867 
-0.594056 -0.187047 0.346397 
0.400795 -0.504304 0.485867 
-0.594234 -0.186686 0.345979 
0.400795 -0.504304 0.485867 
-0.594079 -0.186754 0.346095 
0.400795 -0.504304 0.485867 
-0.59414 -0.186744 0.34621 
0.400795 -0.504304 0.485867 
