-0.60622 -0.219876 0.446539 
0.400795 -0.504304 0.485867 
-0.606219 -0.219876 0.446539 
0.400795 -0.504304 0.485867 
-0.606219 -0.219876 0.446539 
0.400795 -0.504304 0.485867 
-0.606355 -0.219985 0.446862 
0.400795 -0.504304 0.485867 
-0.60636 -0.220011 0.446859 
0.400795 -0.504304 0.485867 
-0.606349 -0.219985 0.446856 
0.400795 -0.504304 0.485867 
-0.606323 -0.219946 0.446818 
0.400795 -0.504304 0.485867 
-0.606326 -0.219942 0.446822 
0.400795 -0.504304 0.485867 
-0.606329 -0.219936 0.446832 
0.400795 -0.504304 0.485867 
-0.606343 -0.219957 0.446868 
0.400795 -0.504304 0.485867 
-0.606343 -0.21996 0.446869 
0.400795 -0.504304 0.485867 
-0.60639 -0.219968 0.44688 
0.400795 -0.504304 0.485867 
-0.606613 -0.219995 0.446901 
0.400795 -0.504304 0.485867 
-0.606958 -0.220002 0.446906 
0.400795 -0.504304 0.485867 
-0.607398 -0.220011 0.446902 
0.400795 -0.504304 0.485867 
-0.607928 -0.220014 0.446906 
0.400795 -0.504304 0.485867 
-0.608517 -0.220028 0.446886 
0.400795 -0.504304 0.485867 
-0.60917 -0.220031 0.446881 
0.400795 -0.504304 0.485867 
-0.609861 -0.220034 0.446855 
0.400795 -0.504304 0.485867 
-0.610604 -0.220053 0.446851 
0.400795 -0.504304 0.485867 
-0.611366 -0.220062 0.446826 
0.400795 -0.504304 0.485867 
-0.612157 -0.220065 0.446814 
0.400795 -0.504304 0.485867 
-0.612968 -0.220066 0.446798 
0.400795 -0.504304 0.485867 
-0.613804 -0.22008 0.446787 
0.400795 -0.504304 0.485867 
-0.614654 -0.220091 0.446776 
0.400795 -0.504304 0.485867 
-0.615497 -0.220094 0.446766 
0.400795 -0.504304 0.485867 
-0.616283 -0.220095 0.446751 
0.400795 -0.504304 0.485867 
-0.61708 -0.220109 0.446743 
0.400795 -0.504304 0.485867 
-0.618353 -0.220128 0.446734 
0.400795 -0.504304 0.485867 
-0.619701 -0.220146 0.446712 
0.400795 -0.504304 0.485867 
-0.621129 -0.22016 0.446686 
0.400795 -0.504304 0.485867 
-0.622641 -0.220186 0.446674 
0.400795 -0.504304 0.485867 
-0.624232 -0.220211 0.446637 
0.400795 -0.504304 0.485867 
-0.625901 -0.22024 0.446612 
0.400795 -0.504304 0.485867 
-0.627645 -0.220266 0.446578 
0.400795 -0.504304 0.485867 
-0.629471 -0.220286 0.446543 
0.400795 -0.504304 0.485867 
-0.631383 -0.220324 0.446509 
0.400795 -0.504304 0.485867 
-0.633317 -0.220345 0.446461 
0.400795 -0.504304 0.485867 
-0.635255 -0.220368 0.446406 
0.400795 -0.504304 0.485867 
-0.637179 -0.220397 0.446364 
0.400795 -0.504304 0.485867 
-0.639024 -0.220417 0.446311 
0.400795 -0.504304 0.485867 
-0.640792 -0.220447 0.44627 
0.400795 -0.504304 0.485867 
-0.64247 -0.220465 0.446225 
0.400795 -0.504304 0.485867 
-0.644078 -0.220487 0.446188 
0.400795 -0.504304 0.485867 
-0.645601 -0.220502 0.446154 
0.400795 -0.504304 0.485867 
-0.647042 -0.220518 0.446117 
0.400795 -0.504304 0.485867 
-0.648407 -0.220539 0.446082 
0.400795 -0.504304 0.485867 
-0.649693 -0.220562 0.446047 
0.400795 -0.504304 0.485867 
-0.650894 -0.220579 0.446012 
0.400795 -0.504304 0.485867 
