-0.610438 -0.225786 0.409893 
0.400795 -0.504304 0.485867 
-0.610438 -0.225786 0.409893 
0.400795 -0.504304 0.485867 
-0.610341 -0.226226 0.408171 
0.400795 -0.504304 0.485867 
-0.609972 -0.227508 0.408109 
0.400795 -0.504304 0.485867 
-0.608719 -0.229719 0.408734 
0.400795 -0.504304 0.485867 
-0.606094 -0.230228 0.40861 
0.400795 -0.504304 0.485867 
-0.603905 -0.230551 0.408852 
0.400795 -0.504304 0.485867 
-0.602469 -0.230942 0.409107 
0.400795 -0.504304 0.485867 
-0.601286 -0.231023 0.409419 
0.400795 -0.504304 0.485867 
-0.600453 -0.231024 0.409466 
0.400795 -0.504304 0.485867 
-0.599784 -0.230847 0.408875 
0.400795 -0.504304 0.485867 
-0.599226 -0.231116 0.409063 
0.400795 -0.504304 0.485867 
-0.598965 -0.231192 0.408858 
0.400795 -0.504304 0.485867 
-0.598671 -0.231229 0.408846 
0.400795 -0.504304 0.485867 
-0.597827 -0.231611 0.409025 
0.400795 -0.504304 0.485867 
-0.596615 -0.232032 0.409272 
0.400795 -0.504304 0.485867 
-0.595307 -0.232265 0.409426 
0.400795 -0.504304 0.485867 
-0.594666 -0.232082 0.40952 
0.400795 -0.504304 0.485867 
-0.594635 -0.231984 0.409177 
0.400795 -0.504304 0.485867 
-0.594765 -0.232012 0.409381 
0.400795 -0.504304 0.485867 
-0.594716 -0.23194 0.409109 
0.400795 -0.504304 0.485867 
-0.594631 -0.231988 0.409122 
0.400795 -0.504304 0.485867 
-0.594671 -0.231864 0.409036 
0.400795 -0.504304 0.485867 
-0.594638 -0.23186 0.408774 
0.400795 -0.504304 0.485867 
-0.594618 -0.231832 0.409224 
0.400795 -0.504304 0.485867 
-0.594681 -0.231782 0.409124 
0.400795 -0.504304 0.485867 
-0.594568 -0.231741 0.409292 
0.400795 -0.504304 0.485867 
-0.594658 -0.231958 0.408969 
0.400795 -0.504304 0.485867 
-0.594708 -0.232084 0.409086 
0.400795 -0.504304 0.485867 
-0.594747 -0.232169 0.408933 
0.400795 -0.504304 0.485867 
-0.594715 -0.232097 0.409278 
0.400795 -0.504304 0.485867 
-0.59477 -0.231989 0.409392 
0.400795 -0.504304 0.485867 
-0.594753 -0.23211 0.409669 
0.400795 -0.504304 0.485867 
-0.594776 -0.232147 0.409181 
0.400795 -0.504304 0.485867 
-0.594801 -0.232093 0.409005 
0.400795 -0.504304 0.485867 
-0.594805 -0.232305 0.409226 
0.400795 -0.504304 0.485867 
-0.594805 -0.232238 0.409253 
0.400795 -0.504304 0.485867 
-0.59482 -0.232258 0.409265 
0.400795 -0.504304 0.485867 
-0.594777 -0.232277 0.409422 
0.400795 -0.504304 0.485867 
-0.594832 -0.23223 0.409167 
0.400795 -0.504304 0.485867 
-0.594804 -0.232118 0.409584 
0.400795 -0.504304 0.485867 
-0.4054 -0.23257 0.48858 
0.400795 -0.504304 0.485867 
