-0.719963 -0.243631 0.494595 
0.400795 -0.504304 0.485867 
-0.719964 -0.243632 0.494595 
0.400795 -0.504304 0.485867 
-0.719964 -0.243632 0.494595 
0.400795 -0.504304 0.485867 
-0.719588 -0.244144 0.495006 
0.400795 -0.504304 0.485867 
-0.719625 -0.244127 0.495215 
0.400795 -0.504304 0.485867 
-0.719656 -0.244174 0.495563 
0.400795 -0.504304 0.485867 
-0.719617 -0.245455 0.495821 
0.400795 -0.504304 0.485867 
-0.719495 -0.24677 0.496231 
0.400795 -0.504304 0.485867 
-0.82234 -0.223253 0.26862 
0.400795 -0.504304 0.485867 
-0.82234 -0.223253 0.26862 
0.400795 -0.504304 0.485867 
-0.654949 -0.250418 0.466926 
0.400795 -0.504304 0.485867 
-0.65495 -0.250418 0.466926 
0.400795 -0.504304 0.485867 
-0.65495 -0.250418 0.466926 
0.400795 -0.504304 0.485867 
-0.654405 -0.250917 0.467089 
0.400795 -0.504304 0.485867 
-0.654329 -0.250897 0.467287 
0.400795 -0.504304 0.485867 
-0.654175 -0.250937 0.467601 
0.400795 -0.504304 0.485867 
-0.653981 -0.252212 0.467815 
0.400795 -0.504304 0.485867 
-0.653638 -0.253518 0.468117 
0.400795 -0.504304 0.485867 
-0.653025 -0.254167 0.468379 
0.400795 -0.504304 0.485867 
-0.651924 -0.254582 0.468874 
0.400795 -0.504304 0.485867 
-0.650792 -0.254898 0.469671 
0.400795 -0.504304 0.485867 
-0.649826 -0.255155 0.470395 
0.400795 -0.504304 0.485867 
-0.649029 -0.255353 0.470969 
0.400795 -0.504304 0.485867 
-0.648366 -0.255521 0.471434 
0.400795 -0.504304 0.485867 
-0.647817 -0.255655 0.471838 
0.400795 -0.504304 0.485867 
-0.647343 -0.25578 0.472168 
0.400795 -0.504304 0.485867 
-0.646943 -0.255884 0.472466 
0.400795 -0.504304 0.485867 
-0.646585 -0.255978 0.472711 
0.400795 -0.504304 0.485867 
-0.646269 -0.25605 0.472932 
0.400795 -0.504304 0.485867 
-0.64599 -0.256117 0.473126 
0.400795 -0.504304 0.485867 
-0.645746 -0.256178 0.473304 
0.400795 -0.504304 0.485867 
-0.645527 -0.25623 0.473467 
0.400795 -0.504304 0.485867 
-0.645329 -0.256282 0.473608 
0.400795 -0.504304 0.485867 
-0.645143 -0.256333 0.473726 
0.400795 -0.504304 0.485867 
-0.64497 -0.256375 0.473831 
0.400795 -0.504304 0.485867 
-0.644818 -0.256416 0.473934 
0.400795 -0.504304 0.485867 
-0.644721 -0.25648 0.474068 
0.400795 -0.504304 0.485867 
-0.644588 -0.256509 0.474153 
0.400795 -0.504304 0.485867 
-0.64407 -0.256761 0.474522 
0.400795 -0.504304 0.485867 
-0.643582 -0.256992 0.474879 
0.400795 -0.504304 0.485867 
-0.643082 -0.257267 0.475221 
0.400795 -0.504304 0.485867 
-0.642608 -0.257408 0.475512 
0.400795 -0.504304 0.485867 
-0.642144 -0.257329 0.475793 
0.400795 -0.504304 0.485867 
-0.641767 -0.257291 0.476053 
0.400795 -0.504304 0.485867 
-0.641547 -0.257287 0.476281 
0.400795 -0.504304 0.485867 
-0.641464 -0.257285 0.476374 
0.400795 -0.504304 0.485867 
-0.641457 -0.257284 0.476366 
0.400795 -0.504304 0.485867 
-0.641452 -0.257281 0.47636 
0.400795 -0.504304 0.485867 
-0.641448 -0.257278 0.476358 
0.400795 -0.504304 0.485867 
-0.641441 -0.25728 0.476348 
0.400795 -0.504304 0.485867 
-0.641442 -0.257275 0.476353 
0.400795 -0.504304 0.485867 
-0.641431 -0.257274 0.476339 
0.400795 -0.504304 0.485867 
-0.641431 -0.257276 0.476337 
0.400795 -0.504304 0.485867 
-0.641436 -0.257276 0.476344 
0.400795 -0.504304 0.485867 
-0.641435 -0.257274 0.476343 
0.400795 -0.504304 0.485867 
-0.641438 -0.257274 0.476347 
0.400795 -0.504304 0.485867 
-0.641432 -0.257281 0.476334 
0.400795 -0.504304 0.485867 
-0.64143 -0.257281 0.476331 
0.400795 -0.504304 0.485867 
-0.641431 -0.257279 0.476334 
0.400795 -0.504304 0.485867 
-0.641439 -0.257278 0.476345 
0.400795 -0.504304 0.485867 
-0.64145 -0.257278 0.476358 
0.400795 -0.504304 0.485867 
-0.641449 -0.257282 0.476355 
0.400795 -0.504304 0.485867 
-0.641406 -0.257253 0.476316 
0.400795 -0.504304 0.485867 
-0.641452 -0.257288 0.476353 
0.400795 -0.504304 0.485867 
-0.641448 -0.257299 0.476341 
0.400795 -0.504304 0.485867 
-0.641532 -0.257371 0.476403 
0.400795 -0.504304 0.485867 
-0.641579 -0.257406 0.476441 
0.400795 -0.504304 0.485867 
-0.641618 -0.257438 0.47647 
0.400795 -0.504304 0.485867 
-0.641709 -0.257503 0.476545 
0.400795 -0.504304 0.485867 
-0.641752 -0.257535 0.476581 
0.400795 -0.504304 0.485867 
-0.641746 -0.257538 0.476568 
0.400795 -0.504304 0.485867 
-0.641789 -0.257573 0.476602 
0.400795 -0.504304 0.485867 
-0.641794 -0.257576 0.476607 
0.400795 -0.504304 0.485867 
-0.641794 -0.257584 0.4766 
0.400795 -0.504304 0.485867 
-0.641803 -0.257586 0.476611 
0.400795 -0.504304 0.485867 
-0.641802 -0.257588 0.476607 
0.400795 -0.504304 0.485867 
-0.641799 -0.257591 0.476602 
0.400795 -0.504304 0.485867 
-0.641805 -0.257588 0.47661 
0.400795 -0.504304 0.485867 
-0.64181 -0.257588 0.476616 
0.400795 -0.504304 0.485867 
-0.641809 -0.25759 0.476613 
0.400795 -0.504304 0.485867 
-0.641808 -0.257594 0.47661 
0.400795 -0.504304 0.485867 
-0.641813 -0.257591 0.476618 
0.400795 -0.504304 0.485867 
-0.641815 -0.25759 0.476621 
0.400795 -0.504304 0.485867 
-0.641813 -0.257585 0.476621 
0.400795 -0.504304 0.485867 
-0.641819 -0.257584 0.47663 
0.400795 -0.504304 0.485867 
-0.641821 -0.257585 0.476632 
0.400795 -0.504304 0.485867 
-0.641818 -0.257584 0.476628 
0.400795 -0.504304 0.485867 
-0.64182 -0.257583 0.476631 
0.400795 -0.504304 0.485867 
-0.641782 -0.257546 0.476607 
0.400795 -0.504304 0.485867 
-0.641828 -0.257575 0.476648 
0.400795 -0.504304 0.485867 
-0.641785 -0.257538 0.476616 
0.400795 -0.504304 0.485867 
-0.6417 -0.257471 0.476549 
0.400795 -0.504304 0.485867 
-0.641709 -0.257468 0.476565 
0.400795 -0.504304 0.485867 
-0.641628 -0.257398 0.476506 
0.400795 -0.504304 0.485867 
-0.641544 -0.257329 0.476442 
0.400795 -0.504304 0.485867 
-0.641546 -0.257322 0.47645 
0.400795 -0.504304 0.485867 
-0.64155 -0.257321 0.476456 
0.400795 -0.504304 0.485867 
-0.641509 -0.257282 0.476428 
0.400795 -0.504304 0.485867 
-0.641512 -0.257275 0.476437 
0.400795 -0.504304 0.485867 
-0.64151 -0.257271 0.476437 
0.400795 -0.504304 0.485867 
-0.641562 -0.257302 0.476484 
0.400795 -0.504304 0.485867 
-0.641569 -0.257297 0.476497 
0.400795 -0.504304 0.485867 
-0.64157 -0.257293 0.476501 
0.400795 -0.504304 0.485867 
-0.641571 -0.257286 0.476506 
0.400795 -0.504304 0.485867 
-0.641571 -0.257283 0.476509 
0.400795 -0.504304 0.485867 
-0.641574 -0.257278 0.476516 
0.400795 -0.504304 0.485867 
-0.64158 -0.257279 0.476523 
0.400795 -0.504304 0.485867 
-0.641578 -0.257273 0.476524 
0.400795 -0.504304 0.485867 
-0.64158 -0.257275 0.476526 
0.400795 -0.504304 0.485867 
-0.641573 -0.257273 0.476519 
0.400795 -0.504304 0.485867 
-0.641567 -0.257274 0.476509 
0.400795 -0.504304 0.485867 
-0.641652 -0.257336 0.476582 
0.400795 -0.504304 0.485867 
-0.64165 -0.257333 0.476581 
0.400795 -0.504304 0.485867 
-0.641742 -0.257396 0.476659 
0.400795 -0.504304 0.485867 
-0.641696 -0.25736 0.476625 
0.400795 -0.504304 0.485867 
-0.641688 -0.257359 0.476615 
0.400795 -0.504304 0.485867 
-0.641734 -0.257391 0.476654 
0.400795 -0.504304 0.485867 
-0.641737 -0.257389 0.476661 
0.400795 -0.504304 0.485867 
-0.641733 -0.257387 0.476657 
0.400795 -0.504304 0.485867 
-0.641775 -0.257421 0.476689 
0.400795 -0.504304 0.485867 
-0.641772 -0.25742 0.476687 
0.400795 -0.504304 0.485867 
-0.641777 -0.257421 0.476692 
0.400795 -0.504304 0.485867 
-0.64182 -0.257454 0.476728 
0.400795 -0.504304 0.485867 
-0.641816 -0.257455 0.476723 
0.400795 -0.504304 0.485867 
-0.641813 -0.257452 0.476722 
0.400795 -0.504304 0.485867 
-0.641804 -0.257451 0.47671 
0.400795 -0.504304 0.485867 
-0.641758 -0.257415 0.476674 
0.400795 -0.504304 0.485867 
-0.641799 -0.257445 0.476709 
0.400795 -0.504304 0.485867 
-0.640484 -0.256286 0.476198 
0.400795 -0.504304 0.485867 
-0.639209 -0.255108 0.475696 
0.400795 -0.504304 0.485867 
-0.637904 -0.253836 0.475115 
0.400795 -0.504304 0.485867 
-0.636593 -0.252487 0.474429 
0.400795 -0.504304 0.485867 
-0.635303 -0.25106 0.473722 
0.400795 -0.504304 0.485867 
-0.633978 -0.24954 0.472911 
0.400795 -0.504304 0.485867 
-0.632647 -0.247963 0.472022 
0.400795 -0.504304 0.485867 
-0.631321 -0.246272 0.471009 
0.400795 -0.504304 0.485867 
-0.630035 -0.244504 0.469903 
0.400795 -0.504304 0.485867 
-0.628709 -0.2426 0.468673 
0.400795 -0.504304 0.485867 
-0.627419 -0.240661 0.46742 
0.400795 -0.504304 0.485867 
-0.626097 -0.238601 0.466049 
0.400795 -0.504304 0.485867 
-0.624894 -0.2365 0.46465 
0.400795 -0.504304 0.485867 
-0.62363 -0.234237 0.463028 
0.400795 -0.504304 0.485867 
-0.622413 -0.231967 0.46136 
0.400795 -0.504304 0.485867 
-0.621267 -0.229705 0.459689 
0.400795 -0.504304 0.485867 
-0.620125 -0.227336 0.457852 
0.400795 -0.504304 0.485867 
-0.619102 -0.225012 0.456068 
0.400795 -0.504304 0.485867 
-0.618083 -0.222688 0.454197 
0.400795 -0.504304 0.485867 
-0.61706 -0.220375 0.452289 
0.400795 -0.504304 0.485867 
-0.616124 -0.218146 0.450441 
0.400795 -0.504304 0.485867 
-0.615186 -0.215939 0.448546 
0.400795 -0.504304 0.485867 
-0.614302 -0.213734 0.446673 
0.400795 -0.504304 0.485867 
-0.613411 -0.211537 0.444733 
0.400795 -0.504304 0.485867 
-0.612537 -0.20939 0.442815 
0.400795 -0.504304 0.485867 
-0.612252 -0.207795 0.441142 
0.400795 -0.504304 0.485867 
-0.612543 -0.206797 0.439784 
0.400795 -0.504304 0.485867 
-0.612901 -0.205869 0.438618 
0.400795 -0.504304 0.485867 
-0.613245 -0.205118 0.437587 
0.400795 -0.504304 0.485867 
-0.6135 -0.204514 0.436614 
0.400795 -0.504304 0.485867 
-0.613817 -0.204151 0.435909 
0.400795 -0.504304 0.485867 
-0.614113 -0.20392 0.435367 
0.400795 -0.504304 0.485867 
-0.61435 -0.203815 0.434879 
0.400795 -0.504304 0.485867 
-0.614552 -0.203985 0.434687 
0.400795 -0.504304 0.485867 
-0.614724 -0.204394 0.434706 
0.400795 -0.504304 0.485867 
-0.61486 -0.204888 0.434743 
0.400795 -0.504304 0.485867 
-0.615009 -0.205579 0.434925 
0.400795 -0.504304 0.485867 
-0.615193 -0.206444 0.435277 
0.400795 -0.504304 0.485867 
-0.615306 -0.207617 0.435868 
0.400795 -0.504304 0.485867 
-0.615388 -0.208898 0.436557 
0.400795 -0.504304 0.485867 
-0.615522 -0.2104 0.437451 
0.400795 -0.504304 0.485867 
-0.615517 -0.211964 0.438213 
0.400795 -0.504304 0.485867 
-0.615515 -0.21382 0.439185 
0.400795 -0.504304 0.485867 
-0.615459 -0.215798 0.440167 
0.400795 -0.504304 0.485867 
-0.615416 -0.217943 0.441175 
0.400795 -0.504304 0.485867 
-0.615331 -0.220141 0.442143 
0.400795 -0.504304 0.485867 
-0.615281 -0.222442 0.443115 
0.400795 -0.504304 0.485867 
-0.615159 -0.224852 0.444002 
0.400795 -0.504304 0.485867 
-0.65483 -0.250296 0.466857 
0.400795 -0.504304 0.485867 
-0.654831 -0.250297 0.466857 
0.400795 -0.504304 0.485867 
-0.654831 -0.250297 0.466857 
0.400795 -0.504304 0.485867 
-0.654285 -0.250795 0.467019 
0.400795 -0.504304 0.485867 
-0.654209 -0.250775 0.467217 
0.400795 -0.504304 0.485867 
-0.654055 -0.250815 0.467531 
0.400795 -0.504304 0.485867 
-0.65386 -0.25209 0.467746 
0.400795 -0.504304 0.485867 
-0.653516 -0.253395 0.468049 
0.400795 -0.504304 0.485867 
-0.652903 -0.254044 0.468311 
0.400795 -0.504304 0.485867 
-0.651801 -0.254457 0.468804 
0.400795 -0.504304 0.485867 
-0.650668 -0.254773 0.4696 
0.400795 -0.504304 0.485867 
-0.6497 -0.255029 0.470323 
0.400795 -0.504304 0.485867 
-0.648903 -0.255226 0.470897 
0.400795 -0.504304 0.485867 
-0.648239 -0.255393 0.47136 
0.400795 -0.504304 0.485867 
-0.647689 -0.255527 0.471764 
0.400795 -0.504304 0.485867 
-0.647215 -0.255651 0.472093 
0.400795 -0.504304 0.485867 
-0.646814 -0.255755 0.472391 
0.400795 -0.504304 0.485867 
-0.646456 -0.255848 0.472636 
0.400795 -0.504304 0.485867 
-0.64614 -0.255919 0.472856 
0.400795 -0.504304 0.485867 
-0.64586 -0.255986 0.47305 
0.400795 -0.504304 0.485867 
-0.645616 -0.256047 0.473227 
0.400795 -0.504304 0.485867 
-0.645397 -0.256099 0.47339 
0.400795 -0.504304 0.485867 
-0.645199 -0.256151 0.473531 
0.400795 -0.504304 0.485867 
-0.645012 -0.256201 0.473649 
0.400795 -0.504304 0.485867 
-0.614601 -0.238458 0.40953 
0.400795 -0.504304 0.485867 
-0.614602 -0.238459 0.40953 
0.400795 -0.504304 0.485867 
-0.614602 -0.238459 0.40953 
0.400795 -0.504304 0.485867 
-0.614037 -0.238933 0.409364 
0.400795 -0.504304 0.485867 
-0.613869 -0.238913 0.409494 
0.400795 -0.504304 0.485867 
-0.613572 -0.238952 0.40968 
0.400795 -0.504304 0.485867 
-0.613255 -0.240219 0.409709 
0.400795 -0.504304 0.485867 
-0.612762 -0.241512 0.409734 
0.400795 -0.504304 0.485867 
-0.612083 -0.242135 0.409612 
0.400795 -0.504304 0.485867 
-0.610873 -0.242505 0.409442 
0.400795 -0.504304 0.485867 
-0.609482 -0.24278 0.409518 
0.400795 -0.504304 0.485867 
-0.608272 -0.243003 0.40962 
0.400795 -0.504304 0.485867 
-0.607287 -0.243172 0.409687 
0.400795 -0.504304 0.485867 
-0.606474 -0.243316 0.409729 
0.400795 -0.504304 0.485867 
-0.60579 -0.243431 0.409782 
0.400795 -0.504304 0.485867 
-0.60521 -0.243539 0.409811 
0.400795 -0.504304 0.485867 
-0.60471 -0.243628 0.409852 
0.400795 -0.504304 0.485867 
-0.604274 -0.243709 0.40987 
0.400795 -0.504304 0.485867 
-0.603887 -0.243769 0.40989 
0.400795 -0.504304 0.485867 
-0.603545 -0.243826 0.409908 
0.400795 -0.504304 0.485867 
-0.603243 -0.243879 0.40993 
0.400795 -0.504304 0.485867 
-0.60297 -0.243923 0.409952 
0.400795 -0.504304 0.485867 
-0.602725 -0.243968 0.409967 
0.400795 -0.504304 0.485867 
-0.602504 -0.244011 0.409968 
0.400795 -0.504304 0.485867 
-0.6023 -0.244048 0.409966 
0.400795 -0.504304 0.485867 
-0.602115 -0.244083 0.409973 
0.400795 -0.504304 0.485867 
-0.601961 -0.244144 0.410034 
0.400795 -0.504304 0.485867 
-0.601802 -0.244168 0.410036 
0.400795 -0.504304 0.485867 
-0.60116 -0.244401 0.41007 
0.400795 -0.504304 0.485867 
-0.60055 -0.244614 0.41011 
0.400795 -0.504304 0.485867 
-0.599936 -0.244871 0.41013 
0.400795 -0.504304 0.485867 
-0.599376 -0.244995 0.410124 
0.400795 -0.504304 0.485867 
-0.598837 -0.244898 0.410125 
0.400795 -0.504304 0.485867 
-0.59838 -0.244846 0.410152 
0.400795 -0.504304 0.485867 
-0.598074 -0.244836 0.410231 
0.400795 -0.504304 0.485867 
-0.597955 -0.244831 0.410268 
0.400795 -0.504304 0.485867 
-0.597954 -0.24483 0.410257 
0.400795 -0.504304 0.485867 
-0.597952 -0.244827 0.410249 
0.400795 -0.504304 0.485867 
-0.59795 -0.244823 0.410246 
0.400795 -0.504304 0.485867 
-0.597949 -0.244824 0.410234 
0.400795 -0.504304 0.485867 
-0.597948 -0.24482 0.410239 
0.400795 -0.504304 0.485867 
-0.597946 -0.244818 0.410221 
0.400795 -0.504304 0.485867 
-0.597946 -0.24482 0.41022 
0.400795 -0.504304 0.485867 
-0.597947 -0.244821 0.410228 
0.400795 -0.504304 0.485867 
-0.597947 -0.244819 0.410226 
0.400795 -0.504304 0.485867 
-0.597948 -0.244819 0.410231 
0.400795 -0.504304 0.485867 
-0.597949 -0.244825 0.410217 
0.400795 -0.504304 0.485867 
-0.597949 -0.244825 0.410213 
0.400795 -0.504304 0.485867 
-0.597948 -0.244823 0.410216 
0.400795 -0.504304 0.485867 
-0.597949 -0.244823 0.41023 
0.400795 -0.504304 0.485867 
-0.597951 -0.244824 0.410247 
0.400795 -0.504304 0.485867 
-0.597952 -0.244827 0.410244 
0.400795 -0.504304 0.485867 
-0.597936 -0.244796 0.410189 
0.400795 -0.504304 0.485867 
-0.597955 -0.244833 0.410243 
0.400795 -0.504304 0.485867 
-0.597958 -0.244844 0.41023 
0.400795 -0.504304 0.485867 
-0.597995 -0.244921 0.410324 
0.400795 -0.504304 0.485867 
-0.598014 -0.244959 0.410379 
0.400795 -0.504304 0.485867 
-0.598031 -0.244993 0.410423 
0.400795 -0.504304 0.485867 
-0.598067 -0.245064 0.410532 
0.400795 -0.504304 0.485867 
-0.598084 -0.245099 0.410585 
0.400795 -0.504304 0.485867 
-0.61451 -0.235015 0.409807 
0.400795 -0.504304 0.485867 
-0.614511 -0.235016 0.409807 
0.400795 -0.504304 0.485867 
-0.614511 -0.235016 0.409807 
0.400795 -0.504304 0.485867 
-0.613945 -0.235491 0.409642 
0.400795 -0.504304 0.485867 
-0.613778 -0.235471 0.409772 
0.400795 -0.504304 0.485867 
-0.613481 -0.235508 0.409958 
0.400795 -0.504304 0.485867 
-0.613163 -0.236776 0.409989 
0.400795 -0.504304 0.485867 
-0.61267 -0.238068 0.410017 
0.400795 -0.504304 0.485867 
-0.61199 -0.238692 0.409895 
0.400795 -0.504304 0.485867 
-0.610781 -0.239061 0.409726 
0.400795 -0.504304 0.485867 
-0.609389 -0.239336 0.409801 
0.400795 -0.504304 0.485867 
-0.608179 -0.239558 0.409904 
0.400795 -0.504304 0.485867 
-0.607194 -0.239727 0.40997 
0.400795 -0.504304 0.485867 
-0.606381 -0.23987 0.410012 
0.400795 -0.504304 0.485867 
-0.605697 -0.239985 0.410065 
0.400795 -0.504304 0.485867 
-0.605117 -0.240092 0.410094 
0.400795 -0.504304 0.485867 
-0.604617 -0.240182 0.410134 
0.400795 -0.504304 0.485867 
-0.604181 -0.240262 0.410153 
0.400795 -0.504304 0.485867 
-0.603794 -0.240322 0.410173 
0.400795 -0.504304 0.485867 
-0.603452 -0.240379 0.41019 
0.400795 -0.504304 0.485867 
-0.603149 -0.240432 0.410212 
0.400795 -0.504304 0.485867 
-0.602876 -0.240475 0.410234 
0.400795 -0.504304 0.485867 
-0.602632 -0.24052 0.410249 
0.400795 -0.504304 0.485867 
-0.60241 -0.240563 0.410251 
0.400795 -0.504304 0.485867 
-0.602207 -0.2406 0.410248 
0.400795 -0.504304 0.485867 
-0.602022 -0.240635 0.410256 
0.400795 -0.504304 0.485867 
-0.601868 -0.240696 0.410316 
0.400795 -0.504304 0.485867 
-0.601708 -0.24072 0.410318 
0.400795 -0.504304 0.485867 
-0.601067 -0.240952 0.410352 
0.400795 -0.504304 0.485867 
-0.600456 -0.241166 0.410393 
0.400795 -0.504304 0.485867 
-0.599842 -0.241422 0.410412 
0.400795 -0.504304 0.485867 
-0.599282 -0.241546 0.410407 
0.400795 -0.504304 0.485867 
-0.598743 -0.241448 0.410407 
0.400795 -0.504304 0.485867 
-0.598286 -0.241396 0.410433 
0.400795 -0.504304 0.485867 
-0.59798 -0.241386 0.410513 
0.400795 -0.504304 0.485867 
-0.597861 -0.241381 0.410549 
0.400795 -0.504304 0.485867 
-0.59786 -0.24138 0.410539 
0.400795 -0.504304 0.485867 
-0.597858 -0.241377 0.41053 
0.400795 -0.504304 0.485867 
-0.597856 -0.241373 0.410528 
0.400795 -0.504304 0.485867 
