-0.597268 -0.255126 0.407261 
0.412575 -0.469144 0.473863 
-0.597268 -0.255126 0.407261 
0.412575 -0.469144 0.473862 
-0.597268 -0.255126 0.407261 
0.41194 -0.46927 0.473143 
-0.597268 -0.255126 0.407261 
0.412323 -0.468713 0.473132 
-0.597268 -0.255126 0.407261 
0.41261 -0.468892 0.473093 
-0.597268 -0.255126 0.407261 
0.413489 -0.469447 0.474438 
-0.597268 -0.255126 0.407261 
0.412473 -0.468654 0.472509 
-0.597268 -0.255126 0.407261 
0.412667 -0.46899 0.472649 
-0.597268 -0.255126 0.407261 
0.412164 -0.468358 0.471866 
-0.597268 -0.255126 0.407261 
0.412284 -0.46866 0.472063 
-0.597268 -0.255126 0.407261 
0.411812 -0.46839 0.471301 
-0.597268 -0.255126 0.407261 
0.412867 -0.469213 0.473322 
-0.597268 -0.255126 0.407261 
0.41273 -0.469121 0.472652 
-0.597268 -0.255126 0.407261 
0.411886 -0.468375 0.471467 
-0.597268 -0.255126 0.407261 
0.412199 -0.468791 0.472066 
-0.597268 -0.255126 0.407261 
0.411892 -0.468705 0.471257 
-0.597268 -0.255126 0.407261 
0.412235 -0.468814 0.472161 
-0.597268 -0.255126 0.407261 
0.412921 -0.469372 0.473405 
-0.597268 -0.255126 0.407261 
0.413388 -0.46975 0.474047 
-0.597268 -0.255126 0.407261 
0.411434 -0.467819 0.47075 
-0.597268 -0.255126 0.407261 
0.411877 -0.468605 0.471238 
-0.597268 -0.255126 0.407261 
0.412145 -0.468477 0.471935 
-0.597268 -0.255126 0.407261 
0.412316 -0.468649 0.472387 
-0.597268 -0.255126 0.407261 
0.412246 -0.468447 0.472125 
-0.597268 -0.255126 0.407261 
0.412891 -0.468663 0.473546 
-0.597268 -0.255126 0.407261 
0.412004 -0.467805 0.471895 
-0.597268 -0.255126 0.407261 
0.411755 -0.467914 0.471463 
-0.597268 -0.255126 0.407261 
0.411848 -0.468171 0.471623 
-0.597268 -0.255126 0.407261 
0.410294 -0.467087 0.468364 
-0.597268 -0.255126 0.407261 
0.411209 -0.467782 0.469933 
-0.597268 -0.255126 0.407261 
0.411245 -0.468288 0.469295 
-0.597268 -0.255126 0.407261 
0.411585 -0.468126 0.470482 
-0.597268 -0.255126 0.407261 
0.412761 -0.469219 0.472584 
-0.597268 -0.255126 0.407261 
0.412918 -0.469049 0.473081 
-0.597268 -0.255126 0.407261 
0.411731 -0.468266 0.471025 
-0.597268 -0.255126 0.407261 
0.412211 -0.469278 0.47163 
-0.597268 -0.255126 0.407261 
0.412627 -0.469514 0.472126 
-0.597268 -0.255126 0.407261 
0.412755 -0.469461 0.472626 
-0.597268 -0.255126 0.407261 
0.41159 -0.468619 0.4706 
-0.597268 -0.255126 0.407261 
0.411416 -0.46856 0.470308 
-0.597268 -0.255126 0.407261 
0.41172 -0.468856 0.470913 
-0.597268 -0.255126 0.407261 
0.410901 -0.468539 0.469309 
-0.597268 -0.255126 0.407261 
0.409676 -0.467482 0.467065 
-0.597268 -0.255126 0.407261 
0.409989 -0.467942 0.46775 
-0.597268 -0.255126 0.407261 
0.4106 -0.468798 0.468687 
-0.597268 -0.255126 0.407261 
0.410833 -0.468606 0.469551 
-0.597268 -0.255126 0.407261 
0.409804 -0.467912 0.468077 
-0.597268 -0.255126 0.407261 
0.408121 -0.46651 0.465916 
-0.597268 -0.255126 0.407261 
0.407828 -0.466967 0.466106 
-0.597268 -0.255126 0.407261 
0.407623 -0.467701 0.465951 
-0.597268 -0.255126 0.407261 
0.406932 -0.467428 0.465685 
-0.597268 -0.255126 0.407261 
0.406189 -0.467237 0.46537 
-0.597268 -0.255126 0.407261 
0.405323 -0.46703 0.465217 
-0.597268 -0.255126 0.407261 
0.404074 -0.466911 0.464397 
-0.597268 -0.255126 0.407261 
0.403412 -0.467688 0.464119 
-0.597268 -0.255126 0.407261 
0.402789 -0.467793 0.464704 
-0.597268 -0.255126 0.407261 
0.401054 -0.467296 0.461891 
-0.597268 -0.255126 0.407261 
0.401426 -0.468138 0.463363 
-0.597268 -0.255126 0.407261 
0.39989 -0.467685 0.460694 
-0.597268 -0.255126 0.407261 
0.400408 -0.468157 0.462573 
-0.597268 -0.255126 0.407261 
0.400516 -0.468494 0.463847 
-0.597268 -0.255126 0.407261 
0.399796 -0.468496 0.462098 
-0.597268 -0.255126 0.407261 
0.399548 -0.468696 0.462418 
-0.597268 -0.255126 0.407261 
0.399951 -0.468909 0.463167 
-0.597268 -0.255126 0.407261 
0.39974 -0.46864 0.462231 
-0.597268 -0.255126 0.407261 
0.400127 -0.468898 0.463479 
-0.597268 -0.255126 0.407261 
0.39978 -0.468271 0.462877 
-0.597268 -0.255126 0.407261 
0.400505 -0.469069 0.464347 
-0.597268 -0.255126 0.407261 
0.400202 -0.468019 0.463849 
-0.597268 -0.255126 0.407261 
0.399707 -0.467472 0.46294 
-0.597268 -0.255126 0.407261 
0.399635 -0.467705 0.462827 
-0.597268 -0.255126 0.407261 
0.40015 -0.468286 0.46392 
-0.597268 -0.255126 0.407261 
0.399823 -0.468003 0.463048 
-0.597268 -0.255126 0.407261 
0.399814 -0.468324 0.463249 
-0.597268 -0.255126 0.407261 
0.399508 -0.468122 0.462898 
-0.597268 -0.255126 0.407261 
0.39999 -0.468459 0.464217 
-0.597268 -0.255126 0.407261 
0.399898 -0.469097 0.463324 
-0.597268 -0.255126 0.407261 
0.40028 -0.469421 0.464551 
-0.597268 -0.255126 0.407261 
0.400412 -0.46963 0.465067 
-0.597268 -0.255126 0.407261 
0.39983 -0.469332 0.463987 
-0.597268 -0.255126 0.407261 
0.400673 -0.470183 0.466037 
-0.597268 -0.255126 0.407261 
0.400304 -0.469462 0.465345 
-0.597268 -0.255126 0.407261 
0.400761 -0.469573 0.466763 
-0.597268 -0.255126 0.407261 
0.401215 -0.469765 0.467548 
-0.597268 -0.255126 0.407261 
0.400616 -0.469946 0.46538 
-0.597268 -0.255126 0.407261 
0.40053 -0.469302 0.465244 
-0.597268 -0.255126 0.407261 
0.400483 -0.469101 0.465252 
-0.597268 -0.255126 0.407261 
0.400693 -0.46938 0.46573 
-0.597268 -0.255126 0.407261 
0.401094 -0.469402 0.466924 
-0.597268 -0.255126 0.407261 
0.401029 -0.469302 0.466278 
-0.597268 -0.255126 0.407261 
0.399845 -0.468671 0.463631 
-0.597268 -0.255126 0.407261 
0.40017 -0.468759 0.463928 
-0.597268 -0.255126 0.407261 
0.400594 -0.469329 0.464699 
-0.597268 -0.255126 0.407261 
0.400747 -0.469337 0.464939 
-0.597268 -0.255126 0.407261 
0.401509 -0.469494 0.467039 
-0.597268 -0.255126 0.407261 
0.400815 -0.468934 0.465477 
-0.597268 -0.255126 0.407261 
0.401272 -0.469225 0.466831 
-0.597268 -0.255126 0.407261 
0.4007 -0.468812 0.46514 
-0.597268 -0.255126 0.407261 
0.40173 -0.469339 0.467169 
-0.597268 -0.255126 0.407261 
0.400609 -0.468856 0.464486 
-0.597268 -0.255126 0.407261 
0.40036 -0.468382 0.464155 
-0.597268 -0.255126 0.407261 
0.400362 -0.468269 0.464346 
-0.597268 -0.255126 0.407261 
0.400738 -0.46842 0.465155 
-0.597268 -0.255126 0.407261 
0.399851 -0.467922 0.462925 
-0.597268 -0.255126 0.407261 
0.40096 -0.468534 0.465829 
-0.597268 -0.255126 0.407261 
0.400759 -0.468869 0.464739 
-0.597268 -0.255126 0.407261 
0.400629 -0.469245 0.464281 
-0.597268 -0.255126 0.407261 
0.400778 -0.46873 0.465141 
-0.597268 -0.255126 0.407261 
0.40123 -0.468971 0.465863 
-0.597268 -0.255126 0.407261 
0.400623 -0.468703 0.464355 
-0.597268 -0.255126 0.407261 
0.399476 -0.467815 0.461572 
-0.597268 -0.255126 0.407261 
0.40027 -0.4684 0.463509 
-0.597268 -0.255126 0.407261 
0.40081 -0.4695 0.464627 
-0.597268 -0.255126 0.407261 
0.401075 -0.469271 0.464862 
-0.597268 -0.255126 0.407261 
0.400297 -0.468263 0.463841 
-0.597268 -0.255126 0.407261 
0.40028 -0.468449 0.463627 
-0.597268 -0.255126 0.407261 
0.400452 -0.468794 0.463795 
-0.597268 -0.255126 0.407261 
0.400449 -0.468613 0.464044 
-0.597268 -0.255126 0.407261 
0.400492 -0.4684 0.464432 
-0.597268 -0.255126 0.407261 
0.400517 -0.468528 0.464533 
-0.597268 -0.255126 0.407261 
0.400791 -0.468858 0.465064 
-0.597268 -0.255126 0.407261 
0.40033 -0.468754 0.463548 
-0.597268 -0.255126 0.407261 
0.400316 -0.469124 0.463545 
-0.597268 -0.255126 0.407261 
0.400354 -0.469109 0.463083 
-0.597268 -0.255126 0.407261 
0.432324 -0.463506 0.471983 
-0.597268 -0.255126 0.407261 
0.431486 -0.464559 0.472956 
-0.597268 -0.255126 0.407261 
0.430675 -0.463536 0.469584 
-0.597268 -0.255126 0.407261 
0.431051 -0.464536 0.470154 
-0.597268 -0.255126 0.407261 
0.429994 -0.464182 0.468529 
-0.597268 -0.255126 0.407261 
0.428239 -0.463226 0.467162 
-0.597268 -0.255126 0.407261 
0.428413 -0.464491 0.470229 
-0.597268 -0.255126 0.407261 
0.425887 -0.463883 0.468362 
-0.597268 -0.255126 0.407261 
0.424878 -0.464953 0.470307 
-0.597268 -0.255126 0.407261 
0.423806 -0.465166 0.471673 
-0.597268 -0.255126 0.407261 
0.422063 -0.466126 0.471495 
-0.597268 -0.255126 0.407261 
0.420462 -0.466575 0.472318 
-0.597268 -0.255126 0.407261 
0.418656 -0.466456 0.472161 
-0.597268 -0.255126 0.407261 
0.417695 -0.467446 0.473525 
-0.597268 -0.255126 0.407261 
0.416515 -0.467876 0.474386 
-0.597268 -0.255126 0.407261 
0.416732 -0.468597 0.477048 
-0.597268 -0.255126 0.407261 
0.415047 -0.468474 0.475948 
-0.597268 -0.255126 0.407261 
0.415168 -0.469106 0.476607 
-0.597268 -0.255126 0.407261 
0.414771 -0.46933 0.476098 
-0.597268 -0.255126 0.407261 
0.413876 -0.468824 0.474861 
-0.597268 -0.255126 0.407261 
0.414531 -0.469592 0.475865 
-0.597268 -0.255126 0.407261 
0.415271 -0.470252 0.476826 
-0.597268 -0.255126 0.407261 
0.414676 -0.469641 0.475718 
-0.597268 -0.255126 0.407261 
0.4143 -0.46966 0.475304 
-0.597268 -0.255126 0.407261 
0.41416 -0.469691 0.475163 
-0.597268 -0.255126 0.407261 
0.41378 -0.469324 0.474596 
-0.597268 -0.255126 0.407261 
0.414816 -0.470029 0.476788 
-0.597268 -0.255126 0.407261 
0.413499 -0.469281 0.474268 
-0.597268 -0.255126 0.407261 
0.413187 -0.468908 0.474051 
-0.597268 -0.255126 0.407261 
0.413331 -0.46909 0.474087 
-0.597268 -0.255126 0.407261 
0.413916 -0.469379 0.475317 
-0.597268 -0.255126 0.407261 
0.41422 -0.469416 0.475889 
-0.597268 -0.255126 0.407261 
0.413481 -0.469077 0.474599 
-0.597268 -0.255126 0.407261 
0.41473 -0.46942 0.477654 
-0.597268 -0.255126 0.407261 
0.413248 -0.468224 0.474796 
-0.597268 -0.255126 0.407261 
0.413541 -0.468938 0.474961 
-0.597268 -0.255126 0.407261 
0.414418 -0.469329 0.476449 
-0.597268 -0.255126 0.407261 
0.413121 -0.468168 0.474407 
-0.597268 -0.255126 0.407261 
0.41366 -0.469153 0.475195 
-0.597268 -0.255126 0.407261 
0.413794 -0.469276 0.475213 
-0.597268 -0.255126 0.407261 
0.412893 -0.468435 0.473954 
-0.597268 -0.255126 0.407261 
0.413236 -0.469082 0.474555 
-0.597268 -0.255126 0.407261 
0.413212 -0.468943 0.474689 
-0.597268 -0.255126 0.407261 
0.413461 -0.469275 0.475212 
-0.597268 -0.255126 0.407261 
0.413109 -0.469206 0.474429 
-0.597268 -0.255126 0.407261 
0.41182 -0.468357 0.472099 
-0.597268 -0.255126 0.407261 
0.413493 -0.469467 0.475225 
-0.597268 -0.255126 0.407261 
0.412815 -0.469139 0.473883 
-0.597268 -0.255126 0.407261 
0.413288 -0.469776 0.474421 
-0.597268 -0.255126 0.407261 
0.413863 -0.469887 0.475911 
-0.597268 -0.255126 0.407261 
0.41335 -0.469626 0.474678 
