-0.614837 -0.249108 0.381638 
0.400795 -0.504304 0.485867 
-0.614838 -0.249109 0.381638 
0.400795 -0.504304 0.485867 
-0.614358 -0.249699 0.380745 
0.400795 -0.504304 0.485867 
-0.614337 -0.250103 0.380616 
0.400795 -0.504304 0.485867 
-0.614345 -0.249714 0.380671 
0.400795 -0.504304 0.485867 
-0.613886 -0.249996 0.38109 
0.400795 -0.504304 0.485867 
-0.613598 -0.2513 0.380981 
0.400795 -0.504304 0.485867 
-0.613112 -0.252597 0.380894 
0.400795 -0.504304 0.485867 
-0.612515 -0.253136 0.380673 
0.400795 -0.504304 0.485867 
-0.611402 -0.253556 0.380125 
0.400795 -0.504304 0.485867 
-0.609913 -0.25404 0.38006 
0.400795 -0.504304 0.485867 
-0.608755 -0.254263 0.37992 
0.400795 -0.504304 0.485867 
-0.607685 -0.254327 0.379709 
0.400795 -0.504304 0.485867 
-0.607005 -0.254251 0.379551 
0.400795 -0.504304 0.485867 
-0.60634 -0.254106 0.379584 
0.400795 -0.504304 0.485867 
-0.605786 -0.254097 0.379574 
0.400795 -0.504304 0.485867 
-0.60527 -0.254184 0.379492 
0.400795 -0.504304 0.485867 
-0.604877 -0.254381 0.379354 
0.400795 -0.504304 0.485867 
-0.604722 -0.254349 0.378979 
0.400795 -0.504304 0.485867 
-0.604403 -0.254465 0.379168 
0.400795 -0.504304 0.485867 
-0.604032 -0.254375 0.378761 
0.400795 -0.504304 0.485867 
-0.603562 -0.254863 0.379164 
0.400795 -0.504304 0.485867 
-0.603413 -0.254605 0.379144 
0.400795 -0.504304 0.485867 
-0.603298 -0.25449 0.37864 
0.400795 -0.504304 0.485867 
-0.602956 -0.2546 0.379098 
0.400795 -0.504304 0.485867 
-0.602934 -0.254694 0.378544 
0.400795 -0.504304 0.485867 
-0.602888 -0.254572 0.378218 
0.400795 -0.504304 0.485867 
-0.602615 -0.254606 0.378549 
0.400795 -0.504304 0.485867 
-0.601856 -0.254845 0.378492 
0.400795 -0.504304 0.485867 
-0.601075 -0.255079 0.378622 
0.400795 -0.504304 0.485867 
-0.600557 -0.255375 0.378272 
0.400795 -0.504304 0.485867 
-0.600186 -0.255483 0.378168 
0.400795 -0.504304 0.485867 
-0.599691 -0.255295 0.378161 
0.400795 -0.504304 0.485867 
-0.599283 -0.255215 0.378078 
0.400795 -0.504304 0.485867 
-0.598935 -0.254969 0.378173 
0.400795 -0.504304 0.485867 
-0.598848 -0.254722 0.37819 
0.400795 -0.504304 0.485867 
-0.598713 -0.254823 0.378215 
0.400795 -0.504304 0.485867 
-0.598739 -0.255003 0.377928 
0.400795 -0.504304 0.485867 
-0.598615 -0.255073 0.378365 
0.400795 -0.504304 0.485867 
-0.598649 -0.255124 0.378077 
0.400795 -0.504304 0.485867 
-0.59866 -0.254873 0.377801 
0.400795 -0.504304 0.485867 
-0.598727 -0.254862 0.377648 
0.400795 -0.504304 0.485867 
-0.598662 -0.254783 0.377936 
0.400795 -0.504304 0.485867 
-0.598782 -0.254845 0.377741 
0.400795 -0.504304 0.485867 
-0.598625 -0.254905 0.378061 
0.400795 -0.504304 0.485867 
-0.598617 -0.25499 0.377774 
0.400795 -0.504304 0.485867 
-0.598575 -0.255025 0.378293 
0.400795 -0.504304 0.485867 
-0.598805 -0.254788 0.377644 
0.400795 -0.504304 0.485867 
-0.598804 -0.254825 0.377273 
0.400795 -0.504304 0.485867 
-0.598611 -0.255172 0.377848 
0.400795 -0.504304 0.485867 
-0.598607 -0.255073 0.377916 
0.400795 -0.504304 0.485867 
-0.598651 -0.255108 0.378007 
0.400795 -0.504304 0.485867 
-0.598761 -0.255051 0.377581 
0.400795 -0.504304 0.485867 
-0.598839 -0.25499 0.377535 
0.400795 -0.504304 0.485867 
-0.598731 -0.254963 0.377673 
0.400795 -0.504304 0.485867 
-0.598703 -0.255085 0.377943 
0.400795 -0.504304 0.485867 
-0.59873 -0.25511 0.378071 
0.400795 -0.504304 0.485867 
-0.598642 -0.25523 0.378117 
0.400795 -0.504304 0.485867 
-0.598825 -0.255223 0.377921 
0.400795 -0.504304 0.485867 
-0.598858 -0.255268 0.377859 
0.400795 -0.504304 0.485867 
-0.598766 -0.255375 0.37799 
0.400795 -0.504304 0.485867 
-0.598771 -0.255085 0.378248 
0.400795 -0.504304 0.485867 
-0.598874 -0.255056 0.37823 
0.400795 -0.504304 0.485867 
-0.59877 -0.25526 0.378244 
0.400795 -0.504304 0.485867 
-0.598866 -0.255227 0.378274 
0.400795 -0.504304 0.485867 
-0.598829 -0.255356 0.378214 
0.400795 -0.504304 0.485867 
-0.598836 -0.255307 0.377892 
0.400795 -0.504304 0.485867 
-0.598758 -0.255475 0.378459 
0.400795 -0.504304 0.485867 
-0.5989 -0.255358 0.378244 
0.400795 -0.504304 0.485867 
-0.598985 -0.255256 0.378139 
0.400795 -0.504304 0.485867 
-0.598799 -0.255439 0.378122 
0.400795 -0.504304 0.485867 
-0.5988 -0.25558 0.377969 
0.400795 -0.504304 0.485867 
-0.598811 -0.255409 0.378094 
0.400795 -0.504304 0.485867 
-0.598746 -0.25529 0.378293 
0.400795 -0.504304 0.485867 
-0.598756 -0.255128 0.378426 
0.400795 -0.504304 0.485867 
-0.598798 -0.25529 0.378543 
0.400795 -0.504304 0.485867 
-0.598729 -0.255306 0.378376 
0.400795 -0.504304 0.485867 
-0.598785 -0.255422 0.378465 
0.400795 -0.504304 0.485867 
-0.598732 -0.255301 0.378097 
0.400795 -0.504304 0.485867 
-0.598605 -0.25526 0.378655 
0.400795 -0.504304 0.485867 
-0.598567 -0.255383 0.378598 
0.400795 -0.504304 0.485867 
-0.598797 -0.255088 0.378082 
0.400795 -0.504304 0.485867 
-0.598768 -0.254763 0.378077 
0.400795 -0.504304 0.485867 
-0.598726 -0.25506 0.377921 
0.400795 -0.504304 0.485867 
-0.598788 -0.254937 0.377662 
0.400795 -0.504304 0.485867 
-0.598756 -0.254919 0.378046 
0.400795 -0.504304 0.485867 
-0.598754 -0.254744 0.377755 
0.400795 -0.504304 0.485867 
-0.598693 -0.25489 0.377933 
0.400795 -0.504304 0.485867 
-0.598735 -0.254988 0.377895 
0.400795 -0.504304 0.485867 
-0.598642 -0.254883 0.377967 
0.400795 -0.504304 0.485867 
-0.598726 -0.254966 0.377822 
0.400795 -0.504304 0.485867 
-0.59866 -0.255204 0.378039 
0.400795 -0.504304 0.485867 
-0.598726 -0.254941 0.377976 
0.400795 -0.504304 0.485867 
-0.59872 -0.255131 0.377898 
0.400795 -0.504304 0.485867 
-0.598708 -0.254926 0.377987 
0.400795 -0.504304 0.485867 
-0.598687 -0.254853 0.378069 
0.400795 -0.504304 0.485867 
-0.598684 -0.255045 0.37801 
0.400795 -0.504304 0.485867 
-0.598664 -0.254914 0.378011 
0.400795 -0.504304 0.485867 
-0.598644 -0.255048 0.3781 
0.400795 -0.504304 0.485867 
-0.598712 -0.25479 0.378051 
0.400795 -0.504304 0.485867 
-0.598631 -0.25485 0.378142 
0.400795 -0.504304 0.485867 
-0.59869 -0.255203 0.378028 
0.400795 -0.504304 0.485867 
-0.598724 -0.25518 0.377963 
0.400795 -0.504304 0.485867 
-0.598702 -0.25507 0.378244 
0.400795 -0.504304 0.485867 
-0.598702 -0.255082 0.378072 
0.400795 -0.504304 0.485867 
-0.598659 -0.255112 0.378042 
0.400795 -0.504304 0.485867 
-0.598709 -0.255016 0.378135 
0.400795 -0.504304 0.485867 
-0.598712 -0.255129 0.378132 
0.400795 -0.504304 0.485867 
-0.598756 -0.255003 0.378173 
0.400795 -0.504304 0.485867 
-0.598753 -0.255117 0.378215 
0.400795 -0.504304 0.485867 
-0.59872 -0.254973 0.378227 
0.400795 -0.504304 0.485867 
-0.598701 -0.255036 0.378323 
0.400795 -0.504304 0.485867 
-0.59872 -0.254984 0.378308 
0.400795 -0.504304 0.485867 
-0.598692 -0.255261 0.37833 
0.400795 -0.504304 0.485867 
-0.598721 -0.255175 0.378258 
0.400795 -0.504304 0.485867 
-0.598798 -0.255198 0.378146 
0.400795 -0.504304 0.485867 
-0.598769 -0.255147 0.3782 
0.400795 -0.504304 0.485867 
-0.598799 -0.25487 0.378307 
0.400795 -0.504304 0.485867 
-0.598298 -0.253858 0.377028 
0.400795 -0.504304 0.485867 
-0.597667 -0.25285 0.375921 
0.400795 -0.504304 0.485867 
-0.597132 -0.251622 0.374691 
0.400795 -0.504304 0.485867 
-0.596716 -0.250024 0.373219 
0.400795 -0.504304 0.485867 
-0.596396 -0.248608 0.371759 
0.400795 -0.504304 0.485867 
-0.595921 -0.246828 0.370606 
0.400795 -0.504304 0.485867 
-0.595677 -0.245284 0.369187 
0.400795 -0.504304 0.485867 
-0.595425 -0.243486 0.367572 
0.400795 -0.504304 0.485867 
-0.595381 -0.241695 0.36589 
0.400795 -0.504304 0.485867 
-0.595183 -0.239626 0.364397 
0.400795 -0.504304 0.485867 
-0.595109 -0.237772 0.362834 
0.400795 -0.504304 0.485867 
-0.595219 -0.235658 0.360853 
0.400795 -0.504304 0.485867 
-0.595385 -0.233542 0.359143 
0.400795 -0.504304 0.485867 
-0.595558 -0.23127 0.357483 
0.400795 -0.504304 0.485867 
-0.595905 -0.228616 0.355465 
0.400795 -0.504304 0.485867 
-0.596258 -0.226473 0.353679 
0.400795 -0.504304 0.485867 
-0.596702 -0.224203 0.351679 
0.400795 -0.504304 0.485867 
-0.59726 -0.221871 0.349858 
0.400795 -0.504304 0.485867 
-0.59795 -0.21945 0.347894 
0.400795 -0.504304 0.485867 
-0.598754 -0.216888 0.34561 
0.400795 -0.504304 0.485867 
-0.599321 -0.214618 0.343925 
0.400795 -0.504304 0.485867 
-0.599997 -0.212837 0.341926 
0.400795 -0.504304 0.485867 
-0.600782 -0.210507 0.340072 
0.400795 -0.504304 0.485867 
-0.601342 -0.207876 0.338568 
0.400795 -0.504304 0.485867 
-0.601907 -0.206016 0.336846 
0.400795 -0.504304 0.485867 
-0.60313 -0.204163 0.335213 
0.400795 -0.504304 0.485867 
-0.60432 -0.202927 0.334592 
0.400795 -0.504304 0.485867 
-0.605426 -0.202267 0.333871 
0.400795 -0.504304 0.485867 
-0.606369 -0.201608 0.333412 
0.400795 -0.504304 0.485867 
-0.607241 -0.200954 0.332915 
0.400795 -0.504304 0.485867 
-0.60794 -0.200542 0.332677 
0.400795 -0.504304 0.485867 
-0.608505 -0.200185 0.332603 
0.400795 -0.504304 0.485867 
-0.609236 -0.199956 0.332267 
0.400795 -0.504304 0.485867 
-0.609287 -0.200359 0.332375 
0.400795 -0.504304 0.485867 
-0.609311 -0.200818 0.332438 
0.400795 -0.504304 0.485867 
-0.609467 -0.201384 0.332517 
0.400795 -0.504304 0.485867 
-0.609444 -0.202143 0.332694 
0.400795 -0.504304 0.485867 
-0.60923 -0.203105 0.33303 
0.400795 -0.504304 0.485867 
-0.60918 -0.204124 0.333242 
0.400795 -0.504304 0.485867 
-0.608485 -0.205655 0.333875 
0.400795 -0.504304 0.485867 
-0.607875 -0.207158 0.334546 
0.400795 -0.504304 0.485867 
-0.607532 -0.20877 0.334712 
0.400795 -0.504304 0.485867 
-0.606987 -0.210435 0.335147 
0.400795 -0.504304 0.485867 
-0.606045 -0.212463 0.33591 
0.400795 -0.504304 0.485867 
-0.605385 -0.214573 0.336362 
0.400795 -0.504304 0.485867 
-0.604568 -0.216564 0.337019 
0.400795 -0.504304 0.485867 
-0.603786 -0.218854 0.337483 
0.400795 -0.504304 0.485867 
-0.602772 -0.221345 0.338142 
0.400795 -0.504304 0.485867 
-0.60207 -0.223838 0.338463 
0.400795 -0.504304 0.485867 
-0.601367 -0.226263 0.338757 
0.400795 -0.504304 0.485867 
-0.600609 -0.228546 0.339248 
0.400795 -0.504304 0.485867 
-0.599773 -0.23176 0.339606 
0.400795 -0.504304 0.485867 
-0.599272 -0.234202 0.339587 
0.400795 -0.504304 0.485867 
-0.598672 -0.236651 0.339762 
0.400795 -0.504304 0.485867 
-0.598168 -0.239283 0.340088 
0.400795 -0.504304 0.485867 
