-0.602736 -0.233177 0.389864 
0.434526 -0.483427 0.468203 
-0.602865 -0.233141 0.389519 
0.434526 -0.483427 0.468203 
-0.602919 -0.23262 0.389579 
0.43411 -0.483716 0.468141 
-0.602556 -0.232904 0.390245 
0.433814 -0.483959 0.468007 
-0.60281 -0.232481 0.38988 
0.432549 -0.481305 0.466739 
-0.60292 -0.232507 0.389484 
0.432432 -0.481295 0.467188 
-0.602874 -0.232412 0.38963 
0.431724 -0.480639 0.466871 
-0.602928 -0.232626 0.38974 
0.430594 -0.480827 0.466178 
-0.602903 -0.232658 0.389588 
0.429522 -0.480479 0.466922 
-0.602857 -0.232503 0.389663 
0.427964 -0.480959 0.466791 
-0.602878 -0.232537 0.389682 
0.426235 -0.480729 0.466676 
-0.602877 -0.232576 0.389539 
0.42369 -0.482864 0.465345 
-0.602939 -0.232406 0.389476 
0.4222 -0.481487 0.464503 
-0.60287 -0.232638 0.389705 
0.421007 -0.48203 0.465564 
-0.602785 -0.232489 0.389804 
0.417866 -0.483434 0.463732 
-0.602952 -0.232377 0.389438 
0.417074 -0.482333 0.464763 
-0.602954 -0.232445 0.389358 
0.414742 -0.482803 0.465374 
-0.60286 -0.232433 0.389658 
0.412919 -0.483168 0.463336 
-0.602888 -0.232187 0.38966 
0.411424 -0.483507 0.464101 
-0.602841 -0.232292 0.389703 
0.40929 -0.483476 0.463147 
-0.60285 -0.23216 0.389836 
0.408541 -0.483796 0.463082 
-0.602816 -0.232568 0.389879 
0.407732 -0.484558 0.462502 
-0.602839 -0.232698 0.389587 
0.407503 -0.484698 0.46375 
-0.60294 -0.23259 0.389495 
0.407123 -0.485227 0.463006 
-0.602984 -0.232686 0.389709 
0.407444 -0.485657 0.464279 
-0.602931 -0.232707 0.389734 
0.407965 -0.485869 0.462843 
-0.602967 -0.232544 0.389727 
0.407041 -0.486166 0.463289 
-0.602989 -0.232431 0.389754 
0.406845 -0.486315 0.462692 
-0.602747 -0.232558 0.390228 
0.407181 -0.486598 0.46417 
-0.602761 -0.232648 0.390287 
0.406882 -0.48726 0.463688 
-0.603078 -0.232801 0.389673 
0.433886 -0.478207 0.469593 
-0.60316 -0.232705 0.389644 
0.424897 -0.480879 0.467763 
-0.602957 -0.232702 0.389998 
0.425448 -0.480869 0.466437 
-0.602949 -0.232936 0.389953 
0.426335 -0.480968 0.465632 
-0.603006 -0.232976 0.38985 
0.429953 -0.480173 0.467465 
-0.603039 -0.232803 0.389913 
0.429712 -0.480024 0.466227 
-0.602964 -0.232376 0.389898 
0.430266 -0.480181 0.465734 
-0.602951 -0.232743 0.389947 
0.430253 -0.480003 0.467078 
-0.602992 -0.23259 0.389886 
0.428865 -0.479652 0.466966 
-0.602933 -0.232917 0.389959 
0.427827 -0.480359 0.467216 
-0.602845 -0.232791 0.390078 
0.42242 -0.48112 0.465805 
-0.602846 -0.23278 0.390091 
0.423535 -0.480682 0.464135 
-0.602953 -0.232619 0.38985 
0.421093 -0.481149 0.465434 
-0.602983 -0.232642 0.389882 
0.419884 -0.481708 0.465069 
-0.602877 -0.232748 0.389912 
0.418454 -0.482043 0.463969 
-0.602834 -0.232689 0.39015 
0.417153 -0.482038 0.465171 
-0.602811 -0.232799 0.389935 
0.415273 -0.482527 0.463199 
-0.602776 -0.232775 0.390173 
0.413791 -0.482075 0.462934 
-0.602813 -0.232957 0.390091 
0.411968 -0.483238 0.461633 
-0.602766 -0.232763 0.390366 
0.411194 -0.483409 0.462033 
-0.602936 -0.232484 0.39015 
0.409634 -0.483432 0.460787 
-0.602696 -0.232671 0.390598 
0.408147 -0.484192 0.46014 
-0.602645 -0.232837 0.390523 
0.407274 -0.484424 0.461672 
-0.602862 -0.232865 0.390075 
0.406915 -0.484781 0.461458 
-0.603042 -0.232968 0.390073 
0.406532 -0.485231 0.46126 
-0.60293 -0.232805 0.390429 
0.406208 -0.48568 0.460691 
-0.602929 -0.232594 0.390318 
0.406388 -0.485886 0.461795 
-0.602868 -0.233015 0.390275 
0.406415 -0.486746 0.462469 
-0.602829 -0.23295 0.390514 
0.406353 -0.48658 0.462499 
-0.602894 -0.232812 0.390427 
0.406471 -0.487693 0.46287 
-0.602704 -0.232151 0.38937 
0.434479 -0.478416 0.470159 
-0.602689 -0.232158 0.389223 
0.434479 -0.478416 0.470159 
-0.602744 -0.231963 0.389253 
0.428536 -0.480805 0.468959 
-0.602894 -0.231983 0.388816 
0.433012 -0.479221 0.470006 
-0.602837 -0.232322 0.38893 
0.432658 -0.479343 0.469807 
-0.602854 -0.232152 0.389055 
0.431812 -0.479657 0.468253 
-0.602824 -0.232265 0.389083 
0.431842 -0.480382 0.467896 
-0.602695 -0.232267 0.389268 
0.430853 -0.480765 0.467006 
-0.602841 -0.231997 0.389133 
0.429502 -0.480865 0.467294 
-0.602845 -0.232038 0.389127 
0.428418 -0.480632 0.468252 
-0.602728 -0.232155 0.3893 
0.42523 -0.480929 0.467954 
-0.602771 -0.231803 0.389037 
0.425167 -0.481462 0.466464 
-0.602607 -0.231767 0.389273 
0.422145 -0.481555 0.465714 
-0.602533 -0.231911 0.38945 
0.42024 -0.481885 0.46419 
-0.602568 -0.232025 0.389441 
0.419114 -0.483091 0.46574 
-0.602658 -0.232072 0.389379 
0.417843 -0.482647 0.465935 
-0.602669 -0.232094 0.389387 
0.415876 -0.482805 0.465516 
-0.602614 -0.232103 0.389381 
0.413058 -0.483529 0.464379 
-0.602622 -0.23203 0.389463 
0.411993 -0.483696 0.464129 
-0.602609 -0.232242 0.389532 
0.410711 -0.484151 0.46346 
-0.602619 -0.232073 0.389485 
0.409403 -0.484571 0.461761 
-0.602669 -0.232088 0.389404 
0.409295 -0.484712 0.462628 
-0.602771 -0.232084 0.389444 
0.409371 -0.484763 0.463561 
-0.602761 -0.232084 0.389423 
0.408838 -0.485589 0.462771 
-0.602823 -0.232003 0.389477 
0.408416 -0.485201 0.462181 
-0.602836 -0.23213 0.389486 
0.408758 -0.485961 0.464203 
-0.60288 -0.232043 0.389345 
0.408533 -0.486177 0.462904 
-0.602789 -0.231789 0.389633 
0.408008 -0.486248 0.461932 
-0.602827 -0.231878 0.389468 
0.408205 -0.486519 0.462962 
-0.602713 -0.232071 0.389756 
0.407213 -0.487251 0.461846 
-0.602966 -0.232431 0.389646 
0.434953 -0.478073 0.469372 
-0.602974 -0.232394 0.389715 
0.428053 -0.479936 0.469201 
-0.602762 -0.232763 0.390001 
0.433823 -0.47851 0.46943 
-0.602796 -0.232703 0.390002 
0.433529 -0.478765 0.469315 
-0.602873 -0.232728 0.389805 
0.432253 -0.479665 0.467133 
-0.60288 -0.232603 0.389772 
0.432257 -0.479891 0.466664 
-0.602882 -0.232533 0.389751 
0.431679 -0.480638 0.466371 
-0.60287 -0.23248 0.389858 
0.430465 -0.480534 0.465541 
-0.602835 -0.232624 0.389808 
0.429262 -0.48045 0.466536 
-0.602947 -0.232627 0.389666 
0.427627 -0.480872 0.466118 
-0.602707 -0.232719 0.390013 
0.426472 -0.481348 0.466709 
-0.602693 -0.232541 0.38998 
0.423995 -0.481318 0.465715 
-0.602817 -0.232332 0.389837 
0.42239 -0.481649 0.465745 
-0.602822 -0.232402 0.389947 
0.420102 -0.482174 0.464759 
-0.6026 -0.23269 0.390205 
0.418486 -0.482572 0.464734 
-0.602773 -0.232738 0.389885 
0.416424 -0.482221 0.464329 
-0.602801 -0.232478 0.38981 
0.414432 -0.482924 0.463866 
-0.602704 -0.232567 0.390047 
0.412599 -0.483454 0.463602 
-0.602839 -0.232443 0.389945 
0.410544 -0.48397 0.462407 
-0.602827 -0.232397 0.389915 
0.409629 -0.483799 0.462876 
-0.602951 -0.232291 0.389822 
0.409235 -0.483911 0.462801 
-0.602941 -0.232361 0.389615 
0.408808 -0.484754 0.462807 
-0.602841 -0.232318 0.389849 
0.408093 -0.484877 0.461704 
-0.602867 -0.232456 0.389837 
0.408037 -0.485421 0.464495 
-0.602855 -0.23265 0.389937 
0.408087 -0.485618 0.464103 
-0.602841 -0.232724 0.390303 
0.407843 -0.485824 0.464421 
-0.602979 -0.232515 0.39 
0.406945 -0.486164 0.46171 
-0.602932 -0.232486 0.38986 
0.407062 -0.48666 0.462602 
-0.6028 -0.232578 0.390022 
0.406707 -0.486549 0.463264 
-0.602721 -0.232569 0.390404 
0.406825 -0.487735 0.463328 
