-0.599794 -0.222974 0.383274 
0.400795 -0.504304 0.485867 
-0.599795 -0.222975 0.383274 
0.400795 -0.504304 0.485867 
-0.599759 -0.222869 0.38322 
0.400795 -0.504304 0.485867 
-0.599759 -0.222886 0.383108 
0.400795 -0.504304 0.485867 
-0.599804 -0.222788 0.383029 
0.400795 -0.504304 0.485867 
-0.599812 -0.222798 0.382853 
0.400795 -0.504304 0.485867 
-0.599767 -0.22292 0.383026 
0.400795 -0.504304 0.485867 
-0.59982 -0.222951 0.382899 
0.400795 -0.504304 0.485867 
-0.599808 -0.222795 0.38298 
0.400795 -0.504304 0.485867 
-0.599766 -0.222825 0.383004 
0.400795 -0.504304 0.485867 
-0.599714 -0.222919 0.383118 
0.400795 -0.504304 0.485867 
-0.599808 -0.223004 0.382782 
0.400795 -0.504304 0.485867 
-0.599818 -0.222887 0.382865 
0.400795 -0.504304 0.485867 
-0.599839 -0.222903 0.38289 
0.400795 -0.504304 0.485867 
-0.599825 -0.222905 0.382873 
0.400795 -0.504304 0.485867 
-0.599826 -0.22304 0.382907 
0.400795 -0.504304 0.485867 
-0.599802 -0.223023 0.382976 
0.400795 -0.504304 0.485867 
-0.599785 -0.222939 0.383059 
0.400795 -0.504304 0.485867 
-0.599759 -0.222888 0.383125 
0.400795 -0.504304 0.485867 
-0.599809 -0.2228 0.383025 
0.400795 -0.504304 0.485867 
-0.599821 -0.222866 0.383003 
0.400795 -0.504304 0.485867 
-0.599785 -0.223035 0.382985 
0.400795 -0.504304 0.485867 
-0.599775 -0.223011 0.382892 
0.400795 -0.504304 0.485867 
-0.599789 -0.222824 0.382925 
0.400795 -0.504304 0.485867 
-0.599798 -0.222993 0.382886 
0.400795 -0.504304 0.485867 
-0.599804 -0.222781 0.383003 
0.400795 -0.504304 0.485867 
-0.599745 -0.22297 0.383139 
0.400795 -0.504304 0.485867 
-0.599786 -0.222804 0.383148 
0.400795 -0.504304 0.485867 
-0.599732 -0.222967 0.383141 
0.400795 -0.504304 0.485867 
-0.59978 -0.22305 0.383 
0.400795 -0.504304 0.485867 
-0.599728 -0.222929 0.383087 
0.400795 -0.504304 0.485867 
-0.599779 -0.22287 0.383007 
0.400795 -0.504304 0.485867 
-0.59981 -0.222836 0.383014 
0.400795 -0.504304 0.485867 
-0.599739 -0.223043 0.383092 
0.400795 -0.504304 0.485867 
-0.599778 -0.222911 0.383023 
0.400795 -0.504304 0.485867 
-0.599797 -0.22288 0.38295 
0.400795 -0.504304 0.485867 
-0.599776 -0.22297 0.383013 
0.400795 -0.504304 0.485867 
-0.599798 -0.222876 0.382935 
0.400795 -0.504304 0.485867 
-0.599755 -0.222795 0.38306 
0.400795 -0.504304 0.485867 
-0.599854 -0.222825 0.382845 
0.400795 -0.504304 0.485867 
-0.599803 -0.223047 0.382938 
0.400795 -0.504304 0.485867 
-0.599782 -0.222897 0.382947 
0.400795 -0.504304 0.485867 
-0.599749 -0.222854 0.383096 
0.400795 -0.504304 0.485867 
-0.599783 -0.222812 0.382989 
0.400795 -0.504304 0.485867 
-0.599746 -0.222823 0.383042 
0.400795 -0.504304 0.485867 
-0.599844 -0.22266 0.382908 
0.400795 -0.504304 0.485867 
-0.599802 -0.222868 0.382959 
0.400795 -0.504304 0.485867 
-0.599875 -0.222919 0.382846 
0.400795 -0.504304 0.485867 
-0.59987 -0.222756 0.382831 
0.400795 -0.504304 0.485867 
-0.599893 -0.222846 0.382767 
0.400795 -0.504304 0.485867 
-0.599822 -0.222914 0.382905 
0.400795 -0.504304 0.485867 
-0.599745 -0.222932 0.38315 
0.400795 -0.504304 0.485867 
-0.599805 -0.222898 0.383007 
0.400795 -0.504304 0.485867 
-0.599779 -0.222981 0.38301 
0.400795 -0.504304 0.485867 
-0.599822 -0.222936 0.382901 
0.400795 -0.504304 0.485867 
