-0.609599 -0.227596 0.412657 
0.400795 -0.504304 0.485867 
-0.6096 -0.227597 0.412657 
0.400795 -0.504304 0.485867 
-0.609658 -0.228078 0.411398 
0.400795 -0.504304 0.485867 
-0.609099 -0.228191 0.411097 
0.400795 -0.504304 0.485867 
-0.608421 -0.229467 0.411481 
0.400795 -0.504304 0.485867 
-0.607116 -0.231432 0.411752 
0.400795 -0.504304 0.485867 
-0.604595 -0.232074 0.411268 
0.400795 -0.504304 0.485867 
-0.602357 -0.232371 0.411808 
0.400795 -0.504304 0.485867 
-0.600808 -0.232173 0.4122 
0.400795 -0.504304 0.485867 
-0.599718 -0.232199 0.412304 
0.400795 -0.504304 0.485867 
-0.598858 -0.232381 0.412369 
0.400795 -0.504304 0.485867 
-0.598275 -0.232642 0.412067 
0.400795 -0.504304 0.485867 
-0.597812 -0.232718 0.411983 
0.400795 -0.504304 0.485867 
-0.597541 -0.232622 0.411965 
0.400795 -0.504304 0.485867 
-0.597257 -0.232759 0.41208 
0.400795 -0.504304 0.485867 
-0.596294 -0.233095 0.412171 
0.400795 -0.504304 0.485867 
-0.594985 -0.233626 0.412492 
0.400795 -0.504304 0.485867 
-0.593715 -0.233807 0.412529 
0.400795 -0.504304 0.485867 
-0.593154 -0.233531 0.412681 
0.400795 -0.504304 0.485867 
-0.593184 -0.233109 0.412434 
0.400795 -0.504304 0.485867 
-0.593317 -0.233025 0.411616 
0.400795 -0.504304 0.485867 
-0.593294 -0.233034 0.411656 
0.400795 -0.504304 0.485867 
-0.593295 -0.233118 0.411237 
0.400795 -0.504304 0.485867 
-0.59314 -0.233176 0.411859 
0.400795 -0.504304 0.485867 
-0.593102 -0.233119 0.411981 
0.400795 -0.504304 0.485867 
-0.593099 -0.233055 0.412254 
0.400795 -0.504304 0.485867 
-0.593132 -0.233166 0.412119 
0.400795 -0.504304 0.485867 
-0.593096 -0.233016 0.412053 
0.400795 -0.504304 0.485867 
-0.593165 -0.233033 0.411934 
0.400795 -0.504304 0.485867 
-0.593148 -0.233196 0.41225 
0.400795 -0.504304 0.485867 
-0.593198 -0.233233 0.412053 
0.400795 -0.504304 0.485867 
-0.593174 -0.233306 0.412599 
0.400795 -0.504304 0.485867 
-0.593262 -0.233268 0.412738 
0.400795 -0.504304 0.485867 
-0.593298 -0.233363 0.412457 
0.400795 -0.504304 0.485867 
-0.593247 -0.233399 0.412347 
0.400795 -0.504304 0.485867 
-0.593297 -0.233389 0.412148 
0.400795 -0.504304 0.485867 
-0.593285 -0.233457 0.412221 
0.400795 -0.504304 0.485867 
-0.59334 -0.233332 0.412188 
0.400795 -0.504304 0.485867 
-0.593265 -0.233412 0.412639 
0.400795 -0.504304 0.485867 
-0.593222 -0.233639 0.41254 
0.400795 -0.504304 0.485867 
-0.593272 -0.233558 0.412302 
0.400795 -0.504304 0.485867 
-0.59332 -0.233327 0.412075 
0.400795 -0.504304 0.485867 
-0.593204 -0.233442 0.412319 
0.400795 -0.504304 0.485867 
-0.59315 -0.23322 0.412301 
0.400795 -0.504304 0.485867 
-0.59317 -0.23322 0.412186 
0.400795 -0.504304 0.485867 
-0.593169 -0.233196 0.412075 
0.400795 -0.504304 0.485867 
-0.593181 -0.233276 0.412165 
0.400795 -0.504304 0.485867 
-0.593218 -0.233015 0.411987 
0.400795 -0.504304 0.485867 
-0.593176 -0.233086 0.412167 
0.400795 -0.504304 0.485867 
-0.593204 -0.233042 0.412133 
0.400795 -0.504304 0.485867 
-0.593107 -0.232965 0.412372 
0.400795 -0.504304 0.485867 
-0.59314 -0.232916 0.412239 
0.400795 -0.504304 0.485867 
-0.59318 -0.23299 0.412413 
0.400795 -0.504304 0.485867 
-0.59326 -0.233147 0.412261 
0.400795 -0.504304 0.485867 
-0.593212 -0.233091 0.412397 
0.400795 -0.504304 0.485867 
-0.59322 -0.233173 0.412317 
0.400795 -0.504304 0.485867 
-0.5932 -0.233154 0.412501 
0.400795 -0.504304 0.485867 
-0.593337 -0.233078 0.412282 
0.400795 -0.504304 0.485867 
-0.593239 -0.233305 0.412635 
0.400795 -0.504304 0.485867 
-0.593195 -0.233296 0.412495 
0.400795 -0.504304 0.485867 
-0.592488 -0.232113 0.411415 
0.400795 -0.504304 0.485867 
-0.59109 -0.22944 0.409013 
0.400795 -0.504304 0.485867 
-0.589844 -0.226618 0.40676 
0.400795 -0.504304 0.485867 
-0.588436 -0.223055 0.404061 
0.400795 -0.504304 0.485867 
-0.587541 -0.219489 0.401284 
0.400795 -0.504304 0.485867 
-0.586897 -0.215229 0.397788 
0.400795 -0.504304 0.485867 
-0.586409 -0.211208 0.394389 
0.400795 -0.504304 0.485867 
-0.5862 -0.206513 0.390728 
0.400795 -0.504304 0.485867 
-0.586248 -0.202054 0.386878 
0.400795 -0.504304 0.485867 
-0.586608 -0.197301 0.383113 
0.400795 -0.504304 0.485867 
-0.587321 -0.19227 0.378911 
0.400795 -0.504304 0.485867 
-0.587745 -0.188029 0.375224 
0.400795 -0.504304 0.485867 
-0.588277 -0.183902 0.371626 
0.400795 -0.504304 0.485867 
-0.589963 -0.18131 0.369166 
0.400795 -0.504304 0.485867 
-0.591736 -0.179658 0.367699 
0.400795 -0.504304 0.485867 
-0.593411 -0.178577 0.366156 
0.400795 -0.504304 0.485867 
-0.594446 -0.178284 0.365298 
0.400795 -0.504304 0.485867 
-0.594543 -0.179304 0.365567 
0.400795 -0.504304 0.485867 
-0.594363 -0.180094 0.366393 
0.400795 -0.504304 0.485867 
-0.594077 -0.181885 0.367325 
0.400795 -0.504304 0.485867 
-0.593406 -0.184714 0.368382 
0.400795 -0.504304 0.485867 
-0.592214 -0.188195 0.369712 
0.400795 -0.504304 0.485867 
-0.590758 -0.192597 0.37116 
0.400795 -0.504304 0.485867 
-0.589504 -0.19684 0.3724 
0.400795 -0.504304 0.485867 
-0.588141 -0.205457 0.375951 
0.400795 -0.504304 0.485867 
-0.588547 -0.204918 0.375417 
0.400795 -0.504304 0.485867 
-0.587247 -0.210283 0.376494 
0.400795 -0.504304 0.485867 
-0.586195 -0.215302 0.376908 
0.400795 -0.504304 0.485867 
-0.585144 -0.220238 0.37763 
0.400795 -0.504304 0.485867 
-0.584353 -0.225013 0.37775 
0.400795 -0.504304 0.485867 
-0.583807 -0.229369 0.377722 
0.400795 -0.504304 0.485867 
-0.583372 -0.233291 0.377801 
0.400795 -0.504304 0.485867 
-0.584448 -0.237198 0.377347 
0.400795 -0.504304 0.485867 
-0.584089 -0.239945 0.377218 
0.400795 -0.504304 0.485867 
-0.584146 -0.243046 0.376447 
0.400795 -0.504304 0.485867 
-0.584252 -0.244349 0.375163 
0.400795 -0.504304 0.485867 
-0.584295 -0.24705 0.374516 
0.400795 -0.504304 0.485867 
-0.584088 -0.24791 0.374532 
0.400795 -0.504304 0.485867 
-0.584576 -0.250705 0.3737 
0.400795 -0.504304 0.485867 
-0.584745 -0.251985 0.373349 
0.400795 -0.504304 0.485867 
-0.584912 -0.25396 0.373377 
0.400795 -0.504304 0.485867 
-0.585346 -0.25661 0.372887 
0.400795 -0.504304 0.485867 
-0.585712 -0.257541 0.371647 
0.400795 -0.504304 0.485867 
-0.58612 -0.259164 0.370672 
0.400795 -0.504304 0.485867 
-0.586434 -0.26053 0.369698 
0.400795 -0.504304 0.485867 
-0.585003 -0.262079 0.369624 
0.400795 -0.504304 0.485867 
-0.585157 -0.263853 0.369073 
0.400795 -0.504304 0.485867 
-0.585229 -0.265334 0.368756 
0.400795 -0.504304 0.485867 
-0.58513 -0.266562 0.368535 
0.400795 -0.504304 0.485867 
-0.585086 -0.267609 0.368109 
0.400795 -0.504304 0.485867 
-0.584762 -0.268668 0.36805 
0.400795 -0.504304 0.485867 
-0.584376 -0.268921 0.367684 
0.400795 -0.504304 0.485867 
-0.584137 -0.269683 0.367499 
0.400795 -0.504304 0.485867 
-0.583473 -0.268905 0.36744 
0.400795 -0.504304 0.485867 
-0.582686 -0.268791 0.367985 
0.400795 -0.504304 0.485867 
-0.581822 -0.268599 0.368136 
0.400795 -0.504304 0.485867 
-0.58122 -0.268762 0.36834 
0.400795 -0.504304 0.485867 
-0.58021 -0.268268 0.368537 
0.400795 -0.504304 0.485867 
-0.579265 -0.268488 0.368098 
0.400795 -0.504304 0.485867 
-0.57858 -0.268907 0.367617 
0.400795 -0.504304 0.485867 
-0.577824 -0.269248 0.367584 
0.400795 -0.504304 0.485867 
-0.577133 -0.270299 0.368074 
0.400795 -0.504304 0.485867 
-0.576634 -0.271085 0.367971 
0.400795 -0.504304 0.485867 
-0.576218 -0.271787 0.367758 
0.400795 -0.504304 0.485867 
-0.575767 -0.272601 0.367686 
0.400795 -0.504304 0.485867 
-0.575341 -0.273419 0.367669 
0.400795 -0.504304 0.485867 
-0.574929 -0.274151 0.367505 
0.400795 -0.504304 0.485867 
-0.574639 -0.27488 0.367303 
0.400795 -0.504304 0.485867 
-0.574458 -0.275504 0.367022 
0.400795 -0.504304 0.485867 
-0.574351 -0.276196 0.366777 
0.400795 -0.504304 0.485867 
-0.574286 -0.276878 0.366976 
0.400795 -0.504304 0.485867 
-0.574258 -0.277039 0.367064 
0.400795 -0.504304 0.485867 
-0.573066 -0.274444 0.364796 
0.400795 -0.504304 0.485867 
-0.573066 -0.274444 0.364796 
0.400795 -0.504304 0.485867 
-0.573065 -0.274441 0.364794 
0.400795 -0.504304 0.485867 
-0.573064 -0.274446 0.364808 
0.400795 -0.504304 0.485867 
-0.573063 -0.274445 0.364808 
0.400795 -0.504304 0.485867 
-0.573074 -0.274496 0.364891 
0.400795 -0.504304 0.485867 
-0.573052 -0.2744 0.364737 
0.400795 -0.504304 0.485867 
-0.573056 -0.274403 0.364732 
0.400795 -0.504304 0.485867 
-0.573044 -0.274359 0.364674 
0.400795 -0.504304 0.485867 
-0.573068 -0.274458 0.36483 
0.400795 -0.504304 0.485867 
-0.573064 -0.274451 0.364829 
0.400795 -0.504304 0.485867 
