-0.581396 -0.253026 0.406002 
0.372057 -0.461637 0.455944 
-0.585211 -0.251737 0.404091 
0.370057 -0.463066 0.452604 
-0.584562 -0.251192 0.403723 
0.372062 -0.461928 0.452258 
-0.586328 -0.250301 0.403233 
0.373858 -0.461488 0.452542 
-0.587724 -0.250089 0.402614 
0.375981 -0.460828 0.452848 
-0.58914 -0.250064 0.402537 
0.377934 -0.459576 0.452441 
-0.591513 -0.249919 0.401963 
0.379846 -0.459577 0.451955 
-0.594229 -0.249796 0.40114 
0.383115 -0.458594 0.452915 
-0.597073 -0.249498 0.400441 
0.385682 -0.458175 0.453916 
-0.600078 -0.24929 0.399709 
0.388025 -0.457011 0.454151 
-0.602935 -0.248914 0.398955 
0.390287 -0.457287 0.452912 
-0.603895 -0.248968 0.398629 
0.39198 -0.456662 0.453049 
-0.605221 -0.249095 0.398493 
0.393028 -0.456591 0.453113 
-0.607169 -0.248953 0.398555 
0.395177 -0.456317 0.454828 
-0.608975 -0.249117 0.398113 
0.397418 -0.456165 0.453992 
-0.610699 -0.248961 0.397882 
0.398587 -0.455427 0.451946 
-0.612228 -0.248927 0.397892 
0.400299 -0.455815 0.453029 
-0.614583 -0.248762 0.397537 
0.402841 -0.455452 0.45303 
