-0.636824 -0.252148 0.373998 
0.400795 -0.504304 0.485867 
-0.639394 -0.252449 0.376347 
0.400795 -0.504304 0.485867 
-0.642269 -0.253081 0.377213 
0.400795 -0.504304 0.485867 
-0.643302 -0.253755 0.377449 
0.400795 -0.504304 0.485867 
-0.643693 -0.254392 0.376996 
0.400795 -0.504304 0.485867 
-0.643312 -0.254315 0.37665 
0.400795 -0.504304 0.485867 
-0.64132 -0.253396 0.377413 
0.400795 -0.504304 0.485867 
-0.63833 -0.252383 0.378534 
0.400795 -0.504304 0.485867 
-0.634581 -0.250942 0.379694 
0.400795 -0.504304 0.485867 
-0.631172 -0.249918 0.380762 
0.400795 -0.504304 0.485867 
-0.628411 -0.24858 0.381766 
0.400795 -0.504304 0.485867 
-0.626796 -0.247497 0.382259 
0.400795 -0.504304 0.485867 
-0.625051 -0.247042 0.382909 
0.400795 -0.504304 0.485867 
-0.623595 -0.246266 0.383348 
0.400795 -0.504304 0.485867 
-0.621682 -0.245379 0.383964 
0.400795 -0.504304 0.485867 
-0.619079 -0.244633 0.384657 
0.400795 -0.504304 0.485867 
-0.616607 -0.243273 0.385266 
0.400795 -0.504304 0.485867 
-0.614749 -0.242481 0.385919 
0.400795 -0.504304 0.485867 
-0.613047 -0.241997 0.38649 
0.400795 -0.504304 0.485867 
