-0.610656 -0.22649 0.408262 
0.400795 -0.504304 0.485867 
-0.610656 -0.22649 0.408262 
0.400795 -0.504304 0.485867 
-0.609317 -0.226864 0.407024 
0.400795 -0.504304 0.485867 
-0.609697 -0.228132 0.406466 
0.400795 -0.504304 0.485867 
-0.608833 -0.230319 0.406501 
0.400795 -0.504304 0.485867 
-0.606186 -0.231153 0.40673 
0.400795 -0.504304 0.485867 
-0.604103 -0.231288 0.407372 
0.400795 -0.504304 0.485867 
-0.60258 -0.2312 0.407524 
0.400795 -0.504304 0.485867 
-0.601461 -0.231677 0.407625 
0.400795 -0.504304 0.485867 
-0.600539 -0.231818 0.407723 
0.400795 -0.504304 0.485867 
-0.599934 -0.231838 0.407561 
0.400795 -0.504304 0.485867 
-0.599498 -0.231824 0.407284 
0.400795 -0.504304 0.485867 
-0.599165 -0.231831 0.407507 
0.400795 -0.504304 0.485867 
-0.598874 -0.231952 0.407386 
0.400795 -0.504304 0.485867 
-0.598105 -0.232222 0.407676 
0.400795 -0.504304 0.485867 
-0.596822 -0.232669 0.407447 
0.400795 -0.504304 0.485867 
-0.595721 -0.232736 0.407291 
0.400795 -0.504304 0.485867 
-0.594872 -0.232922 0.407714 
0.400795 -0.504304 0.485867 
-0.594722 -0.232686 0.407524 
0.400795 -0.504304 0.485867 
-0.594899 -0.232627 0.407699 
0.400795 -0.504304 0.485867 
-0.594813 -0.232498 0.407033 
0.400795 -0.504304 0.485867 
-0.594705 -0.23257 0.407252 
0.400795 -0.504304 0.485867 
-0.59486 -0.232476 0.406983 
0.400795 -0.504304 0.485867 
-0.594868 -0.232447 0.407151 
0.400795 -0.504304 0.485867 
-0.594767 -0.232548 0.407216 
0.400795 -0.504304 0.485867 
-0.594885 -0.232444 0.407306 
0.400795 -0.504304 0.485867 
-0.594804 -0.232339 0.407146 
0.400795 -0.504304 0.485867 
-0.594879 -0.232457 0.407412 
0.400795 -0.504304 0.485867 
-0.594972 -0.232595 0.407011 
0.400795 -0.504304 0.485867 
-0.594812 -0.232768 0.407899 
0.400795 -0.504304 0.485867 
-0.594989 -0.232686 0.407554 
0.400795 -0.504304 0.485867 
-0.595043 -0.232721 0.407419 
0.400795 -0.504304 0.485867 
-0.595043 -0.232697 0.407404 
0.400795 -0.504304 0.485867 
-0.595002 -0.232915 0.40752 
0.400795 -0.504304 0.485867 
-0.595067 -0.232965 0.407443 
0.400795 -0.504304 0.485867 
-0.595001 -0.232929 0.407479 
0.400795 -0.504304 0.485867 
-0.595005 -0.232894 0.407458 
0.400795 -0.504304 0.485867 
-0.595055 -0.232802 0.407458 
0.400795 -0.504304 0.485867 
-0.594998 -0.232944 0.407591 
0.400795 -0.504304 0.485867 
-0.594889 -0.232943 0.407649 
0.400795 -0.504304 0.485867 
-0.594943 -0.23288 0.40785 
0.400795 -0.504304 0.485867 
