-0.597268 -0.255126 0.407261 
0.448969 -0.496928 0.44618 
-0.597268 -0.255126 0.407261 
0.448968 -0.496928 0.44618 
-0.597268 -0.255126 0.407261 
0.448968 -0.496928 0.44618 
-0.597268 -0.255126 0.407261 
0.448968 -0.496928 0.44618 
-0.597268 -0.255126 0.407261 
0.448968 -0.496928 0.44618 
-0.597268 -0.255126 0.407261 
0.448968 -0.496928 0.44618 
-0.597268 -0.255126 0.407261 
0.448968 -0.496928 0.44618 
-0.597268 -0.255126 0.407261 
0.448968 -0.496928 0.44618 
-0.597268 -0.255126 0.407261 
0.448968 -0.496928 0.44618 
-0.597268 -0.255126 0.407261 
0.448968 -0.496928 0.44618 
-0.597268 -0.255126 0.407261 
0.448968 -0.496928 0.44618 
-0.597268 -0.255126 0.407261 
0.448968 -0.496928 0.44618 
-0.597268 -0.255126 0.407261 
0.448968 -0.496928 0.44618 
-0.597268 -0.255126 0.407261 
0.448968 -0.496928 0.44618 
-0.597268 -0.255126 0.407261 
0.448968 -0.496928 0.44618 
-0.597268 -0.255126 0.407261 
0.448968 -0.496928 0.44618 
-0.597268 -0.255126 0.407261 
0.448968 -0.496928 0.44618 
-0.597268 -0.255126 0.407261 
0.448968 -0.496928 0.44618 
-0.597268 -0.255126 0.407261 
0.448968 -0.496928 0.44618 
-0.597268 -0.255126 0.407261 
0.448968 -0.496928 0.44618 
-0.597268 -0.255126 0.407261 
0.448968 -0.496928 0.44618 
-0.597268 -0.255126 0.407261 
0.448968 -0.496928 0.44618 
-0.597268 -0.255126 0.407261 
0.448968 -0.496928 0.44618 
-0.597268 -0.255126 0.407261 
0.448968 -0.496928 0.44618 
-0.597268 -0.255126 0.407261 
0.448968 -0.496928 0.44618 
-0.597268 -0.255126 0.407261 
0.448968 -0.496928 0.44618 
-0.597268 -0.255126 0.407261 
0.448968 -0.496928 0.44618 
-0.597268 -0.255126 0.407261 
0.448968 -0.496928 0.44618 
-0.597268 -0.255126 0.407261 
0.448968 -0.496928 0.44618 
-0.597268 -0.255126 0.407261 
0.448968 -0.496928 0.44618 
-0.597268 -0.255126 0.407261 
0.448968 -0.496928 0.44618 
-0.597268 -0.255126 0.407261 
0.448968 -0.496928 0.44618 
