-0.597268 -0.255126 0.407261 
0.405627 -0.484584 0.476168 
-0.597268 -0.255126 0.407261 
0.398754 -0.48226 0.481091 
-0.597268 -0.255126 0.407261 
0.401783 -0.48259 0.479127 
-0.597268 -0.255126 0.407261 
0.402683 -0.483749 0.478388 
-0.597268 -0.255126 0.407261 
0.403053 -0.485158 0.477356 
-0.597268 -0.255126 0.407261 
0.404081 -0.486764 0.476972 
-0.597268 -0.255126 0.407261 
0.404715 -0.489065 0.477302 
-0.597268 -0.255126 0.407261 
0.403961 -0.489295 0.475211 
-0.597268 -0.255126 0.407261 
0.404074 -0.49031 0.47584 
-0.597268 -0.255126 0.407261 
0.40455 -0.491341 0.475987 
-0.597268 -0.255126 0.407261 
0.404384 -0.492554 0.476422 
-0.597268 -0.255126 0.407261 
0.404171 -0.492991 0.476463 
-0.597268 -0.255126 0.407261 
0.40366 -0.493554 0.475044 
-0.597268 -0.255126 0.407261 
0.404327 -0.494016 0.477352 
-0.597268 -0.255126 0.407261 
0.404043 -0.495189 0.475773 
-0.597268 -0.255126 0.407261 
0.403702 -0.49648 0.474894 
-0.597268 -0.255126 0.407261 
0.403829 -0.498154 0.474892 
-0.597268 -0.255126 0.407261 
0.403457 -0.498803 0.474958 
-0.597268 -0.255126 0.407261 
0.402947 -0.498919 0.474968 
-0.597268 -0.255126 0.407261 
0.40264 -0.500012 0.475142 
-0.597268 -0.255126 0.407261 
0.402501 -0.500304 0.475359 
-0.597268 -0.255126 0.407261 
0.402694 -0.501313 0.476461 
-0.597268 -0.255126 0.407261 
0.402779 -0.501808 0.475892 
-0.597268 -0.255126 0.407261 
0.40364 -0.501412 0.477041 
-0.597268 -0.255126 0.407261 
0.404824 -0.50112 0.477002 
-0.597268 -0.255126 0.407261 
0.406526 -0.49936 0.477364 
-0.597268 -0.255126 0.407261 
0.409819 -0.49829 0.479367 
-0.597268 -0.255126 0.407261 
0.412781 -0.496832 0.479967 
-0.597268 -0.255126 0.407261 
0.415755 -0.49568 0.480655 
-0.597268 -0.255126 0.407261 
0.418811 -0.49496 0.48223 
-0.597268 -0.255126 0.407261 
0.422241 -0.493658 0.484004 
-0.597268 -0.255126 0.407261 
0.425852 -0.492356 0.485784 
-0.597268 -0.255126 0.407261 
0.428874 -0.490815 0.485946 
-0.597268 -0.255126 0.407261 
0.432369 -0.489741 0.487349 
-0.597268 -0.255126 0.407261 
0.434803 -0.488499 0.486761 
-0.597268 -0.255126 0.407261 
0.437605 -0.48739 0.487271 
-0.597268 -0.255126 0.407261 
0.439782 -0.486529 0.487447 
-0.597268 -0.255126 0.407261 
0.441639 -0.485799 0.488043 
-0.597268 -0.255126 0.407261 
0.443058 -0.486468 0.488889 
-0.597268 -0.255126 0.407261 
0.442568 -0.486121 0.487827 
-0.597268 -0.255126 0.407261 
0.442189 -0.485996 0.487295 
