-0.622038 -0.236129 0.414058 
0.400795 -0.504304 0.485867 
-0.622038 -0.236129 0.414058 
0.400795 -0.504304 0.485867 
-0.621591 -0.236514 0.41134 
0.400795 -0.504304 0.485867 
-0.620867 -0.23816 0.412055 
0.400795 -0.504304 0.485867 
-0.6197 -0.240049 0.412193 
0.400795 -0.504304 0.485867 
-0.61709 -0.240658 0.412316 
0.400795 -0.504304 0.485867 
-0.614928 -0.241092 0.412732 
0.400795 -0.504304 0.485867 
-0.613414 -0.241395 0.413221 
0.400795 -0.504304 0.485867 
-0.612241 -0.24151 0.413401 
0.400795 -0.504304 0.485867 
-0.611426 -0.241502 0.4135 
0.400795 -0.504304 0.485867 
-0.610761 -0.24152 0.413262 
0.400795 -0.504304 0.485867 
-0.610315 -0.241408 0.413402 
0.400795 -0.504304 0.485867 
-0.609907 -0.241451 0.413358 
0.400795 -0.504304 0.485867 
-0.609554 -0.241923 0.413405 
0.400795 -0.504304 0.485867 
-0.608725 -0.242156 0.413527 
0.400795 -0.504304 0.485867 
-0.607429 -0.242712 0.413552 
0.400795 -0.504304 0.485867 
-0.606468 -0.242458 0.413551 
0.400795 -0.504304 0.485867 
-0.60553 -0.242412 0.413895 
0.400795 -0.504304 0.485867 
-0.605452 -0.242448 0.414005 
0.400795 -0.504304 0.485867 
-0.605562 -0.242317 0.414124 
0.400795 -0.504304 0.485867 
-0.605661 -0.242143 0.414086 
0.400795 -0.504304 0.485867 
-0.605603 -0.242193 0.413772 
0.400795 -0.504304 0.485867 
-0.605651 -0.242302 0.413558 
0.400795 -0.504304 0.485867 
-0.605617 -0.242445 0.413586 
0.400795 -0.504304 0.485867 
-0.605598 -0.242256 0.413549 
0.400795 -0.504304 0.485867 
-0.605551 -0.242305 0.413707 
0.400795 -0.504304 0.485867 
-0.6055 -0.242253 0.413541 
0.400795 -0.504304 0.485867 
-0.605536 -0.242321 0.413665 
0.400795 -0.504304 0.485867 
-0.605563 -0.242529 0.413974 
0.400795 -0.504304 0.485867 
-0.605683 -0.242554 0.413801 
0.400795 -0.504304 0.485867 
-0.605713 -0.24262 0.413825 
0.400795 -0.504304 0.485867 
-0.605765 -0.242734 0.413725 
0.400795 -0.504304 0.485867 
-0.605683 -0.242644 0.413931 
0.400795 -0.504304 0.485867 
-0.605772 -0.242462 0.413885 
0.400795 -0.504304 0.485867 
-0.605727 -0.242568 0.414105 
0.400795 -0.504304 0.485867 
-0.605729 -0.242796 0.413888 
0.400795 -0.504304 0.485867 
-0.605725 -0.242597 0.413942 
0.400795 -0.504304 0.485867 
-0.605686 -0.24282 0.414099 
0.400795 -0.504304 0.485867 
-0.605684 -0.242801 0.414221 
0.400795 -0.504304 0.485867 
-0.605663 -0.242562 0.414135 
0.400795 -0.504304 0.485867 
-0.605623 -0.242679 0.414188 
0.400795 -0.504304 0.485867 
-0.605655 -0.242291 0.414159 
0.400795 -0.504304 0.485867 
-0.605632 -0.242268 0.413602 
0.400795 -0.504304 0.485867 
-0.605611 -0.242433 0.413678 
0.400795 -0.504304 0.485867 
-0.605548 -0.242476 0.413736 
0.400795 -0.504304 0.485867 
-0.605579 -0.242426 0.413939 
0.400795 -0.504304 0.485867 
-0.605559 -0.242472 0.41403 
0.400795 -0.504304 0.485867 
-0.605635 -0.24246 0.41369 
0.400795 -0.504304 0.485867 
-0.605575 -0.242247 0.413859 
0.400795 -0.504304 0.485867 
-0.605511 -0.242264 0.414027 
0.400795 -0.504304 0.485867 
-0.605611 -0.242392 0.413774 
0.400795 -0.504304 0.485867 
-0.605692 -0.2424 0.41371 
0.400795 -0.504304 0.485867 
-0.605639 -0.242403 0.413766 
0.400795 -0.504304 0.485867 
-0.605584 -0.242595 0.413928 
0.400795 -0.504304 0.485867 
-0.60567 -0.242467 0.413901 
0.400795 -0.504304 0.485867 
-0.605666 -0.242463 0.414198 
0.400795 -0.504304 0.485867 
-0.605728 -0.242419 0.414193 
0.400795 -0.504304 0.485867 
-0.605674 -0.242487 0.414226 
0.400795 -0.504304 0.485867 
-0.6057 -0.242466 0.41385 
0.400795 -0.504304 0.485867 
-0.604956 -0.241109 0.412652 
0.400795 -0.504304 0.485867 
-0.603297 -0.238633 0.410872 
0.400795 -0.504304 0.485867 
-0.601885 -0.235413 0.40862 
0.400795 -0.504304 0.485867 
-0.600527 -0.232038 0.405923 
0.400795 -0.504304 0.485867 
-0.59958 -0.228637 0.403108 
0.400795 -0.504304 0.485867 
-0.598641 -0.22469 0.399943 
0.400795 -0.504304 0.485867 
-0.598068 -0.220326 0.396527 
0.400795 -0.504304 0.485867 
-0.597665 -0.215747 0.392642 
0.400795 -0.504304 0.485867 
-0.597702 -0.211027 0.389024 
0.400795 -0.504304 0.485867 
-0.59782 -0.206293 0.385391 
0.400795 -0.504304 0.485867 
-0.598232 -0.201259 0.381326 
0.400795 -0.504304 0.485867 
-0.598689 -0.196801 0.37727 
0.400795 -0.504304 0.485867 
-0.599281 -0.192273 0.373125 
0.400795 -0.504304 0.485867 
-0.600828 -0.18962 0.370817 
0.400795 -0.504304 0.485867 
-0.60256 -0.187777 0.369375 
0.400795 -0.504304 0.485867 
-0.60391 -0.187007 0.368233 
0.400795 -0.504304 0.485867 
-0.604999 -0.186837 0.367687 
0.400795 -0.504304 0.485867 
-0.605487 -0.187579 0.367439 
0.400795 -0.504304 0.485867 
-0.605554 -0.188821 0.367767 
0.400795 -0.504304 0.485867 
-0.605156 -0.1906 0.368614 
0.400795 -0.504304 0.485867 
-0.604354 -0.193513 0.36989 
0.400795 -0.504304 0.485867 
-0.603477 -0.196594 0.371014 
0.400795 -0.504304 0.485867 
-0.602254 -0.200742 0.372315 
0.400795 -0.504304 0.485867 
-0.600904 -0.205357 0.373772 
0.400795 -0.504304 0.485867 
-0.59966 -0.21325 0.374515 
0.400795 -0.504304 0.485867 
-0.599865 -0.213076 0.374348 
0.400795 -0.504304 0.485867 
-0.598637 -0.218187 0.375339 
0.400795 -0.504304 0.485867 
-0.597494 -0.223382 0.376137 
0.400795 -0.504304 0.485867 
-0.596587 -0.228716 0.376552 
0.400795 -0.504304 0.485867 
-0.595981 -0.233183 0.37654 
0.400795 -0.504304 0.485867 
-0.595314 -0.237958 0.376644 
0.400795 -0.504304 0.485867 
-0.595093 -0.241437 0.376441 
0.400795 -0.504304 0.485867 
-0.596195 -0.24522 0.376049 
0.400795 -0.504304 0.485867 
-0.59618 -0.248413 0.375312 
0.400795 -0.504304 0.485867 
-0.596388 -0.251091 0.374341 
0.400795 -0.504304 0.485867 
-0.595906 -0.253072 0.374477 
0.400795 -0.504304 0.485867 
-0.596001 -0.254098 0.373695 
0.400795 -0.504304 0.485867 
-0.596164 -0.255774 0.372679 
0.400795 -0.504304 0.485867 
-0.59616 -0.257989 0.372941 
0.400795 -0.504304 0.485867 
-0.596423 -0.259552 0.37262 
0.400795 -0.504304 0.485867 
-0.596984 -0.261436 0.371727 
0.400795 -0.504304 0.485867 
-0.597235 -0.263204 0.371526 
0.400795 -0.504304 0.485867 
-0.59775 -0.265611 0.370652 
0.400795 -0.504304 0.485867 
-0.598159 -0.267468 0.36971 
0.400795 -0.504304 0.485867 
-0.598381 -0.268651 0.368806 
0.400795 -0.504304 0.485867 
-0.596975 -0.269691 0.36858 
0.400795 -0.504304 0.485867 
-0.59719 -0.271679 0.368046 
0.400795 -0.504304 0.485867 
-0.597159 -0.273511 0.367798 
0.400795 -0.504304 0.485867 
-0.597147 -0.274661 0.367476 
0.400795 -0.504304 0.485867 
-0.596992 -0.275534 0.367171 
0.400795 -0.504304 0.485867 
-0.596757 -0.276426 0.367071 
0.400795 -0.504304 0.485867 
-0.596433 -0.276924 0.36676 
0.400795 -0.504304 0.485867 
-0.595954 -0.277291 0.366811 
0.400795 -0.504304 0.485867 
-0.595469 -0.277301 0.366845 
0.400795 -0.504304 0.485867 
-0.59462 -0.277079 0.367391 
0.400795 -0.504304 0.485867 
-0.593821 -0.27703 0.36754 
0.400795 -0.504304 0.485867 
-0.593083 -0.277089 0.367759 
0.400795 -0.504304 0.485867 
-0.592001 -0.276556 0.367962 
0.400795 -0.504304 0.485867 
-0.59082 -0.27625 0.367963 
0.400795 -0.504304 0.485867 
-0.590106 -0.27657 0.367551 
0.400795 -0.504304 0.485867 
-0.589622 -0.277504 0.367429 
0.400795 -0.504304 0.485867 
-0.589211 -0.278524 0.367396 
0.400795 -0.504304 0.485867 
-0.588687 -0.279645 0.367379 
0.400795 -0.504304 0.485867 
-0.588226 -0.280006 0.367194 
0.400795 -0.504304 0.485867 
-0.58787 -0.280761 0.36689 
0.400795 -0.504304 0.485867 
-0.587396 -0.281509 0.366851 
0.400795 -0.504304 0.485867 
-0.587038 -0.281987 0.366437 
0.400795 -0.504304 0.485867 
-0.586669 -0.28283 0.366402 
0.400795 -0.504304 0.485867 
-0.586452 -0.283431 0.366353 
0.400795 -0.504304 0.485867 
-0.586382 -0.284321 0.366316 
0.400795 -0.504304 0.485867 
-0.586338 -0.285071 0.366383 
0.400795 -0.504304 0.485867 
-0.586178 -0.28525 0.366727 
0.400795 -0.504304 0.485867 
-0.584678 -0.283752 0.371492 
0.400795 -0.504304 0.485867 
-0.58466 -0.283709 0.371556 
0.400795 -0.504304 0.485867 
-0.584611 -0.283707 0.37187 
0.400795 -0.504304 0.485867 
-0.584822 -0.283716 0.371584 
0.400795 -0.504304 0.485867 
-0.584962 -0.283816 0.371379 
0.400795 -0.504304 0.485867 
-0.58486 -0.283725 0.371602 
0.400795 -0.504304 0.485867 
-0.584819 -0.283708 0.371465 
0.400795 -0.504304 0.485867 
-0.584717 -0.283785 0.37177 
0.400795 -0.504304 0.485867 
-0.584802 -0.283903 0.371508 
0.400795 -0.504304 0.485867 
-0.584833 -0.283934 0.371542 
0.400795 -0.504304 0.485867 
-0.584695 -0.283861 0.371849 
0.400795 -0.504304 0.485867 
-0.665337 -0.241687 0.472442 
0.400795 -0.504304 0.485867 
-0.665337 -0.241687 0.472442 
0.400795 -0.504304 0.485867 
-0.664706 -0.242161 0.472791 
0.400795 -0.504304 0.485867 
-0.664326 -0.243485 0.473274 
0.400795 -0.504304 0.485867 
-0.663321 -0.245432 0.473776 
0.400795 -0.504304 0.485867 
-0.661081 -0.246149 0.475063 
0.400795 -0.504304 0.485867 
-0.659318 -0.246603 0.476362 
0.400795 -0.504304 0.485867 
-0.658106 -0.246903 0.477231 
0.400795 -0.504304 0.485867 
-0.657231 -0.247131 0.477859 
0.400795 -0.504304 0.485867 
-0.656557 -0.247295 0.478326 
0.400795 -0.504304 0.485867 
