-0.637449 -0.2421 0.372494 
0.381474 -0.480965 0.438877 
-0.635028 -0.242929 0.37286 
0.381852 -0.485573 0.44088 
-0.636388 -0.243002 0.373639 
0.381987 -0.487218 0.442556 
-0.637191 -0.243885 0.374049 
0.38173 -0.487079 0.443125 
-0.637503 -0.2445 0.373793 
0.381601 -0.487206 0.443947 
-0.63709 -0.244446 0.373591 
0.381429 -0.48704 0.443066 
-0.635187 -0.243498 0.37412 
0.381893 -0.487712 0.443113 
-0.631832 -0.242315 0.375135 
0.382299 -0.48931 0.443285 
-0.627417 -0.240772 0.376638 
0.382761 -0.49054 0.44199 
-0.6239 -0.239629 0.377623 
0.38338 -0.491281 0.442676 
-0.621508 -0.238596 0.378602 
0.383858 -0.492453 0.443632 
-0.619857 -0.237901 0.378924 
0.38398 -0.493452 0.443475 
-0.6179 -0.237133 0.379743 
0.38389 -0.494014 0.441943 
-0.616466 -0.23649 0.380314 
0.383563 -0.494976 0.439971 
-0.614979 -0.235907 0.380567 
0.383781 -0.496026 0.441846 
-0.612177 -0.234745 0.381334 
0.383707 -0.49666 0.442946 
-0.609332 -0.233467 0.382196 
0.383668 -0.497157 0.441593 
-0.606691 -0.232494 0.382647 
0.383686 -0.498121 0.440755 
-0.604058 -0.231543 0.383351 
0.383396 -0.498295 0.439461 
-0.60235 -0.230443 0.383434 
0.382813 -0.498652 0.439514 
-0.601741 -0.229709 0.382977 
0.381919 -0.498859 0.437375 
-0.602419 -0.230025 0.382807 
0.381502 -0.499503 0.439663 
-0.45805 -0.16486 0.48415 
0.381659 -0.499327 0.439159 
-0.476752 -0.20033 0.470106 
0.371538 -0.479593 0.419272 
-0.476752 -0.20033 0.470106 
0.371044 -0.478695 0.418245 
-0.476752 -0.20033 0.470106 
0.372095 -0.476928 0.418213 
-0.476752 -0.20033 0.470106 
0.374471 -0.478325 0.423404 
-0.476752 -0.20033 0.470106 
0.378041 -0.480339 0.426756 
-0.476752 -0.20033 0.470106 
0.382279 -0.480933 0.434213 
-0.476752 -0.20033 0.470106 
0.38613 -0.480996 0.43535 
-0.476752 -0.20033 0.470106 
0.390683 -0.480142 0.438726 
-0.476752 -0.20033 0.470106 
0.395092 -0.480369 0.440317 
-0.476752 -0.20033 0.470106 
0.4002 -0.48095 0.446211 
-0.476752 -0.20033 0.470106 
0.404906 -0.481573 0.449247 
-0.476752 -0.20033 0.470106 
0.410438 -0.482322 0.453785 
-0.476752 -0.20033 0.470106 
0.415426 -0.482207 0.45637 
-0.476752 -0.20033 0.470106 
0.42012 -0.482883 0.457358 
-0.476752 -0.20033 0.470106 
0.424028 -0.482709 0.458647 
-0.476752 -0.20033 0.470106 
0.42591 -0.482671 0.458923 
-0.476752 -0.20033 0.470106 
0.42744 -0.483639 0.45923 
-0.476752 -0.20033 0.470106 
0.427365 -0.483136 0.458814 
-0.476752 -0.20033 0.470106 
0.426606 -0.483271 0.458062 
-0.476752 -0.20033 0.470106 
0.425762 -0.48286 0.45702 
-0.476752 -0.20033 0.470106 
0.425373 -0.483463 0.457689 
-0.476752 -0.20033 0.470106 
0.424962 -0.48366 0.458086 
-0.476752 -0.20033 0.470106 
0.42485 -0.484249 0.457705 
-0.601358 -0.229803 0.384996 
0.438629 -0.488537 0.475694 
-0.601358 -0.229803 0.384996 
0.436741 -0.482889 0.474539 
-0.601358 -0.229802 0.384993 
0.436706 -0.48131 0.475503 
-0.601358 -0.229795 0.384978 
0.436789 -0.481025 0.476119 
-0.602473 -0.229312 0.383658 
0.436271 -0.481445 0.475238 
-0.60307 -0.229079 0.382954 
0.435954 -0.481252 0.475431 
-0.60324 -0.228977 0.382758 
0.435374 -0.4818 0.474937 
-0.603151 -0.229071 0.382916 
0.434191 -0.48213 0.474732 
-0.603054 -0.229116 0.382914 
0.432527 -0.481934 0.47426 
-0.60297 -0.229135 0.382989 
0.43045 -0.482063 0.47427 
-0.602897 -0.229323 0.382955 
0.428361 -0.482316 0.475232 
-0.602806 -0.229303 0.383105 
0.426543 -0.482846 0.475191 
-0.602903 -0.229121 0.383084 
0.42399 -0.483195 0.47358 
-0.602807 -0.22904 0.383272 
0.422058 -0.483617 0.472596 
-0.602882 -0.228952 0.383143 
0.419665 -0.484285 0.471747 
-0.602897 -0.22922 0.383159 
0.417503 -0.484453 0.471552 
-0.602864 -0.228956 0.383176 
0.415856 -0.484914 0.472451 
-0.602828 -0.229176 0.383209 
0.414013 -0.484521 0.47192 
-0.602874 -0.229282 0.383122 
0.41242 -0.484307 0.472823 
-0.602818 -0.229222 0.383331 
0.410388 -0.484673 0.471041 
-0.602784 -0.229244 0.383394 
0.40973 -0.485633 0.471399 
-0.602608 -0.229453 0.383696 
0.408944 -0.486439 0.469596 
-0.602856 -0.229402 0.383429 
0.409641 -0.487104 0.470838 
-0.603014 -0.229209 0.383396 
0.410144 -0.486838 0.471845 
-0.602966 -0.229188 0.383449 
0.410422 -0.487184 0.47216 
-0.602933 -0.229227 0.383505 
0.410398 -0.48803 0.471726 
-0.602942 -0.22934 0.383392 
0.410502 -0.48801 0.472146 
-0.602972 -0.229238 0.383328 
0.410234 -0.488485 0.471664 
-0.602973 -0.22897 0.383405 
0.410253 -0.488891 0.471909 
-0.602957 -0.228913 0.383473 
0.41008 -0.489801 0.471231 
-0.602992 -0.229124 0.382694 
0.410141 -0.489894 0.471697 
-0.603015 -0.229174 0.382593 
0.409892 -0.489929 0.471053 
-0.60404 -0.228868 0.382035 
0.409396 -0.489664 0.469908 
-0.605773 -0.228431 0.381077 
0.409523 -0.489481 0.470122 
-0.607635 -0.22844 0.380423 
0.409788 -0.489486 0.470798 
-0.609342 -0.228615 0.380182 
0.41014 -0.489086 0.472126 
-0.61156 -0.228526 0.379124 
0.410009 -0.48934 0.471658 
-0.613566 -0.228342 0.378286 
0.409738 -0.489549 0.470806 
-0.615143 -0.22884 0.377454 
0.409743 -0.489608 0.470607 
-0.616992 -0.228765 0.376376 
0.409703 -0.490003 0.470253 
-0.618983 -0.228697 0.375189 
0.409957 -0.489899 0.470687 
-0.620666 -0.228922 0.373884 
0.409905 -0.489832 0.470789 
-0.622371 -0.229373 0.372706 
0.40999 -0.48994 0.470781 
-0.623828 -0.2291 0.371514 
0.409727 -0.489831 0.470065 
-0.623219 -0.228898 0.370975 
0.409993 -0.489997 0.470787 
-0.621686 -0.228349 0.370786 
0.409859 -0.490092 0.470255 
-0.619426 -0.227124 0.370792 
0.409637 -0.490405 0.469731 
-0.617443 -0.226404 0.370648 
0.409665 -0.489939 0.470066 
-0.614884 -0.225363 0.370765 
0.409668 -0.489896 0.470164 
-0.612602 -0.221633 0.369272 
0.409865 -0.489941 0.470547 
-0.610477 -0.216344 0.367226 
0.409873 -0.489827 0.470807 
-0.60907 -0.21039 0.365235 
0.409384 -0.489795 0.469471 
-0.608042 -0.204367 0.363544 
0.409646 -0.48962 0.47023 
-0.607375 -0.198075 0.361627 
0.410072 -0.489496 0.471673 
-0.606291 -0.192483 0.359623 
0.40948 -0.489244 0.470291 
-0.605553 -0.187308 0.357507 
0.409668 -0.48955 0.470599 
-0.605205 -0.182081 0.355447 
0.409862 -0.489784 0.470965 
-0.604897 -0.178889 0.353935 
0.409459 -0.48949 0.469854 
-0.604876 -0.176778 0.352231 
0.409704 -0.48966 0.470323 
-0.604275 -0.174036 0.350528 
0.409464 -0.489603 0.469704 
-0.603451 -0.173094 0.349404 
0.410061 -0.489801 0.471354 
-0.602446 -0.172477 0.348365 
0.409769 -0.489933 0.470493 
-0.601752 -0.175496 0.348846 
0.410001 -0.490337 0.470509 
-0.60086 -0.179747 0.349804 
0.410171 -0.491242 0.470326 
-0.599152 -0.184867 0.350751 
0.410647 -0.491874 0.470962 
-0.597332 -0.190028 0.35156 
0.410431 -0.491797 0.470335 
-0.595548 -0.194579 0.352763 
0.41061 -0.492223 0.471065 
-0.593956 -0.199102 0.353946 
0.409939 -0.492138 0.469804 
-0.592268 -0.203873 0.355245 
0.410119 -0.492287 0.470424 
-0.590701 -0.208449 0.356565 
0.409892 -0.492264 0.469972 
-0.589774 -0.211925 0.357293 
0.410222 -0.492253 0.470797 
-0.589343 -0.214434 0.3577 
0.410138 -0.49235 0.47046 
-0.588735 -0.218104 0.358876 
0.410547 -0.49249 0.470908 
-0.588335 -0.222466 0.359504 
0.411113 -0.492725 0.471823 
-0.58811 -0.227443 0.360078 
0.410959 -0.492822 0.47115 
-0.587957 -0.235298 0.36011 
0.412448 -0.492518 0.474136 
