-0.621281 -0.234861 0.414792 
0.400795 -0.504304 0.485867 
-0.612095 -0.237513 0.409094 
0.400795 -0.504304 0.485867 
-0.618166 -0.236033 0.411605 
0.400795 -0.504304 0.485867 
-0.61917 -0.236994 0.412625 
0.400795 -0.504304 0.485867 
-0.618854 -0.238765 0.412481 
0.400795 -0.504304 0.485867 
-0.616228 -0.239734 0.412593 
0.400795 -0.504304 0.485867 
-0.614091 -0.239952 0.413428 
0.400795 -0.504304 0.485867 
-0.612521 -0.239935 0.414372 
0.400795 -0.504304 0.485867 
-0.611338 -0.24015 0.414576 
0.400795 -0.504304 0.485867 
-0.610549 -0.240397 0.414432 
0.400795 -0.504304 0.485867 
-0.609964 -0.240253 0.413959 
0.400795 -0.504304 0.485867 
-0.609577 -0.240207 0.414071 
0.400795 -0.504304 0.485867 
-0.609233 -0.240379 0.414462 
0.400795 -0.504304 0.485867 
-0.609004 -0.240156 0.414107 
0.400795 -0.504304 0.485867 
-0.608051 -0.240581 0.414188 
0.400795 -0.504304 0.485867 
-0.606788 -0.240873 0.414359 
0.400795 -0.504304 0.485867 
-0.605478 -0.241133 0.414761 
0.400795 -0.504304 0.485867 
-0.604746 -0.240945 0.415241 
0.400795 -0.504304 0.485867 
-0.604697 -0.24093 0.414986 
0.400795 -0.504304 0.485867 
-0.604879 -0.240988 0.414939 
0.400795 -0.504304 0.485867 
-0.604687 -0.240889 0.414451 
0.400795 -0.504304 0.485867 
-0.604684 -0.241003 0.414299 
0.400795 -0.504304 0.485867 
-0.604815 -0.240827 0.41448 
0.400795 -0.504304 0.485867 
-0.60481 -0.240974 0.414289 
0.400795 -0.504304 0.485867 
-0.604821 -0.240603 0.414509 
0.400795 -0.504304 0.485867 
-0.604912 -0.240644 0.414607 
0.400795 -0.504304 0.485867 
-0.604904 -0.24064 0.414391 
0.400795 -0.504304 0.485867 
-0.6048 -0.240986 0.414706 
0.400795 -0.504304 0.485867 
-0.604764 -0.241156 0.415024 
0.400795 -0.504304 0.485867 
-0.604893 -0.241177 0.415085 
0.400795 -0.504304 0.485867 
-0.604909 -0.241174 0.414999 
0.400795 -0.504304 0.485867 
-0.604954 -0.241315 0.415089 
0.400795 -0.504304 0.485867 
-0.60498 -0.241166 0.415082 
0.400795 -0.504304 0.485867 
-0.605031 -0.241144 0.414721 
0.400795 -0.504304 0.485867 
-0.604985 -0.241215 0.414754 
0.400795 -0.504304 0.485867 
-0.604998 -0.241211 0.414897 
0.400795 -0.504304 0.485867 
-0.604973 -0.241426 0.414895 
0.400795 -0.504304 0.485867 
-0.604974 -0.24124 0.414854 
0.400795 -0.504304 0.485867 
-0.604971 -0.241197 0.414901 
0.400795 -0.504304 0.485867 
-0.605018 -0.241135 0.41463 
0.400795 -0.504304 0.485867 
-0.604974 -0.241075 0.414699 
0.400795 -0.504304 0.485867 
-0.60495 -0.241172 0.414687 
0.400795 -0.504304 0.485867 
-0.604895 -0.240803 0.414443 
0.400795 -0.504304 0.485867 
-0.60484 -0.241034 0.414698 
0.400795 -0.504304 0.485867 
-0.604844 -0.240869 0.414513 
0.400795 -0.504304 0.485867 
-0.604807 -0.240958 0.414941 
0.400795 -0.504304 0.485867 
-0.604852 -0.240973 0.414915 
0.400795 -0.504304 0.485867 
-0.604823 -0.24095 0.414912 
0.400795 -0.504304 0.485867 
-0.604877 -0.240967 0.414809 
0.400795 -0.504304 0.485867 
-0.604805 -0.240853 0.414849 
0.400795 -0.504304 0.485867 
-0.604814 -0.240978 0.414616 
0.400795 -0.504304 0.485867 
-0.604812 -0.241105 0.414873 
0.400795 -0.504304 0.485867 
-0.604944 -0.240993 0.414909 
0.400795 -0.504304 0.485867 
-0.604893 -0.241024 0.415067 
0.400795 -0.504304 0.485867 
-0.604919 -0.241006 0.414862 
0.400795 -0.504304 0.485867 
-0.604893 -0.241067 0.415296 
0.400795 -0.504304 0.485867 
-0.605023 -0.241053 0.414922 
0.400795 -0.504304 0.485867 
-0.605027 -0.240917 0.414854 
0.400795 -0.504304 0.485867 
-0.604976 -0.241062 0.414975 
0.400795 -0.504304 0.485867 
-0.60413 -0.239783 0.414043 
0.400795 -0.504304 0.485867 
-0.602619 -0.237143 0.411958 
0.400795 -0.504304 0.485867 
-0.601311 -0.23446 0.40949 
0.400795 -0.504304 0.485867 
-0.599947 -0.231255 0.406853 
0.400795 -0.504304 0.485867 
-0.598924 -0.227571 0.403833 
0.400795 -0.504304 0.485867 
-0.598126 -0.223678 0.400422 
0.400795 -0.504304 0.485867 
-0.597649 -0.219064 0.396812 
0.400795 -0.504304 0.485867 
-0.597305 -0.214778 0.392842 
0.400795 -0.504304 0.485867 
-0.597294 -0.210062 0.389074 
0.400795 -0.504304 0.485867 
-0.597597 -0.205247 0.384997 
0.400795 -0.504304 0.485867 
-0.597997 -0.200802 0.380997 
0.400795 -0.504304 0.485867 
-0.598447 -0.196417 0.376869 
0.400795 -0.504304 0.485867 
-0.598857 -0.192229 0.373315 
0.400795 -0.504304 0.485867 
-0.600576 -0.189507 0.370759 
0.400795 -0.504304 0.485867 
-0.602385 -0.187979 0.368918 
0.400795 -0.504304 0.485867 
-0.603848 -0.186843 0.367732 
0.400795 -0.504304 0.485867 
-0.604538 -0.18661 0.367455 
0.400795 -0.504304 0.485867 
-0.605058 -0.187145 0.367365 
0.400795 -0.504304 0.485867 
-0.605128 -0.188282 0.367743 
0.400795 -0.504304 0.485867 
-0.604964 -0.190265 0.368343 
0.400795 -0.504304 0.485867 
-0.604101 -0.193076 0.369828 
0.400795 -0.504304 0.485867 
-0.603113 -0.196506 0.370994 
0.400795 -0.504304 0.485867 
-0.601914 -0.200741 0.372202 
0.400795 -0.504304 0.485867 
-0.600653 -0.205054 0.373652 
0.400795 -0.504304 0.485867 
-0.59917 -0.213089 0.377517 
0.400795 -0.504304 0.485867 
-0.599476 -0.212849 0.377346 
0.400795 -0.504304 0.485867 
-0.598237 -0.218102 0.378326 
0.400795 -0.504304 0.485867 
-0.597124 -0.2231 0.379075 
0.400795 -0.504304 0.485867 
-0.596223 -0.227827 0.379708 
0.400795 -0.504304 0.485867 
-0.595548 -0.232767 0.379673 
0.400795 -0.504304 0.485867 
-0.595046 -0.237438 0.379778 
0.400795 -0.504304 0.485867 
-0.594696 -0.241253 0.379846 
0.400795 -0.504304 0.485867 
-0.595771 -0.244996 0.379479 
0.400795 -0.504304 0.485867 
-0.595488 -0.248473 0.379499 
0.400795 -0.504304 0.485867 
-0.595414 -0.250809 0.379132 
0.400795 -0.504304 0.485867 
-0.595535 -0.252181 0.377349 
0.400795 -0.504304 0.485867 
-0.595204 -0.254676 0.377943 
0.400795 -0.504304 0.485867 
-0.595338 -0.256089 0.376992 
0.400795 -0.504304 0.485867 
-0.595615 -0.257792 0.376711 
0.400795 -0.504304 0.485867 
-0.595901 -0.259914 0.376546 
0.400795 -0.504304 0.485867 
-0.596303 -0.262049 0.375963 
0.400795 -0.504304 0.485867 
-0.596913 -0.26356 0.374917 
0.400795 -0.504304 0.485867 
-0.597286 -0.265676 0.374051 
0.400795 -0.504304 0.485867 
-0.597561 -0.2674 0.373659 
0.400795 -0.504304 0.485867 
-0.59797 -0.268971 0.372389 
0.400795 -0.504304 0.485867 
-0.596292 -0.270173 0.372788 
0.400795 -0.504304 0.485867 
-0.596422 -0.271888 0.372496 
0.400795 -0.504304 0.485867 
-0.596563 -0.273367 0.371725 
0.400795 -0.504304 0.485867 
-0.59654 -0.274377 0.371426 
0.400795 -0.504304 0.485867 
-0.596384 -0.275408 0.371051 
0.400795 -0.504304 0.485867 
-0.596036 -0.276114 0.371054 
0.400795 -0.504304 0.485867 
-0.595595 -0.276665 0.371007 
0.400795 -0.504304 0.485867 
-0.595212 -0.277096 0.370823 
0.400795 -0.504304 0.485867 
-0.594613 -0.277124 0.371009 
0.400795 -0.504304 0.485867 
-0.593868 -0.276907 0.371489 
0.400795 -0.504304 0.485867 
-0.59321 -0.276783 0.371587 
0.400795 -0.504304 0.485867 
-0.59232 -0.276872 0.372097 
0.400795 -0.504304 0.485867 
-0.591363 -0.276448 0.372148 
0.400795 -0.504304 0.485867 
-0.59025 -0.276411 0.37178 
0.400795 -0.504304 0.485867 
-0.58939 -0.276553 0.371501 
0.400795 -0.504304 0.485867 
-0.588846 -0.277094 0.371491 
0.400795 -0.504304 0.485867 
-0.588391 -0.278263 0.371726 
0.400795 -0.504304 0.485867 
-0.587995 -0.279015 0.371504 
0.400795 -0.504304 0.485867 
-0.587489 -0.279718 0.371258 
0.400795 -0.504304 0.485867 
-0.586978 -0.28036 0.371444 
0.400795 -0.504304 0.485867 
-0.586556 -0.281188 0.371429 
0.400795 -0.504304 0.485867 
-0.586243 -0.281994 0.37095 
0.400795 -0.504304 0.485867 
-0.585829 -0.28265 0.370773 
0.400795 -0.504304 0.485867 
-0.585875 -0.283563 0.370515 
0.400795 -0.504304 0.485867 
-0.585708 -0.284345 0.370323 
0.400795 -0.504304 0.485867 
-0.585763 -0.285102 0.37056 
0.400795 -0.504304 0.485867 
-0.585659 -0.285257 0.370844 
0.400795 -0.504304 0.485867 
-0.585737 -0.284319 0.366886 
0.400795 -0.504304 0.485867 
-0.5857 -0.284593 0.367282 
0.400795 -0.504304 0.485867 
-0.585518 -0.284143 0.367442 
0.400795 -0.504304 0.485867 
-0.585549 -0.284039 0.36728 
0.400795 -0.504304 0.485867 
-0.585437 -0.283961 0.367181 
0.400795 -0.504304 0.485867 
-0.58561 -0.284592 0.367278 
0.400795 -0.504304 0.485867 
-0.585549 -0.284574 0.367319 
0.400795 -0.504304 0.485867 
-0.585667 -0.284611 0.367221 
0.400795 -0.504304 0.485867 
-0.585527 -0.284359 0.367134 
0.400795 -0.504304 0.485867 
-0.585488 -0.284113 0.367333 
0.400795 -0.504304 0.485867 
-0.585664 -0.284218 0.36721 
0.400795 -0.504304 0.485867 
-0.62259 -0.227069 0.417031 
0.400795 -0.504304 0.485867 
-0.620222 -0.229931 0.413353 
0.400795 -0.504304 0.485867 
-0.620906 -0.228443 0.414781 
0.400795 -0.504304 0.485867 
-0.620762 -0.22913 0.415442 
0.400795 -0.504304 0.485867 
-0.619757 -0.23087 0.415459 
0.400795 -0.504304 0.485867 
-0.617097 -0.231664 0.415625 
0.400795 -0.504304 0.485867 
-0.614947 -0.232032 0.415913 
0.400795 -0.504304 0.485867 
-0.613384 -0.232097 0.416235 
0.400795 -0.504304 0.485867 
-0.612328 -0.23249 0.41637 
0.400795 -0.504304 0.485867 
-0.611441 -0.232541 0.416473 
0.400795 -0.504304 0.485867 
-0.610861 -0.232471 0.416213 
0.400795 -0.504304 0.485867 
-0.610489 -0.232341 0.416493 
0.400795 -0.504304 0.485867 
-0.610107 -0.232291 0.416659 
0.400795 -0.504304 0.485867 
-0.609655 -0.23238 0.416831 
0.400795 -0.504304 0.485867 
-0.608789 -0.232809 0.416925 
0.400795 -0.504304 0.485867 
-0.607483 -0.233311 0.417132 
0.400795 -0.504304 0.485867 
-0.606332 -0.233223 0.417157 
0.400795 -0.504304 0.485867 
-0.60554 -0.23339 0.417225 
0.400795 -0.504304 0.485867 
-0.605528 -0.233047 0.417254 
0.400795 -0.504304 0.485867 
-0.605765 -0.232898 0.417119 
0.400795 -0.504304 0.485867 
-0.605672 -0.232844 0.417285 
0.400795 -0.504304 0.485867 
-0.60566 -0.232855 0.417193 
0.400795 -0.504304 0.485867 
-0.605655 -0.233004 0.417247 
0.400795 -0.504304 0.485867 
-0.605598 -0.232864 0.417322 
0.400795 -0.504304 0.485867 
-0.605668 -0.233139 0.417184 
0.400795 -0.504304 0.485867 
-0.605632 -0.233284 0.417314 
0.400795 -0.504304 0.485867 
-0.605617 -0.233078 0.417155 
0.400795 -0.504304 0.485867 
-0.605687 -0.233334 0.417156 
0.400795 -0.504304 0.485867 
-0.60573 -0.233479 0.417469 
0.400795 -0.504304 0.485867 
-0.605761 -0.233333 0.417617 
0.400795 -0.504304 0.485867 
-0.605763 -0.23335 0.417577 
0.400795 -0.504304 0.485867 
-0.605717 -0.233519 0.417645 
0.400795 -0.504304 0.485867 
-0.60576 -0.233418 0.417637 
0.400795 -0.504304 0.485867 
-0.605744 -0.233362 0.417741 
0.400795 -0.504304 0.485867 
-0.605688 -0.233555 0.417746 
0.400795 -0.504304 0.485867 
-0.605784 -0.233455 0.417606 
0.400795 -0.504304 0.485867 
-0.605745 -0.233281 0.417839 
0.400795 -0.504304 0.485867 
-0.605707 -0.233454 0.41788 
0.400795 -0.504304 0.485867 
-0.605788 -0.233421 0.417714 
0.400795 -0.504304 0.485867 
-0.60574 -0.233395 0.417596 
0.400795 -0.504304 0.485867 
-0.605751 -0.233366 0.417726 
0.400795 -0.504304 0.485867 
-0.605666 -0.233401 0.417586 
0.400795 -0.504304 0.485867 
-0.605666 -0.23305 0.417341 
0.400795 -0.504304 0.485867 
-0.605657 -0.233052 0.417387 
0.400795 -0.504304 0.485867 
-0.605641 -0.232952 0.417534 
0.400795 -0.504304 0.485867 
-0.605639 -0.23283 0.417682 
0.400795 -0.504304 0.485867 
-0.605644 -0.23293 0.417504 
0.400795 -0.504304 0.485867 
-0.605629 -0.232808 0.41761 
0.400795 -0.504304 0.485867 
-0.605671 -0.232955 0.417328 
0.400795 -0.504304 0.485867 
-0.605617 -0.232741 0.417638 
0.400795 -0.504304 0.485867 
-0.605681 -0.232708 0.417538 
0.400795 -0.504304 0.485867 
-0.605654 -0.232966 0.417693 
0.400795 -0.504304 0.485867 
-0.605693 -0.232972 0.417753 
0.400795 -0.504304 0.485867 
-0.605686 -0.233032 0.41773 
0.400795 -0.504304 0.485867 
-0.605716 -0.233007 0.417725 
0.400795 -0.504304 0.485867 
-0.605709 -0.233091 0.417732 
0.400795 -0.504304 0.485867 
-0.605731 -0.233135 0.4178 
0.400795 -0.504304 0.485867 
-0.605776 -0.233199 0.417743 
0.400795 -0.504304 0.485867 
-0.605707 -0.233446 0.417717 
0.400795 -0.504304 0.485867 
-0.604874 -0.232177 0.416672 
0.400795 -0.504304 0.485867 
-0.603265 -0.229353 0.414488 
0.400795 -0.504304 0.485867 
-0.60182 -0.226522 0.412248 
0.400795 -0.504304 0.485867 
-0.600413 -0.223281 0.409712 
0.400795 -0.504304 0.485867 
-0.599485 -0.219496 0.406583 
0.400795 -0.504304 0.485867 
-0.598493 -0.215818 0.403503 
0.400795 -0.504304 0.485867 
-0.597881 -0.211618 0.400008 
0.400795 -0.504304 0.485867 
-0.597533 -0.207037 0.396039 
0.400795 -0.504304 0.485867 
-0.597491 -0.202645 0.392083 
0.400795 -0.504304 0.485867 
-0.597615 -0.197826 0.388233 
0.400795 -0.504304 0.485867 
-0.59793 -0.193073 0.384321 
0.400795 -0.504304 0.485867 
-0.598381 -0.188619 0.380125 
0.400795 -0.504304 0.485867 
-0.598933 -0.184061 0.376192 
0.400795 -0.504304 0.485867 
-0.600403 -0.181721 0.373707 
0.400795 -0.504304 0.485867 
-0.602086 -0.180478 0.371959 
0.400795 -0.504304 0.485867 
-0.603343 -0.179285 0.371053 
0.400795 -0.504304 0.485867 
-0.604361 -0.178735 0.370528 
0.400795 -0.504304 0.485867 
-0.604711 -0.179379 0.370495 
0.400795 -0.504304 0.485867 
-0.604913 -0.180398 0.37077 
0.400795 -0.504304 0.485867 
-0.604636 -0.182678 0.371216 
0.400795 -0.504304 0.485867 
-0.603818 -0.18548 0.372809 
0.400795 -0.504304 0.485867 
-0.602872 -0.188626 0.374205 
0.400795 -0.504304 0.485867 
-0.601721 -0.192723 0.375399 
0.400795 -0.504304 0.485867 
-0.60048 -0.197064 0.376828 
0.400795 -0.504304 0.485867 
-0.599659 -0.206293 0.378506 
0.400795 -0.504304 0.485867 
-0.600064 -0.205786 0.377867 
0.400795 -0.504304 0.485867 
-0.598913 -0.211057 0.378963 
0.400795 -0.504304 0.485867 
-0.597931 -0.216234 0.379592 
0.400795 -0.504304 0.485867 
-0.597032 -0.221313 0.380361 
0.400795 -0.504304 0.485867 
-0.596353 -0.226145 0.38055 
0.400795 -0.504304 0.485867 
-0.595874 -0.230372 0.380742 
0.400795 -0.504304 0.485867 
-0.595523 -0.234601 0.380925 
0.400795 -0.504304 0.485867 
-0.596694 -0.238195 0.380515 
0.400795 -0.504304 0.485867 
-0.596531 -0.241604 0.380248 
0.400795 -0.504304 0.485867 
-0.596732 -0.243511 0.379049 
0.400795 -0.504304 0.485867 
-0.596732 -0.246512 0.378161 
0.400795 -0.504304 0.485867 
-0.596728 -0.248016 0.377483 
0.400795 -0.504304 0.485867 
-0.596668 -0.249992 0.377501 
0.400795 -0.504304 0.485867 
-0.596898 -0.251349 0.377309 
0.400795 -0.504304 0.485867 
-0.597296 -0.253367 0.376808 
0.400795 -0.504304 0.485867 
-0.597497 -0.254982 0.376505 
0.400795 -0.504304 0.485867 
-0.598072 -0.257193 0.375809 
0.400795 -0.504304 0.485867 
-0.598486 -0.258981 0.374978 
0.400795 -0.504304 0.485867 
-0.598871 -0.260469 0.37419 
0.400795 -0.504304 0.485867 
-0.599175 -0.261939 0.373113 
0.400795 -0.504304 0.485867 
-0.597662 -0.262578 0.372916 
0.400795 -0.504304 0.485867 
-0.597833 -0.264644 0.372778 
0.400795 -0.504304 0.485867 
-0.597928 -0.26633 0.372374 
0.400795 -0.504304 0.485867 
-0.597857 -0.267786 0.37218 
0.400795 -0.504304 0.485867 
-0.597797 -0.268668 0.371788 
0.400795 -0.504304 0.485867 
-0.597433 -0.269576 0.371741 
0.400795 -0.504304 0.485867 
-0.597015 -0.270006 0.371737 
0.400795 -0.504304 0.485867 
-0.596598 -0.270499 0.371788 
0.400795 -0.504304 0.485867 
-0.595983 -0.270451 0.371971 
0.400795 -0.504304 0.485867 
-0.59533 -0.270263 0.372244 
0.400795 -0.504304 0.485867 
-0.594634 -0.270264 0.372314 
0.400795 -0.504304 0.485867 
-0.593776 -0.270475 0.372829 
0.400795 -0.504304 0.485867 
-0.592603 -0.269767 0.372999 
0.400795 -0.504304 0.485867 
-0.591592 -0.269692 0.373004 
0.400795 -0.504304 0.485867 
-0.590912 -0.270043 0.372633 
0.400795 -0.504304 0.485867 
-0.590361 -0.270955 0.372512 
0.400795 -0.504304 0.485867 
-0.589776 -0.27141 0.372439 
0.400795 -0.504304 0.485867 
-0.589227 -0.272336 0.372399 
0.400795 -0.504304 0.485867 
-0.588955 -0.273099 0.372194 
0.400795 -0.504304 0.485867 
-0.588578 -0.274124 0.372246 
0.400795 -0.504304 0.485867 
-0.588142 -0.274835 0.37208 
0.400795 -0.504304 0.485867 
-0.587583 -0.275498 0.372091 
0.400795 -0.504304 0.485867 
-0.587198 -0.276209 0.3721 
0.400795 -0.504304 0.485867 
-0.587063 -0.276756 0.371856 
0.400795 -0.504304 0.485867 
-0.587051 -0.277402 0.371435 
0.400795 -0.504304 0.485867 
-0.587073 -0.278306 0.371765 
0.400795 -0.504304 0.485867 
-0.587098 -0.278598 0.371768 
0.400795 -0.504304 0.485867 
-0.584831 -0.274593 0.369313 
0.400795 -0.504304 0.485867 
-0.584966 -0.275018 0.369489 
0.400795 -0.504304 0.485867 
-0.584857 -0.275064 0.369893 
0.400795 -0.504304 0.485867 
-0.584698 -0.274912 0.36988 
0.400795 -0.504304 0.485867 
-0.584745 -0.274857 0.369634 
0.400795 -0.504304 0.485867 
-0.584645 -0.274967 0.370063 
0.400795 -0.504304 0.485867 
-0.58473 -0.275059 0.369715 
0.400795 -0.504304 0.485867 
-0.584753 -0.275039 0.36984 
0.400795 -0.504304 0.485867 
-0.584745 -0.274792 0.369484 
0.400795 -0.504304 0.485867 
-0.584728 -0.274914 0.369588 
0.400795 -0.504304 0.485867 
-0.584715 -0.274886 0.369735 
0.400795 -0.504304 0.485867 
-0.621887 -0.216617 0.419221 
0.400795 -0.504304 0.485867 
-0.61947 -0.219217 0.415707 
0.400795 -0.504304 0.485867 
-0.619876 -0.218483 0.416664 
0.400795 -0.504304 0.485867 
-0.619827 -0.219034 0.417202 
0.400795 -0.504304 0.485867 
-0.618794 -0.220344 0.417401 
0.400795 -0.504304 0.485867 
-0.616205 -0.220957 0.417482 
0.400795 -0.504304 0.485867 
-0.613949 -0.221496 0.418152 
0.400795 -0.504304 0.485867 
-0.612576 -0.221525 0.418403 
0.400795 -0.504304 0.485867 
-0.611503 -0.221526 0.418581 
0.400795 -0.504304 0.485867 
-0.610698 -0.221608 0.418529 
0.400795 -0.504304 0.485867 
-0.610008 -0.221753 0.418452 
0.400795 -0.504304 0.485867 
-0.609371 -0.22173 0.418665 
0.400795 -0.504304 0.485867 
-0.608942 -0.2218 0.418684 
0.400795 -0.504304 0.485867 
-0.608783 -0.22187 0.419003 
0.400795 -0.504304 0.485867 
-0.608035 -0.222018 0.419064 
0.400795 -0.504304 0.485867 
-0.606708 -0.222431 0.419125 
0.400795 -0.504304 0.485867 
-0.605514 -0.222684 0.419395 
0.400795 -0.504304 0.485867 
-0.604917 -0.222501 0.419506 
0.400795 -0.504304 0.485867 
-0.604653 -0.222263 0.419598 
0.400795 -0.504304 0.485867 
-0.604802 -0.222481 0.419546 
0.400795 -0.504304 0.485867 
-0.604666 -0.222684 0.419607 
0.400795 -0.504304 0.485867 
-0.604774 -0.222619 0.419447 
0.400795 -0.504304 0.485867 
-0.604736 -0.222402 0.419495 
0.400795 -0.504304 0.485867 
-0.604661 -0.222787 0.419507 
0.400795 -0.504304 0.485867 
-0.604736 -0.222542 0.419481 
0.400795 -0.504304 0.485867 
-0.604766 -0.222459 0.419466 
0.400795 -0.504304 0.485867 
-0.604738 -0.22228 0.419431 
0.400795 -0.504304 0.485867 
-0.604817 -0.22234 0.419424 
0.400795 -0.504304 0.485867 
-0.604769 -0.222614 0.419583 
0.400795 -0.504304 0.485867 
-0.604853 -0.222568 0.419812 
0.400795 -0.504304 0.485867 
-0.60485 -0.222896 0.41995 
0.400795 -0.504304 0.485867 
-0.604874 -0.222918 0.42004 
0.400795 -0.504304 0.485867 
-0.604909 -0.222859 0.419859 
0.400795 -0.504304 0.485867 
-0.604894 -0.222846 0.419787 
0.400795 -0.504304 0.485867 
-0.604912 -0.222733 0.419855 
0.400795 -0.504304 0.485867 
-0.604965 -0.222755 0.419891 
0.400795 -0.504304 0.485867 
-0.604936 -0.222584 0.419974 
0.400795 -0.504304 0.485867 
-0.604957 -0.22267 0.419806 
0.400795 -0.504304 0.485867 
-0.604964 -0.22259 0.419788 
0.400795 -0.504304 0.485867 
-0.604965 -0.22254 0.419817 
0.400795 -0.504304 0.485867 
-0.604927 -0.222507 0.419835 
0.400795 -0.504304 0.485867 
-0.6049 -0.222422 0.419734 
0.400795 -0.504304 0.485867 
-0.604804 -0.222355 0.419433 
0.400795 -0.504304 0.485867 
-0.604788 -0.222275 0.419505 
0.400795 -0.504304 0.485867 
-0.60477 -0.222319 0.419462 
0.400795 -0.504304 0.485867 
-0.604726 -0.222546 0.419627 
0.400795 -0.504304 0.485867 
-0.604727 -0.222583 0.41978 
0.400795 -0.504304 0.485867 
-0.604776 -0.222499 0.419693 
0.400795 -0.504304 0.485867 
-0.604738 -0.222683 0.419877 
0.400795 -0.504304 0.485867 
-0.604833 -0.222474 0.41983 
0.400795 -0.504304 0.485867 
-0.604707 -0.222673 0.419842 
0.400795 -0.504304 0.485867 
-0.604827 -0.222595 0.419958 
0.400795 -0.504304 0.485867 
-0.604887 -0.2228 0.41974 
0.400795 -0.504304 0.485867 
-0.604862 -0.222706 0.419878 
0.400795 -0.504304 0.485867 
-0.604879 -0.222645 0.419731 
0.400795 -0.504304 0.485867 
-0.604909 -0.222631 0.419733 
0.400795 -0.504304 0.485867 
-0.604849 -0.222604 0.420086 
0.400795 -0.504304 0.485867 
-0.60485 -0.222617 0.420083 
0.400795 -0.504304 0.485867 
-0.604857 -0.222598 0.419953 
0.400795 -0.504304 0.485867 
-0.603997 -0.221389 0.419171 
0.400795 -0.504304 0.485867 
-0.602386 -0.218738 0.416955 
0.400795 -0.504304 0.485867 
-0.600938 -0.216022 0.414768 
0.400795 -0.504304 0.485867 
-0.599648 -0.212589 0.412094 
0.400795 -0.504304 0.485867 
-0.598422 -0.20915 0.409178 
0.400795 -0.504304 0.485867 
-0.597377 -0.204748 0.405716 
0.400795 -0.504304 0.485867 
-0.596674 -0.200466 0.402692 
0.400795 -0.504304 0.485867 
-0.596272 -0.195906 0.398974 
0.400795 -0.504304 0.485867 
-0.596048 -0.191058 0.395073 
0.400795 -0.504304 0.485867 
-0.596085 -0.186589 0.391437 
0.400795 -0.504304 0.485867 
-0.596226 -0.181967 0.387522 
0.400795 -0.504304 0.485867 
-0.596386 -0.177837 0.383992 
0.400795 -0.504304 0.485867 
-0.596993 -0.172931 0.379881 
0.400795 -0.504304 0.485867 
-0.598522 -0.170307 0.377233 
0.400795 -0.504304 0.485867 
-0.599983 -0.168901 0.375903 
0.400795 -0.504304 0.485867 
-0.601467 -0.167703 0.374489 
0.400795 -0.504304 0.485867 
-0.602447 -0.167289 0.373736 
0.400795 -0.504304 0.485867 
-0.602823 -0.167834 0.373729 
0.400795 -0.504304 0.485867 
-0.602841 -0.169247 0.374211 
0.400795 -0.504304 0.485867 
-0.602656 -0.17105 0.374853 
0.400795 -0.504304 0.485867 
-0.601903 -0.173999 0.376184 
0.400795 -0.504304 0.485867 
-0.600991 -0.177383 0.377333 
0.400795 -0.504304 0.485867 
-0.599849 -0.181447 0.378718 
0.400795 -0.504304 0.485867 
-0.598668 -0.18574 0.380139 
0.400795 -0.504304 0.485867 
-0.597112 -0.194288 0.383141 
0.400795 -0.504304 0.485867 
-0.597406 -0.194157 0.382964 
0.400795 -0.504304 0.485867 
-0.596351 -0.19886 0.383855 
0.400795 -0.504304 0.485867 
-0.595318 -0.204062 0.384584 
0.400795 -0.504304 0.485867 
-0.594438 -0.209036 0.385128 
0.400795 -0.504304 0.485867 
-0.593765 -0.213635 0.385048 
0.400795 -0.504304 0.485867 
-0.593258 -0.218252 0.385289 
0.400795 -0.504304 0.485867 
-0.592916 -0.222192 0.3853 
0.400795 -0.504304 0.485867 
-0.594106 -0.226049 0.384616 
0.400795 -0.504304 0.485867 
-0.593933 -0.228917 0.384192 
0.400795 -0.504304 0.485867 
-0.593715 -0.231451 0.384018 
0.400795 -0.504304 0.485867 
-0.593733 -0.233558 0.382698 
0.400795 -0.504304 0.485867 
-0.593831 -0.235709 0.382152 
0.400795 -0.504304 0.485867 
-0.593767 -0.237021 0.381868 
0.400795 -0.504304 0.485867 
-0.593915 -0.238883 0.381888 
0.400795 -0.504304 0.485867 
-0.594263 -0.240943 0.381339 
0.400795 -0.504304 0.485867 
-0.59462 -0.242964 0.381046 
0.400795 -0.504304 0.485867 
-0.59497 -0.244845 0.380496 
0.400795 -0.504304 0.485867 
-0.595434 -0.24648 0.379118 
0.400795 -0.504304 0.485867 
-0.595773 -0.247749 0.378275 
0.400795 -0.504304 0.485867 
-0.595953 -0.249149 0.377413 
0.400795 -0.504304 0.485867 
-0.594423 -0.250316 0.377427 
0.400795 -0.504304 0.485867 
-0.594578 -0.252349 0.377029 
0.400795 -0.504304 0.485867 
-0.594747 -0.253868 0.376545 
0.400795 -0.504304 0.485867 
-0.594647 -0.255276 0.376421 
0.400795 -0.504304 0.485867 
-0.594596 -0.256169 0.375957 
0.400795 -0.504304 0.485867 
-0.594175 -0.256959 0.376045 
0.400795 -0.504304 0.485867 
-0.593854 -0.257278 0.375776 
0.400795 -0.504304 0.485867 
-0.593422 -0.258067 0.375853 
0.400795 -0.504304 0.485867 
-0.592839 -0.257951 0.376013 
0.400795 -0.504304 0.485867 
-0.592166 -0.257681 0.376171 
0.400795 -0.504304 0.485867 
-0.591402 -0.257542 0.376555 
0.400795 -0.504304 0.485867 
-0.590695 -0.257737 0.376919 
0.400795 -0.504304 0.485867 
-0.589546 -0.257469 0.377132 
0.400795 -0.504304 0.485867 
-0.588399 -0.257512 0.377083 
0.400795 -0.504304 0.485867 
-0.587621 -0.257802 0.376999 
0.400795 -0.504304 0.485867 
-0.58698 -0.258181 0.37689 
0.400795 -0.504304 0.485867 
-0.586489 -0.258982 0.376861 
0.400795 -0.504304 0.485867 
-0.586071 -0.259893 0.376713 
0.400795 -0.504304 0.485867 
-0.585726 -0.260663 0.376543 
0.400795 -0.504304 0.485867 
-0.585218 -0.261619 0.376684 
0.400795 -0.504304 0.485867 
-0.584821 -0.26253 0.376822 
0.400795 -0.504304 0.485867 
-0.584395 -0.263015 0.376777 
0.400795 -0.504304 0.485867 
-0.584158 -0.263994 0.376412 
0.400795 -0.504304 0.485867 
-0.583939 -0.264556 0.376166 
0.400795 -0.504304 0.485867 
-0.583871 -0.265358 0.376057 
0.400795 -0.504304 0.485867 
-0.583869 -0.266118 0.376278 
0.400795 -0.504304 0.485867 
-0.583726 -0.266047 0.376395 
0.400795 -0.504304 0.485867 
-0.582802 -0.264356 0.376354 
0.400795 -0.504304 0.485867 
-0.582782 -0.264367 0.376475 
0.400795 -0.504304 0.485867 
-0.582799 -0.264407 0.3767 
0.400795 -0.504304 0.485867 
-0.582765 -0.26451 0.376505 
0.400795 -0.504304 0.485867 
-0.582922 -0.264546 0.376477 
0.400795 -0.504304 0.485867 
-0.582838 -0.264716 0.376944 
0.400795 -0.504304 0.485867 
-0.582868 -0.264686 0.376425 
0.400795 -0.504304 0.485867 
-0.582899 -0.264755 0.376604 
0.400795 -0.504304 0.485867 
-0.582907 -0.264549 0.376348 
0.400795 -0.504304 0.485867 
-0.582888 -0.264793 0.376644 
0.400795 -0.504304 0.485867 
-0.5829 -0.264988 0.376858 
0.400795 -0.504304 0.485867 
-0.623268 -0.228751 0.421499 
0.400795 -0.504304 0.485867 
-0.620633 -0.230943 0.417894 
0.400795 -0.504304 0.485867 
-0.621571 -0.229833 0.418781 
0.400795 -0.504304 0.485867 
-0.621399 -0.230951 0.420083 
0.400795 -0.504304 0.485867 
-0.620335 -0.232432 0.42033 
0.400795 -0.504304 0.485867 
-0.6177 -0.233457 0.42035 
0.400795 -0.504304 0.485867 
-0.615512 -0.23357 0.420752 
0.400795 -0.504304 0.485867 
-0.614024 -0.233801 0.421049 
0.400795 -0.504304 0.485867 
-0.61295 -0.233739 0.421137 
0.400795 -0.504304 0.485867 
-0.612155 -0.234093 0.421416 
0.400795 -0.504304 0.485867 
-0.611549 -0.23416 0.421664 
0.400795 -0.504304 0.485867 
-0.610943 -0.234209 0.42157 
0.400795 -0.504304 0.485867 
-0.610625 -0.234183 0.421393 
0.400795 -0.504304 0.485867 
-0.61039 -0.234193 0.421549 
0.400795 -0.504304 0.485867 
-0.609644 -0.234471 0.421689 
0.400795 -0.504304 0.485867 
-0.608207 -0.23527 0.421939 
0.400795 -0.504304 0.485867 
-0.607061 -0.235222 0.422242 
0.400795 -0.504304 0.485867 
-0.606321 -0.235217 0.42241 
0.400795 -0.504304 0.485867 
-0.606315 -0.234845 0.422385 
0.400795 -0.504304 0.485867 
-0.60627 -0.234815 0.422547 
0.400795 -0.504304 0.485867 
-0.606334 -0.234864 0.422405 
0.400795 -0.504304 0.485867 
-0.60628 -0.234825 0.422364 
0.400795 -0.504304 0.485867 
-0.60631 -0.234858 0.42233 
0.400795 -0.504304 0.485867 
-0.606263 -0.234813 0.422317 
0.400795 -0.504304 0.485867 
-0.606298 -0.23482 0.422304 
0.400795 -0.504304 0.485867 
-0.606312 -0.234922 0.422434 
0.400795 -0.504304 0.485867 
-0.606272 -0.2348 0.422315 
0.400795 -0.504304 0.485867 
-0.606332 -0.234722 0.422258 
0.400795 -0.504304 0.485867 
-0.606347 -0.234888 0.422603 
0.400795 -0.504304 0.485867 
-0.606443 -0.235119 0.422816 
0.400795 -0.504304 0.485867 
-0.606516 -0.235058 0.422663 
0.400795 -0.504304 0.485867 
-0.606474 -0.235089 0.422696 
0.400795 -0.504304 0.485867 
-0.606467 -0.235043 0.422777 
0.400795 -0.504304 0.485867 
-0.606516 -0.235069 0.422753 
0.400795 -0.504304 0.485867 
-0.606525 -0.234909 0.422856 
0.400795 -0.504304 0.485867 
-0.606446 -0.234981 0.423025 
0.400795 -0.504304 0.485867 
-0.606518 -0.234892 0.422809 
0.400795 -0.504304 0.485867 
-0.606481 -0.234877 0.422807 
0.400795 -0.504304 0.485867 
-0.606529 -0.234898 0.422831 
0.400795 -0.504304 0.485867 
-0.606461 -0.23492 0.422745 
0.400795 -0.504304 0.485867 
-0.606499 -0.234833 0.422735 
0.400795 -0.504304 0.485867 
-0.606369 -0.23477 0.422723 
0.400795 -0.504304 0.485867 
-0.606346 -0.234669 0.422518 
0.400795 -0.504304 0.485867 
-0.606434 -0.234713 0.422486 
0.400795 -0.504304 0.485867 
-0.60636 -0.234605 0.422239 
0.400795 -0.504304 0.485867 
-0.606417 -0.234889 0.42233 
0.400795 -0.504304 0.485867 
-0.606408 -0.234848 0.422241 
0.400795 -0.504304 0.485867 
-0.606416 -0.234812 0.422423 
0.400795 -0.504304 0.485867 
-0.606455 -0.234915 0.42259 
0.400795 -0.504304 0.485867 
-0.606467 -0.234758 0.42236 
0.400795 -0.504304 0.485867 
-0.606441 -0.234741 0.422464 
0.400795 -0.504304 0.485867 
-0.606506 -0.234929 0.422511 
0.400795 -0.504304 0.485867 
-0.606506 -0.234927 0.422607 
0.400795 -0.504304 0.485867 
-0.60642 -0.234832 0.422709 
0.400795 -0.504304 0.485867 
-0.606466 -0.234912 0.422754 
0.400795 -0.504304 0.485867 
-0.606417 -0.234975 0.4229 
0.400795 -0.504304 0.485867 
-0.606427 -0.234954 0.422968 
0.400795 -0.504304 0.485867 
-0.606399 -0.234906 0.423053 
0.400795 -0.504304 0.485867 
-0.60638 -0.234849 0.423048 
0.400795 -0.504304 0.485867 
-0.605542 -0.233691 0.421884 
0.400795 -0.504304 0.485867 
-0.603926 -0.231059 0.419762 
0.400795 -0.504304 0.485867 
-0.60229 -0.228144 0.417232 
0.400795 -0.504304 0.485867 
-0.600938 -0.225082 0.414852 
0.400795 -0.504304 0.485867 
-0.599711 -0.221618 0.411993 
0.400795 -0.504304 0.485867 
-0.598723 -0.217554 0.408852 
0.400795 -0.504304 0.485867 
-0.59782 -0.2134 0.405206 
0.400795 -0.504304 0.485867 
-0.597304 -0.208545 0.401233 
0.400795 -0.504304 0.485867 
-0.597011 -0.203853 0.397401 
0.400795 -0.504304 0.485867 
-0.59706 -0.199423 0.393456 
0.400795 -0.504304 0.485867 
-0.597124 -0.195056 0.389595 
0.400795 -0.504304 0.485867 
-0.597352 -0.190571 0.385686 
0.400795 -0.504304 0.485867 
-0.597763 -0.185985 0.381601 
0.400795 -0.504304 0.485867 
-0.599153 -0.183435 0.379111 
0.400795 -0.504304 0.485867 
-0.600711 -0.181651 0.377709 
0.400795 -0.504304 0.485867 
-0.6021 -0.180734 0.376198 
0.400795 -0.504304 0.485867 
-0.603071 -0.180426 0.375398 
0.400795 -0.504304 0.485867 
-0.603306 -0.181215 0.375514 
0.400795 -0.504304 0.485867 
-0.603526 -0.182242 0.375772 
0.400795 -0.504304 0.485867 
-0.603359 -0.18417 0.376575 
0.400795 -0.504304 0.485867 
-0.602706 -0.186943 0.377893 
0.400795 -0.504304 0.485867 
-0.601787 -0.190225 0.3793 
0.400795 -0.504304 0.485867 
-0.600626 -0.194404 0.380714 
0.400795 -0.504304 0.485867 
-0.59932 -0.199084 0.382612 
0.400795 -0.504304 0.485867 
-0.59837 -0.206022 0.385246 
0.400795 -0.504304 0.485867 
-0.598623 -0.205637 0.384941 
0.400795 -0.504304 0.485867 
-0.597587 -0.21082 0.385701 
0.400795 -0.504304 0.485867 
-0.596582 -0.215826 0.386427 
0.400795 -0.504304 0.485867 
-0.595753 -0.220835 0.387019 
0.400795 -0.504304 0.485867 
-0.595112 -0.225649 0.386946 
0.400795 -0.504304 0.485867 
-0.594707 -0.229957 0.386939 
0.400795 -0.504304 0.485867 
-0.594423 -0.233821 0.386787 
0.400795 -0.504304 0.485867 
-0.59551 -0.238011 0.386173 
0.400795 -0.504304 0.485867 
-0.595452 -0.241057 0.38571 
0.400795 -0.504304 0.485867 
-0.595404 -0.243839 0.385184 
0.400795 -0.504304 0.485867 
-0.595203 -0.245866 0.384469 
0.400795 -0.504304 0.485867 
-0.595367 -0.247756 0.383466 
0.400795 -0.504304 0.485867 
-0.595454 -0.249287 0.382466 
0.400795 -0.504304 0.485867 
-0.595635 -0.251194 0.382622 
0.400795 -0.504304 0.485867 
-0.596067 -0.253113 0.381907 
0.400795 -0.504304 0.485867 
-0.596387 -0.255053 0.381399 
0.400795 -0.504304 0.485867 
-0.596687 -0.257048 0.381124 
0.400795 -0.504304 0.485867 
-0.596904 -0.258136 0.380451 
0.400795 -0.504304 0.485867 
-0.59729 -0.259768 0.379247 
0.400795 -0.504304 0.485867 
-0.597534 -0.261259 0.378455 
0.400795 -0.504304 0.485867 
-0.596026 -0.262308 0.378415 
0.400795 -0.504304 0.485867 
-0.596264 -0.264075 0.377635 
0.400795 -0.504304 0.485867 
-0.596334 -0.265968 0.377333 
0.400795 -0.504304 0.485867 
-0.596312 -0.267237 0.377025 
0.400795 -0.504304 0.485867 
-0.596053 -0.268027 0.376861 
0.400795 -0.504304 0.485867 
-0.59578 -0.268966 0.376703 
0.400795 -0.504304 0.485867 
-0.595433 -0.269453 0.376638 
0.400795 -0.504304 0.485867 
-0.594878 -0.269865 0.376853 
0.400795 -0.504304 0.485867 
-0.594339 -0.269645 0.376933 
0.400795 -0.504304 0.485867 
-0.593757 -0.269748 0.377176 
0.400795 -0.504304 0.485867 
-0.592929 -0.269564 0.377589 
0.400795 -0.504304 0.485867 
-0.592031 -0.26929 0.378112 
0.400795 -0.504304 0.485867 
-0.590975 -0.269006 0.37836 
0.400795 -0.504304 0.485867 
-0.589968 -0.269248 0.378203 
0.400795 -0.504304 0.485867 
-0.589201 -0.269642 0.378236 
0.400795 -0.504304 0.485867 
-0.588509 -0.270168 0.378041 
0.400795 -0.504304 0.485867 
-0.588159 -0.27103 0.377697 
0.400795 -0.504304 0.485867 
-0.58769 -0.271845 0.377686 
0.400795 -0.504304 0.485867 
-0.587282 -0.272346 0.377413 
0.400795 -0.504304 0.485867 
-0.58682 -0.273133 0.377451 
0.400795 -0.504304 0.485867 
-0.58631 -0.273804 0.377485 
0.400795 -0.504304 0.485867 
-0.585976 -0.27464 0.377311 
0.400795 -0.504304 0.485867 
-0.58561 -0.275251 0.37716 
0.400795 -0.504304 0.485867 
-0.585559 -0.276167 0.37688 
0.400795 -0.504304 0.485867 
