-0.605888 -0.224193 0.382642 
0.400795 -0.504304 0.485867 
-0.605889 -0.224193 0.382642 
0.400795 -0.504304 0.485867 
-0.600507 -0.222015 0.382232 
0.400795 -0.504304 0.485867 
-0.600963 -0.223753 0.381793 
0.400795 -0.504304 0.485867 
-0.600966 -0.224835 0.380686 
0.400795 -0.504304 0.485867 
-0.600368 -0.223707 0.381566 
0.400795 -0.504304 0.485867 
-0.600056 -0.222998 0.381795 
0.400795 -0.504304 0.485867 
-0.599853 -0.222141 0.382287 
0.400795 -0.504304 0.485867 
-0.599776 -0.222113 0.382409 
0.400795 -0.504304 0.485867 
-0.599515 -0.221786 0.382739 
0.400795 -0.504304 0.485867 
-0.599633 -0.222473 0.382357 
0.400795 -0.504304 0.485867 
-0.599658 -0.222117 0.382395 
0.400795 -0.504304 0.485867 
-0.599714 -0.222533 0.382032 
0.400795 -0.504304 0.485867 
-0.599684 -0.222478 0.382206 
0.400795 -0.504304 0.485867 
-0.599727 -0.222333 0.381826 
0.400795 -0.504304 0.485867 
-0.599769 -0.222564 0.381943 
0.400795 -0.504304 0.485867 
-0.599588 -0.222552 0.382138 
0.400795 -0.504304 0.485867 
-0.599749 -0.22238 0.381815 
0.400795 -0.504304 0.485867 
-0.599682 -0.222601 0.382189 
0.400795 -0.504304 0.485867 
-0.599743 -0.222546 0.381639 
0.400795 -0.504304 0.485867 
-0.599686 -0.222693 0.382252 
0.400795 -0.504304 0.485867 
-0.599775 -0.22255 0.381504 
0.400795 -0.504304 0.485867 
-0.599536 -0.222671 0.382648 
0.400795 -0.504304 0.485867 
-0.599616 -0.222529 0.381784 
0.400795 -0.504304 0.485867 
-0.599505 -0.22271 0.38294 
0.400795 -0.504304 0.485867 
-0.59979 -0.222271 0.381343 
0.400795 -0.504304 0.485867 
-0.599724 -0.222573 0.382464 
0.400795 -0.504304 0.485867 
-0.599952 -0.222487 0.380798 
0.400795 -0.504304 0.485867 
-0.599721 -0.222623 0.382783 
0.400795 -0.504304 0.485867 
-0.599894 -0.222389 0.380914 
0.400795 -0.504304 0.485867 
-0.599639 -0.222557 0.382918 
0.400795 -0.504304 0.485867 
-0.599747 -0.222621 0.381261 
0.400795 -0.504304 0.485867 
-0.599573 -0.222742 0.383003 
0.400795 -0.504304 0.485867 
-0.599649 -0.222431 0.381374 
0.400795 -0.504304 0.485867 
-0.599507 -0.222908 0.383274 
0.400795 -0.504304 0.485867 
-0.599569 -0.222286 0.381604 
0.400795 -0.504304 0.485867 
-0.599509 -0.222728 0.382967 
0.400795 -0.504304 0.485867 
-0.59966 -0.22257 0.381133 
0.400795 -0.504304 0.485867 
-0.599835 -0.222764 0.382581 
0.400795 -0.504304 0.485867 
-0.599836 -0.222529 0.38088 
0.400795 -0.504304 0.485867 
-0.599656 -0.222725 0.382859 
0.400795 -0.504304 0.485867 
-0.599784 -0.222615 0.381168 
0.400795 -0.504304 0.485867 
-0.599473 -0.223003 0.383179 
0.400795 -0.504304 0.485867 
-0.599694 -0.222526 0.381413 
0.400795 -0.504304 0.485867 
-0.599348 -0.223165 0.383193 
0.400795 -0.504304 0.485867 
-0.599857 -0.222293 0.380661 
0.400795 -0.504304 0.485867 
-0.599681 -0.222829 0.382624 
0.400795 -0.504304 0.485867 
-0.599697 -0.22244 0.381746 
0.400795 -0.504304 0.485867 
-0.599648 -0.22251 0.382359 
0.400795 -0.504304 0.485867 
-0.599762 -0.22249 0.382108 
0.400795 -0.504304 0.485867 
-0.59971 -0.222427 0.382188 
0.400795 -0.504304 0.485867 
-0.599748 -0.222452 0.382168 
0.400795 -0.504304 0.485867 
-0.599751 -0.22246 0.382135 
0.400795 -0.504304 0.485867 
-0.599738 -0.222539 0.382171 
0.400795 -0.504304 0.485867 
-0.599712 -0.222479 0.382236 
0.400795 -0.504304 0.485867 
-0.59969 -0.222454 0.382253 
0.400795 -0.504304 0.485867 
-0.59976 -0.222461 0.382148 
0.400795 -0.504304 0.485867 
-0.599739 -0.222398 0.382144 
0.400795 -0.504304 0.485867 
-0.599747 -0.222466 0.382169 
0.400795 -0.504304 0.485867 
-0.599724 -0.222498 0.382204 
0.400795 -0.504304 0.485867 
-0.599769 -0.222513 0.382127 
0.400795 -0.504304 0.485867 
-0.599712 -0.222487 0.382219 
0.400795 -0.504304 0.485867 
