-0.613827 -0.225106 0.42198 
0.400795 -0.504304 0.485867 
-0.612833 -0.224816 0.420124 
0.400795 -0.504304 0.485867 
-0.613602 -0.225297 0.419722 
0.400795 -0.504304 0.485867 
-0.613166 -0.226853 0.420132 
0.400795 -0.504304 0.485867 
-0.612035 -0.228781 0.420222 
0.400795 -0.504304 0.485867 
-0.609448 -0.229313 0.420619 
0.400795 -0.504304 0.485867 
-0.607387 -0.229563 0.42101 
0.400795 -0.504304 0.485867 
-0.605632 -0.230084 0.421809 
0.400795 -0.504304 0.485867 
-0.60467 -0.230045 0.421694 
0.400795 -0.504304 0.485867 
-0.603809 -0.23024 0.421895 
0.400795 -0.504304 0.485867 
-0.603244 -0.230033 0.421827 
0.400795 -0.504304 0.485867 
-0.602821 -0.230049 0.421623 
0.400795 -0.504304 0.485867 
-0.602391 -0.230359 0.421718 
0.400795 -0.504304 0.485867 
-0.602112 -0.230584 0.421805 
0.400795 -0.504304 0.485867 
-0.601146 -0.231002 0.421913 
0.400795 -0.504304 0.485867 
-0.599875 -0.231496 0.422069 
0.400795 -0.504304 0.485867 
-0.598876 -0.231403 0.422957 
0.400795 -0.504304 0.485867 
-0.598005 -0.231278 0.423247 
0.400795 -0.504304 0.485867 
-0.597929 -0.231215 0.422867 
0.400795 -0.504304 0.485867 
-0.598059 -0.231261 0.422552 
0.400795 -0.504304 0.485867 
-0.597969 -0.230964 0.422756 
0.400795 -0.504304 0.485867 
-0.598071 -0.230856 0.422425 
0.400795 -0.504304 0.485867 
-0.59802 -0.230833 0.42231 
0.400795 -0.504304 0.485867 
-0.598082 -0.230742 0.422261 
0.400795 -0.504304 0.485867 
-0.598049 -0.231024 0.422248 
0.400795 -0.504304 0.485867 
-0.598014 -0.231045 0.422427 
0.400795 -0.504304 0.485867 
-0.59803 -0.231046 0.422461 
0.400795 -0.504304 0.485867 
-0.598026 -0.231309 0.422621 
0.400795 -0.504304 0.485867 
-0.598146 -0.231165 0.422359 
0.400795 -0.504304 0.485867 
-0.598145 -0.231182 0.422717 
0.400795 -0.504304 0.485867 
-0.598167 -0.231298 0.423044 
0.400795 -0.504304 0.485867 
-0.59822 -0.231081 0.422907 
0.400795 -0.504304 0.485867 
-0.598207 -0.231401 0.422698 
0.400795 -0.504304 0.485867 
-0.598183 -0.231545 0.423013 
0.400795 -0.504304 0.485867 
-0.598203 -0.23156 0.422843 
0.400795 -0.504304 0.485867 
