-0.624746 -0.239017 0.373552 
0.394192 -0.489452 0.438268 
-0.624746 -0.239017 0.373552 
0.396957 -0.492549 0.442051 
-0.625251 -0.23968 0.374816 
0.396561 -0.49521 0.442479 
-0.624762 -0.240409 0.375532 
0.39522 -0.495746 0.441852 
-0.624376 -0.241559 0.375493 
0.394341 -0.496134 0.44188 
-0.624027 -0.241542 0.375205 
0.394578 -0.496616 0.443294 
-0.622141 -0.240462 0.375881 
0.394991 -0.497485 0.442719 
-0.619164 -0.239013 0.376993 
0.395297 -0.49836 0.441711 
-0.614972 -0.237128 0.378173 
0.395936 -0.499367 0.441727 
-0.611858 -0.235485 0.379045 
0.396334 -0.50007 0.441483 
-0.609315 -0.234262 0.379718 
0.396688 -0.500403 0.441572 
-0.607434 -0.233268 0.380265 
0.396911 -0.501329 0.4419 
-0.605834 -0.232546 0.380604 
0.396908 -0.502273 0.441445 
-0.605115 -0.232089 0.380481 
0.396814 -0.502798 0.440625 
-0.603383 -0.231012 0.380662 
0.396628 -0.503395 0.440171 
-0.600362 -0.229727 0.381411 
0.396597 -0.503953 0.440025 
-0.597736 -0.228289 0.381831 
0.396771 -0.505412 0.439514 
-0.595457 -0.227086 0.381837 
0.396835 -0.506374 0.438754 
-0.592219 -0.226821 0.384013 
0.396894 -0.507513 0.439031 
-0.590512 -0.226081 0.384421 
0.396349 -0.507828 0.43942 
-0.589614 -0.225705 0.384541 
0.395686 -0.508279 0.438234 
-0.589616 -0.225707 0.384535 
0.395051 -0.509102 0.439073 
-0.45805 -0.16486 0.48415 
0.395246 -0.508885 0.438886 
-0.45805 -0.16486 0.48415 
0.395246 -0.508885 0.438886 
0.413403 -0.50618 0.463035 
-0.589946 -0.225012 0.386463 
