-0.620644 -0.241106 0.414134 
0.400795 -0.504304 0.485867 
-0.617716 -0.240484 0.411897 
0.400795 -0.504304 0.485867 
-0.619162 -0.241645 0.412013 
0.400795 -0.504304 0.485867 
-0.619233 -0.243295 0.412312 
0.400795 -0.504304 0.485867 
-0.618343 -0.244807 0.412313 
0.400795 -0.504304 0.485867 
-0.615785 -0.245744 0.412339 
0.400795 -0.504304 0.485867 
-0.613539 -0.246227 0.412694 
0.400795 -0.504304 0.485867 
-0.612057 -0.246322 0.413255 
0.400795 -0.504304 0.485867 
-0.610972 -0.246588 0.413292 
0.400795 -0.504304 0.485867 
-0.610208 -0.246547 0.413278 
0.400795 -0.504304 0.485867 
-0.609515 -0.246495 0.41329 
0.400795 -0.504304 0.485867 
-0.60899 -0.246387 0.413548 
0.400795 -0.504304 0.485867 
-0.608524 -0.246689 0.413388 
0.400795 -0.504304 0.485867 
-0.608231 -0.246992 0.413589 
0.400795 -0.504304 0.485867 
-0.607558 -0.247013 0.413708 
0.400795 -0.504304 0.485867 
-0.606245 -0.247407 0.41388 
0.400795 -0.504304 0.485867 
-0.605113 -0.247615 0.413951 
0.400795 -0.504304 0.485867 
-0.604284 -0.247553 0.413801 
0.400795 -0.504304 0.485867 
-0.604223 -0.24732 0.413718 
0.400795 -0.504304 0.485867 
-0.604205 -0.247594 0.414147 
0.400795 -0.504304 0.485867 
-0.604271 -0.247265 0.41437 
0.400795 -0.504304 0.485867 
-0.604235 -0.247282 0.414038 
0.400795 -0.504304 0.485867 
-0.604277 -0.247162 0.413881 
0.400795 -0.504304 0.485867 
-0.604211 -0.247335 0.413909 
0.400795 -0.504304 0.485867 
-0.604246 -0.247197 0.413779 
0.400795 -0.504304 0.485867 
-0.604241 -0.247176 0.413912 
0.400795 -0.504304 0.485867 
-0.604227 -0.247429 0.41374 
0.400795 -0.504304 0.485867 
-0.604217 -0.247407 0.413831 
0.400795 -0.504304 0.485867 
-0.604287 -0.247525 0.414012 
0.400795 -0.504304 0.485867 
-0.60435 -0.247529 0.414079 
0.400795 -0.504304 0.485867 
-0.6043 -0.247556 0.414309 
0.400795 -0.504304 0.485867 
-0.6043 -0.247799 0.414489 
0.400795 -0.504304 0.485867 
-0.604446 -0.2474 0.414034 
0.400795 -0.504304 0.485867 
-0.604487 -0.2473 0.413891 
0.400795 -0.504304 0.485867 
-0.604456 -0.247371 0.414139 
0.400795 -0.504304 0.485867 
-0.604387 -0.247516 0.41405 
0.400795 -0.504304 0.485867 
-0.604486 -0.247476 0.41409 
0.400795 -0.504304 0.485867 
-0.604357 -0.24758 0.414495 
0.400795 -0.504304 0.485867 
-0.604397 -0.247618 0.414385 
0.400795 -0.504304 0.485867 
-0.604299 -0.247707 0.414339 
0.400795 -0.504304 0.485867 
-0.604337 -0.247659 0.414176 
0.400795 -0.504304 0.485867 
-0.604332 -0.24747 0.413924 
0.400795 -0.504304 0.485867 
-0.6043 -0.247456 0.413987 
0.400795 -0.504304 0.485867 
-0.60427 -0.247296 0.413946 
0.400795 -0.504304 0.485867 
-0.604288 -0.247185 0.413884 
0.400795 -0.504304 0.485867 
-0.604226 -0.247308 0.414198 
0.400795 -0.504304 0.485867 
-0.604294 -0.247232 0.414071 
0.400795 -0.504304 0.485867 
-0.604232 -0.247203 0.414135 
0.400795 -0.504304 0.485867 
-0.604361 -0.247154 0.41387 
0.400795 -0.504304 0.485867 
-0.604249 -0.247223 0.414033 
0.400795 -0.504304 0.485867 
-0.604327 -0.247169 0.413725 
0.400795 -0.504304 0.485867 
-0.604313 -0.247252 0.414414 
0.400795 -0.504304 0.485867 
-0.604366 -0.247364 0.414295 
0.400795 -0.504304 0.485867 
-0.604281 -0.247279 0.414495 
0.400795 -0.504304 0.485867 
-0.604291 -0.247265 0.414427 
0.400795 -0.504304 0.485867 
-0.604349 -0.247294 0.414321 
0.400795 -0.504304 0.485867 
-0.604343 -0.247272 0.414607 
0.400795 -0.504304 0.485867 
-0.604367 -0.247492 0.41452 
0.400795 -0.504304 0.485867 
-0.604353 -0.247369 0.414387 
0.400795 -0.504304 0.485867 
-0.603594 -0.246225 0.413324 
0.400795 -0.504304 0.485867 
-0.601966 -0.243917 0.410992 
0.400795 -0.504304 0.485867 
-0.600596 -0.24074 0.408629 
0.400795 -0.504304 0.485867 
-0.599244 -0.23743 0.405838 
0.400795 -0.504304 0.485867 
-0.598149 -0.233693 0.4028 
0.400795 -0.504304 0.485867 
-0.597289 -0.229869 0.399744 
0.400795 -0.504304 0.485867 
-0.596676 -0.225866 0.396426 
0.400795 -0.504304 0.485867 
-0.596375 -0.221149 0.39245 
0.400795 -0.504304 0.485867 
-0.596359 -0.216316 0.388656 
0.400795 -0.504304 0.485867 
-0.596571 -0.21148 0.384851 
0.400795 -0.504304 0.485867 
-0.596882 -0.207086 0.380636 
0.400795 -0.504304 0.485867 
-0.597342 -0.202731 0.376684 
0.400795 -0.504304 0.485867 
-0.597963 -0.198155 0.3727 
0.400795 -0.504304 0.485867 
-0.599553 -0.195362 0.370274 
0.400795 -0.504304 0.485867 
-0.601304 -0.193424 0.368813 
0.400795 -0.504304 0.485867 
-0.602614 -0.192579 0.367637 
0.400795 -0.504304 0.485867 
-0.603801 -0.192346 0.366747 
0.400795 -0.504304 0.485867 
-0.604307 -0.192929 0.366866 
0.400795 -0.504304 0.485867 
-0.604474 -0.19417 0.366904 
0.400795 -0.504304 0.485867 
-0.603882 -0.196549 0.367814 
0.400795 -0.504304 0.485867 
-0.603116 -0.199177 0.369201 
0.400795 -0.504304 0.485867 
-0.601976 -0.202679 0.370863 
0.400795 -0.504304 0.485867 
-0.600776 -0.206853 0.371954 
0.400795 -0.504304 0.485867 
-0.599417 -0.211338 0.373605 
0.400795 -0.504304 0.485867 
-0.598111 -0.217904 0.376033 
0.400795 -0.504304 0.485867 
-0.598365 -0.217554 0.375613 
0.400795 -0.504304 0.485867 
-0.597162 -0.222846 0.376511 
0.400795 -0.504304 0.485867 
-0.596068 -0.228092 0.377168 
0.400795 -0.504304 0.485867 
-0.595226 -0.23295 0.377639 
0.400795 -0.504304 0.485867 
-0.594444 -0.237592 0.37794 
0.400795 -0.504304 0.485867 
-0.593861 -0.242107 0.378071 
0.400795 -0.504304 0.485867 
-0.593614 -0.2461 0.377896 
0.400795 -0.504304 0.485867 
-0.594687 -0.250232 0.377528 
0.400795 -0.504304 0.485867 
-0.59456 -0.253592 0.377193 
0.400795 -0.504304 0.485867 
-0.59457 -0.256738 0.376588 
0.400795 -0.504304 0.485867 
-0.594481 -0.258535 0.376131 
0.400795 -0.504304 0.485867 
-0.594468 -0.259214 0.375142 
0.400795 -0.504304 0.485867 
-0.594578 -0.260735 0.37421 
0.400795 -0.504304 0.485867 
-0.594721 -0.262896 0.374259 
0.400795 -0.504304 0.485867 
-0.594927 -0.264467 0.374098 
0.400795 -0.504304 0.485867 
-0.595301 -0.266186 0.37359 
0.400795 -0.504304 0.485867 
-0.595908 -0.268533 0.372693 
0.400795 -0.504304 0.485867 
-0.59608 -0.2702 0.372268 
0.400795 -0.504304 0.485867 
-0.596575 -0.271775 0.371235 
0.400795 -0.504304 0.485867 
-0.5969 -0.273452 0.370472 
0.400795 -0.504304 0.485867 
-0.595397 -0.274522 0.370356 
0.400795 -0.504304 0.485867 
-0.595523 -0.276459 0.369819 
0.400795 -0.504304 0.485867 
-0.595599 -0.277847 0.369443 
0.400795 -0.504304 0.485867 
-0.595539 -0.279231 0.369245 
0.400795 -0.504304 0.485867 
-0.595414 -0.280138 0.368912 
0.400795 -0.504304 0.485867 
-0.595127 -0.280987 0.368662 
0.400795 -0.504304 0.485867 
-0.594841 -0.281686 0.368374 
0.400795 -0.504304 0.485867 
-0.594358 -0.281656 0.368272 
0.400795 -0.504304 0.485867 
-0.593712 -0.281619 0.368465 
0.400795 -0.504304 0.485867 
-0.592993 -0.281635 0.368909 
0.400795 -0.504304 0.485867 
-0.592264 -0.281514 0.3693 
0.400795 -0.504304 0.485867 
-0.591532 -0.281666 0.369297 
0.400795 -0.504304 0.485867 
-0.590447 -0.281053 0.369506 
0.400795 -0.504304 0.485867 
-0.589361 -0.281099 0.369355 
0.400795 -0.504304 0.485867 
-0.588646 -0.28143 0.369148 
0.400795 -0.504304 0.485867 
-0.588154 -0.282146 0.368884 
0.400795 -0.504304 0.485867 
-0.587675 -0.283167 0.368757 
0.400795 -0.504304 0.485867 
-0.587197 -0.283843 0.368597 
0.400795 -0.504304 0.485867 
-0.586887 -0.284452 0.368437 
0.400795 -0.504304 0.485867 
-0.586356 -0.285255 0.36845 
0.400795 -0.504304 0.485867 
-0.585861 -0.286283 0.368572 
0.400795 -0.504304 0.485867 
-0.585531 -0.28662 0.368176 
0.400795 -0.504304 0.485867 
-0.58531 -0.287253 0.367649 
0.400795 -0.504304 0.485867 
-0.585168 -0.288107 0.36728 
0.400795 -0.504304 0.485867 
-0.584815 -0.288635 0.367332 
0.400795 -0.504304 0.485867 
-0.584817 -0.289434 0.367609 
0.400795 -0.504304 0.485867 
-0.584766 -0.289573 0.367623 
0.400795 -0.504304 0.485867 
-0.58379 -0.288619 0.370006 
0.400795 -0.504304 0.485867 
-0.583914 -0.288768 0.369907 
0.400795 -0.504304 0.485867 
-0.583856 -0.288808 0.370002 
0.400795 -0.504304 0.485867 
-0.583774 -0.288433 0.37015 
0.400795 -0.504304 0.485867 
-0.583719 -0.288417 0.37003 
0.400795 -0.504304 0.485867 
-0.583672 -0.288452 0.370144 
0.400795 -0.504304 0.485867 
-0.583781 -0.288601 0.370241 
0.400795 -0.504304 0.485867 
-0.583609 -0.288496 0.370158 
0.400795 -0.504304 0.485867 
-0.583775 -0.28843 0.369822 
0.400795 -0.504304 0.485867 
-0.583706 -0.28845 0.370088 
0.400795 -0.504304 0.485867 
-0.583733 -0.288369 0.370127 
0.400795 -0.504304 0.485867 
-0.621401 -0.232049 0.417117 
0.400795 -0.504304 0.485867 
-0.620604 -0.233101 0.415436 
0.400795 -0.504304 0.485867 
-0.620201 -0.233082 0.41542 
0.400795 -0.504304 0.485867 
-0.619714 -0.234183 0.415938 
0.400795 -0.504304 0.485867 
-0.618589 -0.236107 0.415829 
0.400795 -0.504304 0.485867 
-0.616098 -0.236522 0.415692 
0.400795 -0.504304 0.485867 
-0.613897 -0.236818 0.416226 
0.400795 -0.504304 0.485867 
-0.612359 -0.237042 0.416471 
0.400795 -0.504304 0.485867 
-0.61105 -0.237348 0.416691 
0.400795 -0.504304 0.485867 
-0.610077 -0.237509 0.416898 
0.400795 -0.504304 0.485867 
-0.609361 -0.237563 0.416783 
0.400795 -0.504304 0.485867 
-0.609144 -0.237464 0.416846 
0.400795 -0.504304 0.485867 
-0.608772 -0.237507 0.417012 
0.400795 -0.504304 0.485867 
-0.608328 -0.237671 0.417239 
0.400795 -0.504304 0.485867 
-0.607543 -0.238011 0.417264 
0.400795 -0.504304 0.485867 
-0.606262 -0.238705 0.417304 
0.400795 -0.504304 0.485867 
-0.605064 -0.238638 0.417391 
0.400795 -0.504304 0.485867 
-0.604234 -0.238381 0.417627 
0.400795 -0.504304 0.485867 
-0.604152 -0.238457 0.417798 
0.400795 -0.504304 0.485867 
-0.604204 -0.238167 0.417673 
0.400795 -0.504304 0.485867 
-0.604434 -0.238094 0.417697 
0.400795 -0.504304 0.485867 
-0.604427 -0.23818 0.417583 
0.400795 -0.504304 0.485867 
-0.604545 -0.238089 0.417667 
0.400795 -0.504304 0.485867 
-0.60444 -0.238227 0.417495 
0.400795 -0.504304 0.485867 
-0.604389 -0.238431 0.417624 
0.400795 -0.504304 0.485867 
-0.604471 -0.23835 0.417583 
0.400795 -0.504304 0.485867 
-0.604309 -0.238316 0.417799 
0.400795 -0.504304 0.485867 
-0.604491 -0.238193 0.417678 
0.400795 -0.504304 0.485867 
-0.6044 -0.238325 0.417974 
0.400795 -0.504304 0.485867 
-0.60448 -0.238371 0.418039 
0.400795 -0.504304 0.485867 
-0.604472 -0.238428 0.418155 
0.400795 -0.504304 0.485867 
-0.604538 -0.238439 0.418145 
0.400795 -0.504304 0.485867 
-0.604632 -0.238536 0.417926 
0.400795 -0.504304 0.485867 
-0.604615 -0.238557 0.417977 
0.400795 -0.504304 0.485867 
-0.604677 -0.238388 0.417994 
0.400795 -0.504304 0.485867 
-0.604676 -0.23847 0.41774 
0.400795 -0.504304 0.485867 
-0.604592 -0.238382 0.4179 
0.400795 -0.504304 0.485867 
-0.604538 -0.238512 0.418149 
0.400795 -0.504304 0.485867 
-0.604679 -0.238486 0.417847 
0.400795 -0.504304 0.485867 
-0.604722 -0.238168 0.417724 
0.400795 -0.504304 0.485867 
-0.60465 -0.238221 0.417987 
0.400795 -0.504304 0.485867 
-0.604603 -0.238283 0.418013 
0.400795 -0.504304 0.485867 
-0.604511 -0.238099 0.417814 
0.400795 -0.504304 0.485867 
-0.604454 -0.238105 0.41784 
0.400795 -0.504304 0.485867 
-0.604473 -0.237923 0.417525 
0.400795 -0.504304 0.485867 
-0.60443 -0.238055 0.417881 
0.400795 -0.504304 0.485867 
-0.604499 -0.238072 0.417616 
0.400795 -0.504304 0.485867 
-0.604429 -0.23814 0.417871 
0.400795 -0.504304 0.485867 
-0.604429 -0.238118 0.417882 
0.400795 -0.504304 0.485867 
-0.604461 -0.238108 0.417824 
0.400795 -0.504304 0.485867 
-0.604449 -0.238118 0.417802 
0.400795 -0.504304 0.485867 
-0.604477 -0.238202 0.41798 
0.400795 -0.504304 0.485867 
-0.604473 -0.238218 0.418058 
0.400795 -0.504304 0.485867 
-0.604536 -0.238261 0.418051 
0.400795 -0.504304 0.485867 
-0.604542 -0.238241 0.418244 
0.400795 -0.504304 0.485867 
-0.604617 -0.23824 0.417938 
0.400795 -0.504304 0.485867 
-0.604573 -0.238157 0.418185 
0.400795 -0.504304 0.485867 
-0.604585 -0.238126 0.418145 
0.400795 -0.504304 0.485867 
-0.604591 -0.238198 0.418119 
0.400795 -0.504304 0.485867 
-0.603756 -0.23697 0.416991 
0.400795 -0.504304 0.485867 
-0.602114 -0.234475 0.414761 
0.400795 -0.504304 0.485867 
-0.60076 -0.231729 0.41246 
0.400795 -0.504304 0.485867 
-0.599455 -0.228625 0.409774 
0.400795 -0.504304 0.485867 
-0.5983 -0.22491 0.406756 
0.400795 -0.504304 0.485867 
-0.597396 -0.221042 0.403564 
0.400795 -0.504304 0.485867 
-0.596637 -0.216545 0.399823 
0.400795 -0.504304 0.485867 
-0.596197 -0.211908 0.396028 
0.400795 -0.504304 0.485867 
-0.596161 -0.206935 0.391803 
0.400795 -0.504304 0.485867 
-0.596411 -0.202574 0.388 
0.400795 -0.504304 0.485867 
-0.596661 -0.197913 0.384094 
0.400795 -0.504304 0.485867 
-0.597005 -0.193482 0.380159 
0.400795 -0.504304 0.485867 
-0.597376 -0.189185 0.376617 
0.400795 -0.504304 0.485867 
-0.598898 -0.186675 0.373873 
0.400795 -0.504304 0.485867 
-0.600822 -0.184791 0.371941 
0.400795 -0.504304 0.485867 
-0.602117 -0.183894 0.371033 
0.400795 -0.504304 0.485867 
-0.603124 -0.183625 0.370263 
0.400795 -0.504304 0.485867 
-0.603661 -0.184256 0.370325 
0.400795 -0.504304 0.485867 
-0.60362 -0.185621 0.370862 
0.400795 -0.504304 0.485867 
-0.603119 -0.187963 0.371851 
0.400795 -0.504304 0.485867 
-0.602407 -0.190748 0.37302 
0.400795 -0.504304 0.485867 
-0.601344 -0.194086 0.374483 
0.400795 -0.504304 0.485867 
-0.600322 -0.19795 0.375652 
0.400795 -0.504304 0.485867 
-0.599133 -0.202338 0.377089 
0.400795 -0.504304 0.485867 
-0.598486 -0.210767 0.377513 
0.400795 -0.504304 0.485867 
-0.598693 -0.210204 0.377537 
0.400795 -0.504304 0.485867 
-0.597588 -0.215601 0.378447 
0.400795 -0.504304 0.485867 
-0.596678 -0.220609 0.378863 
0.400795 -0.504304 0.485867 
-0.595804 -0.22571 0.37952 
0.400795 -0.504304 0.485867 
-0.59505 -0.230688 0.379792 
0.400795 -0.504304 0.485867 
-0.594642 -0.234734 0.379773 
0.400795 -0.504304 0.485867 
-0.59432 -0.238726 0.380018 
0.400795 -0.504304 0.485867 
-0.595505 -0.242704 0.379613 
0.400795 -0.504304 0.485867 
-0.595416 -0.245846 0.379106 
0.400795 -0.504304 0.485867 
-0.595401 -0.248493 0.378628 
0.400795 -0.504304 0.485867 
-0.595325 -0.250378 0.3776 
0.400795 -0.504304 0.485867 
-0.595341 -0.252049 0.377298 
0.400795 -0.504304 0.485867 
-0.59549 -0.254158 0.376704 
0.400795 -0.504304 0.485867 
-0.595727 -0.256044 0.376572 
0.400795 -0.504304 0.485867 
-0.595992 -0.257501 0.37616 
0.400795 -0.504304 0.485867 
-0.596393 -0.259586 0.375669 
0.400795 -0.504304 0.485867 
-0.596814 -0.261597 0.375248 
0.400795 -0.504304 0.485867 
-0.597104 -0.263206 0.374646 
0.400795 -0.504304 0.485867 
-0.597574 -0.264517 0.373417 
0.400795 -0.504304 0.485867 
-0.597944 -0.26634 0.372501 
0.400795 -0.504304 0.485867 
-0.596384 -0.267682 0.372708 
0.400795 -0.504304 0.485867 
-0.596282 -0.269279 0.372077 
0.400795 -0.504304 0.485867 
-0.596534 -0.270659 0.372019 
0.400795 -0.504304 0.485867 
-0.596611 -0.272319 0.371676 
0.400795 -0.504304 0.485867 
-0.596595 -0.273432 0.371252 
0.400795 -0.504304 0.485867 
-0.596321 -0.274233 0.371104 
0.400795 -0.504304 0.485867 
-0.595866 -0.274515 0.371036 
0.400795 -0.504304 0.485867 
-0.595532 -0.275046 0.370843 
0.400795 -0.504304 0.485867 
-0.594844 -0.274863 0.371152 
0.400795 -0.504304 0.485867 
-0.593976 -0.274425 0.371618 
0.400795 -0.504304 0.485867 
-0.593134 -0.27461 0.371978 
0.400795 -0.504304 0.485867 
-0.592351 -0.274633 0.372204 
0.400795 -0.504304 0.485867 
-0.591383 -0.274307 0.3723 
0.400795 -0.504304 0.485867 
-0.590366 -0.274304 0.372026 
0.400795 -0.504304 0.485867 
-0.589679 -0.27459 0.371803 
0.400795 -0.504304 0.485867 
-0.588878 -0.274865 0.371838 
0.400795 -0.504304 0.485867 
-0.588398 -0.275861 0.371974 
0.400795 -0.504304 0.485867 
-0.588008 -0.276589 0.371851 
0.400795 -0.504304 0.485867 
-0.587822 -0.277598 0.371203 
0.400795 -0.504304 0.485867 
-0.587315 -0.278785 0.371355 
0.400795 -0.504304 0.485867 
-0.587109 -0.279117 0.371067 
0.400795 -0.504304 0.485867 
-0.586534 -0.279991 0.371474 
0.400795 -0.504304 0.485867 
-0.58623 -0.28052 0.370817 
0.400795 -0.504304 0.485867 
-0.586058 -0.2811 0.370554 
0.400795 -0.504304 0.485867 
-0.585907 -0.281875 0.370408 
0.400795 -0.504304 0.485867 
-0.585932 -0.282652 0.37054 
0.400795 -0.504304 0.485867 
-0.585837 -0.282746 0.370605 
0.400795 -0.504304 0.485867 
-0.583304 -0.27987 0.372219 
0.400795 -0.504304 0.485867 
-0.583186 -0.279728 0.372294 
0.400795 -0.504304 0.485867 
-0.583345 -0.279799 0.372052 
0.400795 -0.504304 0.485867 
-0.583301 -0.279559 0.372057 
0.400795 -0.504304 0.485867 
-0.583263 -0.279592 0.37245 
0.400795 -0.504304 0.485867 
-0.583383 -0.27992 0.372565 
0.400795 -0.504304 0.485867 
-0.583117 -0.279477 0.372149 
0.400795 -0.504304 0.485867 
-0.583154 -0.279687 0.372345 
0.400795 -0.504304 0.485867 
-0.583135 -0.279427 0.372088 
0.400795 -0.504304 0.485867 
-0.583337 -0.279821 0.372245 
0.400795 -0.504304 0.485867 
-0.583174 -0.279584 0.372254 
0.400795 -0.504304 0.485867 
-0.620393 -0.22127 0.421519 
0.400795 -0.504304 0.485867 
-0.618249 -0.223941 0.418377 
0.400795 -0.504304 0.485867 
-0.618745 -0.22269 0.419047 
0.400795 -0.504304 0.485867 
-0.61845 -0.223573 0.419796 
0.400795 -0.504304 0.485867 
-0.617428 -0.225375 0.419744 
0.400795 -0.504304 0.485867 
-0.614816 -0.225859 0.42037 
0.400795 -0.504304 0.485867 
-0.61274 -0.226222 0.420679 
0.400795 -0.504304 0.485867 
-0.611287 -0.226282 0.421007 
0.400795 -0.504304 0.485867 
-0.610032 -0.226527 0.4214 
0.400795 -0.504304 0.485867 
-0.609199 -0.226666 0.42162 
0.400795 -0.504304 0.485867 
-0.608647 -0.226805 0.421955 
0.400795 -0.504304 0.485867 
-0.608057 -0.227106 0.421852 
0.400795 -0.504304 0.485867 
-0.607726 -0.226999 0.421539 
0.400795 -0.504304 0.485867 
-0.607485 -0.226892 0.421738 
0.400795 -0.504304 0.485867 
-0.606484 -0.227474 0.421938 
0.400795 -0.504304 0.485867 
-0.605226 -0.227884 0.422269 
0.400795 -0.504304 0.485867 
-0.604075 -0.227823 0.422162 
0.400795 -0.504304 0.485867 
-0.603271 -0.227532 0.42224 
0.400795 -0.504304 0.485867 
-0.603149 -0.227403 0.422362 
0.400795 -0.504304 0.485867 
-0.603096 -0.227399 0.422518 
0.400795 -0.504304 0.485867 
-0.603338 -0.2275 0.422499 
0.400795 -0.504304 0.485867 
-0.60322 -0.227359 0.422476 
0.400795 -0.504304 0.485867 
-0.603518 -0.227389 0.4224 
0.400795 -0.504304 0.485867 
-0.603324 -0.227322 0.422538 
0.400795 -0.504304 0.485867 
-0.603344 -0.227425 0.422482 
0.400795 -0.504304 0.485867 
-0.603408 -0.227205 0.422346 
0.400795 -0.504304 0.485867 
-0.603416 -0.227252 0.422255 
0.400795 -0.504304 0.485867 
-0.603347 -0.227389 0.422348 
0.400795 -0.504304 0.485867 
-0.603434 -0.227477 0.422418 
0.400795 -0.504304 0.485867 
-0.6034 -0.22766 0.422639 
0.400795 -0.504304 0.485867 
-0.603465 -0.227749 0.422708 
0.400795 -0.504304 0.485867 
-0.603456 -0.227719 0.423043 
0.400795 -0.504304 0.485867 
-0.60341 -0.227995 0.42315 
0.400795 -0.504304 0.485867 
-0.603441 -0.228031 0.423054 
0.400795 -0.504304 0.485867 
-0.603485 -0.227881 0.422921 
0.400795 -0.504304 0.485867 
-0.60345 -0.227969 0.422966 
0.400795 -0.504304 0.485867 
-0.603508 -0.227865 0.422893 
0.400795 -0.504304 0.485867 
-0.603505 -0.227952 0.422923 
0.400795 -0.504304 0.485867 
-0.603577 -0.22781 0.422823 
0.400795 -0.504304 0.485867 
-0.603547 -0.227697 0.422863 
0.400795 -0.504304 0.485867 
-0.603581 -0.227587 0.422555 
0.400795 -0.504304 0.485867 
-0.603412 -0.227666 0.422859 
0.400795 -0.504304 0.485867 
-0.603417 -0.227481 0.422281 
0.400795 -0.504304 0.485867 
-0.603365 -0.227549 0.422567 
0.400795 -0.504304 0.485867 
-0.603394 -0.227469 0.422696 
0.400795 -0.504304 0.485867 
-0.603362 -0.227682 0.422606 
0.400795 -0.504304 0.485867 
-0.603404 -0.227301 0.422759 
0.400795 -0.504304 0.485867 
-0.603308 -0.22779 0.422607 
0.400795 -0.504304 0.485867 
-0.603341 -0.227447 0.422945 
0.400795 -0.504304 0.485867 
-0.603425 -0.227316 0.422703 
0.400795 -0.504304 0.485867 
-0.603318 -0.227496 0.42273 
0.400795 -0.504304 0.485867 
-0.603452 -0.227381 0.422751 
0.400795 -0.504304 0.485867 
-0.603368 -0.227675 0.422839 
0.400795 -0.504304 0.485867 
-0.603353 -0.227745 0.422846 
0.400795 -0.504304 0.485867 
-0.603392 -0.227597 0.422866 
0.400795 -0.504304 0.485867 
-0.603442 -0.227668 0.422958 
0.400795 -0.504304 0.485867 
-0.603418 -0.227698 0.423037 
0.400795 -0.504304 0.485867 
-0.6035 -0.227719 0.422968 
0.400795 -0.504304 0.485867 
-0.603381 -0.227701 0.423227 
0.400795 -0.504304 0.485867 
-0.602557 -0.226417 0.421941 
0.400795 -0.504304 0.485867 
-0.600966 -0.223676 0.419741 
0.400795 -0.504304 0.485867 
-0.599511 -0.221004 0.41753 
0.400795 -0.504304 0.485867 
-0.597968 -0.217861 0.414943 
0.400795 -0.504304 0.485867 
-0.596788 -0.214404 0.411785 
0.400795 -0.504304 0.485867 
-0.595793 -0.210317 0.408477 
0.400795 -0.504304 0.485867 
-0.594973 -0.206171 0.404985 
0.400795 -0.504304 0.485867 
-0.594415 -0.201518 0.401112 
0.400795 -0.504304 0.485867 
-0.594154 -0.196925 0.397106 
0.400795 -0.504304 0.485867 
-0.594135 -0.192034 0.392692 
0.400795 -0.504304 0.485867 
-0.594231 -0.187783 0.389012 
0.400795 -0.504304 0.485867 
-0.594385 -0.183509 0.38525 
0.400795 -0.504304 0.485867 
-0.594815 -0.179243 0.380934 
0.400795 -0.504304 0.485867 
-0.596056 -0.176625 0.378827 
0.400795 -0.504304 0.485867 
-0.597894 -0.174978 0.376958 
0.400795 -0.504304 0.485867 
-0.599142 -0.174046 0.375754 
0.400795 -0.504304 0.485867 
-0.599977 -0.173703 0.37534 
0.400795 -0.504304 0.485867 
-0.600426 -0.1743 0.375166 
0.400795 -0.504304 0.485867 
-0.600656 -0.175513 0.375525 
0.400795 -0.504304 0.485867 
-0.600169 -0.177528 0.376694 
0.400795 -0.504304 0.485867 
-0.599615 -0.180447 0.377842 
0.400795 -0.504304 0.485867 
-0.598733 -0.184001 0.378984 
0.400795 -0.504304 0.485867 
-0.597709 -0.187714 0.380405 
0.400795 -0.504304 0.485867 
-0.596588 -0.192 0.381819 
0.400795 -0.504304 0.485867 
-0.595212 -0.198782 0.382516 
0.400795 -0.504304 0.485867 
-0.595426 -0.198411 0.382186 
0.400795 -0.504304 0.485867 
-0.594282 -0.203655 0.383303 
0.400795 -0.504304 0.485867 
-0.593349 -0.208711 0.38367 
0.400795 -0.504304 0.485867 
-0.592516 -0.213567 0.384402 
0.400795 -0.504304 0.485867 
-0.591833 -0.218203 0.384641 
0.400795 -0.504304 0.485867 
-0.591264 -0.222936 0.385003 
0.400795 -0.504304 0.485867 
-0.590927 -0.227056 0.385184 
0.400795 -0.504304 0.485867 
-0.592007 -0.230647 0.384924 
0.400795 -0.504304 0.485867 
-0.591988 -0.233525 0.384189 
0.400795 -0.504304 0.485867 
-0.592019 -0.236911 0.383593 
0.400795 -0.504304 0.485867 
-0.592077 -0.239037 0.382532 
0.400795 -0.504304 0.485867 
-0.591894 -0.240451 0.382547 
0.400795 -0.504304 0.485867 
-0.591872 -0.241729 0.381902 
0.400795 -0.504304 0.485867 
-0.591994 -0.243517 0.381902 
0.400795 -0.504304 0.485867 
-0.592225 -0.244915 0.381571 
0.400795 -0.504304 0.485867 
-0.592575 -0.24687 0.381109 
0.400795 -0.504304 0.485867 
-0.593023 -0.248602 0.380275 
0.400795 -0.504304 0.485867 
-0.59334 -0.25032 0.379459 
0.400795 -0.504304 0.485867 
-0.593836 -0.252482 0.378546 
0.400795 -0.504304 0.485867 
-0.594051 -0.253871 0.377675 
0.400795 -0.504304 0.485867 
-0.592595 -0.255226 0.377756 
0.400795 -0.504304 0.485867 
-0.592796 -0.257255 0.377445 
0.400795 -0.504304 0.485867 
-0.592829 -0.258729 0.377233 
0.400795 -0.504304 0.485867 
-0.592788 -0.260093 0.376877 
0.400795 -0.504304 0.485867 
-0.592603 -0.261087 0.376666 
0.400795 -0.504304 0.485867 
-0.592362 -0.261908 0.376433 
0.400795 -0.504304 0.485867 
-0.592023 -0.262598 0.376343 
0.400795 -0.504304 0.485867 
-0.591522 -0.262621 0.376174 
0.400795 -0.504304 0.485867 
-0.590927 -0.262417 0.376202 
0.400795 -0.504304 0.485867 
-0.590144 -0.262203 0.376677 
0.400795 -0.504304 0.485867 
-0.589507 -0.262664 0.376925 
0.400795 -0.504304 0.485867 
-0.588591 -0.262149 0.377361 
0.400795 -0.504304 0.485867 
-0.587542 -0.261635 0.377531 
0.400795 -0.504304 0.485867 
-0.586551 -0.262102 0.377479 
0.400795 -0.504304 0.485867 
-0.585826 -0.262332 0.377185 
0.400795 -0.504304 0.485867 
-0.585162 -0.262785 0.377121 
0.400795 -0.504304 0.485867 
-0.584713 -0.263744 0.377204 
0.400795 -0.504304 0.485867 
-0.584272 -0.264823 0.377362 
0.400795 -0.504304 0.485867 
-0.583844 -0.26542 0.377056 
0.400795 -0.504304 0.485867 
-0.583331 -0.266053 0.377054 
0.400795 -0.504304 0.485867 
-0.582944 -0.26689 0.377104 
0.400795 -0.504304 0.485867 
-0.582544 -0.267442 0.376691 
0.400795 -0.504304 0.485867 
-0.582291 -0.268149 0.376303 
0.400795 -0.504304 0.485867 
-0.582099 -0.26876 0.376052 
0.400795 -0.504304 0.485867 
-0.581963 -0.269684 0.376086 
0.400795 -0.504304 0.485867 
-0.581922 -0.270216 0.376289 
0.400795 -0.504304 0.485867 
-0.582006 -0.27092 0.376586 
0.400795 -0.504304 0.485867 
-0.581161 -0.269957 0.378255 
0.400795 -0.504304 0.485867 
-0.581272 -0.270287 0.378291 
0.400795 -0.504304 0.485867 
-0.581189 -0.270302 0.378519 
0.400795 -0.504304 0.485867 
-0.581201 -0.270202 0.378496 
0.400795 -0.504304 0.485867 
-0.581239 -0.2703 0.378539 
0.400795 -0.504304 0.485867 
-0.58129 -0.27033 0.378602 
0.400795 -0.504304 0.485867 
-0.581157 -0.270165 0.378365 
0.400795 -0.504304 0.485867 
-0.581147 -0.270123 0.378482 
0.400795 -0.504304 0.485867 
-0.581158 -0.270119 0.378167 
0.400795 -0.504304 0.485867 
-0.581188 -0.270122 0.378504 
0.400795 -0.504304 0.485867 
-0.581228 -0.270032 0.37861 
0.400795 -0.504304 0.485867 
-0.619499 -0.232399 0.421135 
0.400795 -0.504304 0.485867 
-0.617092 -0.234167 0.418079 
0.400795 -0.504304 0.485867 
-0.617822 -0.233765 0.418981 
0.400795 -0.504304 0.485867 
-0.617679 -0.234315 0.419798 
0.400795 -0.504304 0.485867 
-0.616626 -0.236102 0.419909 
0.400795 -0.504304 0.485867 
-0.614146 -0.236485 0.419847 
0.400795 -0.504304 0.485867 
-0.611581 -0.237325 0.420617 
0.400795 -0.504304 0.485867 
-0.610438 -0.237334 0.42056 
0.400795 -0.504304 0.485867 
-0.609047 -0.237697 0.420902 
0.400795 -0.504304 0.485867 
-0.608383 -0.237667 0.420956 
0.400795 -0.504304 0.485867 
-0.607692 -0.237644 0.421114 
0.400795 -0.504304 0.485867 
-0.607253 -0.237843 0.421192 
0.400795 -0.504304 0.485867 
-0.606849 -0.238118 0.421246 
0.400795 -0.504304 0.485867 
-0.606618 -0.237924 0.421464 
0.400795 -0.504304 0.485867 
-0.605874 -0.237977 0.421501 
0.400795 -0.504304 0.485867 
-0.604446 -0.238487 0.421923 
0.400795 -0.504304 0.485867 
-0.603334 -0.238589 0.421947 
0.400795 -0.504304 0.485867 
-0.602561 -0.238555 0.422332 
0.400795 -0.504304 0.485867 
-0.602468 -0.238508 0.422441 
0.400795 -0.504304 0.485867 
-0.602691 -0.238152 0.422151 
0.400795 -0.504304 0.485867 
-0.602644 -0.238419 0.422093 
0.400795 -0.504304 0.485867 
-0.602508 -0.238698 0.422143 
0.400795 -0.504304 0.485867 
-0.602576 -0.23871 0.422009 
0.400795 -0.504304 0.485867 
-0.602574 -0.238593 0.422196 
0.400795 -0.504304 0.485867 
-0.602554 -0.238457 0.422171 
0.400795 -0.504304 0.485867 
-0.60256 -0.238636 0.422237 
0.400795 -0.504304 0.485867 
-0.602558 -0.23836 0.422186 
0.400795 -0.504304 0.485867 
-0.602546 -0.238768 0.422167 
0.400795 -0.504304 0.485867 
-0.602615 -0.238739 0.422375 
0.400795 -0.504304 0.485867 
-0.602685 -0.23883 0.422685 
0.400795 -0.504304 0.485867 
-0.60274 -0.239096 0.422628 
0.400795 -0.504304 0.485867 
-0.602733 -0.238864 0.422606 
0.400795 -0.504304 0.485867 
-0.602723 -0.238813 0.422621 
0.400795 -0.504304 0.485867 
-0.602762 -0.238771 0.422515 
0.400795 -0.504304 0.485867 
-0.602752 -0.238924 0.422584 
0.400795 -0.504304 0.485867 
-0.602762 -0.238855 0.422471 
0.400795 -0.504304 0.485867 
-0.602771 -0.238683 0.422612 
0.400795 -0.504304 0.485867 
-0.60278 -0.23857 0.422756 
0.400795 -0.504304 0.485867 
-0.602766 -0.238718 0.422543 
0.400795 -0.504304 0.485867 
-0.602654 -0.238614 0.42267 
0.400795 -0.504304 0.485867 
-0.602716 -0.238761 0.422559 
0.400795 -0.504304 0.485867 
-0.602659 -0.23849 0.422671 
0.400795 -0.504304 0.485867 
-0.602538 -0.238352 0.422537 
0.400795 -0.504304 0.485867 
-0.60254 -0.238557 0.42262 
0.400795 -0.504304 0.485867 
-0.602559 -0.238457 0.422268 
0.400795 -0.504304 0.485867 
-0.602633 -0.238624 0.422211 
0.400795 -0.504304 0.485867 
-0.602614 -0.238759 0.422426 
0.400795 -0.504304 0.485867 
-0.602619 -0.238865 0.422437 
0.400795 -0.504304 0.485867 
-0.602608 -0.238608 0.422329 
0.400795 -0.504304 0.485867 
-0.602599 -0.238691 0.422327 
0.400795 -0.504304 0.485867 
-0.602613 -0.238788 0.422407 
0.400795 -0.504304 0.485867 
-0.602692 -0.238726 0.422505 
0.400795 -0.504304 0.485867 
-0.602666 -0.238836 0.422467 
0.400795 -0.504304 0.485867 
-0.602645 -0.238766 0.422488 
0.400795 -0.504304 0.485867 
-0.602642 -0.238785 0.422585 
0.400795 -0.504304 0.485867 
-0.602725 -0.238699 0.422575 
0.400795 -0.504304 0.485867 
-0.60268 -0.238583 0.422724 
0.400795 -0.504304 0.485867 
-0.60267 -0.23872 0.422812 
0.400795 -0.504304 0.485867 
-0.602685 -0.238601 0.422629 
0.400795 -0.504304 0.485867 
-0.601825 -0.237496 0.421909 
0.400795 -0.504304 0.485867 
-0.600239 -0.234672 0.419541 
0.400795 -0.504304 0.485867 
-0.59874 -0.23167 0.417379 
0.400795 -0.504304 0.485867 
-0.597342 -0.228508 0.414825 
0.400795 -0.504304 0.485867 
-0.596124 -0.224991 0.411891 
0.400795 -0.504304 0.485867 
-0.59508 -0.221171 0.408806 
0.400795 -0.504304 0.485867 
-0.594151 -0.216968 0.405544 
0.400795 -0.504304 0.485867 
-0.593634 -0.212198 0.401687 
0.400795 -0.504304 0.485867 
-0.593431 -0.207404 0.397741 
0.400795 -0.504304 0.485867 
-0.593461 -0.202302 0.39386 
0.400795 -0.504304 0.485867 
-0.593534 -0.19782 0.389928 
0.400795 -0.504304 0.485867 
-0.59381 -0.193334 0.386055 
0.400795 -0.504304 0.485867 
-0.594234 -0.188721 0.382046 
0.400795 -0.504304 0.485867 
-0.595638 -0.186085 0.379825 
0.400795 -0.504304 0.485867 
-0.597169 -0.184545 0.378269 
0.400795 -0.504304 0.485867 
-0.598476 -0.183578 0.376913 
0.400795 -0.504304 0.485867 
-0.599445 -0.183222 0.376324 
0.400795 -0.504304 0.485867 
-0.599908 -0.183674 0.376307 
0.400795 -0.504304 0.485867 
-0.599936 -0.185036 0.376724 
0.400795 -0.504304 0.485867 
-0.599663 -0.187105 0.377413 
0.400795 -0.504304 0.485867 
-0.59899 -0.190032 0.37866 
0.400795 -0.504304 0.485867 
-0.598096 -0.19338 0.379706 
0.400795 -0.504304 0.485867 
-0.596897 -0.19761 0.381317 
0.400795 -0.504304 0.485867 
-0.595699 -0.20234 0.382711 
0.400795 -0.504304 0.485867 
-0.594348 -0.21032 0.385362 
0.400795 -0.504304 0.485867 
-0.594637 -0.209931 0.385013 
0.400795 -0.504304 0.485867 
-0.593523 -0.215405 0.386054 
0.400795 -0.504304 0.485867 
-0.592605 -0.220107 0.386586 
0.400795 -0.504304 0.485867 
-0.591744 -0.225244 0.387407 
0.400795 -0.504304 0.485867 
-0.591011 -0.229777 0.387724 
0.400795 -0.504304 0.485867 
-0.590513 -0.234045 0.387859 
0.400795 -0.504304 0.485867 
-0.590194 -0.238226 0.387794 
0.400795 -0.504304 0.485867 
-0.591274 -0.242472 0.387434 
0.400795 -0.504304 0.485867 
-0.591246 -0.245505 0.386946 
0.400795 -0.504304 0.485867 
-0.59118 -0.248753 0.386551 
0.400795 -0.504304 0.485867 
-0.591081 -0.250759 0.386075 
0.400795 -0.504304 0.485867 
-0.591212 -0.252414 0.38488 
0.400795 -0.504304 0.485867 
-0.591174 -0.253411 0.384548 
0.400795 -0.504304 0.485867 
-0.591313 -0.255364 0.384388 
0.400795 -0.504304 0.485867 
-0.591646 -0.256963 0.383968 
0.400795 -0.504304 0.485867 
-0.592044 -0.259093 0.38343 
0.400795 -0.504304 0.485867 
-0.592425 -0.260857 0.382751 
0.400795 -0.504304 0.485867 
-0.592714 -0.262561 0.382192 
0.400795 -0.504304 0.485867 
-0.593116 -0.264255 0.381233 
0.400795 -0.504304 0.485867 
-0.593376 -0.265696 0.38023 
0.400795 -0.504304 0.485867 
-0.591875 -0.266692 0.380285 
0.400795 -0.504304 0.485867 
-0.591986 -0.268663 0.379959 
0.400795 -0.504304 0.485867 
-0.592133 -0.270158 0.379457 
0.400795 -0.504304 0.485867 
-0.592087 -0.271655 0.379153 
0.400795 -0.504304 0.485867 
-0.591928 -0.272695 0.378826 
0.400795 -0.504304 0.485867 
-0.59163 -0.273597 0.378804 
0.400795 -0.504304 0.485867 
-0.591358 -0.274164 0.378537 
0.400795 -0.504304 0.485867 
-0.590839 -0.274318 0.378679 
0.400795 -0.504304 0.485867 
-0.590189 -0.274233 0.378881 
0.400795 -0.504304 0.485867 
-0.589531 -0.274024 0.379107 
0.400795 -0.504304 0.485867 
-0.588782 -0.273897 0.379257 
0.400795 -0.504304 0.485867 
-0.588017 -0.273866 0.37958 
0.400795 -0.504304 0.485867 
-0.587006 -0.273587 0.379845 
0.400795 -0.504304 0.485867 
-0.585988 -0.273293 0.379499 
0.400795 -0.504304 0.485867 
-0.585163 -0.273885 0.379198 
0.400795 -0.504304 0.485867 
-0.584483 -0.27444 0.379156 
0.400795 -0.504304 0.485867 
