-0.597268 -0.255126 0.407261 
0.405881 -0.485125 0.476309 
-0.597268 -0.255126 0.407261 
0.405881 -0.485125 0.476309 
-0.597268 -0.255126 0.407261 
0.404273 -0.484112 0.477754 
-0.597268 -0.255126 0.407261 
0.403357 -0.484771 0.47738 
-0.597268 -0.255126 0.407261 
0.403339 -0.486211 0.477061 
-0.597268 -0.255126 0.407261 
0.404104 -0.487757 0.476102 
-0.597268 -0.255126 0.407261 
0.40392 -0.488461 0.474833 
-0.597268 -0.255126 0.407261 
0.40418 -0.490206 0.475249 
-0.597268 -0.255126 0.407261 
0.403889 -0.491502 0.474096 
-0.597268 -0.255126 0.407261 
0.404046 -0.491977 0.474826 
-0.597268 -0.255126 0.407261 
0.403844 -0.492866 0.474491 
-0.597268 -0.255126 0.407261 
0.404122 -0.493797 0.475507 
-0.597268 -0.255126 0.407261 
0.404128 -0.493797 0.476003 
-0.597268 -0.255126 0.407261 
0.404148 -0.494538 0.476193 
-0.597268 -0.255126 0.407261 
0.404435 -0.495006 0.477168 
-0.597268 -0.255126 0.407261 
0.404533 -0.496487 0.47715 
-0.597268 -0.255126 0.407261 
0.404335 -0.497637 0.476351 
-0.597268 -0.255126 0.407261 
0.403862 -0.498742 0.475399 
-0.597268 -0.255126 0.407261 
0.403324 -0.49899 0.475144 
-0.597268 -0.255126 0.407261 
0.402642 -0.500312 0.473786 
-0.597268 -0.255126 0.407261 
0.402724 -0.500746 0.475074 
-0.597268 -0.255126 0.407261 
0.402642 -0.501261 0.475646 
-0.597268 -0.255126 0.407261 
0.403016 -0.501865 0.476132 
-0.597268 -0.255126 0.407261 
0.403732 -0.50241 0.476118 
-0.597268 -0.255126 0.407261 
0.405446 -0.50161 0.478116 
-0.597268 -0.255126 0.407261 
0.407101 -0.500055 0.477963 
-0.597268 -0.255126 0.407261 
0.410892 -0.498899 0.481305 
-0.597268 -0.255126 0.407261 
0.412938 -0.49733 0.480504 
-0.597268 -0.255126 0.407261 
0.41598 -0.496505 0.48114 
-0.597268 -0.255126 0.407261 
0.419302 -0.495225 0.482885 
-0.597268 -0.255126 0.407261 
0.422707 -0.494182 0.48396 
-0.597268 -0.255126 0.407261 
0.425813 -0.49301 0.485315 
-0.597268 -0.255126 0.407261 
0.428913 -0.490825 0.485703 
-0.597268 -0.255126 0.407261 
0.432232 -0.489604 0.486913 
-0.597268 -0.255126 0.407261 
0.435011 -0.488896 0.486396 
-0.597268 -0.255126 0.407261 
0.437733 -0.487693 0.487071 
-0.597268 -0.255126 0.407261 
0.440582 -0.4879 0.488184 
-0.597268 -0.255126 0.407261 
0.441469 -0.486345 0.487258 
-0.597268 -0.255126 0.407261 
0.443274 -0.486757 0.489122 
-0.597268 -0.255126 0.407261 
0.442677 -0.4868 0.488053 
-0.597268 -0.255126 0.407261 
0.442729 -0.486981 0.487896 
