-0.607606 -0.224156 0.383722 
0.400795 -0.504304 0.485867 
-0.607607 -0.224157 0.383721 
0.400795 -0.504304 0.485867 
-0.607137 -0.224063 0.382736 
0.400795 -0.504304 0.485867 
-0.60719 -0.224617 0.382603 
0.400795 -0.504304 0.485867 
-0.606462 -0.226089 0.382993 
0.400795 -0.504304 0.485867 
-0.605272 -0.228286 0.383068 
0.400795 -0.504304 0.485867 
-0.60285 -0.228964 0.382489 
0.400795 -0.504304 0.485867 
-0.600648 -0.229316 0.382272 
0.400795 -0.504304 0.485867 
-0.599192 -0.229302 0.382289 
0.400795 -0.504304 0.485867 
-0.597979 -0.229265 0.382579 
0.400795 -0.504304 0.485867 
-0.597082 -0.229577 0.382471 
0.400795 -0.504304 0.485867 
-0.596602 -0.229313 0.382096 
0.400795 -0.504304 0.485867 
-0.59612 -0.229216 0.381748 
0.400795 -0.504304 0.485867 
-0.595928 -0.229348 0.381395 
0.400795 -0.504304 0.485867 
-0.595536 -0.229268 0.381146 
0.400795 -0.504304 0.485867 
-0.594802 -0.229733 0.381172 
0.400795 -0.504304 0.485867 
-0.593326 -0.230216 0.38091 
0.400795 -0.504304 0.485867 
-0.592362 -0.23007 0.380945 
0.400795 -0.504304 0.485867 
-0.591618 -0.230053 0.380797 
0.400795 -0.504304 0.485867 
-0.591466 -0.229935 0.381119 
0.400795 -0.504304 0.485867 
-0.59145 -0.22975 0.38053 
0.400795 -0.504304 0.485867 
-0.591373 -0.229646 0.380995 
0.400795 -0.504304 0.485867 
-0.591637 -0.22973 0.380473 
0.400795 -0.504304 0.485867 
-0.591563 -0.229949 0.380246 
0.400795 -0.504304 0.485867 
-0.591781 -0.22967 0.379853 
0.400795 -0.504304 0.485867 
-0.591622 -0.229757 0.380069 
0.400795 -0.504304 0.485867 
-0.591536 -0.230003 0.380043 
0.400795 -0.504304 0.485867 
-0.591558 -0.229723 0.380314 
0.400795 -0.504304 0.485867 
-0.591577 -0.229856 0.380144 
0.400795 -0.504304 0.485867 
-0.59151 -0.229923 0.38041 
0.400795 -0.504304 0.485867 
-0.591568 -0.230046 0.380293 
0.400795 -0.504304 0.485867 
-0.591468 -0.2301 0.380824 
0.400795 -0.504304 0.485867 
-0.591548 -0.230079 0.38072 
0.400795 -0.504304 0.485867 
-0.591532 -0.230273 0.380577 
0.400795 -0.504304 0.485867 
-0.591638 -0.23008 0.380443 
0.400795 -0.504304 0.485867 
-0.591526 -0.230042 0.380571 
0.400795 -0.504304 0.485867 
-0.591576 -0.230136 0.380763 
0.400795 -0.504304 0.485867 
-0.591443 -0.230165 0.381006 
0.400795 -0.504304 0.485867 
-0.591438 -0.230122 0.380849 
0.400795 -0.504304 0.485867 
-0.591503 -0.230085 0.380802 
0.400795 -0.504304 0.485867 
-0.591594 -0.230129 0.380153 
0.400795 -0.504304 0.485867 
-0.591695 -0.230105 0.380324 
0.400795 -0.504304 0.485867 
-0.591649 -0.229945 0.38021 
0.400795 -0.504304 0.485867 
-0.591534 -0.229962 0.380376 
0.400795 -0.504304 0.485867 
-0.591711 -0.229946 0.380146 
0.400795 -0.504304 0.485867 
-0.591586 -0.22986 0.380031 
0.400795 -0.504304 0.485867 
-0.591614 -0.22991 0.380313 
0.400795 -0.504304 0.485867 
-0.59159 -0.229794 0.38002 
0.400795 -0.504304 0.485867 
-0.591492 -0.229892 0.38052 
0.400795 -0.504304 0.485867 
-0.591464 -0.229817 0.380923 
0.400795 -0.504304 0.485867 
-0.591494 -0.229485 0.380896 
0.400795 -0.504304 0.485867 
-0.591592 -0.229692 0.380282 
0.400795 -0.504304 0.485867 
-0.591657 -0.229805 0.380158 
0.400795 -0.504304 0.485867 
-0.591607 -0.229767 0.380292 
0.400795 -0.504304 0.485867 
-0.591521 -0.229946 0.380634 
0.400795 -0.504304 0.485867 
-0.591551 -0.22987 0.380722 
0.400795 -0.504304 0.485867 
-0.591522 -0.230061 0.380884 
0.400795 -0.504304 0.485867 
-0.591638 -0.230139 0.380715 
0.400795 -0.504304 0.485867 
-0.591584 -0.230179 0.380702 
0.400795 -0.504304 0.485867 
-0.591656 -0.229945 0.380367 
0.400795 -0.504304 0.485867 
-0.591067 -0.228753 0.379248 
0.400795 -0.504304 0.485867 
-0.590235 -0.226223 0.376645 
0.400795 -0.504304 0.485867 
-0.589544 -0.223388 0.373752 
0.400795 -0.504304 0.485867 
-0.58902 -0.220211 0.370874 
0.400795 -0.504304 0.485867 
-0.588537 -0.216775 0.368084 
0.400795 -0.504304 0.485867 
-0.588552 -0.212987 0.364444 
0.400795 -0.504304 0.485867 
-0.588656 -0.20905 0.361082 
0.400795 -0.504304 0.485867 
-0.58932 -0.204 0.357197 
0.400795 -0.504304 0.485867 
-0.590037 -0.199687 0.353701 
0.400795 -0.504304 0.485867 
-0.591342 -0.195053 0.349749 
0.400795 -0.504304 0.485867 
-0.592735 -0.190252 0.345734 
0.400795 -0.504304 0.485867 
-0.594256 -0.186233 0.341968 
0.400795 -0.504304 0.485867 
-0.595751 -0.181779 0.337962 
0.400795 -0.504304 0.485867 
-0.597833 -0.179333 0.336271 
0.400795 -0.504304 0.485867 
-0.599748 -0.177737 0.335332 
0.400795 -0.504304 0.485867 
-0.601724 -0.176525 0.334356 
0.400795 -0.504304 0.485867 
-0.60227 -0.176777 0.334294 
0.400795 -0.504304 0.485867 
-0.602993 -0.177413 0.333957 
0.400795 -0.504304 0.485867 
-0.602832 -0.178257 0.334477 
0.400795 -0.504304 0.485867 
-0.602452 -0.180436 0.334917 
0.400795 -0.504304 0.485867 
-0.601304 -0.183494 0.33623 
0.400795 -0.504304 0.485867 
-0.599991 -0.186619 0.337272 
0.400795 -0.504304 0.485867 
-0.598401 -0.190567 0.338499 
0.400795 -0.504304 0.485867 
-0.596717 -0.194717 0.339806 
0.400795 -0.504304 0.485867 
