-0.6039 -0.226387 0.380974 
0.400795 -0.504304 0.485867 
-0.603901 -0.226388 0.380974 
0.400795 -0.504304 0.485867 
-0.603875 -0.226346 0.380927 
0.400795 -0.504304 0.485867 
-0.60388 -0.226339 0.380847 
0.400795 -0.504304 0.485867 
-0.603804 -0.226445 0.380966 
0.400795 -0.504304 0.485867 
-0.603811 -0.226461 0.38099 
0.400795 -0.504304 0.485867 
-0.603887 -0.226214 0.380753 
0.400795 -0.504304 0.485867 
-0.603873 -0.226238 0.380813 
0.400795 -0.504304 0.485867 
-0.603864 -0.226366 0.380885 
0.400795 -0.504304 0.485867 
-0.603884 -0.226377 0.380818 
0.400795 -0.504304 0.485867 
-0.603839 -0.226317 0.380884 
0.400795 -0.504304 0.485867 
-0.603791 -0.226173 0.380907 
0.400795 -0.504304 0.485867 
-0.603939 -0.226087 0.380658 
0.400795 -0.504304 0.485867 
-0.603961 -0.226191 0.380639 
0.400795 -0.504304 0.485867 
-0.603902 -0.226302 0.380657 
0.400795 -0.504304 0.485867 
-0.603839 -0.226304 0.380825 
0.400795 -0.504304 0.485867 
