-0.597268 -0.255126 0.407261 
0.383985 -0.485178 0.440706 
-0.597268 -0.255126 0.407261 
0.38215 -0.488606 0.445994 
-0.597268 -0.255126 0.407261 
0.383844 -0.490142 0.443984 
-0.597268 -0.255126 0.407261 
0.383976 -0.490577 0.444453 
-0.597268 -0.255126 0.407261 
0.384002 -0.490457 0.444828 
-0.597268 -0.255126 0.407261 
0.384036 -0.4907 0.444955 
-0.597268 -0.255126 0.407261 
0.384508 -0.491937 0.444418 
-0.597268 -0.255126 0.407261 
0.384886 -0.493148 0.444569 
-0.597268 -0.255126 0.407261 
0.385545 -0.494606 0.445128 
-0.597268 -0.255126 0.407261 
0.386116 -0.495943 0.445261 
-0.597268 -0.255126 0.407261 
0.386088 -0.495995 0.44351 
-0.597268 -0.255126 0.407261 
0.38607 -0.496544 0.442671 
-0.597268 -0.255126 0.407261 
0.38608 -0.497329 0.441658 
-0.597268 -0.255126 0.407261 
0.386005 -0.49785 0.441902 
-0.597268 -0.255126 0.407261 
0.385838 -0.498389 0.441171 
-0.597268 -0.255126 0.407261 
0.385861 -0.499434 0.441342 
-0.597268 -0.255126 0.407261 
0.386085 -0.500143 0.442818 
-0.597268 -0.255126 0.407261 
0.38615 -0.501204 0.442144 
-0.597268 -0.255126 0.407261 
0.386259 -0.501657 0.442982 
-0.597268 -0.255126 0.407261 
0.385755 -0.502241 0.443386 
-0.597268 -0.255126 0.407261 
0.385223 -0.502405 0.442698 
-0.597268 -0.255126 0.407261 
0.384426 -0.503432 0.442166 
-0.597268 -0.255126 0.407261 
0.452478 -0.526269 0.482914 
-0.597268 -0.255126 0.407261 
0.452478 -0.526269 0.482914 
-0.597268 -0.255126 0.407261 
0.451994 -0.526433 0.482827 
-0.597268 -0.255126 0.407261 
0.451618 -0.526512 0.482695 
-0.597268 -0.255126 0.407261 
0.449639 -0.531117 0.474085 
-0.597268 -0.255126 0.407261 
0.450738 -0.527017 0.481812 
-0.597268 -0.255126 0.407261 
0.45025 -0.527053 0.481924 
-0.597268 -0.255126 0.407261 
0.446404 -0.52954 0.473448 
-0.597268 -0.255126 0.407261 
0.447551 -0.527576 0.481686 
-0.597268 -0.255126 0.407261 
0.445738 -0.527493 0.482115 
-0.597268 -0.255126 0.407261 
0.443679 -0.527287 0.482353 
-0.597268 -0.255126 0.407261 
0.438763 -0.528896 0.473793 
-0.597268 -0.255126 0.407261 
0.438949 -0.527196 0.481661 
-0.597268 -0.255126 0.407261 
0.436844 -0.52719 0.481745 
-0.597268 -0.255126 0.407261 
0.434875 -0.527311 0.48185 
-0.597268 -0.255126 0.407261 
0.432982 -0.527368 0.481965 
-0.597268 -0.255126 0.407261 
0.431059 -0.527279 0.482237 
-0.597268 -0.255126 0.407261 
0.429051 -0.527145 0.482348 
-0.597268 -0.255126 0.407261 
0.424471 -0.525673 0.476768 
-0.597268 -0.255126 0.407261 
0.425045 -0.526944 0.481485 
-0.597268 -0.255126 0.407261 
0.423842 -0.526842 0.481167 
-0.597268 -0.255126 0.407261 
0.423031 -0.526735 0.480786 
-0.597268 -0.255126 0.407261 
0.420969 -0.527838 0.473396 
-0.597268 -0.255126 0.407261 
0.422466 -0.5275 0.478811 
-0.597268 -0.255126 0.407261 
0.42264 -0.527936 0.478592 
-0.597268 -0.255126 0.407261 
0.422565 -0.52804 0.478318 
-0.597268 -0.255126 0.407261 
0.421148 -0.528546 0.473992 
-0.597268 -0.255126 0.407261 
0.421826 -0.52822 0.477008 
-0.597268 -0.255126 0.407261 
0.421632 -0.528311 0.4767 
-0.597268 -0.255126 0.407261 
0.421466 -0.528668 0.476273 
-0.597268 -0.255126 0.407261 
0.384006 -0.504319 0.439193 
-0.597268 -0.255126 0.407261 
0.386089 -0.506035 0.443796 
-0.597268 -0.255126 0.407261 
0.3865 -0.505781 0.446454 
-0.597268 -0.255126 0.407261 
0.389015 -0.504675 0.449726 
-0.597268 -0.255126 0.407261 
0.39251 -0.502959 0.453741 
-0.597268 -0.255126 0.407261 
0.396632 -0.501762 0.456987 
-0.597268 -0.255126 0.407261 
0.401188 -0.50063 0.460639 
-0.597268 -0.255126 0.407261 
0.405584 -0.499619 0.462056 
-0.597268 -0.255126 0.407261 
0.410672 -0.498705 0.465819 
-0.597268 -0.255126 0.407261 
0.415277 -0.496972 0.468116 
-0.597268 -0.255126 0.407261 
0.420028 -0.495599 0.469693 
-0.597268 -0.255126 0.407261 
0.426102 -0.494537 0.473894 
-0.597268 -0.255126 0.407261 
0.431448 -0.492423 0.475826 
-0.597268 -0.255126 0.407261 
0.436636 -0.491553 0.477543 
-0.597268 -0.255126 0.407261 
0.439592 -0.491102 0.47682 
-0.597268 -0.255126 0.407261 
0.442069 -0.490242 0.477198 
-0.597268 -0.255126 0.407261 
0.443384 -0.490953 0.477973 
-0.597268 -0.255126 0.407261 
0.443292 -0.490719 0.476888 
-0.597268 -0.255126 0.407261 
0.443054 -0.490972 0.476446 
-0.597268 -0.255126 0.407261 
0.442776 -0.491202 0.476297 
-0.597268 -0.255126 0.407261 
0.442543 -0.492082 0.47651 
-0.597268 -0.255126 0.407261 
0.413212 -0.383725 0.494918 
-0.597268 -0.255126 0.407261 
0.416544 -0.386757 0.491992 
-0.597268 -0.255126 0.407261 
0.417791 -0.383169 0.49414 
-0.597268 -0.255126 0.407261 
0.420672 -0.382883 0.495385 
-0.597268 -0.255126 0.407261 
0.424618 -0.383507 0.497016 
-0.597268 -0.255126 0.407261 
0.429758 -0.384858 0.500121 
-0.597268 -0.255126 0.407261 
0.43453 -0.387081 0.502372 
-0.597268 -0.255126 0.407261 
0.439656 -0.389289 0.504469 
-0.597268 -0.255126 0.407261 
0.444093 -0.391412 0.50494 
-0.597268 -0.255126 0.407261 
0.449663 -0.393599 0.507441 
-0.597268 -0.255126 0.407261 
0.455177 -0.396789 0.508902 
-0.597268 -0.255126 0.407261 
0.46035 -0.398634 0.509302 
-0.597268 -0.255126 0.407261 
0.466361 -0.398671 0.510912 
-0.597268 -0.255126 0.407261 
0.471256 -0.400306 0.511343 
-0.597268 -0.255126 0.407261 
0.474049 -0.403784 0.510163 
-0.597268 -0.255126 0.407261 
0.477256 -0.402746 0.511367 
-0.597268 -0.255126 0.407261 
0.478193 -0.403228 0.511394 
-0.597268 -0.255126 0.407261 
0.478198 -0.403347 0.510899 
-0.597268 -0.255126 0.407261 
0.477629 -0.403334 0.510533 
-0.597268 -0.255126 0.407261 
0.476315 -0.405596 0.508999 
-0.597268 -0.255126 0.407261 
0.476393 -0.40383 0.510351 
