-0.637786 -0.241074 0.372479 
0.381367 -0.482946 0.439837 
-0.635889 -0.241967 0.373692 
0.381376 -0.487083 0.442513 
-0.637029 -0.242401 0.373989 
0.381468 -0.48841 0.443599 
-0.637373 -0.242766 0.374046 
0.381589 -0.488241 0.444511 
-0.637844 -0.243431 0.373712 
0.381532 -0.488065 0.444835 
-0.637327 -0.243394 0.373575 
0.381809 -0.488803 0.44539 
-0.63546 -0.242407 0.374142 
0.382264 -0.490168 0.445462 
-0.632232 -0.241307 0.375244 
0.382529 -0.491285 0.445155 
-0.628073 -0.239908 0.376604 
0.382788 -0.492041 0.442967 
-0.624998 -0.238541 0.377617 
0.383161 -0.4929 0.441392 
-0.622078 -0.237397 0.378656 
0.383499 -0.494064 0.44149 
-0.620178 -0.236526 0.379215 
0.383691 -0.494604 0.44279 
-0.618598 -0.235786 0.379628 
0.383855 -0.495454 0.444035 
-0.617416 -0.234973 0.379917 
0.383761 -0.495856 0.443219 
-0.615298 -0.234279 0.380582 
0.383689 -0.496319 0.443096 
-0.612346 -0.233504 0.381375 
0.383724 -0.49746 0.443525 
-0.609681 -0.232457 0.381924 
0.383619 -0.498533 0.441679 
-0.606834 -0.231191 0.38273 
0.383498 -0.498674 0.441267 
-0.604289 -0.230086 0.383434 
0.383538 -0.499619 0.44056 
-0.602909 -0.22912 0.383436 
0.382958 -0.500342 0.440546 
-0.602393 -0.228605 0.383101 
0.382271 -0.500447 0.440207 
-0.602662 -0.228533 0.382672 
0.381545 -0.501295 0.442048 
-0.45805 -0.16486 0.48415 
0.381761 -0.501087 0.44165 
-0.472742 -0.170521 0.473039 
0.372996 -0.495642 0.42086 
-0.472742 -0.170521 0.473039 
0.372347 -0.494551 0.418782 
-0.472742 -0.170521 0.473039 
0.373318 -0.495175 0.420525 
-0.472742 -0.170521 0.473039 
0.375874 -0.495253 0.425544 
-0.472742 -0.170521 0.473039 
0.379422 -0.494862 0.43069 
-0.472742 -0.170521 0.473039 
0.38356 -0.49511 0.433829 
-0.472742 -0.170521 0.473039 
0.387982 -0.494525 0.436628 
-0.472742 -0.170521 0.473039 
0.392742 -0.494381 0.440609 
-0.472742 -0.170521 0.473039 
0.397064 -0.494448 0.443704 
-0.472742 -0.170521 0.473039 
0.402018 -0.494417 0.448422 
-0.472742 -0.170521 0.473039 
0.406848 -0.494146 0.451824 
-0.472742 -0.170521 0.473039 
0.411681 -0.493831 0.454502 
-0.472742 -0.170521 0.473039 
0.416678 -0.492984 0.456036 
-0.472742 -0.170521 0.473039 
0.42172 -0.492902 0.458786 
-0.472742 -0.170521 0.473039 
0.425243 -0.492505 0.459406 
-0.472742 -0.170521 0.473039 
0.427584 -0.491611 0.460317 
-0.472742 -0.170521 0.473039 
0.428973 -0.492563 0.460443 
-0.472742 -0.170521 0.473039 
0.429197 -0.493672 0.460043 
-0.472742 -0.170521 0.473039 
0.428214 -0.493487 0.458779 
-0.472742 -0.170521 0.473039 
0.427667 -0.493824 0.458091 
-0.472742 -0.170521 0.473039 
0.426958 -0.494039 0.45776 
-0.472742 -0.170521 0.473039 
0.427056 -0.494345 0.46012 
-0.472742 -0.170521 0.473039 
0.426597 -0.494166 0.458595 
-0.602681 -0.22926 0.384755 
0.437758 -0.490171 0.474865 
-0.602681 -0.22926 0.384755 
0.436524 -0.483696 0.475336 
-0.602681 -0.229259 0.384752 
0.435403 -0.481738 0.473948 
-0.602681 -0.229252 0.384737 
0.434927 -0.481595 0.473784 
-0.602683 -0.229257 0.384739 
0.434281 -0.481628 0.473013 
-0.602684 -0.229251 0.384715 
0.433687 -0.481883 0.472366 
-0.602686 -0.229247 0.38469 
0.433256 -0.48199 0.472553 
-0.602687 -0.229251 0.384688 
0.432499 -0.481789 0.473402 
-0.602681 -0.229256 0.384719 
0.431436 -0.482466 0.474577 
-0.602658 -0.22923 0.384732 
0.429358 -0.482286 0.473957 
-0.60263 -0.229204 0.384765 
0.426806 -0.482572 0.472302 
-0.60259 -0.229139 0.384744 
0.424983 -0.483133 0.473462 
-0.602563 -0.229113 0.38477 
0.423311 -0.484064 0.473156 
-0.602555 -0.22912 0.384816 
0.420555 -0.484288 0.471411 
-0.602554 -0.229124 0.384821 
0.419097 -0.485151 0.472061 
-0.602553 -0.229144 0.384869 
0.417004 -0.485308 0.471793 
-0.602552 -0.229139 0.384858 
0.414814 -0.485053 0.471403 
-0.602549 -0.229148 0.384893 
0.412229 -0.485207 0.470244 
-0.602545 -0.229156 0.384935 
0.410802 -0.485939 0.471102 
-0.602543 -0.229161 0.384965 
0.409782 -0.48628 0.471885 
-0.602538 -0.229169 0.385007 
0.408361 -0.486688 0.469661 
-0.602545 -0.229181 0.385011 
0.408067 -0.486945 0.469681 
-0.602566 -0.229219 0.385033 
0.407772 -0.487262 0.468635 
-0.602597 -0.229269 0.385038 
0.407916 -0.487704 0.468418 
-0.602636 -0.229337 0.385077 
0.408244 -0.487909 0.468948 
-0.602652 -0.229363 0.385083 
0.408489 -0.48799 0.469454 
-0.602636 -0.229328 0.385088 
0.408702 -0.488415 0.469708 
-0.602603 -0.229274 0.385161 
0.40833 -0.488745 0.4689 
-0.60258 -0.229233 0.385208 
0.40817 -0.488929 0.468811 
-0.602565 -0.22922 0.385261 
0.407672 -0.489586 0.467616 
-0.602725 -0.229301 0.384962 
0.40788 -0.489955 0.468606 
-0.602725 -0.229301 0.384962 
0.408037 -0.489912 0.46912 
-0.603737 -0.22893 0.38438 
0.40809 -0.490491 0.469084 
-0.605236 -0.228659 0.383563 
0.408697 -0.490514 0.470624 
-0.607212 -0.228589 0.382676 
0.408768 -0.490816 0.470437 
-0.60933 -0.22847 0.381716 
0.408676 -0.490788 0.470022 
-0.611456 -0.228333 0.380737 
0.408674 -0.490943 0.470077 
-0.613417 -0.228202 0.379822 
0.408352 -0.490712 0.469617 
