-0.637504 -0.24177 0.373708 
0.381313 -0.482726 0.43951 
-0.637282 -0.24246 0.374169 
0.381571 -0.486311 0.442986 
-0.63728 -0.242879 0.374842 
0.38169 -0.487468 0.442384 
-0.637389 -0.243514 0.375449 
0.381599 -0.487958 0.44419 
-0.637556 -0.244448 0.375164 
0.38142 -0.48806 0.444179 
-0.637188 -0.244139 0.37495 
0.381557 -0.488532 0.445117 
-0.635364 -0.243148 0.375383 
0.382041 -0.490039 0.444894 
-0.632181 -0.241817 0.376289 
0.382537 -0.490994 0.444961 
-0.62788 -0.240273 0.377631 
0.383019 -0.492253 0.444055 
-0.624483 -0.2389 0.378779 
0.38344 -0.493169 0.443247 
-0.621608 -0.238057 0.379879 
0.38362 -0.494187 0.442626 
-0.619925 -0.237193 0.380367 
0.383668 -0.494636 0.442909 
-0.618203 -0.236483 0.380897 
0.383705 -0.495253 0.442752 
-0.616417 -0.235789 0.381435 
0.383804 -0.496051 0.443467 
-0.614543 -0.235066 0.381887 
0.383708 -0.496736 0.443554 
-0.611932 -0.234174 0.382498 
0.383535 -0.497605 0.441451 
-0.60952 -0.233093 0.383122 
0.383303 -0.497935 0.439891 
-0.606926 -0.2317 0.383857 
0.383337 -0.498783 0.439555 
-0.604204 -0.230336 0.384409 
0.383494 -0.500049 0.440266 
-0.602984 -0.229852 0.384512 
0.382891 -0.499766 0.440702 
-0.602329 -0.229245 0.384179 
0.38225 -0.500268 0.441021 
-0.602837 -0.229033 0.383515 
0.381716 -0.501804 0.442104 
-0.45805 -0.16486 0.48415 
0.381926 -0.501344 0.441836 
-0.45805 -0.16486 0.48415 
0.381926 -0.501344 0.441836 
0.401152 -0.500094 0.465477 
-0.602062 -0.229111 0.385804 
