-0.635274 -0.242795 0.373696 
0.383247 -0.483804 0.43743 
-0.635274 -0.242795 0.373696 
0.383247 -0.483804 0.43743 
-0.633789 -0.243437 0.375767 
0.383714 -0.488677 0.443182 
-0.634565 -0.244578 0.375895 
0.383282 -0.489445 0.443477 
-0.63503 -0.245464 0.375417 
0.383304 -0.490394 0.444459 
-0.634904 -0.245043 0.374978 
0.383596 -0.490791 0.445943 
-0.632993 -0.244006 0.37544 
0.38409 -0.491426 0.447182 
-0.629753 -0.242737 0.376625 
0.384592 -0.493336 0.446268 
-0.624745 -0.241193 0.378192 
0.384965 -0.493845 0.446015 
-0.623695 -0.240309 0.378478 
0.384608 -0.492474 0.441068 
-0.619815 -0.239088 0.380547 
0.385303 -0.494723 0.443724 
-0.618284 -0.238357 0.381005 
0.385115 -0.494206 0.441226 
-0.616327 -0.237631 0.381098 
0.385165 -0.494782 0.440968 
-0.615355 -0.237134 0.38135 
0.385124 -0.495287 0.440721 
-0.612705 -0.23628 0.381892 
0.385294 -0.497585 0.443033 
-0.609779 -0.235273 0.382864 
0.385494 -0.498416 0.444344 
-0.607476 -0.233843 0.383223 
0.385183 -0.499492 0.442333 
-0.604607 -0.232288 0.383982 
0.385186 -0.500857 0.439698 
-0.602368 -0.231532 0.384515 
0.384984 -0.501739 0.439332 
