-0.636842 -0.252226 0.374237 
0.400795 -0.504304 0.485867 
-0.636842 -0.252226 0.374237 
0.400795 -0.504304 0.485867 
-0.641393 -0.253097 0.376311 
0.400795 -0.504304 0.485867 
-0.643922 -0.253789 0.377474 
0.400795 -0.504304 0.485867 
-0.644375 -0.25444 0.37728 
0.400795 -0.504304 0.485867 
-0.643718 -0.254311 0.377175 
0.400795 -0.504304 0.485867 
-0.641645 -0.253558 0.377887 
0.400795 -0.504304 0.485867 
-0.638219 -0.252221 0.378836 
0.400795 -0.504304 0.485867 
-0.633633 -0.250475 0.380321 
0.400795 -0.504304 0.485867 
-0.631189 -0.249355 0.381166 
0.400795 -0.504304 0.485867 
-0.628414 -0.248282 0.382156 
0.400795 -0.504304 0.485867 
-0.626431 -0.247524 0.3829 
0.400795 -0.504304 0.485867 
-0.624891 -0.246833 0.383247 
0.400795 -0.504304 0.485867 
-0.623273 -0.246266 0.383788 
0.400795 -0.504304 0.485867 
-0.621408 -0.245312 0.38431 
0.400795 -0.504304 0.485867 
