-0.635158 -0.242556 0.373265 
0.383546 -0.484389 0.43788 
-0.635158 -0.242556 0.373265 
0.383665 -0.490029 0.442967 
-0.633641 -0.242924 0.375744 
0.384174 -0.49083 0.445206 
-0.634499 -0.244464 0.37546 
0.383241 -0.485971 0.438818 
-0.634922 -0.244964 0.37469 
0.383754 -0.490496 0.442749 
-0.634758 -0.24487 0.374312 
0.383804 -0.490135 0.445657 
-0.632812 -0.243836 0.374933 
0.384147 -0.492409 0.444485 
-0.629465 -0.24262 0.376146 
0.384678 -0.492788 0.44748 
-0.625172 -0.240884 0.377522 
0.38425 -0.49166 0.440581 
-0.621937 -0.239827 0.379017 
0.384742 -0.492313 0.440042 
-0.619059 -0.238732 0.379964 
0.384993 -0.492862 0.439525 
-0.618029 -0.238184 0.380039 
0.385544 -0.495487 0.442713 
-0.615937 -0.23725 0.380901 
0.385789 -0.49715 0.443881 
-0.614625 -0.236765 0.381034 
0.385334 -0.495777 0.44052 
-0.612502 -0.235831 0.381591 
0.385946 -0.498687 0.445113 
-0.609726 -0.234879 0.382565 
0.385895 -0.499503 0.444782 
-0.607682 -0.23387 0.382775 
0.38577 -0.500533 0.44321 
-0.604661 -0.232499 0.383668 
0.386153 -0.501012 0.442149 
-0.602669 -0.231634 0.383988 
0.386141 -0.502352 0.443023 
-0.600785 -0.230592 0.384586 
0.385286 -0.503276 0.441654 
-0.599935 -0.22992 0.384061 
0.385169 -0.502888 0.441757 
-0.600592 -0.229742 0.383024 
0.384218 -0.504603 0.440881 
-0.45805 -0.16486 0.48415 
0.384656 -0.503876 0.44134 
-0.599628 -0.230255 0.384872 
0.437375 -0.514408 0.46461 
