-0.597268 -0.255126 0.407261 
0.383471 -0.484122 0.438142 
-0.597268 -0.255126 0.407261 
0.383635 -0.489138 0.443739 
-0.597268 -0.255126 0.407261 
0.384219 -0.491232 0.444902 
-0.597268 -0.255126 0.407261 
0.384254 -0.491103 0.44739 
-0.597268 -0.255126 0.407261 
0.384213 -0.491929 0.446556 
-0.597268 -0.255126 0.407261 
0.38422 -0.492925 0.446134 
-0.597268 -0.255126 0.407261 
0.384609 -0.493022 0.447766 
-0.597268 -0.255126 0.407261 
0.385166 -0.494945 0.447241 
-0.597268 -0.255126 0.407261 
0.384495 -0.492833 0.442448 
-0.597268 -0.255126 0.407261 
0.384985 -0.493477 0.441897 
-0.597268 -0.255126 0.407261 
0.385233 -0.49402 0.441372 
-0.597268 -0.255126 0.407261 
0.385704 -0.496114 0.443231 
-0.597268 -0.255126 0.407261 
0.385531 -0.495821 0.441658 
-0.597268 -0.255126 0.407261 
0.385956 -0.49794 0.444488 
-0.597268 -0.255126 0.407261 
0.386017 -0.498911 0.445211 
-0.597268 -0.255126 0.407261 
0.386059 -0.499406 0.443334 
-0.597268 -0.255126 0.407261 
0.385937 -0.500159 0.443963 
-0.597268 -0.255126 0.407261 
0.385929 -0.501489 0.443715 
-0.597268 -0.255126 0.407261 
0.38585 -0.503065 0.441578 
-0.597268 -0.255126 0.407261 
0.385914 -0.503183 0.442439 
-0.597268 -0.255126 0.407261 
0.385389 -0.503505 0.442068 
-0.597268 -0.255126 0.407261 
0.384822 -0.504315 0.4429 
