-0.596537 -0.186129 0.372964 
0.400795 -0.504304 0.485867 
-0.596538 -0.18613 0.372964 
0.400795 -0.504304 0.485867 
-0.596259 -0.186439 0.3727 
0.400795 -0.504304 0.485867 
-0.596526 -0.186634 0.372313 
0.400795 -0.504304 0.485867 
-0.596675 -0.18663 0.372064 
0.400795 -0.504304 0.485867 
-0.596614 -0.186815 0.371946 
0.400795 -0.504304 0.485867 
-0.596633 -0.186652 0.371871 
0.400795 -0.504304 0.485867 
-0.596608 -0.186675 0.371895 
0.400795 -0.504304 0.485867 
-0.596602 -0.186578 0.372017 
0.400795 -0.504304 0.485867 
-0.596655 -0.186402 0.372194 
0.400795 -0.504304 0.485867 
-0.596623 -0.18656 0.371922 
0.400795 -0.504304 0.485867 
-0.596645 -0.186553 0.371945 
0.400795 -0.504304 0.485867 
-0.59662 -0.186714 0.372072 
0.400795 -0.504304 0.485867 
-0.596651 -0.186482 0.371953 
0.400795 -0.504304 0.485867 
-0.596619 -0.186538 0.372212 
0.400795 -0.504304 0.485867 
-0.596609 -0.186473 0.372219 
0.400795 -0.504304 0.485867 
-0.596621 -0.186435 0.372222 
0.400795 -0.504304 0.485867 
-0.59661 -0.186436 0.372041 
0.400795 -0.504304 0.485867 
-0.59663 -0.18648 0.371763 
0.400795 -0.504304 0.485867 
-0.596585 -0.186616 0.37198 
0.400795 -0.504304 0.485867 
-0.59668 -0.186526 0.372 
0.400795 -0.504304 0.485867 
-0.596563 -0.18651 0.372258 
0.400795 -0.504304 0.485867 
