-0.62966 -0.250927 0.385769 
0.400795 -0.504304 0.485867 
-0.62966 -0.250927 0.385769 
0.400795 -0.504304 0.485867 
-0.629802 -0.2514 0.386514 
0.400795 -0.504304 0.485867 
-0.629981 -0.252337 0.387095 
0.400795 -0.504304 0.485867 
-0.630102 -0.252935 0.387041 
0.400795 -0.504304 0.485867 
-0.629725 -0.252661 0.386885 
0.400795 -0.504304 0.485867 
-0.627972 -0.251751 0.387666 
0.400795 -0.504304 0.485867 
-0.625121 -0.250634 0.389149 
0.400795 -0.504304 0.485867 
-0.621378 -0.248852 0.390865 
0.400795 -0.504304 0.485867 
-0.618091 -0.247342 0.3919 
0.400795 -0.504304 0.485867 
-0.616031 -0.246446 0.392592 
0.400795 -0.504304 0.485867 
-0.614138 -0.245419 0.39315 
0.400795 -0.504304 0.485867 
-0.612507 -0.244439 0.393534 
0.400795 -0.504304 0.485867 
-0.611219 -0.243948 0.393984 
0.400795 -0.504304 0.485867 
-0.609452 -0.243162 0.394478 
0.400795 -0.504304 0.485867 
-0.607029 -0.241955 0.395076 
0.400795 -0.504304 0.485867 
-0.60449 -0.240483 0.39577 
0.400795 -0.504304 0.485867 
-0.602407 -0.238974 0.395566 
0.400795 -0.504304 0.485867 
-0.598956 -0.238931 0.398083 
0.400795 -0.504304 0.485867 
-0.597271 -0.238205 0.398595 
0.400795 -0.504304 0.485867 
-0.596379 -0.237838 0.39877 
0.400795 -0.504304 0.485867 
-0.59638 -0.23784 0.398764 
0.400795 -0.504304 0.485867 
-0.4054 -0.23257 0.48858 
0.400795 -0.504304 0.485867 
-0.596387 -0.237798 0.400426 
0.400795 -0.504304 0.485867 
-0.596387 -0.237798 0.400426 
0.400795 -0.504304 0.485867 
-0.596383 -0.237798 0.400467 
0.400795 -0.504304 0.485867 
-0.596375 -0.237779 0.400481 
0.400795 -0.504304 0.485867 
-0.596369 -0.23777 0.400501 
0.400795 -0.504304 0.485867 
-0.596367 -0.237759 0.400482 
0.400795 -0.504304 0.485867 
-0.596367 -0.237762 0.400486 
0.400795 -0.504304 0.485867 
-0.597104 -0.237395 0.400042 
0.400795 -0.504304 0.485867 
-0.598187 -0.237085 0.399317 
0.400795 -0.504304 0.485867 
-0.599761 -0.236947 0.398383 
0.400795 -0.504304 0.485867 
-0.601767 -0.236938 0.397297 
0.400795 -0.504304 0.485867 
-0.603805 -0.236905 0.39621 
0.400795 -0.504304 0.485867 
-0.605862 -0.236852 0.395092 
0.400795 -0.504304 0.485867 
-0.607714 -0.236803 0.394032 
0.400795 -0.504304 0.485867 
-0.609542 -0.236822 0.392832 
0.400795 -0.504304 0.485867 
-0.611314 -0.236883 0.391498 
0.400795 -0.504304 0.485867 
-0.614548 -0.236083 0.387727 
0.400795 -0.504304 0.485867 
-0.616661 -0.236154 0.385751 
0.400795 -0.504304 0.485867 
-0.618486 -0.236254 0.384359 
0.400795 -0.504304 0.485867 
-0.619368 -0.236146 0.383374 
0.400795 -0.504304 0.485867 
-0.618309 -0.235791 0.383261 
0.400795 -0.504304 0.485867 
-0.616535 -0.235133 0.383083 
0.400795 -0.504304 0.485867 
-0.61467 -0.234078 0.382915 
0.400795 -0.504304 0.485867 
-0.612223 -0.233382 0.383147 
0.400795 -0.504304 0.485867 
-0.610327 -0.23221 0.383096 
0.400795 -0.504304 0.485867 
-0.607946 -0.226959 0.380846 
0.400795 -0.504304 0.485867 
-0.606268 -0.221854 0.379004 
0.400795 -0.504304 0.485867 
-0.604823 -0.216081 0.377542 
0.400795 -0.504304 0.485867 
-0.604187 -0.210069 0.375562 
0.400795 -0.504304 0.485867 
-0.602751 -0.204425 0.374187 
0.400795 -0.504304 0.485867 
-0.601691 -0.199507 0.372095 
0.400795 -0.504304 0.485867 
-0.600636 -0.194032 0.370145 
0.400795 -0.504304 0.485867 
-0.600433 -0.189755 0.367877 
0.400795 -0.504304 0.485867 
-0.600154 -0.186575 0.36687 
0.400795 -0.504304 0.485867 
-0.599551 -0.184414 0.365538 
0.400795 -0.504304 0.485867 
-0.598807 -0.182195 0.364342 
0.400795 -0.504304 0.485867 
-0.59766 -0.181332 0.363179 
0.400795 -0.504304 0.485867 
-0.596601 -0.181079 0.362676 
0.400795 -0.504304 0.485867 
-0.595671 -0.184612 0.363346 
0.400795 -0.504304 0.485867 
-0.594493 -0.188743 0.364432 
0.400795 -0.504304 0.485867 
-0.592551 -0.193689 0.365651 
0.400795 -0.504304 0.485867 
-0.590542 -0.198392 0.36709 
0.400795 -0.504304 0.485867 
-0.588849 -0.203007 0.368361 
0.400795 -0.504304 0.485867 
-0.587182 -0.207392 0.369892 
0.400795 -0.504304 0.485867 
-0.585666 -0.211983 0.370882 
0.400795 -0.504304 0.485867 
-0.584355 -0.21598 0.372083 
0.400795 -0.504304 0.485867 
-0.583581 -0.219067 0.372562 
0.400795 -0.504304 0.485867 
-0.583079 -0.222322 0.372996 
0.400795 -0.504304 0.485867 
-0.582758 -0.225742 0.373904 
0.400795 -0.504304 0.485867 
-0.58228 -0.230187 0.374488 
0.400795 -0.504304 0.485867 
-0.582194 -0.23474 0.374769 
0.400795 -0.504304 0.485867 
-0.582358 -0.239927 0.374796 
0.400795 -0.504304 0.485867 
-0.582442 -0.244944 0.374845 
0.400795 -0.504304 0.485867 
-0.58191 -0.24994 0.37516 
0.400795 -0.504304 0.485867 
-0.581806 -0.2557 0.374837 
0.400795 -0.504304 0.485867 
-0.581559 -0.260238 0.374711 
0.400795 -0.504304 0.485867 
-0.581581 -0.26471 0.374319 
0.400795 -0.504304 0.485867 
-0.582272 -0.268938 0.372662 
0.400795 -0.504304 0.485867 
-0.580873 -0.275102 0.37561 
0.400795 -0.504304 0.485867 
-0.580956 -0.279512 0.375695 
0.400795 -0.504304 0.485867 
-0.580987 -0.282906 0.375399 
0.400795 -0.504304 0.485867 
-0.580778 -0.285023 0.375334 
0.400795 -0.504304 0.485867 
-0.58033 -0.28626 0.375617 
0.400795 -0.504304 0.485867 
-0.579659 -0.286791 0.375956 
0.400795 -0.504304 0.485867 
-0.578796 -0.286861 0.376388 
0.400795 -0.504304 0.485867 
-0.578163 -0.286782 0.376598 
0.400795 -0.504304 0.485867 
-0.578178 -0.286709 0.376455 
0.400795 -0.504304 0.485867 
-0.578174 -0.286726 0.376505 
0.400795 -0.504304 0.485867 
-0.57817 -0.28673 0.37653 
0.400795 -0.504304 0.485867 
-0.578163 -0.286751 0.376601 
0.400795 -0.504304 0.485867 
-0.578938 -0.286194 0.377955 
0.400795 -0.504304 0.485867 
-0.58066 -0.28411 0.380323 
0.400795 -0.504304 0.485867 
-0.582511 -0.281013 0.382373 
0.400795 -0.504304 0.485867 
