-0.603812 -0.226359 0.381327 
0.400795 -0.504304 0.485867 
-0.603812 -0.22636 0.381327 
0.400795 -0.504304 0.485867 
-0.6037 -0.22637 0.381355 
0.400795 -0.504304 0.485867 
-0.603656 -0.226561 0.381425 
0.400795 -0.504304 0.485867 
-0.603698 -0.226118 0.381286 
0.400795 -0.504304 0.485867 
-0.603675 -0.226266 0.381388 
0.400795 -0.504304 0.485867 
-0.603694 -0.226518 0.381214 
0.400795 -0.504304 0.485867 
-0.603691 -0.2264 0.381411 
0.400795 -0.504304 0.485867 
-0.603822 -0.226186 0.381074 
0.400795 -0.504304 0.485867 
-0.603822 -0.22616 0.380968 
0.400795 -0.504304 0.485867 
-0.60377 -0.22652 0.381096 
0.400795 -0.504304 0.485867 
-0.603772 -0.226329 0.381177 
0.400795 -0.504304 0.485867 
-0.603693 -0.226317 0.381281 
0.400795 -0.504304 0.485867 
-0.603788 -0.226222 0.380988 
0.400795 -0.504304 0.485867 
-0.60373 -0.226634 0.381058 
0.400795 -0.504304 0.485867 
-0.603684 -0.226529 0.38134 
0.400795 -0.504304 0.485867 
-0.603721 -0.226388 0.381368 
0.400795 -0.504304 0.485867 
-0.60385 -0.226168 0.380937 
0.400795 -0.504304 0.485867 
-0.603789 -0.226173 0.381077 
0.400795 -0.504304 0.485867 
-0.603759 -0.226067 0.381125 
0.400795 -0.504304 0.485867 
-0.603717 -0.22641 0.381199 
0.400795 -0.504304 0.485867 
-0.603629 -0.226333 0.381381 
0.400795 -0.504304 0.485867 
