-0.637821 -0.241057 0.373317 
0.381091 -0.4822 0.439696 
-0.637821 -0.241057 0.373317 
0.382525 -0.486331 0.440239 
-0.638357 -0.242294 0.374 
0.382153 -0.48845 0.443728 
-0.637843 -0.242935 0.374683 
0.381428 -0.48811 0.444364 
-0.637986 -0.243685 0.374381 
0.381228 -0.487932 0.444685 
-0.637532 -0.243362 0.374247 
0.381437 -0.488506 0.445593 
-0.635537 -0.242261 0.374882 
0.381822 -0.489656 0.445122 
-0.632432 -0.241105 0.375997 
0.382096 -0.490759 0.443937 
-0.628296 -0.239751 0.37734 
0.382505 -0.491325 0.443835 
-0.625215 -0.238513 0.378206 
0.382912 -0.492109 0.442533 
-0.622349 -0.237321 0.379093 
0.383214 -0.492813 0.441499 
-0.620411 -0.236375 0.379773 
0.383354 -0.493629 0.442129 
-0.618803 -0.235865 0.380306 
0.383364 -0.494372 0.442789 
-0.61711 -0.23517 0.380704 
0.383268 -0.495014 0.442387 
-0.614863 -0.234328 0.381469 
0.383112 -0.495856 0.441786 
-0.61243 -0.233607 0.38209 
0.383014 -0.497188 0.440834 
-0.609766 -0.232617 0.382695 
0.383101 -0.497696 0.44033 
-0.606821 -0.231179 0.383552 
0.383574 -0.49863 0.440414 
-0.60427 -0.229936 0.384213 
0.383291 -0.499003 0.440293 
-0.602925 -0.229016 0.384155 
0.382512 -0.499646 0.439741 
-0.602533 -0.228519 0.383803 
0.381964 -0.499866 0.440645 
-0.602999 -0.228342 0.383305 
0.381202 -0.500857 0.442106 
-0.45805 -0.16486 0.48415 
0.381472 -0.500533 0.44172 
-0.472943 -0.17184 0.473491 
0.373287 -0.494588 0.419688 
-0.472943 -0.17184 0.473491 
0.372609 -0.493412 0.419359 
-0.472943 -0.17184 0.473491 
0.37341 -0.493509 0.42261 
-0.472943 -0.17184 0.473491 
0.376056 -0.493842 0.424812 
-0.472943 -0.17184 0.473491 
0.379579 -0.493674 0.430166 
-0.472943 -0.17184 0.473491 
0.383698 -0.494823 0.432183 
-0.472943 -0.17184 0.473491 
0.387805 -0.493878 0.435832 
-0.472943 -0.17184 0.473491 
0.392641 -0.493658 0.441594 
-0.472943 -0.17184 0.473491 
0.397163 -0.493091 0.444064 
-0.472943 -0.17184 0.473491 
0.402115 -0.492862 0.44746 
-0.472943 -0.17184 0.473491 
0.40716 -0.493191 0.45062 
-0.472943 -0.17184 0.473491 
0.412192 -0.492954 0.454466 
-0.472943 -0.17184 0.473491 
0.416926 -0.492291 0.456278 
-0.472943 -0.17184 0.473491 
0.421413 -0.492016 0.45743 
-0.472943 -0.17184 0.473491 
0.425522 -0.491228 0.459199 
-0.472943 -0.17184 0.473491 
0.427767 -0.491081 0.459462 
-0.472943 -0.17184 0.473491 
0.429018 -0.491627 0.459119 
-0.472943 -0.17184 0.473491 
0.42971 -0.493073 0.459998 
-0.472943 -0.17184 0.473491 
0.428296 -0.492565 0.458143 
-0.472943 -0.17184 0.473491 
0.427474 -0.492519 0.456729 
-0.472943 -0.17184 0.473491 
0.427199 -0.493099 0.457709 
-0.472943 -0.17184 0.473491 
0.426978 -0.493786 0.458444 
-0.472943 -0.17184 0.473491 
0.42719 -0.494315 0.459455 
-0.602142 -0.228133 0.384566 
0.438512 -0.49002 0.475769 
