-0.597268 -0.255126 0.407261 
0.386707 -0.491581 0.44106 
-0.597268 -0.255126 0.407261 
0.386706 -0.491581 0.44106 
-0.597268 -0.255126 0.407261 
0.386087 -0.492848 0.443203 
-0.597268 -0.255126 0.407261 
0.386347 -0.493208 0.445119 
-0.597268 -0.255126 0.407261 
0.385908 -0.492444 0.442157 
-0.597268 -0.255126 0.407261 
0.386414 -0.492832 0.445665 
-0.597268 -0.255126 0.407261 
0.385996 -0.492894 0.443362 
-0.597268 -0.255126 0.407261 
0.385669 -0.492017 0.439934 
-0.597268 -0.255126 0.407261 
0.385712 -0.492585 0.439949 
-0.597268 -0.255126 0.407261 
0.385481 -0.491645 0.438262 
-0.597268 -0.255126 0.407261 
0.386096 -0.490897 0.443905 
-0.597268 -0.255126 0.407261 
0.385813 -0.492681 0.441253 
-0.597268 -0.255126 0.407261 
0.385575 -0.492256 0.439851 
-0.597268 -0.255126 0.407261 
0.385807 -0.492484 0.441505 
-0.597268 -0.255126 0.407261 
0.385736 -0.492319 0.441569 
-0.597268 -0.255126 0.407261 
0.385771 -0.492111 0.441753 
-0.597268 -0.255126 0.407261 
0.385456 -0.491824 0.43844 
-0.597268 -0.255126 0.407261 
0.385424 -0.492436 0.438112 
-0.597268 -0.255126 0.407261 
0.385598 -0.493363 0.440353 
-0.597268 -0.255126 0.407261 
0.385456 -0.493147 0.439085 
-0.597268 -0.255126 0.407261 
0.385873 -0.492704 0.442815 
-0.597268 -0.255126 0.407261 
0.386244 -0.491673 0.444772 
-0.597268 -0.255126 0.407261 
0.386503 -0.492816 0.44656 
-0.597268 -0.255126 0.407261 
0.38588 -0.492581 0.442689 
-0.597268 -0.255126 0.407261 
0.385677 -0.492755 0.440558 
-0.597268 -0.255126 0.407261 
0.38558 -0.492866 0.439758 
-0.597268 -0.255126 0.407261 
0.385535 -0.493401 0.438636 
-0.597268 -0.255126 0.407261 
0.385945 -0.492158 0.442278 
-0.597268 -0.255126 0.407261 
0.385559 -0.492347 0.43877 
-0.597268 -0.255126 0.407261 
0.38584 -0.492848 0.441871 
-0.597268 -0.255126 0.407261 
0.385537 -0.49347 0.439204 
-0.597268 -0.255126 0.407261 
0.385492 -0.492842 0.438656 
-0.597268 -0.255126 0.407261 
0.38584 -0.492741 0.441806 
-0.597268 -0.255126 0.407261 
0.385599 -0.493492 0.440348 
-0.597268 -0.255126 0.407261 
0.385649 -0.49301 0.441077 
-0.597268 -0.255126 0.407261 
0.386254 -0.491977 0.444533 
-0.597268 -0.255126 0.407261 
0.385798 -0.493009 0.441304 
-0.597268 -0.255126 0.407261 
0.385651 -0.492987 0.440859 
-0.597268 -0.255126 0.407261 
0.385564 -0.492713 0.43961 
-0.597268 -0.255126 0.407261 
0.385675 -0.493483 0.440584 
-0.597268 -0.255126 0.407261 
0.385793 -0.493173 0.441707 
-0.597268 -0.255126 0.407261 
0.385547 -0.492853 0.439432 
-0.597268 -0.255126 0.407261 
0.385461 -0.492744 0.438615 
-0.597268 -0.255126 0.407261 
0.385726 -0.493089 0.441046 
-0.597268 -0.255126 0.407261 
0.385425 -0.493004 0.438731 
-0.597268 -0.255126 0.407261 
0.385539 -0.491941 0.439732 
-0.597268 -0.255126 0.407261 
0.385897 -0.493272 0.4429 
-0.597268 -0.255126 0.407261 
0.386182 -0.492722 0.444642 
-0.597268 -0.255126 0.407261 
0.385647 -0.492592 0.440541 
-0.597268 -0.255126 0.407261 
0.386183 -0.49319 0.444266 
-0.597268 -0.255126 0.407261 
0.385638 -0.492573 0.439887 
-0.597268 -0.255126 0.407261 
0.385817 -0.492092 0.442282 
-0.597268 -0.255126 0.407261 
0.385461 -0.491953 0.438877 
-0.597268 -0.255126 0.407261 
0.385924 -0.493492 0.442869 
-0.597268 -0.255126 0.407261 
0.385652 -0.493261 0.440823 
-0.597268 -0.255126 0.407261 
0.385555 -0.491989 0.439279 
-0.597268 -0.255126 0.407261 
0.385708 -0.492764 0.441612 
-0.597268 -0.255126 0.407261 
0.385553 -0.492686 0.440529 
-0.597268 -0.255126 0.407261 
0.385633 -0.491913 0.440321 
