-0.597268 -0.255126 0.407261 
0.401304 -0.486575 0.47306 
-0.597268 -0.255126 0.407261 
0.402147 -0.486491 0.476775 
-0.597268 -0.255126 0.407261 
0.403267 -0.485713 0.478705 
-0.597268 -0.255126 0.407261 
0.403749 -0.485909 0.478791 
-0.597268 -0.255126 0.407261 
0.404487 -0.48781 0.479494 
-0.597268 -0.255126 0.407261 
0.404578 -0.489059 0.476306 
-0.597268 -0.255126 0.407261 
0.404651 -0.489993 0.476532 
-0.597268 -0.255126 0.407261 
0.404504 -0.491745 0.475126 
-0.597268 -0.255126 0.407261 
0.404639 -0.493066 0.474313 
-0.597268 -0.255126 0.407261 
0.404631 -0.493069 0.475573 
-0.597268 -0.255126 0.407261 
0.40429 -0.49345 0.474984 
-0.597268 -0.255126 0.407261 
0.404606 -0.494342 0.475986 
-0.597268 -0.255126 0.407261 
0.404656 -0.495631 0.475746 
-0.597268 -0.255126 0.407261 
0.404408 -0.496276 0.475063 
-0.597268 -0.255126 0.407261 
0.404458 -0.497019 0.475301 
-0.597268 -0.255126 0.407261 
0.404769 -0.498623 0.475933 
-0.597268 -0.255126 0.407261 
0.404821 -0.499592 0.476154 
-0.597268 -0.255126 0.407261 
0.404561 -0.500774 0.475807 
-0.597268 -0.255126 0.407261 
0.403818 -0.501255 0.475039 
-0.597268 -0.255126 0.407261 
0.403207 -0.501776 0.474516 
-0.597268 -0.255126 0.407261 
0.403259 -0.502353 0.475284 
-0.597268 -0.255126 0.407261 
0.403179 -0.502792 0.475721 
-0.597268 -0.255126 0.407261 
0.403791 -0.503158 0.47695 
-0.597268 -0.255126 0.407261 
0.404599 -0.503171 0.477719 
-0.597268 -0.255126 0.407261 
0.405708 -0.502686 0.477854 
-0.597268 -0.255126 0.407261 
0.407834 -0.501269 0.478704 
-0.597268 -0.255126 0.407261 
0.404243 -0.498413 0.47075 
-0.597268 -0.255126 0.407261 
0.404443 -0.498467 0.470732 
-0.597268 -0.255126 0.407261 
0.407682 -0.497163 0.473103 
-0.597268 -0.255126 0.407261 
0.410627 -0.495526 0.474438 
-0.597268 -0.255126 0.407261 
0.413115 -0.494296 0.475113 
-0.597268 -0.255126 0.407261 
0.416392 -0.493088 0.476332 
-0.597268 -0.255126 0.407261 
0.419471 -0.492151 0.47708 
-0.597268 -0.255126 0.407261 
0.423157 -0.491714 0.478775 
-0.597268 -0.255126 0.407261 
0.425756 -0.489453 0.479042 
-0.597268 -0.255126 0.407261 
0.429035 -0.488382 0.4805 
-0.597268 -0.255126 0.407261 
0.431057 -0.486976 0.479463 
-0.597268 -0.255126 0.407261 
0.433408 -0.486686 0.479857 
-0.597268 -0.255126 0.407261 
0.435512 -0.486728 0.480848 
-0.597268 -0.255126 0.407261 
0.436345 -0.486084 0.481842 
-0.597268 -0.255126 0.407261 
0.43586 -0.486019 0.480215 
-0.597268 -0.255126 0.407261 
0.436026 -0.485899 0.480723 
-0.597268 -0.255126 0.407261 
0.436312 -0.486198 0.481219 
-0.597268 -0.255126 0.407261 
0.436401 -0.486613 0.480927 
-0.597268 -0.255126 0.407261 
0.436531 -0.486803 0.481186 
-0.597268 -0.255126 0.407261 
0.436452 -0.486324 0.481339 
-0.597268 -0.255126 0.407261 
0.436586 -0.486861 0.481316 
-0.597268 -0.255126 0.407261 
0.436628 -0.486346 0.481491 
-0.597268 -0.255126 0.407261 
0.436521 -0.486384 0.48101 
-0.597268 -0.255126 0.407261 
0.436406 -0.486115 0.480702 
-0.597268 -0.255126 0.407261 
0.436971 -0.486619 0.482234 
-0.597268 -0.255126 0.407261 
0.436623 -0.486229 0.481641 
-0.597268 -0.255126 0.407261 
0.436344 -0.486057 0.481419 
-0.597268 -0.255126 0.407261 
0.434785 -0.479163 0.481032 
-0.597268 -0.255126 0.407261 
0.433768 -0.477875 0.481038 
-0.597268 -0.255126 0.407261 
0.433077 -0.477925 0.481961 
-0.597268 -0.255126 0.407261 
0.431057 -0.480003 0.486179 
-0.597268 -0.255126 0.407261 
0.430208 -0.480737 0.487041 
-0.597268 -0.255126 0.407261 
0.429258 -0.482093 0.48802 
-0.597268 -0.255126 0.407261 
0.428153 -0.483368 0.48868 
-0.597268 -0.255126 0.407261 
0.42704 -0.484282 0.489498 
-0.597268 -0.255126 0.407261 
0.425284 -0.485183 0.48927 
-0.597268 -0.255126 0.407261 
0.424406 -0.486332 0.490969 
-0.597268 -0.255126 0.407261 
0.423473 -0.488117 0.491938 
-0.597268 -0.255126 0.407261 
0.421798 -0.488678 0.492383 
-0.597268 -0.255126 0.407261 
0.420557 -0.489986 0.492982 
-0.597268 -0.255126 0.407261 
0.419113 -0.490897 0.493119 
-0.597268 -0.255126 0.407261 
0.417277 -0.49068 0.492167 
-0.597268 -0.255126 0.407261 
0.416637 -0.490877 0.4919 
-0.597268 -0.255126 0.407261 
0.415749 -0.49126 0.491222 
-0.597268 -0.255126 0.407261 
0.415057 -0.49109 0.492814 
-0.597268 -0.255126 0.407261 
0.415019 -0.491459 0.493213 
-0.597268 -0.255126 0.407261 
0.413816 -0.49121 0.492164 
-0.597268 -0.255126 0.407261 
0.412612 -0.491494 0.490488 
-0.597268 -0.255126 0.407261 
0.412301 -0.491258 0.490751 
-0.597268 -0.255126 0.407261 
0.411738 -0.491379 0.490025 
-0.597268 -0.255126 0.407261 
0.411308 -0.491611 0.489592 
-0.597268 -0.255126 0.407261 
0.411093 -0.491206 0.490001 
-0.597268 -0.255126 0.407261 
0.41049 -0.490956 0.48946 
-0.597268 -0.255126 0.407261 
0.41029 -0.491315 0.489202 
-0.597268 -0.255126 0.407261 
0.410271 -0.491205 0.4895 
-0.597268 -0.255126 0.407261 
0.409295 -0.491269 0.487621 
-0.597268 -0.255126 0.407261 
0.408758 -0.490773 0.486809 
-0.597268 -0.255126 0.407261 
0.408264 -0.490691 0.485763 
-0.597268 -0.255126 0.407261 
0.408351 -0.490923 0.485675 
-0.597268 -0.255126 0.407261 
0.416153 -0.491912 0.497924 
-0.597268 -0.255126 0.407261 
0.416153 -0.491912 0.497924 
-0.597268 -0.255126 0.407261 
0.415736 -0.491836 0.496804 
-0.597268 -0.255126 0.407261 
0.415981 -0.49253 0.496777 
-0.597268 -0.255126 0.407261 
0.415545 -0.491959 0.496273 
-0.597268 -0.255126 0.407261 
0.41576 -0.491848 0.496638 
-0.597268 -0.255126 0.407261 
0.415304 -0.491723 0.495743 
-0.597268 -0.255126 0.407261 
0.415585 -0.491722 0.496253 
-0.597268 -0.255126 0.407261 
0.414531 -0.492022 0.494648 
-0.597268 -0.255126 0.407261 
0.41402 -0.491201 0.494214 
-0.597268 -0.255126 0.407261 
0.413977 -0.491073 0.49406 
-0.597268 -0.255126 0.407261 
0.413938 -0.49099 0.493798 
-0.597268 -0.255126 0.407261 
0.414224 -0.491219 0.493898 
-0.597268 -0.255126 0.407261 
0.414292 -0.491406 0.493731 
-0.597268 -0.255126 0.407261 
0.413572 -0.491078 0.49243 
-0.597268 -0.255126 0.407261 
0.413691 -0.491487 0.492477 
-0.597268 -0.255126 0.407261 
0.413671 -0.491279 0.492032 
-0.597268 -0.255126 0.407261 
0.413987 -0.491603 0.491933 
-0.597268 -0.255126 0.407261 
0.415034 -0.492021 0.492753 
-0.597268 -0.255126 0.407261 
0.415069 -0.492834 0.491872 
-0.597268 -0.255126 0.407261 
0.415365 -0.492827 0.491791 
-0.597268 -0.255126 0.407261 
0.415756 -0.49318 0.491844 
-0.597268 -0.255126 0.407261 
0.41628 -0.492989 0.492492 
-0.597268 -0.255126 0.407261 
0.416316 -0.493392 0.491995 
-0.597268 -0.255126 0.407261 
0.416343 -0.493908 0.492026 
-0.597268 -0.255126 0.407261 
0.41625 -0.49386 0.492247 
-0.597268 -0.255126 0.407261 
0.416051 -0.493712 0.492146 
-0.597268 -0.255126 0.407261 
0.41618 -0.493671 0.49232 
-0.597268 -0.255126 0.407261 
0.416061 -0.493616 0.492125 
-0.597268 -0.255126 0.407261 
0.415592 -0.494178 0.491894 
-0.597268 -0.255126 0.407261 
0.414667 -0.494033 0.49158 
-0.597268 -0.255126 0.407261 
0.414838 -0.49494 0.493179 
-0.597268 -0.255126 0.407261 
0.41409 -0.495975 0.492763 
-0.597268 -0.255126 0.407261 
0.41398 -0.496049 0.491404 
-0.597268 -0.255126 0.407261 
0.414529 -0.495953 0.490127 
-0.597268 -0.255126 0.407261 
0.413794 -0.497042 0.489627 
-0.597268 -0.255126 0.407261 
0.413417 -0.497954 0.490024 
-0.597268 -0.255126 0.407261 
0.41345 -0.498738 0.491457 
-0.597268 -0.255126 0.407261 
0.412708 -0.499585 0.491277 
-0.597268 -0.255126 0.407261 
0.412468 -0.500399 0.492016 
-0.597268 -0.255126 0.407261 
0.412659 -0.501436 0.493808 
-0.597268 -0.255126 0.407261 
0.410922 -0.502107 0.491773 
-0.597268 -0.255126 0.407261 
0.410767 -0.502875 0.492211 
-0.597268 -0.255126 0.407261 
0.40995 -0.503291 0.49134 
-0.597268 -0.255126 0.407261 
0.409399 -0.503822 0.490773 
-0.597268 -0.255126 0.407261 
0.409219 -0.504273 0.490993 
-0.597268 -0.255126 0.407261 
0.409182 -0.504755 0.491729 
-0.597268 -0.255126 0.407261 
0.408157 -0.504335 0.490669 
-0.597268 -0.255126 0.407261 
0.407314 -0.50515 0.490616 
-0.597268 -0.255126 0.407261 
0.407371 -0.504926 0.491187 
-0.597268 -0.255126 0.407261 
0.406461 -0.505241 0.490007 
-0.597268 -0.255126 0.407261 
0.405821 -0.505428 0.489746 
-0.597268 -0.255126 0.407261 
0.405333 -0.505919 0.490308 
-0.597268 -0.255126 0.407261 
0.404363 -0.506388 0.490176 
-0.597268 -0.255126 0.407261 
0.404455 -0.506351 0.491666 
-0.597268 -0.255126 0.407261 
0.403069 -0.505448 0.489449 
-0.597268 -0.255126 0.407261 
0.40334 -0.504413 0.489607 
-0.597268 -0.255126 0.407261 
0.403101 -0.50313 0.488343 
-0.597268 -0.255126 0.407261 
0.402994 -0.501998 0.487816 
