-0.5961 -0.190521 0.343969 
0.400795 -0.504304 0.485867 
-0.596101 -0.190522 0.343969 
0.400795 -0.504304 0.485867 
-0.596063 -0.190889 0.343869 
0.400795 -0.504304 0.485867 
-0.596034 -0.191128 0.343634 
0.400795 -0.504304 0.485867 
-0.595936 -0.191148 0.344014 
0.400795 -0.504304 0.485867 
-0.595932 -0.191107 0.34402 
0.400795 -0.504304 0.485867 
-0.596015 -0.191007 0.344058 
0.400795 -0.504304 0.485867 
-0.596088 -0.191109 0.34379 
0.400795 -0.504304 0.485867 
-0.596065 -0.191373 0.344086 
0.400795 -0.504304 0.485867 
-0.596133 -0.191208 0.343839 
0.400795 -0.504304 0.485867 
-0.596149 -0.190995 0.344067 
0.400795 -0.504304 0.485867 
-0.596216 -0.1911 0.343885 
0.400795 -0.504304 0.485867 
-0.596204 -0.19108 0.343807 
0.400795 -0.504304 0.485867 
-0.596291 -0.191025 0.343648 
0.400795 -0.504304 0.485867 
-0.596161 -0.19093 0.34362 
0.400795 -0.504304 0.485867 
-0.595935 -0.191016 0.343752 
0.400795 -0.504304 0.485867 
-0.595931 -0.190951 0.343884 
0.400795 -0.504304 0.485867 
