-0.610593 -0.226399 0.40798 
0.400795 -0.504304 0.485867 
-0.610061 -0.225726 0.40434 
0.400795 -0.504304 0.485867 
-0.610323 -0.226692 0.404999 
0.400795 -0.504304 0.485867 
-0.609839 -0.22849 0.406207 
0.400795 -0.504304 0.485867 
-0.608761 -0.230182 0.406338 
0.400795 -0.504304 0.485867 
-0.606126 -0.231027 0.40663 
0.400795 -0.504304 0.485867 
-0.60396 -0.23156 0.406981 
0.400795 -0.504304 0.485867 
-0.602591 -0.23147 0.407604 
0.400795 -0.504304 0.485867 
-0.601459 -0.231802 0.407094 
0.400795 -0.504304 0.485867 
-0.600699 -0.231836 0.406726 
0.400795 -0.504304 0.485867 
-0.599986 -0.231857 0.406719 
0.400795 -0.504304 0.485867 
-0.599436 -0.231887 0.406929 
0.400795 -0.504304 0.485867 
-0.598942 -0.232106 0.406988 
0.400795 -0.504304 0.485867 
-0.598695 -0.232173 0.407083 
0.400795 -0.504304 0.485867 
-0.59805 -0.232323 0.407111 
0.400795 -0.504304 0.485867 
-0.596851 -0.232764 0.407166 
0.400795 -0.504304 0.485867 
-0.59575 -0.232887 0.407102 
0.400795 -0.504304 0.485867 
-0.594932 -0.23288 0.407247 
0.400795 -0.504304 0.485867 
-0.594682 -0.232704 0.407143 
0.400795 -0.504304 0.485867 
-0.594796 -0.232637 0.407173 
0.400795 -0.504304 0.485867 
-0.594785 -0.232635 0.406759 
0.400795 -0.504304 0.485867 
-0.594835 -0.232443 0.406707 
0.400795 -0.504304 0.485867 
-0.594939 -0.232502 0.406768 
0.400795 -0.504304 0.485867 
-0.594742 -0.232436 0.406916 
0.400795 -0.504304 0.485867 
-0.594673 -0.232464 0.406693 
0.400795 -0.504304 0.485867 
-0.594722 -0.232629 0.406768 
0.400795 -0.504304 0.485867 
-0.594779 -0.232567 0.406621 
0.400795 -0.504304 0.485867 
-0.59473 -0.232768 0.406939 
0.400795 -0.504304 0.485867 
-0.594836 -0.23262 0.406732 
0.400795 -0.504304 0.485867 
-0.59488 -0.232678 0.407137 
0.400795 -0.504304 0.485867 
-0.594968 -0.232631 0.406945 
0.400795 -0.504304 0.485867 
-0.594908 -0.232753 0.407491 
0.400795 -0.504304 0.485867 
-0.594898 -0.23293 0.407236 
0.400795 -0.504304 0.485867 
-0.594939 -0.232913 0.407277 
0.400795 -0.504304 0.485867 
-0.594897 -0.232935 0.40723 
0.400795 -0.504304 0.485867 
-0.594975 -0.232895 0.407175 
0.400795 -0.504304 0.485867 
-0.594862 -0.232881 0.407387 
0.400795 -0.504304 0.485867 
-0.594941 -0.232647 0.407214 
0.400795 -0.504304 0.485867 
-0.594914 -0.232982 0.407279 
0.400795 -0.504304 0.485867 
-0.594873 -0.232903 0.406937 
0.400795 -0.504304 0.485867 
-0.5949 -0.232877 0.407355 
0.400795 -0.504304 0.485867 
-0.4054 -0.23257 0.48858 
0.400795 -0.504304 0.485867 
