-0.630448 -0.239437 0.372015 
0.388812 -0.485516 0.439496 
-0.630448 -0.239437 0.372015 
0.383993 -0.489183 0.439564 
-0.63527 -0.240512 0.374708 
0.382396 -0.490761 0.440105 
-0.63657 -0.24105 0.375988 
0.381663 -0.491023 0.44081 
-0.637113 -0.241657 0.37596 
0.381329 -0.491227 0.441389 
-0.636814 -0.241375 0.375741 
0.381271 -0.491587 0.441808 
-0.634818 -0.240255 0.376132 
0.381662 -0.492591 0.440799 
-0.631644 -0.238932 0.377152 
0.382043 -0.493845 0.440132 
-0.62765 -0.237521 0.378728 
0.38255 -0.494646 0.44018 
-0.624532 -0.236421 0.379644 
0.383198 -0.495335 0.441421 
-0.621954 -0.235261 0.380586 
0.383247 -0.495399 0.440604 
-0.619955 -0.234285 0.381406 
0.383288 -0.496235 0.439581 
-0.618541 -0.233458 0.38153 
0.383366 -0.496758 0.440035 
-0.617087 -0.232897 0.381879 
0.383273 -0.497225 0.439578 
-0.615239 -0.232069 0.382377 
0.383366 -0.498843 0.43983 
-0.612649 -0.23112 0.383121 
0.383267 -0.499825 0.439528 
-0.609961 -0.229765 0.383653 
0.383386 -0.500825 0.439478 
-0.607563 -0.228225 0.38401 
0.383529 -0.502083 0.43834 
-0.605275 -0.227135 0.384389 
0.38354 -0.502909 0.438793 
-0.6038 -0.226222 0.384062 
0.383059 -0.503639 0.438113 
-0.602094 -0.226733 0.385763 
0.382301 -0.504031 0.437081 
-0.602095 -0.226736 0.385756 
0.381797 -0.504782 0.438904 
-0.45805 -0.16486 0.48415 
0.38193 -0.504616 0.438473 
-0.472922 -0.170684 0.474209 
0.372455 -0.494411 0.420201 
-0.472922 -0.170684 0.474209 
0.372063 -0.494044 0.419719 
-0.472922 -0.170684 0.474209 
0.372813 -0.493105 0.421282 
-0.472922 -0.170684 0.474209 
0.375282 -0.492946 0.423299 
-0.472922 -0.170684 0.474209 
0.378888 -0.493026 0.428378 
-0.472922 -0.170684 0.474209 
0.382741 -0.49235 0.432534 
-0.472922 -0.170684 0.474209 
0.386963 -0.492775 0.436478 
-0.472922 -0.170684 0.474209 
0.391404 -0.492902 0.440268 
-0.472922 -0.170684 0.474209 
0.396272 -0.492736 0.445223 
-0.472922 -0.170684 0.474209 
0.400763 -0.492341 0.448637 
-0.472922 -0.170684 0.474209 
0.405648 -0.491368 0.450894 
-0.472922 -0.170684 0.474209 
0.411009 -0.491171 0.455207 
-0.472922 -0.170684 0.474209 
0.4156 -0.49015 0.456896 
-0.472922 -0.170684 0.474209 
0.420825 -0.489993 0.459941 
-0.472922 -0.170684 0.474209 
0.424151 -0.489565 0.459753 
-0.472922 -0.170684 0.474209 
0.425618 -0.487302 0.462672 
-0.472922 -0.170684 0.474209 
0.427359 -0.488833 0.462042 
-0.472922 -0.170684 0.474209 
0.428457 -0.490797 0.461152 
-0.472922 -0.170684 0.474209 
0.427898 -0.490885 0.460056 
-0.472922 -0.170684 0.474209 
0.427041 -0.490804 0.45882 
-0.472922 -0.170684 0.474209 
0.426454 -0.491558 0.458924 
-0.472922 -0.170684 0.474209 
0.425748 -0.492068 0.458399 
-0.472922 -0.170684 0.474209 
0.425608 -0.491579 0.45831 
-0.603105 -0.22731 0.387603 
0.436325 -0.490895 0.473481 
