-0.719327 -0.256885 0.492211 
0.400795 -0.504304 0.485867 
-0.719328 -0.256885 0.492211 
0.400795 -0.504304 0.485867 
-0.718927 -0.257402 0.492591 
0.400795 -0.504304 0.485867 
-0.718948 -0.257387 0.492802 
0.400795 -0.504304 0.485867 
-0.718953 -0.257435 0.493151 
0.400795 -0.504304 0.485867 
-0.718908 -0.258717 0.4934 
0.400795 -0.504304 0.485867 
-0.718771 -0.260036 0.493795 
0.400795 -0.504304 0.485867 
-0.718358 -0.260707 0.49429 
0.400795 -0.504304 0.485867 
-0.717609 -0.261162 0.495218 
0.400795 -0.504304 0.485867 
-0.716966 -0.261521 0.496432 
0.400795 -0.504304 0.485867 
-0.716436 -0.261816 0.497508 
0.400795 -0.504304 0.485867 
-0.71599 -0.262045 0.498375 
0.400795 -0.504304 0.485867 
-0.715611 -0.262238 0.499084 
0.400795 -0.504304 0.485867 
-0.715307 -0.262394 0.499689 
0.400795 -0.504304 0.485867 
-0.715036 -0.262537 0.500194 
0.400795 -0.504304 0.485867 
-0.714815 -0.262657 0.500638 
0.400795 -0.504304 0.485867 
-0.714609 -0.262763 0.501016 
0.400795 -0.504304 0.485867 
-0.714428 -0.262848 0.501354 
0.400795 -0.504304 0.485867 
-0.714268 -0.262925 0.501651 
0.400795 -0.504304 0.485867 
-0.714132 -0.262997 0.501918 
0.400795 -0.504304 0.485867 
-0.714012 -0.263057 0.502161 
0.400795 -0.504304 0.485867 
-0.7139 -0.263116 0.502375 
0.400795 -0.504304 0.485867 
-0.713788 -0.263174 0.502563 
0.400795 -0.504304 0.485867 
-0.713683 -0.263223 0.502734 
0.400795 -0.504304 0.485867 
-0.713595 -0.263269 0.502893 
0.400795 -0.504304 0.485867 
-0.71357 -0.263338 0.503055 
0.400795 -0.504304 0.485867 
-0.71349 -0.263372 0.503191 
0.400795 -0.504304 0.485867 
-0.713201 -0.263643 0.503747 
0.400795 -0.504304 0.485867 
-0.712932 -0.263893 0.50428 
0.400795 -0.504304 0.485867 
-0.712646 -0.264188 0.504805 
0.400795 -0.504304 0.485867 
-0.712358 -0.264347 0.505274 
0.400795 -0.504304 0.485867 
-0.712069 -0.264285 0.505736 
0.400795 -0.504304 0.485867 
-0.711848 -0.264261 0.506139 
0.400795 -0.504304 0.485867 
-0.711755 -0.264267 0.506441 
0.400795 -0.504304 0.485867 
-0.711723 -0.264268 0.506562 
0.400795 -0.504304 0.485867 
-0.711713 -0.264267 0.506558 
0.400795 -0.504304 0.485867 
-0.711705 -0.264265 0.506555 
0.400795 -0.504304 0.485867 
-0.711702 -0.264261 0.506555 
0.400795 -0.504304 0.485867 
-0.711691 -0.264263 0.506549 
0.400795 -0.504304 0.485867 
-0.711694 -0.264259 0.506553 
0.400795 -0.504304 0.485867 
-0.711678 -0.264258 0.506545 
0.400795 -0.504304 0.485867 
-0.711677 -0.26426 0.506544 
0.400795 -0.504304 0.485867 
-0.711685 -0.26426 0.506548 
0.400795 -0.504304 0.485867 
-0.711683 -0.264258 0.506547 
0.400795 -0.504304 0.485867 
-0.711688 -0.264258 0.506549 
0.400795 -0.504304 0.485867 
-0.711677 -0.264265 0.50654 
0.400795 -0.504304 0.485867 
-0.711673 -0.264265 0.506539 
0.400795 -0.504304 0.485867 
-0.711675 -0.264263 0.506541 
0.400795 -0.504304 0.485867 
-0.711687 -0.264262 0.506547 
0.400795 -0.504304 0.485867 
-0.711703 -0.264262 0.506554 
0.400795 -0.504304 0.485867 
-0.711702 -0.264265 0.506552 
0.400795 -0.504304 0.485867 
-0.711644 -0.264238 0.506537 
0.400795 -0.504304 0.485867 
-0.711703 -0.264271 0.506549 
0.400795 -0.504304 0.485867 
-0.711694 -0.264282 0.506539 
0.400795 -0.504304 0.485867 
-0.711799 -0.264352 0.506555 
0.400795 -0.504304 0.485867 
-0.711858 -0.264386 0.506567 
0.400795 -0.504304 0.485867 
-0.711907 -0.264417 0.506575 
0.400795 -0.504304 0.485867 
-0.712024 -0.26448 0.5066 
0.400795 -0.504304 0.485867 
-0.71208 -0.264511 0.506611 
0.400795 -0.504304 0.485867 
-0.712069 -0.264514 0.506603 
0.400795 -0.504304 0.485867 
-0.712123 -0.264547 0.506612 
0.400795 -0.504304 0.485867 
-0.71213 -0.26455 0.506614 
0.400795 -0.504304 0.485867 
-0.712127 -0.264558 0.506609 
0.400795 -0.504304 0.485867 
-0.712139 -0.26456 0.506614 
0.400795 -0.504304 0.485867 
-0.712137 -0.264562 0.50661 
0.400795 -0.504304 0.485867 
-0.712133 -0.264565 0.506607 
0.400795 -0.504304 0.485867 
-0.712141 -0.264562 0.506612 
0.400795 -0.504304 0.485867 
-0.712148 -0.264562 0.506615 
0.400795 -0.504304 0.485867 
-0.712146 -0.264564 0.506613 
0.400795 -0.504304 0.485867 
-0.712144 -0.264568 0.50661 
0.400795 -0.504304 0.485867 
-0.712152 -0.264565 0.506616 
0.400795 -0.504304 0.485867 
-0.712155 -0.264564 0.506617 
0.400795 -0.504304 0.485867 
-0.712153 -0.264559 0.506619 
0.400795 -0.504304 0.485867 
-0.712162 -0.264558 0.506624 
0.400795 -0.504304 0.485867 
-0.712165 -0.264559 0.506624 
0.400795 -0.504304 0.485867 
-0.712161 -0.264558 0.506623 
0.400795 -0.504304 0.485867 
-0.712164 -0.264557 0.506624 
0.400795 -0.504304 0.485867 
-0.712118 -0.264521 0.50662 
0.400795 -0.504304 0.485867 
-0.712179 -0.264549 0.506636 
0.400795 -0.504304 0.485867 
-0.712124 -0.264513 0.506628 
0.400795 -0.504304 0.485867 
-0.712017 -0.264448 0.506608 
0.400795 -0.504304 0.485867 
-0.712033 -0.264445 0.506617 
0.400795 -0.504304 0.485867 
-0.711931 -0.264377 0.506603 
0.400795 -0.504304 0.485867 
-0.711826 -0.264311 0.506585 
0.400795 -0.504304 0.485867 
-0.711832 -0.264303 0.506592 
0.400795 -0.504304 0.485867 
-0.711838 -0.264302 0.506596 
0.400795 -0.504304 0.485867 
-0.711787 -0.264264 0.50659 
0.400795 -0.504304 0.485867 
-0.711794 -0.264257 0.506596 
0.400795 -0.504304 0.485867 
-0.711792 -0.264253 0.506597 
0.400795 -0.504304 0.485867 
-0.71186 -0.264283 0.506615 
0.400795 -0.504304 0.485867 
-0.711873 -0.264278 0.506624 
0.400795 -0.504304 0.485867 
-0.711875 -0.264274 0.506628 
0.400795 -0.504304 0.485867 
-0.711878 -0.264267 0.506632 
0.400795 -0.504304 0.485867 
-0.711879 -0.264264 0.506634 
0.400795 -0.504304 0.485867 
-0.711885 -0.264259 0.506639 
0.400795 -0.504304 0.485867 
-0.711893 -0.26426 0.506642 
0.400795 -0.504304 0.485867 
-0.711892 -0.264254 0.506645 
0.400795 -0.504304 0.485867 
-0.711895 -0.264256 0.506645 
0.400795 -0.504304 0.485867 
-0.711885 -0.264254 0.506642 
0.400795 -0.504304 0.485867 
-0.711875 -0.264255 0.506636 
0.400795 -0.504304 0.485867 
-0.711986 -0.264315 0.506661 
0.400795 -0.504304 0.485867 
-0.711984 -0.264312 0.506661 
0.400795 -0.504304 0.485867 
-0.712102 -0.264373 0.506689 
0.400795 -0.504304 0.485867 
-0.712045 -0.264338 0.506679 
0.400795 -0.504304 0.485867 
-0.712034 -0.264337 0.506674 
0.400795 -0.504304 0.485867 
-0.712093 -0.264368 0.506688 
0.400795 -0.504304 0.485867 
-0.712098 -0.264366 0.506692 
0.400795 -0.504304 0.485867 
-0.712093 -0.264364 0.506691 
0.400795 -0.504304 0.485867 
-0.712146 -0.264397 0.5067 
0.400795 -0.504304 0.485867 
-0.712143 -0.264396 0.506699 
0.400795 -0.504304 0.485867 
-0.712149 -0.264397 0.506702 
0.400795 -0.504304 0.485867 
-0.712204 -0.264428 0.506714 
0.400795 -0.504304 0.485867 
-0.712199 -0.26443 0.50671 
0.400795 -0.504304 0.485867 
-0.712195 -0.264427 0.506711 
0.400795 -0.504304 0.485867 
-0.712181 -0.264427 0.506705 
0.400795 -0.504304 0.485867 
-0.712124 -0.264392 0.506695 
0.400795 -0.504304 0.485867 
-0.712177 -0.264421 0.506707 
0.400795 -0.504304 0.485867 
-0.710744 -0.2633 0.506869 
0.400795 -0.504304 0.485867 
-0.709351 -0.262159 0.507021 
0.400795 -0.504304 0.485867 
-0.707893 -0.260925 0.507118 
0.400795 -0.504304 0.485867 
-0.706381 -0.259612 0.507127 
0.400795 -0.504304 0.485867 
-0.704875 -0.258222 0.507109 
0.400795 -0.504304 0.485867 
-0.703291 -0.256738 0.507016 
0.400795 -0.504304 0.485867 
-0.701663 -0.255197 0.506858 
0.400795 -0.504304 0.485867 
-0.699982 -0.253541 0.506588 
0.400795 -0.504304 0.485867 
-0.698291 -0.251806 0.50622 
0.400795 -0.504304 0.485867 
-0.696506 -0.249934 0.505762 
0.400795 -0.504304 0.485867 
-0.694743 -0.248027 0.505268 
0.400795 -0.504304 0.485867 
-0.692893 -0.245998 0.504686 
0.400795 -0.504304 0.485867 
-0.691138 -0.243925 0.504027 
0.400795 -0.504304 0.485867 
-0.689223 -0.24169 0.503199 
0.400795 -0.504304 0.485867 
-0.687329 -0.239445 0.502309 
0.400795 -0.504304 0.485867 
-0.685497 -0.237207 0.501384 
0.400795 -0.504304 0.485867 
-0.683591 -0.234859 0.500313 
0.400795 -0.504304 0.485867 
-0.681816 -0.232553 0.499233 
0.400795 -0.504304 0.485867 
-0.680006 -0.230247 0.498074 
0.400795 -0.504304 0.485867 
-0.678176 -0.227951 0.496884 
0.400795 -0.504304 0.485867 
-0.676452 -0.225737 0.495706 
0.400795 -0.504304 0.485867 
-0.674707 -0.223545 0.494487 
0.400795 -0.504304 0.485867 
-0.673019 -0.221352 0.493263 
0.400795 -0.504304 0.485867 
-0.671295 -0.219169 0.491982 
0.400795 -0.504304 0.485867 
-0.669598 -0.217033 0.490711 
0.400795 -0.504304 0.485867 
-0.66855 -0.215434 0.489383 
0.400795 -0.504304 0.485867 
-0.668173 -0.214415 0.488062 
0.400795 -0.504304 0.485867 
-0.667944 -0.213465 0.486881 
0.400795 -0.504304 0.485867 
-0.667767 -0.212694 0.485823 
0.400795 -0.504304 0.485867 
-0.667541 -0.212073 0.484853 
0.400795 -0.504304 0.485867 
-0.667497 -0.211695 0.484089 
0.400795 -0.504304 0.485867 
-0.667511 -0.211449 0.483478 
0.400795 -0.504304 0.485867 
-0.6675 -0.211332 0.482937 
0.400795 -0.504304 0.485867 
-0.667598 -0.211493 0.482671 
0.400795 -0.504304 0.485867 
-0.66777 -0.211897 0.482601 
0.400795 -0.504304 0.485867 
-0.667921 -0.212387 0.482562 
0.400795 -0.504304 0.485867 
-0.668153 -0.213074 0.482642 
0.400795 -0.504304 0.485867 
-0.668498 -0.213936 0.482854 
0.400795 -0.504304 0.485867 
-0.668893 -0.21511 0.483304 
0.400795 -0.504304 0.485867 
-0.669309 -0.216394 0.483853 
0.400795 -0.504304 0.485867 
-0.669868 -0.217898 0.484557 
0.400795 -0.504304 0.485867 
-0.670247 -0.219469 0.485204 
0.400795 -0.504304 0.485867 
-0.670729 -0.221332 0.486031 
0.400795 -0.504304 0.485867 
-0.671171 -0.22332 0.486888 
0.400795 -0.504304 0.485867 
-0.67164 -0.225474 0.487758 
0.400795 -0.504304 0.485867 
-0.672055 -0.227682 0.488611 
0.400795 -0.504304 0.485867 
-0.672505 -0.229992 0.48945 
0.400795 -0.504304 0.485867 
-0.672856 -0.232413 0.490242 
0.400795 -0.504304 0.485867 
-0.673086 -0.234934 0.490951 
0.400795 -0.504304 0.485867 
-0.673367 -0.237489 0.491653 
0.400795 -0.504304 0.485867 
-0.673629 -0.240062 0.492309 
0.400795 -0.504304 0.485867 
-0.673893 -0.242711 0.492981 
0.400795 -0.504304 0.485867 
-0.674039 -0.245351 0.493532 
0.400795 -0.504304 0.485867 
-0.674242 -0.247989 0.494075 
0.400795 -0.504304 0.485867 
-0.67457 -0.250603 0.49462 
0.400795 -0.504304 0.485867 
-0.674671 -0.252996 0.495003 
0.400795 -0.504304 0.485867 
-0.67479 -0.255456 0.495307 
0.400795 -0.504304 0.485867 
-0.674897 -0.257836 0.495569 
0.400795 -0.504304 0.485867 
-0.675024 -0.260119 0.495788 
0.400795 -0.504304 0.485867 
-0.675011 -0.262168 0.495869 
0.400795 -0.504304 0.485867 
-0.675122 -0.264258 0.495985 
0.400795 -0.504304 0.485867 
-0.675154 -0.266164 0.496024 
0.400795 -0.504304 0.485867 
-0.675198 -0.268104 0.496067 
0.400795 -0.504304 0.485867 
-0.675733 -0.269996 0.494715 
0.400795 -0.504304 0.485867 
-0.675627 -0.271502 0.494618 
0.400795 -0.504304 0.485867 
-0.675444 -0.272925 0.49445 
0.400795 -0.504304 0.485867 
-0.675355 -0.274279 0.494314 
0.400795 -0.504304 0.485867 
-0.675154 -0.275472 0.494116 
0.400795 -0.504304 0.485867 
-0.674841 -0.276458 0.4939 
0.400795 -0.504304 0.485867 
-0.674578 -0.277382 0.493666 
0.400795 -0.504304 0.485867 
-0.674457 -0.278372 0.493478 
0.400795 -0.504304 0.485867 
-0.674247 -0.279251 0.493265 
0.400795 -0.504304 0.485867 
-0.674017 -0.280074 0.493015 
0.400795 -0.504304 0.485867 
-0.67402 -0.28093 0.49286 
0.400795 -0.504304 0.485867 
-0.67404 -0.281795 0.49269 
0.400795 -0.504304 0.485867 
-0.674174 -0.282693 0.492529 
0.400795 -0.504304 0.485867 
-0.674146 -0.283492 0.492291 
0.400795 -0.504304 0.485867 
-0.67413 -0.284347 0.492012 
0.400795 -0.504304 0.485867 
-0.674148 -0.285324 0.491724 
0.400795 -0.504304 0.485867 
-0.673991 -0.286257 0.491296 
0.400795 -0.504304 0.485867 
-0.673894 -0.287261 0.490876 
0.400795 -0.504304 0.485867 
-0.673805 -0.288241 0.490467 
0.400795 -0.504304 0.485867 
-0.673638 -0.289113 0.490077 
0.400795 -0.504304 0.485867 
-0.673463 -0.289954 0.489654 
0.400795 -0.504304 0.485867 
-0.673294 -0.290815 0.48924 
0.400795 -0.504304 0.485867 
-0.673057 -0.291629 0.488826 
0.400795 -0.504304 0.485867 
-0.672797 -0.292399 0.488409 
0.400795 -0.504304 0.485867 
-0.672616 -0.293191 0.488049 
0.400795 -0.504304 0.485867 
-0.671976 -0.293697 0.489531 
0.400795 -0.504304 0.485867 
-0.67196 -0.294559 0.489293 
0.400795 -0.504304 0.485867 
-0.671943 -0.295449 0.489104 
0.400795 -0.504304 0.485867 
-0.67185 -0.296268 0.488895 
0.400795 -0.504304 0.485867 
-0.671742 -0.297078 0.488734 
0.400795 -0.504304 0.485867 
-0.671745 -0.297976 0.488654 
0.400795 -0.504304 0.485867 
-0.671645 -0.298717 0.488528 
0.400795 -0.504304 0.485867 
-0.671461 -0.299295 0.48842 
0.400795 -0.504304 0.485867 
-0.671354 -0.29982 0.488373 
0.400795 -0.504304 0.485867 
-0.671242 -0.300307 0.48839 
0.400795 -0.504304 0.485867 
-0.671131 -0.300724 0.488458 
0.400795 -0.504304 0.485867 
-0.670954 -0.301063 0.488525 
0.400795 -0.504304 0.485867 
-0.670836 -0.301363 0.488641 
0.400795 -0.504304 0.485867 
-0.67062 -0.301578 0.488721 
0.400795 -0.504304 0.485867 
-0.670492 -0.301751 0.488906 
0.400795 -0.504304 0.485867 
-0.670328 -0.301839 0.489088 
0.400795 -0.504304 0.485867 
-0.670229 -0.301854 0.48936 
0.400795 -0.504304 0.485867 
-0.670132 -0.301824 0.489713 
0.400795 -0.504304 0.485867 
-0.670088 -0.301769 0.490111 
0.400795 -0.504304 0.485867 
-0.670113 -0.301766 0.490556 
0.400795 -0.504304 0.485867 
-0.670064 -0.301762 0.491039 
0.400795 -0.504304 0.485867 
-0.669917 -0.301707 0.491458 
0.400795 -0.504304 0.485867 
-0.669815 -0.301657 0.491933 
0.400795 -0.504304 0.485867 
-0.669716 -0.301569 0.492403 
0.400795 -0.504304 0.485867 
-0.66949 -0.301487 0.492916 
0.400795 -0.504304 0.485867 
-0.669146 -0.301271 0.493357 
0.400795 -0.504304 0.485867 
-0.668816 -0.30132 0.493754 
0.400795 -0.504304 0.485867 
-0.668479 -0.301597 0.49402 
0.400795 -0.504304 0.485867 
-0.668195 -0.30191 0.49427 
0.400795 -0.504304 0.485867 
-0.66794 -0.302227 0.494531 
0.400795 -0.504304 0.485867 
-0.667769 -0.302567 0.494747 
0.400795 -0.504304 0.485867 
-0.667654 -0.302926 0.494964 
0.400795 -0.504304 0.485867 
-0.667629 -0.303386 0.495224 
0.400795 -0.504304 0.485867 
-0.667489 -0.303806 0.495427 
0.400795 -0.504304 0.485867 
-0.667358 -0.304233 0.495593 
0.400795 -0.504304 0.485867 
-0.667315 -0.30467 0.495752 
0.400795 -0.504304 0.485867 
-0.66703 -0.304985 0.49581 
0.400795 -0.504304 0.485867 
-0.666908 -0.30539 0.49593 
0.400795 -0.504304 0.485867 
-0.666813 -0.30582 0.4961 
0.400795 -0.504304 0.485867 
-0.666716 -0.306242 0.496251 
0.400795 -0.504304 0.485867 
-0.666609 -0.30665 0.496392 
0.400795 -0.504304 0.485867 
-0.666573 -0.307099 0.496584 
0.400795 -0.504304 0.485867 
-0.666397 -0.307468 0.496683 
0.400795 -0.504304 0.485867 
-0.666294 -0.30786 0.496788 
0.400795 -0.504304 0.485867 
-0.666157 -0.30825 0.496839 
0.400795 -0.504304 0.485867 
-0.665979 -0.308564 0.49681 
0.400795 -0.504304 0.485867 
-0.665859 -0.308905 0.496802 
0.400795 -0.504304 0.485867 
-0.665841 -0.309291 0.496821 
0.400795 -0.504304 0.485867 
-0.665717 -0.309617 0.496797 
0.400795 -0.504304 0.485867 
-0.665611 -0.309944 0.49672 
0.400795 -0.504304 0.485867 
-0.665783 -0.310309 0.496799 
0.400795 -0.504304 0.485867 
-0.665943 -0.310627 0.496954 
0.400795 -0.504304 0.485867 
-0.665945 -0.310628 0.496956 
0.400795 -0.504304 0.485867 
-0.665945 -0.310626 0.496957 
0.400795 -0.504304 0.485867 
-0.666009 -0.310664 0.496976 
0.400795 -0.504304 0.485867 
-0.66601 -0.310666 0.496976 
0.400795 -0.504304 0.485867 
-0.665855 -0.310585 0.496919 
0.400795 -0.504304 0.485867 
-0.665835 -0.310579 0.496907 
0.400795 -0.504304 0.485867 
-0.665852 -0.310583 0.496919 
0.400795 -0.504304 0.485867 
-0.665858 -0.310584 0.496923 
0.400795 -0.504304 0.485867 
-0.665864 -0.310586 0.496927 
0.400795 -0.504304 0.485867 
-0.665861 -0.310586 0.496924 
0.400795 -0.504304 0.485867 
-0.665863 -0.310585 0.496928 
0.400795 -0.504304 0.485867 
-0.665865 -0.310587 0.496928 
0.400795 -0.504304 0.485867 
-0.665946 -0.310627 0.49696 
0.400795 -0.504304 0.485867 
-0.665864 -0.310584 0.496929 
0.400795 -0.504304 0.485867 
-0.665792 -0.310547 0.496902 
0.400795 -0.504304 0.485867 
-0.665786 -0.310545 0.496898 
0.400795 -0.504304 0.485867 
-0.66579 -0.310551 0.496896 
0.400795 -0.504304 0.485867 
-0.665803 -0.310554 0.496904 
0.400795 -0.504304 0.485867 
-0.665729 -0.310513 0.496877 
0.400795 -0.504304 0.485867 
-0.665811 -0.310555 0.496907 
0.400795 -0.504304 0.485867 
-0.665886 -0.310595 0.496935 
0.400795 -0.504304 0.485867 
-0.665812 -0.310554 0.49691 
0.400795 -0.504304 0.485867 
-0.665883 -0.310589 0.496938 
0.400795 -0.504304 0.485867 
-0.665895 -0.310594 0.496942 
0.400795 -0.504304 0.485867 
-0.665818 -0.310553 0.496915 
0.400795 -0.504304 0.485867 
-0.64396 -0.227851 0.447155 
0.400795 -0.504304 0.485867 
-0.643961 -0.227851 0.447155 
0.400795 -0.504304 0.485867 
-0.643961 -0.227851 0.447155 
0.400795 -0.504304 0.485867 
-0.643396 -0.228354 0.447191 
0.400795 -0.504304 0.485867 
-0.643279 -0.228336 0.447368 
0.400795 -0.504304 0.485867 
-0.643061 -0.228379 0.447641 
0.400795 -0.504304 0.485867 
-0.642832 -0.229657 0.447798 
0.400795 -0.504304 0.485867 
-0.642439 -0.230966 0.448008 
0.400795 -0.504304 0.485867 
-0.641788 -0.23162 0.448126 
0.400795 -0.504304 0.485867 
-0.640608 -0.232044 0.448366 
0.400795 -0.504304 0.485867 
-0.639332 -0.232372 0.448895 
0.400795 -0.504304 0.485867 
-0.638232 -0.232639 0.449389 
0.400795 -0.504304 0.485867 
-0.637331 -0.232845 0.449775 
0.400795 -0.504304 0.485867 
-0.636584 -0.23302 0.450082 
0.400795 -0.504304 0.485867 
-0.63596 -0.23316 0.450357 
0.400795 -0.504304 0.485867 
-0.635427 -0.23329 0.450574 
0.400795 -0.504304 0.485867 
-0.634972 -0.233398 0.450777 
0.400795 -0.504304 0.485867 
-0.63457 -0.233495 0.450938 
0.400795 -0.504304 0.485867 
-0.634214 -0.23357 0.451084 
0.400795 -0.504304 0.485867 
-0.633899 -0.23364 0.451212 
0.400795 -0.504304 0.485867 
-0.633623 -0.233704 0.451332 
0.400795 -0.504304 0.485867 
-0.633374 -0.233758 0.451443 
0.400795 -0.504304 0.485867 
-0.633151 -0.233812 0.451538 
0.400795 -0.504304 0.485867 
-0.632944 -0.233864 0.451612 
0.400795 -0.504304 0.485867 
-0.632752 -0.233909 0.451676 
0.400795 -0.504304 0.485867 
-0.632582 -0.233951 0.451744 
0.400795 -0.504304 0.485867 
-0.632459 -0.234017 0.451853 
0.400795 -0.504304 0.485867 
-0.63231 -0.234046 0.451907 
0.400795 -0.504304 0.485867 
-0.631726 -0.234303 0.452152 
0.400795 -0.504304 0.485867 
-0.631173 -0.23454 0.452393 
0.400795 -0.504304 0.485867 
-0.630612 -0.23482 0.452616 
0.400795 -0.504304 0.485867 
-0.630087 -0.234966 0.452795 
0.400795 -0.504304 0.485867 
-0.629573 -0.23489 0.452969 
0.400795 -0.504304 0.485867 
-0.629148 -0.234856 0.453141 
0.400795 -0.504304 0.485867 
-0.628883 -0.234855 0.453316 
0.400795 -0.504304 0.485867 
-0.628782 -0.234854 0.453389 
0.400795 -0.504304 0.485867 
-0.628778 -0.234854 0.453379 
0.400795 -0.504304 0.485867 
-0.628773 -0.234851 0.453372 
0.400795 -0.504304 0.485867 
-0.62877 -0.234847 0.45337 
0.400795 -0.504304 0.485867 
-0.628766 -0.234849 0.453358 
0.400795 -0.504304 0.485867 
-0.628766 -0.234845 0.453363 
0.400795 -0.504304 0.485867 
-0.628758 -0.234843 0.453347 
0.400795 -0.504304 0.485867 
-0.628758 -0.234845 0.453346 
0.400795 -0.504304 0.485867 
-0.628762 -0.234846 0.453353 
0.400795 -0.504304 0.485867 
-0.628761 -0.234844 0.453352 
0.400795 -0.504304 0.485867 
-0.628763 -0.234844 0.453356 
0.400795 -0.504304 0.485867 
-0.62876 -0.23485 0.453343 
0.400795 -0.504304 0.485867 
-0.628759 -0.234851 0.453339 
0.400795 -0.504304 0.485867 
-0.628759 -0.234848 0.453342 
0.400795 -0.504304 0.485867 
-0.628764 -0.234847 0.453354 
0.400795 -0.504304 0.485867 
-0.628772 -0.234848 0.45337 
0.400795 -0.504304 0.485867 
-0.628772 -0.234851 0.453367 
0.400795 -0.504304 0.485867 
-0.628738 -0.234822 0.45332 
0.400795 -0.504304 0.485867 
-0.628775 -0.234857 0.453365 
0.400795 -0.504304 0.485867 
-0.628774 -0.234868 0.453352 
0.400795 -0.504304 0.485867 
-0.628843 -0.234941 0.453431 
0.400795 -0.504304 0.485867 
-0.628881 -0.234976 0.453478 
0.400795 -0.504304 0.485867 
-0.628912 -0.235008 0.453514 
0.400795 -0.504304 0.485867 
-0.628985 -0.235073 0.453607 
0.400795 -0.504304 0.485867 
-0.62902 -0.235105 0.453652 
0.400795 -0.504304 0.485867 
-0.629017 -0.235108 0.453638 
0.400795 -0.504304 0.485867 
-0.629052 -0.235143 0.453679 
0.400795 -0.504304 0.485867 
-0.629056 -0.235146 0.453685 
0.400795 -0.504304 0.485867 
-0.629057 -0.235154 0.453679 
0.400795 -0.504304 0.485867 
-0.629063 -0.235156 0.453691 
0.400795 -0.504304 0.485867 
-0.629063 -0.235158 0.453687 
0.400795 -0.504304 0.485867 
-0.629062 -0.235161 0.453681 
0.400795 -0.504304 0.485867 
-0.629065 -0.235158 0.453691 
0.400795 -0.504304 0.485867 
-0.629069 -0.235158 0.453697 
0.400795 -0.504304 0.485867 
-0.629069 -0.23516 0.453694 
0.400795 -0.504304 0.485867 
-0.629069 -0.235164 0.453691 
0.400795 -0.504304 0.485867 
-0.629072 -0.235161 0.4537 
0.400795 -0.504304 0.485867 
-0.629073 -0.23516 0.453704 
0.400795 -0.504304 0.485867 
-0.629071 -0.235155 0.453704 
0.400795 -0.504304 0.485867 
-0.629075 -0.235154 0.453713 
0.400795 -0.504304 0.485867 
-0.629076 -0.235155 0.453715 
0.400795 -0.504304 0.485867 
-0.629074 -0.235154 0.453711 
0.400795 -0.504304 0.485867 
-0.629075 -0.235153 0.453715 
0.400795 -0.504304 0.485867 
-0.629044 -0.235117 0.453683 
0.400795 -0.504304 0.485867 
-0.62908 -0.235146 0.453733 
0.400795 -0.504304 0.485867 
-0.629044 -0.235109 0.453692 
0.400795 -0.504304 0.485867 
-0.628975 -0.235041 0.45361 
0.400795 -0.504304 0.485867 
-0.628982 -0.235039 0.453627 
0.400795 -0.504304 0.485867 
-0.628914 -0.234968 0.453552 
0.400795 -0.504304 0.485867 
-0.628846 -0.234899 0.453471 
0.400795 -0.504304 0.485867 
-0.628846 -0.234892 0.453481 
0.400795 -0.504304 0.485867 
-0.628849 -0.23489 0.453487 
0.400795 -0.504304 0.485867 
-0.628815 -0.234852 0.453451 
0.400795 -0.504304 0.485867 
-0.628815 -0.234844 0.45346 
0.400795 -0.504304 0.485867 
-0.628814 -0.234841 0.45346 
0.400795 -0.504304 0.485867 
-0.628854 -0.234872 0.453517 
0.400795 -0.504304 0.485867 
-0.628859 -0.234867 0.453532 
0.400795 -0.504304 0.485867 
-0.628858 -0.234863 0.453536 
0.400795 -0.504304 0.485867 
-0.628858 -0.234857 0.453541 
0.400795 -0.504304 0.485867 
-0.628857 -0.234853 0.453544 
0.400795 -0.504304 0.485867 
-0.628858 -0.234848 0.453551 
0.400795 -0.504304 0.485867 
-0.628863 -0.234849 0.453559 
0.400795 -0.504304 0.485867 
-0.628861 -0.234844 0.45356 
0.400795 -0.504304 0.485867 
-0.628863 -0.234846 0.453562 
0.400795 -0.504304 0.485867 
-0.628857 -0.234843 0.453554 
0.400795 -0.504304 0.485867 
-0.628853 -0.234845 0.453543 
0.400795 -0.504304 0.485867 
-0.628922 -0.234906 0.453632 
0.400795 -0.504304 0.485867 
-0.62892 -0.234904 0.45363 
0.400795 -0.504304 0.485867 
-0.628992 -0.234967 0.453726 
0.400795 -0.504304 0.485867 
-0.628955 -0.234931 0.453683 
0.400795 -0.504304 0.485867 
-0.628949 -0.23493 0.453672 
0.400795 -0.504304 0.485867 
-0.628985 -0.234962 0.45372 
0.400795 -0.504304 0.485867 
-0.628987 -0.23496 0.453727 
0.400795 -0.504304 0.485867 
-0.628984 -0.234958 0.453722 
0.400795 -0.504304 0.485867 
-0.629018 -0.234993 0.453763 
0.400795 -0.504304 0.485867 
-0.629016 -0.234991 0.45376 
0.400795 -0.504304 0.485867 
-0.629019 -0.234992 0.453766 
0.400795 -0.504304 0.485867 
-0.629054 -0.235025 0.45381 
0.400795 -0.504304 0.485867 
-0.629051 -0.235026 0.453804 
0.400795 -0.504304 0.485867 
-0.629049 -0.235023 0.453802 
0.400795 -0.504304 0.485867 
-0.629042 -0.235023 0.453789 
0.400795 -0.504304 0.485867 
-0.629005 -0.234986 0.453745 
0.400795 -0.504304 0.485867 
-0.629037 -0.235016 0.453787 
0.400795 -0.504304 0.485867 
-0.627858 -0.233858 0.453011 
0.400795 -0.504304 0.485867 
-0.626716 -0.23268 0.452252 
0.400795 -0.504304 0.485867 
-0.625562 -0.231409 0.451411 
0.400795 -0.504304 0.485867 
-0.624424 -0.230059 0.450466 
0.400795 -0.504304 0.485867 
-0.62331 -0.228631 0.449507 
0.400795 -0.504304 0.485867 
-0.622185 -0.22711 0.448439 
0.400795 -0.504304 0.485867 
-0.62107 -0.22553 0.447294 
0.400795 -0.504304 0.485867 
-0.619986 -0.223836 0.446029 
0.400795 -0.504304 0.485867 
-0.618961 -0.222064 0.444684 
0.400795 -0.504304 0.485867 
-0.617923 -0.220154 0.443209 
0.400795 -0.504304 0.485867 
-0.616926 -0.218209 0.44172 
0.400795 -0.504304 0.485867 
-0.615921 -0.216142 0.44011 
0.400795 -0.504304 0.485867 
-0.61504 -0.214034 0.438499 
0.400795 -0.504304 0.485867 
-0.614146 -0.211763 0.436658 
0.400795 -0.504304 0.485867 
-0.613308 -0.209482 0.434783 
0.400795 -0.504304 0.485867 
-0.61254 -0.207211 0.43292 
0.400795 -0.504304 0.485867 
-0.611811 -0.20483 0.430897 
0.400795 -0.504304 0.485867 
-0.611187 -0.202495 0.42895 
0.400795 -0.504304 0.485867 
-0.610586 -0.200159 0.42692 
0.400795 -0.504304 0.485867 
-0.609989 -0.197833 0.424853 
0.400795 -0.504304 0.485867 
-0.609465 -0.195592 0.422862 
0.400795 -0.504304 0.485867 
-0.60895 -0.193373 0.420827 
0.400795 -0.504304 0.485867 
-0.608481 -0.191154 0.418823 
0.400795 -0.504304 0.485867 
-0.608021 -0.188945 0.416752 
0.400795 -0.504304 0.485867 
-0.607573 -0.186784 0.414706 
0.400795 -0.504304 0.485867 
-0.607649 -0.185176 0.413024 
0.400795 -0.504304 0.485867 
-0.608223 -0.184165 0.41177 
0.400795 -0.504304 0.485867 
-0.608821 -0.183225 0.410717 
0.400795 -0.504304 0.485867 
-0.609376 -0.182463 0.409791 
0.400795 -0.504304 0.485867 
-0.609834 -0.18185 0.408902 
0.400795 -0.504304 0.485867 
-0.610294 -0.18148 0.408285 
0.400795 -0.504304 0.485867 
-0.610699 -0.181242 0.407822 
0.400795 -0.504304 0.485867 
-0.611037 -0.181133 0.407398 
0.400795 -0.504304 0.485867 
-0.611276 -0.1813 0.407254 
0.400795 -0.504304 0.485867 
-0.611443 -0.181708 0.407306 
0.400795 -0.504304 0.485867 
-0.611571 -0.182202 0.407368 
0.400795 -0.504304 0.485867 
-0.61168 -0.182894 0.407573 
0.400795 -0.504304 0.485867 
-0.611789 -0.183762 0.407951 
0.400795 -0.504304 0.485867 
-0.611776 -0.184939 0.408542 
0.400795 -0.504304 0.485867 
-0.611714 -0.186226 0.409223 
0.400795 -0.504304 0.485867 
-0.611659 -0.187735 0.410113 
0.400795 -0.504304 0.485867 
-0.611498 -0.189306 0.410844 
0.400795 -0.504304 0.485867 
-0.611295 -0.19117 0.411778 
0.400795 -0.504304 0.485867 
-0.611038 -0.193157 0.412709 
0.400795 -0.504304 0.485867 
-0.61079 -0.195311 0.413667 
0.400795 -0.504304 0.485867 
-0.610509 -0.197517 0.414576 
0.400795 -0.504304 0.485867 
-0.610262 -0.199827 0.415497 
0.400795 -0.504304 0.485867 
-0.609963 -0.202245 0.416317 
0.400795 -0.504304 0.485867 
-0.609622 -0.204762 0.416996 
0.400795 -0.504304 0.485867 
-0.609325 -0.207314 0.417703 
0.400795 -0.504304 0.485867 
-0.60904 -0.209884 0.418361 
0.400795 -0.504304 0.485867 
-0.608744 -0.21253 0.419032 
0.400795 -0.504304 0.485867 
-0.608435 -0.215165 0.419534 
0.400795 -0.504304 0.485867 
-0.608175 -0.217801 0.420068 
0.400795 -0.504304 0.485867 
-0.60801 -0.220414 0.420682 
0.400795 -0.504304 0.485867 
-0.60778 -0.222805 0.421028 
0.400795 -0.504304 0.485867 
-0.607612 -0.225262 0.421323 
0.400795 -0.504304 0.485867 
-0.607462 -0.22764 0.42158 
0.400795 -0.504304 0.485867 
-0.607358 -0.229924 0.421816 
0.400795 -0.504304 0.485867 
-0.60724 -0.23197 0.421859 
0.400795 -0.504304 0.485867 
-0.607195 -0.23406 0.422006 
0.400795 -0.504304 0.485867 
-0.607142 -0.235966 0.422045 
0.400795 -0.504304 0.485867 
-0.607095 -0.237906 0.422095 
0.400795 -0.504304 0.485867 
-0.608313 -0.239827 0.421377 
0.400795 -0.504304 0.485867 
-0.608252 -0.241332 0.421226 
0.400795 -0.504304 0.485867 
-0.608177 -0.242752 0.420972 
0.400795 -0.504304 0.485867 
-0.608157 -0.244105 0.420802 
0.400795 -0.504304 0.485867 
-0.608094 -0.245295 0.420515 
0.400795 -0.504304 0.485867 
-0.607962 -0.246276 0.420143 
0.400795 -0.504304 0.485867 
-0.607881 -0.247196 0.41979 
0.400795 -0.504304 0.485867 
-0.607879 -0.248184 0.419562 
0.400795 -0.504304 0.485867 
-0.607828 -0.24906 0.419259 
0.400795 -0.504304 0.485867 
-0.607785 -0.24988 0.418914 
0.400795 -0.504304 0.485867 
-0.607862 -0.250738 0.418792 
0.400795 -0.504304 0.485867 
-0.607962 -0.251606 0.418667 
0.400795 -0.504304 0.485867 
-0.608143 -0.252509 0.418623 
0.400795 -0.504304 0.485867 
-0.60825 -0.25331 0.418416 
0.400795 -0.504304 0.485867 
-0.608391 -0.254168 0.418185 
0.400795 -0.504304 0.485867 
-0.60856 -0.255148 0.417969 
0.400795 -0.504304 0.485867 
-0.608684 -0.256083 0.417532 
0.400795 -0.504304 0.485867 
-0.608847 -0.257089 0.41714 
0.400795 -0.504304 0.485867 
-0.609011 -0.258072 0.416761 
0.400795 -0.504304 0.485867 
-0.609105 -0.258944 0.416348 
0.400795 -0.504304 0.485867 
-0.609214 -0.259787 0.415905 
0.400795 -0.504304 0.485867 
-0.609322 -0.260648 0.415473 
0.400795 -0.504304 0.485867 
-0.609379 -0.261461 0.414998 
0.400795 -0.504304 0.485867 
-0.609421 -0.26223 0.414506 
0.400795 -0.504304 0.485867 
-0.609488 -0.263022 0.414108 
0.400795 -0.504304 0.485867 
-0.608039 -0.263492 0.414845 
0.400795 -0.504304 0.485867 
-0.608154 -0.264356 0.414646 
0.400795 -0.504304 0.485867 
-0.608236 -0.265248 0.414484 
0.400795 -0.504304 0.485867 
-0.608274 -0.266067 0.414258 
0.400795 -0.504304 0.485867 
-0.60827 -0.266876 0.414061 
0.400795 -0.504304 0.485867 
-0.608298 -0.267774 0.413995 
0.400795 -0.504304 0.485867 
-0.60828 -0.268515 0.413831 
0.400795 -0.504304 0.485867 
-0.608191 -0.269089 0.413626 
0.400795 -0.504304 0.485867 
-0.608123 -0.269611 0.413519 
0.400795 -0.504304 0.485867 
-0.608013 -0.270095 0.413459 
0.400795 -0.504304 0.485867 
-0.607872 -0.270509 0.413439 
0.400795 -0.504304 0.485867 
-0.607684 -0.270842 0.413376 
0.400795 -0.504304 0.485867 
-0.60751 -0.271138 0.413389 
0.400795 -0.504304 0.485867 
-0.607286 -0.271347 0.413313 
0.400795 -0.504304 0.485867 
-0.607066 -0.271513 0.413373 
0.400795 -0.504304 0.485867 
-0.606821 -0.271595 0.41341 
0.400795 -0.504304 0.485867 
-0.606571 -0.271604 0.413557 
0.400795 -0.504304 0.485867 
-0.606273 -0.271567 0.413769 
0.400795 -0.504304 0.485867 
-0.605989 -0.271505 0.414049 
0.400795 -0.504304 0.485867 
-0.605726 -0.271498 0.414409 
0.400795 -0.504304 0.485867 
-0.605382 -0.271487 0.414751 
0.400795 -0.504304 0.485867 
-0.605005 -0.271422 0.414982 
0.400795 -0.504304 0.485867 
-0.604626 -0.271363 0.415286 
0.400795 -0.504304 0.485867 
-0.604254 -0.271267 0.415587 
0.400795 -0.504304 0.485867 
-0.603757 -0.271173 0.415841 
0.400795 -0.504304 0.485867 
-0.603218 -0.270942 0.415965 
0.400795 -0.504304 0.485867 
-0.60271 -0.270978 0.416063 
0.400795 -0.504304 0.485867 
-0.602272 -0.271243 0.416053 
0.400795 -0.504304 0.485867 
-0.601886 -0.271546 0.416065 
0.400795 -0.504304 0.485867 
-0.601515 -0.271852 0.416103 
0.400795 -0.504304 0.485867 
-0.601236 -0.272185 0.41616 
0.400795 -0.504304 0.485867 
-0.601 -0.272538 0.416253 
0.400795 -0.504304 0.485867 
-0.600803 -0.272994 0.416435 
0.400795 -0.504304 0.485867 
-0.600554 -0.273408 0.416501 
0.400795 -0.504304 0.485867 
-0.600336 -0.273829 0.416543 
0.400795 -0.504304 0.485867 
-0.60019 -0.274263 0.416636 
0.400795 -0.504304 0.485867 
-0.599924 -0.27457 0.416498 
0.400795 -0.504304 0.485867 
-0.599743 -0.27497 0.416512 
0.400795 -0.504304 0.485867 
-0.599549 -0.275395 0.41658 
0.400795 -0.504304 0.485867 
-0.599367 -0.275813 0.416634 
0.400795 -0.504304 0.485867 
-0.599184 -0.276216 0.416673 
0.400795 -0.504304 0.485867 
-0.599022 -0.276661 0.416795 
0.400795 -0.504304 0.485867 
-0.598813 -0.277024 0.416758 
0.400795 -0.504304 0.485867 
-0.598656 -0.277413 0.416772 
0.400795 -0.504304 0.485867 
-0.598507 -0.277798 0.416722 
0.400795 -0.504304 0.485867 
-0.598379 -0.278108 0.416585 
0.400795 -0.504304 0.485867 
-0.598282 -0.278446 0.416501 
0.400795 -0.504304 0.485867 
-0.598246 -0.278831 0.416501 
0.400795 -0.504304 0.485867 
-0.598156 -0.279154 0.416402 
0.400795 -0.504304 0.485867 
-0.598114 -0.27948 0.416274 
0.400795 -0.504304 0.485867 
-0.598186 -0.279847 0.416442 
0.400795 -0.504304 0.485867 
-0.598203 -0.280168 0.416661 
0.400795 -0.504304 0.485867 
-0.598203 -0.280168 0.416664 
0.400795 -0.504304 0.485867 
-0.598202 -0.280167 0.416665 
0.400795 -0.504304 0.485867 
-0.598239 -0.280206 0.41672 
0.400795 -0.504304 0.485867 
-0.59824 -0.280208 0.41672 
0.400795 -0.504304 0.485867 
-0.598159 -0.280124 0.416578 
0.400795 -0.504304 0.485867 
-0.598151 -0.280117 0.416556 
0.400795 -0.504304 0.485867 
-0.598156 -0.280121 0.416576 
0.400795 -0.504304 0.485867 
-0.598158 -0.280123 0.416583 
0.400795 -0.504304 0.485867 
-0.59816 -0.280125 0.416591 
0.400795 -0.504304 0.485867 
-0.59816 -0.280125 0.416586 
0.400795 -0.504304 0.485867 
-0.598159 -0.280124 0.416591 
0.400795 -0.504304 0.485867 
-0.59816 -0.280125 0.416592 
0.400795 -0.504304 0.485867 
-0.598202 -0.280168 0.416667 
0.400795 -0.504304 0.485867 
-0.598159 -0.280123 0.416592 
0.400795 -0.504304 0.485867 
-0.598122 -0.280084 0.416525 
0.400795 -0.504304 0.485867 
-0.598119 -0.280082 0.416518 
0.400795 -0.504304 0.485867 
-0.598124 -0.280088 0.41652 
0.400795 -0.504304 0.485867 
-0.598128 -0.280091 0.416534 
0.400795 -0.504304 0.485867 
-0.59809 -0.280049 0.416467 
0.400795 -0.504304 0.485867 
-0.598132 -0.280093 0.416542 
0.400795 -0.504304 0.485867 
-0.598172 -0.280135 0.41661 
0.400795 -0.504304 0.485867 
-0.598132 -0.280092 0.416544 
0.400795 -0.504304 0.485867 
-0.598168 -0.280128 0.416611 
0.400795 -0.504304 0.485867 
-0.598174 -0.280133 0.416621 
0.400795 -0.504304 0.485867 
-0.598133 -0.280091 0.416552 
0.400795 -0.504304 0.485867 
-0.64443 -0.228589 0.447339 
0.400795 -0.504304 0.485867 
-0.644431 -0.228589 0.447339 
0.400795 -0.504304 0.485867 
-0.644431 -0.228589 0.447339 
0.400795 -0.504304 0.485867 
-0.643867 -0.229092 0.447373 
0.400795 -0.504304 0.485867 
-0.643751 -0.229077 0.447551 
0.400795 -0.504304 0.485867 
-0.643535 -0.229124 0.447825 
0.400795 -0.504304 0.485867 
-0.643308 -0.230404 0.447966 
0.400795 -0.504304 0.485867 
-0.642917 -0.231716 0.448163 
0.400795 -0.504304 0.485867 
-0.642267 -0.232372 0.448277 
0.400795 -0.504304 0.485867 
-0.641089 -0.232799 0.448521 
0.400795 -0.504304 0.485867 
-0.639817 -0.233135 0.449056 
0.400795 -0.504304 0.485867 
-0.638722 -0.233409 0.449555 
0.400795 -0.504304 0.485867 
-0.637824 -0.233621 0.449946 
0.400795 -0.504304 0.485867 
-0.637079 -0.233799 0.450257 
0.400795 -0.504304 0.485867 
-0.636458 -0.233944 0.450534 
0.400795 -0.504304 0.485867 
-0.635926 -0.234076 0.450754 
0.400795 -0.504304 0.485867 
-0.635473 -0.234188 0.450959 
0.400795 -0.504304 0.485867 
-0.635072 -0.234287 0.451122 
0.400795 -0.504304 0.485867 
-0.634718 -0.234364 0.45127 
0.400795 -0.504304 0.485867 
-0.634404 -0.234436 0.4514 
0.400795 -0.504304 0.485867 
-0.634129 -0.234502 0.451521 
0.400795 -0.504304 0.485867 
-0.633881 -0.234557 0.451633 
0.400795 -0.504304 0.485867 
-0.633658 -0.234612 0.451729 
0.400795 -0.504304 0.485867 
-0.633452 -0.234666 0.451804 
0.400795 -0.504304 0.485867 
-0.633261 -0.234711 0.451869 
0.400795 -0.504304 0.485867 
-0.633091 -0.234754 0.451938 
0.400795 -0.504304 0.485867 
-0.632969 -0.234822 0.452047 
0.400795 -0.504304 0.485867 
-0.632821 -0.234852 0.452102 
0.400795 -0.504304 0.485867 
-0.632239 -0.235113 0.452348 
0.400795 -0.504304 0.485867 
-0.631688 -0.235352 0.45259 
0.400795 -0.504304 0.485867 
-0.631129 -0.235636 0.452814 
0.400795 -0.504304 0.485867 
-0.630605 -0.235784 0.452995 
0.400795 -0.504304 0.485867 
-0.630093 -0.235711 0.453174 
0.400795 -0.504304 0.485867 
-0.629669 -0.23568 0.45335 
0.400795 -0.504304 0.485867 
-0.629406 -0.235681 0.453527 
0.400795 -0.504304 0.485867 
-0.629305 -0.235681 0.453601 
0.400795 -0.504304 0.485867 
-0.629301 -0.23568 0.453591 
0.400795 -0.504304 0.485867 
-0.629296 -0.235678 0.453584 
0.400795 -0.504304 0.485867 
-0.629293 -0.235674 0.453582 
0.400795 -0.504304 0.485867 
-0.629289 -0.235675 0.453571 
0.400795 -0.504304 0.485867 
-0.629289 -0.235671 0.453576 
0.400795 -0.504304 0.485867 
-0.629281 -0.235669 0.45356 
0.400795 -0.504304 0.485867 
-0.629281 -0.235672 0.453558 
0.400795 -0.504304 0.485867 
-0.629284 -0.235672 0.453566 
0.400795 -0.504304 0.485867 
-0.629284 -0.23567 0.453564 
0.400795 -0.504304 0.485867 
-0.629286 -0.23567 0.453569 
0.400795 -0.504304 0.485867 
-0.629283 -0.235677 0.453555 
0.400795 -0.504304 0.485867 
-0.629281 -0.235677 0.453552 
0.400795 -0.504304 0.485867 
-0.629282 -0.235674 0.453555 
0.400795 -0.504304 0.485867 
-0.629287 -0.235674 0.453567 
0.400795 -0.504304 0.485867 
-0.629295 -0.235674 0.453582 
0.400795 -0.504304 0.485867 
-0.629295 -0.235678 0.45358 
0.400795 -0.504304 0.485867 
-0.62926 -0.235648 0.453533 
0.400795 -0.504304 0.485867 
-0.629298 -0.235684 0.453578 
0.400795 -0.504304 0.485867 
-0.629297 -0.235694 0.453564 
0.400795 -0.504304 0.485867 
-0.629366 -0.235768 0.453642 
0.400795 -0.504304 0.485867 
-0.629404 -0.235804 0.453687 
0.400795 -0.504304 0.485867 
-0.629436 -0.235836 0.453724 
0.400795 -0.504304 0.485867 
-0.62951 -0.235903 0.453815 
0.400795 -0.504304 0.485867 
-0.629545 -0.235936 0.453859 
0.400795 -0.504304 0.485867 
-0.629542 -0.235938 0.453845 
0.400795 -0.504304 0.485867 
-0.629577 -0.235974 0.453886 
0.400795 -0.504304 0.485867 
-0.629581 -0.235977 0.453891 
0.400795 -0.504304 0.485867 
-0.629582 -0.235984 0.453885 
0.400795 -0.504304 0.485867 
-0.629589 -0.235987 0.453897 
0.400795 -0.504304 0.485867 
-0.629589 -0.235989 0.453893 
0.400795 -0.504304 0.485867 
-0.629587 -0.235992 0.453887 
0.400795 -0.504304 0.485867 
-0.629591 -0.235989 0.453897 
0.400795 -0.504304 0.485867 
-0.629594 -0.235989 0.453903 
0.400795 -0.504304 0.485867 
-0.629594 -0.235991 0.4539 
0.400795 -0.504304 0.485867 
-0.629595 -0.235995 0.453897 
0.400795 -0.504304 0.485867 
-0.629597 -0.235992 0.453906 
0.400795 -0.504304 0.485867 
-0.629599 -0.235991 0.45391 
0.400795 -0.504304 0.485867 
-0.629596 -0.235986 0.453909 
0.400795 -0.504304 0.485867 
-0.6296 -0.235985 0.453919 
0.400795 -0.504304 0.485867 
-0.629602 -0.235986 0.453921 
0.400795 -0.504304 0.485867 
-0.6296 -0.235985 0.453917 
0.400795 -0.504304 0.485867 
-0.629601 -0.235984 0.453921 
0.400795 -0.504304 0.485867 
-0.629569 -0.235947 0.453889 
0.400795 -0.504304 0.485867 
-0.629606 -0.235977 0.453939 
0.400795 -0.504304 0.485867 
-0.62957 -0.235939 0.453899 
0.400795 -0.504304 0.485867 
-0.6295 -0.23587 0.453818 
0.400795 -0.504304 0.485867 
-0.629506 -0.235868 0.453835 
0.400795 -0.504304 0.485867 
-0.629439 -0.235797 0.453761 
0.400795 -0.504304 0.485867 
-0.629369 -0.235727 0.453683 
0.400795 -0.504304 0.485867 
-0.62937 -0.23572 0.453692 
0.400795 -0.504304 0.485867 
-0.629372 -0.235719 0.453698 
0.400795 -0.504304 0.485867 
-0.629338 -0.235679 0.453663 
0.400795 -0.504304 0.485867 
-0.629339 -0.235672 0.453672 
0.400795 -0.504304 0.485867 
-0.629337 -0.235668 0.453672 
0.400795 -0.504304 0.485867 
-0.629378 -0.235701 0.453728 
0.400795 -0.504304 0.485867 
-0.629383 -0.235696 0.453743 
0.400795 -0.504304 0.485867 
-0.629383 -0.235692 0.453747 
0.400795 -0.504304 0.485867 
-0.629382 -0.235686 0.453752 
0.400795 -0.504304 0.485867 
-0.629382 -0.235682 0.453755 
0.400795 -0.504304 0.485867 
-0.629383 -0.235677 0.453763 
0.400795 -0.504304 0.485867 
-0.629387 -0.235678 0.45377 
0.400795 -0.504304 0.485867 
-0.629385 -0.235673 0.453771 
0.400795 -0.504304 0.485867 
-0.629387 -0.235675 0.453774 
0.400795 -0.504304 0.485867 
-0.629382 -0.235672 0.453765 
0.400795 -0.504304 0.485867 
-0.629377 -0.235673 0.453754 
0.400795 -0.504304 0.485867 
-0.629446 -0.235736 0.453842 
0.400795 -0.504304 0.485867 
-0.629445 -0.235733 0.453841 
0.400795 -0.504304 0.485867 
-0.629518 -0.235798 0.453935 
0.400795 -0.504304 0.485867 
-0.62948 -0.235762 0.453893 
0.400795 -0.504304 0.485867 
-0.629475 -0.235761 0.453882 
0.400795 -0.504304 0.485867 
-0.629511 -0.235793 0.453929 
0.400795 -0.504304 0.485867 
-0.629513 -0.235791 0.453936 
0.400795 -0.504304 0.485867 
-0.629509 -0.235789 0.453931 
0.400795 -0.504304 0.485867 
-0.629544 -0.235824 0.453971 
0.400795 -0.504304 0.485867 
-0.629542 -0.235822 0.453969 
0.400795 -0.504304 0.485867 
-0.629545 -0.235824 0.453975 
0.400795 -0.504304 0.485867 
-0.62958 -0.235857 0.454018 
0.400795 -0.504304 0.485867 
-0.629578 -0.235858 0.454012 
0.400795 -0.504304 0.485867 
-0.629575 -0.235855 0.45401 
0.400795 -0.504304 0.485867 
-0.629568 -0.235855 0.453997 
0.400795 -0.504304 0.485867 
-0.62953 -0.235818 0.453953 
0.400795 -0.504304 0.485867 
-0.629563 -0.235848 0.453995 
0.400795 -0.504304 0.485867 
-0.628378 -0.23468 0.453244 
0.400795 -0.504304 0.485867 
-0.627229 -0.233493 0.45251 
0.400795 -0.504304 0.485867 
-0.626068 -0.232212 0.451694 
0.400795 -0.504304 0.485867 
-0.624922 -0.23085 0.450777 
0.400795 -0.504304 0.485867 
-0.623799 -0.22941 0.449845 
0.400795 -0.504304 0.485867 
-0.622665 -0.227875 0.448806 
0.400795 -0.504304 0.485867 
-0.621541 -0.226281 0.447691 
0.400795 -0.504304 0.485867 
-0.620447 -0.224571 0.446458 
0.400795 -0.504304 0.485867 
-0.61941 -0.222782 0.445144 
0.400795 -0.504304 0.485867 
-0.61836 -0.220853 0.443702 
0.400795 -0.504304 0.485867 
-0.61735 -0.21889 0.442247 
0.400795 -0.504304 0.485867 
-0.616331 -0.216802 0.440673 
0.400795 -0.504304 0.485867 
-0.615436 -0.214674 0.439097 
0.400795 -0.504304 0.485867 
-0.614527 -0.212378 0.437294 
0.400795 -0.504304 0.485867 
-0.613673 -0.210074 0.435455 
0.400795 -0.504304 0.485867 
-0.61289 -0.207779 0.433628 
0.400795 -0.504304 0.485867 
-0.612143 -0.205372 0.431642 
0.400795 -0.504304 0.485867 
-0.611503 -0.203011 0.429732 
0.400795 -0.504304 0.485867 
-0.610885 -0.200649 0.427738 
0.400795 -0.504304 0.485867 
-0.610271 -0.198297 0.425706 
0.400795 -0.504304 0.485867 
-0.609729 -0.19603 0.423749 
0.400795 -0.504304 0.485867 
-0.609197 -0.193784 0.421747 
0.400795 -0.504304 0.485867 
-0.608712 -0.19154 0.419777 
0.400795 -0.504304 0.485867 
-0.608234 -0.189304 0.417739 
0.400795 -0.504304 0.485867 
-0.607769 -0.187116 0.415725 
0.400795 -0.504304 0.485867 
-0.607831 -0.185486 0.414064 
0.400795 -0.504304 0.485867 
-0.608394 -0.184459 0.412818 
0.400795 -0.504304 0.485867 
-0.608984 -0.183505 0.411773 
0.400795 -0.504304 0.485867 
-0.609531 -0.182731 0.410853 
0.400795 -0.504304 0.485867 
-0.609981 -0.182105 0.409968 
0.400795 -0.504304 0.485867 
-0.610436 -0.181727 0.409353 
0.400795 -0.504304 0.485867 
-0.610838 -0.181483 0.40889 
0.400795 -0.504304 0.485867 
-0.611172 -0.181368 0.408465 
0.400795 -0.504304 0.485867 
-0.61141 -0.181533 0.408316 
0.400795 -0.504304 0.485867 
-0.611577 -0.181942 0.408362 
0.400795 -0.504304 0.485867 
-0.611706 -0.182437 0.408416 
0.400795 -0.504304 0.485867 
-0.611817 -0.183131 0.408611 
0.400795 -0.504304 0.485867 
-0.611929 -0.184003 0.408976 
0.400795 -0.504304 0.485867 
-0.611922 -0.185189 0.409552 
0.400795 -0.504304 0.485867 
-0.611866 -0.186484 0.410217 
0.400795 -0.504304 0.485867 
-0.611818 -0.188005 0.411087 
0.400795 -0.504304 0.485867 
-0.611663 -0.189585 0.411799 
0.400795 -0.504304 0.485867 
-0.611469 -0.191461 0.41271 
0.400795 -0.504304 0.485867 
-0.61122 -0.193461 0.413617 
0.400795 -0.504304 0.485867 
-0.61098 -0.195627 0.414548 
0.400795 -0.504304 0.485867 
-0.610707 -0.197845 0.415431 
0.400795 -0.504304 0.485867 
-0.610469 -0.200167 0.416322 
0.400795 -0.504304 0.485867 
-0.610178 -0.202596 0.417114 
0.400795 -0.504304 0.485867 
-0.609843 -0.205122 0.417762 
0.400795 -0.504304 0.485867 
-0.609552 -0.207683 0.418437 
0.400795 -0.504304 0.485867 
-0.609273 -0.210262 0.419064 
0.400795 -0.504304 0.485867 
-0.608984 -0.212916 0.419703 
0.400795 -0.504304 0.485867 
-0.60868 -0.215558 0.420172 
0.400795 -0.504304 0.485867 
-0.608425 -0.2182 0.420674 
0.400795 -0.504304 0.485867 
-0.608266 -0.220822 0.421254 
0.400795 -0.504304 0.485867 
-0.608039 -0.223217 0.421571 
0.400795 -0.504304 0.485867 
-0.607875 -0.225679 0.421835 
0.400795 -0.504304 0.485867 
-0.607728 -0.22806 0.422061 
0.400795 -0.504304 0.485867 
-0.607627 -0.230346 0.422269 
0.400795 -0.504304 0.485867 
-0.60751 -0.232393 0.422285 
0.400795 -0.504304 0.485867 
-0.607466 -0.234485 0.422405 
0.400795 -0.504304 0.485867 
-0.607414 -0.236391 0.42242 
0.400795 -0.504304 0.485867 
-0.607369 -0.238331 0.422444 
0.400795 -0.504304 0.485867 
-0.608582 -0.240243 0.421692 
0.400795 -0.504304 0.485867 
-0.60852 -0.241745 0.421521 
0.400795 -0.504304 0.485867 
-0.608444 -0.243162 0.421249 
0.400795 -0.504304 0.485867 
-0.608422 -0.244513 0.421061 
0.400795 -0.504304 0.485867 
-0.608358 -0.245698 0.420759 
0.400795 -0.504304 0.485867 
-0.608223 -0.246674 0.420376 
0.400795 -0.504304 0.485867 
-0.608139 -0.247589 0.420011 
0.400795 -0.504304 0.485867 
-0.608137 -0.248575 0.41977 
0.400795 -0.504304 0.485867 
-0.608083 -0.249447 0.419456 
0.400795 -0.504304 0.485867 
-0.608038 -0.250262 0.419101 
0.400795 -0.504304 0.485867 
-0.608114 -0.251119 0.418967 
0.400795 -0.504304 0.485867 
-0.608213 -0.251985 0.41883 
0.400795 -0.504304 0.485867 
-0.608394 -0.252887 0.418772 
0.400795 -0.504304 0.485867 
-0.6085 -0.253685 0.418554 
0.400795 -0.504304 0.485867 
-0.608639 -0.25454 0.418311 
0.400795 -0.504304 0.485867 
-0.608807 -0.255517 0.41808 
0.400795 -0.504304 0.485867 
-0.608928 -0.256446 0.41763 
0.400795 -0.504304 0.485867 
-0.609089 -0.257447 0.417224 
0.400795 -0.504304 0.485867 
-0.60925 -0.258425 0.416831 
0.400795 -0.504304 0.485867 
-0.609341 -0.259291 0.416406 
0.400795 -0.504304 0.485867 
-0.609447 -0.260128 0.415951 
0.400795 -0.504304 0.485867 
-0.609551 -0.260984 0.415506 
0.400795 -0.504304 0.485867 
-0.609605 -0.26179 0.41502 
0.400795 -0.504304 0.485867 
-0.609643 -0.262552 0.414518 
0.400795 -0.504304 0.485867 
-0.609707 -0.263339 0.414109 
0.400795 -0.504304 0.485867 
-0.608264 -0.263819 0.414851 
0.400795 -0.504304 0.485867 
-0.608378 -0.264681 0.41464 
0.400795 -0.504304 0.485867 
-0.608459 -0.265571 0.414465 
0.400795 -0.504304 0.485867 
-0.608495 -0.266386 0.414229 
0.400795 -0.504304 0.485867 
-0.60849 -0.267193 0.414021 
0.400795 -0.504304 0.485867 
-0.608518 -0.26809 0.413943 
0.400795 -0.504304 0.485867 
-0.608499 -0.268828 0.413769 
0.400795 -0.504304 0.485867 
-0.608409 -0.2694 0.413558 
0.400795 -0.504304 0.485867 
-0.60834 -0.269921 0.413444 
0.400795 -0.504304 0.485867 
-0.608229 -0.270404 0.413378 
0.400795 -0.504304 0.485867 
-0.608089 -0.270817 0.413354 
0.400795 -0.504304 0.485867 
-0.6079 -0.27115 0.413288 
0.400795 -0.504304 0.485867 
-0.607727 -0.271446 0.413299 
0.400795 -0.504304 0.485867 
-0.607502 -0.271653 0.413222 
0.400795 -0.504304 0.485867 
-0.607282 -0.271821 0.413282 
0.400795 -0.504304 0.485867 
-0.607037 -0.271903 0.413319 
0.400795 -0.504304 0.485867 
-0.606789 -0.271914 0.413469 
0.400795 -0.504304 0.485867 
-0.606493 -0.27188 0.413683 
0.400795 -0.504304 0.485867 
-0.606211 -0.271822 0.413967 
0.400795 -0.504304 0.485867 
-0.605951 -0.27182 0.414329 
0.400795 -0.504304 0.485867 
-0.60561 -0.271813 0.414674 
0.400795 -0.504304 0.485867 
-0.605234 -0.271752 0.414909 
0.400795 -0.504304 0.485867 
-0.604858 -0.271697 0.415216 
0.400795 -0.504304 0.485867 
-0.604488 -0.271605 0.415521 
0.400795 -0.504304 0.485867 
-0.603993 -0.271514 0.41578 
0.400795 -0.504304 0.485867 
-0.603455 -0.271286 0.415912 
0.400795 -0.504304 0.485867 
-0.602947 -0.271323 0.416013 
0.400795 -0.504304 0.485867 
-0.60251 -0.271588 0.416003 
0.400795 -0.504304 0.485867 
-0.602124 -0.271891 0.416014 
0.400795 -0.504304 0.485867 
-0.601753 -0.272199 0.416051 
0.400795 -0.504304 0.485867 
-0.601475 -0.272532 0.416106 
0.400795 -0.504304 0.485867 
-0.60124 -0.272886 0.416196 
0.400795 -0.504304 0.485867 
-0.601044 -0.273345 0.416374 
0.400795 -0.504304 0.485867 
-0.600797 -0.27376 0.416436 
0.400795 -0.504304 0.485867 
-0.600579 -0.274182 0.416475 
0.400795 -0.504304 0.485867 
-0.600433 -0.274616 0.416564 
0.400795 -0.504304 0.485867 
-0.600167 -0.274922 0.416424 
0.400795 -0.504304 0.485867 
-0.599986 -0.275322 0.416434 
0.400795 -0.504304 0.485867 
-0.599793 -0.275748 0.416498 
0.400795 -0.504304 0.485867 
-0.599612 -0.276167 0.416547 
0.400795 -0.504304 0.485867 
-0.599429 -0.276571 0.416582 
0.400795 -0.504304 0.485867 
-0.599268 -0.277017 0.4167 
0.400795 -0.504304 0.485867 
-0.599059 -0.27738 0.41666 
0.400795 -0.504304 0.485867 
-0.598902 -0.277769 0.41667 
0.400795 -0.504304 0.485867 
-0.598753 -0.278153 0.416616 
0.400795 -0.504304 0.485867 
-0.598623 -0.278461 0.416476 
0.400795 -0.504304 0.485867 
-0.598526 -0.278798 0.416388 
0.400795 -0.504304 0.485867 
-0.59849 -0.279183 0.416384 
0.400795 -0.504304 0.485867 
-0.598399 -0.279505 0.416281 
0.400795 -0.504304 0.485867 
-0.598356 -0.279829 0.416149 
0.400795 -0.504304 0.485867 
-0.598431 -0.280199 0.416312 
0.400795 -0.504304 0.485867 
-0.598449 -0.280522 0.416526 
0.400795 -0.504304 0.485867 
-0.598449 -0.280522 0.416529 
0.400795 -0.504304 0.485867 
-0.598449 -0.280521 0.41653 
0.400795 -0.504304 0.485867 
-0.598485 -0.280561 0.416584 
0.400795 -0.504304 0.485867 
-0.598487 -0.280563 0.416585 
0.400795 -0.504304 0.485867 
-0.598404 -0.280477 0.416445 
0.400795 -0.504304 0.485867 
-0.598396 -0.28047 0.416423 
0.400795 -0.504304 0.485867 
-0.598402 -0.280474 0.416443 
0.400795 -0.504304 0.485867 
-0.598404 -0.280476 0.41645 
0.400795 -0.504304 0.485867 
-0.598406 -0.280479 0.416457 
0.400795 -0.504304 0.485867 
-0.598405 -0.280478 0.416452 
0.400795 -0.504304 0.485867 
-0.598405 -0.280477 0.416457 
0.400795 -0.504304 0.485867 
-0.598406 -0.280479 0.416458 
0.400795 -0.504304 0.485867 
-0.598448 -0.280522 0.416533 
0.400795 -0.504304 0.485867 
-0.598405 -0.280476 0.416458 
0.400795 -0.504304 0.485867 
-0.598367 -0.280437 0.416393 
0.400795 -0.504304 0.485867 
-0.598364 -0.280435 0.416385 
0.400795 -0.504304 0.485867 
-0.598369 -0.280441 0.416387 
0.400795 -0.504304 0.485867 
-0.598374 -0.280444 0.416401 
0.400795 -0.504304 0.485867 
-0.598334 -0.280401 0.416335 
0.400795 -0.504304 0.485867 
-0.598377 -0.280446 0.416409 
0.400795 -0.504304 0.485867 
-0.598418 -0.280488 0.416477 
0.400795 -0.504304 0.485867 
-0.598377 -0.280445 0.416412 
0.400795 -0.504304 0.485867 
-0.598414 -0.280482 0.416477 
0.400795 -0.504304 0.485867 
-0.59842 -0.280487 0.416488 
0.400795 -0.504304 0.485867 
-0.598379 -0.280444 0.416419 
0.400795 -0.504304 0.485867 
-0.6188 -0.22499 0.392989 
0.400795 -0.504304 0.485867 
-0.6188 -0.22499 0.392989 
0.400795 -0.504304 0.485867 
-0.6188 -0.22499 0.392989 
0.400795 -0.504304 0.485867 
-0.618267 -0.225476 0.392761 
0.400795 -0.504304 0.485867 
-0.618083 -0.225454 0.392866 
0.400795 -0.504304 0.485867 
-0.617764 -0.225491 0.393011 
0.400795 -0.504304 0.485867 
-0.617455 -0.226761 0.393035 
0.400795 -0.504304 0.485867 
-0.616973 -0.228057 0.393031 
0.400795 -0.504304 0.485867 
-0.616321 -0.228692 0.392836 
0.400795 -0.504304 0.485867 
-0.615149 -0.22908 0.392513 
0.400795 -0.504304 0.485867 
-0.613763 -0.229369 0.392406 
0.400795 -0.504304 0.485867 
-0.612552 -0.229603 0.392348 
0.400795 -0.504304 0.485867 
-0.611568 -0.229781 0.392283 
0.400795 -0.504304 0.485867 
-0.610758 -0.229933 0.392218 
0.400795 -0.504304 0.485867 
-0.610075 -0.230054 0.39218 
0.400795 -0.504304 0.485867 
-0.609497 -0.230168 0.392132 
0.400795 -0.504304 0.485867 
-0.608997 -0.230262 0.392107 
0.400795 -0.504304 0.485867 
-0.608563 -0.230347 0.392067 
0.400795 -0.504304 0.485867 
-0.608177 -0.230411 0.392036 
0.400795 -0.504304 0.485867 
-0.607837 -0.230471 0.392008 
0.400795 -0.504304 0.485867 
-0.607535 -0.230527 0.39199 
0.400795 -0.504304 0.485867 
-0.607261 -0.230573 0.391976 
0.400795 -0.504304 0.485867 
-0.607018 -0.230621 0.391959 
0.400795 -0.504304 0.485867 
-0.606798 -0.230666 0.391931 
0.400795 -0.504304 0.485867 
-0.606597 -0.230705 0.391902 
0.400795 -0.504304 0.485867 
-0.606413 -0.230742 0.391885 
0.400795 -0.504304 0.485867 
-0.606253 -0.230804 0.391925 
0.400795 -0.504304 0.485867 
-0.606095 -0.230829 0.391906 
0.400795 -0.504304 0.485867 
-0.605457 -0.231068 0.391859 
0.400795 -0.504304 0.485867 
-0.604848 -0.231288 0.391822 
0.400795 -0.504304 0.485867 
-0.604239 -0.231551 0.391764 
0.400795 -0.504304 0.485867 
-0.603686 -0.231681 0.391686 
0.400795 -0.504304 0.485867 
-0.603151 -0.23159 0.39161 
0.400795 -0.504304 0.485867 
-0.602695 -0.231543 0.391572 
0.400795 -0.504304 0.485867 
-0.60238 -0.231534 0.391608 
0.400795 -0.504304 0.485867 
-0.602257 -0.231529 0.391628 
0.400795 -0.504304 0.485867 
-0.602258 -0.231529 0.391617 
0.400795 -0.504304 0.485867 
-0.602257 -0.231526 0.391609 
0.400795 -0.504304 0.485867 
-0.602255 -0.231522 0.391606 
0.400795 -0.504304 0.485867 
-0.602257 -0.231524 0.391593 
0.400795 -0.504304 0.485867 
-0.602254 -0.231519 0.391598 
0.400795 -0.504304 0.485867 
-0.602255 -0.231518 0.39158 
0.400795 -0.504304 0.485867 
-0.602256 -0.23152 0.391579 
0.400795 -0.504304 0.485867 
-0.602255 -0.23152 0.391587 
0.400795 -0.504304 0.485867 
-0.602255 -0.231519 0.391585 
0.400795 -0.504304 0.485867 
-0.602255 -0.231519 0.39159 
0.400795 -0.504304 0.485867 
-0.602259 -0.231525 0.391577 
0.400795 -0.504304 0.485867 
-0.602259 -0.231525 0.391573 
0.400795 -0.504304 0.485867 
-0.602258 -0.231523 0.391576 
0.400795 -0.504304 0.485867 
-0.602257 -0.231522 0.391589 
0.400795 -0.504304 0.485867 
-0.602257 -0.231523 0.391606 
0.400795 -0.504304 0.485867 
-0.602258 -0.231526 0.391604 
0.400795 -0.504304 0.485867 
-0.60225 -0.231497 0.391546 
0.400795 -0.504304 0.485867 
-0.602261 -0.231532 0.391604 
0.400795 -0.504304 0.485867 
-0.602266 -0.231543 0.391592 
0.400795 -0.504304 0.485867 
-0.60229 -0.231618 0.391692 
0.400795 -0.504304 0.485867 
-0.602302 -0.231653 0.39175 
0.400795 -0.504304 0.485867 
-0.602312 -0.231686 0.391797 
0.400795 -0.504304 0.485867 
-0.602334 -0.231753 0.391912 
0.400795 -0.504304 0.485867 
-0.602344 -0.231787 0.391967 
0.400795 -0.504304 0.485867 
-0.602347 -0.23179 0.391953 
0.400795 -0.504304 0.485867 
-0.602358 -0.231825 0.392006 
0.400795 -0.504304 0.485867 
-0.602359 -0.231828 0.392013 
0.400795 -0.504304 0.485867 
-0.602363 -0.231836 0.392008 
0.400795 -0.504304 0.485867 
-0.602363 -0.231838 0.392021 
0.400795 -0.504304 0.485867 
-0.602365 -0.231841 0.392017 
0.400795 -0.504304 0.485867 
-0.602366 -0.231843 0.392012 
0.400795 -0.504304 0.485867 
-0.602365 -0.23184 0.392022 
0.400795 -0.504304 0.485867 
-0.602365 -0.23184 0.39203 
0.400795 -0.504304 0.485867 
-0.602367 -0.231843 0.392026 
0.400795 -0.504304 0.485867 
-0.602368 -0.231847 0.392024 
0.400795 -0.504304 0.485867 
-0.602366 -0.231843 0.392033 
0.400795 -0.504304 0.485867 
-0.602366 -0.231843 0.392037 
0.400795 -0.504304 0.485867 
-0.602364 -0.231838 0.392036 
0.400795 -0.504304 0.485867 
-0.602364 -0.231837 0.392046 
0.400795 -0.504304 0.485867 
-0.602364 -0.231838 0.392049 
0.400795 -0.504304 0.485867 
-0.602364 -0.231837 0.392044 
0.400795 -0.504304 0.485867 
-0.602363 -0.231836 0.392048 
0.400795 -0.504304 0.485867 
-0.602351 -0.231798 0.392005 
0.400795 -0.504304 0.485867 
-0.60236 -0.231828 0.392066 
0.400795 -0.504304 0.485867 
-0.602347 -0.23179 0.392014 
0.400795 -0.504304 0.485867 
-0.602325 -0.231721 0.39191 
0.400795 -0.504304 0.485867 
-0.602323 -0.231719 0.391928 
0.400795 -0.504304 0.485867 
-0.602298 -0.231646 0.391832 
0.400795 -0.504304 0.485867 
-0.602275 -0.231576 0.39173 
0.400795 -0.504304 0.485867 
-0.602272 -0.231568 0.391738 
0.400795 -0.504304 0.485867 
-0.602271 -0.231567 0.391745 
0.400795 -0.504304 0.485867 
-0.602258 -0.231527 0.391698 
0.400795 -0.504304 0.485867 
-0.602255 -0.23152 0.391707 
0.400795 -0.504304 0.485867 
-0.602254 -0.231516 0.391706 
0.400795 -0.504304 0.485867 
-0.602263 -0.231549 0.391774 
0.400795 -0.504304 0.485867 
-0.60226 -0.231544 0.39179 
0.400795 -0.504304 0.485867 
-0.602259 -0.23154 0.391793 
0.400795 -0.504304 0.485867 
-0.602256 -0.231534 0.391798 
0.400795 -0.504304 0.485867 
-0.602254 -0.23153 0.3918 
0.400795 -0.504304 0.485867 
-0.602252 -0.231525 0.391807 
0.400795 -0.504304 0.485867 
-0.602253 -0.231526 0.391816 
0.400795 -0.504304 0.485867 
-0.60225 -0.231521 0.391816 
0.400795 -0.504304 0.485867 
-0.602251 -0.231523 0.391819 
0.400795 -0.504304 0.485867 
-0.60225 -0.23152 0.391809 
0.400795 -0.504304 0.485867 
-0.602251 -0.231521 0.391797 
0.400795 -0.504304 0.485867 
-0.60227 -0.231585 0.391907 
0.400795 -0.504304 0.485867 
-0.602269 -0.231582 0.391905 
0.400795 -0.504304 0.485867 
-0.602289 -0.231647 0.392022 
0.400795 -0.504304 0.485867 
-0.602276 -0.23161 0.391968 
0.400795 -0.504304 0.485867 
-0.602276 -0.231609 0.391956 
0.400795 -0.504304 0.485867 
-0.602286 -0.231642 0.392014 
0.400795 -0.504304 0.485867 
-0.602284 -0.23164 0.392021 
0.400795 -0.504304 0.485867 
-0.602284 -0.231638 0.392015 
0.400795 -0.504304 0.485867 
-0.602295 -0.231673 0.392066 
0.400795 -0.504304 0.485867 
-0.602294 -0.231671 0.392063 
0.400795 -0.504304 0.485867 
-0.602295 -0.231673 0.39207 
0.400795 -0.504304 0.485867 
-0.602304 -0.231706 0.392124 
0.400795 -0.504304 0.485867 
-0.602305 -0.231708 0.392118 
0.400795 -0.504304 0.485867 
-0.602303 -0.231705 0.392115 
0.400795 -0.504304 0.485867 
-0.602303 -0.231704 0.3921 
0.400795 -0.504304 0.485867 
-0.602291 -0.231667 0.392044 
0.400795 -0.504304 0.485867 
-0.6023 -0.231697 0.392097 
0.400795 -0.504304 0.485867 
-0.601631 -0.230508 0.390883 
0.400795 -0.504304 0.485867 
-0.600987 -0.2293 0.389703 
0.400795 -0.504304 0.485867 
-0.600373 -0.227999 0.388444 
0.400795 -0.504304 0.485867 
-0.599821 -0.226619 0.387101 
0.400795 -0.504304 0.485867 
-0.5993 -0.225163 0.385757 
0.400795 -0.504304 0.485867 
-0.598821 -0.223613 0.384311 
0.400795 -0.504304 0.485867 
-0.598386 -0.222006 0.382802 
0.400795 -0.504304 0.485867 
-0.598038 -0.220285 0.381202 
0.400795 -0.504304 0.485867 
-0.597779 -0.218488 0.379556 
0.400795 -0.504304 0.485867 
-0.597572 -0.216554 0.377792 
0.400795 -0.504304 0.485867 
-0.597408 -0.214586 0.376033 
0.400795 -0.504304 0.485867 
-0.597296 -0.212497 0.374164 
0.400795 -0.504304 0.485867 
-0.597294 -0.210369 0.372349 
0.400795 -0.504304 0.485867 
-0.597391 -0.208079 0.370327 
0.400795 -0.504304 0.485867 
-0.597553 -0.205781 0.368298 
0.400795 -0.504304 0.485867 
-0.597772 -0.203495 0.366312 
0.400795 -0.504304 0.485867 
-0.5981 -0.2011 0.364202 
0.400795 -0.504304 0.485867 
-0.598487 -0.198755 0.362207 
0.400795 -0.504304 0.485867 
-0.598931 -0.196409 0.360148 
0.400795 -0.504304 0.485867 
-0.599396 -0.194074 0.358058 
0.400795 -0.504304 0.485867 
-0.599888 -0.191825 0.356068 
0.400795 -0.504304 0.485867 
-0.600409 -0.189598 0.354041 
0.400795 -0.504304 0.485867 
-0.600957 -0.187374 0.352065 
0.400795 -0.504304 0.485867 
-0.601542 -0.185159 0.350032 
0.400795 -0.504304 0.485867 
-0.602125 -0.182993 0.348026 
0.400795 -0.504304 0.485867 
-0.602997 -0.181394 0.346575 
0.400795 -0.504304 0.485867 
-0.604103 -0.180404 0.345726 
0.400795 -0.504304 0.485867 
-0.605137 -0.179485 0.345065 
0.400795 -0.504304 0.485867 
-0.606071 -0.178743 0.344498 
0.400795 -0.504304 0.485867 
-0.606897 -0.178146 0.343917 
0.400795 -0.504304 0.485867 
-0.607597 -0.177792 0.343578 
0.400795 -0.504304 0.485867 
-0.608173 -0.177567 0.343351 
0.400795 -0.504304 0.485867 
-0.608669 -0.177469 0.343126 
0.400795 -0.504304 0.485867 
-0.608943 -0.177643 0.343104 
0.400795 -0.504304 0.485867 
-0.609057 -0.178056 0.343221 
0.400795 -0.504304 0.485867 
-0.609129 -0.178554 0.34333 
0.400795 -0.504304 0.485867 
-0.609116 -0.179248 0.343555 
0.400795 -0.504304 0.485867 
-0.609018 -0.180117 0.343932 
0.400795 -0.504304 0.485867 
-0.608708 -0.181292 0.344442 
0.400795 -0.504304 0.485867 
-0.60831 -0.182574 0.345009 
0.400795 -0.504304 0.485867 
-0.607817 -0.184077 0.345762 
0.400795 -0.504304 0.485867 
-0.6073 -0.185641 0.346326 
0.400795 -0.504304 0.485867 
-0.606647 -0.187495 0.347049 
0.400795 -0.504304 0.485867 
-0.605943 -0.18947 0.347743 
0.400795 -0.504304 0.485867 
-0.60523 -0.191613 0.348464 
0.400795 -0.504304 0.485867 
-0.604508 -0.193807 0.349127 
0.400795 -0.504304 0.485867 
-0.603809 -0.196106 0.349813 
0.400795 -0.504304 0.485867 
-0.603106 -0.198512 0.350386 
0.400795 -0.504304 0.485867 
-0.602426 -0.201015 0.350812 
0.400795 -0.504304 0.485867 
-0.601772 -0.203555 0.351282 
0.400795 -0.504304 0.485867 
-0.60115 -0.206114 0.351714 
0.400795 -0.504304 0.485867 
-0.600511 -0.208747 0.352154 
0.400795 -0.504304 0.485867 
-0.599937 -0.211371 0.352435 
0.400795 -0.504304 0.485867 
-0.599391 -0.213996 0.352767 
0.400795 -0.504304 0.485867 
-0.598896 -0.216602 0.353214 
0.400795 -0.504304 0.485867 
-0.598468 -0.218983 0.353395 
0.400795 -0.504304 0.485867 
-0.598118 -0.221434 0.353558 
0.400795 -0.504304 0.485867 
-0.597804 -0.223806 0.353694 
0.400795 -0.504304 0.485867 
-0.597541 -0.226084 0.353836 
0.400795 -0.504304 0.485867 
-0.597361 -0.228126 0.3538 
0.400795 -0.504304 0.485867 
-0.597197 -0.230214 0.353889 
0.400795 -0.504304 0.485867 
-0.59708 -0.232118 0.353881 
0.400795 -0.504304 0.485867 
-0.596962 -0.234054 0.353884 
0.400795 -0.504304 0.485867 
