-0.614917 -0.249047 0.381629 
0.400795 -0.504304 0.485867 
-0.614917 -0.249048 0.381629 
0.400795 -0.504304 0.485867 
-0.614729 -0.249113 0.379701 
0.400795 -0.504304 0.485867 
-0.614549 -0.24964 0.380004 
0.400795 -0.504304 0.485867 
-0.614299 -0.249704 0.38076 
0.400795 -0.504304 0.485867 
-0.614034 -0.249605 0.380995 
0.400795 -0.504304 0.485867 
-0.613483 -0.250979 0.381452 
0.400795 -0.504304 0.485867 
-0.613042 -0.25222 0.381321 
0.400795 -0.504304 0.485867 
-0.612595 -0.253087 0.380823 
0.400795 -0.504304 0.485867 
-0.611448 -0.253536 0.380208 
0.400795 -0.504304 0.485867 
-0.609959 -0.253716 0.380154 
0.400795 -0.504304 0.485867 
-0.608701 -0.253768 0.380493 
0.400795 -0.504304 0.485867 
-0.607791 -0.253977 0.380437 
0.400795 -0.504304 0.485867 
-0.607017 -0.254146 0.379897 
0.400795 -0.504304 0.485867 
-0.606291 -0.254116 0.379896 
0.400795 -0.504304 0.485867 
-0.605752 -0.254119 0.380013 
0.400795 -0.504304 0.485867 
-0.605295 -0.254338 0.379801 
0.400795 -0.504304 0.485867 
-0.604917 -0.254545 0.379666 
0.400795 -0.504304 0.485867 
-0.604751 -0.254403 0.37942 
0.400795 -0.504304 0.485867 
-0.604208 -0.254409 0.379353 
0.400795 -0.504304 0.485867 
-0.603883 -0.254527 0.378958 
0.400795 -0.504304 0.485867 
-0.603703 -0.2546 0.378917 
0.400795 -0.504304 0.485867 
-0.603453 -0.254551 0.378734 
0.400795 -0.504304 0.485867 
-0.603243 -0.254501 0.378719 
0.400795 -0.504304 0.485867 
-0.603039 -0.254648 0.37886 
0.400795 -0.504304 0.485867 
-0.602725 -0.254468 0.378961 
0.400795 -0.504304 0.485867 
-0.602775 -0.254488 0.378289 
0.400795 -0.504304 0.485867 
-0.602617 -0.254411 0.378412 
0.400795 -0.504304 0.485867 
-0.602079 -0.254687 0.378183 
0.400795 -0.504304 0.485867 
-0.601368 -0.254915 0.37837 
0.400795 -0.504304 0.485867 
-0.600725 -0.25505 0.378544 
0.400795 -0.504304 0.485867 
-0.600105 -0.255026 0.378565 
0.400795 -0.504304 0.485867 
-0.599622 -0.25501 0.378216 
0.400795 -0.504304 0.485867 
-0.599174 -0.254878 0.378441 
0.400795 -0.504304 0.485867 
-0.59902 -0.25476 0.378284 
0.400795 -0.504304 0.485867 
-0.598678 -0.255021 0.378845 
0.400795 -0.504304 0.485867 
-0.598868 -0.255171 0.378168 
0.400795 -0.504304 0.485867 
-0.598918 -0.254771 0.377872 
0.400795 -0.504304 0.485867 
-0.598895 -0.254993 0.377933 
0.400795 -0.504304 0.485867 
-0.59879 -0.254802 0.377721 
0.400795 -0.504304 0.485867 
-0.598791 -0.25494 0.378063 
0.400795 -0.504304 0.485867 
-0.598937 -0.255027 0.377194 
0.400795 -0.504304 0.485867 
-0.59906 -0.254916 0.377094 
0.400795 -0.504304 0.485867 
-0.598891 -0.254961 0.377577 
0.400795 -0.504304 0.485867 
-0.598766 -0.255033 0.378023 
0.400795 -0.504304 0.485867 
-0.598724 -0.255182 0.378018 
0.400795 -0.504304 0.485867 
-0.598807 -0.255001 0.377725 
0.400795 -0.504304 0.485867 
-0.598768 -0.254726 0.377855 
0.400795 -0.504304 0.485867 
-0.59879 -0.254984 0.377847 
0.400795 -0.504304 0.485867 
-0.598744 -0.254969 0.37793 
0.400795 -0.504304 0.485867 
-0.59874 -0.25497 0.378008 
0.400795 -0.504304 0.485867 
-0.598773 -0.255249 0.37791 
0.400795 -0.504304 0.485867 
-0.598837 -0.255076 0.377653 
0.400795 -0.504304 0.485867 
-0.598687 -0.255134 0.378097 
0.400795 -0.504304 0.485867 
-0.598847 -0.255076 0.377821 
0.400795 -0.504304 0.485867 
-0.598917 -0.255334 0.377669 
0.400795 -0.504304 0.485867 
-0.598829 -0.255368 0.377826 
0.400795 -0.504304 0.485867 
-0.598878 -0.25505 0.37795 
0.400795 -0.504304 0.485867 
-0.598931 -0.255156 0.378049 
0.400795 -0.504304 0.485867 
-0.598828 -0.254941 0.378174 
0.400795 -0.504304 0.485867 
-0.598871 -0.255003 0.378014 
0.400795 -0.504304 0.485867 
-0.598913 -0.255034 0.378078 
0.400795 -0.504304 0.485867 
-0.598943 -0.255267 0.377942 
0.400795 -0.504304 0.485867 
-0.598838 -0.25524 0.378165 
0.400795 -0.504304 0.485867 
-0.598822 -0.255171 0.378397 
0.400795 -0.504304 0.485867 
-0.598923 -0.255223 0.37823 
0.400795 -0.504304 0.485867 
-0.598818 -0.255249 0.378304 
0.400795 -0.504304 0.485867 
-0.598862 -0.255244 0.378363 
0.400795 -0.504304 0.485867 
-0.598794 -0.255222 0.378515 
0.400795 -0.504304 0.485867 
-0.598865 -0.255192 0.378239 
0.400795 -0.504304 0.485867 
-0.598892 -0.255158 0.37843 
0.400795 -0.504304 0.485867 
-0.598901 -0.255171 0.378106 
0.400795 -0.504304 0.485867 
-0.598711 -0.255187 0.378463 
0.400795 -0.504304 0.485867 
-0.59878 -0.25514 0.378449 
0.400795 -0.504304 0.485867 
-0.598849 -0.255228 0.37827 
0.400795 -0.504304 0.485867 
-0.598745 -0.25528 0.378351 
0.400795 -0.504304 0.485867 
-0.598764 -0.255035 0.378405 
0.400795 -0.504304 0.485867 
-0.598795 -0.25527 0.378604 
0.400795 -0.504304 0.485867 
-0.598806 -0.254931 0.378465 
0.400795 -0.504304 0.485867 
-0.598669 -0.255308 0.378714 
0.400795 -0.504304 0.485867 
-0.598862 -0.255338 0.37814 
0.400795 -0.504304 0.485867 
-0.598925 -0.255366 0.377737 
0.400795 -0.504304 0.485867 
-0.598823 -0.255105 0.378005 
0.400795 -0.504304 0.485867 
-0.598861 -0.255047 0.377881 
0.400795 -0.504304 0.485867 
-0.598756 -0.255168 0.377934 
0.400795 -0.504304 0.485867 
-0.598937 -0.255112 0.377811 
0.400795 -0.504304 0.485867 
-0.598863 -0.255163 0.378006 
0.400795 -0.504304 0.485867 
-0.598897 -0.254981 0.377507 
0.400795 -0.504304 0.485867 
-0.598851 -0.255002 0.37767 
0.400795 -0.504304 0.485867 
-0.598781 -0.254967 0.37789 
0.400795 -0.504304 0.485867 
-0.598799 -0.254776 0.378016 
0.400795 -0.504304 0.485867 
-0.598792 -0.254959 0.378058 
0.400795 -0.504304 0.485867 
-0.598752 -0.254854 0.378175 
0.400795 -0.504304 0.485867 
-0.598762 -0.255093 0.377997 
0.400795 -0.504304 0.485867 
-0.59878 -0.255212 0.377911 
0.400795 -0.504304 0.485867 
-0.598699 -0.255169 0.378019 
0.400795 -0.504304 0.485867 
-0.598772 -0.255049 0.378122 
0.400795 -0.504304 0.485867 
-0.598664 -0.254862 0.378119 
0.400795 -0.504304 0.485867 
-0.598707 -0.25481 0.37826 
0.400795 -0.504304 0.485867 
-0.598727 -0.25499 0.378277 
0.400795 -0.504304 0.485867 
-0.598769 -0.254807 0.377901 
0.400795 -0.504304 0.485867 
-0.598785 -0.255158 0.378198 
0.400795 -0.504304 0.485867 
-0.598962 -0.255096 0.377904 
0.400795 -0.504304 0.485867 
-0.598877 -0.254993 0.378126 
0.400795 -0.504304 0.485867 
-0.598749 -0.254865 0.378376 
0.400795 -0.504304 0.485867 
-0.598728 -0.254799 0.378322 
0.400795 -0.504304 0.485867 
-0.598781 -0.255008 0.378252 
0.400795 -0.504304 0.485867 
-0.598711 -0.255005 0.378399 
0.400795 -0.504304 0.485867 
-0.598771 -0.254797 0.378332 
0.400795 -0.504304 0.485867 
-0.598739 -0.255108 0.378401 
0.400795 -0.504304 0.485867 
-0.598759 -0.254973 0.378401 
0.400795 -0.504304 0.485867 
-0.598757 -0.254784 0.378469 
0.400795 -0.504304 0.485867 
-0.598873 -0.255059 0.378319 
0.400795 -0.504304 0.485867 
-0.598753 -0.255111 0.378416 
0.400795 -0.504304 0.485867 
-0.598815 -0.255018 0.378262 
0.400795 -0.504304 0.485867 
-0.598786 -0.25506 0.378315 
0.400795 -0.504304 0.485867 
-0.59878 -0.255238 0.378195 
0.400795 -0.504304 0.485867 
-0.598808 -0.255085 0.378173 
0.400795 -0.504304 0.485867 
-0.598308 -0.254109 0.376971 
0.400795 -0.504304 0.485867 
-0.597681 -0.252875 0.376015 
0.400795 -0.504304 0.485867 
-0.59733 -0.251485 0.374579 
0.400795 -0.504304 0.485867 
-0.596871 -0.249934 0.373267 
0.400795 -0.504304 0.485867 
-0.59645 -0.248426 0.371832 
0.400795 -0.504304 0.485867 
-0.596118 -0.247172 0.37051 
0.400795 -0.504304 0.485867 
-0.595785 -0.245722 0.368953 
0.400795 -0.504304 0.485867 
-0.595515 -0.243812 0.367496 
0.400795 -0.504304 0.485867 
-0.595427 -0.242073 0.3658 
0.400795 -0.504304 0.485867 
-0.595558 -0.239981 0.363906 
0.400795 -0.504304 0.485867 
-0.595497 -0.238092 0.362325 
0.400795 -0.504304 0.485867 
-0.59553 -0.235974 0.360471 
0.400795 -0.504304 0.485867 
-0.595612 -0.233747 0.3588 
0.400795 -0.504304 0.485867 
-0.595922 -0.231875 0.356701 
0.400795 -0.504304 0.485867 
-0.596126 -0.229655 0.354916 
0.400795 -0.504304 0.485867 
-0.596448 -0.227155 0.353274 
0.400795 -0.504304 0.485867 
-0.597067 -0.224719 0.351066 
0.400795 -0.504304 0.485867 
-0.597863 -0.222177 0.348885 
0.400795 -0.504304 0.485867 
-0.598318 -0.219581 0.347447 
0.400795 -0.504304 0.485867 
-0.599007 -0.217737 0.345096 
0.400795 -0.504304 0.485867 
-0.599677 -0.21533 0.343339 
0.400795 -0.504304 0.485867 
-0.600254 -0.213282 0.341466 
0.400795 -0.504304 0.485867 
-0.601039 -0.211243 0.339378 
0.400795 -0.504304 0.485867 
-0.601885 -0.209092 0.337365 
0.400795 -0.504304 0.485867 
-0.602506 -0.206971 0.335638 
0.400795 -0.504304 0.485867 
-0.603702 -0.205157 0.334104 
0.400795 -0.504304 0.485867 
-0.604789 -0.204305 0.333451 
0.400795 -0.504304 0.485867 
-0.605904 -0.203061 0.333015 
0.400795 -0.504304 0.485867 
-0.606913 -0.20236 0.332444 
0.400795 -0.504304 0.485867 
-0.607979 -0.201929 0.331631 
0.400795 -0.504304 0.485867 
-0.608619 -0.201555 0.331525 
0.400795 -0.504304 0.485867 
-0.609262 -0.201282 0.331282 
0.400795 -0.504304 0.485867 
-0.609687 -0.201309 0.331055 
0.400795 -0.504304 0.485867 
-0.609795 -0.202149 0.330889 
0.400795 -0.504304 0.485867 
-0.609863 -0.20213 0.331287 
0.400795 -0.504304 0.485867 
-0.609984 -0.202546 0.331415 
0.400795 -0.504304 0.485867 
-0.609776 -0.203466 0.331675 
0.400795 -0.504304 0.485867 
-0.609717 -0.204365 0.33189 
0.400795 -0.504304 0.485867 
-0.609478 -0.205313 0.332287 
0.400795 -0.504304 0.485867 
-0.60913 -0.20651 0.332714 
0.400795 -0.504304 0.485867 
-0.608936 -0.207757 0.333072 
0.400795 -0.504304 0.485867 
-0.608062 -0.2093 0.333874 
0.400795 -0.504304 0.485867 
-0.607269 -0.211193 0.334555 
0.400795 -0.504304 0.485867 
-0.606473 -0.21314 0.335245 
0.400795 -0.504304 0.485867 
-0.60568 -0.215325 0.335848 
0.400795 -0.504304 0.485867 
-0.604841 -0.217407 0.336454 
0.400795 -0.504304 0.485867 
-0.603957 -0.219567 0.337252 
0.400795 -0.504304 0.485867 
-0.603295 -0.22211 0.337475 
0.400795 -0.504304 0.485867 
