-0.597268 -0.255126 0.407261 
0.37861 -0.493254 0.440473 
-0.597268 -0.255126 0.407261 
0.375447 -0.493604 0.443704 
-0.597268 -0.255126 0.407261 
0.377349 -0.493387 0.441072 
-0.597268 -0.255126 0.407261 
0.377541 -0.493473 0.441087 
-0.597268 -0.255126 0.407261 
0.377651 -0.493855 0.440517 
-0.597268 -0.255126 0.407261 
0.377522 -0.493842 0.440915 
-0.597268 -0.255126 0.407261 
0.378026 -0.495326 0.44164 
-0.597268 -0.255126 0.407261 
0.378193 -0.496441 0.440736 
-0.597268 -0.255126 0.407261 
0.378545 -0.497429 0.437909 
-0.597268 -0.255126 0.407261 
0.379019 -0.497884 0.439405 
-0.597268 -0.255126 0.407261 
0.379358 -0.498545 0.439432 
-0.597268 -0.255126 0.407261 
0.379415 -0.499252 0.438557 
-0.597268 -0.255126 0.407261 
0.37929 -0.4998 0.437622 
-0.597268 -0.255126 0.407261 
0.379354 -0.500084 0.438066 
-0.597268 -0.255126 0.407261 
0.379091 -0.50092 0.435471 
-0.597268 -0.255126 0.407261 
0.379017 -0.501633 0.435236 
-0.597268 -0.255126 0.407261 
0.379138 -0.503124 0.436411 
-0.597268 -0.255126 0.407261 
0.379489 -0.504083 0.436199 
-0.597268 -0.255126 0.407261 
0.379628 -0.505747 0.438426 
-0.597268 -0.255126 0.407261 
0.379091 -0.506904 0.436809 
-0.597268 -0.255126 0.407261 
0.378583 -0.506973 0.437014 
-0.597268 -0.255126 0.407261 
0.37814 -0.508665 0.438922 
-0.597268 -0.255126 0.407261 
0.432593 -0.491388 0.477209 
-0.597268 -0.255126 0.407261 
0.434113 -0.494672 0.47652 
-0.597268 -0.255126 0.407261 
0.434349 -0.49517 0.472941 
-0.597268 -0.255126 0.407261 
0.434864 -0.49619 0.473282 
