-0.597268 -0.255126 0.407261 
0.404809 -0.482006 0.477907 
-0.597268 -0.255126 0.407261 
0.404809 -0.482006 0.477907 
-0.597268 -0.255126 0.407261 
0.401849 -0.482815 0.478055 
-0.597268 -0.255126 0.407261 
0.401284 -0.483104 0.476561 
-0.597268 -0.255126 0.407261 
0.401356 -0.48528 0.47589 
-0.597268 -0.255126 0.407261 
0.40226 -0.48646 0.475229 
-0.597268 -0.255126 0.407261 
0.40266 -0.488591 0.475362 
-0.597268 -0.255126 0.407261 
0.402593 -0.489169 0.474962 
-0.597268 -0.255126 0.407261 
0.402802 -0.49004 0.476622 
-0.597268 -0.255126 0.407261 
0.402586 -0.490926 0.47567 
-0.597268 -0.255126 0.407261 
0.402085 -0.491379 0.474148 
-0.597268 -0.255126 0.407261 
0.402037 -0.492305 0.474051 
-0.597268 -0.255126 0.407261 
0.40212 -0.493401 0.474214 
-0.597268 -0.255126 0.407261 
0.401974 -0.493962 0.474026 
-0.597268 -0.255126 0.407261 
0.402229 -0.495838 0.474283 
-0.597268 -0.255126 0.407261 
0.402465 -0.497028 0.475464 
-0.597268 -0.255126 0.407261 
0.402154 -0.497293 0.474633 
-0.597268 -0.255126 0.407261 
0.401733 -0.498171 0.474026 
-0.597268 -0.255126 0.407261 
0.401165 -0.49887 0.473649 
-0.597268 -0.255126 0.407261 
0.400688 -0.500358 0.473074 
-0.597268 -0.255126 0.407261 
0.400695 -0.500782 0.473853 
-0.597268 -0.255126 0.407261 
0.400591 -0.501659 0.474056 
-0.597268 -0.255126 0.407261 
0.400679 -0.501849 0.473629 
-0.597268 -0.255126 0.407261 
0.401509 -0.501539 0.474726 
-0.597268 -0.255126 0.407261 
0.403124 -0.500621 0.476899 
-0.597268 -0.255126 0.407261 
0.405315 -0.499241 0.478185 
-0.597268 -0.255126 0.407261 
0.407797 -0.498264 0.478164 
-0.597268 -0.255126 0.407261 
0.411314 -0.49695 0.480435 
-0.597268 -0.255126 0.407261 
0.4139 -0.495816 0.480644 
-0.597268 -0.255126 0.407261 
0.416926 -0.495008 0.482467 
-0.597268 -0.255126 0.407261 
0.420272 -0.494124 0.482675 
-0.597268 -0.255126 0.407261 
0.423315 -0.492649 0.483104 
-0.597268 -0.255126 0.407261 
0.426875 -0.490715 0.484654 
-0.597268 -0.255126 0.407261 
0.430081 -0.490429 0.485395 
-0.597268 -0.255126 0.407261 
0.433263 -0.488783 0.486313 
-0.597268 -0.255126 0.407261 
0.43561 -0.487305 0.486146 
-0.597268 -0.255126 0.407261 
0.438044 -0.486998 0.486374 
-0.597268 -0.255126 0.407261 
0.440105 -0.486691 0.487724 
-0.597268 -0.255126 0.407261 
0.440589 -0.486741 0.487093 
-0.597268 -0.255126 0.407261 
0.441029 -0.486841 0.487627 
-0.597268 -0.255126 0.407261 
0.441242 -0.48628 0.488457 
