-0.60637 -0.219987 0.447037 
0.400795 -0.504304 0.485867 
-0.60637 -0.219987 0.447037 
0.400795 -0.504304 0.485867 
-0.606297 -0.224461 0.447847 
0.400795 -0.504304 0.485867 
-0.606263 -0.226399 0.448484 
0.400795 -0.504304 0.485867 
-0.60627 -0.226894 0.448465 
0.400795 -0.504304 0.485867 
-0.606184 -0.227315 0.448237 
0.400795 -0.504304 0.485867 
-0.6062 -0.227115 0.448444 
0.400795 -0.504304 0.485867 
-0.606206 -0.227089 0.448435 
0.400795 -0.504304 0.485867 
-0.606196 -0.227106 0.448532 
0.400795 -0.504304 0.485867 
-0.606226 -0.227201 0.448479 
0.400795 -0.504304 0.485867 
-0.606235 -0.227103 0.448477 
0.400795 -0.504304 0.485867 
-0.606299 -0.227108 0.448549 
0.400795 -0.504304 0.485867 
-0.606545 -0.227072 0.448516 
0.400795 -0.504304 0.485867 
-0.606866 -0.227138 0.448506 
0.400795 -0.504304 0.485867 
-0.607346 -0.227151 0.448388 
0.400795 -0.504304 0.485867 
-0.607844 -0.227212 0.448428 
0.400795 -0.504304 0.485867 
-0.608449 -0.227175 0.448422 
0.400795 -0.504304 0.485867 
-0.609095 -0.227093 0.448332 
0.400795 -0.504304 0.485867 
-0.609778 -0.227101 0.448274 
0.400795 -0.504304 0.485867 
-0.610628 -0.227104 0.448146 
0.400795 -0.504304 0.485867 
-0.611337 -0.227088 0.447907 
0.400795 -0.504304 0.485867 
-0.612066 -0.227163 0.448034 
0.400795 -0.504304 0.485867 
-0.612866 -0.227216 0.44792 
0.400795 -0.504304 0.485867 
-0.613811 -0.227125 0.44777 
0.400795 -0.504304 0.485867 
-0.614649 -0.227217 0.447672 
0.400795 -0.504304 0.485867 
-0.615509 -0.227121 0.447545 
0.400795 -0.504304 0.485867 
-0.616294 -0.227167 0.447475 
0.400795 -0.504304 0.485867 
-0.617104 -0.227205 0.447403 
0.400795 -0.504304 0.485867 
-0.61837 -0.227186 0.447293 
0.400795 -0.504304 0.485867 
-0.619713 -0.227111 0.447068 
0.400795 -0.504304 0.485867 
-0.621227 -0.227147 0.446897 
0.400795 -0.504304 0.485867 
-0.622726 -0.227283 0.44672 
0.400795 -0.504304 0.485867 
-0.624319 -0.227286 0.446566 
0.400795 -0.504304 0.485867 
-0.626006 -0.227249 0.446517 
0.400795 -0.504304 0.485867 
-0.627791 -0.227279 0.446316 
0.400795 -0.504304 0.485867 
-0.62966 -0.227173 0.446147 
0.400795 -0.504304 0.485867 
-0.631658 -0.227152 0.445857 
0.400795 -0.504304 0.485867 
-0.633528 -0.227281 0.445924 
0.400795 -0.504304 0.485867 
-0.6355 -0.227171 0.445786 
0.400795 -0.504304 0.485867 
-0.63743 -0.227321 0.445546 
0.400795 -0.504304 0.485867 
-0.639417 -0.227094 0.445332 
0.400795 -0.504304 0.485867 
-0.641129 -0.22722 0.445287 
0.400795 -0.504304 0.485867 
-0.642797 -0.227197 0.445091 
0.400795 -0.504304 0.485867 
-0.644394 -0.227263 0.445133 
0.400795 -0.504304 0.485867 
-0.645979 -0.227243 0.444982 
0.400795 -0.504304 0.485867 
-0.647427 -0.227187 0.444895 
0.400795 -0.504304 0.485867 
-0.648777 -0.227178 0.444941 
0.400795 -0.504304 0.485867 
-0.650063 -0.227198 0.444926 
0.400795 -0.504304 0.485867 
-0.651263 -0.227196 0.444825 
0.400795 -0.504304 0.485867 
