-0.616471 -0.217959 0.3803 
0.400795 -0.504304 0.485867 
-0.616471 -0.217959 0.380301 
0.400795 -0.504304 0.485867 
-0.613349 -0.216505 0.382808 
0.400795 -0.504304 0.485867 
-0.611843 -0.216368 0.383862 
0.400795 -0.504304 0.485867 
-0.611371 -0.216298 0.384173 
0.400795 -0.504304 0.485867 
-0.610994 -0.216035 0.384358 
0.400795 -0.504304 0.485867 
-0.610737 -0.217404 0.38433 
0.400795 -0.504304 0.485867 
-0.610174 -0.218817 0.384378 
0.400795 -0.504304 0.485867 
-0.609542 -0.219332 0.384194 
0.400795 -0.504304 0.485867 
-0.608466 -0.219811 0.383702 
0.400795 -0.504304 0.485867 
-0.607069 -0.220081 0.383395 
0.400795 -0.504304 0.485867 
-0.6058 -0.219998 0.383229 
0.400795 -0.504304 0.485867 
-0.604731 -0.220459 0.383232 
0.400795 -0.504304 0.485867 
-0.604095 -0.22069 0.382948 
0.400795 -0.504304 0.485867 
-0.603305 -0.220539 0.383103 
0.400795 -0.504304 0.485867 
-0.602905 -0.220613 0.382899 
0.400795 -0.504304 0.485867 
-0.602385 -0.220806 0.382786 
0.400795 -0.504304 0.485867 
-0.601838 -0.220781 0.382901 
0.400795 -0.504304 0.485867 
-0.601411 -0.220926 0.382817 
0.400795 -0.504304 0.485867 
-0.601051 -0.221019 0.38279 
0.400795 -0.504304 0.485867 
-0.6009 -0.220959 0.382631 
0.400795 -0.504304 0.485867 
-0.600555 -0.220997 0.382766 
0.400795 -0.504304 0.485867 
-0.600277 -0.221138 0.382625 
0.400795 -0.504304 0.485867 
-0.600197 -0.22113 0.382447 
0.400795 -0.504304 0.485867 
-0.59999 -0.221132 0.382398 
0.400795 -0.504304 0.485867 
-0.599636 -0.221148 0.382666 
0.400795 -0.504304 0.485867 
-0.599551 -0.221038 0.382603 
0.400795 -0.504304 0.485867 
-0.599417 -0.221087 0.382579 
0.400795 -0.504304 0.485867 
-0.598835 -0.221374 0.382406 
0.400795 -0.504304 0.485867 
-0.598145 -0.221414 0.382474 
0.400795 -0.504304 0.485867 
-0.597547 -0.222066 0.382448 
0.400795 -0.504304 0.485867 
-0.597058 -0.222176 0.382212 
0.400795 -0.504304 0.485867 
-0.596481 -0.221965 0.382038 
0.400795 -0.504304 0.485867 
-0.596062 -0.221764 0.381742 
0.400795 -0.504304 0.485867 
-0.595825 -0.22163 0.381813 
0.400795 -0.504304 0.485867 
-0.595719 -0.221356 0.381827 
0.400795 -0.504304 0.485867 
-0.595814 -0.221717 0.381596 
0.400795 -0.504304 0.485867 
-0.595694 -0.221538 0.381897 
0.400795 -0.504304 0.485867 
-0.595727 -0.221556 0.381884 
0.400795 -0.504304 0.485867 
-0.59576 -0.221586 0.381802 
0.400795 -0.504304 0.485867 
-0.595684 -0.221664 0.381927 
0.400795 -0.504304 0.485867 
-0.595724 -0.221696 0.38182 
0.400795 -0.504304 0.485867 
-0.595689 -0.221584 0.381934 
0.400795 -0.504304 0.485867 
-0.595717 -0.221452 0.381821 
0.400795 -0.504304 0.485867 
-0.595723 -0.221638 0.38185 
0.400795 -0.504304 0.485867 
-0.595739 -0.221742 0.381878 
0.400795 -0.504304 0.485867 
-0.595791 -0.221655 0.381764 
0.400795 -0.504304 0.485867 
-0.59571 -0.221728 0.38185 
0.400795 -0.504304 0.485867 
-0.595686 -0.221791 0.381874 
0.400795 -0.504304 0.485867 
-0.595682 -0.221933 0.381923 
0.400795 -0.504304 0.485867 
-0.595676 -0.221396 0.381892 
0.400795 -0.504304 0.485867 
-0.595703 -0.221473 0.381856 
0.400795 -0.504304 0.485867 
-0.595744 -0.221651 0.381758 
0.400795 -0.504304 0.485867 
-0.595827 -0.221696 0.381713 
0.400795 -0.504304 0.485867 
-0.595715 -0.221964 0.381891 
0.400795 -0.504304 0.485867 
-0.595767 -0.221765 0.381964 
0.400795 -0.504304 0.485867 
-0.595902 -0.221723 0.381833 
0.400795 -0.504304 0.485867 
-0.595724 -0.221957 0.382019 
0.400795 -0.504304 0.485867 
-0.595696 -0.222144 0.38233 
0.400795 -0.504304 0.485867 
-0.5957 -0.222162 0.382416 
0.400795 -0.504304 0.485867 
-0.595742 -0.222011 0.382258 
0.400795 -0.504304 0.485867 
-0.595815 -0.221999 0.382231 
0.400795 -0.504304 0.485867 
-0.595768 -0.221952 0.382323 
0.400795 -0.504304 0.485867 
-0.595878 -0.221913 0.382115 
0.400795 -0.504304 0.485867 
-0.595917 -0.222046 0.382112 
0.400795 -0.504304 0.485867 
-0.595895 -0.22196 0.382124 
0.400795 -0.504304 0.485867 
-0.595765 -0.22203 0.382366 
0.400795 -0.504304 0.485867 
-0.59577 -0.222065 0.382366 
0.400795 -0.504304 0.485867 
-0.595864 -0.221935 0.382185 
0.400795 -0.504304 0.485867 
-0.595741 -0.222081 0.382403 
0.400795 -0.504304 0.485867 
-0.595876 -0.221986 0.382244 
0.400795 -0.504304 0.485867 
-0.595877 -0.221962 0.382188 
0.400795 -0.504304 0.485867 
-0.595824 -0.221945 0.382271 
0.400795 -0.504304 0.485867 
-0.595776 -0.222029 0.382257 
0.400795 -0.504304 0.485867 
-0.595762 -0.221995 0.382387 
0.400795 -0.504304 0.485867 
-0.595725 -0.221942 0.382436 
0.400795 -0.504304 0.485867 
-0.595854 -0.221923 0.38219 
0.400795 -0.504304 0.485867 
-0.595763 -0.22207 0.382366 
0.400795 -0.504304 0.485867 
-0.595718 -0.221941 0.382374 
0.400795 -0.504304 0.485867 
-0.595809 -0.222019 0.382281 
0.400795 -0.504304 0.485867 
-0.595836 -0.22202 0.382163 
0.400795 -0.504304 0.485867 
-0.595805 -0.221986 0.382112 
0.400795 -0.504304 0.485867 
-0.595823 -0.221872 0.382114 
0.400795 -0.504304 0.485867 
-0.595774 -0.221854 0.382072 
0.400795 -0.504304 0.485867 
-0.595691 -0.221818 0.382065 
0.400795 -0.504304 0.485867 
-0.595713 -0.221879 0.382036 
0.400795 -0.504304 0.485867 
-0.595769 -0.221671 0.381926 
0.400795 -0.504304 0.485867 
-0.595824 -0.221721 0.381737 
0.400795 -0.504304 0.485867 
-0.59575 -0.221769 0.381896 
0.400795 -0.504304 0.485867 
-0.595798 -0.221817 0.381827 
0.400795 -0.504304 0.485867 
-0.595748 -0.221871 0.381975 
0.400795 -0.504304 0.485867 
-0.595709 -0.221733 0.382068 
0.400795 -0.504304 0.485867 
-0.595749 -0.221745 0.382011 
0.400795 -0.504304 0.485867 
-0.595682 -0.221926 0.382072 
0.400795 -0.504304 0.485867 
-0.59564 -0.221837 0.382171 
0.400795 -0.504304 0.485867 
-0.595673 -0.221551 0.382145 
0.400795 -0.504304 0.485867 
-0.595712 -0.221548 0.382087 
0.400795 -0.504304 0.485867 
-0.59564 -0.221569 0.382223 
0.400795 -0.504304 0.485867 
-0.595723 -0.221597 0.382118 
0.400795 -0.504304 0.485867 
-0.595565 -0.221779 0.38236 
0.400795 -0.504304 0.485867 
-0.595685 -0.221585 0.382107 
0.400795 -0.504304 0.485867 
-0.595693 -0.221924 0.382192 
0.400795 -0.504304 0.485867 
-0.595695 -0.22198 0.382245 
0.400795 -0.504304 0.485867 
-0.595795 -0.221884 0.382134 
0.400795 -0.504304 0.485867 
-0.595657 -0.221888 0.382392 
0.400795 -0.504304 0.485867 
-0.595729 -0.221812 0.382264 
0.400795 -0.504304 0.485867 
-0.595738 -0.221822 0.382259 
0.400795 -0.504304 0.485867 
-0.595762 -0.221827 0.382212 
0.400795 -0.504304 0.485867 
-0.595795 -0.221969 0.382088 
0.400795 -0.504304 0.485867 
-0.595681 -0.221756 0.382367 
0.400795 -0.504304 0.485867 
-0.595806 -0.221949 0.382203 
0.400795 -0.504304 0.485867 
-0.595787 -0.221822 0.382255 
0.400795 -0.504304 0.485867 
-0.595804 -0.221905 0.382281 
0.400795 -0.504304 0.485867 
-0.595739 -0.221946 0.382346 
0.400795 -0.504304 0.485867 
-0.595641 -0.221997 0.382533 
0.400795 -0.504304 0.485867 
-0.595655 -0.222038 0.382495 
0.400795 -0.504304 0.485867 
-0.595727 -0.221822 0.38229 
0.400795 -0.504304 0.485867 
-0.595612 -0.221781 0.382561 
0.400795 -0.504304 0.485867 
-0.59514 -0.220713 0.381091 
0.400795 -0.504304 0.485867 
-0.594511 -0.219327 0.380079 
0.400795 -0.504304 0.485867 
-0.594065 -0.217814 0.378695 
0.400795 -0.504304 0.485867 
-0.593509 -0.216671 0.377344 
0.400795 -0.504304 0.485867 
-0.593181 -0.215191 0.375835 
0.400795 -0.504304 0.485867 
-0.592739 -0.213767 0.374279 
0.400795 -0.504304 0.485867 
-0.592388 -0.211964 0.373142 
0.400795 -0.504304 0.485867 
-0.592133 -0.210335 0.371616 
0.400795 -0.504304 0.485867 
-0.59208 -0.208321 0.369871 
0.400795 -0.504304 0.485867 
-0.591924 -0.20621 0.368264 
0.400795 -0.504304 0.485867 
-0.591842 -0.204267 0.366564 
0.400795 -0.504304 0.485867 
-0.591772 -0.202293 0.364791 
0.400795 -0.504304 0.485867 
-0.591872 -0.199973 0.362964 
0.400795 -0.504304 0.485867 
-0.592175 -0.197732 0.36094 
0.400795 -0.504304 0.485867 
-0.592403 -0.195582 0.359223 
0.400795 -0.504304 0.485867 
-0.592795 -0.193142 0.35723 
0.400795 -0.504304 0.485867 
-0.593051 -0.190595 0.355484 
0.400795 -0.504304 0.485867 
-0.593659 -0.18857 0.35349 
0.400795 -0.504304 0.485867 
-0.594272 -0.186104 0.351526 
0.400795 -0.504304 0.485867 
-0.594815 -0.183769 0.349526 
0.400795 -0.504304 0.485867 
-0.595271 -0.181865 0.347754 
0.400795 -0.504304 0.485867 
-0.596031 -0.179357 0.345822 
0.400795 -0.504304 0.485867 
-0.596499 -0.17699 0.344127 
0.400795 -0.504304 0.485867 
-0.597346 -0.174545 0.342114 
0.400795 -0.504304 0.485867 
-0.597776 -0.172628 0.340573 
0.400795 -0.504304 0.485867 
-0.598812 -0.170706 0.339297 
0.400795 -0.504304 0.485867 
-0.599865 -0.169852 0.338612 
0.400795 -0.504304 0.485867 
-0.600935 -0.168928 0.338085 
0.400795 -0.504304 0.485867 
-0.601743 -0.168274 0.33755 
0.400795 -0.504304 0.485867 
-0.602619 -0.167996 0.336995 
0.400795 -0.504304 0.485867 
-0.603737 -0.16727 0.336307 
0.400795 -0.504304 0.485867 
-0.60467 -0.167452 0.33549 
0.400795 -0.504304 0.485867 
-0.604681 -0.167597 0.335832 
0.400795 -0.504304 0.485867 
-0.604923 -0.167517 0.335856 
0.400795 -0.504304 0.485867 
-0.604744 -0.16803 0.336172 
0.400795 -0.504304 0.485867 
-0.604899 -0.168966 0.33607 
0.400795 -0.504304 0.485867 
-0.605046 -0.169202 0.336314 
0.400795 -0.504304 0.485867 
-0.604941 -0.169848 0.336697 
0.400795 -0.504304 0.485867 
-0.604455 -0.170881 0.337319 
0.400795 -0.504304 0.485867 
-0.60411 -0.172323 0.337662 
0.400795 -0.504304 0.485867 
-0.603654 -0.173692 0.338253 
0.400795 -0.504304 0.485867 
-0.602978 -0.175351 0.338908 
0.400795 -0.504304 0.485867 
-0.602422 -0.177169 0.339437 
0.400795 -0.504304 0.485867 
-0.601813 -0.17914 0.340017 
0.400795 -0.504304 0.485867 
-0.60086 -0.181527 0.340625 
0.400795 -0.504304 0.485867 
-0.600092 -0.183791 0.341093 
0.400795 -0.504304 0.485867 
-0.599446 -0.186106 0.341476 
0.400795 -0.504304 0.485867 
-0.598736 -0.188146 0.341826 
0.400795 -0.504304 0.485867 
-0.598219 -0.19084 0.342023 
0.400795 -0.504304 0.485867 
-0.597328 -0.193636 0.342575 
0.400795 -0.504304 0.485867 
-0.596631 -0.195827 0.343193 
0.400795 -0.504304 0.485867 
-0.595909 -0.198428 0.343607 
0.400795 -0.504304 0.485867 
-0.595214 -0.201794 0.343867 
0.400795 -0.504304 0.485867 
-0.594877 -0.204267 0.343952 
0.400795 -0.504304 0.485867 
-0.594336 -0.206813 0.344234 
0.400795 -0.504304 0.485867 
-0.593945 -0.208733 0.344323 
0.400795 -0.504304 0.485867 
-0.593805 -0.211126 0.344099 
0.400795 -0.504304 0.485867 
-0.593443 -0.213114 0.3442 
0.400795 -0.504304 0.485867 
-0.593176 -0.215366 0.344043 
0.400795 -0.504304 0.485867 
-0.59296 -0.217584 0.344018 
0.400795 -0.504304 0.485867 
-0.59282 -0.21984 0.344123 
0.400795 -0.504304 0.485867 
-0.592626 -0.221532 0.344063 
0.400795 -0.504304 0.485867 
-0.592431 -0.223637 0.344165 
0.400795 -0.504304 0.485867 
-0.594097 -0.225822 0.343722 
0.400795 -0.504304 0.485867 
-0.593738 -0.226877 0.343854 
0.400795 -0.504304 0.485867 
-0.593844 -0.228558 0.343381 
0.400795 -0.504304 0.485867 
-0.59359 -0.229469 0.343611 
0.400795 -0.504304 0.485867 
-0.593265 -0.23108 0.343635 
0.400795 -0.504304 0.485867 
-0.594138 -0.231034 0.342046 
0.400795 -0.504304 0.485867 
-0.594494 -0.232285 0.341159 
0.400795 -0.504304 0.485867 
-0.594668 -0.234347 0.34103 
0.400795 -0.504304 0.485867 
-0.594442 -0.234228 0.341098 
0.400795 -0.504304 0.485867 
-0.594303 -0.236398 0.341496 
0.400795 -0.504304 0.485867 
-0.594171 -0.23699 0.341743 
0.400795 -0.504304 0.485867 
-0.594262 -0.23695 0.341334 
0.400795 -0.504304 0.485867 
-0.594345 -0.238179 0.341534 
0.400795 -0.504304 0.485867 
-0.594437 -0.239233 0.341532 
0.400795 -0.504304 0.485867 
-0.594569 -0.239948 0.341458 
0.400795 -0.504304 0.485867 
-0.59516 -0.241093 0.340903 
0.400795 -0.504304 0.485867 
-0.595659 -0.241382 0.340061 
0.400795 -0.504304 0.485867 
-0.596446 -0.24319 0.339334 
0.400795 -0.504304 0.485867 
-0.596624 -0.243499 0.338964 
0.400795 -0.504304 0.485867 
-0.596544 -0.244339 0.339256 
0.400795 -0.504304 0.485867 
-0.597084 -0.244934 0.33851 
0.400795 -0.504304 0.485867 
-0.596957 -0.24617 0.338859 
0.400795 -0.504304 0.485867 
-0.597457 -0.247351 0.338023 
0.400795 -0.504304 0.485867 
-0.597831 -0.248241 0.337644 
0.400795 -0.504304 0.485867 
-0.597989 -0.248448 0.337277 
0.400795 -0.504304 0.485867 
-0.596408 -0.249358 0.337181 
0.400795 -0.504304 0.485867 
-0.596579 -0.249758 0.336957 
0.400795 -0.504304 0.485867 
-0.596452 -0.250418 0.337001 
0.400795 -0.504304 0.485867 
-0.596513 -0.250552 0.33665 
0.400795 -0.504304 0.485867 
-0.59667 -0.251882 0.336469 
0.400795 -0.504304 0.485867 
-0.596904 -0.252994 0.336287 
0.400795 -0.504304 0.485867 
-0.596877 -0.253691 0.336111 
0.400795 -0.504304 0.485867 
-0.596876 -0.254548 0.335947 
0.400795 -0.504304 0.485867 
-0.596875 -0.255205 0.335789 
0.400795 -0.504304 0.485867 
-0.596706 -0.255325 0.335714 
0.400795 -0.504304 0.485867 
-0.59657 -0.25589 0.335672 
0.400795 -0.504304 0.485867 
-0.596338 -0.256196 0.335648 
0.400795 -0.504304 0.485867 
-0.596186 -0.256499 0.33557 
0.400795 -0.504304 0.485867 
-0.59599 -0.256737 0.3355 
0.400795 -0.504304 0.485867 
-0.595721 -0.256682 0.335404 
0.400795 -0.504304 0.485867 
-0.59566 -0.256386 0.334975 
0.400795 -0.504304 0.485867 
-0.595262 -0.256342 0.33509 
0.400795 -0.504304 0.485867 
-0.594937 -0.256338 0.335032 
0.400795 -0.504304 0.485867 
-0.594453 -0.256121 0.335167 
0.400795 -0.504304 0.485867 
-0.59427 -0.256656 0.335191 
0.400795 -0.504304 0.485867 
-0.593947 -0.256589 0.33523 
0.400795 -0.504304 0.485867 
-0.593404 -0.256604 0.335438 
0.400795 -0.504304 0.485867 
-0.592867 -0.256819 0.335502 
0.400795 -0.504304 0.485867 
-0.592266 -0.256345 0.335723 
0.400795 -0.504304 0.485867 
-0.591548 -0.255529 0.335735 
0.400795 -0.504304 0.485867 
-0.591095 -0.255213 0.335606 
0.400795 -0.504304 0.485867 
-0.590552 -0.255167 0.335356 
0.400795 -0.504304 0.485867 
-0.590382 -0.255769 0.334874 
0.400795 -0.504304 0.485867 
-0.589898 -0.255589 0.334511 
0.400795 -0.504304 0.485867 
-0.589601 -0.256088 0.334479 
0.400795 -0.504304 0.485867 
-0.589254 -0.256584 0.334398 
0.400795 -0.504304 0.485867 
-0.588942 -0.257113 0.334601 
0.400795 -0.504304 0.485867 
-0.5884 -0.257346 0.33475 
0.400795 -0.504304 0.485867 
-0.588316 -0.257585 0.33447 
0.400795 -0.504304 0.485867 
-0.58804 -0.258433 0.334752 
0.400795 -0.504304 0.485867 
-0.588016 -0.258993 0.334647 
0.400795 -0.504304 0.485867 
-0.588057 -0.259599 0.33419 
0.400795 -0.504304 0.485867 
-0.58789 -0.260078 0.334211 
0.400795 -0.504304 0.485867 
-0.587613 -0.260289 0.33408 
0.400795 -0.504304 0.485867 
-0.587517 -0.260664 0.333848 
0.400795 -0.504304 0.485867 
-0.587326 -0.261238 0.333792 
0.400795 -0.504304 0.485867 
-0.587267 -0.261641 0.333604 
0.400795 -0.504304 0.485867 
-0.587134 -0.262054 0.33338 
0.400795 -0.504304 0.485867 
-0.586949 -0.26224 0.333319 
0.400795 -0.504304 0.485867 
-0.586806 -0.262237 0.333005 
0.400795 -0.504304 0.485867 
-0.586595 -0.262938 0.333365 
0.400795 -0.504304 0.485867 
-0.586574 -0.263082 0.332994 
0.400795 -0.504304 0.485867 
-0.586485 -0.263447 0.333138 
0.400795 -0.504304 0.485867 
-0.586417 -0.263737 0.332999 
0.400795 -0.504304 0.485867 
-0.586391 -0.264393 0.333033 
0.400795 -0.504304 0.485867 
-0.586259 -0.264386 0.333029 
0.400795 -0.504304 0.485867 
-0.586464 -0.265011 0.333061 
0.400795 -0.504304 0.485867 
-0.586495 -0.264725 0.332863 
0.400795 -0.504304 0.485867 
