-0.594534 -0.196822 0.482088 
0.400795 -0.504304 0.485867 
-0.594533 -0.196822 0.482088 
0.400795 -0.504304 0.485867 
-0.594533 -0.196822 0.482088 
0.400795 -0.504304 0.485867 
-0.588882 -0.22082 0.459309 
0.400795 -0.504304 0.485867 
-0.590002 -0.242019 0.43667 
0.400795 -0.504304 0.485867 
-0.595859 -0.259156 0.416408 
0.400795 -0.504304 0.485867 
-0.604392 -0.273843 0.401195 
0.400795 -0.504304 0.485867 
-0.603352 -0.276691 0.405131 
0.400795 -0.504304 0.485867 
-0.601003 -0.275275 0.413026 
0.400795 -0.504304 0.485867 
-0.60026 -0.272807 0.418451 
0.400795 -0.504304 0.485867 
-0.600349 -0.270811 0.421978 
0.400795 -0.504304 0.485867 
-0.600643 -0.268997 0.424292 
0.400795 -0.504304 0.485867 
-0.600887 -0.268866 0.424981 
0.400795 -0.504304 0.485867 
-0.600927 -0.268886 0.424897 
0.400795 -0.504304 0.485867 
-0.600947 -0.268835 0.42405 
0.400795 -0.504304 0.485867 
-0.600862 -0.269012 0.424108 
0.400795 -0.504304 0.485867 
-0.600935 -0.269346 0.424004 
0.400795 -0.504304 0.485867 
-0.600934 -0.269379 0.423842 
0.400795 -0.504304 0.485867 
-0.600813 -0.268704 0.424379 
0.400795 -0.504304 0.485867 
-0.600597 -0.268001 0.424308 
0.400795 -0.504304 0.485867 
-0.600229 -0.267844 0.42416 
0.400795 -0.504304 0.485867 
-0.599711 -0.26753 0.424678 
0.400795 -0.504304 0.485867 
-0.599103 -0.266158 0.425095 
0.400795 -0.504304 0.485867 
-0.598459 -0.26434 0.42532 
0.400795 -0.504304 0.485867 
-0.59791 -0.262726 0.424395 
0.400795 -0.504304 0.485867 
-0.597289 -0.260352 0.424874 
0.400795 -0.504304 0.485867 
-0.596782 -0.25797 0.424765 
0.400795 -0.504304 0.485867 
-0.596184 -0.254219 0.424878 
0.400795 -0.504304 0.485867 
-0.595684 -0.251943 0.424628 
0.400795 -0.504304 0.485867 
