-0.637876 -0.253362 0.373348 
0.400795 -0.504304 0.485867 
-0.637876 -0.253362 0.373348 
0.400795 -0.504304 0.485867 
-0.638388 -0.253302 0.373866 
0.400795 -0.504304 0.485867 
-0.638766 -0.253885 0.374115 
0.400795 -0.504304 0.485867 
-0.639002 -0.254555 0.373805 
0.400795 -0.504304 0.485867 
-0.638673 -0.254236 0.373591 
0.400795 -0.504304 0.485867 
-0.636873 -0.253414 0.374188 
0.400795 -0.504304 0.485867 
-0.633917 -0.252478 0.375185 
0.400795 -0.504304 0.485867 
-0.629972 -0.251018 0.376231 
0.400795 -0.504304 0.485867 
-0.626796 -0.249869 0.37704 
0.400795 -0.504304 0.485867 
-0.624305 -0.248971 0.377692 
0.400795 -0.504304 0.485867 
-0.622302 -0.248251 0.378218 
0.400795 -0.504304 0.485867 
-0.620654 -0.247657 0.378645 
0.400795 -0.504304 0.485867 
-0.619275 -0.247155 0.378994 
0.400795 -0.504304 0.485867 
-0.617325 -0.246471 0.379524 
0.400795 -0.504304 0.485867 
-0.614574 -0.245582 0.380257 
0.400795 -0.504304 0.485867 
-0.611795 -0.244481 0.380889 
0.400795 -0.504304 0.485867 
-0.609001 -0.24337 0.381717 
0.400795 -0.504304 0.485867 
-0.606439 -0.242577 0.382434 
0.400795 -0.504304 0.485867 
-0.604698 -0.241914 0.382831 
0.400795 -0.504304 0.485867 
-0.603783 -0.241579 0.382946 
0.400795 -0.504304 0.485867 
-0.603785 -0.241581 0.38294 
0.400795 -0.504304 0.485867 
-0.45805 -0.16486 0.48415 
0.400795 -0.504304 0.485867 
