-0.615735 -0.236865 0.414272 
0.400795 -0.504304 0.485867 
-0.615736 -0.236866 0.414272 
0.400795 -0.504304 0.485867 
-0.616 -0.236764 0.412693 
0.400795 -0.504304 0.485867 
-0.615595 -0.237156 0.4121 
0.400795 -0.504304 0.485867 
-0.615246 -0.23704 0.412844 
0.400795 -0.504304 0.485867 
-0.615 -0.237231 0.412905 
0.400795 -0.504304 0.485867 
-0.614706 -0.238443 0.413149 
0.400795 -0.504304 0.485867 
-0.614193 -0.240074 0.413173 
0.400795 -0.504304 0.485867 
-0.613578 -0.240422 0.413045 
0.400795 -0.504304 0.485867 
-0.612273 -0.240586 0.413236 
0.400795 -0.504304 0.485867 
-0.610827 -0.241139 0.413682 
0.400795 -0.504304 0.485867 
-0.609607 -0.24145 0.413765 
0.400795 -0.504304 0.485867 
-0.608597 -0.241467 0.413892 
0.400795 -0.504304 0.485867 
-0.607716 -0.241637 0.41388 
0.400795 -0.504304 0.485867 
-0.607106 -0.241695 0.413985 
0.400795 -0.504304 0.485867 
-0.606585 -0.241937 0.414071 
0.400795 -0.504304 0.485867 
-0.606095 -0.241664 0.413895 
0.400795 -0.504304 0.485867 
-0.605686 -0.241631 0.41395 
0.400795 -0.504304 0.485867 
-0.605383 -0.241725 0.414173 
0.400795 -0.504304 0.485867 
-0.604957 -0.241786 0.414427 
0.400795 -0.504304 0.485867 
-0.604757 -0.241753 0.413898 
0.400795 -0.504304 0.485867 
-0.60449 -0.241877 0.413977 
0.400795 -0.504304 0.485867 
-0.60418 -0.242126 0.414116 
0.400795 -0.504304 0.485867 
-0.603936 -0.242307 0.414541 
0.400795 -0.504304 0.485867 
-0.603742 -0.242377 0.414576 
0.400795 -0.504304 0.485867 
-0.603516 -0.242386 0.414549 
0.400795 -0.504304 0.485867 
-0.603331 -0.242382 0.414551 
0.400795 -0.504304 0.485867 
-0.603205 -0.24254 0.414748 
0.400795 -0.504304 0.485867 
-0.602668 -0.242759 0.414636 
0.400795 -0.504304 0.485867 
-0.602073 -0.242825 0.414716 
0.400795 -0.504304 0.485867 
