-0.60521 -0.189842 0.41963 
0.400795 -0.504304 0.485867 
-0.605211 -0.189843 0.41963 
0.400795 -0.504304 0.485867 
-0.605004 -0.189623 0.41719 
0.400795 -0.504304 0.485867 
-0.60532 -0.18944 0.416642 
0.400795 -0.504304 0.485867 
-0.60532 -0.189523 0.416685 
0.400795 -0.504304 0.485867 
-0.605276 -0.18971 0.416858 
0.400795 -0.504304 0.485867 
-0.605323 -0.18982 0.417184 
0.400795 -0.504304 0.485867 
-0.605307 -0.189798 0.417228 
0.400795 -0.504304 0.485867 
-0.605302 -0.189848 0.417252 
0.400795 -0.504304 0.485867 
-0.60536 -0.189535 0.41713 
0.400795 -0.504304 0.485867 
-0.605374 -0.189547 0.416973 
0.400795 -0.504304 0.485867 
-0.605305 -0.189516 0.417149 
0.400795 -0.504304 0.485867 
-0.605314 -0.189869 0.417147 
0.400795 -0.504304 0.485867 
-0.605362 -0.189756 0.417 
0.400795 -0.504304 0.485867 
-0.605314 -0.189879 0.417113 
0.400795 -0.504304 0.485867 
-0.605347 -0.189741 0.417141 
0.400795 -0.504304 0.485867 
-0.605338 -0.18969 0.417089 
0.400795 -0.504304 0.485867 
-0.605323 -0.189739 0.417113 
0.400795 -0.504304 0.485867 
-0.605329 -0.189612 0.417099 
0.400795 -0.504304 0.485867 
-0.605329 -0.189743 0.417251 
0.400795 -0.504304 0.485867 
-0.605329 -0.189586 0.417106 
0.400795 -0.504304 0.485867 
-0.605345 -0.189655 0.417336 
0.400795 -0.504304 0.485867 
-0.605355 -0.189704 0.41714 
0.400795 -0.504304 0.485867 
-0.605286 -0.189504 0.417248 
0.400795 -0.504304 0.485867 
-0.605273 -0.18969 0.417485 
0.400795 -0.504304 0.485867 
-0.605288 -0.18976 0.417205 
0.400795 -0.504304 0.485867 
