-0.597268 -0.255126 0.407261 
0.437158 -0.468587 0.472708 
-0.597268 -0.255126 0.407261 
0.437157 -0.468587 0.472707 
-0.597268 -0.255126 0.407261 
0.437157 -0.468587 0.472707 
-0.597268 -0.255126 0.407261 
0.436651 -0.468579 0.472063 
-0.597268 -0.255126 0.407261 
0.436265 -0.4686 0.471733 
-0.597268 -0.255126 0.407261 
0.435574 -0.468688 0.471509 
-0.597268 -0.255126 0.407261 
0.434837 -0.468731 0.472073 
-0.597268 -0.255126 0.407261 
0.43371 -0.468865 0.472383 
-0.597268 -0.255126 0.407261 
0.432138 -0.469155 0.472546 
-0.597268 -0.255126 0.407261 
0.430679 -0.469636 0.473386 
-0.597268 -0.255126 0.407261 
0.429162 -0.470154 0.474146 
-0.597268 -0.255126 0.407261 
0.427527 -0.470729 0.474678 
-0.597268 -0.255126 0.407261 
0.426029 -0.471354 0.475356 
-0.597268 -0.255126 0.407261 
0.424708 -0.471984 0.476201 
-0.597268 -0.255126 0.407261 
0.423569 -0.472576 0.477255 
-0.597268 -0.255126 0.407261 
0.422336 -0.473151 0.478056 
-0.597268 -0.255126 0.407261 
0.421392 -0.473658 0.478024 
-0.597268 -0.255126 0.407261 
0.420574 -0.474199 0.478282 
-0.597268 -0.255126 0.407261 
0.420559 -0.474555 0.479105 
-0.597268 -0.255126 0.407261 
0.420399 -0.474771 0.479084 
-0.597268 -0.255126 0.407261 
0.420198 -0.474813 0.478898 
-0.597268 -0.255126 0.407261 
0.420184 -0.474816 0.478979 
-0.597268 -0.255126 0.407261 
0.420036 -0.474752 0.478703 
-0.597268 -0.255126 0.407261 
0.419842 -0.474677 0.478313 
-0.597268 -0.255126 0.407261 
0.419471 -0.474661 0.477523 
-0.597268 -0.255126 0.407261 
0.419371 -0.474584 0.477472 
-0.597268 -0.255126 0.407261 
0.419167 -0.474566 0.477159 
-0.597268 -0.255126 0.407261 
0.418907 -0.474557 0.476712 
-0.597268 -0.255126 0.407261 
0.418721 -0.474451 0.476446 
-0.597268 -0.255126 0.407261 
0.418572 -0.474355 0.476231 
-0.597268 -0.255126 0.407261 
0.418622 -0.4743 0.476384 
-0.597268 -0.255126 0.407261 
0.418537 -0.474257 0.476217 
-0.597268 -0.255126 0.407261 
0.418448 -0.474242 0.476078 
-0.597268 -0.255126 0.407261 
0.418573 -0.47412 0.476522 
-0.597268 -0.255126 0.407261 
0.418588 -0.474015 0.476669 
-0.597268 -0.255126 0.407261 
0.418501 -0.473925 0.476519 
-0.597268 -0.255126 0.407261 
0.418356 -0.473866 0.476247 
-0.597268 -0.255126 0.407261 
0.418277 -0.473764 0.476163 
-0.597268 -0.255126 0.407261 
0.418204 -0.473716 0.476056 
-0.597268 -0.255126 0.407261 
0.418068 -0.473703 0.475793 
-0.597268 -0.255126 0.407261 
0.417876 -0.473671 0.475486 
-0.597268 -0.255126 0.407261 
0.417837 -0.47368 0.475499 
-0.597268 -0.255126 0.407261 
0.417838 -0.473687 0.475584 
-0.597268 -0.255126 0.407261 
0.417739 -0.473814 0.475348 
-0.597268 -0.255126 0.407261 
0.417659 -0.473959 0.47514 
-0.597268 -0.255126 0.407261 
0.41759 -0.474062 0.474995 
-0.597268 -0.255126 0.407261 
0.417758 -0.474118 0.475398 
-0.597268 -0.255126 0.407261 
0.417813 -0.474226 0.475445 
-0.597268 -0.255126 0.407261 
0.417957 -0.474266 0.475742 
-0.597268 -0.255126 0.407261 
0.417809 -0.474387 0.475331 
-0.597268 -0.255126 0.407261 
0.417926 -0.474468 0.475515 
-0.597268 -0.255126 0.407261 
0.417995 -0.474445 0.475614 
-0.597268 -0.255126 0.407261 
0.417932 -0.474434 0.475427 
-0.597268 -0.255126 0.407261 
0.417904 -0.47445 0.475274 
-0.597268 -0.255126 0.407261 
0.41799 -0.474317 0.475502 
-0.597268 -0.255126 0.407261 
0.418052 -0.474251 0.475589 
-0.597268 -0.255126 0.407261 
0.418042 -0.474215 0.475551 
-0.597268 -0.255126 0.407261 
0.417977 -0.474223 0.475356 
-0.597268 -0.255126 0.407261 
0.418005 -0.474238 0.475357 
-0.597268 -0.255126 0.407261 
0.417958 -0.474244 0.475208 
-0.597268 -0.255126 0.407261 
0.417944 -0.474167 0.475173 
-0.597268 -0.255126 0.407261 
0.417887 -0.474109 0.475053 
-0.597268 -0.255126 0.407261 
0.417721 -0.47417 0.474627 
-0.597268 -0.255126 0.407261 
0.417652 -0.474151 0.474473 
-0.597268 -0.255126 0.407261 
0.417655 -0.474148 0.474431 
-0.597268 -0.255126 0.407261 
0.417664 -0.474052 0.474526 
-0.597268 -0.255126 0.407261 
0.417559 -0.474012 0.4743 
-0.597268 -0.255126 0.407261 
0.417511 -0.473954 0.474178 
-0.597268 -0.255126 0.407261 
0.417469 -0.473798 0.474177 
-0.597268 -0.255126 0.407261 
0.417355 -0.473663 0.473991 
-0.597268 -0.255126 0.407261 
0.417193 -0.473575 0.47365 
-0.597268 -0.255126 0.407261 
0.417006 -0.473517 0.473217 
-0.597268 -0.255126 0.407261 
0.416828 -0.47347 0.472795 
-0.597268 -0.255126 0.407261 
0.416811 -0.473306 0.472846 
-0.597268 -0.255126 0.407261 
0.416597 -0.473219 0.472396 
-0.597268 -0.255126 0.407261 
0.416417 -0.473155 0.471987 
-0.597268 -0.255126 0.407261 
0.41641 -0.473139 0.471994 
-0.597268 -0.255126 0.407261 
0.416419 -0.473029 0.472118 
-0.597268 -0.255126 0.407261 
0.416344 -0.472899 0.472003 
-0.597268 -0.255126 0.407261 
0.416223 -0.472833 0.471731 
-0.597268 -0.255126 0.407261 
0.416298 -0.472724 0.471947 
-0.597268 -0.255126 0.407261 
0.416379 -0.472672 0.472137 
-0.597268 -0.255126 0.407261 
0.416477 -0.472671 0.472323 
-0.597268 -0.255126 0.407261 
0.41665 -0.472606 0.472735 
-0.597268 -0.255126 0.407261 
0.41677 -0.472646 0.472976 
-0.597268 -0.255126 0.407261 
0.417055 -0.472724 0.47361 
-0.597268 -0.255126 0.407261 
0.417012 -0.472796 0.473428 
-0.597268 -0.255126 0.407261 
0.416864 -0.472855 0.472995 
-0.597268 -0.255126 0.407261 
0.416973 -0.472949 0.473176 
-0.597268 -0.255126 0.407261 
0.417169 -0.473105 0.473563 
-0.597268 -0.255126 0.407261 
0.41729 -0.473302 0.473769 
-0.597268 -0.255126 0.407261 
0.417252 -0.473479 0.473577 
-0.597268 -0.255126 0.407261 
0.417442 -0.473467 0.474063 
-0.597268 -0.255126 0.407261 
0.417353 -0.473558 0.473827 
-0.597268 -0.255126 0.407261 
0.41738 -0.473609 0.473881 
-0.597268 -0.255126 0.407261 
0.417219 -0.473601 0.473544 
-0.597268 -0.255126 0.407261 
0.417159 -0.473586 0.473466 
-0.597268 -0.255126 0.407261 
0.417043 -0.473616 0.473216 
-0.597268 -0.255126 0.407261 
0.41702 -0.473637 0.473222 
-0.597268 -0.255126 0.407261 
0.417 -0.47365 0.473195 
-0.597268 -0.255126 0.407261 
0.416823 -0.473636 0.472774 
-0.597268 -0.255126 0.407261 
0.416771 -0.473598 0.472694 
-0.597268 -0.255126 0.407261 
0.416862 -0.473616 0.472957 
-0.597268 -0.255126 0.407261 
0.416907 -0.473619 0.473112 
-0.597268 -0.255126 0.407261 
0.416912 -0.473643 0.473125 
-0.597268 -0.255126 0.407261 
0.416953 -0.473591 0.473265 
-0.597268 -0.255126 0.407261 
0.416938 -0.473642 0.473138 
-0.597268 -0.255126 0.407261 
0.416934 -0.473608 0.473148 
-0.597268 -0.255126 0.407261 
0.417094 -0.473575 0.473563 
-0.597268 -0.255126 0.407261 
0.417046 -0.473517 0.473459 
-0.597268 -0.255126 0.407261 
0.417031 -0.473389 0.473506 
-0.597268 -0.255126 0.407261 
0.417056 -0.473372 0.473577 
-0.597268 -0.255126 0.407261 
0.417006 -0.473373 0.473469 
-0.597268 -0.255126 0.407261 
0.416896 -0.473398 0.473176 
-0.597268 -0.255126 0.407261 
0.416865 -0.473358 0.473109 
-0.597268 -0.255126 0.407261 
0.416759 -0.473378 0.472796 
-0.597268 -0.255126 0.407261 
0.416829 -0.473343 0.472983 
-0.597268 -0.255126 0.407261 
0.416821 -0.473391 0.472918 
-0.597268 -0.255126 0.407261 
0.416829 -0.473479 0.47285 
-0.597268 -0.255126 0.407261 
0.416853 -0.473498 0.472885 
-0.597268 -0.255126 0.407261 
0.416854 -0.473536 0.472878 
-0.597268 -0.255126 0.407261 
0.41677 -0.47357 0.472686 
-0.597268 -0.255126 0.407261 
0.416668 -0.473623 0.472459 
-0.597268 -0.255126 0.407261 
0.416635 -0.473598 0.47243 
-0.597268 -0.255126 0.407261 
0.41654 -0.473629 0.472195 
-0.597268 -0.255126 0.407261 
0.416494 -0.473627 0.472184 
-0.597268 -0.255126 0.407261 
0.416418 -0.473619 0.472018 
-0.597268 -0.255126 0.407261 
0.416327 -0.473557 0.471878 
-0.597268 -0.255126 0.407261 
0.416063 -0.473444 0.471375 
-0.597268 -0.255126 0.407261 
0.415774 -0.473381 0.470728 
-0.597268 -0.255126 0.407261 
0.415495 -0.473227 0.470204 
-0.597268 -0.255126 0.407261 
0.415213 -0.473086 0.469787 
-0.597268 -0.255126 0.407261 
0.414944 -0.472815 0.469572 
-0.597268 -0.255126 0.407261 
0.414686 -0.472433 0.469639 
-0.597268 -0.255126 0.407261 
0.414105 -0.472181 0.46916 
-0.597268 -0.255126 0.407261 
0.413327 -0.471949 0.46837 
-0.597268 -0.255126 0.407261 
0.412645 -0.471698 0.467959 
-0.597268 -0.255126 0.407261 
0.41189 -0.471651 0.467289 
-0.597268 -0.255126 0.407261 
0.411073 -0.471551 0.466696 
-0.597268 -0.255126 0.407261 
0.410361 -0.471355 0.466563 
-0.597268 -0.255126 0.407261 
0.409302 -0.471397 0.465825 
-0.597268 -0.255126 0.407261 
0.408349 -0.471433 0.465575 
-0.597268 -0.255126 0.407261 
0.407458 -0.471603 0.465168 
-0.597268 -0.255126 0.407261 
0.406673 -0.471957 0.464701 
-0.597268 -0.255126 0.407261 
0.406194 -0.472297 0.464574 
-0.597268 -0.255126 0.407261 
0.405781 -0.472636 0.46446 
-0.597268 -0.255126 0.407261 
0.405432 -0.472953 0.46426 
-0.597268 -0.255126 0.407261 
0.405265 -0.473095 0.464538 
-0.597268 -0.255126 0.407261 
0.405072 -0.473242 0.464563 
-0.597268 -0.255126 0.407261 
0.40491 -0.473412 0.464581 
-0.597268 -0.255126 0.407261 
0.40491 -0.473589 0.464835 
-0.597268 -0.255126 0.407261 
0.404956 -0.473713 0.464736 
-0.597268 -0.255126 0.407261 
0.405143 -0.473536 0.465094 
-0.597268 -0.255126 0.407261 
0.405103 -0.473343 0.465022 
-0.597268 -0.255126 0.407261 
0.405041 -0.47304 0.465084 
-0.597268 -0.255126 0.407261 
0.404893 -0.472819 0.464754 
-0.597268 -0.255126 0.407261 
0.404929 -0.472586 0.464947 
-0.597268 -0.255126 0.407261 
0.404728 -0.472472 0.464518 
-0.597268 -0.255126 0.407261 
0.404572 -0.472455 0.464279 
-0.597268 -0.255126 0.407261 
0.40451 -0.472544 0.464171 
-0.597268 -0.255126 0.407261 
0.404479 -0.47259 0.464196 
-0.597268 -0.255126 0.407261 
0.404439 -0.472637 0.464276 
-0.597268 -0.255126 0.407261 
0.40434 -0.472847 0.464156 
-0.597268 -0.255126 0.407261 
0.40427 -0.473165 0.463901 
-0.597268 -0.255126 0.407261 
0.404254 -0.473439 0.463753 
-0.597268 -0.255126 0.407261 
0.404318 -0.473611 0.464002 
-0.597268 -0.255126 0.407261 
0.404282 -0.473914 0.463942 
-0.597268 -0.255126 0.407261 
0.404238 -0.474163 0.46388 
-0.597268 -0.255126 0.407261 
0.404266 -0.474368 0.463956 
-0.597268 -0.255126 0.407261 
0.404344 -0.474385 0.464289 
-0.597268 -0.255126 0.407261 
0.404415 -0.474361 0.464509 
-0.597268 -0.255126 0.407261 
0.40454 -0.474359 0.464681 
-0.597268 -0.255126 0.407261 
0.404685 -0.474325 0.46478 
-0.597268 -0.255126 0.407261 
0.404879 -0.47427 0.465149 
-0.597268 -0.255126 0.407261 
0.404996 -0.474232 0.465458 
-0.597268 -0.255126 0.407261 
0.405097 -0.474218 0.465659 
-0.597268 -0.255126 0.407261 
0.405105 -0.474259 0.465491 
-0.597268 -0.255126 0.407261 
0.405205 -0.47415 0.465657 
-0.597268 -0.255126 0.407261 
0.405186 -0.474154 0.46547 
-0.597268 -0.255126 0.407261 
0.405164 -0.474171 0.465284 
-0.597268 -0.255126 0.407261 
0.405104 -0.474025 0.465088 
-0.597268 -0.255126 0.407261 
0.405195 -0.473955 0.465254 
-0.597268 -0.255126 0.407261 
0.405201 -0.47396 0.465231 
-0.597268 -0.255126 0.407261 
0.405306 -0.473809 0.465564 
-0.597268 -0.255126 0.407261 
0.405232 -0.473737 0.465306 
-0.597268 -0.255126 0.407261 
0.405156 -0.473698 0.465008 
-0.597268 -0.255126 0.407261 
0.405209 -0.4736 0.46512 
-0.597268 -0.255126 0.407261 
0.405281 -0.473514 0.465361 
-0.597268 -0.255126 0.407261 
0.405384 -0.473388 0.465669 
-0.597268 -0.255126 0.407261 
0.405582 -0.473252 0.466261 
-0.597268 -0.255126 0.407261 
0.405545 -0.473304 0.466092 
-0.597268 -0.255126 0.407261 
0.405593 -0.4733 0.466241 
-0.597268 -0.255126 0.407261 
0.405551 -0.473316 0.466083 
-0.597268 -0.255126 0.407261 
0.405529 -0.473293 0.466016 
-0.597268 -0.255126 0.407261 
0.405456 -0.473369 0.465743 
-0.597268 -0.255126 0.407261 
0.405461 -0.473401 0.465702 
-0.597268 -0.255126 0.407261 
0.405429 -0.4734 0.465613 
-0.597268 -0.255126 0.407261 
0.405345 -0.473445 0.465285 
-0.597268 -0.255126 0.407261 
0.405277 -0.473393 0.465115 
-0.597268 -0.255126 0.407261 
0.405209 -0.473363 0.464938 
-0.597268 -0.255126 0.407261 
0.405247 -0.473278 0.465081 
-0.597268 -0.255126 0.407261 
0.405232 -0.473214 0.46504 
-0.597268 -0.255126 0.407261 
0.405186 -0.47316 0.464926 
-0.597268 -0.255126 0.407261 
0.405119 -0.47316 0.4648 
-0.597268 -0.255126 0.407261 
0.405212 -0.47301 0.465212 
-0.597268 -0.255126 0.407261 
0.405243 -0.472952 0.465413 
-0.597268 -0.255126 0.407261 
0.405282 -0.472887 0.465574 
-0.597268 -0.255126 0.407261 
0.405185 -0.472947 0.465265 
-0.597268 -0.255126 0.407261 
0.405082 -0.473068 0.464843 
-0.597268 -0.255126 0.407261 
0.405022 -0.473256 0.464454 
-0.597268 -0.255126 0.407261 
0.405081 -0.473237 0.464528 
-0.597268 -0.255126 0.407261 
0.405037 -0.473345 0.464251 
-0.597268 -0.255126 0.407261 
0.404971 -0.473556 0.463842 
-0.597268 -0.255126 0.407261 
0.404904 -0.473626 0.463446 
-0.597268 -0.255126 0.407261 
0.405012 -0.473657 0.463588 
-0.597268 -0.255126 0.407261 
0.404902 -0.473745 0.463104 
-0.597268 -0.255126 0.407261 
0.404899 -0.473787 0.462957 
-0.597268 -0.255126 0.407261 
0.404908 -0.4738 0.462926 
-0.597268 -0.255126 0.407261 
0.404948 -0.473812 0.463003 
-0.597268 -0.255126 0.407261 
0.404937 -0.473819 0.462977 
-0.597268 -0.255126 0.407261 
0.404857 -0.473807 0.462831 
-0.597268 -0.255126 0.407261 
0.404851 -0.47372 0.462923 
-0.597268 -0.255126 0.407261 
0.404923 -0.473684 0.463195 
-0.597268 -0.255126 0.407261 
0.404914 -0.473783 0.463195 
-0.597268 -0.255126 0.407261 
0.40494 -0.473844 0.463403 
-0.597268 -0.255126 0.407261 
0.404882 -0.474001 0.463189 
-0.597268 -0.255126 0.407261 
0.404901 -0.474103 0.463204 
-0.597268 -0.255126 0.407261 
0.404901 -0.474163 0.463196 
-0.597268 -0.255126 0.407261 
0.404899 -0.474251 0.463162 
-0.597268 -0.255126 0.407261 
0.404947 -0.474326 0.463266 
-0.597268 -0.255126 0.407261 
0.405166 -0.474336 0.463776 
-0.597268 -0.255126 0.407261 
0.405141 -0.474491 0.463504 
-0.597268 -0.255126 0.407261 
0.405365 -0.474616 0.463945 
-0.597268 -0.255126 0.407261 
0.405464 -0.474715 0.464092 
-0.597268 -0.255126 0.407261 
0.40559 -0.474843 0.464226 
-0.597268 -0.255126 0.407261 
0.405703 -0.474928 0.464341 
-0.597268 -0.255126 0.407261 
0.40608 -0.474913 0.4651 
-0.597268 -0.255126 0.407261 
0.406298 -0.474921 0.465272 
-0.597268 -0.255126 0.407261 
0.406751 -0.474942 0.466014 
-0.597268 -0.255126 0.407261 
0.407091 -0.475065 0.46635 
-0.597268 -0.255126 0.407261 
0.407244 -0.475183 0.466345 
-0.597268 -0.255126 0.407261 
0.407501 -0.475268 0.466718 
-0.597268 -0.255126 0.407261 
0.407612 -0.475401 0.466728 
-0.597268 -0.255126 0.407261 
0.407546 -0.475538 0.466353 
-0.597268 -0.255126 0.407261 
0.407539 -0.475682 0.466144 
-0.597268 -0.255126 0.407261 
0.407653 -0.47574 0.466308 
-0.597268 -0.255126 0.407261 
0.40769 -0.475708 0.466279 
-0.597268 -0.255126 0.407261 
0.407674 -0.475789 0.466234 
-0.597268 -0.255126 0.407261 
0.4076 -0.475942 0.466038 
-0.597268 -0.255126 0.407261 
0.407556 -0.47605 0.466056 
-0.597268 -0.255126 0.407261 
0.407542 -0.476031 0.466179 
-0.597268 -0.255126 0.407261 
0.407553 -0.475921 0.466316 
-0.597268 -0.255126 0.407261 
0.407537 -0.476042 0.466019 
-0.597268 -0.255126 0.407261 
0.407585 -0.476001 0.465875 
-0.597268 -0.255126 0.407261 
0.407695 -0.475891 0.465861 
-0.597268 -0.255126 0.407261 
0.4078 -0.475799 0.465871 
-0.597268 -0.255126 0.407261 
0.4078 -0.47589 0.465582 
-0.597268 -0.255126 0.407261 
0.407824 -0.475978 0.465361 
-0.597268 -0.255126 0.407261 
0.407877 -0.476027 0.465245 
-0.597268 -0.255126 0.407261 
0.407939 -0.47606 0.46519 
-0.597268 -0.255126 0.407261 
0.407947 -0.476123 0.464945 
-0.597268 -0.255126 0.407261 
0.408011 -0.47642 0.46471 
-0.597268 -0.255126 0.407261 
0.408086 -0.47637 0.464865 
-0.597268 -0.255126 0.407261 
0.408126 -0.476498 0.464974 
-0.597268 -0.255126 0.407261 
0.408202 -0.476726 0.465181 
-0.597268 -0.255126 0.407261 
0.408201 -0.477054 0.465174 
-0.597268 -0.255126 0.407261 
0.408318 -0.477155 0.465702 
-0.597268 -0.255126 0.407261 
0.408324 -0.477292 0.465974 
-0.597268 -0.255126 0.407261 
0.408252 -0.477384 0.4662 
-0.597268 -0.255126 0.407261 
0.408126 -0.477622 0.466288 
-0.597268 -0.255126 0.407261 
0.408109 -0.477878 0.466568 
-0.597268 -0.255126 0.407261 
0.408222 -0.47815 0.467011 
-0.597268 -0.255126 0.407261 
0.408445 -0.478442 0.467446 
-0.597268 -0.255126 0.407261 
0.408728 -0.478653 0.467938 
-0.597268 -0.255126 0.407261 
0.409022 -0.478811 0.46835 
-0.597268 -0.255126 0.407261 
0.409246 -0.478957 0.468772 
-0.597268 -0.255126 0.407261 
0.409514 -0.479357 0.46922 
-0.597268 -0.255126 0.407261 
0.409615 -0.47988 0.469189 
-0.597268 -0.255126 0.407261 
0.409863 -0.48041 0.469493 
-0.597268 -0.255126 0.407261 
0.409626 -0.481823 0.469552 
-0.597268 -0.255126 0.407261 
0.409382 -0.483149 0.46962 
-0.597268 -0.255126 0.407261 
0.408641 -0.484839 0.470445 
-0.597268 -0.255126 0.407261 
0.40769 -0.486473 0.471009 
-0.597268 -0.255126 0.407261 
0.406667 -0.488215 0.471443 
-0.597268 -0.255126 0.407261 
0.405613 -0.489952 0.471973 
-0.597268 -0.255126 0.407261 
0.404602 -0.49175 0.472476 
-0.597268 -0.255126 0.407261 
0.403604 -0.493395 0.472856 
-0.597268 -0.255126 0.407261 
0.402727 -0.494719 0.473511 
-0.597268 -0.255126 0.407261 
0.401855 -0.496042 0.474163 
-0.597268 -0.255126 0.407261 
0.40124 -0.496923 0.474896 
-0.597268 -0.255126 0.407261 
0.40088 -0.497363 0.475709 
-0.597268 -0.255126 0.407261 
0.400702 -0.497583 0.476114 
-0.597268 -0.255126 0.407261 
0.400702 -0.497583 0.476114 
-0.597268 -0.255126 0.407261 
0.400702 -0.497583 0.476114 
-0.597268 -0.255126 0.407261 
0.400702 -0.497583 0.476114 
-0.597268 -0.255126 0.407261 
0.400702 -0.497583 0.476114 
-0.597268 -0.255126 0.407261 
0.400702 -0.497583 0.476114 
-0.597268 -0.255126 0.407261 
0.400702 -0.497583 0.476114 
-0.597268 -0.255126 0.407261 
0.400702 -0.497583 0.476114 
-0.597268 -0.255126 0.407261 
0.400702 -0.497583 0.476114 
-0.597268 -0.255126 0.407261 
0.400702 -0.497583 0.476114 
-0.597268 -0.255126 0.407261 
0.400702 -0.497583 0.476114 
