-0.608223 -0.227634 0.393174 
0.400795 -0.504304 0.485867 
-0.608224 -0.227635 0.393174 
0.400795 -0.504304 0.485867 
-0.607828 -0.227794 0.392105 
0.400795 -0.504304 0.485867 
-0.607687 -0.228446 0.391758 
0.400795 -0.504304 0.485867 
-0.607166 -0.229823 0.392357 
0.400795 -0.504304 0.485867 
-0.605951 -0.231958 0.392529 
0.400795 -0.504304 0.485867 
-0.603415 -0.232532 0.391793 
0.400795 -0.504304 0.485867 
-0.601347 -0.232624 0.391895 
0.400795 -0.504304 0.485867 
-0.599731 -0.232861 0.392357 
0.400795 -0.504304 0.485867 
-0.598701 -0.232871 0.392077 
0.400795 -0.504304 0.485867 
-0.59786 -0.233124 0.391531 
0.400795 -0.504304 0.485867 
-0.597278 -0.233155 0.391263 
0.400795 -0.504304 0.485867 
-0.596683 -0.23302 0.391582 
0.400795 -0.504304 0.485867 
-0.596325 -0.23323 0.391272 
0.400795 -0.504304 0.485867 
-0.596116 -0.233346 0.390906 
0.400795 -0.504304 0.485867 
-0.595296 -0.233449 0.391005 
0.400795 -0.504304 0.485867 
-0.593994 -0.233957 0.390991 
0.400795 -0.504304 0.485867 
-0.592745 -0.234348 0.391265 
0.400795 -0.504304 0.485867 
-0.592024 -0.233949 0.39138 
0.400795 -0.504304 0.485867 
-0.592075 -0.233454 0.390989 
0.400795 -0.504304 0.485867 
-0.592086 -0.233676 0.390437 
0.400795 -0.504304 0.485867 
-0.592161 -0.233775 0.390296 
0.400795 -0.504304 0.485867 
-0.592176 -0.233672 0.390346 
0.400795 -0.504304 0.485867 
-0.592096 -0.233534 0.390303 
0.400795 -0.504304 0.485867 
-0.592078 -0.233614 0.390497 
0.400795 -0.504304 0.485867 
-0.592101 -0.233656 0.390609 
0.400795 -0.504304 0.485867 
-0.591935 -0.233565 0.390719 
0.400795 -0.504304 0.485867 
-0.592048 -0.233399 0.390428 
0.400795 -0.504304 0.485867 
-0.592052 -0.233547 0.390711 
0.400795 -0.504304 0.485867 
-0.592165 -0.233727 0.390511 
0.400795 -0.504304 0.485867 
-0.592172 -0.234063 0.390721 
0.400795 -0.504304 0.485867 
-0.592126 -0.233799 0.391055 
0.400795 -0.504304 0.485867 
-0.592287 -0.233717 0.390874 
0.400795 -0.504304 0.485867 
-0.592155 -0.233972 0.390844 
0.400795 -0.504304 0.485867 
-0.592206 -0.233845 0.390849 
0.400795 -0.504304 0.485867 
-0.592158 -0.233817 0.390881 
0.400795 -0.504304 0.485867 
-0.592232 -0.23385 0.390695 
0.400795 -0.504304 0.485867 
-0.592114 -0.234047 0.391154 
0.400795 -0.504304 0.485867 
-0.59211 -0.234121 0.390899 
0.400795 -0.504304 0.485867 
-0.592095 -0.233949 0.390992 
0.400795 -0.504304 0.485867 
-0.592185 -0.233802 0.391168 
0.400795 -0.504304 0.485867 
-0.592114 -0.233871 0.391 
0.400795 -0.504304 0.485867 
-0.592115 -0.233736 0.391146 
0.400795 -0.504304 0.485867 
-0.592192 -0.233584 0.390758 
0.400795 -0.504304 0.485867 
-0.592187 -0.2335 0.39062 
0.400795 -0.504304 0.485867 
-0.59212 -0.233607 0.390716 
0.400795 -0.504304 0.485867 
-0.592074 -0.233637 0.390441 
0.400795 -0.504304 0.485867 
-0.592026 -0.23363 0.390811 
0.400795 -0.504304 0.485867 
-0.591981 -0.233571 0.390958 
0.400795 -0.504304 0.485867 
-0.591953 -0.233678 0.391 
0.400795 -0.504304 0.485867 
-0.592041 -0.233715 0.390639 
0.400795 -0.504304 0.485867 
-0.591986 -0.233534 0.390925 
0.400795 -0.504304 0.485867 
-0.592053 -0.233725 0.390996 
0.400795 -0.504304 0.485867 
-0.591977 -0.233909 0.39108 
0.400795 -0.504304 0.485867 
-0.592045 -0.233955 0.391187 
0.400795 -0.504304 0.485867 
-0.592 -0.233649 0.391205 
0.400795 -0.504304 0.485867 
-0.59209 -0.233571 0.391005 
0.400795 -0.504304 0.485867 
-0.592038 -0.233664 0.391156 
0.400795 -0.504304 0.485867 
-0.592083 -0.23369 0.390803 
0.400795 -0.504304 0.485867 
-0.592077 -0.233464 0.391068 
0.400795 -0.504304 0.485867 
-0.591458 -0.232472 0.38958 
0.400795 -0.504304 0.485867 
-0.590324 -0.22984 0.387373 
0.400795 -0.504304 0.485867 
-0.58931 -0.227334 0.38496 
0.400795 -0.504304 0.485867 
-0.588534 -0.224172 0.382143 
0.400795 -0.504304 0.485867 
-0.58781 -0.220284 0.379342 
0.400795 -0.504304 0.485867 
-0.587475 -0.216345 0.376057 
0.400795 -0.504304 0.485867 
-0.587497 -0.212013 0.372439 
0.400795 -0.504304 0.485867 
-0.587767 -0.207417 0.368556 
0.400795 -0.504304 0.485867 
-0.588259 -0.202951 0.364557 
0.400795 -0.504304 0.485867 
-0.589053 -0.198308 0.360901 
0.400795 -0.504304 0.485867 
-0.590125 -0.193232 0.356913 
0.400795 -0.504304 0.485867 
-0.591224 -0.188814 0.353296 
0.400795 -0.504304 0.485867 
-0.592505 -0.184241 0.34937 
0.400795 -0.504304 0.485867 
-0.594196 -0.181949 0.347486 
0.400795 -0.504304 0.485867 
-0.596143 -0.180306 0.346157 
0.400795 -0.504304 0.485867 
-0.59755 -0.179491 0.345332 
0.400795 -0.504304 0.485867 
-0.59871 -0.179058 0.344614 
0.400795 -0.504304 0.485867 
-0.599107 -0.180085 0.344379 
0.400795 -0.504304 0.485867 
-0.59888 -0.180628 0.345406 
0.400795 -0.504304 0.485867 
-0.598418 -0.18297 0.346111 
0.400795 -0.504304 0.485867 
-0.597775 -0.185477 0.347185 
0.400795 -0.504304 0.485867 
-0.596448 -0.189056 0.348322 
0.400795 -0.504304 0.485867 
-0.595047 -0.193238 0.349545 
0.400795 -0.504304 0.485867 
-0.593696 -0.197759 0.350436 
0.400795 -0.504304 0.485867 
-0.592488 -0.204742 0.352121 
0.400795 -0.504304 0.485867 
-0.592816 -0.204329 0.351967 
0.400795 -0.504304 0.485867 
-0.59154 -0.20961 0.352624 
0.400795 -0.504304 0.485867 
-0.590475 -0.214585 0.352937 
0.400795 -0.504304 0.485867 
-0.589462 -0.219697 0.353489 
0.400795 -0.504304 0.485867 
-0.588708 -0.224384 0.353528 
0.400795 -0.504304 0.485867 
-0.588163 -0.22901 0.35358 
0.400795 -0.504304 0.485867 
-0.58788 -0.232983 0.353423 
0.400795 -0.504304 0.485867 
-0.58903 -0.236787 0.353258 
0.400795 -0.504304 0.485867 
-0.588787 -0.239683 0.353139 
0.400795 -0.504304 0.485867 
-0.58895 -0.24244 0.352364 
0.400795 -0.504304 0.485867 
-0.588789 -0.244078 0.351754 
0.400795 -0.504304 0.485867 
-0.588814 -0.246907 0.351687 
0.400795 -0.504304 0.485867 
-0.588941 -0.247381 0.350965 
0.400795 -0.504304 0.485867 
-0.589563 -0.250529 0.350413 
0.400795 -0.504304 0.485867 
-0.589967 -0.251192 0.349746 
0.400795 -0.504304 0.485867 
-0.590446 -0.253562 0.349516 
0.400795 -0.504304 0.485867 
-0.591437 -0.255668 0.348262 
0.400795 -0.504304 0.485867 
-0.591183 -0.256649 0.348452 
0.400795 -0.504304 0.485867 
-0.591895 -0.258497 0.347541 
0.400795 -0.504304 0.485867 
-0.592655 -0.260194 0.346246 
0.400795 -0.504304 0.485867 
-0.591149 -0.261707 0.346145 
0.400795 -0.504304 0.485867 
-0.59109 -0.263594 0.346125 
0.400795 -0.504304 0.485867 
-0.591403 -0.264986 0.345556 
0.400795 -0.504304 0.485867 
-0.591431 -0.266344 0.345153 
0.400795 -0.504304 0.485867 
-0.591463 -0.267661 0.34484 
0.400795 -0.504304 0.485867 
-0.591187 -0.26882 0.344643 
0.400795 -0.504304 0.485867 
-0.590807 -0.268863 0.344256 
0.400795 -0.504304 0.485867 
-0.590297 -0.268801 0.344275 
0.400795 -0.504304 0.485867 
-0.589875 -0.268638 0.344012 
0.400795 -0.504304 0.485867 
-0.589241 -0.268654 0.34411 
0.400795 -0.504304 0.485867 
-0.588348 -0.268309 0.34418 
0.400795 -0.504304 0.485867 
-0.587123 -0.268186 0.344629 
0.400795 -0.504304 0.485867 
-0.586247 -0.268276 0.344718 
0.400795 -0.504304 0.485867 
-0.585174 -0.268081 0.344161 
0.400795 -0.504304 0.485867 
-0.584618 -0.2683 0.343669 
0.400795 -0.504304 0.485867 
-0.583993 -0.269471 0.343783 
0.400795 -0.504304 0.485867 
-0.583399 -0.269599 0.343588 
0.400795 -0.504304 0.485867 
-0.583027 -0.270613 0.343243 
0.400795 -0.504304 0.485867 
-0.582727 -0.271111 0.342819 
0.400795 -0.504304 0.485867 
-0.582471 -0.27239 0.342728 
0.400795 -0.504304 0.485867 
-0.58188 -0.273074 0.342942 
0.400795 -0.504304 0.485867 
-0.581408 -0.273752 0.342972 
0.400795 -0.504304 0.485867 
-0.581237 -0.274586 0.342503 
0.400795 -0.504304 0.485867 
-0.581133 -0.275414 0.342236 
0.400795 -0.504304 0.485867 
-0.581347 -0.276544 0.341849 
0.400795 -0.504304 0.485867 
-0.581149 -0.277053 0.342181 
0.400795 -0.504304 0.485867 
-0.581167 -0.27658 0.341645 
0.400795 -0.504304 0.485867 
-0.579429 -0.273282 0.339484 
0.400795 -0.504304 0.485867 
-0.579368 -0.273276 0.339606 
0.400795 -0.504304 0.485867 
-0.579353 -0.272591 0.339112 
0.400795 -0.504304 0.485867 
-0.579673 -0.273053 0.339035 
0.400795 -0.504304 0.485867 
-0.579325 -0.272999 0.339349 
0.400795 -0.504304 0.485867 
-0.579125 -0.273171 0.339965 
0.400795 -0.504304 0.485867 
-0.57933 -0.273362 0.339626 
0.400795 -0.504304 0.485867 
-0.579453 -0.273546 0.339416 
0.400795 -0.504304 0.485867 
-0.579412 -0.273557 0.339435 
0.400795 -0.504304 0.485867 
