1.1007 -1.88956 -1.70152 1.44726 -1.25239 -1.14574 2.27097 -1.1103 0.609337 0.0656645 -1.37593 -1.96223 -1.13301 -0.473288 
1.08147 -1.87532 -1.7046 1.40478 -1.25027 -1.15255 2.23886 -1.11086 0.606551 0.0662773 -1.38233 -1.96054 -1.13132 -0.477198 
1.07824 -1.87668 -1.70586 1.39949 -1.24815 -1.15877 2.23937 -1.11086 0.606549 0.0662777 -1.38233 -1.96054 -1.13132 -0.4772 
1.07562 -1.87742 -1.70571 1.39498 -1.24434 -1.16608 2.23698 -1.11086 0.606549 0.0662777 -1.38233 -1.96054 -1.13132 -0.4772 
1.07518 -1.87563 -1.70322 1.39163 -1.24177 -1.16674 2.23101 -1.11086 0.606549 0.0662777 -1.38233 -1.96054 -1.13132 -0.4772 
1.0764 -1.87538 -1.70117 1.39246 -1.24117 -1.16656 2.22589 -1.11086 0.606549 0.0662777 -1.38233 -1.96054 -1.13132 -0.4772 
1.07908 -1.87539 -1.69909 1.3961 -1.23776 -1.16929 2.22193 -1.11086 0.606549 0.0662777 -1.38233 -1.96054 -1.13132 -0.4772 
1.08386 -1.87653 -1.69726 1.40609 -1.23569 -1.17099 2.22013 -1.11086 0.606549 0.0662777 -1.38233 -1.96054 -1.13132 -0.4772 
1.08603 -1.87904 -1.69702 1.41276 -1.23148 -1.18065 2.21452 -1.11086 0.606549 0.0662777 -1.38233 -1.96054 -1.13132 -0.4772 
1.08648 -1.88081 -1.69662 1.41561 -1.2263 -1.19115 2.20812 -1.11086 0.606549 0.0662777 -1.38233 -1.96054 -1.13132 -0.4772 
1.08841 -1.882 -1.69609 1.42035 -1.22462 -1.19445 2.20562 -1.11086 0.606549 0.0662777 -1.38233 -1.96054 -1.13132 -0.4772 
1.08845 -1.88379 -1.69646 1.42282 -1.22247 -1.20043 2.20308 -1.11086 0.606549 0.0662777 -1.38233 -1.96054 -1.13132 -0.4772 
1.08846 -1.88527 -1.69669 1.42423 -1.2203 -1.20596 2.20094 -1.11086 0.606549 0.0662777 -1.38233 -1.96054 -1.13132 -0.4772 
1.08947 -1.88561 -1.69591 1.42613 -1.21837 -1.20877 2.19832 -1.11086 0.606549 0.0662777 -1.38233 -1.96054 -1.13132 -0.4772 
1.08926 -1.88704 -1.69606 1.42709 -1.21701 -1.21328 2.19637 -1.11086 0.606549 0.0662777 -1.38233 -1.96054 -1.13132 -0.4772 
1.08937 -1.88783 -1.6954 1.42777 -1.21362 -1.21936 2.1925 -1.11086 0.606549 0.0662777 -1.38233 -1.96054 -1.13132 -0.4772 
1.08978 -1.88985 -1.6955 1.43101 -1.21125 -1.22585 2.1898 -1.11086 0.606549 0.0662777 -1.38233 -1.96054 -1.13132 -0.4772 
1.09241 -1.88948 -1.69338 1.43501 -1.20639 -1.23144 2.18436 -1.11086 0.606549 0.0662777 -1.38233 -1.96054 -1.13132 -0.4772 
1.09369 -1.89036 -1.6924 1.43801 -1.2028 -1.2374 2.18064 -1.11086 0.606549 0.0662777 -1.38233 -1.96054 -1.13132 -0.4772 
1.09383 -1.89129 -1.69216 1.43942 -1.20034 -1.24296 2.17737 -1.11086 0.606549 0.0662777 -1.38233 -1.96054 -1.13132 -0.4772 
1.09303 -1.89198 -1.69251 1.43878 -1.19885 -1.24728 2.17514 -1.11086 0.606549 0.0662777 -1.38233 -1.96054 -1.13132 -0.4772 
1.093 -1.89202 -1.6925 1.43875 -1.19863 -1.24771 2.17487 -1.11086 0.606549 0.0662777 -1.38233 -1.96054 -1.13132 -0.4772 
1.09297 -1.8921 -1.6926 1.43878 -1.19861 -1.24767 2.17483 -1.11086 0.606549 0.0662777 -1.38233 -1.96054 -1.13132 -0.4772 
1.09295 -1.89211 -1.69258 1.43884 -1.19894 -1.24774 2.17489 -1.11086 0.606549 0.0662777 -1.38233 -1.96054 -1.13132 -0.4772 
1.09296 -1.89214 -1.69262 1.43891 -1.19908 -1.24763 2.17493 -1.11086 0.606549 0.0662777 -1.38233 -1.96054 -1.13132 -0.4772 
1.09293 -1.89226 -1.6927 1.43902 -1.19936 -1.24757 2.17507 -1.11086 0.606549 0.0662777 -1.38233 -1.96054 -1.13132 -0.4772 
1.09291 -1.89224 -1.69269 1.43892 -1.19915 -1.24769 2.175 -1.11086 0.606549 0.0662777 -1.38233 -1.96054 -1.13132 -0.4772 
1.0929 -1.89225 -1.69266 1.4389 -1.19911 -1.24779 2.17499 -1.11086 0.606549 0.0662777 -1.38233 -1.96054 -1.13132 -0.4772 
1.09288 -1.89225 -1.69264 1.43885 -1.19899 -1.2479 2.17502 -1.11086 0.606549 0.0662777 -1.38233 -1.96054 -1.13132 -0.4772 
1.09288 -1.89226 -1.69266 1.43883 -1.19881 -1.24789 2.17502 -1.11086 0.606549 0.0662777 -1.38233 -1.96054 -1.13132 -0.4772 
1.09288 -1.8923 -1.69268 1.4389 -1.19901 -1.24787 2.17513 -1.11086 0.606549 0.0662777 -1.38233 -1.96054 -1.13132 -0.4772 
1.09288 -1.8923 -1.69271 1.43882 -1.19869 -1.24788 2.17505 -1.11086 0.606549 0.0662777 -1.38233 -1.96054 -1.13132 -0.4772 
1.09288 -1.89219 -1.6926 1.43869 -1.19844 -1.24806 2.17495 -1.11086 0.606549 0.0662777 -1.38233 -1.96054 -1.13132 -0.4772 
1.09286 -1.89221 -1.69263 1.43862 -1.19831 -1.24809 2.17485 -1.11086 0.606549 0.0662777 -1.38233 -1.96054 -1.13132 -0.4772 
1.09285 -1.89208 -1.69248 1.43843 -1.19805 -1.24841 2.17472 -1.11086 0.606549 0.0662777 -1.38233 -1.96054 -1.13132 -0.4772 
1.09285 -1.8921 -1.69253 1.4384 -1.19783 -1.24836 2.17467 -1.11086 0.606549 0.0662777 -1.38233 -1.96054 -1.13132 -0.4772 
1.09287 -1.89191 -1.69235 1.43823 -1.19752 -1.24858 2.17457 -1.11086 0.606549 0.0662777 -1.38233 -1.96054 -1.13132 -0.4772 
1.09285 -1.89197 -1.69241 1.43821 -1.19745 -1.24858 2.17452 -1.11086 0.606549 0.0662777 -1.38233 -1.96054 -1.13132 -0.4772 
1.09286 -1.89184 -1.69228 1.43809 -1.19728 -1.24875 2.17442 -1.11086 0.606549 0.0662777 -1.38233 -1.96054 -1.13132 -0.4772 
1.09607 -1.8968 -1.69182 1.45054 -1.20136 -1.23925 2.19369 -1.11086 0.606549 0.0662777 -1.38233 -1.96054 -1.13132 -0.4772 
1.09929 -1.90245 -1.69117 1.46385 -1.20557 -1.22948 2.21526 -1.11086 0.606549 0.0662777 -1.38233 -1.96054 -1.13132 -0.4772 
1.10243 -1.90809 -1.69025 1.47666 -1.20907 -1.22025 2.23678 -1.11086 0.606549 0.0662777 -1.38233 -1.96054 -1.13132 -0.4772 
1.10507 -1.91398 -1.68939 1.48911 -1.21272 -1.21149 2.25887 -1.11086 0.606549 0.0662777 -1.38233 -1.96054 -1.13132 -0.4772 
1.10714 -1.91994 -1.68853 1.50063 -1.21568 -1.2035 2.28117 -1.11086 0.606549 0.0662777 -1.38233 -1.96054 -1.13132 -0.4772 
1.10904 -1.92621 -1.6879 1.51235 -1.21938 -1.1952 2.30396 -1.11086 0.606549 0.0662777 -1.38233 -1.96054 -1.13132 -0.4772 
1.11089 -1.93277 -1.68731 1.52416 -1.22311 -1.18709 2.32697 -1.11086 0.606549 0.0662777 -1.38233 -1.96054 -1.13132 -0.4772 
1.11238 -1.93949 -1.6867 1.53561 -1.22677 -1.17942 2.35025 -1.11086 0.606549 0.0662777 -1.38233 -1.96054 -1.13132 -0.4772 
1.11383 -1.94623 -1.68614 1.54694 -1.2305 -1.17188 2.37319 -1.11086 0.606549 0.0662777 -1.38233 -1.96054 -1.13132 -0.4772 
1.11448 -1.95318 -1.68576 1.55736 -1.23402 -1.16511 2.3968 -1.11086 0.606549 0.0662777 -1.38233 -1.96054 -1.13132 -0.4772 
1.11357 -1.9606 -1.68581 1.56651 -1.23753 -1.15882 2.42283 -1.11086 0.606549 0.0662777 -1.38233 -1.96054 -1.13132 -0.4772 
1.11181 -1.96699 -1.68466 1.57482 -1.24289 -1.15418 2.45168 -1.11086 0.606549 0.0662777 -1.38233 -1.96054 -1.13132 -0.4772 
1.10881 -1.96699 -1.67809 1.57979 -1.25395 -1.1573 2.48263 -1.11086 0.606549 0.0662777 -1.38233 -1.96054 -1.13132 -0.4772 
1.10319 -1.96699 -1.67651 1.57578 -1.25444 -1.16251 2.50015 -1.11086 0.606549 0.0662777 -1.38233 -1.96054 -1.13132 -0.4772 
1.09563 -1.96699 -1.67458 1.56858 -1.25466 -1.17329 2.52249 -1.11086 0.606549 0.0662777 -1.38233 -1.96054 -1.13132 -0.4772 
1.08528 -1.96699 -1.67384 1.56116 -1.25847 -1.18364 2.55387 -1.11086 0.606549 0.0662777 -1.38233 -1.96054 -1.13132 -0.4772 
1.08047 -1.96699 -1.67403 1.55866 -1.25845 -1.17889 2.58157 -1.11086 0.606549 0.0662777 -1.38233 -1.96054 -1.13132 -0.4772 
1.07062 -1.96699 -1.67378 1.5522 -1.26169 -1.1842 2.61516 -1.11086 0.606549 0.0662777 -1.38233 -1.96054 -1.13132 -0.4772 
1.06267 -1.96698 -1.67372 1.54533 -1.26087 -1.18674 2.64132 -1.11086 0.606549 0.0662777 -1.38233 -1.96054 -1.13132 -0.4772 
1.05365 -1.96699 -1.67413 1.53852 -1.26323 -1.1893 2.66979 -1.11086 0.606549 0.0662777 -1.38233 -1.96054 -1.13132 -0.4772 
1.04473 -1.96699 -1.67465 1.53043 -1.26214 -1.192 2.69519 -1.11086 0.606549 0.0662777 -1.38233 -1.96054 -1.13132 -0.4772 
1.03526 -1.96698 -1.67513 1.52432 -1.26805 -1.19485 2.72369 -1.11086 0.606549 0.0662777 -1.38233 -1.96054 -1.13132 -0.4772 
1.02623 -1.96699 -1.67588 1.51759 -1.27188 -1.19854 2.74882 -1.11086 0.606549 0.0662777 -1.38233 -1.96054 -1.13132 -0.4772 
1.02729 -1.96596 -1.67566 1.52117 -1.27856 -1.18442 2.76216 -1.11086 0.606549 0.0662777 -1.38233 -1.96054 -1.13132 -0.4772 
1.02134 -1.96641 -1.67675 1.51212 -1.27225 -1.19455 2.76118 -1.11086 0.606549 0.0662777 -1.38233 -1.96054 -1.13132 -0.4772 
1.02089 -1.96583 -1.67727 1.51004 -1.27343 -1.19637 2.75237 -1.11086 0.606549 0.0662777 -1.38233 -1.96054 -1.13132 -0.4772 
1.02483 -1.96623 -1.67933 1.51712 -1.28651 -1.18959 2.7375 -1.11086 0.606549 0.0662777 -1.38233 -1.96054 -1.13132 -0.4772 
1.03017 -1.96451 -1.67835 1.51948 -1.29136 -1.19164 2.70158 -1.11086 0.606549 0.0662777 -1.38233 -1.96054 -1.13132 -0.4772 
1.04011 -1.96201 -1.67679 1.52764 -1.30234 -1.18546 2.66176 -1.11086 0.606549 0.0662777 -1.38233 -1.96054 -1.13132 -0.4772 
1.05265 -1.95513 -1.67016 1.53127 -1.30375 -1.18466 2.60563 -1.11086 0.606549 0.0662777 -1.38233 -1.96054 -1.13132 -0.4772 
1.06323 -1.95045 -1.66581 1.53362 -1.30612 -1.18799 2.54865 -1.11086 0.606549 0.0662777 -1.38233 -1.96054 -1.13132 -0.4772 
1.07386 -1.94695 -1.66334 1.53769 -1.31224 -1.18982 2.49175 -1.11086 0.606549 0.0662777 -1.38233 -1.96054 -1.13132 -0.4772 
