0.651836 -0.966714 -0.256854 1.48363 -2.47493 -1.91598 1.35325 -0.855885 0.563215 -0.314304 -1.5472 1.58053 1.19306 2.57342 
0.651432 -0.96903 -0.256913 1.47862 -2.47511 -1.91374 1.35164 -0.834065 0.570971 -0.305148 -1.53826 1.60576 1.15234 2.5658 
0.65143 -0.969038 -0.256913 1.4786 -2.47511 -1.91374 1.35164 -0.84653 0.578606 -0.296842 -1.53062 1.60719 1.18847 2.59851 
0.65143 -0.969038 -0.256913 1.4786 -2.47511 -1.91374 1.35164 -0.852576 0.583396 -0.292311 -1.52983 1.61365 1.20301 2.57534 
0.65143 -0.969038 -0.256913 1.4786 -2.47511 -1.91374 1.35164 -0.858225 0.589964 -0.289269 -1.52331 1.61721 1.21367 2.59345 
0.65143 -0.969038 -0.256913 1.4786 -2.47511 -1.91374 1.35164 -0.859646 0.594192 -0.288051 -1.51915 1.62038 1.21521 2.58666 
0.65143 -0.969038 -0.256913 1.4786 -2.47511 -1.91374 1.35164 -0.862717 0.599622 -0.287344 -1.5103 1.61788 1.2223 2.59612 
0.65143 -0.969038 -0.256913 1.4786 -2.47511 -1.91374 1.35164 -0.863939 0.601536 -0.286935 -1.5087 1.61952 1.22371 2.5888 
0.65143 -0.969038 -0.256913 1.4786 -2.47511 -1.91374 1.35164 -0.861947 0.60133 -0.290751 -1.50196 1.60727 1.22325 2.599 
0.65143 -0.969038 -0.256913 1.4786 -2.47511 -1.91374 1.35164 -0.865926 0.605199 -0.288044 -1.49936 1.61077 1.23072 2.61032 
0.65143 -0.969038 -0.256913 1.4786 -2.47511 -1.91374 1.35164 -0.869941 0.608392 -0.284708 -1.50074 1.61923 1.23605 2.6007 
0.65143 -0.969038 -0.256913 1.4786 -2.47511 -1.91374 1.35164 -0.87264 0.611497 -0.283453 -1.49706 1.61937 1.24233 2.60596 
0.65143 -0.969038 -0.256913 1.4786 -2.47511 -1.91374 1.35164 -0.873923 0.61459 -0.284132 -1.49068 1.61298 1.24809 2.61454 
0.65143 -0.969038 -0.256913 1.4786 -2.47511 -1.91374 1.35164 -0.874993 0.616211 -0.284167 -1.48825 1.61117 1.25049 2.62723 
0.65143 -0.969038 -0.256913 1.4786 -2.47511 -1.91374 1.35164 -0.877813 0.621439 -0.284075 -1.47846 1.6048 1.26003 2.63477 
0.65143 -0.969038 -0.256913 1.4786 -2.47511 -1.91374 1.35164 -0.877224 0.622799 -0.286683 -1.47112 1.59589 1.26152 2.64483 
0.65143 -0.969038 -0.256913 1.4786 -2.47511 -1.91374 1.35164 -0.878177 0.623809 -0.286255 -1.47186 1.59876 1.2613 2.61846 
0.65143 -0.969038 -0.256913 1.4786 -2.47511 -1.91374 1.35164 -0.880808 0.626873 -0.285439 -1.46894 1.59814 1.26733 2.61049 
0.65143 -0.969038 -0.256913 1.4786 -2.47511 -1.91374 1.35164 -0.882441 0.628822 -0.285772 -1.46642 1.59504 1.27153 2.6122 
0.65143 -0.969038 -0.256913 1.4786 -2.47511 -1.91374 1.35164 -0.886316 0.633795 -0.284847 -1.45991 1.59144 1.28199 2.6201 
0.65143 -0.969038 -0.256913 1.4786 -2.47511 -1.91374 1.35164 -0.88585 0.634331 -0.286723 -1.45568 1.58457 1.28396 2.62608 
0.65143 -0.969038 -0.256913 1.4786 -2.47511 -1.91374 1.35164 -0.888189 0.637606 -0.286284 -1.44921 1.57916 1.29303 2.64284 
0.65143 -0.969038 -0.256913 1.4786 -2.47511 -1.91374 1.35164 -0.890652 0.64034 -0.284144 -1.44683 1.5805 1.30003 2.6368 
0.65143 -0.969038 -0.256913 1.4786 -2.47511 -1.91374 1.35164 -0.889029 0.640218 -0.285145 -1.44311 1.57475 1.30177 2.63792 
0.65143 -0.969038 -0.256913 1.4786 -2.47511 -1.91374 1.35164 -0.883257 0.637359 -0.289045 -1.43877 1.56305 1.29756 2.65652 
0.65143 -0.969038 -0.256913 1.4786 -2.47511 -1.91374 1.35164 -0.876755 0.634709 -0.2918 -1.4365 1.55462 1.29082 2.65044 
0.65143 -0.969038 -0.256913 1.4786 -2.47511 -1.91374 1.35164 -0.872267 0.635362 -0.292206 -1.43342 1.55001 1.2877 2.6512 
0.65143 -0.969038 -0.256913 1.4786 -2.47511 -1.91374 1.35164 -0.862148 0.633388 -0.297946 -1.42538 1.53169 1.27971 2.67658 
0.65143 -0.969038 -0.256913 1.4786 -2.47511 -1.91374 1.35164 -0.856344 0.633316 -0.299108 -1.42218 1.5257 1.27416 2.66843 
0.65143 -0.969038 -0.256913 1.4786 -2.47511 -1.91374 1.35164 -0.850926 0.634322 -0.30091 -1.41314 1.51436 1.27516 2.69023 
0.65143 -0.969038 -0.256913 1.4786 -2.47511 -1.91374 1.35164 -0.844638 0.636127 -0.302603 -1.40643 1.50585 1.27155 2.70562 
0.65143 -0.969038 -0.256913 1.4786 -2.47511 -1.91374 1.35164 -0.838142 0.635846 -0.303682 -1.40378 1.50113 1.26468 2.70342 
0.65143 -0.969038 -0.256913 1.4786 -2.47511 -1.91374 1.35164 -0.828226 0.633564 -0.307639 -1.39987 1.48983 1.25447 2.71709 
0.65143 -0.969038 -0.256913 1.4786 -2.47511 -1.91374 1.35164 -0.822062 0.636555 -0.310602 -1.38949 1.47736 1.25459 2.7474 
0.65143 -0.969038 -0.256913 1.4786 -2.47511 -1.91374 1.35164 -0.813012 0.635009 -0.314234 -1.3862 1.46774 1.24407 2.75099 
0.65143 -0.969038 -0.256913 1.4786 -2.47511 -1.91374 1.35164 -0.806079 0.633586 -0.316203 -1.38692 1.46429 1.23339 2.75437 
0.65143 -0.969038 -0.256913 1.4786 -2.47511 -1.91374 1.35164 -0.800722 0.635266 -0.318726 -1.38132 1.45673 1.22962 2.77199 
0.65143 -0.969038 -0.256913 1.4786 -2.47511 -1.91374 1.35164 -0.793474 0.635566 -0.324397 -1.37354 1.44161 1.22577 2.7937 
0.65143 -0.969038 -0.256913 1.4786 -2.47511 -1.91374 1.35164 -0.793038 0.636806 -0.323997 -1.37276 1.44251 1.22497 2.79652 
0.65143 -0.969038 -0.256913 1.4786 -2.47511 -1.91374 1.35164 -0.791155 0.637201 -0.326087 -1.36952 1.43673 1.2252 2.8083 
0.65143 -0.969038 -0.256913 1.4786 -2.47511 -1.91374 1.35164 -0.787882 0.63474 -0.328515 -1.37007 1.43196 1.22003 2.8032 
