1.14983 -1.81934 -1.73491 1.51981 -1.36693 -0.783828 2.11935 -1.11007 0.610447 0.0654194 -1.37338 -1.9629 -1.13369 -0.471729 
1.13193 -1.82178 -1.74164 1.50012 -1.36614 -0.792674 2.13833 -1.11086 0.606558 0.0662759 -1.38231 -1.96055 -1.13132 -0.477188 
1.12821 -1.82442 -1.74042 1.49403 -1.35739 -0.804482 2.14173 -1.11086 0.606549 0.0662777 -1.38233 -1.96054 -1.13132 -0.4772 
1.12839 -1.82488 -1.73948 1.49283 -1.35214 -0.811254 2.13858 -1.11086 0.606549 0.0662777 -1.38233 -1.96054 -1.13132 -0.4772 
1.13172 -1.82192 -1.73678 1.49217 -1.34793 -0.812879 2.12959 -1.11086 0.606549 0.0662777 -1.38233 -1.96054 -1.13132 -0.4772 
1.13743 -1.81932 -1.73438 1.49436 -1.34771 -0.809432 2.12219 -1.11086 0.606549 0.0662777 -1.38233 -1.96054 -1.13132 -0.4772 
1.14348 -1.82017 -1.73377 1.50105 -1.34765 -0.809001 2.12064 -1.11086 0.606549 0.0662777 -1.38233 -1.96054 -1.13132 -0.4772 
1.14903 -1.82056 -1.73497 1.50962 -1.35195 -0.804048 2.12174 -1.11086 0.606549 0.0662777 -1.38233 -1.96054 -1.13132 -0.4772 
1.15261 -1.82092 -1.73523 1.51503 -1.3542 -0.801357 2.12166 -1.11086 0.606549 0.0662777 -1.38233 -1.96054 -1.13132 -0.4772 
1.15604 -1.81904 -1.73232 1.51712 -1.35006 -0.80288 2.11549 -1.11086 0.606549 0.0662777 -1.38233 -1.96054 -1.13132 -0.4772 
1.15857 -1.81825 -1.73136 1.51938 -1.34946 -0.801976 2.11285 -1.11086 0.606549 0.0662777 -1.38233 -1.96054 -1.13132 -0.4772 
1.15977 -1.81936 -1.73156 1.52153 -1.35027 -0.801588 2.11432 -1.11086 0.606549 0.0662777 -1.38233 -1.96054 -1.13132 -0.4772 
1.16102 -1.82013 -1.73259 1.52411 -1.35293 -0.799423 2.11658 -1.11086 0.606549 0.0662777 -1.38233 -1.96054 -1.13132 -0.4772 
1.16206 -1.8208 -1.73314 1.52607 -1.35423 -0.798214 2.11821 -1.11086 0.606549 0.0662777 -1.38233 -1.96054 -1.13132 -0.4772 
1.16281 -1.81989 -1.73215 1.52657 -1.35339 -0.798173 2.11574 -1.11086 0.606549 0.0662777 -1.38233 -1.96054 -1.13132 -0.4772 
1.1651 -1.81768 -1.72975 1.52713 -1.34931 -0.799551 2.10981 -1.11086 0.606549 0.0662777 -1.38233 -1.96054 -1.13132 -0.4772 
1.16848 -1.81716 -1.7288 1.53012 -1.34867 -0.79912 2.10721 -1.11086 0.606549 0.0662777 -1.38233 -1.96054 -1.13132 -0.4772 
1.17157 -1.81757 -1.72872 1.53401 -1.34951 -0.797643 2.107 -1.11086 0.606549 0.0662777 -1.38233 -1.96054 -1.13132 -0.4772 
1.17272 -1.81857 -1.72934 1.53649 -1.35006 -0.797717 2.1093 -1.11086 0.606549 0.0662777 -1.38233 -1.96054 -1.13132 -0.4772 
1.17246 -1.82015 -1.73023 1.53784 -1.35233 -0.796809 2.11144 -1.11086 0.606549 0.0662777 -1.38233 -1.96054 -1.13132 -0.4772 
1.1726 -1.8196 -1.72958 1.53767 -1.3522 -0.796098 2.11025 -1.11086 0.606549 0.0662777 -1.38233 -1.96054 -1.13132 -0.4772 
1.17279 -1.81967 -1.7302 1.53809 -1.35303 -0.795634 2.11077 -1.11086 0.606549 0.0662777 -1.38233 -1.96054 -1.13132 -0.4772 
1.17266 -1.81996 -1.72908 1.53745 -1.35098 -0.797456 2.11003 -1.11086 0.606549 0.0662777 -1.38233 -1.96054 -1.13132 -0.4772 
1.1731 -1.81986 -1.73029 1.53868 -1.354 -0.794422 2.11181 -1.11086 0.606549 0.0662777 -1.38233 -1.96054 -1.13132 -0.4772 
1.17328 -1.81934 -1.73004 1.53868 -1.35361 -0.794057 2.11155 -1.11086 0.606549 0.0662777 -1.38233 -1.96054 -1.13132 -0.4772 
1.17319 -1.81963 -1.73011 1.53865 -1.35353 -0.794265 2.11207 -1.11086 0.606549 0.0662777 -1.38233 -1.96054 -1.13132 -0.4772 
1.17375 -1.81821 -1.72912 1.53836 -1.35249 -0.793869 2.11006 -1.11086 0.606549 0.0662777 -1.38233 -1.96054 -1.13132 -0.4772 
1.17331 -1.81864 -1.72902 1.53783 -1.35121 -0.796101 2.10959 -1.11086 0.606549 0.0662777 -1.38233 -1.96054 -1.13132 -0.4772 
1.17317 -1.81914 -1.729 1.53749 -1.35088 -0.797226 2.10942 -1.11086 0.606549 0.0662777 -1.38233 -1.96054 -1.13132 -0.4772 
1.17341 -1.81823 -1.72871 1.53758 -1.35152 -0.7957 2.10851 -1.11086 0.606549 0.0662777 -1.38233 -1.96054 -1.13132 -0.4772 
1.17396 -1.81669 -1.72788 1.53712 -1.3509 -0.794862 2.10567 -1.11086 0.606549 0.0662777 -1.38233 -1.96054 -1.13132 -0.4772 
1.17323 -1.81852 -1.72972 1.53776 -1.35378 -0.79443 2.10817 -1.11086 0.606549 0.0662777 -1.38233 -1.96054 -1.13132 -0.4772 
1.17311 -1.8186 -1.72994 1.53765 -1.35409 -0.794678 2.10818 -1.11086 0.606549 0.0662777 -1.38233 -1.96054 -1.13132 -0.4772 
1.1731 -1.81868 -1.72988 1.53758 -1.35395 -0.794431 2.10849 -1.11086 0.606549 0.0662777 -1.38233 -1.96054 -1.13132 -0.4772 
1.17342 -1.8182 -1.72983 1.53792 -1.35474 -0.79348 2.108 -1.11086 0.606549 0.0662777 -1.38233 -1.96054 -1.13132 -0.4772 
1.17351 -1.81692 -1.72777 1.53627 -1.35013 -0.796509 2.10467 -1.11086 0.606549 0.0662777 -1.38233 -1.96054 -1.13132 -0.4772 
1.1734 -1.81698 -1.72721 1.53573 -1.34881 -0.79778 2.10335 -1.11086 0.606549 0.0662777 -1.38233 -1.96054 -1.13132 -0.4772 
1.17427 -1.81596 -1.72732 1.53659 -1.35017 -0.79481 2.1035 -1.11086 0.606549 0.0662777 -1.38233 -1.96054 -1.13132 -0.4772 
1.17415 -1.81619 -1.72767 1.5367 -1.35042 -0.794888 2.10353 -1.11086 0.606549 0.0662777 -1.38233 -1.96054 -1.13132 -0.4772 
1.17429 -1.81579 -1.72716 1.53641 -1.34967 -0.795533 2.10313 -1.11086 0.606549 0.0662777 -1.38233 -1.96054 -1.13132 -0.4772 
1.17417 -1.81616 -1.72712 1.53635 -1.34939 -0.795854 2.10314 -1.11086 0.606549 0.0662777 -1.38233 -1.96054 -1.13132 -0.4772 
1.17376 -1.81732 -1.72936 1.53767 -1.35357 -0.793427 2.10708 -1.11086 0.606549 0.0662777 -1.38233 -1.96054 -1.13132 -0.4772 
1.17369 -1.81702 -1.72843 1.53726 -1.35147 -0.794989 2.10636 -1.11086 0.606549 0.0662777 -1.38233 -1.96054 -1.13132 -0.4772 
1.17363 -1.81741 -1.72797 1.53725 -1.35011 -0.796393 2.10664 -1.11086 0.606549 0.0662777 -1.38233 -1.96054 -1.13132 -0.4772 
1.17332 -1.81794 -1.72846 1.5372 -1.35032 -0.797054 2.10794 -1.11086 0.606549 0.0662777 -1.38233 -1.96054 -1.13132 -0.4772 
1.17359 -1.81766 -1.72815 1.53733 -1.3505 -0.796524 2.10752 -1.11086 0.606549 0.0662777 -1.38233 -1.96054 -1.13132 -0.4772 
1.17372 -1.81756 -1.72842 1.53761 -1.351 -0.79557 2.10875 -1.11086 0.606549 0.0662777 -1.38233 -1.96054 -1.13132 -0.4772 
1.17308 -1.81884 -1.72912 1.5378 -1.3522 -0.795763 2.11042 -1.11086 0.606549 0.0662777 -1.38233 -1.96054 -1.13132 -0.4772 
1.17323 -1.81861 -1.72901 1.53786 -1.35205 -0.795961 2.11053 -1.11086 0.606549 0.0662777 -1.38233 -1.96054 -1.13132 -0.4772 
1.17251 -1.82003 -1.72975 1.53779 -1.35264 -0.796734 2.11226 -1.11086 0.606549 0.0662777 -1.38233 -1.96054 -1.13132 -0.4772 
1.17341 -1.81836 -1.72894 1.53812 -1.3525 -0.79461 2.11057 -1.11086 0.606549 0.0662777 -1.38233 -1.96054 -1.13132 -0.4772 
1.17366 -1.81734 -1.72793 1.53748 -1.3506 -0.795521 2.10809 -1.11086 0.606549 0.0662777 -1.38233 -1.96054 -1.13132 -0.4772 
1.17343 -1.81766 -1.72835 1.53749 -1.35108 -0.795676 2.10819 -1.11086 0.606549 0.0662777 -1.38233 -1.96054 -1.13132 -0.4772 
1.17347 -1.81809 -1.72897 1.53792 -1.35267 -0.794523 2.10969 -1.11086 0.606549 0.0662777 -1.38233 -1.96054 -1.13132 -0.4772 
1.17329 -1.81809 -1.72907 1.53775 -1.3528 -0.794703 2.10901 -1.11086 0.606549 0.0662777 -1.38233 -1.96054 -1.13132 -0.4772 
1.17318 -1.81815 -1.72877 1.53733 -1.35156 -0.79587 2.10849 -1.11086 0.606549 0.0662777 -1.38233 -1.96054 -1.13132 -0.4772 
1.1736 -1.8173 -1.72871 1.53763 -1.35214 -0.794579 2.10776 -1.11086 0.606549 0.0662777 -1.38233 -1.96054 -1.13132 -0.4772 
1.17342 -1.81734 -1.72858 1.53752 -1.35211 -0.794461 2.10791 -1.11086 0.606549 0.0662777 -1.38233 -1.96054 -1.13132 -0.4772 
1.17386 -1.8167 -1.7286 1.53774 -1.3523 -0.793863 2.10754 -1.11086 0.606549 0.0662777 -1.38233 -1.96054 -1.13132 -0.4772 
1.17354 -1.81742 -1.72884 1.53783 -1.35264 -0.794008 2.10856 -1.11086 0.606549 0.0662777 -1.38233 -1.96054 -1.13132 -0.4772 
1.17408 -1.82009 -1.72891 1.54076 -1.35163 -0.795368 2.11613 -1.11086 0.606549 0.0662777 -1.38233 -1.96054 -1.13132 -0.4772 
1.17372 -1.8287 -1.73036 1.54755 -1.35173 -0.79861 2.13791 -1.11086 0.606549 0.0662777 -1.38233 -1.96054 -1.13132 -0.4772 
1.1723 -1.83983 -1.73381 1.55593 -1.35488 -0.800382 2.16736 -1.11086 0.606549 0.0662777 -1.38233 -1.96054 -1.13132 -0.4772 
1.16835 -1.85448 -1.73917 1.56365 -1.35878 -0.805464 2.20271 -1.11086 0.606549 0.0662777 -1.38233 -1.96054 -1.13132 -0.4772 
1.16503 -1.86639 -1.74093 1.5696 -1.35628 -0.812509 2.23591 -1.11086 0.606549 0.0662777 -1.38233 -1.96054 -1.13132 -0.4772 
1.15949 -1.88107 -1.74518 1.57549 -1.35657 -0.820113 2.27481 -1.11086 0.606549 0.0662777 -1.38233 -1.96054 -1.13132 -0.4772 
1.15452 -1.89344 -1.74716 1.58013 -1.35265 -0.82792 2.31352 -1.11086 0.606549 0.0662777 -1.38233 -1.96054 -1.13132 -0.4772 
1.14753 -1.90743 -1.7497 1.58401 -1.34831 -0.837628 2.35618 -1.11086 0.606549 0.0662777 -1.38233 -1.96054 -1.13132 -0.4772 
1.13937 -1.92127 -1.75147 1.58526 -1.34043 -0.850655 2.39832 -1.11086 0.606549 0.0662777 -1.38233 -1.96054 -1.13132 -0.4772 
1.12976 -1.9365 -1.75514 1.58745 -1.33641 -0.860651 2.44789 -1.11086 0.606549 0.0662777 -1.38233 -1.96054 -1.13132 -0.4772 
1.12091 -1.94901 -1.75643 1.58687 -1.32797 -0.873638 2.4864 -1.11086 0.606549 0.0662777 -1.38233 -1.96054 -1.13132 -0.4772 
1.1115 -1.96176 -1.75838 1.58565 -1.31976 -0.887224 2.524 -1.11086 0.606549 0.0662777 -1.38233 -1.96054 -1.13132 -0.4772 
1.10512 -1.96699 -1.75294 1.586 -1.31958 -0.900881 2.56404 -1.11086 0.606549 0.0662777 -1.38233 -1.96054 -1.13132 -0.4772 
1.09634 -1.96699 -1.74557 1.57919 -1.32066 -0.923077 2.59195 -1.11086 0.606549 0.0662777 -1.38233 -1.96054 -1.13132 -0.4772 
1.09151 -1.96699 -1.74316 1.57335 -1.31524 -0.929403 2.60306 -1.11086 0.606549 0.0662777 -1.38233 -1.96054 -1.13132 -0.4772 
1.08823 -1.96699 -1.74184 1.57026 -1.31601 -0.931685 2.61173 -1.11086 0.606549 0.0662777 -1.38233 -1.96054 -1.13132 -0.4772 
1.08404 -1.96699 -1.74057 1.56576 -1.31824 -0.939581 2.61501 -1.11086 0.606549 0.0662777 -1.38233 -1.96054 -1.13132 -0.4772 
1.08414 -1.96689 -1.74095 1.56524 -1.32181 -0.937791 2.60903 -1.11086 0.606549 0.0662777 -1.38233 -1.96054 -1.13132 -0.4772 
1.08526 -1.96625 -1.7413 1.56546 -1.32665 -0.936552 2.59655 -1.11086 0.606549 0.0662777 -1.38233 -1.96054 -1.13132 -0.4772 
1.08791 -1.96563 -1.74278 1.56737 -1.33578 -0.933308 2.57821 -1.11086 0.606549 0.0662777 -1.38233 -1.96054 -1.13132 -0.4772 
1.09141 -1.9646 -1.74444 1.56923 -1.34537 -0.931431 2.55069 -1.11086 0.606549 0.0662777 -1.38233 -1.96054 -1.13132 -0.4772 
1.09685 -1.96181 -1.74402 1.56966 -1.35052 -0.932383 2.51065 -1.11086 0.606549 0.0662777 -1.38233 -1.96054 -1.13132 -0.4772 
1.1025 -1.95917 -1.74418 1.57011 -1.35646 -0.933962 2.46658 -1.11086 0.606549 0.0662777 -1.38233 -1.96054 -1.13132 -0.4772 
1.10947 -1.95587 -1.74374 1.57108 -1.36296 -0.933692 2.42081 -1.11086 0.606549 0.0662777 -1.38233 -1.96054 -1.13132 -0.4772 
1.11766 -1.9474 -1.73571 1.55357 -1.34801 -0.961653 2.30715 -1.11086 0.606549 0.0662777 -1.38233 -1.96054 -1.13132 -0.4772 
1.11652 -1.9478 -1.73584 1.5512 -1.34626 -0.965631 2.30214 -1.11086 0.606549 0.0662777 -1.38233 -1.96054 -1.13132 -0.4772 
1.12437 -1.94161 -1.73152 1.54753 -1.34542 -0.970526 2.24462 -1.11086 0.606549 0.0662777 -1.38233 -1.96054 -1.13132 -0.4772 
1.13102 -1.93778 -1.72963 1.54499 -1.34868 -0.974445 2.19014 -1.11086 0.606549 0.0662777 -1.38233 -1.96054 -1.13132 -0.4772 
1.13779 -1.93302 -1.7271 1.54165 -1.3505 -0.978111 2.13611 -1.11086 0.606549 0.0662777 -1.38233 -1.96054 -1.13132 -0.4772 
1.14348 -1.92923 -1.72468 1.53796 -1.35142 -0.982659 2.08637 -1.11086 0.606549 0.0662777 -1.38233 -1.96054 -1.13132 -0.4772 
