1.02601 -1.69222 -1.46721 1.25295 -1.38822 -1.38761 2.09591 -1.87448 1.45888 -1.4539 1.58924 2.81635 0.490842 -2.56233 
1.02751 -1.68874 -1.4638 1.25202 -1.38773 -1.3816 2.08887 -1.86896 1.46003 -1.44452 1.57268 2.80179 0.52392 -2.59303 
1.02799 -1.68737 -1.46361 1.25166 -1.38847 -1.37974 2.08618 -1.86597 1.47243 -1.4341 1.56734 2.78518 0.534517 -2.62963 
1.02779 -1.68636 -1.46383 1.24981 -1.38816 -1.38065 2.08072 -1.86568 1.46177 -1.4381 1.56323 2.78518 0.54181 -2.62401 
1.02673 -1.6872 -1.46437 1.24596 -1.38701 -1.38486 2.0751 -1.86676 1.45681 -1.44182 1.56392 2.7872 0.539204 -2.61604 
1.02709 -1.68831 -1.46515 1.24749 -1.38787 -1.38523 2.07977 -1.86647 1.44902 -1.44575 1.56138 2.78857 0.542064 -2.6086 
1.03005 -1.68953 -1.46687 1.25505 -1.38898 -1.38563 2.08997 -1.86358 1.45104 -1.44411 1.55467 2.78577 0.550925 -2.6163 
1.03602 -1.69024 -1.46858 1.26839 -1.39051 -1.3855 2.09875 -1.86114 1.45067 -1.44358 1.54951 2.78072 0.557756 -2.6251 
1.0466 -1.68675 -1.46608 1.28723 -1.38922 -1.38018 2.10644 -1.85819 1.45695 -1.44022 1.54402 2.77737 0.564727 -2.6366 
1.05502 -1.68485 -1.46545 1.30352 -1.39023 -1.37566 2.11449 -1.85559 1.4644 -1.43551 1.53994 2.77068 0.570138 -2.65406 
1.06347 -1.68223 -1.46423 1.31846 -1.39234 -1.36815 2.12213 -1.85375 1.46916 -1.43351 1.53582 2.77262 0.574903 -2.65657 
1.0674 -1.68164 -1.46422 1.32655 -1.39252 -1.36672 2.12693 -1.8532 1.46901 -1.43277 1.5343 2.76854 0.576059 -2.66294 
1.07128 -1.68043 -1.46353 1.33384 -1.39207 -1.3653 2.13001 -1.8526 1.47102 -1.43147 1.53277 2.76684 0.576603 -2.66763 
1.07521 -1.67953 -1.4632 1.34135 -1.39175 -1.36416 2.13392 -1.85181 1.46589 -1.43439 1.52892 2.77071 0.58096 -2.6585 
1.0792 -1.67942 -1.46352 1.3495 -1.39278 -1.36294 2.13877 -1.85138 1.46609 -1.43377 1.52686 2.76865 0.582974 -2.66233 
1.08456 -1.67892 -1.46353 1.35972 -1.39286 -1.36179 2.14462 -1.85095 1.4804 -1.42674 1.52745 2.7639 0.578926 -2.68032 
1.08957 -1.67865 -1.46388 1.37003 -1.39321 -1.36053 2.15205 -1.85197 1.48807 -1.42495 1.53022 2.76486 0.570581 -2.68272 
1.09473 -1.67851 -1.46448 1.38154 -1.39463 -1.35848 2.15969 -1.85157 1.48995 -1.42472 1.52864 2.7654 0.570034 -2.68293 
1.0995 -1.6786 -1.46489 1.3922 -1.3943 -1.35891 2.1654 -1.85024 1.48507 -1.42747 1.52314 2.76884 0.576223 -2.67516 
1.10164 -1.6787 -1.46484 1.39662 -1.39273 -1.36079 2.16721 -1.85201 1.48402 -1.42759 1.52537 2.76909 0.572782 -2.6731 
1.1015 -1.68028 -1.46548 1.39782 -1.39069 -1.36497 2.16963 -1.85259 1.48785 -1.4238 1.52483 2.7676 0.574422 -2.67985 
1.09861 -1.68342 -1.4673 1.39481 -1.38964 -1.37067 2.17097 -1.85044 1.49339 -1.41593 1.5174 2.76155 0.589567 -2.69968 
1.34435 -1.58495 -1.57409 1.91503 -1.59334 -1.1819 2.4081 -1.85075 1.49228 -1.41735 1.51867 2.76261 0.587008 -2.69637 
1.36511 -1.57441 -1.59082 1.95896 -1.62302 -1.16614 2.43098 -1.85076 1.49226 -1.41737 1.51868 2.76267 0.586995 -2.6964 
2.37021 -2.01656 -2.54066 1.62987 -2.06756 -1.99675 0.789046 -1.85334 1.96972 1.38051 1.58943 2.17324 1.245 -1.0952 
