1.09554 -1.84913 -1.68858 1.34035 1.98248 1.17221 -1.13868 -1.10171 0.60624 0.0521724 -1.38233 -1.95321 -1.1364 -0.479482 
1.09477 -1.84927 -1.68906 1.34049 1.98171 1.17122 -1.13724 -1.10171 0.60624 0.0521724 -1.38233 -1.95321 -1.1364 -0.479482 
1.09312 -1.8498 -1.68888 1.33683 1.98561 1.17785 -1.13755 -1.10171 0.60624 0.0521724 -1.38233 -1.95321 -1.1364 -0.479482 
1.09363 -1.84883 -1.68749 1.33518 1.98932 1.18173 -1.14032 -1.10171 0.60624 0.0521724 -1.38233 -1.95321 -1.1364 -0.479482 
1.09325 -1.84958 -1.68842 1.33512 1.98919 1.18389 -1.13978 -1.10171 0.60624 0.0521724 -1.38233 -1.95321 -1.1364 -0.479482 
1.09454 -1.84973 -1.68866 1.33735 1.98746 1.18179 -1.14007 -1.10171 0.60624 0.0521724 -1.38233 -1.95321 -1.1364 -0.479482 
1.09684 -1.8488 -1.68769 1.33777 1.98708 1.17999 -1.14406 -1.10171 0.60624 0.0521724 -1.38233 -1.95321 -1.1364 -0.479482 
1.09925 -1.84812 -1.68642 1.33751 1.98737 1.18002 -1.1497 -1.10171 0.60624 0.0521724 -1.38233 -1.95321 -1.1364 -0.479482 
1.10136 -1.84781 -1.68529 1.33786 1.98871 1.18035 -1.15161 -1.10171 0.60624 0.0521724 -1.38233 -1.95321 -1.1364 -0.479482 
1.10453 -1.84799 -1.68372 1.34064 1.99021 1.18033 -1.15243 -1.10171 0.60624 0.0521724 -1.38233 -1.95321 -1.1364 -0.479482 
1.10755 -1.84905 -1.68307 1.3444 1.99076 1.18141 -1.15291 -1.10171 0.60624 0.0521724 -1.38233 -1.95321 -1.1364 -0.479482 
1.1117 -1.84821 -1.68147 1.34878 1.99163 1.17933 -1.15473 -1.10171 0.60624 0.0521724 -1.38233 -1.95321 -1.1364 -0.479482 
1.1142 -1.84863 -1.68108 1.35282 1.99073 1.17791 -1.15477 -1.10171 0.60624 0.0521724 -1.38233 -1.95321 -1.1364 -0.479482 
1.116 -1.84888 -1.68001 1.35448 1.99201 1.17925 -1.15635 -1.10171 0.60624 0.0521724 -1.38233 -1.95321 -1.1364 -0.479482 
1.11772 -1.84828 -1.67848 1.35537 1.99435 1.18053 -1.15847 -1.10171 0.60624 0.0521724 -1.38233 -1.95321 -1.1364 -0.479482 
1.11887 -1.84826 -1.67748 1.3561 1.9955 1.18138 -1.15981 -1.10171 0.60624 0.0521724 -1.38233 -1.95321 -1.1364 -0.479482 
1.12089 -1.84759 -1.67706 1.35849 1.99493 1.17886 -1.16025 -1.10171 0.60624 0.0521724 -1.38233 -1.95321 -1.1364 -0.479482 
1.12239 -1.84814 -1.67651 1.36022 1.99489 1.17876 -1.16044 -1.10171 0.60624 0.0521724 -1.38233 -1.95321 -1.1364 -0.479482 
1.12261 -1.84878 -1.67649 1.36042 1.99559 1.18079 -1.16105 -1.10171 0.60624 0.0521724 -1.38233 -1.95321 -1.1364 -0.479482 
1.12177 -1.85007 -1.67736 1.36035 1.9955 1.18329 -1.16012 -1.10171 0.60624 0.0521724 -1.38233 -1.95321 -1.1364 -0.479482 
1.12317 -1.84958 -1.6768 1.36211 1.9956 1.18133 -1.15972 -1.10171 0.60624 0.0521724 -1.38233 -1.95321 -1.1364 -0.479482 
1.12419 -1.84954 -1.67619 1.36285 1.99592 1.18114 -1.16043 -1.10171 0.60624 0.0521724 -1.38233 -1.95321 -1.1364 -0.479482 
1.12488 -1.85087 -1.67739 1.36533 1.99327 1.17901 -1.1577 -1.10171 0.60624 0.0521724 -1.38233 -1.95321 -1.1364 -0.479482 
1.12488 -1.85131 -1.67682 1.36512 1.99452 1.18097 -1.15895 -1.10171 0.60624 0.0521724 -1.38233 -1.95321 -1.1364 -0.479482 
1.12571 -1.8504 -1.67578 1.36432 1.99649 1.18227 -1.16118 -1.10171 0.60624 0.0521724 -1.38233 -1.95321 -1.1364 -0.479482 
1.12548 -1.8513 -1.67581 1.36424 1.99696 1.18409 -1.16118 -1.10171 0.60624 0.0521724 -1.38233 -1.95321 -1.1364 -0.479482 
1.12597 -1.85143 -1.67609 1.36518 1.99597 1.18354 -1.16108 -1.10171 0.60624 0.0521724 -1.38233 -1.95321 -1.1364 -0.479482 
1.12618 -1.85122 -1.67554 1.36509 1.997 1.18422 -1.16171 -1.10171 0.60624 0.0521724 -1.38233 -1.95321 -1.1364 -0.479482 
1.12864 -1.85165 -1.67565 1.36886 1.99492 1.18111 -1.16056 -1.10171 0.60624 0.0521724 -1.38233 -1.95321 -1.1364 -0.479482 
1.13066 -1.85046 -1.67423 1.37021 1.99672 1.18094 -1.16261 -1.10171 0.60624 0.0521724 -1.38233 -1.95321 -1.1364 -0.479482 
1.13134 -1.85145 -1.67385 1.37044 1.99757 1.18362 -1.16387 -1.10171 0.60624 0.0521724 -1.38233 -1.95321 -1.1364 -0.479482 
1.13224 -1.85232 -1.67384 1.3721 1.99667 1.18277 -1.16333 -1.10171 0.60624 0.0521724 -1.38233 -1.95321 -1.1364 -0.479482 
1.13341 -1.85172 -1.67343 1.37353 1.99742 1.1826 -1.16358 -1.10171 0.60624 0.0521724 -1.38233 -1.95321 -1.1364 -0.479482 
1.13438 -1.85293 -1.67382 1.37595 1.99641 1.18222 -1.16217 -1.10171 0.60624 0.0521724 -1.38233 -1.95321 -1.1364 -0.479482 
1.13555 -1.85288 -1.6735 1.37821 1.99589 1.18075 -1.16187 -1.10171 0.60624 0.0521724 -1.38233 -1.95321 -1.1364 -0.479482 
1.13665 -1.85176 -1.67216 1.37822 1.99771 1.18074 -1.16401 -1.10171 0.60624 0.0521724 -1.38233 -1.95321 -1.1364 -0.479482 
1.13673 -1.8519 -1.6723 1.37877 1.99671 1.17955 -1.16358 -1.10171 0.60624 0.0521724 -1.38233 -1.95321 -1.1364 -0.479482 
1.1367 -1.8517 -1.67144 1.3771 1.99918 1.18241 -1.16523 -1.10171 0.60624 0.0521724 -1.38233 -1.95321 -1.1364 -0.479482 
1.13666 -1.85178 -1.67144 1.37667 1.99949 1.18269 -1.16498 -1.10171 0.60624 0.0521724 -1.38233 -1.95321 -1.1364 -0.479482 
1.13669 -1.85185 -1.6711 1.37644 1.99988 1.18316 -1.16537 -1.10171 0.60624 0.0521724 -1.38233 -1.95321 -1.1364 -0.479482 
1.1371 -1.85162 -1.67116 1.37681 1.99982 1.18243 -1.16488 -1.10171 0.60624 0.0521724 -1.38233 -1.95321 -1.1364 -0.479482 
1.13622 -1.85296 -1.67196 1.37679 1.99883 1.18346 -1.16402 -1.10171 0.60624 0.0521724 -1.38233 -1.95321 -1.1364 -0.479482 
1.13674 -1.85214 -1.67132 1.37671 1.99991 1.18352 -1.16439 -1.10171 0.60624 0.0521724 -1.38233 -1.95321 -1.1364 -0.479482 
1.13539 -1.85452 -1.6734 1.37744 1.99682 1.1837 -1.16194 -1.10171 0.60624 0.0521724 -1.38233 -1.95321 -1.1364 -0.479482 
1.13522 -1.85446 -1.67337 1.37692 1.99709 1.18417 -1.16268 -1.10171 0.60624 0.0521724 -1.38233 -1.95321 -1.1364 -0.479482 
1.13518 -1.85457 -1.67354 1.37721 1.99685 1.18405 -1.16178 -1.10171 0.60624 0.0521724 -1.38233 -1.95321 -1.1364 -0.479482 
1.13573 -1.85345 -1.67229 1.3768 1.99836 1.18398 -1.16279 -1.10171 0.60624 0.0521724 -1.38233 -1.95321 -1.1364 -0.479482 
1.13625 -1.85281 -1.67183 1.37719 1.99854 1.18294 -1.16367 -1.10171 0.60624 0.0521724 -1.38233 -1.95321 -1.1364 -0.479482 
1.13631 -1.85344 -1.67224 1.3777 1.99754 1.18253 -1.16284 -1.10171 0.60624 0.0521724 -1.38233 -1.95321 -1.1364 -0.479482 
1.13598 -1.85345 -1.67217 1.37725 1.99833 1.18339 -1.16314 -1.10171 0.60624 0.0521724 -1.38233 -1.95321 -1.1364 -0.479482 
1.1367 -1.8532 -1.6726 1.37871 1.99671 1.18059 -1.16236 -1.10171 0.60624 0.0521724 -1.38233 -1.95321 -1.1364 -0.479482 
1.13689 -1.85315 -1.67227 1.37852 1.99704 1.18093 -1.16312 -1.10171 0.60624 0.0521724 -1.38233 -1.95321 -1.1364 -0.479482 
1.13664 -1.85315 -1.67255 1.3785 1.99704 1.1809 -1.16271 -1.10171 0.60624 0.0521724 -1.38233 -1.95321 -1.1364 -0.479482 
1.13653 -1.85334 -1.67259 1.37809 1.99716 1.18134 -1.16246 -1.10171 0.60624 0.0521724 -1.38233 -1.95321 -1.1364 -0.479482 
1.13688 -1.85335 -1.67257 1.37905 1.99625 1.17992 -1.16203 -1.10171 0.60624 0.0521724 -1.38233 -1.95321 -1.1364 -0.479482 
1.13713 -1.85187 -1.67157 1.37779 1.99815 1.18086 -1.16496 -1.10171 0.60624 0.0521724 -1.38233 -1.95321 -1.1364 -0.479482 
1.13684 -1.85296 -1.67271 1.37881 1.99595 1.17978 -1.16339 -1.10171 0.60624 0.0521724 -1.38233 -1.95321 -1.1364 -0.479482 
1.13714 -1.85226 -1.67199 1.37812 1.99697 1.18024 -1.1653 -1.10171 0.60624 0.0521724 -1.38233 -1.95321 -1.1364 -0.479482 
1.13676 -1.85254 -1.67241 1.37807 1.99664 1.18038 -1.16533 -1.10171 0.60624 0.0521724 -1.38233 -1.95321 -1.1364 -0.479482 
1.13688 -1.85183 -1.67181 1.37731 1.9977 1.18111 -1.16648 -1.10171 0.60624 0.0521724 -1.38233 -1.95321 -1.1364 -0.479482 
1.13635 -1.85287 -1.67232 1.37719 1.99725 1.18204 -1.16647 -1.10171 0.60624 0.0521724 -1.38233 -1.95321 -1.1364 -0.479482 
1.13801 -1.85034 -1.6709 1.37762 1.99846 1.17937 -1.16826 -1.10171 0.60624 0.0521724 -1.38233 -1.95321 -1.1364 -0.479482 
1.13748 -1.85285 -1.67322 1.37969 1.99453 1.17771 -1.16361 -1.10171 0.60624 0.0521724 -1.38233 -1.95321 -1.1364 -0.479482 
1.13657 -1.85324 -1.67333 1.37852 1.99514 1.17989 -1.16432 -1.10171 0.60624 0.0521724 -1.38233 -1.95321 -1.1364 -0.479482 
1.13683 -1.85214 -1.67228 1.37743 1.99723 1.18099 -1.16654 -1.10171 0.60624 0.0521724 -1.38233 -1.95321 -1.1364 -0.479482 
1.13704 -1.85229 -1.67214 1.37777 1.99715 1.18044 -1.16621 -1.10171 0.60624 0.0521724 -1.38233 -1.95321 -1.1364 -0.479482 
1.13707 -1.85168 -1.67192 1.37743 1.99757 1.18058 -1.16732 -1.10171 0.60624 0.0521724 -1.38233 -1.95321 -1.1364 -0.479482 
1.13662 -1.85213 -1.67195 1.37668 1.99844 1.18234 -1.16741 -1.10171 0.60624 0.0521724 -1.38233 -1.95321 -1.1364 -0.479482 
1.13747 -1.85148 -1.67153 1.37766 1.99803 1.18034 -1.1674 -1.10171 0.60624 0.0521724 -1.38233 -1.95321 -1.1364 -0.479482 
1.13705 -1.85157 -1.67181 1.37704 1.9981 1.18114 -1.16768 -1.10171 0.60624 0.0521724 -1.38233 -1.95321 -1.1364 -0.479482 
1.13747 -1.85156 -1.67175 1.37797 1.99722 1.17955 -1.16709 -1.10171 0.60624 0.0521724 -1.38233 -1.95321 -1.1364 -0.479482 
1.13748 -1.85128 -1.67134 1.37728 1.99847 1.18068 -1.16812 -1.10171 0.60624 0.0521724 -1.38233 -1.95321 -1.1364 -0.479482 
1.13699 -1.85258 -1.67288 1.37862 1.99581 1.17912 -1.16571 -1.10171 0.60624 0.0521724 -1.38233 -1.95321 -1.1364 -0.479482 
1.13735 -1.85222 -1.67267 1.37895 1.99594 1.1782 -1.16535 -1.10171 0.60624 0.0521724 -1.38233 -1.95321 -1.1364 -0.479482 
1.13636 -1.85382 -1.67356 1.37853 1.99546 1.18005 -1.16428 -1.10171 0.60624 0.0521724 -1.38233 -1.95321 -1.1364 -0.479482 
1.1361 -1.85318 -1.67299 1.37735 1.99697 1.18177 -1.16613 -1.10171 0.60624 0.0521724 -1.38233 -1.95321 -1.1364 -0.479482 
1.13628 -1.8527 -1.67268 1.37716 1.99741 1.18189 -1.16668 -1.10171 0.60624 0.0521724 -1.38233 -1.95321 -1.1364 -0.479482 
1.13694 -1.85286 -1.67309 1.37889 1.99559 1.1789 -1.16508 -1.10171 0.60624 0.0521724 -1.38233 -1.95321 -1.1364 -0.479482 
1.13637 -1.85347 -1.67349 1.37856 1.99549 1.17991 -1.16463 -1.10171 0.60624 0.0521724 -1.38233 -1.95321 -1.1364 -0.479482 
1.13638 -1.85273 -1.67274 1.37718 1.9971 1.18141 -1.16656 -1.10171 0.60624 0.0521724 -1.38233 -1.95321 -1.1364 -0.479482 
1.13619 -1.85354 -1.67336 1.37813 1.99586 1.18035 -1.16451 -1.10171 0.60624 0.0521724 -1.38233 -1.95321 -1.1364 -0.479482 
1.13646 -1.85337 -1.67338 1.37847 1.99583 1.18017 -1.16416 -1.10171 0.60624 0.0521724 -1.38233 -1.95321 -1.1364 -0.479482 
1.13673 -1.85333 -1.67319 1.37887 1.99581 1.17924 -1.16358 -1.10171 0.60624 0.0521724 -1.38233 -1.95321 -1.1364 -0.479482 
1.13603 -1.85356 -1.67331 1.37794 1.99688 1.18137 -1.16354 -1.10171 0.60624 0.0521724 -1.38233 -1.95321 -1.1364 -0.479482 
1.13623 -1.85368 -1.67312 1.37777 1.99746 1.18197 -1.16294 -1.10171 0.60624 0.0521724 -1.38233 -1.95321 -1.1364 -0.479482 
1.13612 -1.85408 -1.67355 1.37858 1.9964 1.18082 -1.16188 -1.10171 0.60624 0.0521724 -1.38233 -1.95321 -1.1364 -0.479482 
1.13687 -1.85263 -1.67252 1.37789 1.99821 1.18116 -1.1641 -1.10171 0.60624 0.0521724 -1.38233 -1.95321 -1.1364 -0.479482 
1.13669 -1.85213 -1.67171 1.3771 1.9998 1.18219 -1.16451 -1.10171 0.60624 0.0521724 -1.38233 -1.95321 -1.1364 -0.479482 
1.1374 -1.85189 -1.67167 1.37814 1.999 1.18022 -1.16396 -1.10171 0.60624 0.0521724 -1.38233 -1.95321 -1.1364 -0.479482 
1.13737 -1.85182 -1.67133 1.37809 1.99938 1.18028 -1.16401 -1.10171 0.60624 0.0521724 -1.38233 -1.95321 -1.1364 -0.479482 
1.13721 -1.85208 -1.67208 1.37819 1.99837 1.17984 -1.16373 -1.10171 0.60624 0.0521724 -1.38233 -1.95321 -1.1364 -0.479482 
1.13715 -1.85139 -1.6709 1.37696 2.00073 1.18181 -1.16524 -1.10171 0.60624 0.0521724 -1.38233 -1.95321 -1.1364 -0.479482 
1.13702 -1.85249 -1.67196 1.37802 1.99881 1.18098 -1.16391 -1.10171 0.60624 0.0521724 -1.38233 -1.95321 -1.1364 -0.479482 
1.13697 -1.85289 -1.67256 1.37861 1.9977 1.18016 -1.16284 -1.10171 0.60624 0.0521724 -1.38233 -1.95321 -1.1364 -0.479482 
1.13635 -1.85334 -1.67285 1.37789 1.9979 1.18147 -1.16283 -1.10171 0.60624 0.0521724 -1.38233 -1.95321 -1.1364 -0.479482 
1.13655 -1.85394 -1.67361 1.37945 1.99577 1.17939 -1.16121 -1.10171 0.60624 0.0521724 -1.38233 -1.95321 -1.1364 -0.479482 
1.13669 -1.85324 -1.67262 1.37859 1.99752 1.18051 -1.1625 -1.10171 0.60624 0.0521724 -1.38233 -1.95321 -1.1364 -0.479482 
1.13677 -1.85273 -1.67224 1.37825 1.99818 1.18068 -1.16309 -1.10171 0.60624 0.0521724 -1.38233 -1.95321 -1.1364 -0.479482 
1.13702 -1.85259 -1.67222 1.37867 1.99766 1.18001 -1.16325 -1.10171 0.60624 0.0521724 -1.38233 -1.95321 -1.1364 -0.479482 
1.13649 -1.85326 -1.6727 1.37845 1.99733 1.18064 -1.16293 -1.10171 0.60624 0.0521724 -1.38233 -1.95321 -1.1364 -0.479482 
1.13664 -1.85257 -1.67206 1.37749 1.99892 1.18173 -1.16405 -1.10171 0.60624 0.0521724 -1.38233 -1.95321 -1.1364 -0.479482 
1.13715 -1.85254 -1.67236 1.37872 1.99764 1.17934 -1.16341 -1.10171 0.60624 0.0521724 -1.38233 -1.95321 -1.1364 -0.479482 
1.13696 -1.85249 -1.67218 1.37835 1.99793 1.18003 -1.16392 -1.10171 0.60624 0.0521724 -1.38233 -1.95321 -1.1364 -0.479482 
1.13753 -1.85165 -1.67182 1.37823 1.99831 1.1794 -1.16503 -1.10171 0.60624 0.0521724 -1.38233 -1.95321 -1.1364 -0.479482 
1.13694 -1.85307 -1.67312 1.37918 1.99618 1.17873 -1.16312 -1.10171 0.60624 0.0521724 -1.38233 -1.95321 -1.1364 -0.479482 
1.13744 -1.85291 -1.67299 1.3799 1.99597 1.17748 -1.16278 -1.10171 0.60624 0.0521724 -1.38233 -1.95321 -1.1364 -0.479482 
1.13777 -1.85182 -1.67213 1.37932 1.99756 1.17769 -1.16397 -1.10171 0.60624 0.0521724 -1.38233 -1.95321 -1.1364 -0.479482 
1.13697 -1.85189 -1.67194 1.37757 1.99922 1.18027 -1.16466 -1.10171 0.60624 0.0521724 -1.38233 -1.95321 -1.1364 -0.479482 
1.13681 -1.85251 -1.67252 1.37815 1.99813 1.17961 -1.16389 -1.10171 0.60624 0.0521724 -1.38233 -1.95321 -1.1364 -0.479482 
1.13677 -1.85283 -1.67299 1.37822 1.99724 1.17995 -1.16422 -1.10171 0.60624 0.0521724 -1.38233 -1.95321 -1.1364 -0.479482 
1.13702 -1.85359 -1.67341 1.37973 1.9958 1.17836 -1.16275 -1.10171 0.60624 0.0521724 -1.38233 -1.95321 -1.1364 -0.479482 
1.13658 -1.85403 -1.674 1.38009 1.99474 1.17784 -1.16184 -1.10171 0.60624 0.0521724 -1.38233 -1.95321 -1.1364 -0.479482 
1.13748 -1.85231 -1.67278 1.3794 1.99642 1.17746 -1.16355 -1.10171 0.60624 0.0521724 -1.38233 -1.95321 -1.1364 -0.479482 
1.13809 -1.85156 -1.67208 1.37956 1.99717 1.17673 -1.16465 -1.10171 0.60624 0.0521724 -1.38233 -1.95321 -1.1364 -0.479482 
1.13791 -1.85112 -1.67215 1.3789 1.99779 1.17761 -1.16545 -1.10171 0.60624 0.0521724 -1.38233 -1.95321 -1.1364 -0.479482 
1.13736 -1.8519 -1.67223 1.37844 1.99799 1.17885 -1.16527 -1.10171 0.60624 0.0521724 -1.38233 -1.95321 -1.1364 -0.479482 
1.13752 -1.85136 -1.67235 1.37868 1.99814 1.17823 -1.16515 -1.10171 0.60624 0.0521724 -1.38233 -1.95321 -1.1364 -0.479482 
1.13706 -1.85213 -1.67242 1.37819 1.99822 1.17933 -1.16556 -1.10171 0.60624 0.0521724 -1.38233 -1.95321 -1.1364 -0.479482 
1.13774 -1.85488 -1.67273 1.38205 1.99788 1.17848 -1.15622 -1.10171 0.60624 0.0521724 -1.38233 -1.95321 -1.1364 -0.479482 
1.13612 -1.85909 -1.67318 1.38293 1.99895 1.18339 -1.14747 -1.10171 0.60624 0.0521724 -1.38233 -1.95321 -1.1364 -0.479482 
1.13534 -1.86354 -1.6741 1.38592 1.99823 1.18508 -1.13655 -1.10171 0.60624 0.0521724 -1.38233 -1.95321 -1.1364 -0.479482 
1.13401 -1.86803 -1.67482 1.38802 1.99846 1.18818 -1.12479 -1.10171 0.60624 0.0521724 -1.38233 -1.95321 -1.1364 -0.479482 
1.13342 -1.87198 -1.67504 1.39055 1.99941 1.19008 -1.11314 -1.10171 0.60624 0.0521724 -1.38233 -1.95321 -1.1364 -0.479482 
1.1321 -1.87664 -1.67621 1.39343 1.99813 1.19165 -1.10108 -1.10171 0.60624 0.0521724 -1.38233 -1.95321 -1.1364 -0.479482 
1.13021 -1.88132 -1.67692 1.39548 1.99806 1.19477 -1.08725 -1.10171 0.60624 0.0521724 -1.38233 -1.95321 -1.1364 -0.479482 
1.12808 -1.88606 -1.67769 1.39709 1.99852 1.19838 -1.07241 -1.10171 0.60624 0.0521724 -1.38233 -1.95321 -1.1364 -0.479482 
1.12547 -1.89035 -1.67807 1.39756 2.00036 1.20303 -1.05815 -1.10171 0.60624 0.0521724 -1.38233 -1.95321 -1.1364 -0.479482 
1.12199 -1.89616 -1.67951 1.39852 1.99988 1.20848 -1.04109 -1.10171 0.60624 0.0521724 -1.38233 -1.95321 -1.1364 -0.479482 
1.11809 -1.90214 -1.68138 1.39959 1.99918 1.21353 -1.0223 -1.10171 0.60624 0.0521724 -1.38233 -1.95321 -1.1364 -0.479482 
1.11436 -1.90638 -1.6816 1.39859 2.00227 1.22053 -1.0064 -1.10171 0.60624 0.0521724 -1.38233 -1.95321 -1.1364 -0.479482 
1.11198 -1.91037 -1.68182 1.39963 2.00444 1.22294 -0.988811 -1.10171 0.60624 0.0521724 -1.38233 -1.95321 -1.1364 -0.479482 
1.1079 -1.91485 -1.68214 1.39857 2.00732 1.22935 -0.970911 -1.10171 0.60624 0.0521724 -1.38233 -1.95321 -1.1364 -0.479482 
1.10396 -1.91958 -1.68292 1.39878 2.00855 1.23358 -0.951074 -1.10171 0.60624 0.0521724 -1.38233 -1.95321 -1.1364 -0.479482 
1.09879 -1.92467 -1.68363 1.39776 2.00994 1.24011 -0.928371 -1.10171 0.60624 0.0521724 -1.38233 -1.95321 -1.1364 -0.479482 
1.09185 -1.93003 -1.68496 1.39358 2.01303 1.2515 -0.907831 -1.10171 0.60624 0.0521724 -1.38233 -1.95321 -1.1364 -0.479482 
1.08687 -1.93442 -1.68577 1.39166 2.01591 1.25737 -0.887323 -1.10171 0.60624 0.0521724 -1.38233 -1.95321 -1.1364 -0.479482 
1.08302 -1.93886 -1.68661 1.3921 2.01612 1.2596 -0.867275 -1.10171 0.60624 0.0521724 -1.38233 -1.95321 -1.1364 -0.479482 
1.07807 -1.94309 -1.6874 1.39002 2.01869 1.26506 -0.847837 -1.10171 0.60624 0.0521724 -1.38233 -1.95321 -1.1364 -0.479482 
1.07193 -1.9479 -1.68869 1.38783 2.01953 1.27194 -0.825704 -1.10171 0.60624 0.0521724 -1.38233 -1.95321 -1.1364 -0.479482 
1.06585 -1.95233 -1.68978 1.38363 2.02321 1.28065 -0.808975 -1.10171 0.60624 0.0521724 -1.38233 -1.95321 -1.1364 -0.479482 
1.06049 -1.95624 -1.69066 1.38076 2.0258 1.28675 -0.791654 -1.10171 0.60624 0.0521724 -1.38233 -1.95321 -1.1364 -0.479482 
1.05472 -1.96066 -1.69219 1.37811 2.02763 1.29307 -0.773051 -1.10171 0.60624 0.0521724 -1.38233 -1.95321 -1.1364 -0.479482 
1.04928 -1.96383 -1.69254 1.37325 2.0326 1.30109 -0.757874 -1.10171 0.60624 0.0521724 -1.38233 -1.95321 -1.1364 -0.479482 
1.04305 -1.96695 -1.69424 1.36901 2.03341 1.3079 -0.743292 -1.10171 0.60624 0.0521724 -1.38233 -1.95321 -1.1364 -0.479482 
1.03977 -1.96704 -1.69387 1.36524 2.03549 1.31022 -0.734856 -1.10171 0.60624 0.0521724 -1.38233 -1.95321 -1.1364 -0.479482 
1.03379 -1.96722 -1.69358 1.36082 2.03107 1.31747 -0.721743 -1.10171 0.60624 0.0521724 -1.38233 -1.95321 -1.1364 -0.479482 
1.03091 -1.9671 -1.69351 1.35924 2.029 1.31743 -0.71246 -1.10171 0.60624 0.0521724 -1.38233 -1.95321 -1.1364 -0.479482 
1.02814 -1.96701 -1.69339 1.35548 2.03064 1.32016 -0.7084 -1.10171 0.60624 0.0521724 -1.38233 -1.95321 -1.1364 -0.479482 
1.02717 -1.96647 -1.6929 1.35311 2.03226 1.31994 -0.706493 -1.10171 0.60624 0.0521724 -1.38233 -1.95321 -1.1364 -0.479482 
1.02454 -1.96586 -1.69293 1.34797 2.03491 1.32455 -0.70842 -1.10171 0.60624 0.0521724 -1.38233 -1.95321 -1.1364 -0.479482 
1.02215 -1.96706 -1.69448 1.3472 2.03207 1.32547 -0.7073 -1.10171 0.60624 0.0521724 -1.38233 -1.95321 -1.1364 -0.479482 
1.02173 -1.96706 -1.6949 1.34757 2.02962 1.32434 -0.709439 -1.10171 0.60624 0.0521724 -1.38233 -1.95321 -1.1364 -0.479482 
1.01973 -1.96706 -1.69529 1.34417 2.02885 1.32947 -0.715044 -1.10171 0.60624 0.0521724 -1.38233 -1.95321 -1.1364 -0.479482 
1.01918 -1.96707 -1.69566 1.34362 2.02567 1.33075 -0.721412 -1.10171 0.60624 0.0521724 -1.38233 -1.95321 -1.1364 -0.479482 
1.0201 -1.96608 -1.69485 1.34313 2.02445 1.33074 -0.730383 -1.10171 0.60624 0.0521724 -1.38233 -1.95321 -1.1364 -0.479482 
1.02263 -1.96549 -1.69468 1.34615 2.01959 1.3263 -0.739157 -1.10171 0.60624 0.0521724 -1.38233 -1.95321 -1.1364 -0.479482 
1.02599 -1.96417 -1.69355 1.34874 2.01586 1.32263 -0.75282 -1.10171 0.60624 0.0521724 -1.38233 -1.95321 -1.1364 -0.479482 
1.02913 -1.9631 -1.69289 1.35088 2.01171 1.32028 -0.767656 -1.10171 0.60624 0.0521724 -1.38233 -1.95321 -1.1364 -0.479482 
1.02983 -1.96244 -1.69305 1.34952 2.00889 1.32415 -0.785529 -1.10171 0.60624 0.0521724 -1.38233 -1.95321 -1.1364 -0.479482 
1.0326 -1.96151 -1.69251 1.35111 2.0047 1.32365 -0.803185 -1.10171 0.60624 0.0521724 -1.38233 -1.95321 -1.1364 -0.479482 
1.03488 -1.9608 -1.69229 1.35161 2.00054 1.32518 -0.823276 -1.10171 0.60624 0.0521724 -1.38233 -1.95321 -1.1364 -0.479482 
1.03906 -1.9597 -1.6917 1.35437 1.99563 1.32305 -0.844268 -1.10171 0.60624 0.0521724 -1.38233 -1.95321 -1.1364 -0.479482 
1.04469 -1.95781 -1.69017 1.35782 1.99168 1.31835 -0.86734 -1.10171 0.60624 0.0521724 -1.38233 -1.95321 -1.1364 -0.479482 
1.0485 -1.95589 -1.68877 1.35784 1.99007 1.31943 -0.894433 -1.10171 0.60624 0.0521724 -1.38233 -1.95321 -1.1364 -0.479482 
1.05261 -1.95348 -1.68712 1.35747 1.98925 1.31993 -0.919373 -1.10171 0.60624 0.0521724 -1.38233 -1.95321 -1.1364 -0.479482 
1.05535 -1.95316 -1.68746 1.35877 1.98292 1.32092 -0.943538 -1.10171 0.60624 0.0521724 -1.38233 -1.95321 -1.1364 -0.479482 
1.06119 -1.95143 -1.686 1.36198 1.9785 1.31651 -0.968363 -1.10171 0.60624 0.0521724 -1.38233 -1.95321 -1.1364 -0.479482 
1.06376 -1.95017 -1.68534 1.36058 1.97563 1.32006 -0.994913 -1.10171 0.60624 0.0521724 -1.38233 -1.95321 -1.1364 -0.479482 
1.06729 -1.94831 -1.68418 1.35933 1.97388 1.32222 -1.02226 -1.10171 0.60624 0.0521724 -1.38233 -1.95321 -1.1364 -0.479482 
1.07142 -1.94618 -1.68266 1.3583 1.97224 1.32361 -1.0522 -1.10171 0.60624 0.0521724 -1.38233 -1.95321 -1.1364 -0.479482 
1.07338 -1.94642 -1.68334 1.35824 1.96648 1.32644 -1.07593 -1.10171 0.60624 0.0521724 -1.38233 -1.95321 -1.1364 -0.479482 
1.07705 -1.94384 -1.68168 1.35594 1.96606 1.32892 -1.10634 -1.10171 0.60624 0.0521724 -1.38233 -1.95321 -1.1364 -0.479482 
1.07953 -1.94217 -1.6807 1.35381 1.96396 1.33183 -1.13184 -1.10171 0.60624 0.0521724 -1.38233 -1.95321 -1.1364 -0.479482 
1.08432 -1.93892 -1.67813 1.35315 1.96394 1.33037 -1.15811 -1.10171 0.60624 0.0521724 -1.38233 -1.95321 -1.1364 -0.479482 
1.08581 -1.9378 -1.67749 1.35035 1.96181 1.33465 -1.18138 -1.10171 0.60624 0.0521724 -1.38233 -1.95321 -1.1364 -0.479482 
1.08806 -1.93561 -1.6759 1.34692 1.96211 1.33832 -1.20594 -1.10171 0.60624 0.0521724 -1.38233 -1.95321 -1.1364 -0.479482 
1.09012 -1.93389 -1.67484 1.34446 1.9607 1.34104 -1.22861 -1.10171 0.60624 0.0521724 -1.38233 -1.95321 -1.1364 -0.479482 
1.09124 -1.93144 -1.67303 1.33912 1.96299 1.34687 -1.2507 -1.10171 0.60624 0.0521724 -1.38233 -1.95321 -1.1364 -0.479482 
1.09382 -1.92899 -1.67116 1.33647 1.96307 1.34803 -1.27307 -1.10171 0.60624 0.0521724 -1.38233 -1.95321 -1.1364 -0.479482 
1.09418 -1.92828 -1.67086 1.33314 1.9616 1.35247 -1.29137 -1.10171 0.60624 0.0521724 -1.38233 -1.95321 -1.1364 -0.479482 
1.09557 -1.92614 -1.6693 1.32941 1.96233 1.35589 -1.31051 -1.10171 0.60624 0.0521724 -1.38233 -1.95321 -1.1364 -0.479482 
1.09231 -1.9232 -1.66854 1.31993 1.96183 1.36388 -1.34605 -1.10171 0.60624 0.0521724 -1.38233 -1.95321 -1.1364 -0.479482 
1.09371 -1.92087 -1.66638 1.31624 1.96377 1.36679 -1.36311 -1.10171 0.60624 0.0521724 -1.38233 -1.95321 -1.1364 -0.479482 
1.09549 -1.9183 -1.66419 1.31355 1.9655 1.36831 -1.3785 -1.10171 0.60624 0.0521724 -1.38233 -1.95321 -1.1364 -0.479482 
1.09553 -1.91682 -1.66301 1.3094 1.96674 1.37244 -1.39221 -1.10171 0.60624 0.0521724 -1.38233 -1.95321 -1.1364 -0.479482 
1.09251 -1.91792 -1.66441 1.30355 1.96715 1.38128 -1.40294 -1.10171 0.60624 0.0521724 -1.38233 -1.95321 -1.1364 -0.479482 
1.0928 -1.91577 -1.66219 1.29841 1.97109 1.38665 -1.41627 -1.10171 0.60624 0.0521724 -1.38233 -1.95321 -1.1364 -0.479482 
1.09196 -1.91609 -1.6627 1.29585 1.97056 1.39027 -1.42374 -1.10171 0.60624 0.0521724 -1.38233 -1.95321 -1.1364 -0.479482 
1.09479 -1.91276 -1.65959 1.29411 1.97395 1.38904 -1.43516 -1.10171 0.60624 0.0521724 -1.38233 -1.95321 -1.1364 -0.479482 
1.09284 -1.91429 -1.66109 1.29125 1.97212 1.3939 -1.44176 -1.10171 0.60624 0.0521724 -1.38233 -1.95321 -1.1364 -0.479482 
1.09113 -1.91247 -1.65981 1.28371 1.97664 1.40254 -1.45567 -1.10171 0.60624 0.0521724 -1.38233 -1.95321 -1.1364 -0.479482 
1.08987 -1.91148 -1.65929 1.27859 1.97855 1.4083 -1.46661 -1.10171 0.60624 0.0521724 -1.38233 -1.95321 -1.1364 -0.479482 
1.08858 -1.91616 -1.66364 1.28219 1.96875 1.40657 -1.46592 -1.10171 0.60624 0.0521724 -1.38233 -1.95321 -1.1364 -0.479482 
