1.14755 -1.81301 -1.74094 1.4815 1.79505 0.779262 -1.08923 -1.1103 0.609337 0.0656645 -1.37593 -1.96223 -1.13301 -0.473288 
1.14186 -1.80457 -1.75073 1.48364 1.77194 0.739801 -1.0485 -1.11086 0.60655 0.0662776 -1.38233 -1.96054 -1.13132 -0.4772 
1.13856 -1.80776 -1.75038 1.47965 1.77935 0.751167 -1.04494 -1.11086 0.606549 0.0662777 -1.38233 -1.96054 -1.13132 -0.4772 
1.14062 -1.80261 -1.74359 1.47614 1.79272 0.759311 -1.05751 -1.11086 0.606549 0.0662777 -1.38233 -1.96054 -1.13132 -0.4772 
1.14095 -1.80187 -1.74325 1.47606 1.79409 0.760399 -1.05922 -1.11086 0.606549 0.0662777 -1.38233 -1.96054 -1.13132 -0.4772 
1.14165 -1.80282 -1.7454 1.47849 1.78941 0.756373 -1.05636 -1.11086 0.606549 0.0662777 -1.38233 -1.96054 -1.13132 -0.4772 
1.14265 -1.8029 -1.7445 1.47716 1.79162 0.759624 -1.06035 -1.11086 0.606549 0.0662777 -1.38233 -1.96054 -1.13132 -0.4772 
1.14617 -1.79949 -1.74177 1.47716 1.79358 0.758242 -1.06963 -1.11086 0.606549 0.0662777 -1.38233 -1.96054 -1.13132 -0.4772 
1.14728 -1.80095 -1.74181 1.4777 1.79444 0.760623 -1.0693 -1.11086 0.606549 0.0662777 -1.38233 -1.96054 -1.13132 -0.4772 
1.15153 -1.79939 -1.74003 1.48157 1.79455 0.757231 -1.07126 -1.11086 0.606549 0.0662777 -1.38233 -1.96054 -1.13132 -0.4772 
1.15472 -1.80032 -1.74074 1.48612 1.7925 0.755624 -1.0708 -1.11086 0.606549 0.0662777 -1.38233 -1.96054 -1.13132 -0.4772 
1.15874 -1.79692 -1.73739 1.48845 1.79689 0.756111 -1.07867 -1.11086 0.606549 0.0662777 -1.38233 -1.96054 -1.13132 -0.4772 
1.16125 -1.7978 -1.73853 1.49258 1.79298 0.752425 -1.07704 -1.11086 0.606549 0.0662777 -1.38233 -1.96054 -1.13132 -0.4772 
1.16262 -1.79912 -1.73952 1.49568 1.79117 0.751617 -1.07512 -1.11086 0.606549 0.0662777 -1.38233 -1.96054 -1.13132 -0.4772 
1.16544 -1.79677 -1.73751 1.49776 1.79305 0.750145 -1.07866 -1.11086 0.606549 0.0662777 -1.38233 -1.96054 -1.13132 -0.4772 
1.16684 -1.79644 -1.73692 1.49925 1.79373 0.750466 -1.08075 -1.11086 0.606549 0.0662777 -1.38233 -1.96054 -1.13132 -0.4772 
1.16816 -1.79629 -1.73716 1.501 1.79272 0.749058 -1.08134 -1.11086 0.606549 0.0662777 -1.38233 -1.96054 -1.13132 -0.4772 
1.16946 -1.7956 -1.7365 1.50206 1.7934 0.748645 -1.0822 -1.11086 0.606549 0.0662777 -1.38233 -1.96054 -1.13132 -0.4772 
1.17133 -1.79386 -1.73526 1.50296 1.7944 0.74749 -1.08524 -1.11086 0.606549 0.0662777 -1.38233 -1.96054 -1.13132 -0.4772 
1.17179 -1.79481 -1.73571 1.50384 1.794 0.748184 -1.08446 -1.11086 0.606549 0.0662777 -1.38233 -1.96054 -1.13132 -0.4772 
1.17278 -1.79389 -1.73522 1.50463 1.79427 0.747191 -1.08541 -1.11086 0.606549 0.0662777 -1.38233 -1.96054 -1.13132 -0.4772 
1.1726 -1.7951 -1.73499 1.50427 1.79654 0.751188 -1.08672 -1.11086 0.606549 0.0662777 -1.38233 -1.96054 -1.13132 -0.4772 
1.17348 -1.79494 -1.73545 1.50563 1.79506 0.74927 -1.08615 -1.11086 0.606549 0.0662777 -1.38233 -1.96054 -1.13132 -0.4772 
1.17335 -1.79593 -1.73632 1.50644 1.79294 0.748066 -1.08448 -1.11086 0.606549 0.0662777 -1.38233 -1.96054 -1.13132 -0.4772 
1.1735 -1.79632 -1.73639 1.50666 1.7929 0.748521 -1.08401 -1.11086 0.606549 0.0662777 -1.38233 -1.96054 -1.13132 -0.4772 
1.17358 -1.79725 -1.73706 1.50754 1.79264 0.749255 -1.08291 -1.11086 0.606549 0.0662777 -1.38233 -1.96054 -1.13132 -0.4772 
1.17478 -1.79567 -1.73608 1.50827 1.79272 0.747168 -1.0852 -1.11086 0.606549 0.0662777 -1.38233 -1.96054 -1.13132 -0.4772 
1.17488 -1.79568 -1.73649 1.50887 1.79171 0.746105 -1.08425 -1.11086 0.606549 0.0662777 -1.38233 -1.96054 -1.13132 -0.4772 
1.17729 -1.79497 -1.73521 1.5103 1.79331 0.746834 -1.08736 -1.11086 0.606549 0.0662777 -1.38233 -1.96054 -1.13132 -0.4772 
1.17894 -1.79465 -1.73481 1.51199 1.79308 0.746389 -1.08923 -1.11086 0.606549 0.0662777 -1.38233 -1.96054 -1.13132 -0.4772 
1.17976 -1.79668 -1.73667 1.51488 1.78965 0.7445 -1.08503 -1.11086 0.606549 0.0662777 -1.38233 -1.96054 -1.13132 -0.4772 
1.18192 -1.79479 -1.73534 1.51618 1.79098 0.743457 -1.08752 -1.11086 0.606549 0.0662777 -1.38233 -1.96054 -1.13132 -0.4772 
1.18358 -1.79418 -1.73521 1.51844 1.79039 0.741745 -1.08708 -1.11086 0.606549 0.0662777 -1.38233 -1.96054 -1.13132 -0.4772 
1.18415 -1.7947 -1.73516 1.51966 1.79022 0.741992 -1.08749 -1.11086 0.606549 0.0662777 -1.38233 -1.96054 -1.13132 -0.4772 
1.18563 -1.792 -1.73305 1.51959 1.79316 0.742431 -1.09237 -1.11086 0.606549 0.0662777 -1.38233 -1.96054 -1.13132 -0.4772 
1.18608 -1.7923 -1.73336 1.52015 1.79261 0.742572 -1.09267 -1.11086 0.606549 0.0662777 -1.38233 -1.96054 -1.13132 -0.4772 
1.18476 -1.79476 -1.73497 1.52031 1.79113 0.743633 -1.08887 -1.11086 0.606549 0.0662777 -1.38233 -1.96054 -1.13132 -0.4772 
1.18564 -1.79304 -1.73354 1.52021 1.79243 0.742808 -1.09106 -1.11086 0.606549 0.0662777 -1.38233 -1.96054 -1.13132 -0.4772 
1.18543 -1.79378 -1.73384 1.5202 1.79233 0.743594 -1.09056 -1.11086 0.606549 0.0662777 -1.38233 -1.96054 -1.13132 -0.4772 
1.18463 -1.79553 -1.7358 1.52091 1.7896 0.742786 -1.08704 -1.11086 0.606549 0.0662777 -1.38233 -1.96054 -1.13132 -0.4772 
1.1841 -1.79652 -1.73682 1.5215 1.78804 0.742168 -1.0844 -1.11086 0.606549 0.0662777 -1.38233 -1.96054 -1.13132 -0.4772 
1.18431 -1.79596 -1.73603 1.52091 1.78945 0.743297 -1.0858 -1.11086 0.606549 0.0662777 -1.38233 -1.96054 -1.13132 -0.4772 
1.18504 -1.79513 -1.73553 1.5215 1.78911 0.741173 -1.08637 -1.11086 0.606549 0.0662777 -1.38233 -1.96054 -1.13132 -0.4772 
1.1848 -1.79507 -1.73511 1.52096 1.79043 0.742447 -1.08757 -1.11086 0.606549 0.0662777 -1.38233 -1.96054 -1.13132 -0.4772 
1.18467 -1.79513 -1.73477 1.52022 1.79195 0.744596 -1.08849 -1.11086 0.606549 0.0662777 -1.38233 -1.96054 -1.13132 -0.4772 
1.18437 -1.7963 -1.73601 1.5207 1.79026 0.744486 -1.08673 -1.11086 0.606549 0.0662777 -1.38233 -1.96054 -1.13132 -0.4772 
1.18411 -1.79679 -1.73659 1.52085 1.78932 0.743976 -1.08552 -1.11086 0.606549 0.0662777 -1.38233 -1.96054 -1.13132 -0.4772 
1.18447 -1.7961 -1.73592 1.52073 1.79024 0.743973 -1.08699 -1.11086 0.606549 0.0662777 -1.38233 -1.96054 -1.13132 -0.4772 
1.18441 -1.7962 -1.7359 1.52089 1.78996 0.743672 -1.08701 -1.11086 0.606549 0.0662777 -1.38233 -1.96054 -1.13132 -0.4772 
1.18442 -1.79623 -1.73613 1.52082 1.78986 0.743759 -1.08653 -1.11086 0.606549 0.0662777 -1.38233 -1.96054 -1.13132 -0.4772 
1.18462 -1.79552 -1.73526 1.52044 1.79103 0.744188 -1.08808 -1.11086 0.606549 0.0662777 -1.38233 -1.96054 -1.13132 -0.4772 
1.18462 -1.79561 -1.73559 1.52071 1.79049 0.743509 -1.08788 -1.11086 0.606549 0.0662777 -1.38233 -1.96054 -1.13132 -0.4772 
1.18446 -1.79538 -1.73513 1.52036 1.79156 0.74449 -1.08793 -1.11086 0.606549 0.0662777 -1.38233 -1.96054 -1.13132 -0.4772 
1.18408 -1.79682 -1.73685 1.52113 1.7888 0.742804 -1.08495 -1.11086 0.606549 0.0662777 -1.38233 -1.96054 -1.13132 -0.4772 
1.18373 -1.79793 -1.73768 1.52131 1.78748 0.742793 -1.08358 -1.11086 0.606549 0.0662777 -1.38233 -1.96054 -1.13132 -0.4772 
1.1835 -1.79792 -1.73778 1.52105 1.78755 0.74309 -1.08367 -1.11086 0.606549 0.0662777 -1.38233 -1.96054 -1.13132 -0.4772 
1.18431 -1.79674 -1.73689 1.52107 1.78801 0.742198 -1.08571 -1.11086 0.606549 0.0662777 -1.38233 -1.96054 -1.13132 -0.4772 
1.18499 -1.79459 -1.73544 1.5208 1.78945 0.74138 -1.08915 -1.11086 0.606549 0.0662777 -1.38233 -1.96054 -1.13132 -0.4772 
1.1854 -1.7934 -1.73478 1.52059 1.78955 0.740513 -1.09157 -1.11086 0.606549 0.0662777 -1.38233 -1.96054 -1.13132 -0.4772 
1.18563 -1.79285 -1.73454 1.52046 1.78975 0.740156 -1.09281 -1.11086 0.606549 0.0662777 -1.38233 -1.96054 -1.13132 -0.4772 
1.18633 -1.79141 -1.73363 1.52038 1.79055 0.739206 -1.09456 -1.11086 0.606549 0.0662777 -1.38233 -1.96054 -1.13132 -0.4772 
1.1856 -1.79307 -1.73501 1.52059 1.78894 0.739464 -1.09219 -1.11086 0.606549 0.0662777 -1.38233 -1.96054 -1.13132 -0.4772 
1.18539 -1.79392 -1.73566 1.52063 1.78841 0.739675 -1.09051 -1.11086 0.606549 0.0662777 -1.38233 -1.96054 -1.13132 -0.4772 
1.18525 -1.7945 -1.73637 1.52114 1.78705 0.738827 -1.08844 -1.11086 0.606549 0.0662777 -1.38233 -1.96054 -1.13132 -0.4772 
1.18488 -1.79546 -1.73737 1.52169 1.78532 0.738338 -1.086 -1.11086 0.606549 0.0662777 -1.38233 -1.96054 -1.13132 -0.4772 
1.18466 -1.79563 -1.73759 1.52161 1.78524 0.738544 -1.08555 -1.11086 0.606549 0.0662777 -1.38233 -1.96054 -1.13132 -0.4772 
1.18474 -1.79542 -1.73716 1.52163 1.78586 0.738832 -1.08664 -1.11086 0.606549 0.0662777 -1.38233 -1.96054 -1.13132 -0.4772 
1.18466 -1.79579 -1.73765 1.5216 1.78504 0.738694 -1.08576 -1.11086 0.606549 0.0662777 -1.38233 -1.96054 -1.13132 -0.4772 
1.1846 -1.79552 -1.73695 1.52121 1.78664 0.740117 -1.08734 -1.11086 0.606549 0.0662777 -1.38233 -1.96054 -1.13132 -0.4772 
1.18453 -1.79545 -1.73679 1.52131 1.78688 0.739968 -1.08723 -1.11086 0.606549 0.0662777 -1.38233 -1.96054 -1.13132 -0.4772 
1.18454 -1.7954 -1.73638 1.52074 1.78791 0.741208 -1.08857 -1.11086 0.606549 0.0662777 -1.38233 -1.96054 -1.13132 -0.4772 
1.18447 -1.79558 -1.73663 1.52077 1.78766 0.741419 -1.08904 -1.11086 0.606549 0.0662777 -1.38233 -1.96054 -1.13132 -0.4772 
1.18426 -1.79622 -1.73714 1.52092 1.78661 0.741058 -1.08752 -1.11086 0.606549 0.0662777 -1.38233 -1.96054 -1.13132 -0.4772 
1.18461 -1.79523 -1.73668 1.52097 1.78714 0.740573 -1.08854 -1.11086 0.606549 0.0662777 -1.38233 -1.96054 -1.13132 -0.4772 
1.1841 -1.79688 -1.73779 1.5211 1.7855 0.740515 -1.08612 -1.11086 0.606549 0.0662777 -1.38233 -1.96054 -1.13132 -0.4772 
1.18427 -1.79698 -1.73833 1.52174 1.78433 0.739079 -1.08443 -1.11086 0.606549 0.0662777 -1.38233 -1.96054 -1.13132 -0.4772 
1.1843 -1.79607 -1.73689 1.52078 1.78721 0.741273 -1.08722 -1.11086 0.606549 0.0662777 -1.38233 -1.96054 -1.13132 -0.4772 
1.18471 -1.79482 -1.73592 1.52054 1.78847 0.74124 -1.08911 -1.11086 0.606549 0.0662777 -1.38233 -1.96054 -1.13132 -0.4772 
1.18461 -1.79547 -1.73685 1.52122 1.78673 0.739934 -1.08709 -1.11086 0.606549 0.0662777 -1.38233 -1.96054 -1.13132 -0.4772 
1.18461 -1.79561 -1.73719 1.52126 1.78595 0.739332 -1.08631 -1.11086 0.606549 0.0662777 -1.38233 -1.96054 -1.13132 -0.4772 
1.18449 -1.79592 -1.73727 1.5214 1.78629 0.739747 -1.08573 -1.11086 0.606549 0.0662777 -1.38233 -1.96054 -1.13132 -0.4772 
1.1842 -1.79665 -1.73782 1.52158 1.78569 0.739971 -1.0842 -1.11086 0.606549 0.0662777 -1.38233 -1.96054 -1.13132 -0.4772 
1.18475 -1.7948 -1.73602 1.52068 1.78837 0.741029 -1.0882 -1.11086 0.606549 0.0662777 -1.38233 -1.96054 -1.13132 -0.4772 
1.18429 -1.79655 -1.73761 1.52171 1.78611 0.740566 -1.08462 -1.11086 0.606549 0.0662777 -1.38233 -1.96054 -1.13132 -0.4772 
1.1848 -1.79514 -1.73588 1.52096 1.78908 0.741982 -1.08776 -1.11086 0.606549 0.0662777 -1.38233 -1.96054 -1.13132 -0.4772 
1.18576 -1.79262 -1.73364 1.52004 1.79246 0.742713 -1.09235 -1.11086 0.606549 0.0662777 -1.38233 -1.96054 -1.13132 -0.4772 
1.18554 -1.79319 -1.734 1.52017 1.79216 0.743168 -1.09166 -1.11086 0.606549 0.0662777 -1.38233 -1.96054 -1.13132 -0.4772 
1.18523 -1.7938 -1.73444 1.52032 1.79154 0.743152 -1.09045 -1.11086 0.606549 0.0662777 -1.38233 -1.96054 -1.13132 -0.4772 
1.18443 -1.79608 -1.73657 1.52129 1.78839 0.742275 -1.0856 -1.11086 0.606549 0.0662777 -1.38233 -1.96054 -1.13132 -0.4772 
1.18463 -1.79585 -1.73635 1.52124 1.78867 0.742146 -1.0853 -1.11086 0.606549 0.0662777 -1.38233 -1.96054 -1.13132 -0.4772 
1.18366 -1.79744 -1.73779 1.52151 1.78698 0.742275 -1.08364 -1.11086 0.606549 0.0662777 -1.38233 -1.96054 -1.13132 -0.4772 
1.18353 -1.79732 -1.7373 1.52096 1.78814 0.743477 -1.08424 -1.11086 0.606549 0.0662777 -1.38233 -1.96054 -1.13132 -0.4772 
1.18513 -1.79423 -1.73509 1.52087 1.79041 0.741731 -1.08859 -1.11086 0.606549 0.0662777 -1.38233 -1.96054 -1.13132 -0.4772 
1.18582 -1.79241 -1.73353 1.52055 1.79235 0.741427 -1.09131 -1.11086 0.606549 0.0662777 -1.38233 -1.96054 -1.13132 -0.4772 
1.18585 -1.79232 -1.73364 1.52051 1.79242 0.741479 -1.0917 -1.11086 0.606549 0.0662777 -1.38233 -1.96054 -1.13132 -0.4772 
1.18525 -1.79376 -1.73465 1.5205 1.79136 0.742185 -1.08948 -1.11086 0.606549 0.0662777 -1.38233 -1.96054 -1.13132 -0.4772 
1.18501 -1.79413 -1.73476 1.52037 1.79139 0.742818 -1.08932 -1.11086 0.606549 0.0662777 -1.38233 -1.96054 -1.13132 -0.4772 
1.18554 -1.79288 -1.73365 1.52021 1.79258 0.742223 -1.09102 -1.11086 0.606549 0.0662777 -1.38233 -1.96054 -1.13132 -0.4772 
1.18548 -1.79323 -1.73387 1.5203 1.79209 0.742043 -1.09111 -1.11086 0.606549 0.0662777 -1.38233 -1.96054 -1.13132 -0.4772 
1.1858 -1.79241 -1.73336 1.52006 1.79333 0.742548 -1.09209 -1.11086 0.606549 0.0662777 -1.38233 -1.96054 -1.13132 -0.4772 
1.18527 -1.79344 -1.73424 1.52019 1.79258 0.74271 -1.09044 -1.11086 0.606549 0.0662777 -1.38233 -1.96054 -1.13132 -0.4772 
1.18533 -1.7938 -1.73502 1.52059 1.7905 0.740936 -1.08926 -1.11086 0.606549 0.0662777 -1.38233 -1.96054 -1.13132 -0.4772 
1.18612 -1.79205 -1.73349 1.52021 1.79207 0.74083 -1.09263 -1.11086 0.606549 0.0662777 -1.38233 -1.96054 -1.13132 -0.4772 
1.1863 -1.79113 -1.73298 1.51994 1.79269 0.740895 -1.0942 -1.11086 0.606549 0.0662777 -1.38233 -1.96054 -1.13132 -0.4772 
1.18655 -1.79045 -1.73235 1.51977 1.79368 0.741431 -1.09595 -1.11086 0.606549 0.0662777 -1.38233 -1.96054 -1.13132 -0.4772 
1.18619 -1.79202 -1.73342 1.52014 1.79232 0.741301 -1.09309 -1.11086 0.606549 0.0662777 -1.38233 -1.96054 -1.13132 -0.4772 
1.18628 -1.79143 -1.73271 1.51945 1.79367 0.742297 -1.09499 -1.11086 0.606549 0.0662777 -1.38233 -1.96054 -1.13132 -0.4772 
1.18579 -1.79244 -1.73362 1.51984 1.79244 0.741828 -1.09317 -1.11086 0.606549 0.0662777 -1.38233 -1.96054 -1.13132 -0.4772 
1.18537 -1.7933 -1.73477 1.52045 1.79045 0.740512 -1.09045 -1.11086 0.606549 0.0662777 -1.38233 -1.96054 -1.13132 -0.4772 
1.18596 -1.79172 -1.73368 1.51995 1.79202 0.74053 -1.09304 -1.11086 0.606549 0.0662777 -1.38233 -1.96054 -1.13132 -0.4772 
1.1857 -1.79214 -1.73393 1.52025 1.79153 0.740534 -1.09234 -1.11086 0.606549 0.0662777 -1.38233 -1.96054 -1.13132 -0.4772 
1.18559 -1.79293 -1.73518 1.5208 1.78967 0.739381 -1.08987 -1.11086 0.606549 0.0662777 -1.38233 -1.96054 -1.13132 -0.4772 
1.18543 -1.7931 -1.73554 1.52045 1.78951 0.739753 -1.09018 -1.11086 0.606549 0.0662777 -1.38233 -1.96054 -1.13132 -0.4772 
1.18536 -1.79349 -1.73559 1.52091 1.7891 0.739338 -1.08983 -1.11086 0.606549 0.0662777 -1.38233 -1.96054 -1.13132 -0.4772 
1.18508 -1.79424 -1.73655 1.52109 1.78778 0.739155 -1.08802 -1.11086 0.606549 0.0662777 -1.38233 -1.96054 -1.13132 -0.4772 
1.18498 -1.79488 -1.73702 1.52144 1.78691 0.738748 -1.08655 -1.11086 0.606549 0.0662777 -1.38233 -1.96054 -1.13132 -0.4772 
1.18482 -1.79486 -1.73627 1.52088 1.78894 0.740596 -1.08748 -1.11086 0.606549 0.0662777 -1.38233 -1.96054 -1.13132 -0.4772 
1.1851 -1.79429 -1.73596 1.52089 1.78922 0.7402 -1.08888 -1.11086 0.606549 0.0662777 -1.38233 -1.96054 -1.13132 -0.4772 
1.18524 -1.7981 -1.73652 1.52424 1.78962 0.742074 -1.07969 -1.11086 0.606549 0.0662777 -1.38233 -1.96054 -1.13132 -0.4772 
1.18566 -1.80298 -1.73857 1.52926 1.78626 0.740445 -1.06636 -1.11086 0.606549 0.0662777 -1.38233 -1.96054 -1.13132 -0.4772 
1.18507 -1.80952 -1.74165 1.53455 1.78238 0.740031 -1.04977 -1.11086 0.606549 0.0662777 -1.38233 -1.96054 -1.13132 -0.4772 
1.18401 -1.81602 -1.74375 1.53833 1.78177 0.743039 -1.03476 -1.11086 0.606549 0.0662777 -1.38233 -1.96054 -1.13132 -0.4772 
1.18366 -1.82188 -1.74603 1.54337 1.7787 0.742222 -1.0184 -1.11086 0.606549 0.0662777 -1.38233 -1.96054 -1.13132 -0.4772 
