1.06991 -1.81566 -1.65236 1.31341 -1.21004 -1.22967 2.06428 -1.87738 1.67633 -1.21769 1.57718 2.29 0.646778 -2.20966 
1.03948 -1.81629 -1.64932 1.24673 -1.20043 -1.25674 2.0352 -1.82748 1.68226 -1.22174 1.57076 2.29228 0.62704 -2.20495 
1.03562 -1.80724 -1.6457 1.23446 -1.21188 -1.22852 2.02738 -1.7988 1.69032 -1.19771 1.55133 2.2947 0.673586 -2.26997 
1.02737 -1.80161 -1.64393 1.21969 -1.21143 -1.22705 2.01216 -1.80343 1.69033 -1.18831 1.54163 2.29585 0.704628 -2.30233 
1.02408 -1.80154 -1.64507 1.21384 -1.20849 -1.23672 2.00427 -1.81196 1.68423 -1.18874 1.53707 2.29238 0.718178 -2.3107 
1.02416 -1.80466 -1.64702 1.21515 -1.2063 -1.24449 2.00907 -1.81687 1.67509 -1.1956 1.53719 2.2936 0.71651 -2.29025 
1.02732 -1.80775 -1.64964 1.22425 -1.20671 -1.24696 2.01945 -1.81549 1.68424 -1.19139 1.53409 2.29601 0.717737 -2.29907 
1.03609 -1.81006 -1.65155 1.24329 -1.21053 -1.2404 2.03192 -1.81784 1.67324 -1.20008 1.53317 2.29899 0.714127 -2.27137 
1.04762 -1.80845 -1.64886 1.26337 -1.21011 -1.2317 2.03942 -1.81242 1.68023 -1.19346 1.52921 2.29621 0.72058 -2.29343 
1.05538 -1.80846 -1.64751 1.27757 -1.2097 -1.22729 2.04479 -1.80687 1.68487 -1.18771 1.52181 2.2969 0.731104 -2.31429 
1.06302 -1.80826 -1.64712 1.29197 -1.21114 -1.22135 2.0513 -1.80536 1.68721 -1.1864 1.52017 2.29578 0.731077 -2.3215 
1.06918 -1.80669 -1.64472 1.30157 -1.20979 -1.21674 2.05379 -1.80251 1.70495 -1.17725 1.52187 2.29116 0.725576 -2.35328 
1.07343 -1.80651 -1.64437 1.3092 -1.2111 -1.21193 2.0582 -1.80435 1.70136 -1.18088 1.52205 2.29353 0.722259 -2.34042 
1.07583 -1.80858 -1.64617 1.31615 -1.21364 -1.20961 2.06475 -1.80344 1.69645 -1.18121 1.51784 2.29417 0.728766 -2.33785 
1.07895 -1.80948 -1.64663 1.32324 -1.21382 -1.20907 2.06949 -1.80347 1.69965 -1.181 1.51585 2.29909 0.727661 -2.33105 
1.08443 -1.81047 -1.64697 1.3343 -1.21442 -1.2073 2.07573 -1.80209 1.68953 -1.18312 1.5081 2.29877 0.738638 -2.32881 
1.08994 -1.81236 -1.64803 1.34716 -1.21653 -1.20424 2.08392 -1.80185 1.69171 -1.18193 1.50732 2.29678 0.736952 -2.33414 
1.09454 -1.81362 -1.64801 1.35744 -1.21568 -1.20397 2.08977 -1.80002 1.70541 -1.17554 1.5072 2.29542 0.732054 -2.3527 
1.10011 -1.81357 -1.647 1.36632 -1.21359 -1.20437 2.0921 -1.80017 1.71216 -1.1739 1.50886 2.29498 0.726738 -2.35813 
1.10217 -1.81611 -1.64835 1.37269 -1.21363 -1.20712 2.0952 -1.79997 1.71996 -1.16932 1.51039 2.29195 0.723474 -2.3735 
1.101 -1.82086 -1.65113 1.37514 -1.21368 -1.21373 2.09961 -1.79893 1.72598 -1.1637 1.50967 2.29094 0.725481 -2.38984 
1.09522 -1.82628 -1.65522 1.37036 -1.21238 -1.22632 2.102 -1.79775 1.7339 -1.15562 1.5084 2.29279 0.729659 -2.40778 
1.32454 -1.8062 -1.7464 1.91307 -1.43307 -0.948811 2.39008 -1.7986 1.72925 -1.16006 1.5091 2.2921 0.727562 -2.39892 
1.3114 -1.80853 -1.735 1.88901 -1.41087 -0.967818 2.37182 -1.82946 1.7727 -1.17115 1.56992 2.27453 0.622147 -2.36804 
1.31139 -1.80857 -1.73487 1.88902 -1.41063 -0.968031 2.37194 -1.83702 1.78203 -1.17224 1.58754 2.26063 0.593333 -2.38043 
1.31138 -1.80854 -1.73483 1.88903 -1.41061 -0.968091 2.37195 -1.83946 1.78355 -1.17396 1.59247 2.26363 0.584962 -2.36951 
1.31138 -1.80854 -1.73483 1.88903 -1.41061 -0.968098 2.37196 -1.82655 1.76006 -1.17361 1.56902 2.26727 0.622053 -2.37531 
1.31139 -1.80853 -1.73481 1.88903 -1.41062 -0.968119 2.37196 -1.81389 1.73226 -1.17167 1.54682 2.26379 0.667542 -2.3963 
1.31139 -1.80851 -1.7348 1.88903 -1.41063 -0.968144 2.37197 -1.8068 1.70985 -1.1785 1.53934 2.25925 0.679384 -2.38832 
1.31139 -1.8085 -1.73479 1.88903 -1.41064 -0.96815 2.37197 -1.79748 1.68983 -1.18284 1.52853 2.2573 0.69196 -2.38362 
1.31139 -1.8085 -1.73479 1.88903 -1.41064 -0.968153 2.37197 -1.78787 1.66413 -1.19114 1.51792 2.25043 0.702899 -2.37705 
1.31139 -1.8085 -1.73479 1.88903 -1.41064 -0.968154 2.37197 -1.77825 1.63439 -1.19977 1.50508 2.24107 0.720958 -2.37697 
1.31139 -1.8085 -1.73479 1.88903 -1.41064 -0.968156 2.37197 -1.7684 1.61793 -1.20396 1.49153 2.24029 0.739701 -2.37893 
1.31139 -1.8085 -1.73479 1.88903 -1.41064 -0.968157 2.37197 -1.75479 1.59509 -1.2119 1.47266 2.24401 0.762501 -2.36498 
1.31139 -1.8085 -1.73479 1.88903 -1.41064 -0.968158 2.37197 -1.74372 1.57874 -1.21806 1.45935 2.24256 0.777195 -2.36032 
1.31139 -1.8085 -1.73478 1.88903 -1.41064 -0.968159 2.37197 -1.73598 1.56632 -1.22447 1.45418 2.2349 0.778563 -2.35893 
1.31139 -1.8085 -1.73478 1.88903 -1.41064 -0.968159 2.37197 -1.72476 1.55141 -1.23291 1.44157 2.23803 0.787365 -2.33943 
1.31139 -1.8085 -1.73478 1.88903 -1.41064 -0.96816 2.37198 -1.71369 1.53372 -1.24281 1.42852 2.24077 0.795577 -2.3138 
1.31139 -1.8085 -1.73478 1.88903 -1.41064 -0.96816 2.37198 -1.70722 1.52361 -1.24793 1.41818 2.24403 0.806578 -2.30146 
1.31139 -1.8085 -1.73478 1.88903 -1.41064 -0.968161 2.37198 -1.70233 1.52029 -1.24945 1.41367 2.23886 0.811224 -2.31019 
1.31139 -1.8085 -1.73478 1.88903 -1.41064 -0.968161 2.37198 -1.70207 1.52422 -1.24776 1.4125 2.24043 0.812182 -2.31489 
1.31139 -1.8085 -1.73478 1.88903 -1.41064 -0.968161 2.37198 -1.70562 1.53187 -1.24494 1.41831 2.23907 0.80374 -2.32029 
1.31139 -1.8085 -1.73478 1.88903 -1.41064 -0.968161 2.37198 -1.70803 1.53466 -1.24423 1.41916 2.24106 0.803217 -2.31933 
1.31139 -1.8085 -1.73478 1.88903 -1.41064 -0.968161 2.37198 -1.70953 1.5381 -1.24258 1.42146 2.23857 0.800862 -2.32721 
1.31139 -1.8085 -1.73478 1.88903 -1.41064 -0.968161 2.37198 -1.71167 1.54313 -1.23942 1.42311 2.23921 0.799198 -2.33402 
1.31139 -1.8085 -1.73478 1.88903 -1.41064 -0.968162 2.37198 -1.71185 1.54501 -1.23735 1.42287 2.24027 0.800182 -2.33812 
1.13331 -1.81151 -1.65493 1.44044 -1.23008 -1.16422 2.13917 -1.6683 1.50317 -1.23565 1.35405 2.25426 0.917292 -2.39524 
1.11181 -1.81162 -1.65045 1.39076 -1.2194 -1.18408 2.11818 -1.6673 1.5017 -1.23586 1.35038 2.2569 0.924651 -2.39474 
1.10885 -1.81158 -1.64977 1.38436 -1.21794 -1.18689 2.11533 -1.66504 1.50154 -1.23474 1.34441 2.26156 0.933162 -2.39568 
1.10814 -1.81161 -1.64957 1.38304 -1.21763 -1.18763 2.11473 -1.66443 1.49886 -1.23724 1.34022 2.26811 0.936241 -2.37738 
1.10784 -1.81157 -1.64945 1.38252 -1.21734 -1.18797 2.11437 -1.66691 1.50081 -1.23678 1.34473 2.26578 0.928823 -2.37561 
1.10769 -1.81167 -1.64948 1.3823 -1.21726 -1.18817 2.1143 -1.66956 1.50451 -1.23657 1.34865 2.26796 0.92038 -2.36703 
1.1076 -1.81173 -1.64947 1.3822 -1.2173 -1.18836 2.11433 -1.67116 1.50453 -1.23607 1.35076 2.26718 0.917571 -2.36598 
1.10759 -1.8117 -1.64943 1.38214 -1.21721 -1.18843 2.11428 -1.67391 1.50657 -1.23529 1.35364 2.26897 0.914241 -2.36142 
1.10767 -1.81171 -1.64947 1.38233 -1.21756 -1.1881 2.11432 -1.67578 1.50611 -1.2337 1.35465 2.26942 0.919746 -2.36686 
1.10773 -1.81196 -1.6497 1.38276 -1.2183 -1.18755 2.11473 -1.6795 1.51113 -1.22993 1.35657 2.27382 0.92171 -2.36893 
1.10786 -1.81213 -1.64991 1.38324 -1.21892 -1.1869 2.11517 -1.68298 1.51453 -1.2258 1.35721 2.2759 0.931087 -2.38195 
1.1079 -1.8125 -1.6502 1.38375 -1.21957 -1.18649 2.11598 -1.68775 1.51672 -1.22375 1.35996 2.279 0.93555 -2.38405 
1.10802 -1.81269 -1.65039 1.38418 -1.22009 -1.18595 2.11643 -1.69016 1.52543 -1.21716 1.35977 2.28319 0.943358 -2.40144 
1.10814 -1.81262 -1.6504 1.38439 -1.2204 -1.18558 2.1165 -1.69639 1.53394 -1.21176 1.36799 2.27912 0.939844 -2.42215 
1.10817 -1.81262 -1.65042 1.38442 -1.22036 -1.18549 2.11648 -1.69943 1.53649 -1.21088 1.36979 2.28326 0.941928 -2.42055 
1.10826 -1.81242 -1.65031 1.38445 -1.22028 -1.18529 2.11631 -1.70008 1.53185 -1.21197 1.36792 2.28319 0.948651 -2.42146 
1.10824 -1.81248 -1.65036 1.38444 -1.22023 -1.18531 2.11633 -1.70308 1.53142 -1.21097 1.36816 2.28537 0.955541 -2.42279 
1.10832 -1.81236 -1.65031 1.38451 -1.2203 -1.18512 2.11628 -1.70837 1.53611 -1.20848 1.37231 2.28825 0.955701 -2.42295 
1.10841 -1.81227 -1.65029 1.38462 -1.22036 -1.18484 2.11622 -1.71143 1.54087 -1.20396 1.37371 2.28885 0.961523 -2.43757 
1.10847 -1.81218 -1.65027 1.38466 -1.22029 -1.18466 2.11615 -1.71813 1.54291 -1.20535 1.38113 2.28982 0.953991 -2.42684 
1.10858 -1.81215 -1.65031 1.38485 -1.22056 -1.18427 2.11613 -1.71761 1.53876 -1.20659 1.37929 2.28782 0.958092 -2.42765 
1.10858 -1.81202 -1.65022 1.38468 -1.2202 -1.18441 2.11593 -1.72356 1.54458 -1.20601 1.38481 2.29162 0.952443 -2.42022 
1.10858 -1.81166 -1.64995 1.38429 -1.21951 -1.18473 2.1154 -1.72401 1.53975 -1.21036 1.38433 2.29106 0.950051 -2.40652 
1.10854 -1.81134 -1.64969 1.38383 -1.21884 -1.18519 2.11474 -1.72273 1.54005 -1.21088 1.38283 2.28953 0.947959 -2.40586 
1.10854 -1.81089 -1.64938 1.38336 -1.21813 -1.18548 2.11388 -1.72321 1.53705 -1.21341 1.38241 2.28906 0.947105 -2.39837 
1.10851 -1.81072 -1.64926 1.38309 -1.21772 -1.1857 2.11345 -1.72114 1.54033 -1.21176 1.3836 2.28221 0.94145 -2.41307 
1.10852 -1.81079 -1.64933 1.38321 -1.21776 -1.18555 2.11371 -1.71714 1.53572 -1.21121 1.37717 2.27985 0.951049 -2.42508 
1.10868 -1.81076 -1.64937 1.38364 -1.21812 -1.18491 2.11425 -1.71439 1.54089 -1.20651 1.37508 2.27587 0.953632 -2.45095 
1.10879 -1.8108 -1.64948 1.38404 -1.2185 -1.18434 2.1147 -1.71291 1.54352 -1.20393 1.37184 2.27842 0.957714 -2.46017 
1.10892 -1.81072 -1.64951 1.3843 -1.21872 -1.1839 2.11488 -1.71269 1.5423 -1.20514 1.36933 2.28259 0.960394 -2.45217 
1.10699 -1.81272 -1.65016 1.3813 -1.21735 -1.18974 2.11207 -1.71696 1.53724 -1.21043 1.37114 2.28569 0.960414 -2.4292 
1.10686 -1.81282 -1.65014 1.38109 -1.21735 -1.19023 2.11198 -1.71559 1.53149 -1.21282 1.36801 2.28633 0.964781 -2.42023 
1.10398 -1.81539 -1.65245 1.37851 -1.21693 -1.19029 2.12794 -1.71734 1.5324 -1.21288 1.37132 2.28445 0.961559 -2.42038 
1.09959 -1.81831 -1.65505 1.37368 -1.21615 -1.192 2.14504 -1.71599 1.53372 -1.21191 1.36979 2.28615 0.962523 -2.42087 
1.09406 -1.82125 -1.65797 1.36683 -1.21535 -1.19433 2.16267 -1.713 1.52535 -1.21536 1.36426 2.28779 0.969986 -2.4113 
1.0879 -1.82446 -1.66122 1.35919 -1.21447 -1.19716 2.18071 -1.71053 1.52231 -1.21672 1.35847 2.29285 0.976175 -2.4021 
1.08156 -1.82765 -1.66452 1.35137 -1.21351 -1.20016 2.19913 -1.71005 1.52392 -1.21618 1.35766 2.29423 0.976447 -2.40187 
1.06103 -1.83801 -1.67458 1.32515 -1.20728 -1.22685 2.22207 -1.71175 1.52816 -1.21449 1.36144 2.29256 0.971178 -2.40709 
1.04889 -1.84318 -1.68008 1.30904 -1.20497 -1.23971 2.2398 -1.71459 1.53268 -1.21303 1.36752 2.28964 0.962805 -2.41116 
1.03651 -1.84875 -1.68595 1.2922 -1.2024 -1.25095 2.26401 -1.71626 1.53702 -1.21159 1.37126 2.28848 0.957198 -2.4148 
1.04108 -1.84608 -1.68271 1.29518 -1.20246 -1.23954 2.2754 -1.71353 1.54019 -1.20798 1.36658 2.29017 0.964049 -2.42769 
1.03891 -1.84633 -1.68215 1.28962 -1.19966 -1.23721 2.29178 -1.71363 1.53278 -1.21249 1.3651 2.29063 0.966678 -2.41517 
1.03618 -1.84785 -1.68336 1.28522 -1.19858 -1.23779 2.30518 -1.71336 1.53176 -1.21304 1.3643 2.29117 0.967606 -2.41265 
1.03306 -1.84977 -1.68482 1.28125 -1.19781 -1.23778 2.32152 -1.7143 1.53913 -1.20942 1.36746 2.29012 0.962457 -2.42291 
1.03443 -1.84976 -1.68297 1.28321 -1.1966 -1.23739 2.32197 -1.71302 1.5426 -1.20715 1.36502 2.29263 0.964779 -2.42775 
1.03726 -1.84944 -1.68043 1.28726 -1.19436 -1.23646 2.32283 -1.71407 1.53798 -1.20927 1.36757 2.28805 0.962992 -2.42704 
1.04446 -1.84845 -1.67596 1.29815 -1.19292 -1.23138 2.31999 -1.71286 1.53878 -1.20871 1.36465 2.29131 0.965898 -2.42575 
1.05322 -1.84726 -1.67185 1.31203 -1.19252 -1.22466 2.31828 -1.7137 1.5398 -1.20792 1.36698 2.28938 0.963287 -2.42911 
1.06137 -1.8476 -1.66965 1.32819 -1.19598 -1.21516 2.32026 -1.7135 1.53941 -1.20739 1.3674 2.28664 0.964111 -2.43593 
1.06379 -1.85272 -1.66934 1.33977 -1.19507 -1.21324 2.3374 -1.71153 1.53552 -1.2093 1.36221 2.29047 0.970745 -2.42787 
1.06272 -1.86163 -1.6717 1.35137 -1.1943 -1.21259 2.37221 -1.71182 1.53346 -1.21069 1.36252 2.28981 0.97082 -2.42457 
1.06169 -1.87047 -1.67291 1.36435 -1.19344 -1.20745 2.41691 -1.71215 1.53457 -1.2099 1.36388 2.28814 0.969434 -2.42882 
1.05781 -1.87998 -1.67476 1.3762 -1.19247 -1.20515 2.46028 -1.71516 1.54079 -1.20779 1.37054 2.28616 0.959384 -2.43237 
1.05369 -1.88848 -1.67677 1.38601 -1.19405 -1.20421 2.49019 -1.71556 1.54077 -1.20833 1.37131 2.28687 0.957784 -2.42865 
1.05143 -1.89672 -1.67841 1.39805 -1.19819 -1.20017 2.51549 -1.71555 1.53524 -1.2104 1.37138 2.28288 0.95969 -2.42919 
1.04975 -1.90516 -1.67971 1.41091 -1.20325 -1.19445 2.53982 -1.71491 1.53467 -1.21056 1.3696 2.28407 0.961789 -2.42822 
1.04572 -1.91479 -1.68319 1.42143 -1.21031 -1.1905 2.56441 -1.71411 1.53763 -1.20851 1.36799 2.28611 0.96339 -2.43207 
1.04012 -1.92446 -1.68564 1.42805 -1.2147 -1.19196 2.58243 -1.71455 1.53936 -1.20837 1.36856 2.28784 0.96181 -2.42928 
1.03666 -1.93136 -1.68957 1.43164 -1.22366 -1.19272 2.58201 -1.71446 1.53656 -1.21039 1.36752 2.28995 0.963004 -2.4201 
1.0333 -1.9398 -1.69341 1.43724 -1.23361 -1.19594 2.5774 -1.71546 1.54086 -1.20853 1.37005 2.28968 0.958864 -2.42311 
1.02961 -1.94927 -1.69767 1.44198 -1.24486 -1.20255 2.56247 -1.71469 1.539 -1.20949 1.36797 2.29151 0.961424 -2.41842 
1.02808 -1.95589 -1.70019 1.44572 -1.2527 -1.20894 2.54504 -1.71308 1.5356 -1.21034 1.36418 2.29118 0.967301 -2.41994 
1.0306 -1.95559 -1.70193 1.4452 -1.26158 -1.21363 2.50418 -1.71201 1.53867 -1.20809 1.36289 2.28967 0.968303 -2.43121 
1.03752 -1.95176 -1.70042 1.44487 -1.27076 -1.21498 2.44349 -1.7101 1.53597 -1.20942 1.35812 2.29152 0.972925 -2.42724 
1.0459 -1.95001 -1.69935 1.45116 -1.28057 -1.20863 2.40809 -1.71065 1.53563 -1.2102 1.35946 2.29097 0.970448 -2.42472 
1.05002 -1.9495 -1.69937 1.45248 -1.28511 -1.21197 2.37697 -1.7104 1.53732 -1.20911 1.35901 2.29108 0.970741 -2.42843 
