1.11095 -1.96727 -1.68459 1.52847 -1.23185 -1.1701 2.28801 -1.11057 0.607972 0.0659647 -1.37907 -1.96141 -1.13218 -0.475202 
1.06526 -1.96694 -1.68409 1.45263 -1.19189 -1.25998 2.25708 -1.11086 0.60655 0.0662776 -1.38233 -1.96054 -1.13132 -0.4772 
1.06283 -1.96699 -1.68227 1.44972 -1.19863 -1.26733 2.26089 -1.11086 0.606549 0.0662777 -1.38233 -1.96054 -1.13132 -0.4772 
1.06162 -1.96699 -1.68242 1.4474 -1.199 -1.26974 2.25972 -1.11086 0.606549 0.0662777 -1.38233 -1.96054 -1.13132 -0.4772 
1.06057 -1.96699 -1.68234 1.44665 -1.20103 -1.27159 2.26088 -1.11086 0.606549 0.0662777 -1.38233 -1.96054 -1.13132 -0.4772 
1.06058 -1.96699 -1.68243 1.44782 -1.20376 -1.27062 2.26252 -1.11086 0.606549 0.0662777 -1.38233 -1.96054 -1.13132 -0.4772 
1.05984 -1.96699 -1.68251 1.4474 -1.20484 -1.27226 2.26322 -1.11086 0.606549 0.0662777 -1.38233 -1.96054 -1.13132 -0.4772 
1.05959 -1.96699 -1.68232 1.4473 -1.20452 -1.27296 2.26331 -1.11086 0.606549 0.0662777 -1.38233 -1.96054 -1.13132 -0.4772 
1.05996 -1.96619 -1.68193 1.44631 -1.20319 -1.27317 2.26182 -1.11086 0.606549 0.0662777 -1.38233 -1.96054 -1.13132 -0.4772 
1.0615 -1.96525 -1.68113 1.44835 -1.20447 -1.26929 2.26225 -1.11086 0.606549 0.0662777 -1.38233 -1.96054 -1.13132 -0.4772 
1.06099 -1.96612 -1.68203 1.44867 -1.20572 -1.26911 2.26333 -1.11086 0.606549 0.0662777 -1.38233 -1.96054 -1.13132 -0.4772 
1.05963 -1.96698 -1.68295 1.44782 -1.20588 -1.27146 2.2636 -1.11086 0.606549 0.0662777 -1.38233 -1.96054 -1.13132 -0.4772 
1.06101 -1.965 -1.6808 1.44688 -1.20249 -1.27174 2.26007 -1.11086 0.606549 0.0662777 -1.38233 -1.96054 -1.13132 -0.4772 
1.06052 -1.96476 -1.68068 1.44562 -1.2009 -1.27353 2.25954 -1.11086 0.606549 0.0662777 -1.38233 -1.96054 -1.13132 -0.4772 
1.06017 -1.96609 -1.68191 1.44683 -1.20311 -1.2729 2.26163 -1.11086 0.606549 0.0662777 -1.38233 -1.96054 -1.13132 -0.4772 
1.05953 -1.96645 -1.68207 1.44581 -1.20247 -1.2745 2.26155 -1.11086 0.606549 0.0662777 -1.38233 -1.96054 -1.13132 -0.4772 
1.05886 -1.96699 -1.68271 1.4462 -1.20419 -1.27492 2.26313 -1.11086 0.606549 0.0662777 -1.38233 -1.96054 -1.13132 -0.4772 
1.0578 -1.96699 -1.68256 1.44546 -1.2054 -1.27732 2.26389 -1.11086 0.606549 0.0662777 -1.38233 -1.96054 -1.13132 -0.4772 
1.05771 -1.96699 -1.68252 1.44742 -1.21028 -1.27664 2.26687 -1.11086 0.606549 0.0662777 -1.38233 -1.96054 -1.13132 -0.4772 
1.05888 -1.96583 -1.68151 1.4472 -1.20858 -1.27544 2.26467 -1.11086 0.606549 0.0662777 -1.38233 -1.96054 -1.13132 -0.4772 
1.05913 -1.96568 -1.681 1.44749 -1.20804 -1.27523 2.26488 -1.11086 0.606549 0.0662777 -1.38233 -1.96054 -1.13132 -0.4772 
1.06118 -1.96386 -1.67933 1.44842 -1.20779 -1.27213 2.26309 -1.11086 0.606549 0.0662777 -1.38233 -1.96054 -1.13132 -0.4772 
1.0598 -1.96382 -1.6794 1.44573 -1.20536 -1.27602 2.26156 -1.11086 0.606549 0.0662777 -1.38233 -1.96054 -1.13132 -0.4772 
1.05919 -1.96548 -1.68073 1.4466 -1.20717 -1.27601 2.26353 -1.11086 0.606549 0.0662777 -1.38233 -1.96054 -1.13132 -0.4772 
1.06124 -1.96355 -1.67865 1.4473 -1.20585 -1.27357 2.2624 -1.11086 0.606549 0.0662777 -1.38233 -1.96054 -1.13132 -0.4772 
1.06158 -1.96255 -1.67776 1.44669 -1.20461 -1.27338 2.26145 -1.11086 0.606549 0.0662777 -1.38233 -1.96054 -1.13132 -0.4772 
1.06105 -1.96284 -1.67817 1.44627 -1.20437 -1.27459 2.26185 -1.11086 0.606549 0.0662777 -1.38233 -1.96054 -1.13132 -0.4772 
1.05936 -1.96536 -1.68117 1.44798 -1.20869 -1.2739 2.26601 -1.11086 0.606549 0.0662777 -1.38233 -1.96054 -1.13132 -0.4772 
1.05866 -1.96602 -1.68193 1.44763 -1.20939 -1.27471 2.26577 -1.11086 0.606549 0.0662777 -1.38233 -1.96054 -1.13132 -0.4772 
1.05936 -1.966 -1.68201 1.4493 -1.21091 -1.27218 2.26685 -1.11086 0.606549 0.0662777 -1.38233 -1.96054 -1.13132 -0.4772 
1.06097 -1.96414 -1.67971 1.44882 -1.20832 -1.27176 2.26434 -1.11086 0.606549 0.0662777 -1.38233 -1.96054 -1.13132 -0.4772 
1.06124 -1.96395 -1.6793 1.449 -1.20802 -1.27155 2.2646 -1.11086 0.606549 0.0662777 -1.38233 -1.96054 -1.13132 -0.4772 
1.06157 -1.96335 -1.67891 1.44839 -1.20711 -1.27172 2.26389 -1.11086 0.606549 0.0662777 -1.38233 -1.96054 -1.13132 -0.4772 
1.06207 -1.96302 -1.67796 1.44841 -1.2061 -1.27157 2.26337 -1.11086 0.606549 0.0662777 -1.38233 -1.96054 -1.13132 -0.4772 
