1.13628 -1.9586 -1.71993 1.47597 -1.20866 -1.10897 2.18203 -1.11007 0.610447 0.0654194 -1.37338 -1.9629 -1.13369 -0.471729 
1.12785 -1.95302 -1.72125 1.46056 -1.20996 -1.10852 2.17419 -1.11086 0.606558 0.0662759 -1.38231 -1.96055 -1.13132 -0.477188 
1.12682 -1.95551 -1.72209 1.45914 -1.20962 -1.11142 2.17752 -1.11086 0.606549 0.0662777 -1.38233 -1.96054 -1.13132 -0.4772 
1.12219 -1.95703 -1.72437 1.45275 -1.20558 -1.12282 2.17587 -1.11086 0.606549 0.0662777 -1.38233 -1.96054 -1.13132 -0.4772 
1.12235 -1.9564 -1.72412 1.45245 -1.20511 -1.12247 2.17544 -1.11086 0.606549 0.0662777 -1.38233 -1.96054 -1.13132 -0.4772 
1.12219 -1.95674 -1.72473 1.45321 -1.2063 -1.121 2.17693 -1.11086 0.606549 0.0662777 -1.38233 -1.96054 -1.13132 -0.4772 
1.12304 -1.95606 -1.72433 1.45397 -1.20702 -1.11924 2.17705 -1.11086 0.606549 0.0662777 -1.38233 -1.96054 -1.13132 -0.4772 
1.12292 -1.95584 -1.72386 1.45339 -1.20615 -1.11985 2.17615 -1.11086 0.606549 0.0662777 -1.38233 -1.96054 -1.13132 -0.4772 
1.12163 -1.95753 -1.72579 1.4537 -1.20788 -1.12056 2.17948 -1.11086 0.606549 0.0662777 -1.38233 -1.96054 -1.13132 -0.4772 
1.12196 -1.95722 -1.7259 1.45431 -1.20853 -1.1192 2.17943 -1.11086 0.606549 0.0662777 -1.38233 -1.96054 -1.13132 -0.4772 
1.12037 -1.95934 -1.72786 1.45441 -1.2105 -1.12055 2.18142 -1.11086 0.606549 0.0662777 -1.38233 -1.96054 -1.13132 -0.4772 
1.12174 -1.95735 -1.72559 1.45387 -1.20765 -1.12037 2.1783 -1.11086 0.606549 0.0662777 -1.38233 -1.96054 -1.13132 -0.4772 
1.12146 -1.958 -1.72638 1.4544 -1.20883 -1.11994 2.17951 -1.11086 0.606549 0.0662777 -1.38233 -1.96054 -1.13132 -0.4772 
1.1223 -1.95669 -1.72508 1.45387 -1.2075 -1.11982 2.17751 -1.11086 0.606549 0.0662777 -1.38233 -1.96054 -1.13132 -0.4772 
1.12088 -1.95809 -1.72651 1.45345 -1.2081 -1.12167 2.17881 -1.11086 0.606549 0.0662777 -1.38233 -1.96054 -1.13132 -0.4772 
1.12069 -1.95805 -1.72652 1.45301 -1.2074 -1.12285 2.17826 -1.11086 0.606549 0.0662777 -1.38233 -1.96054 -1.13132 -0.4772 
1.12205 -1.95793 -1.72632 1.45544 -1.20958 -1.11844 2.18032 -1.11086 0.606549 0.0662777 -1.38233 -1.96054 -1.13132 -0.4772 
1.12326 -1.95676 -1.72537 1.45567 -1.20914 -1.11669 2.17944 -1.11086 0.606549 0.0662777 -1.38233 -1.96054 -1.13132 -0.4772 
1.12163 -1.95729 -1.72558 1.45322 -1.20687 -1.12098 2.17767 -1.11086 0.606549 0.0662777 -1.38233 -1.96054 -1.13132 -0.4772 
