1.16711 -1.7262 -1.51925 1.61694 -1.61654 -1.09923 2.36605 -1.11007 0.610447 0.0654194 -1.37338 -1.9629 -1.13369 -0.471729 
1.15343 -1.71454 -1.5246 1.59654 -1.63901 -1.07208 2.36093 -1.11086 0.606558 0.0662759 -1.38231 -1.96055 -1.13132 -0.477188 
1.15069 -1.71878 -1.52541 1.59379 -1.63937 -1.07662 2.36798 -1.11086 0.606549 0.0662777 -1.38233 -1.96054 -1.13132 -0.4772 
1.14833 -1.72018 -1.52555 1.58995 -1.63558 -1.08148 2.36901 -1.11086 0.606549 0.0662777 -1.38233 -1.96054 -1.13132 -0.4772 
1.14827 -1.7199 -1.52635 1.59029 -1.63799 -1.08002 2.37013 -1.11086 0.606549 0.0662777 -1.38233 -1.96054 -1.13132 -0.4772 
1.14922 -1.71802 -1.52485 1.59019 -1.63615 -1.07826 2.36838 -1.11086 0.606549 0.0662777 -1.38233 -1.96054 -1.13132 -0.4772 
1.14809 -1.71944 -1.52621 1.59018 -1.63767 -1.07974 2.3699 -1.11086 0.606549 0.0662777 -1.38233 -1.96054 -1.13132 -0.4772 
1.14861 -1.71917 -1.52655 1.59082 -1.63907 -1.07861 2.37104 -1.11086 0.606549 0.0662777 -1.38233 -1.96054 -1.13132 -0.4772 
1.14855 -1.71943 -1.52672 1.59075 -1.63948 -1.07866 2.3707 -1.11086 0.606549 0.0662777 -1.38233 -1.96054 -1.13132 -0.4772 
1.14856 -1.7191 -1.52678 1.59043 -1.63884 -1.07895 2.3704 -1.11086 0.606549 0.0662777 -1.38233 -1.96054 -1.13132 -0.4772 
1.14797 -1.72012 -1.52738 1.59057 -1.6403 -1.07971 2.37155 -1.11086 0.606549 0.0662777 -1.38233 -1.96054 -1.13132 -0.4772 
1.14964 -1.71762 -1.52632 1.5916 -1.64098 -1.07574 2.37016 -1.11086 0.606549 0.0662777 -1.38233 -1.96054 -1.13132 -0.4772 
1.14898 -1.71833 -1.52585 1.59039 -1.63817 -1.07832 2.36909 -1.11086 0.606549 0.0662777 -1.38233 -1.96054 -1.13132 -0.4772 
1.14831 -1.71935 -1.52672 1.59059 -1.63929 -1.07903 2.37106 -1.11086 0.606549 0.0662777 -1.38233 -1.96054 -1.13132 -0.4772 
1.1479 -1.71983 -1.52701 1.59016 -1.63898 -1.08023 2.37172 -1.11086 0.606549 0.0662777 -1.38233 -1.96054 -1.13132 -0.4772 
1.14812 -1.71915 -1.52653 1.5902 -1.63859 -1.07958 2.37022 -1.11086 0.606549 0.0662777 -1.38233 -1.96054 -1.13132 -0.4772 
1.14847 -1.71873 -1.52644 1.59038 -1.63881 -1.07859 2.37068 -1.11086 0.606549 0.0662777 -1.38233 -1.96054 -1.13132 -0.4772 
1.14795 -1.7199 -1.52703 1.5907 -1.63981 -1.07962 2.37136 -1.11086 0.606549 0.0662777 -1.38233 -1.96054 -1.13132 -0.4772 
1.14817 -1.71933 -1.52641 1.58992 -1.63784 -1.08026 2.37005 -1.11086 0.606549 0.0662777 -1.38233 -1.96054 -1.13132 -0.4772 
1.14906 -1.71803 -1.52588 1.59061 -1.63816 -1.07812 2.3689 -1.11086 0.606549 0.0662777 -1.38233 -1.96054 -1.13132 -0.4772 
1.14899 -1.71825 -1.5267 1.59167 -1.64124 -1.07654 2.37091 -1.11086 0.606549 0.0662777 -1.38233 -1.96054 -1.13132 -0.4772 
1.14809 -1.71949 -1.52663 1.59054 -1.63937 -1.07919 2.3713 -1.11086 0.606549 0.0662777 -1.38233 -1.96054 -1.13132 -0.4772 
1.14949 -1.71729 -1.5249 1.58996 -1.63617 -1.0779 2.36761 -1.11086 0.606549 0.0662777 -1.38233 -1.96054 -1.13132 -0.4772 
1.14875 -1.71909 -1.52712 1.59112 -1.64033 -1.07825 2.37103 -1.11086 0.606549 0.0662777 -1.38233 -1.96054 -1.13132 -0.4772 
1.14894 -1.71861 -1.52649 1.59067 -1.63908 -1.07815 2.36941 -1.11086 0.606549 0.0662777 -1.38233 -1.96054 -1.13132 -0.4772 
1.1494 -1.71783 -1.52647 1.59164 -1.64036 -1.07616 2.36999 -1.11086 0.606549 0.0662777 -1.38233 -1.96054 -1.13132 -0.4772 
1.14887 -1.71836 -1.52616 1.59061 -1.63854 -1.07799 2.36895 -1.11086 0.606549 0.0662777 -1.38233 -1.96054 -1.13132 -0.4772 
1.14819 -1.71931 -1.52717 1.59055 -1.63927 -1.07929 2.37077 -1.11086 0.606549 0.0662777 -1.38233 -1.96054 -1.13132 -0.4772 
1.14802 -1.71963 -1.52685 1.59016 -1.63873 -1.08003 2.37143 -1.11086 0.606549 0.0662777 -1.38233 -1.96054 -1.13132 -0.4772 
1.14929 -1.71775 -1.52656 1.59125 -1.63979 -1.0769 2.36968 -1.11086 0.606549 0.0662777 -1.38233 -1.96054 -1.13132 -0.4772 
1.14875 -1.71907 -1.52786 1.59221 -1.6429 -1.07698 2.37226 -1.11086 0.606549 0.0662777 -1.38233 -1.96054 -1.13132 -0.4772 
1.14772 -1.71997 -1.52762 1.5906 -1.63991 -1.08004 2.37134 -1.11086 0.606549 0.0662777 -1.38233 -1.96054 -1.13132 -0.4772 
1.14761 -1.72008 -1.5274 1.59023 -1.6393 -1.0807 2.3716 -1.11086 0.606549 0.0662777 -1.38233 -1.96054 -1.13132 -0.4772 
1.14899 -1.71785 -1.52542 1.59011 -1.63666 -1.0788 2.368 -1.11086 0.606549 0.0662777 -1.38233 -1.96054 -1.13132 -0.4772 
1.14895 -1.71841 -1.52635 1.59105 -1.63942 -1.07795 2.3705 -1.11086 0.606549 0.0662777 -1.38233 -1.96054 -1.13132 -0.4772 
1.14866 -1.719 -1.52694 1.591 -1.63999 -1.07845 2.37089 -1.11086 0.606549 0.0662777 -1.38233 -1.96054 -1.13132 -0.4772 
1.14858 -1.71869 -1.52627 1.59063 -1.63887 -1.07864 2.37078 -1.11086 0.606549 0.0662777 -1.38233 -1.96054 -1.13132 -0.4772 
1.14965 -1.71727 -1.52573 1.59089 -1.63883 -1.07659 2.36938 -1.11086 0.606549 0.0662777 -1.38233 -1.96054 -1.13132 -0.4772 
1.14892 -1.71807 -1.52552 1.59041 -1.63795 -1.07805 2.36951 -1.11086 0.606549 0.0662777 -1.38233 -1.96054 -1.13132 -0.4772 
1.14866 -1.71878 -1.5274 1.59171 -1.64212 -1.07691 2.37225 -1.11086 0.606549 0.0662777 -1.38233 -1.96054 -1.13132 -0.4772 
1.14902 -1.71863 -1.52771 1.59214 -1.6431 -1.07641 2.37247 -1.11086 0.606549 0.0662777 -1.38233 -1.96054 -1.13132 -0.4772 
