1.02438 -1.90425 -1.78546 1.25034 -1.05342 -1.17345 2.0016 -1.73193 1.84982 -0.993106 1.5578 1.98463 0.822291 -2.07036 
1.00785 -1.90645 -1.7899 1.22231 -1.05952 -1.17994 1.9959 -1.71721 1.83574 -0.972592 1.52758 1.99888 0.881341 -2.17375 
1.0142 -1.89975 -1.78431 1.22531 -1.05301 -1.17867 1.98763 -1.73131 1.84872 -0.991936 1.55767 1.98249 0.826695 -2.08635 
1.01595 -1.89348 -1.77974 1.22013 -1.04745 -1.18243 1.97426 -1.7166 1.82092 -0.975278 1.52187 1.99576 0.897548 -2.18385 
1.01461 -1.89232 -1.77925 1.21513 -1.04624 -1.18654 1.96787 -1.7185 1.84014 -0.973112 1.5324 1.99351 0.874845 -2.18192 
1.01347 -1.89474 -1.78158 1.21542 -1.04782 -1.18748 1.9724 -1.71452 1.82067 -0.972264 1.51678 1.99814 0.905556 -2.20148 
1.01678 -1.89748 -1.78321 1.22402 -1.04882 -1.18434 1.98229 -1.71324 1.82022 -0.972289 1.51433 1.99655 0.905423 -2.20434 
1.02302 -1.90062 -1.78457 1.23881 -1.05146 -1.17817 1.99115 -1.70885 1.83228 -0.965025 1.50999 2.00307 0.90407 -2.22392 
1.03268 -1.90214 -1.78259 1.25658 -1.05022 -1.1717 1.99885 -1.70795 1.82409 -0.967435 1.50404 2.00384 0.913228 -2.22142 
1.03984 -1.90305 -1.78117 1.26972 -1.04984 -1.16649 2.00322 -1.70636 1.82717 -0.965634 1.50267 2.00209 0.912957 -2.23559 
1.04761 -1.90457 -1.78039 1.28492 -1.05097 -1.15919 2.01002 -1.70592 1.82456 -0.966694 1.5005 2.00144 0.914582 -2.23476 
1.05001 -1.90506 -1.78016 1.28973 -1.05107 -1.15706 2.01226 -1.70567 1.82007 -0.96774 1.49811 1.99921 0.917659 -2.23697 
1.05506 -1.90629 -1.77977 1.29949 -1.05167 -1.15281 2.01658 -1.70564 1.81744 -0.96876 1.4946 2.00295 0.919255 -2.22378 
1.05801 -1.90768 -1.77982 1.30569 -1.0521 -1.15054 2.02057 -1.70473 1.82479 -0.965159 1.49524 2.00378 0.915865 -2.23539 
1.06288 -1.90882 -1.77919 1.31483 -1.05194 -1.14778 2.02434 -1.70176 1.8378 -0.957247 1.49559 2.00296 0.91292 -2.27357 
1.06899 -1.91059 -1.77898 1.32695 -1.05273 -1.14302 2.03023 -1.70124 1.8355 -0.957247 1.49233 2.00276 0.915652 -2.27681 
1.07476 -1.91158 -1.77807 1.33782 -1.05262 -1.13853 2.03532 -1.70033 1.83188 -0.958953 1.48727 2.00625 0.917474 -2.26294 
1.08186 -1.91404 -1.77857 1.35392 -1.05566 -1.12998 2.04375 -1.6989 1.83216 -0.957152 1.48266 2.00883 0.921686 -2.26953 
1.08477 -1.91604 -1.77894 1.36079 -1.05548 -1.13042 2.04655 -1.69971 1.83497 -0.957729 1.48147 2.01235 0.917015 -2.25457 
1.08579 -1.91955 -1.78008 1.36639 -1.05492 -1.13388 2.05069 -1.69745 1.84166 -0.951842 1.47986 2.01657 0.918655 -2.27215 
1.08752 -1.91947 -1.77816 1.36815 -1.04962 -1.13981 2.05004 -1.69699 1.84323 -0.948978 1.48156 2.01057 0.916634 -2.29473 
1.08449 -1.9219 -1.78045 1.3656 -1.0485 -1.14686 2.05232 -1.69524 1.84407 -0.944286 1.47816 2.01332 0.92255 -2.3122 
1.28409 -1.96379 -1.88208 1.91274 -1.28694 -0.782913 2.34167 -1.69702 1.84291 -0.949085 1.48129 2.01096 0.917173 -2.29494 
1.10766 -1.94454 -1.79495 1.43717 -1.07873 -1.10052 2.11603 -1.54615 1.61023 -1.01484 1.22172 2.0707 1.19441 -2.2609 
