0.835649 -1.08102 -0.64468 1.50291 -2.22806 -1.84496 1.96055 -1.11007 0.610447 0.0654194 -1.37338 -1.9629 -1.13369 -0.471729 
0.819449 -1.09997 -0.644198 1.46955 -2.2288 -1.84071 1.96272 -1.11086 0.606555 0.0662764 -1.38232 -1.96055 -1.13132 -0.477192 
0.817332 -1.10459 -0.643506 1.46414 -2.22651 -1.84538 1.9644 -1.11086 0.606549 0.0662777 -1.38233 -1.96054 -1.13132 -0.4772 
0.819121 -1.10573 -0.643101 1.46283 -2.22508 -1.84618 1.96033 -1.11086 0.606549 0.0662777 -1.38233 -1.96054 -1.13132 -0.4772 
0.823082 -1.10441 -0.642767 1.46551 -2.22501 -1.84432 1.95436 -1.11086 0.606549 0.0662777 -1.38233 -1.96054 -1.13132 -0.4772 
0.827342 -1.10079 -0.640056 1.47202 -2.22035 -1.84651 1.9515 -1.11086 0.606549 0.0662777 -1.38233 -1.96054 -1.13132 -0.4772 
0.830853 -1.09803 -0.639547 1.47836 -2.21793 -1.84994 1.94998 -1.11086 0.606549 0.0662777 -1.38233 -1.96054 -1.13132 -0.4772 
0.832924 -1.09657 -0.638743 1.48182 -2.21511 -1.85283 1.94876 -1.11086 0.606549 0.0662777 -1.38233 -1.96054 -1.13132 -0.4772 
0.83474 -1.09468 -0.637619 1.48505 -2.21268 -1.85403 1.94757 -1.11086 0.606549 0.0662777 -1.38233 -1.96054 -1.13132 -0.4772 
0.835802 -1.0935 -0.637204 1.48758 -2.21173 -1.85487 1.94768 -1.11086 0.606549 0.0662777 -1.38233 -1.96054 -1.13132 -0.4772 
0.83654 -1.09336 -0.636931 1.4895 -2.21061 -1.85649 1.9474 -1.11086 0.606549 0.0662777 -1.38233 -1.96054 -1.13132 -0.4772 
0.837412 -1.09264 -0.637943 1.49214 -2.21231 -1.85671 1.94802 -1.11086 0.606549 0.0662777 -1.38233 -1.96054 -1.13132 -0.4772 
0.838325 -1.09188 -0.638484 1.49441 -2.21331 -1.85646 1.94778 -1.11086 0.606549 0.0662777 -1.38233 -1.96054 -1.13132 -0.4772 
0.83862 -1.09206 -0.638193 1.49497 -2.21256 -1.85728 1.94774 -1.11086 0.606549 0.0662777 -1.38233 -1.96054 -1.13132 -0.4772 
0.840438 -1.0898 -0.637096 1.49718 -2.21088 -1.8566 1.9459 -1.11086 0.606549 0.0662777 -1.38233 -1.96054 -1.13132 -0.4772 
0.842321 -1.08897 -0.636892 1.49965 -2.20938 -1.85941 1.94548 -1.11086 0.606549 0.0662777 -1.38233 -1.96054 -1.13132 -0.4772 
0.843479 -1.08847 -0.636342 1.50211 -2.20712 -1.86219 1.94481 -1.11086 0.606549 0.0662777 -1.38233 -1.96054 -1.13132 -0.4772 
0.844192 -1.08878 -0.636008 1.50374 -2.20526 -1.86602 1.94591 -1.11086 0.606549 0.0662777 -1.38233 -1.96054 -1.13132 -0.4772 
0.844351 -1.08861 -0.636868 1.50473 -2.20628 -1.86623 1.94601 -1.11086 0.606549 0.0662777 -1.38233 -1.96054 -1.13132 -0.4772 
0.844473 -1.08874 -0.637118 1.50465 -2.20671 -1.86601 1.9455 -1.11086 0.606549 0.0662777 -1.38233 -1.96054 -1.13132 -0.4772 
0.844241 -1.08903 -0.637045 1.50481 -2.20624 -1.86695 1.9459 -1.11086 0.606549 0.0662777 -1.38233 -1.96054 -1.13132 -0.4772 
0.844825 -1.0882 -0.637532 1.50599 -2.20793 -1.86479 1.94533 -1.11086 0.606549 0.0662777 -1.38233 -1.96054 -1.13132 -0.4772 
0.844055 -1.08965 -0.637693 1.50463 -2.20762 -1.8669 1.94662 -1.11086 0.606549 0.0662777 -1.38233 -1.96054 -1.13132 -0.4772 
0.843995 -1.08966 -0.63818 1.50501 -2.20814 -1.86693 1.94687 -1.11086 0.606549 0.0662777 -1.38233 -1.96054 -1.13132 -0.4772 
0.843933 -1.08966 -0.636233 1.50363 -2.20526 -1.86754 1.94657 -1.11086 0.606549 0.0662777 -1.38233 -1.96054 -1.13132 -0.4772 
0.843928 -1.08925 -0.635244 1.50303 -2.20376 -1.86714 1.94587 -1.11086 0.606549 0.0662777 -1.38233 -1.96054 -1.13132 -0.4772 
0.844012 -1.08926 -0.636126 1.50384 -2.20524 -1.86675 1.94647 -1.11086 0.606549 0.0662777 -1.38233 -1.96054 -1.13132 -0.4772 
0.844647 -1.08756 -0.635935 1.50547 -2.20602 -1.86409 1.94514 -1.11086 0.606549 0.0662777 -1.38233 -1.96054 -1.13132 -0.4772 
0.844912 -1.08768 -0.636372 1.50532 -2.20615 -1.86386 1.94351 -1.11086 0.606549 0.0662777 -1.38233 -1.96054 -1.13132 -0.4772 
0.844968 -1.08784 -0.636336 1.50499 -2.20619 -1.86396 1.94314 -1.11086 0.606549 0.0662777 -1.38233 -1.96054 -1.13132 -0.4772 
0.845223 -1.08849 -0.638498 1.50599 -2.20914 -1.86373 1.94321 -1.11086 0.606549 0.0662777 -1.38233 -1.96054 -1.13132 -0.4772 
0.845051 -1.08817 -0.637639 1.50561 -2.20809 -1.86361 1.94324 -1.11086 0.606549 0.0662777 -1.38233 -1.96054 -1.13132 -0.4772 
0.8449 -1.08907 -0.637509 1.50425 -2.20694 -1.86508 1.94274 -1.11086 0.606549 0.0662777 -1.38233 -1.96054 -1.13132 -0.4772 
0.84501 -1.08858 -0.637874 1.50475 -2.2077 -1.86428 1.94255 -1.11086 0.606549 0.0662777 -1.38233 -1.96054 -1.13132 -0.4772 
0.844911 -1.0885 -0.63757 1.50485 -2.20749 -1.86435 1.94326 -1.11086 0.606549 0.0662777 -1.38233 -1.96054 -1.13132 -0.4772 
0.844942 -1.08871 -0.637938 1.50461 -2.20747 -1.86462 1.94269 -1.11086 0.606549 0.0662777 -1.38233 -1.96054 -1.13132 -0.4772 
0.845389 -1.08756 -0.637838 1.5059 -2.20861 -1.86274 1.94281 -1.11086 0.606549 0.0662777 -1.38233 -1.96054 -1.13132 -0.4772 
0.84507 -1.08864 -0.638845 1.5057 -2.20962 -1.86381 1.9435 -1.11086 0.606549 0.0662777 -1.38233 -1.96054 -1.13132 -0.4772 
0.845475 -1.08656 -0.636656 1.50587 -2.20733 -1.86135 1.9423 -1.11086 0.606549 0.0662777 -1.38233 -1.96054 -1.13132 -0.4772 
0.84527 -1.08684 -0.636401 1.5054 -2.20674 -1.86227 1.94291 -1.11086 0.606549 0.0662777 -1.38233 -1.96054 -1.13132 -0.4772 
0.845497 -1.08681 -0.637729 1.50669 -2.2091 -1.86157 1.94324 -1.11086 0.606549 0.0662777 -1.38233 -1.96054 -1.13132 -0.4772 
1.1563 -0.710826 -0.688334 1.98594 -2.24332 -1.92372 1.83302 -1.11086 0.606549 0.0662777 -1.38233 -1.96054 -1.13132 -0.4772 
0.85784 -1.07978 -0.646376 1.52737 -2.21341 -1.87389 1.93592 -0.905478 0.613099 -0.249735 -1.39212 -1.80017 -1.24668 -0.52366 
0.848182 -1.09388 -0.645984 1.50376 -2.21348 -1.86994 1.93218 -0.906329 0.61741 -0.250107 -1.38235 -1.8015 -1.24918 -0.517881 
0.846709 -1.09552 -0.645895 1.50122 -2.21344 -1.87069 1.93354 -0.906331 0.617418 -0.250107 -1.38233 -1.8015 -1.24919 -0.517871 
0.846355 -1.09594 -0.645104 1.50047 -2.21217 -1.87102 1.9336 -0.906331 0.617418 -0.250107 -1.38233 -1.8015 -1.24919 -0.517871 
0.846397 -1.0961 -0.645911 1.50106 -2.21367 -1.87126 1.93446 -0.906331 0.617418 -0.250107 -1.38233 -1.8015 -1.24919 -0.517871 
0.846765 -1.09505 -0.645853 1.5023 -2.21432 -1.8694 1.93373 -0.906331 0.617418 -0.250107 -1.38233 -1.8015 -1.24919 -0.517871 
0.846507 -1.0955 -0.645687 1.50177 -2.21373 -1.86957 1.93369 -0.906331 0.617418 -0.250107 -1.38233 -1.8015 -1.24919 -0.517871 
0.846479 -1.09534 -0.645185 1.50105 -2.21284 -1.87016 1.93375 -0.906331 0.617418 -0.250107 -1.38233 -1.8015 -1.24919 -0.517871 
0.846465 -1.09576 -0.645038 1.50083 -2.2122 -1.87054 1.93344 -0.906331 0.617418 -0.250107 -1.38233 -1.8015 -1.24919 -0.517871 
0.846315 -1.09559 -0.645504 1.50074 -2.21305 -1.871 1.93488 -0.906331 0.617418 -0.250107 -1.38233 -1.8015 -1.24919 -0.517871 
0.846279 -1.09631 -0.645352 1.5 -2.2121 -1.87181 1.93406 -0.906331 0.617418 -0.250107 -1.38233 -1.8015 -1.24919 -0.517871 
0.846867 -1.0953 -0.646863 1.50218 -2.21547 -1.86974 1.93401 -0.906331 0.617418 -0.250107 -1.38233 -1.8015 -1.24919 -0.517871 
0.846876 -1.09495 -0.646687 1.50201 -2.21535 -1.86932 1.93369 -0.906331 0.617418 -0.250107 -1.38233 -1.8015 -1.24919 -0.517871 
0.847325 -1.09447 -0.64631 1.50273 -2.21517 -1.86806 1.93245 -0.906331 0.617418 -0.250107 -1.38233 -1.8015 -1.24919 -0.517871 
0.84721 -1.09459 -0.646316 1.50246 -2.21529 -1.86825 1.93271 -0.906331 0.617418 -0.250107 -1.38233 -1.8015 -1.24919 -0.517871 
0.847123 -1.0953 -0.647002 1.50226 -2.21565 -1.86891 1.93235 -0.906331 0.617418 -0.250107 -1.38233 -1.8015 -1.24919 -0.517871 
0.847303 -1.09467 -0.646587 1.5024 -2.21544 -1.86827 1.93223 -0.906331 0.617418 -0.250107 -1.38233 -1.8015 -1.24919 -0.517871 
0.846804 -1.09517 -0.645757 1.50122 -2.21381 -1.86933 1.93284 -0.906331 0.617418 -0.250107 -1.38233 -1.8015 -1.24919 -0.517871 
