1.03888 -1.94267 -1.8353 1.29284 -1.00859 -1.12133 1.99593 -1.73166 1.84876 -0.997112 1.55468 1.99366 0.818338 -2.07743 
1.00759 -1.93556 -1.83581 1.23188 -1.0018 -1.1514 1.97664 -1.71855 1.84065 -0.978022 1.52961 2.00766 0.867233 -2.16412 
1.00439 -1.92948 -1.83288 1.21945 -0.999691 -1.1516 1.96688 -1.71124 1.83591 -0.968311 1.51819 2.00738 0.891456 -2.22742 
1.00693 -1.92798 -1.83168 1.22178 -0.999698 -1.15031 1.96221 -1.71096 1.82781 -0.969749 1.51385 2.00695 0.902225 -2.23322 
1.00754 -1.92771 -1.83142 1.22026 -0.998901 -1.15572 1.95583 -1.71211 1.82188 -0.972357 1.51393 2.00242 0.903518 -2.23091 
1.00751 -1.92933 -1.83244 1.22187 -0.998961 -1.15488 1.96176 -1.71177 1.8184 -0.972829 1.5116 2.00111 0.90676 -2.23391 
1.01135 -1.93085 -1.83295 1.23034 -0.99887 -1.15117 1.96925 -1.72382 1.8361 -0.986465 1.53423 1.99428 0.859691 -2.15512 
1.01757 -1.93446 -1.83473 1.24493 -1.00103 -1.14652 1.97767 -1.706 1.82884 -0.965203 1.50333 2.00951 0.911006 -2.25762 
1.02696 -1.93695 -1.83334 1.2626 -1.00054 -1.13971 1.98482 -1.71092 1.82402 -0.974908 1.50654 2.00835 0.901408 -2.21113 
1.03315 -1.93981 -1.83271 1.27585 -1.00109 -1.13538 1.98975 -1.7141 1.83358 -0.978292 1.51462 2.00265 0.883232 -2.19713 
1.03904 -1.94194 -1.83263 1.28878 -1.00255 -1.12883 1.99587 -1.70831 1.82342 -0.973956 1.5015 2.00712 0.903963 -2.22187 
1.04634 -1.94121 -1.8301 1.30018 -1.00165 -1.12161 1.99786 -1.70396 1.83438 -0.965257 1.49868 2.0093 0.906168 -2.25989 
1.0492 -1.94299 -1.83058 1.30699 -1.002 -1.11979 2.00224 -1.70059 1.83386 -0.960799 1.49318 2.0091 0.914451 -2.28857 
1.05289 -1.94303 -1.82931 1.31287 -1.00136 -1.11631 2.00398 -1.70194 1.83508 -0.962671 1.49347 2.01299 0.909782 -2.26874 
1.05673 -1.94481 -1.82906 1.32105 -1.00165 -1.11293 2.00855 -1.70249 1.82208 -0.968203 1.48635 2.01718 0.918555 -2.24023 
1.06457 -1.94714 -1.82905 1.33682 -1.00427 -1.1027 2.01627 -1.70309 1.82029 -0.969864 1.48517 2.01686 0.917031 -2.23039 
1.06956 -1.94968 -1.82877 1.34721 -1.00408 -1.10026 2.02118 -1.70055 1.83003 -0.96435 1.48243 2.01972 0.914317 -2.24717 
1.07592 -1.95102 -1.82767 1.3588 -1.00266 -1.09692 2.02623 -1.6983 1.82585 -0.963585 1.47538 2.02189 0.922824 -2.25372 
1.08031 -1.95298 -1.82763 1.36819 -1.00221 -1.0961 2.02961 -1.69912 1.82136 -0.965522 1.47385 2.01877 0.924404 -2.25268 
1.07902 -1.95433 -1.82807 1.36805 -1.00169 -1.09924 2.03008 -1.70092 1.81896 -0.967119 1.47413 2.01788 0.92251 -2.24273 
1.0769 -1.95873 -1.83101 1.3697 -1.00206 -1.10617 2.034 -1.69674 1.82743 -0.957326 1.47112 2.02029 0.927814 -2.28405 
1.07406 -1.96178 -1.83353 1.36832 -1.0015 -1.11332 2.03676 -1.69507 1.83765 -0.950023 1.47231 2.0225 0.924362 -2.30758 
1.2829 -1.96699 -1.88484 1.91297 -1.28516 -0.780156 2.34162 -1.697 1.82742 -0.957561 1.47129 2.02064 0.927338 -2.28426 
