1.10457 -1.84875 -1.52727 1.53031 -1.35302 -1.36563 2.37373 -1.11007 0.610447 0.0654194 -1.37338 -1.9629 -1.13369 -0.471729 
1.0824 -1.84524 -1.53219 1.49838 -1.35291 -1.36782 2.36877 -1.11086 0.606555 0.0662764 -1.38232 -1.96055 -1.13132 -0.477192 
1.0822 -1.84777 -1.53395 1.50008 -1.35957 -1.36404 2.3733 -1.11086 0.606549 0.0662777 -1.38233 -1.96054 -1.13132 -0.4772 
1.08065 -1.84893 -1.53536 1.49864 -1.36119 -1.36485 2.37488 -1.11086 0.606549 0.0662777 -1.38233 -1.96054 -1.13132 -0.4772 
1.07892 -1.85079 -1.53733 1.49763 -1.36269 -1.36722 2.3761 -1.11086 0.606549 0.0662777 -1.38233 -1.96054 -1.13132 -0.4772 
1.07917 -1.8498 -1.5361 1.49643 -1.36011 -1.36823 2.37334 -1.11086 0.606549 0.0662777 -1.38233 -1.96054 -1.13132 -0.4772 
1.07992 -1.84889 -1.53603 1.49726 -1.36113 -1.3661 2.37347 -1.11086 0.606549 0.0662777 -1.38233 -1.96054 -1.13132 -0.4772 
1.07997 -1.84927 -1.53675 1.49845 -1.363 -1.36481 2.3751 -1.11086 0.606549 0.0662777 -1.38233 -1.96054 -1.13132 -0.4772 
1.08053 -1.84824 -1.53629 1.49831 -1.36268 -1.36434 2.37344 -1.11086 0.606549 0.0662777 -1.38233 -1.96054 -1.13132 -0.4772 
1.0807 -1.84786 -1.53569 1.49796 -1.36153 -1.36458 2.37234 -1.11086 0.606549 0.0662777 -1.38233 -1.96054 -1.13132 -0.4772 
1.08122 -1.84707 -1.536 1.49864 -1.36284 -1.36273 2.37282 -1.11086 0.606549 0.0662777 -1.38233 -1.96054 -1.13132 -0.4772 
1.08083 -1.84782 -1.536 1.49849 -1.36278 -1.36339 2.3731 -1.11086 0.606549 0.0662777 -1.38233 -1.96054 -1.13132 -0.4772 
1.08075 -1.84772 -1.53661 1.49832 -1.36293 -1.36366 2.37295 -1.11086 0.606549 0.0662777 -1.38233 -1.96054 -1.13132 -0.4772 
1.07944 -1.84841 -1.53614 1.49605 -1.36006 -1.36701 2.37195 -1.11086 0.606549 0.0662777 -1.38233 -1.96054 -1.13132 -0.4772 
1.07826 -1.8497 -1.53662 1.49484 -1.35913 -1.36979 2.37222 -1.11086 0.606549 0.0662777 -1.38233 -1.96054 -1.13132 -0.4772 
1.07744 -1.85056 -1.53765 1.49473 -1.35994 -1.37037 2.37407 -1.11086 0.606549 0.0662777 -1.38233 -1.96054 -1.13132 -0.4772 
1.07974 -1.8487 -1.53612 1.49658 -1.36052 -1.36691 2.37297 -1.11086 0.606549 0.0662777 -1.38233 -1.96054 -1.13132 -0.4772 
1.08117 -1.84727 -1.53483 1.49753 -1.36026 -1.36449 2.37236 -1.11086 0.606549 0.0662777 -1.38233 -1.96054 -1.13132 -0.4772 
1.08143 -1.84691 -1.53481 1.498 -1.36094 -1.3632 2.37245 -1.11086 0.606549 0.0662777 -1.38233 -1.96054 -1.13132 -0.4772 
1.08058 -1.84789 -1.53582 1.49781 -1.36164 -1.3642 2.37344 -1.11086 0.606549 0.0662777 -1.38233 -1.96054 -1.13132 -0.4772 
1.08107 -1.84783 -1.5353 1.49817 -1.36151 -1.364 2.37213 -1.11086 0.606549 0.0662777 -1.38233 -1.96054 -1.13132 -0.4772 
1.07753 -1.85058 -1.5381 1.49523 -1.36088 -1.36969 2.37486 -1.11086 0.606549 0.0662777 -1.38233 -1.96054 -1.13132 -0.4772 
1.07955 -1.84847 -1.53618 1.496 -1.35968 -1.36722 2.37314 -1.11086 0.606549 0.0662777 -1.38233 -1.96054 -1.13132 -0.4772 
1.07837 -1.84952 -1.53696 1.49514 -1.35972 -1.36918 2.37352 -1.11086 0.606549 0.0662777 -1.38233 -1.96054 -1.13132 -0.4772 
1.07917 -1.84972 -1.53764 1.4973 -1.36272 -1.3667 2.37462 -1.11086 0.606549 0.0662777 -1.38233 -1.96054 -1.13132 -0.4772 
1.07975 -1.84903 -1.53716 1.49771 -1.36276 -1.36583 2.37377 -1.11086 0.606549 0.0662777 -1.38233 -1.96054 -1.13132 -0.4772 
1.08041 -1.84868 -1.537 1.49895 -1.36388 -1.36393 2.37408 -1.11086 0.606549 0.0662777 -1.38233 -1.96054 -1.13132 -0.4772 
