1.04204 -1.83501 -1.65441 1.28687 -1.20851 -1.25682 2.05734 -1.8813 1.42939 -1.46653 1.59745 2.81496 0.490949 -2.55249 
1.02505 -1.82106 -1.65126 1.24876 -1.20229 -1.25573 2.04105 -1.88095 1.45859 -1.4435 1.58903 2.78894 0.514922 -2.61724 
1.02063 -1.81489 -1.64907 1.23728 -1.19897 -1.25522 2.032 -1.87945 1.46347 -1.43662 1.58431 2.7767 0.525351 -2.64237 
1.0168 -1.81245 -1.64936 1.22906 -1.19725 -1.25977 2.02336 -1.87875 1.45868 -1.43618 1.58028 2.77044 0.53493 -2.65079 
1.01454 -1.81188 -1.64924 1.22256 -1.19482 -1.26647 2.01519 -1.87824 1.45021 -1.44053 1.57653 2.77598 0.540366 -2.6376 
1.01411 -1.81468 -1.65129 1.22449 -1.19593 -1.26807 2.02138 -1.87863 1.44147 -1.44637 1.57527 2.78363 0.540425 -2.61952 
1.01745 -1.81671 -1.6526 1.23271 -1.19675 -1.26692 2.0306 -1.87741 1.4464 -1.44562 1.57309 2.78587 0.540414 -2.61933 
1.02461 -1.81737 -1.65249 1.24632 -1.19694 -1.26343 2.03843 -1.87604 1.44465 -1.44777 1.56903 2.78991 0.544153 -2.61248 
1.03444 -1.8181 -1.65192 1.26518 -1.19801 -1.25683 2.04775 -1.8735 1.45039 -1.44401 1.56481 2.78078 0.549248 -2.63111 
1.04404 -1.81741 -1.6498 1.2818 -1.19741 -1.25041 2.05399 -1.87251 1.45212 -1.44286 1.56394 2.77369 0.548405 -2.64251 
1.05181 -1.81579 -1.64738 1.2945 -1.19664 -1.24384 2.0584 -1.87045 1.46371 -1.43526 1.56158 2.76252 0.551682 -2.66934 
1.05638 -1.81657 -1.64754 1.30415 -1.19841 -1.23959 2.06426 -1.87127 1.45706 -1.44002 1.56219 2.76764 0.548199 -2.65561 
1.06044 -1.81633 -1.64662 1.31109 -1.19762 -1.23795 2.06697 -1.86988 1.45075 -1.44169 1.55684 2.76594 0.556 -2.65534 
1.06318 -1.81744 -1.64721 1.31763 -1.19856 -1.23657 2.07092 -1.86999 1.45402 -1.44124 1.55673 2.76963 0.554243 -2.65183 
1.0681 -1.81827 -1.64714 1.32736 -1.19921 -1.23409 2.07535 -1.87043 1.45916 -1.44007 1.55729 2.77151 0.550146 -2.6518 
1.07342 -1.81944 -1.64778 1.33823 -1.20133 -1.23024 2.08139 -1.87037 1.46897 -1.4357 1.5575 2.76849 0.54693 -2.66289 
1.0803 -1.81896 -1.64618 1.34953 -1.20077 -1.22585 2.0864 -1.86981 1.47446 -1.4336 1.55599 2.76814 0.546422 -2.66728 
1.08621 -1.8197 -1.64647 1.36217 -1.2022 -1.22094 2.09437 -1.86778 1.47218 -1.43364 1.54975 2.76694 0.55508 -2.66982 
1.09168 -1.82056 -1.64626 1.37286 -1.20308 -1.21798 2.09943 -1.86565 1.47476 -1.43196 1.54378 2.7669 0.562779 -2.67395 
1.09488 -1.82064 -1.64568 1.37902 -1.2019 -1.21734 2.10228 -1.86597 1.47989 -1.42723 1.54347 2.76014 0.563893 -2.68921 
1.09513 -1.82139 -1.64557 1.38035 -1.20062 -1.21942 2.10313 -1.86645 1.48565 -1.42452 1.54257 2.76573 0.565045 -2.68638 
1.0958 -1.82123 -1.64509 1.38091 -1.20012 -1.21954 2.10276 -1.86354 1.49448 -1.41338 1.53444 2.7514 0.58322 -2.7223 
1.32394 -1.80719 -1.74688 1.91384 -1.43073 -0.946582 2.3897 -1.86391 1.49307 -1.41503 1.53556 2.75322 0.580708 -2.7177 
1.32313 -1.80758 -1.74596 1.91283 -1.42973 -0.947848 2.38826 -1.90162 1.55899 -1.41451 1.62288 2.78251 0.42736 -2.68061 
1.32313 -1.80758 -1.74594 1.91283 -1.42974 -0.947889 2.38822 -1.90483 1.57786 -1.4078 1.63322 2.77775 0.410699 -2.69461 
1.32313 -1.8076 -1.74595 1.91283 -1.42973 -0.947887 2.38821 -1.90203 1.57136 -1.40584 1.62729 2.76622 0.424652 -2.71015 
1.32313 -1.8076 -1.74595 1.91283 -1.42973 -0.947891 2.3882 -1.89939 1.55214 -1.41311 1.6275 2.76138 0.420062 -2.70489 
1.32313 -1.8076 -1.74595 1.91283 -1.42973 -0.947893 2.3882 -1.89173 1.51234 -1.42789 1.61222 2.7679 0.440756 -2.67762 
1.32313 -1.8076 -1.74595 1.91283 -1.42973 -0.947894 2.3882 -1.88251 1.48927 -1.43559 1.60039 2.76549 0.454866 -2.67023 
1.32313 -1.8076 -1.74595 1.91283 -1.42973 -0.947895 2.3882 -1.87175 1.47367 -1.43863 1.58786 2.75316 0.470267 -2.68185 
1.32313 -1.8076 -1.74595 1.91283 -1.42973 -0.947895 2.3882 -1.85977 1.44372 -1.45034 1.57178 2.75263 0.489758 -2.6674 
1.32313 -1.8076 -1.74595 1.91283 -1.42973 -0.947895 2.3882 -1.84696 1.42904 -1.45352 1.55529 2.74384 0.511736 -2.676 
1.32313 -1.8076 -1.74594 1.91283 -1.42973 -0.947896 2.3882 -1.83399 1.40683 -1.46412 1.53889 2.75095 0.531348 -2.65407 
1.32313 -1.8076 -1.74594 1.91283 -1.42973 -0.947896 2.3882 -1.82281 1.39402 -1.46929 1.52881 2.74292 0.539638 -2.65788 
1.32313 -1.8076 -1.74594 1.91283 -1.42973 -0.947896 2.3882 -1.80832 1.35919 -1.48732 1.50995 2.74566 0.562361 -2.63076 
1.32313 -1.8076 -1.74594 1.91283 -1.42973 -0.947897 2.3882 -1.79382 1.33997 -1.49855 1.49306 2.74779 0.580097 -2.61508 
1.32313 -1.8076 -1.74594 1.91283 -1.42973 -0.947897 2.3882 -1.78253 1.32875 -1.50542 1.48279 2.74335 0.587272 -2.6126 
1.32313 -1.8076 -1.74594 1.91283 -1.42973 -0.947897 2.3882 -1.77061 1.31842 -1.51277 1.47038 2.74404 0.597672 -2.60398 
1.32313 -1.8076 -1.74594 1.91283 -1.42973 -0.947897 2.3882 -1.76285 1.3037 -1.52201 1.46192 2.74213 0.605665 -2.5941 
1.32313 -1.8076 -1.74594 1.91283 -1.42973 -0.947897 2.3882 -1.7597 1.30291 -1.52276 1.45729 2.73895 0.611932 -2.59941 
1.32313 -1.8076 -1.74594 1.91283 -1.42973 -0.947897 2.3882 -1.76021 1.30881 -1.52106 1.45835 2.74134 0.609345 -2.59992 
1.32313 -1.8076 -1.74594 1.91283 -1.42973 -0.947897 2.3882 -1.76173 1.31313 -1.52051 1.45874 2.7493 0.608256 -2.59066 
1.32313 -1.8076 -1.74594 1.91283 -1.42973 -0.947897 2.3882 -1.76251 1.31871 -1.51865 1.45722 2.75727 0.609938 -2.58365 
1.32313 -1.8076 -1.74594 1.91283 -1.42973 -0.947897 2.3882 -1.76374 1.32138 -1.51718 1.45718 2.75934 0.610524 -2.58306 
1.32313 -1.8076 -1.74594 1.91283 -1.42973 -0.947897 2.3882 -1.76475 1.32121 -1.51626 1.45786 2.75658 0.610408 -2.5876 
1.32313 -1.8076 -1.74594 1.91283 -1.42973 -0.947897 2.3882 -1.7674 1.32211 -1.51504 1.46458 2.75008 0.599863 -2.59617 
1.1239 -1.82286 -1.65653 1.44483 -1.21342 -1.18444 2.14557 -1.71807 1.26742 -1.52822 1.38699 2.70866 0.741055 -2.65615 
1.09859 -1.82422 -1.65202 1.38987 -1.19997 -1.20992 2.12255 -1.72155 1.24048 -1.54348 1.40379 2.7001 0.72155 -2.63101 
1.09595 -1.82434 -1.65155 1.38422 -1.1986 -1.21259 2.12019 -1.72852 1.23474 -1.54756 1.41955 2.69824 0.696566 -2.61884 
1.09083 -1.82758 -1.65402 1.37803 -1.1973 -1.22121 2.1208 -1.73285 1.2383 -1.54538 1.42763 2.69511 0.683054 -2.62344 
1.08965 -1.8286 -1.65521 1.37775 -1.19849 -1.22159 2.12235 -1.73766 1.24497 -1.54214 1.43562 2.69523 0.669695 -2.6261 
1.0896 -1.82932 -1.65597 1.3787 -1.19992 -1.22084 2.12368 -1.73909 1.24841 -1.53991 1.4377 2.69398 0.66713 -2.63138 
1.09026 -1.82887 -1.65537 1.37911 -1.1998 -1.21997 2.12321 -1.73958 1.24353 -1.54158 1.43816 2.69199 0.668281 -2.6303 
1.09069 -1.82834 -1.65498 1.3795 -1.19992 -1.21903 2.12249 -1.74237 1.24382 -1.54017 1.44046 2.69259 0.668157 -2.63028 
1.09136 -1.82802 -1.65484 1.3805 -1.20052 -1.21704 2.12286 -1.74375 1.24491 -1.53862 1.43674 2.70008 0.679558 -2.62413 
1.09092 -1.82871 -1.65557 1.38039 -1.20101 -1.21772 2.12332 -1.74883 1.2495 -1.53445 1.44112 2.70013 0.678869 -2.62998 
1.0894 -1.83028 -1.65684 1.37942 -1.20135 -1.22038 2.12429 -1.75418 1.25577 -1.52907 1.44439 2.69863 0.681436 -2.64127 
1.09018 -1.83026 -1.65676 1.38061 -1.20208 -1.21873 2.12503 -1.75898 1.26127 -1.52441 1.44635 2.69992 0.686479 -2.648 
1.09001 -1.83024 -1.65662 1.38028 -1.20167 -1.21895 2.12565 -1.76339 1.26585 -1.5216 1.44717 2.70681 0.691574 -2.64407 
1.08993 -1.83087 -1.65737 1.38103 -1.20303 -1.21823 2.12655 -1.76673 1.26827 -1.51981 1.44974 2.70547 0.69215 -2.64949 
1.09056 -1.83074 -1.65722 1.38214 -1.20394 -1.21669 2.12654 -1.77087 1.26719 -1.51966 1.4517 2.70909 0.696265 -2.64449 
1.09143 -1.8295 -1.65612 1.38233 -1.20305 -1.21559 2.12547 -1.77472 1.27012 -1.51694 1.45191 2.71396 0.70257 -2.64281 
1.09142 -1.82918 -1.65571 1.38148 -1.20198 -1.2164 2.12492 -1.77921 1.26562 -1.51743 1.45507 2.71298 0.705065 -2.6413 
1.09078 -1.82969 -1.65618 1.3808 -1.20183 -1.21778 2.12479 -1.78468 1.27612 -1.51109 1.45933 2.71441 0.703574 -2.65032 
1.09057 -1.83008 -1.6568 1.38186 -1.20343 -1.21661 2.12604 -1.79035 1.28438 -1.50525 1.4635 2.71458 0.702765 -2.65998 
1.09105 -1.82913 -1.65588 1.3814 -1.20213 -1.21674 2.12486 -1.79249 1.28209 -1.50604 1.46498 2.71199 0.703682 -2.66174 
1.09052 -1.82943 -1.65625 1.38075 -1.20185 -1.21786 2.12479 -1.79216 1.27508 -1.50958 1.46156 2.71226 0.710564 -2.65594 
1.09121 -1.82855 -1.65542 1.38083 -1.20119 -1.21727 2.1242 -1.79687 1.28109 -1.50754 1.46834 2.71114 0.699792 -2.65977 
1.09137 -1.82821 -1.65533 1.38075 -1.20102 -1.21729 2.12371 -1.79517 1.27778 -1.51018 1.46455 2.71439 0.704107 -2.65179 
1.09084 -1.82833 -1.65555 1.38022 -1.20076 -1.21827 2.12324 -1.79235 1.27836 -1.51002 1.45875 2.71491 0.711256 -2.65349 
1.09089 -1.82764 -1.65481 1.3793 -1.19964 -1.21894 2.12219 -1.78978 1.27081 -1.5139 1.45406 2.71414 0.71757 -2.64836 
1.0911 -1.82755 -1.65483 1.3797 -1.20013 -1.21802 2.12227 -1.79076 1.27099 -1.51348 1.45635 2.70929 0.713543 -2.65497 
1.09129 -1.8276 -1.65489 1.38037 -1.20057 -1.21735 2.12251 -1.79366 1.27693 -1.50976 1.46243 2.70336 0.703806 -2.66801 
1.0914 -1.82748 -1.65474 1.38034 -1.20055 -1.21722 2.12267 -1.79195 1.27536 -1.5108 1.45785 2.70452 0.711089 -2.6667 
1.09102 -1.82775 -1.65505 1.38003 -1.20053 -1.21787 2.12277 -1.79117 1.27844 -1.50959 1.45511 2.70594 0.715251 -2.66868 
1.09135 -1.82781 -1.65521 1.38103 -1.20154 -1.21653 2.12387 -1.7921 1.28351 -1.50738 1.45536 2.70704 0.714473 -2.67182 
1.09057 -1.82761 -1.65455 1.37882 -1.19908 -1.21996 2.12204 -1.79094 1.27578 -1.51205 1.45289 2.70803 0.718084 -2.66247 
1.08988 -1.8282 -1.65482 1.37809 -1.19844 -1.22167 2.12213 -1.79063 1.27561 -1.51093 1.45234 2.7037 0.719878 -2.67047 
1.0872 -1.83048 -1.65705 1.37566 -1.19813 -1.22094 2.13824 -1.79176 1.27716 -1.50971 1.4545 2.70244 0.716908 -2.6736 
1.08301 -1.83298 -1.65961 1.37072 -1.19699 -1.22182 2.15532 -1.79183 1.27697 -1.5107 1.45462 2.7058 0.716183 -2.6673 
1.07722 -1.8358 -1.66261 1.36299 -1.19522 -1.22419 2.17365 -1.79243 1.27982 -1.50889 1.45591 2.70455 0.714116 -2.67185 
1.07116 -1.83886 -1.66632 1.35605 -1.19507 -1.22533 2.19272 -1.79109 1.27846 -1.50941 1.45313 2.70437 0.718635 -2.67216 
1.06495 -1.84173 -1.66957 1.34762 -1.19344 -1.22816 2.2106 -1.77594 1.28881 -1.50362 1.41838 2.71357 0.767952 -2.68594 
1.0606 -1.84357 -1.67201 1.34138 -1.19238 -1.22892 2.22649 -1.78614 1.28584 -1.50572 1.44077 2.70924 0.736289 -2.67805 
1.05525 -1.84543 -1.67434 1.33342 -1.18943 -1.23243 2.24207 -1.79163 1.28185 -1.50879 1.45352 2.70861 0.717269 -2.66769 
