1.15295 -1.83251 -1.72105 1.48951 -1.28679 -0.890901 2.03572 -1.11046 0.608541 0.0658396 -1.37776 -1.96175 -1.13253 -0.474404 
1.14589 -1.83857 -1.73967 1.50326 -1.31605 -0.852466 2.1162 -1.11086 0.60655 0.0662776 -1.38233 -1.96054 -1.13132 -0.4772 
1.14452 -1.83965 -1.73944 1.50111 -1.31247 -0.856919 2.12097 -1.11086 0.606549 0.0662777 -1.38233 -1.96054 -1.13132 -0.4772 
1.14408 -1.84121 -1.73908 1.50011 -1.30861 -0.86309 2.12131 -1.11086 0.606549 0.0662777 -1.38233 -1.96054 -1.13132 -0.4772 
1.14677 -1.84015 -1.73842 1.50075 -1.30828 -0.862791 2.11698 -1.11086 0.606549 0.0662777 -1.38233 -1.96054 -1.13132 -0.4772 
1.15236 -1.83847 -1.73724 1.50377 -1.31022 -0.858249 2.11142 -1.11086 0.606549 0.0662777 -1.38233 -1.96054 -1.13132 -0.4772 
1.15852 -1.83961 -1.73637 1.51046 -1.31035 -0.857815 2.10976 -1.11086 0.606549 0.0662777 -1.38233 -1.96054 -1.13132 -0.4772 
1.16428 -1.83774 -1.73429 1.51632 -1.3089 -0.856252 2.10476 -1.11086 0.606549 0.0662777 -1.38233 -1.96054 -1.13132 -0.4772 
1.16885 -1.83673 -1.73285 1.52155 -1.30873 -0.853816 2.10254 -1.11086 0.606549 0.0662777 -1.38233 -1.96054 -1.13132 -0.4772 
1.17114 -1.83743 -1.73205 1.52425 -1.30765 -0.855066 2.10113 -1.11086 0.606549 0.0662777 -1.38233 -1.96054 -1.13132 -0.4772 
1.1729 -1.83792 -1.73165 1.526 -1.30635 -0.857057 2.09952 -1.11086 0.606549 0.0662777 -1.38233 -1.96054 -1.13132 -0.4772 
1.17513 -1.8364 -1.73006 1.52752 -1.30486 -0.856341 2.09631 -1.11086 0.606549 0.0662777 -1.38233 -1.96054 -1.13132 -0.4772 
1.17618 -1.83758 -1.73018 1.52975 -1.30623 -0.85532 2.09748 -1.11086 0.606549 0.0662777 -1.38233 -1.96054 -1.13132 -0.4772 
1.17723 -1.8375 -1.72982 1.53085 -1.3063 -0.85495 2.0963 -1.11086 0.606549 0.0662777 -1.38233 -1.96054 -1.13132 -0.4772 
1.17744 -1.83773 -1.72941 1.53078 -1.30449 -0.857387 2.09511 -1.11086 0.606549 0.0662777 -1.38233 -1.96054 -1.13132 -0.4772 
1.17927 -1.83797 -1.72978 1.53309 -1.3059 -0.855694 2.09613 -1.11086 0.606549 0.0662777 -1.38233 -1.96054 -1.13132 -0.4772 
1.18203 -1.83923 -1.72982 1.53683 -1.30717 -0.855173 2.09549 -1.11086 0.606549 0.0662777 -1.38233 -1.96054 -1.13132 -0.4772 
1.18539 -1.83878 -1.72913 1.54086 -1.30739 -0.853338 2.09486 -1.11086 0.606549 0.0662777 -1.38233 -1.96054 -1.13132 -0.4772 
1.18655 -1.83955 -1.72946 1.54342 -1.30806 -0.853098 2.09529 -1.11086 0.606549 0.0662777 -1.38233 -1.96054 -1.13132 -0.4772 
1.18755 -1.83859 -1.72865 1.54434 -1.30773 -0.852218 2.09399 -1.11086 0.606549 0.0662777 -1.38233 -1.96054 -1.13132 -0.4772 
1.18735 -1.83858 -1.7286 1.54362 -1.30717 -0.852726 2.09385 -1.11086 0.606549 0.0662777 -1.38233 -1.96054 -1.13132 -0.4772 
1.18817 -1.83808 -1.72808 1.54442 -1.30709 -0.851974 2.09341 -1.11086 0.606549 0.0662777 -1.38233 -1.96054 -1.13132 -0.4772 
1.18765 -1.83936 -1.72861 1.54414 -1.30736 -0.852937 2.09433 -1.11086 0.606549 0.0662777 -1.38233 -1.96054 -1.13132 -0.4772 
1.18746 -1.83894 -1.72822 1.54347 -1.30583 -0.854332 2.0935 -1.11086 0.606549 0.0662777 -1.38233 -1.96054 -1.13132 -0.4772 
1.1875 -1.83928 -1.72787 1.5433 -1.3052 -0.854863 2.09392 -1.11086 0.606549 0.0662777 -1.38233 -1.96054 -1.13132 -0.4772 
1.1874 -1.83912 -1.72839 1.54368 -1.30652 -0.853616 2.09429 -1.11086 0.606549 0.0662777 -1.38233 -1.96054 -1.13132 -0.4772 
1.18702 -1.83923 -1.72726 1.54202 -1.30317 -0.857635 2.09214 -1.11086 0.606549 0.0662777 -1.38233 -1.96054 -1.13132 -0.4772 
1.18689 -1.83918 -1.72684 1.54159 -1.30229 -0.858824 2.09089 -1.11086 0.606549 0.0662777 -1.38233 -1.96054 -1.13132 -0.4772 
1.18749 -1.83895 -1.72756 1.54292 -1.30513 -0.855026 2.09215 -1.11086 0.606549 0.0662777 -1.38233 -1.96054 -1.13132 -0.4772 
1.18792 -1.83782 -1.72697 1.54263 -1.30463 -0.854342 2.09022 -1.11086 0.606549 0.0662777 -1.38233 -1.96054 -1.13132 -0.4772 
1.18791 -1.83759 -1.72759 1.54289 -1.30593 -0.853225 2.08973 -1.11086 0.606549 0.0662777 -1.38233 -1.96054 -1.13132 -0.4772 
1.18797 -1.83866 -1.72861 1.54403 -1.3087 -0.851144 2.09234 -1.11086 0.606549 0.0662777 -1.38233 -1.96054 -1.13132 -0.4772 
1.18783 -1.83846 -1.72855 1.54352 -1.30835 -0.851544 2.09173 -1.11086 0.606549 0.0662777 -1.38233 -1.96054 -1.13132 -0.4772 
1.18861 -1.83741 -1.72808 1.54433 -1.30868 -0.849373 2.09191 -1.11086 0.606549 0.0662777 -1.38233 -1.96054 -1.13132 -0.4772 
1.18804 -1.83794 -1.72818 1.54377 -1.30793 -0.851167 2.09126 -1.11086 0.606549 0.0662777 -1.38233 -1.96054 -1.13132 -0.4772 
1.18785 -1.83785 -1.72784 1.54324 -1.30697 -0.85247 2.0905 -1.11086 0.606549 0.0662777 -1.38233 -1.96054 -1.13132 -0.4772 
1.18789 -1.83801 -1.72769 1.54305 -1.3066 -0.852982 2.09025 -1.11086 0.606549 0.0662777 -1.38233 -1.96054 -1.13132 -0.4772 
1.18813 -1.83729 -1.72742 1.54285 -1.30637 -0.852768 2.08945 -1.11086 0.606549 0.0662777 -1.38233 -1.96054 -1.13132 -0.4772 
1.18849 -1.83699 -1.72731 1.54309 -1.30609 -0.852083 2.08992 -1.11086 0.606549 0.0662777 -1.38233 -1.96054 -1.13132 -0.4772 
1.18816 -1.83729 -1.72783 1.54345 -1.30738 -0.851241 2.09038 -1.11086 0.606549 0.0662777 -1.38233 -1.96054 -1.13132 -0.4772 
1.18897 -1.83564 -1.72614 1.54233 -1.30398 -0.852745 2.08766 -1.11086 0.606549 0.0662777 -1.38233 -1.96054 -1.13132 -0.4772 
1.18846 -1.83665 -1.72718 1.54269 -1.3055 -0.852442 2.08932 -1.11086 0.606549 0.0662777 -1.38233 -1.96054 -1.13132 -0.4772 
1.18852 -1.83728 -1.7277 1.54342 -1.30686 -0.851342 2.09136 -1.11086 0.606549 0.0662777 -1.38233 -1.96054 -1.13132 -0.4772 
1.18815 -1.83823 -1.72783 1.54359 -1.30658 -0.852287 2.09342 -1.11086 0.606549 0.0662777 -1.38233 -1.96054 -1.13132 -0.4772 
1.18721 -1.83975 -1.72913 1.54385 -1.30783 -0.853248 2.09585 -1.11086 0.606549 0.0662777 -1.38233 -1.96054 -1.13132 -0.4772 
1.18768 -1.83879 -1.7282 1.54365 -1.30664 -0.853112 2.09482 -1.11086 0.606549 0.0662777 -1.38233 -1.96054 -1.13132 -0.4772 
1.18728 -1.83966 -1.7288 1.54413 -1.30771 -0.852872 2.09593 -1.11086 0.606549 0.0662777 -1.38233 -1.96054 -1.13132 -0.4772 
1.18756 -1.83879 -1.72825 1.54368 -1.30683 -0.853175 2.0944 -1.11086 0.606549 0.0662777 -1.38233 -1.96054 -1.13132 -0.4772 
1.18735 -1.83916 -1.72862 1.54392 -1.30752 -0.852875 2.09522 -1.11086 0.606549 0.0662777 -1.38233 -1.96054 -1.13132 -0.4772 
1.18798 -1.83827 -1.72814 1.54415 -1.30728 -0.851882 2.09477 -1.11086 0.606549 0.0662777 -1.38233 -1.96054 -1.13132 -0.4772 
1.18755 -1.83904 -1.72849 1.54427 -1.30755 -0.852249 2.09562 -1.11086 0.606549 0.0662777 -1.38233 -1.96054 -1.13132 -0.4772 
1.18809 -1.83814 -1.72805 1.54428 -1.30735 -0.851521 2.09464 -1.11086 0.606549 0.0662777 -1.38233 -1.96054 -1.13132 -0.4772 
1.18773 -1.83842 -1.72818 1.54396 -1.30728 -0.852114 2.09475 -1.11086 0.606549 0.0662777 -1.38233 -1.96054 -1.13132 -0.4772 
1.18874 -1.83711 -1.72786 1.54465 -1.30824 -0.849462 2.09341 -1.11086 0.606549 0.0662777 -1.38233 -1.96054 -1.13132 -0.4772 
1.18871 -1.83738 -1.72788 1.54454 -1.30792 -0.850033 2.09308 -1.11086 0.606549 0.0662777 -1.38233 -1.96054 -1.13132 -0.4772 
1.18841 -1.83801 -1.72871 1.54506 -1.30974 -0.849004 2.09457 -1.11086 0.606549 0.0662777 -1.38233 -1.96054 -1.13132 -0.4772 
1.18819 -1.83753 -1.72786 1.54385 -1.30781 -0.850907 2.09231 -1.11086 0.606549 0.0662777 -1.38233 -1.96054 -1.13132 -0.4772 
1.18825 -1.83717 -1.72785 1.54418 -1.30805 -0.850147 2.09269 -1.11086 0.606549 0.0662777 -1.38233 -1.96054 -1.13132 -0.4772 
1.1889 -1.83562 -1.72578 1.54253 -1.30392 -0.853063 2.08861 -1.11086 0.606549 0.0662777 -1.38233 -1.96054 -1.13132 -0.4772 
1.18858 -1.83661 -1.72675 1.54313 -1.30532 -0.852428 2.09125 -1.11086 0.606549 0.0662777 -1.38233 -1.96054 -1.13132 -0.4772 
1.18785 -1.84164 -1.72857 1.54652 -1.30679 -0.853624 2.10183 -1.11086 0.606549 0.0662777 -1.38233 -1.96054 -1.13132 -0.4772 
1.1872 -1.85003 -1.72979 1.55283 -1.30585 -0.856908 2.12219 -1.11086 0.606549 0.0662777 -1.38233 -1.96054 -1.13132 -0.4772 
1.1856 -1.86008 -1.73194 1.55955 -1.30613 -0.860051 2.14775 -1.11086 0.606549 0.0662777 -1.38233 -1.96054 -1.13132 -0.4772 
1.1824 -1.87295 -1.73597 1.56687 -1.30854 -0.863417 2.17965 -1.11086 0.606549 0.0662777 -1.38233 -1.96054 -1.13132 -0.4772 
1.17798 -1.88662 -1.73982 1.57301 -1.30868 -0.869166 2.21478 -1.11086 0.606549 0.0662777 -1.38233 -1.96054 -1.13132 -0.4772 
1.17226 -1.90024 -1.74306 1.57776 -1.30624 -0.87687 2.25163 -1.11086 0.606549 0.0662777 -1.38233 -1.96054 -1.13132 -0.4772 
1.16533 -1.91463 -1.74623 1.5815 -1.302 -0.886646 2.29164 -1.11086 0.606549 0.0662777 -1.38233 -1.96054 -1.13132 -0.4772 
1.15783 -1.92831 -1.74897 1.58422 -1.29651 -0.89608 2.33309 -1.11086 0.606549 0.0662777 -1.38233 -1.96054 -1.13132 -0.4772 
1.1494 -1.94132 -1.75068 1.58493 -1.28808 -0.907334 2.37425 -1.11086 0.606549 0.0662777 -1.38233 -1.96054 -1.13132 -0.4772 
1.13982 -1.95549 -1.75428 1.5855 -1.2824 -0.917653 2.4185 -1.11086 0.606549 0.0662777 -1.38233 -1.96054 -1.13132 -0.4772 
1.1309 -1.96699 -1.75514 1.58441 -1.27395 -0.929478 2.45761 -1.11086 0.606549 0.0662777 -1.38233 -1.96054 -1.13132 -0.4772 
1.12457 -1.96699 -1.744 1.58448 -1.28294 -0.950546 2.50176 -1.11086 0.606549 0.0662777 -1.38233 -1.96054 -1.13132 -0.4772 
1.11678 -1.96699 -1.73222 1.58025 -1.28431 -0.977138 2.54031 -1.11086 0.606549 0.0662777 -1.38233 -1.96054 -1.13132 -0.4772 
1.10911 -1.96699 -1.7263 1.57284 -1.28049 -0.993999 2.56388 -1.11086 0.606549 0.0662777 -1.38233 -1.96054 -1.13132 -0.4772 
1.10325 -1.96699 -1.72414 1.56944 -1.28558 -0.998962 2.58572 -1.11086 0.606549 0.0662777 -1.38233 -1.96054 -1.13132 -0.4772 
1.09995 -1.96699 -1.72322 1.56566 -1.28361 -1.00085 2.59229 -1.11086 0.606549 0.0662777 -1.38233 -1.96054 -1.13132 -0.4772 
1.09834 -1.96699 -1.72336 1.56573 -1.29034 -0.998572 2.59795 -1.11086 0.606549 0.0662777 -1.38233 -1.96054 -1.13132 -0.4772 
1.09643 -1.96635 -1.72247 1.56056 -1.28623 -1.00528 2.58641 -1.11086 0.606549 0.0662777 -1.38233 -1.96054 -1.13132 -0.4772 
1.09596 -1.96699 -1.72387 1.56146 -1.29726 -1.00643 2.57755 -1.11086 0.606549 0.0662777 -1.38233 -1.96054 -1.13132 -0.4772 
1.09856 -1.96571 -1.72413 1.56227 -1.3038 -1.00535 2.55472 -1.11086 0.606549 0.0662777 -1.38233 -1.96054 -1.13132 -0.4772 
1.10172 -1.96509 -1.72567 1.56372 -1.31281 -1.0054 2.5272 -1.11086 0.606549 0.0662777 -1.38233 -1.96054 -1.13132 -0.4772 
1.10885 -1.96132 -1.72435 1.56634 -1.31998 -1.00213 2.48973 -1.11086 0.606549 0.0662777 -1.38233 -1.96054 -1.13132 -0.4772 
1.11725 -1.95669 -1.72263 1.56842 -1.32695 -0.999842 2.4434 -1.11086 0.606549 0.0662777 -1.38233 -1.96054 -1.13132 -0.4772 
1.12473 -1.95292 -1.72179 1.5698 -1.33404 -0.99913 2.39734 -1.11086 0.606549 0.0662777 -1.38233 -1.96054 -1.13132 -0.4772 
1.13548 -1.94853 -1.7249 1.57129 -1.35509 -0.994481 2.31723 -1.11086 0.606549 0.0662777 -1.38233 -1.96054 -1.13132 -0.4772 
1.13525 -1.94879 -1.72555 1.5713 -1.35685 -0.99406 2.31428 -1.11086 0.606549 0.0662777 -1.38233 -1.96054 -1.13132 -0.4772 
1.14255 -1.94412 -1.72286 1.56868 -1.35835 -0.997818 2.25996 -1.11086 0.606549 0.0662777 -1.38233 -1.96054 -1.13132 -0.4772 
1.15076 -1.93886 -1.71971 1.56614 -1.35972 -1.00054 2.20287 -1.11086 0.606549 0.0662777 -1.38233 -1.96054 -1.13132 -0.4772 
1.15685 -1.93502 -1.71752 1.56222 -1.36024 -1.00618 2.14897 -1.11086 0.606549 0.0662777 -1.38233 -1.96054 -1.13132 -0.4772 
1.16157 -1.932 -1.7153 1.5569 -1.35904 -1.01421 2.0977 -1.11086 0.606549 0.0662777 -1.38233 -1.96054 -1.13132 -0.4772 
1.16632 -1.92867 -1.71298 1.55177 -1.35876 -1.02047 2.0472 -1.11086 0.606549 0.0662777 -1.38233 -1.96054 -1.13132 -0.4772 
1.17116 -1.92333 -1.70876 1.54549 -1.35423 -1.0262 2.00236 -1.11086 0.606549 0.0662777 -1.38233 -1.96054 -1.13132 -0.4772 
1.17305 -1.91585 -1.70319 1.53462 -1.34799 -1.03476 1.94245 -1.11086 0.606549 0.0662777 -1.38233 -1.96054 -1.13132 -0.4772 
1.17339 -1.9156 -1.70242 1.52855 -1.34577 -1.04421 1.91149 -1.11086 0.606549 0.0662777 -1.38233 -1.96054 -1.13132 -0.4772 
1.1767 -1.90986 -1.6967 1.52117 -1.33684 -1.05132 1.87657 -1.11086 0.606549 0.0662777 -1.38233 -1.96054 -1.13132 -0.4772 
1.17568 -1.91148 -1.69678 1.51634 -1.33419 -1.0609 1.85861 -1.11086 0.606549 0.0662777 -1.38233 -1.96054 -1.13132 -0.4772 
1.17821 -1.90363 -1.68871 1.50533 -1.31854 -1.07277 1.82175 -1.11086 0.606549 0.0662777 -1.38233 -1.96054 -1.13132 -0.4772 
1.17796 -1.90238 -1.68662 1.49921 -1.31344 -1.08098 1.8024 -1.11086 0.606549 0.0662777 -1.38233 -1.96054 -1.13132 -0.4772 
1.18032 -1.89896 -1.6841 1.49608 -1.31268 -1.08142 1.78203 -1.11086 0.606549 0.0662777 -1.38233 -1.96054 -1.13132 -0.4772 
1.17762 -1.90283 -1.68724 1.49292 -1.31645 -1.08784 1.77077 -1.11086 0.606549 0.0662777 -1.38233 -1.96054 -1.13132 -0.4772 
1.17577 -1.90566 -1.68929 1.48906 -1.31956 -1.0939 1.75513 -1.11086 0.606549 0.0662777 -1.38233 -1.96054 -1.13132 -0.4772 
1.17772 -1.90212 -1.68616 1.48445 -1.31848 -1.09544 1.72946 -1.11086 0.606549 0.0662777 -1.38233 -1.96054 -1.13132 -0.4772 
1.1764 -1.90374 -1.68703 1.48021 -1.32082 -1.10157 1.70781 -1.11086 0.606549 0.0662777 -1.38233 -1.96054 -1.13132 -0.4772 
1.1735 -1.90644 -1.68831 1.47419 -1.32075 -1.11169 1.68763 -1.11086 0.606549 0.0662777 -1.38233 -1.96054 -1.13132 -0.4772 
1.17235 -1.90813 -1.68906 1.47071 -1.32272 -1.11728 1.66804 -1.11086 0.606549 0.0662777 -1.38233 -1.96054 -1.13132 -0.4772 
1.17544 -1.90817 -1.68792 1.46981 -1.3189 -1.12174 1.66252 -1.11086 0.606549 0.0662777 -1.38233 -1.96054 -1.13132 -0.4772 
1.17526 -1.90795 -1.68763 1.46526 -1.31887 -1.12795 1.63861 -1.11086 0.606549 0.0662777 -1.38233 -1.96054 -1.13132 -0.4772 
1.17532 -1.90693 -1.68666 1.46117 -1.31788 -1.13336 1.61566 -1.11086 0.606549 0.0662777 -1.38233 -1.96054 -1.13132 -0.4772 
1.17521 -1.90675 -1.6862 1.45805 -1.31784 -1.13874 1.595 -1.11086 0.606549 0.0662777 -1.38233 -1.96054 -1.13132 -0.4772 
1.17514 -1.90616 -1.68549 1.45522 -1.31635 -1.14457 1.57615 -1.11086 0.606549 0.0662777 -1.38233 -1.96054 -1.13132 -0.4772 
1.17452 -1.90507 -1.68407 1.4506 -1.31138 -1.15317 1.55772 -1.11086 0.606549 0.0662777 -1.38233 -1.96054 -1.13132 -0.4772 
1.1737 -1.90501 -1.68324 1.44759 -1.3072 -1.16152 1.54385 -1.11086 0.606549 0.0662777 -1.38233 -1.96054 -1.13132 -0.4772 
1.1739 -1.90283 -1.68098 1.44434 -1.3007 -1.1684 1.5316 -1.11086 0.606549 0.0662777 -1.38233 -1.96054 -1.13132 -0.4772 
1.17335 -1.90397 -1.68145 1.44448 -1.299 -1.17353 1.52734 -1.11086 0.606549 0.0662777 -1.38233 -1.96054 -1.13132 -0.4772 
1.17457 -1.90345 -1.68089 1.4463 -1.29716 -1.17527 1.52434 -1.11086 0.606549 0.0662777 -1.38233 -1.96054 -1.13132 -0.4772 
1.17511 -1.90275 -1.6798 1.44555 -1.2926 -1.18034 1.51975 -1.11086 0.606549 0.0662777 -1.38233 -1.96054 -1.13132 -0.4772 
1.17679 -1.90087 -1.67782 1.44615 -1.28736 -1.18333 1.5169 -1.11086 0.606549 0.0662777 -1.38233 -1.96054 -1.13132 -0.4772 
1.17889 -1.90046 -1.67653 1.44912 -1.28499 -1.18408 1.51671 -1.11086 0.606549 0.0662777 -1.38233 -1.96054 -1.13132 -0.4772 
1.18107 -1.89663 -1.67137 1.44693 -1.27351 -1.19045 1.50997 -1.11086 0.606549 0.0662777 -1.38233 -1.96054 -1.13132 -0.4772 
1.1827 -1.89204 -1.66572 1.44216 -1.25998 -1.19978 1.49911 -1.11086 0.606549 0.0662777 -1.38233 -1.96054 -1.13132 -0.4772 
1.18486 -1.88619 -1.65923 1.43733 -1.24612 -1.20727 1.48818 -1.11086 0.606549 0.0662777 -1.38233 -1.96054 -1.13132 -0.4772 
1.1896 -1.88154 -1.65463 1.43993 -1.24255 -1.20314 1.4831 -1.11086 0.606549 0.0662777 -1.38233 -1.96054 -1.13132 -0.4772 
1.19265 -1.87253 -1.64622 1.43326 -1.22584 -1.2104 1.46822 -1.11086 0.606549 0.0662777 -1.38233 -1.96054 -1.13132 -0.4772 
1.19481 -1.8662 -1.63982 1.42843 -1.21319 -1.21653 1.45733 -1.11086 0.606549 0.0662777 -1.38233 -1.96054 -1.13132 -0.4772 
1.19697 -1.85982 -1.63361 1.42379 -1.20129 -1.22246 1.44641 -1.11086 0.606549 0.0662777 -1.38233 -1.96054 -1.13132 -0.4772 
1.19906 -1.85327 -1.62742 1.4191 -1.18951 -1.22835 1.43541 -1.11086 0.606549 0.0662777 -1.38233 -1.96054 -1.13132 -0.4772 
1.20085 -1.84718 -1.62146 1.41429 -1.17775 -1.23472 1.4255 -1.11086 0.606549 0.0662777 -1.38233 -1.96054 -1.13132 -0.4772 
1.20214 -1.84129 -1.61575 1.40903 -1.16596 -1.2415 1.41568 -1.11086 0.606549 0.0662777 -1.38233 -1.96054 -1.13132 -0.4772 
1.20267 -1.83604 -1.61063 1.40329 -1.15458 -1.24929 1.40666 -1.11086 0.606549 0.0662777 -1.38233 -1.96054 -1.13132 -0.4772 
1.20266 -1.83103 -1.60595 1.39695 -1.14327 -1.25787 1.39835 -1.11086 0.606549 0.0662777 -1.38233 -1.96054 -1.13132 -0.4772 
1.20335 -1.82559 -1.60166 1.392 -1.13344 -1.26295 1.393 -1.11086 0.606549 0.0662777 -1.38233 -1.96054 -1.13132 -0.4772 
1.20367 -1.82371 -1.6002 1.39053 -1.13023 -1.26436 1.39162 -1.11086 0.606549 0.0662777 -1.38233 -1.96054 -1.13132 -0.4772 
1.20563 -1.82425 -1.60031 1.39681 -1.12446 -1.26353 1.41075 -1.11086 0.606549 0.0662777 -1.38233 -1.96054 -1.13132 -0.4772 
1.20583 -1.82424 -1.60028 1.39737 -1.12383 -1.26349 1.41253 -1.11086 0.606549 0.0662777 -1.38233 -1.96054 -1.13132 -0.4772 
1.20583 -1.8242 -1.60023 1.39737 -1.1237 -1.26358 1.41275 -1.11086 0.606549 0.0662777 -1.38233 -1.96054 -1.13132 -0.4772 
1.20586 -1.82415 -1.60022 1.39737 -1.12358 -1.26355 1.41279 -1.11086 0.606549 0.0662777 -1.38233 -1.96054 -1.13132 -0.4772 
1.20588 -1.82416 -1.60023 1.3974 -1.12358 -1.26353 1.41283 -1.11086 0.606549 0.0662777 -1.38233 -1.96054 -1.13132 -0.4772 
1.20599 -1.82395 -1.60019 1.39746 -1.1237 -1.26321 1.41247 -1.11086 0.606549 0.0662777 -1.38233 -1.96054 -1.13132 -0.4772 
1.20582 -1.82437 -1.60028 1.39746 -1.12358 -1.26369 1.41318 -1.11086 0.606549 0.0662777 -1.38233 -1.96054 -1.13132 -0.4772 
1.20582 -1.8244 -1.60032 1.39744 -1.12351 -1.26368 1.41311 -1.11086 0.606549 0.0662777 -1.38233 -1.96054 -1.13132 -0.4772 
1.20576 -1.82451 -1.60028 1.39747 -1.12353 -1.26393 1.41351 -1.11086 0.606549 0.0662777 -1.38233 -1.96054 -1.13132 -0.4772 
1.20594 -1.82413 -1.60021 1.39753 -1.12376 -1.26336 1.4128 -1.11086 0.606549 0.0662777 -1.38233 -1.96054 -1.13132 -0.4772 
1.20592 -1.82412 -1.60017 1.39755 -1.12383 -1.2634 1.41288 -1.11086 0.606549 0.0662777 -1.38233 -1.96054 -1.13132 -0.4772 
