1.07843 -1.73372 -1.50381 1.34505 -1.34538 -1.35593 2.18605 -1.11046 0.608541 0.0658396 -1.37776 -1.96175 -1.13253 -0.474404 
1.05817 -1.74178 -1.51072 1.31411 -1.34617 -1.37466 2.16728 -1.11086 0.60655 0.0662775 -1.38233 -1.96054 -1.13132 -0.477199 
1.0447 -1.7268 -1.50575 1.27908 -1.34406 -1.36554 2.12452 -1.11086 0.606549 0.0662777 -1.38233 -1.96054 -1.13132 -0.4772 
1.0383 -1.72259 -1.50561 1.2647 -1.34436 -1.36485 2.10561 -1.11086 0.606549 0.0662777 -1.38233 -1.96054 -1.13132 -0.4772 
1.03453 -1.72182 -1.50568 1.25576 -1.34244 -1.36884 2.09592 -1.11086 0.606549 0.0662777 -1.38233 -1.96054 -1.13132 -0.4772 
1.03309 -1.72253 -1.50626 1.25369 -1.34144 -1.37109 2.09757 -1.11086 0.606549 0.0662777 -1.38233 -1.96054 -1.13132 -0.4772 
1.03717 -1.72071 -1.5054 1.26004 -1.34014 -1.36895 2.10379 -1.11086 0.606549 0.0662777 -1.38233 -1.96054 -1.13132 -0.4772 
1.04299 -1.72063 -1.50648 1.27238 -1.34155 -1.36725 2.11007 -1.11086 0.606549 0.0662777 -1.38233 -1.96054 -1.13132 -0.4772 
1.05146 -1.72057 -1.50682 1.29046 -1.34304 -1.36381 2.11947 -1.11086 0.606549 0.0662777 -1.38233 -1.96054 -1.13132 -0.4772 
1.05979 -1.7186 -1.5055 1.30555 -1.34391 -1.35779 2.1261 -1.11086 0.606549 0.0662777 -1.38233 -1.96054 -1.13132 -0.4772 
1.06605 -1.71752 -1.50464 1.31738 -1.34425 -1.35411 2.13287 -1.11086 0.606549 0.0662777 -1.38233 -1.96054 -1.13132 -0.4772 
1.0711 -1.71622 -1.5036 1.32602 -1.34331 -1.35182 2.13845 -1.11086 0.606549 0.0662777 -1.38233 -1.96054 -1.13132 -0.4772 
1.0748 -1.71668 -1.50432 1.3348 -1.34543 -1.34948 2.1432 -1.11086 0.606549 0.0662777 -1.38233 -1.96054 -1.13132 -0.4772 
1.07758 -1.71645 -1.50422 1.34046 -1.34508 -1.34905 2.14611 -1.11086 0.606549 0.0662777 -1.38233 -1.96054 -1.13132 -0.4772 
1.08115 -1.7175 -1.50518 1.34882 -1.34647 -1.34796 2.15214 -1.11086 0.606549 0.0662777 -1.38233 -1.96054 -1.13132 -0.4772 
1.0866 -1.71744 -1.50527 1.35975 -1.34711 -1.34635 2.15857 -1.11086 0.606549 0.0662777 -1.38233 -1.96054 -1.13132 -0.4772 
1.09128 -1.71734 -1.50452 1.36902 -1.34497 -1.34718 2.16479 -1.11086 0.606549 0.0662777 -1.38233 -1.96054 -1.13132 -0.4772 
1.09516 -1.71887 -1.50576 1.37904 -1.34463 -1.34904 2.17288 -1.11086 0.606549 0.0662777 -1.38233 -1.96054 -1.13132 -0.4772 
1.09897 -1.71996 -1.50677 1.38818 -1.34509 -1.34974 2.17814 -1.11086 0.606549 0.0662777 -1.38233 -1.96054 -1.13132 -0.4772 
1.10049 -1.7216 -1.50757 1.39297 -1.34351 -1.35337 2.18259 -1.11086 0.606549 0.0662777 -1.38233 -1.96054 -1.13132 -0.4772 
1.1002 -1.72264 -1.50769 1.39324 -1.33994 -1.35877 2.1831 -1.11086 0.606549 0.0662777 -1.38233 -1.96054 -1.13132 -0.4772 
1.09877 -1.72324 -1.50743 1.39048 -1.33667 -1.36336 2.18194 -1.11086 0.606549 0.0662777 -1.38233 -1.96054 -1.13132 -0.4772 
1.5609 -1.56447 -1.59067 1.98233 -1.62821 -1.03046 2.18469 -1.11086 0.606549 0.0662777 -1.38233 -1.96054 -1.13132 -0.4772 
1.13064 -1.70893 -1.50472 1.43108 -1.33388 -1.3358 2.1831 -1.11086 0.606549 0.0662777 -1.38233 -1.96054 -1.13132 -0.4772 
1.10681 -1.71431 -1.50351 1.39365 -1.32192 -1.35417 2.17809 -1.11086 0.606549 0.0662777 -1.38233 -1.96054 -1.13132 -0.4772 
1.10446 -1.71469 -1.5033 1.3899 -1.32064 -1.3559 2.17757 -1.11086 0.606549 0.0662777 -1.38233 -1.96054 -1.13132 -0.4772 
1.10425 -1.71472 -1.5033 1.38959 -1.32046 -1.35601 2.17765 -1.11086 0.606549 0.0662777 -1.38233 -1.96054 -1.13132 -0.4772 
1.10423 -1.71468 -1.50326 1.38961 -1.32055 -1.35596 2.17772 -1.11086 0.606549 0.0662777 -1.38233 -1.96054 -1.13132 -0.4772 
1.1042 -1.7148 -1.50336 1.38955 -1.32051 -1.356 2.17779 -1.11086 0.606549 0.0662777 -1.38233 -1.96054 -1.13132 -0.4772 
1.10418 -1.7148 -1.50336 1.38957 -1.32051 -1.35598 2.17777 -1.11086 0.606549 0.0662777 -1.38233 -1.96054 -1.13132 -0.4772 
1.10227 -1.71692 -1.50519 1.38819 -1.32124 -1.355 2.194 -1.11086 0.606549 0.0662777 -1.38233 -1.96054 -1.13132 -0.4772 
1.09905 -1.71953 -1.50716 1.38476 -1.32117 -1.35549 2.21107 -1.11086 0.606549 0.0662777 -1.38233 -1.96054 -1.13132 -0.4772 
1.09444 -1.72268 -1.50961 1.37894 -1.32085 -1.35725 2.2284 -1.11086 0.606549 0.0662777 -1.38233 -1.96054 -1.13132 -0.4772 
1.08871 -1.72603 -1.51231 1.37122 -1.32047 -1.3596 2.24573 -1.11086 0.606549 0.0662777 -1.38233 -1.96054 -1.13132 -0.4772 
1.07564 -1.73541 -1.51928 1.35514 -1.31667 -1.377 2.26338 -1.11086 0.606549 0.0662777 -1.38233 -1.96054 -1.13132 -0.4772 
1.06902 -1.7389 -1.52185 1.34576 -1.315 -1.38137 2.28001 -1.11086 0.606549 0.0662777 -1.38233 -1.96054 -1.13132 -0.4772 
1.06372 -1.74171 -1.52414 1.338 -1.31367 -1.38388 2.29691 -1.11086 0.606549 0.0662777 -1.38233 -1.96054 -1.13132 -0.4772 
1.05847 -1.74477 -1.52683 1.33056 -1.31335 -1.38599 2.31389 -1.11086 0.606549 0.0662777 -1.38233 -1.96054 -1.13132 -0.4772 
1.05528 -1.74579 -1.52721 1.32453 -1.31203 -1.38517 2.32842 -1.11086 0.606549 0.0662777 -1.38233 -1.96054 -1.13132 -0.4772 
1.05054 -1.74847 -1.52912 1.3171 -1.31142 -1.38635 2.34549 -1.11086 0.606549 0.0662777 -1.38233 -1.96054 -1.13132 -0.4772 
1.04588 -1.7516 -1.53144 1.31032 -1.31175 -1.38736 2.36338 -1.11086 0.606549 0.0662777 -1.38233 -1.96054 -1.13132 -0.4772 
1.04225 -1.7536 -1.53252 1.30397 -1.31079 -1.38766 2.37911 -1.11086 0.606549 0.0662777 -1.38233 -1.96054 -1.13132 -0.4772 
1.04012 -1.75408 -1.53171 1.29906 -1.30783 -1.38849 2.38859 -1.11086 0.606549 0.0662777 -1.38233 -1.96054 -1.13132 -0.4772 
1.04081 -1.75447 -1.53012 1.29945 -1.30528 -1.38944 2.39134 -1.11086 0.606549 0.0662777 -1.38233 -1.96054 -1.13132 -0.4772 
1.04391 -1.75449 -1.52802 1.30496 -1.30352 -1.3886 2.39352 -1.11086 0.606549 0.0662777 -1.38233 -1.96054 -1.13132 -0.4772 
1.04997 -1.75298 -1.52463 1.31554 -1.30306 -1.383 2.39543 -1.11086 0.606549 0.0662777 -1.38233 -1.96054 -1.13132 -0.4772 
1.05469 -1.75347 -1.52362 1.32562 -1.30447 -1.37966 2.39818 -1.11086 0.606549 0.0662777 -1.38233 -1.96054 -1.13132 -0.4772 
1.05929 -1.75367 -1.52222 1.33506 -1.30491 -1.37688 2.40139 -1.11086 0.606549 0.0662777 -1.38233 -1.96054 -1.13132 -0.4772 
1.06244 -1.75766 -1.51994 1.34843 -1.30136 -1.37628 2.42392 -1.11086 0.606549 0.0662777 -1.38233 -1.96054 -1.13132 -0.4772 
1.06282 -1.7642 -1.51975 1.36266 -1.30013 -1.37445 2.45873 -1.11086 0.606549 0.0662777 -1.38233 -1.96054 -1.13132 -0.4772 
1.0617 -1.77007 -1.52037 1.37481 -1.30042 -1.37014 2.49567 -1.11086 0.606549 0.0662777 -1.38233 -1.96054 -1.13132 -0.4772 
1.05818 -1.77752 -1.52207 1.3852 -1.30192 -1.36777 2.53079 -1.11086 0.606549 0.0662777 -1.38233 -1.96054 -1.13132 -0.4772 
1.05448 -1.78641 -1.52496 1.39711 -1.30666 -1.36482 2.56373 -1.11086 0.606549 0.0662777 -1.38233 -1.96054 -1.13132 -0.4772 
1.05214 -1.79406 -1.52635 1.40983 -1.31159 -1.36025 2.59286 -1.11086 0.606549 0.0662777 -1.38233 -1.96054 -1.13132 -0.4772 
1.04644 -1.80067 -1.52622 1.41243 -1.30758 -1.36597 2.61271 -1.11086 0.606549 0.0662777 -1.38233 -1.96054 -1.13132 -0.4772 
1.04102 -1.80965 -1.52949 1.41962 -1.31292 -1.36601 2.63532 -1.11086 0.606549 0.0662777 -1.38233 -1.96054 -1.13132 -0.4772 
1.03646 -1.81677 -1.53211 1.42345 -1.31784 -1.36799 2.64368 -1.11086 0.606549 0.0662777 -1.38233 -1.96054 -1.13132 -0.4772 
1.03244 -1.82484 -1.53625 1.42834 -1.3261 -1.37095 2.64268 -1.11086 0.606549 0.0662777 -1.38233 -1.96054 -1.13132 -0.4772 
1.03247 -1.82897 -1.53626 1.43265 -1.33013 -1.37311 2.63155 -1.11086 0.606549 0.0662777 -1.38233 -1.96054 -1.13132 -0.4772 
1.03092 -1.83512 -1.53849 1.43659 -1.33609 -1.37809 2.61716 -1.11086 0.606549 0.0662777 -1.38233 -1.96054 -1.13132 -0.4772 
1.02823 -1.84222 -1.54304 1.43853 -1.34392 -1.38605 2.5967 -1.11086 0.606549 0.0662777 -1.38233 -1.96054 -1.13132 -0.4772 
1.02992 -1.84456 -1.54595 1.43797 -1.35193 -1.39267 2.55208 -1.11086 0.606549 0.0662777 -1.38233 -1.96054 -1.13132 -0.4772 
1.03445 -1.84669 -1.54949 1.44197 -1.36593 -1.39395 2.5001 -1.11086 0.606549 0.0662777 -1.38233 -1.96054 -1.13132 -0.4772 
1.04463 -1.84447 -1.54843 1.44747 -1.37605 -1.39136 2.44034 -1.11086 0.606549 0.0662777 -1.38233 -1.96054 -1.13132 -0.4772 
1.05453 -1.84147 -1.54665 1.45077 -1.38216 -1.39094 2.38399 -1.11086 0.606549 0.0662777 -1.38233 -1.96054 -1.13132 -0.4772 
1.06257 -1.84199 -1.54969 1.45825 -1.39693 -1.38693 2.33763 -1.11086 0.606549 0.0662777 -1.38233 -1.96054 -1.13132 -0.4772 
1.07366 -1.83788 -1.54777 1.46333 -1.40517 -1.38142 2.28281 -1.11086 0.606549 0.0662777 -1.38233 -1.96054 -1.13132 -0.4772 
1.08198 -1.83647 -1.5486 1.4677 -1.41462 -1.37794 2.23798 -1.11086 0.606549 0.0662777 -1.38233 -1.96054 -1.13132 -0.4772 
1.0892 -1.83518 -1.54922 1.47017 -1.42188 -1.37583 2.19731 -1.11086 0.606549 0.0662777 -1.38233 -1.96054 -1.13132 -0.4772 
1.09362 -1.83543 -1.55088 1.47155 -1.42855 -1.37521 2.16613 -1.11086 0.606549 0.0662777 -1.38233 -1.96054 -1.13132 -0.4772 
1.10157 -1.83192 -1.54953 1.47585 -1.43649 -1.36643 2.13485 -1.11086 0.606549 0.0662777 -1.38233 -1.96054 -1.13132 -0.4772 
1.10764 -1.82974 -1.55012 1.47788 -1.44531 -1.35999 2.1003 -1.11086 0.606549 0.0662777 -1.38233 -1.96054 -1.13132 -0.4772 
1.11434 -1.82677 -1.54941 1.4768 -1.45105 -1.35597 2.05426 -1.11086 0.606549 0.0662777 -1.38233 -1.96054 -1.13132 -0.4772 
1.12069 -1.82247 -1.54779 1.4737 -1.45499 -1.35182 2.0045 -1.11086 0.606549 0.0662777 -1.38233 -1.96054 -1.13132 -0.4772 
1.1251 -1.81984 -1.54725 1.46889 -1.45912 -1.35006 1.95577 -1.11086 0.606549 0.0662777 -1.38233 -1.96054 -1.13132 -0.4772 
1.12959 -1.81612 -1.54523 1.46236 -1.45993 -1.34942 1.90246 -1.11086 0.606549 0.0662777 -1.38233 -1.96054 -1.13132 -0.4772 
1.13616 -1.81065 -1.54155 1.4575 -1.45954 -1.34685 1.84714 -1.11086 0.606549 0.0662777 -1.38233 -1.96054 -1.13132 -0.4772 
1.14014 -1.80728 -1.53907 1.44959 -1.4567 -1.35052 1.79084 -1.11086 0.606549 0.0662777 -1.38233 -1.96054 -1.13132 -0.4772 
1.14435 -1.8027 -1.53591 1.44123 -1.45363 -1.35277 1.73229 -1.11086 0.606549 0.0662777 -1.38233 -1.96054 -1.13132 -0.4772 
1.14967 -1.79784 -1.533 1.43592 -1.45417 -1.35102 1.67658 -1.11086 0.606549 0.0662777 -1.38233 -1.96054 -1.13132 -0.4772 
1.15224 -1.79324 -1.52955 1.42503 -1.4482 -1.35608 1.62106 -1.11086 0.606549 0.0662777 -1.38233 -1.96054 -1.13132 -0.4772 
