1.11028 -1.91975 -1.75625 1.38346 2.05856 1.12491 -1.1769 -1.1103 0.609337 0.0656645 -1.37593 -1.96223 -1.13301 -0.473288 
1.08773 -1.90377 -1.76207 1.34364 2.05998 1.12004 -1.17022 -1.11086 0.606551 0.0662773 -1.38233 -1.96054 -1.13132 -0.477198 
1.08595 -1.90293 -1.76115 1.33817 2.06424 1.12566 -1.17107 -1.11086 0.606549 0.0662777 -1.38233 -1.96054 -1.13132 -0.4772 
1.08468 -1.90225 -1.76082 1.33437 2.0675 1.13155 -1.17298 -1.11086 0.606549 0.0662777 -1.38233 -1.96054 -1.13132 -0.4772 
1.08455 -1.9017 -1.76117 1.33394 2.06773 1.13209 -1.17311 -1.11086 0.606549 0.0662777 -1.38233 -1.96054 -1.13132 -0.4772 
1.08588 -1.90101 -1.76012 1.33484 2.06838 1.13132 -1.17463 -1.11086 0.606549 0.0662777 -1.38233 -1.96054 -1.13132 -0.4772 
1.08832 -1.90014 -1.75982 1.33607 2.06662 1.1285 -1.17778 -1.11086 0.606549 0.0662777 -1.38233 -1.96054 -1.13132 -0.4772 
1.09157 -1.89873 -1.75833 1.33615 2.06688 1.12783 -1.18391 -1.11086 0.606549 0.0662777 -1.38233 -1.96054 -1.13132 -0.4772 
1.09306 -1.89932 -1.75792 1.33725 2.06673 1.12742 -1.18409 -1.11086 0.606549 0.0662777 -1.38233 -1.96054 -1.13132 -0.4772 
1.09555 -1.90015 -1.75681 1.33965 2.06799 1.12835 -1.18435 -1.11086 0.606549 0.0662777 -1.38233 -1.96054 -1.13132 -0.4772 
1.09935 -1.90019 -1.75472 1.34279 2.07036 1.12994 -1.1874 -1.11086 0.606549 0.0662777 -1.38233 -1.96054 -1.13132 -0.4772 
1.10206 -1.90053 -1.75401 1.34607 2.07097 1.1305 -1.18857 -1.11086 0.606549 0.0662777 -1.38233 -1.96054 -1.13132 -0.4772 
1.10543 -1.89998 -1.75229 1.34909 2.07184 1.12963 -1.19133 -1.11086 0.606549 0.0662777 -1.38233 -1.96054 -1.13132 -0.4772 
1.10712 -1.90089 -1.75205 1.35183 2.07126 1.12916 -1.19122 -1.11086 0.606549 0.0662777 -1.38233 -1.96054 -1.13132 -0.4772 
1.10873 -1.90185 -1.75158 1.35372 2.07134 1.12947 -1.19147 -1.11086 0.606549 0.0662777 -1.38233 -1.96054 -1.13132 -0.4772 
1.11031 -1.90203 -1.75039 1.35492 2.07234 1.13 -1.19282 -1.11086 0.606549 0.0662777 -1.38233 -1.96054 -1.13132 -0.4772 
1.11147 -1.90178 -1.75009 1.3562 2.07271 1.12992 -1.19374 -1.11086 0.606549 0.0662777 -1.38233 -1.96054 -1.13132 -0.4772 
1.11263 -1.90122 -1.74926 1.35735 2.07333 1.12941 -1.19454 -1.11086 0.606549 0.0662777 -1.38233 -1.96054 -1.13132 -0.4772 
1.11331 -1.90271 -1.75026 1.36021 2.07097 1.12723 -1.19233 -1.11086 0.606549 0.0662777 -1.38233 -1.96054 -1.13132 -0.4772 
1.1138 -1.90331 -1.74935 1.35965 2.07291 1.13048 -1.19406 -1.11086 0.606549 0.0662777 -1.38233 -1.96054 -1.13132 -0.4772 
1.11426 -1.90344 -1.74889 1.35988 2.07356 1.13129 -1.19409 -1.11086 0.606549 0.0662777 -1.38233 -1.96054 -1.13132 -0.4772 
1.11578 -1.90251 -1.7479 1.3607 2.07436 1.13056 -1.19536 -1.11086 0.606549 0.0662777 -1.38233 -1.96054 -1.13132 -0.4772 
1.11616 -1.90317 -1.748 1.36134 2.07429 1.13114 -1.19505 -1.11086 0.606549 0.0662777 -1.38233 -1.96054 -1.13132 -0.4772 
1.11677 -1.90295 -1.74777 1.3616 2.0746 1.13141 -1.19605 -1.11086 0.606549 0.0662777 -1.38233 -1.96054 -1.13132 -0.4772 
1.11731 -1.90353 -1.74804 1.36315 2.07402 1.13036 -1.19488 -1.11086 0.606549 0.0662777 -1.38233 -1.96054 -1.13132 -0.4772 
1.11776 -1.90306 -1.74742 1.36334 2.07473 1.13066 -1.19566 -1.11086 0.606549 0.0662777 -1.38233 -1.96054 -1.13132 -0.4772 
1.11752 -1.90375 -1.74739 1.3625 2.07571 1.13293 -1.19628 -1.11086 0.606549 0.0662777 -1.38233 -1.96054 -1.13132 -0.4772 
1.11797 -1.90455 -1.74831 1.36462 2.07355 1.13027 -1.19432 -1.11086 0.606549 0.0662777 -1.38233 -1.96054 -1.13132 -0.4772 
1.11883 -1.90536 -1.74775 1.36551 2.07409 1.13187 -1.1953 -1.11086 0.606549 0.0662777 -1.38233 -1.96054 -1.13132 -0.4772 
1.12071 -1.90519 -1.74748 1.36809 2.07354 1.1298 -1.1951 -1.11086 0.606549 0.0662777 -1.38233 -1.96054 -1.13132 -0.4772 
1.12212 -1.9064 -1.74802 1.37059 2.07202 1.12911 -1.1948 -1.11086 0.606549 0.0662777 -1.38233 -1.96054 -1.13132 -0.4772 
1.12423 -1.90582 -1.7459 1.37111 2.07444 1.13055 -1.19771 -1.11086 0.606549 0.0662777 -1.38233 -1.96054 -1.13132 -0.4772 
1.12443 -1.90628 -1.74511 1.37034 2.07691 1.13419 -1.19848 -1.11086 0.606549 0.0662777 -1.38233 -1.96054 -1.13132 -0.4772 
1.1263 -1.90624 -1.74466 1.37305 2.07618 1.13209 -1.19819 -1.11086 0.606549 0.0662777 -1.38233 -1.96054 -1.13132 -0.4772 
1.12726 -1.90593 -1.74423 1.37413 2.07637 1.13173 -1.199 -1.11086 0.606549 0.0662777 -1.38233 -1.96054 -1.13132 -0.4772 
1.12827 -1.90481 -1.74329 1.37452 2.07735 1.13101 -1.20004 -1.11086 0.606549 0.0662777 -1.38233 -1.96054 -1.13132 -0.4772 
1.12785 -1.90587 -1.74462 1.37553 2.07526 1.12939 -1.19807 -1.11086 0.606549 0.0662777 -1.38233 -1.96054 -1.13132 -0.4772 
1.1284 -1.90617 -1.74482 1.37723 2.07379 1.12657 -1.19695 -1.11086 0.606549 0.0662777 -1.38233 -1.96054 -1.13132 -0.4772 
1.12742 -1.90723 -1.74503 1.37633 2.07449 1.12926 -1.19669 -1.11086 0.606549 0.0662777 -1.38233 -1.96054 -1.13132 -0.4772 
1.12817 -1.90571 -1.74356 1.37562 2.07669 1.12988 -1.19828 -1.11086 0.606549 0.0662777 -1.38233 -1.96054 -1.13132 -0.4772 
1.1282 -1.90557 -1.74356 1.37576 2.07683 1.12981 -1.19828 -1.11086 0.606549 0.0662777 -1.38233 -1.96054 -1.13132 -0.4772 
1.12862 -1.90553 -1.74325 1.37569 2.07716 1.13003 -1.19869 -1.11086 0.606549 0.0662777 -1.38233 -1.96054 -1.13132 -0.4772 
1.12793 -1.90647 -1.74398 1.3755 2.07689 1.13101 -1.19827 -1.11086 0.606549 0.0662777 -1.38233 -1.96054 -1.13132 -0.4772 
1.12748 -1.90667 -1.74475 1.37551 2.07624 1.13087 -1.19746 -1.11086 0.606549 0.0662777 -1.38233 -1.96054 -1.13132 -0.4772 
1.12727 -1.90691 -1.74411 1.37414 2.07752 1.13333 -1.19909 -1.11086 0.606549 0.0662777 -1.38233 -1.96054 -1.13132 -0.4772 
1.12792 -1.90738 -1.74452 1.37602 2.07543 1.13013 -1.19759 -1.11086 0.606549 0.0662777 -1.38233 -1.96054 -1.13132 -0.4772 
1.12851 -1.90673 -1.74392 1.37613 2.07598 1.1296 -1.19788 -1.11086 0.606549 0.0662777 -1.38233 -1.96054 -1.13132 -0.4772 
1.12874 -1.9067 -1.74404 1.377 2.07501 1.12793 -1.19764 -1.11086 0.606549 0.0662777 -1.38233 -1.96054 -1.13132 -0.4772 
1.12852 -1.90647 -1.74434 1.37708 2.07466 1.12741 -1.19739 -1.11086 0.606549 0.0662777 -1.38233 -1.96054 -1.13132 -0.4772 
1.12802 -1.90681 -1.74438 1.37588 2.07559 1.13005 -1.19818 -1.11086 0.606549 0.0662777 -1.38233 -1.96054 -1.13132 -0.4772 
1.12888 -1.90622 -1.74373 1.37643 2.07605 1.12899 -1.19807 -1.11086 0.606549 0.0662777 -1.38233 -1.96054 -1.13132 -0.4772 
1.12922 -1.90525 -1.74333 1.37659 2.0762 1.12824 -1.19867 -1.11086 0.606549 0.0662777 -1.38233 -1.96054 -1.13132 -0.4772 
1.12901 -1.90539 -1.74312 1.37621 2.07686 1.1293 -1.19835 -1.11086 0.606549 0.0662777 -1.38233 -1.96054 -1.13132 -0.4772 
1.12957 -1.90516 -1.74307 1.37699 2.07605 1.1281 -1.19905 -1.11086 0.606549 0.0662777 -1.38233 -1.96054 -1.13132 -0.4772 
1.12871 -1.90584 -1.74362 1.37641 2.07582 1.12922 -1.19823 -1.11086 0.606549 0.0662777 -1.38233 -1.96054 -1.13132 -0.4772 
1.12888 -1.90582 -1.74387 1.37649 2.07508 1.12864 -1.19869 -1.11086 0.606549 0.0662777 -1.38233 -1.96054 -1.13132 -0.4772 
1.12875 -1.90625 -1.74411 1.37689 2.07445 1.12767 -1.19788 -1.11086 0.606549 0.0662777 -1.38233 -1.96054 -1.13132 -0.4772 
1.12842 -1.90607 -1.74434 1.3763 2.07459 1.12878 -1.19859 -1.11086 0.606549 0.0662777 -1.38233 -1.96054 -1.13132 -0.4772 
1.12831 -1.90647 -1.74406 1.37619 2.07455 1.12905 -1.1991 -1.11086 0.606549 0.0662777 -1.38233 -1.96054 -1.13132 -0.4772 
1.13031 -1.90385 -1.74282 1.37766 2.07454 1.12502 -1.20036 -1.11086 0.606549 0.0662777 -1.38233 -1.96054 -1.13132 -0.4772 
1.13023 -1.90439 -1.74353 1.37818 2.07335 1.12421 -1.19974 -1.11086 0.606549 0.0662777 -1.38233 -1.96054 -1.13132 -0.4772 
1.13042 -1.90468 -1.74344 1.37859 2.07296 1.12389 -1.19959 -1.11086 0.606549 0.0662777 -1.38233 -1.96054 -1.13132 -0.4772 
1.12979 -1.90474 -1.74348 1.37765 2.07349 1.12562 -1.20028 -1.11086 0.606549 0.0662777 -1.38233 -1.96054 -1.13132 -0.4772 
1.12823 -1.90575 -1.744 1.37545 2.07489 1.13002 -1.20064 -1.11086 0.606549 0.0662777 -1.38233 -1.96054 -1.13132 -0.4772 
1.12788 -1.90598 -1.74414 1.37502 2.07506 1.13068 -1.20035 -1.11086 0.606549 0.0662777 -1.38233 -1.96054 -1.13132 -0.4772 
1.12852 -1.90559 -1.7438 1.3759 2.07472 1.12871 -1.20024 -1.11086 0.606549 0.0662777 -1.38233 -1.96054 -1.13132 -0.4772 
1.12958 -1.90464 -1.74326 1.37714 2.07444 1.12608 -1.2005 -1.11086 0.606549 0.0662777 -1.38233 -1.96054 -1.13132 -0.4772 
1.12999 -1.90479 -1.74335 1.37778 2.07404 1.12524 -1.2002 -1.11086 0.606549 0.0662777 -1.38233 -1.96054 -1.13132 -0.4772 
1.12862 -1.9065 -1.74507 1.37772 2.07219 1.12607 -1.1985 -1.11086 0.606549 0.0662777 -1.38233 -1.96054 -1.13132 -0.4772 
1.12841 -1.90647 -1.74519 1.37726 2.07239 1.12691 -1.1989 -1.11086 0.606549 0.0662777 -1.38233 -1.96054 -1.13132 -0.4772 
1.12816 -1.90684 -1.74514 1.37687 2.07247 1.12763 -1.19897 -1.11086 0.606549 0.0662777 -1.38233 -1.96054 -1.13132 -0.4772 
1.12953 -1.90453 -1.74342 1.37683 2.07436 1.12663 -1.20068 -1.11086 0.606549 0.0662777 -1.38233 -1.96054 -1.13132 -0.4772 
1.12841 -1.90491 -1.74349 1.37512 2.07552 1.12967 -1.20148 -1.11086 0.606549 0.0662777 -1.38233 -1.96054 -1.13132 -0.4772 
1.12725 -1.90699 -1.74509 1.37538 2.07408 1.13035 -1.1993 -1.11086 0.606549 0.0662777 -1.38233 -1.96054 -1.13132 -0.4772 
1.12879 -1.90573 -1.74434 1.3769 2.07375 1.12694 -1.19957 -1.11086 0.606549 0.0662777 -1.38233 -1.96054 -1.13132 -0.4772 
1.12956 -1.90502 -1.74383 1.37738 2.07398 1.12558 -1.20008 -1.11086 0.606549 0.0662777 -1.38233 -1.96054 -1.13132 -0.4772 
1.12941 -1.90467 -1.74342 1.37625 2.07543 1.12714 -1.20103 -1.11086 0.606549 0.0662777 -1.38233 -1.96054 -1.13132 -0.4772 
1.12978 -1.90436 -1.74326 1.37671 2.07523 1.12615 -1.20099 -1.11086 0.606549 0.0662777 -1.38233 -1.96054 -1.13132 -0.4772 
1.12934 -1.90477 -1.74327 1.37642 2.07564 1.12721 -1.20069 -1.11086 0.606549 0.0662777 -1.38233 -1.96054 -1.13132 -0.4772 
1.13009 -1.90415 -1.74324 1.37729 2.07508 1.12523 -1.20036 -1.11086 0.606549 0.0662777 -1.38233 -1.96054 -1.13132 -0.4772 
1.12919 -1.90576 -1.74416 1.37691 2.0741 1.12659 -1.19935 -1.11086 0.606549 0.0662777 -1.38233 -1.96054 -1.13132 -0.4772 
1.13003 -1.90469 -1.74337 1.3775 2.07467 1.12521 -1.19967 -1.11086 0.606549 0.0662777 -1.38233 -1.96054 -1.13132 -0.4772 
1.12827 -1.90622 -1.7442 1.3755 2.07566 1.12966 -1.19928 -1.11086 0.606549 0.0662777 -1.38233 -1.96054 -1.13132 -0.4772 
1.12991 -1.90448 -1.74275 1.37653 2.07662 1.12734 -1.20018 -1.11086 0.606549 0.0662777 -1.38233 -1.96054 -1.13132 -0.4772 
1.12937 -1.90511 -1.74314 1.37623 2.07652 1.12816 -1.19929 -1.11086 0.606549 0.0662777 -1.38233 -1.96054 -1.13132 -0.4772 
1.12998 -1.90425 -1.74287 1.37704 2.07639 1.12632 -1.19949 -1.11086 0.606549 0.0662777 -1.38233 -1.96054 -1.13132 -0.4772 
1.12901 -1.90554 -1.7437 1.37625 2.07611 1.12834 -1.19931 -1.11086 0.606549 0.0662777 -1.38233 -1.96054 -1.13132 -0.4772 
1.1292 -1.90566 -1.74339 1.37635 2.07646 1.12831 -1.19882 -1.11086 0.606549 0.0662777 -1.38233 -1.96054 -1.13132 -0.4772 
1.12762 -1.90685 -1.74432 1.37493 2.07696 1.13168 -1.1985 -1.11086 0.606549 0.0662777 -1.38233 -1.96054 -1.13132 -0.4772 
1.12734 -1.90659 -1.74442 1.37484 2.07706 1.13188 -1.19897 -1.11086 0.606549 0.0662777 -1.38233 -1.96054 -1.13132 -0.4772 
1.12834 -1.9056 -1.74346 1.37511 2.07764 1.13063 -1.19956 -1.11086 0.606549 0.0662777 -1.38233 -1.96054 -1.13132 -0.4772 
1.1292 -1.90509 -1.74339 1.37676 2.07674 1.12797 -1.19892 -1.11086 0.606549 0.0662777 -1.38233 -1.96054 -1.13132 -0.4772 
1.12847 -1.90678 -1.74495 1.37771 2.07459 1.12707 -1.19667 -1.11086 0.606549 0.0662777 -1.38233 -1.96054 -1.13132 -0.4772 
1.12839 -1.9075 -1.74546 1.37827 2.07361 1.1262 -1.19552 -1.11086 0.606549 0.0662777 -1.38233 -1.96054 -1.13132 -0.4772 
1.12928 -1.90593 -1.74403 1.37769 2.07543 1.12613 -1.19754 -1.11086 0.606549 0.0662777 -1.38233 -1.96054 -1.13132 -0.4772 
1.12869 -1.90626 -1.74433 1.37719 2.07553 1.12727 -1.19731 -1.11086 0.606549 0.0662777 -1.38233 -1.96054 -1.13132 -0.4772 
1.12916 -1.90586 -1.74389 1.37724 2.07575 1.1269 -1.19813 -1.11086 0.606549 0.0662777 -1.38233 -1.96054 -1.13132 -0.4772 
1.12897 -1.90591 -1.74419 1.37712 2.07572 1.12703 -1.19812 -1.11086 0.606549 0.0662777 -1.38233 -1.96054 -1.13132 -0.4772 
1.12836 -1.90662 -1.7448 1.377 2.07551 1.12817 -1.19729 -1.11086 0.606549 0.0662777 -1.38233 -1.96054 -1.13132 -0.4772 
1.12801 -1.90611 -1.74417 1.37534 2.07726 1.13052 -1.19891 -1.11086 0.606549 0.0662777 -1.38233 -1.96054 -1.13132 -0.4772 
1.12865 -1.90571 -1.74394 1.37589 2.07692 1.12934 -1.19895 -1.11086 0.606549 0.0662777 -1.38233 -1.96054 -1.13132 -0.4772 
1.12888 -1.90525 -1.74366 1.37633 2.07656 1.12839 -1.19959 -1.11086 0.606549 0.0662777 -1.38233 -1.96054 -1.13132 -0.4772 
1.12814 -1.90672 -1.745 1.37694 2.07514 1.12823 -1.1973 -1.11086 0.606549 0.0662777 -1.38233 -1.96054 -1.13132 -0.4772 
1.12869 -1.90641 -1.74475 1.37754 2.07462 1.12667 -1.19773 -1.11086 0.606549 0.0662777 -1.38233 -1.96054 -1.13132 -0.4772 
1.1286 -1.90524 -1.74357 1.37537 2.07746 1.12966 -1.20051 -1.11086 0.606549 0.0662777 -1.38233 -1.96054 -1.13132 -0.4772 
1.12961 -1.90463 -1.74306 1.37649 2.07705 1.12738 -1.20071 -1.11086 0.606549 0.0662777 -1.38233 -1.96054 -1.13132 -0.4772 
1.12915 -1.90573 -1.7441 1.37722 2.07529 1.1266 -1.19923 -1.11086 0.606549 0.0662777 -1.38233 -1.96054 -1.13132 -0.4772 
1.12965 -1.90505 -1.74384 1.37717 2.07545 1.12605 -1.19926 -1.11086 0.606549 0.0662777 -1.38233 -1.96054 -1.13132 -0.4772 
1.12829 -1.90625 -1.74495 1.37667 2.07489 1.12761 -1.19841 -1.11086 0.606549 0.0662777 -1.38233 -1.96054 -1.13132 -0.4772 
1.1292 -1.90565 -1.74447 1.37813 2.07414 1.12489 -1.19806 -1.11086 0.606549 0.0662777 -1.38233 -1.96054 -1.13132 -0.4772 
1.12852 -1.90577 -1.74431 1.3763 2.07566 1.12824 -1.19947 -1.11086 0.606549 0.0662777 -1.38233 -1.96054 -1.13132 -0.4772 
1.12823 -1.90645 -1.74502 1.37685 2.07459 1.12778 -1.19835 -1.11086 0.606549 0.0662777 -1.38233 -1.96054 -1.13132 -0.4772 
1.12898 -1.90475 -1.74347 1.37604 2.0764 1.12817 -1.20064 -1.11086 0.606549 0.0662777 -1.38233 -1.96054 -1.13132 -0.4772 
1.12987 -1.90449 -1.74327 1.37747 2.07535 1.12561 -1.19998 -1.11086 0.606549 0.0662777 -1.38233 -1.96054 -1.13132 -0.4772 
1.12973 -1.90477 -1.74352 1.37794 2.07474 1.12503 -1.19944 -1.11086 0.606549 0.0662777 -1.38233 -1.96054 -1.13132 -0.4772 
1.12935 -1.90506 -1.74384 1.37726 2.07497 1.12628 -1.19955 -1.11086 0.606549 0.0662777 -1.38233 -1.96054 -1.13132 -0.4772 
1.13008 -1.90454 -1.74316 1.3776 2.07543 1.12517 -1.19937 -1.11086 0.606549 0.0662777 -1.38233 -1.96054 -1.13132 -0.4772 
1.12981 -1.90516 -1.7436 1.37792 2.07486 1.12507 -1.1988 -1.11086 0.606549 0.0662777 -1.38233 -1.96054 -1.13132 -0.4772 
1.128 -1.90973 -1.74526 1.37901 2.07557 1.1291 -1.1906 -1.11086 0.606549 0.0662777 -1.38233 -1.96054 -1.13132 -0.4772 
1.12786 -1.91393 -1.74611 1.38267 2.07542 1.12875 -1.18084 -1.11086 0.606549 0.0662777 -1.38233 -1.96054 -1.13132 -0.4772 
1.12632 -1.91917 -1.74787 1.38447 2.07633 1.1319 -1.17041 -1.11086 0.606549 0.0662777 -1.38233 -1.96054 -1.13132 -0.4772 
1.12548 -1.92301 -1.74827 1.3862 2.07834 1.13431 -1.16087 -1.11086 0.606549 0.0662777 -1.38233 -1.96054 -1.13132 -0.4772 
1.12439 -1.92832 -1.75023 1.3896 2.07775 1.13475 -1.14902 -1.11086 0.606549 0.0662777 -1.38233 -1.96054 -1.13132 -0.4772 
1.124 -1.9324 -1.75081 1.3929 2.07891 1.13451 -1.13699 -1.11086 0.606549 0.0662777 -1.38233 -1.96054 -1.13132 -0.4772 
1.12134 -1.93868 -1.75323 1.39484 2.07934 1.13746 -1.12283 -1.11086 0.606549 0.0662777 -1.38233 -1.96054 -1.13132 -0.4772 
1.11901 -1.94401 -1.75467 1.39587 2.08163 1.14126 -1.10978 -1.11086 0.606549 0.0662777 -1.38233 -1.96054 -1.13132 -0.4772 
1.11574 -1.95026 -1.75729 1.39708 2.0828 1.14452 -1.09399 -1.11086 0.606549 0.0662777 -1.38233 -1.96054 -1.13132 -0.4772 
1.11297 -1.95562 -1.75899 1.39841 2.08474 1.1473 -1.07863 -1.11086 0.606549 0.0662777 -1.38233 -1.96054 -1.13132 -0.4772 
1.10963 -1.96214 -1.7617 1.40005 2.08562 1.15004 -1.06179 -1.11086 0.606549 0.0662777 -1.38233 -1.96054 -1.13132 -0.4772 
1.10599 -1.96699 -1.76241 1.39933 2.08941 1.15646 -1.04357 -1.11086 0.606549 0.0662777 -1.38233 -1.96054 -1.13132 -0.4772 
1.10307 -1.96699 -1.75671 1.40009 2.08165 1.16617 -1.02197 -1.11086 0.606549 0.0662777 -1.38233 -1.96054 -1.13132 -0.4772 
1.09923 -1.96699 -1.75112 1.39814 2.07796 1.17864 -1.00169 -1.11086 0.606549 0.0662777 -1.38233 -1.96054 -1.13132 -0.4772 
1.09575 -1.96699 -1.74565 1.39838 2.07107 1.18809 -0.977652 -1.11086 0.606549 0.0662777 -1.38233 -1.96054 -1.13132 -0.4772 
1.09252 -1.96699 -1.74041 1.39729 2.06792 1.19764 -0.95598 -1.11086 0.606549 0.0662777 -1.38233 -1.96054 -1.13132 -0.4772 
1.08765 -1.96699 -1.73469 1.39536 2.06222 1.21023 -0.932411 -1.11086 0.606549 0.0662777 -1.38233 -1.96054 -1.13132 -0.4772 
1.08395 -1.96699 -1.72954 1.39462 2.05724 1.21914 -0.908712 -1.11086 0.606549 0.0662777 -1.38233 -1.96054 -1.13132 -0.4772 
1.07939 -1.96699 -1.72457 1.3923 2.05365 1.22971 -0.887065 -1.11086 0.606549 0.0662777 -1.38233 -1.96054 -1.13132 -0.4772 
1.07331 -1.96699 -1.71934 1.38892 2.04871 1.24313 -0.862305 -1.11086 0.606549 0.0662777 -1.38233 -1.96054 -1.13132 -0.4772 
1.06976 -1.96699 -1.71477 1.38763 2.04535 1.25127 -0.842346 -1.11086 0.606549 0.0662777 -1.38233 -1.96054 -1.13132 -0.4772 
1.06451 -1.96699 -1.71019 1.38388 2.04344 1.26307 -0.823491 -1.11086 0.606549 0.0662777 -1.38233 -1.96054 -1.13132 -0.4772 
1.06082 -1.96699 -1.70588 1.38253 2.03994 1.26997 -0.803028 -1.11086 0.606549 0.0662777 -1.38233 -1.96054 -1.13132 -0.4772 
1.05418 -1.96699 -1.70139 1.37732 2.03695 1.28502 -0.782963 -1.11086 0.606549 0.0662777 -1.38233 -1.96054 -1.13132 -0.4772 
1.04908 -1.96699 -1.6969 1.37586 2.03002 1.2946 -0.760548 -1.11086 0.606549 0.0662777 -1.38233 -1.96054 -1.13132 -0.4772 
1.04416 -1.96699 -1.69457 1.3717 2.0293 1.30244 -0.745651 -1.11086 0.606549 0.0662777 -1.38233 -1.96054 -1.13132 -0.4772 
1.03896 -1.96699 -1.69407 1.36661 2.02903 1.30879 -0.734958 -1.11086 0.606549 0.0662777 -1.38233 -1.96054 -1.13132 -0.4772 
1.03537 -1.96699 -1.69397 1.36344 2.02808 1.31153 -0.725328 -1.11086 0.606549 0.0662777 -1.38233 -1.96054 -1.13132 -0.4772 
1.03133 -1.96699 -1.69431 1.35793 2.03064 1.31639 -0.72037 -1.11086 0.606549 0.0662777 -1.38233 -1.96054 -1.13132 -0.4772 
1.02624 -1.96699 -1.6941 1.35448 2.02543 1.32247 -0.71166 -1.11086 0.606549 0.0662777 -1.38233 -1.96054 -1.13132 -0.4772 
1.02522 -1.96597 -1.6932 1.35151 2.0286 1.32278 -0.711115 -1.11086 0.606549 0.0662777 -1.38233 -1.96054 -1.13132 -0.4772 
1.02552 -1.96535 -1.69261 1.35175 2.02743 1.31916 -0.710179 -1.11086 0.606549 0.0662777 -1.38233 -1.96054 -1.13132 -0.4772 
1.02263 -1.96577 -1.69358 1.34782 2.02852 1.32358 -0.711215 -1.11086 0.606549 0.0662777 -1.38233 -1.96054 -1.13132 -0.4772 
1.02001 -1.96616 -1.69474 1.34425 2.02857 1.32806 -0.715071 -1.11086 0.606549 0.0662777 -1.38233 -1.96054 -1.13132 -0.4772 
1.02006 -1.96629 -1.69522 1.34494 2.0256 1.32692 -0.718983 -1.11086 0.606549 0.0662777 -1.38233 -1.96054 -1.13132 -0.4772 
1.01989 -1.96577 -1.695 1.3438 2.02454 1.32824 -0.725954 -1.11086 0.606549 0.0662777 -1.38233 -1.96054 -1.13132 -0.4772 
1.02289 -1.9644 -1.6934 1.34605 2.0217 1.32411 -0.734819 -1.11086 0.606549 0.0662777 -1.38233 -1.96054 -1.13132 -0.4772 
1.02471 -1.96345 -1.6928 1.34726 2.01844 1.32215 -0.744804 -1.11086 0.606549 0.0662777 -1.38233 -1.96054 -1.13132 -0.4772 
1.02608 -1.96308 -1.69282 1.3477 2.01483 1.32252 -0.757561 -1.11086 0.606549 0.0662777 -1.38233 -1.96054 -1.13132 -0.4772 
1.02881 -1.96212 -1.69215 1.3498 2.01003 1.32084 -0.772748 -1.11086 0.606549 0.0662777 -1.38233 -1.96054 -1.13132 -0.4772 
1.03131 -1.96075 -1.69136 1.35048 2.00641 1.32095 -0.78985 -1.11086 0.606549 0.0662777 -1.38233 -1.96054 -1.13132 -0.4772 
1.03338 -1.95967 -1.69068 1.35055 2.00321 1.32263 -0.808219 -1.11086 0.606549 0.0662777 -1.38233 -1.96054 -1.13132 -0.4772 
1.03654 -1.9586 -1.69008 1.35246 1.998 1.32221 -0.8284 -1.11086 0.606549 0.0662777 -1.38233 -1.96054 -1.13132 -0.4772 
