1.10071 -1.84903 -1.66993 1.35703 1.96684 1.19623 -1.09714 -1.11007 0.610447 0.0654194 -1.37338 -1.9629 -1.13369 -0.471729 
1.09534 -1.83375 -1.66762 1.33743 1.96485 1.19097 -1.13422 -1.11086 0.606552 0.0662771 -1.38232 -1.96054 -1.13132 -0.477196 
1.09358 -1.83459 -1.6683 1.33414 1.96632 1.19519 -1.13512 -1.11086 0.606549 0.0662777 -1.38233 -1.96054 -1.13132 -0.4772 
1.09315 -1.83299 -1.6667 1.32977 1.97125 1.20169 -1.14106 -1.11086 0.606549 0.0662777 -1.38233 -1.96054 -1.13132 -0.4772 
1.09325 -1.833 -1.66681 1.32968 1.97185 1.20281 -1.14166 -1.11086 0.606549 0.0662777 -1.38233 -1.96054 -1.13132 -0.4772 
1.09544 -1.8312 -1.66522 1.33137 1.97254 1.20018 -1.14315 -1.11086 0.606549 0.0662777 -1.38233 -1.96054 -1.13132 -0.4772 
1.09756 -1.83054 -1.66443 1.33148 1.9721 1.19906 -1.14666 -1.11086 0.606549 0.0662777 -1.38233 -1.96054 -1.13132 -0.4772 
1.09981 -1.82993 -1.66369 1.33165 1.97113 1.19856 -1.15256 -1.11086 0.606549 0.0662777 -1.38233 -1.96054 -1.13132 -0.4772 
1.10146 -1.82982 -1.66292 1.33237 1.97201 1.19878 -1.15352 -1.11086 0.606549 0.0662777 -1.38233 -1.96054 -1.13132 -0.4772 
1.10457 -1.83017 -1.66131 1.33426 1.97414 1.20024 -1.15464 -1.11086 0.606549 0.0662777 -1.38233 -1.96054 -1.13132 -0.4772 
1.1082 -1.82958 -1.65933 1.33696 1.97675 1.20159 -1.15739 -1.11086 0.606549 0.0662777 -1.38233 -1.96054 -1.13132 -0.4772 
1.11173 -1.82945 -1.65854 1.34148 1.97651 1.20005 -1.15836 -1.11086 0.606549 0.0662777 -1.38233 -1.96054 -1.13132 -0.4772 
1.11442 -1.82958 -1.65758 1.34537 1.9765 1.1991 -1.15905 -1.11086 0.606549 0.0662777 -1.38233 -1.96054 -1.13132 -0.4772 
1.11631 -1.83026 -1.65732 1.34833 1.97609 1.19864 -1.15879 -1.11086 0.606549 0.0662777 -1.38233 -1.96054 -1.13132 -0.4772 
1.11822 -1.83085 -1.65652 1.35044 1.9765 1.19867 -1.15938 -1.11086 0.606549 0.0662777 -1.38233 -1.96054 -1.13132 -0.4772 
1.11958 -1.83073 -1.65537 1.35114 1.97817 1.19985 -1.16116 -1.11086 0.606549 0.0662777 -1.38233 -1.96054 -1.13132 -0.4772 
1.11967 -1.83149 -1.65569 1.35164 1.97852 1.20163 -1.16162 -1.11086 0.606549 0.0662777 -1.38233 -1.96054 -1.13132 -0.4772 
1.12077 -1.83043 -1.65454 1.35152 1.98037 1.20285 -1.16361 -1.11086 0.606549 0.0662777 -1.38233 -1.96054 -1.13132 -0.4772 
1.12195 -1.83144 -1.65525 1.35415 1.97836 1.20102 -1.16222 -1.11086 0.606549 0.0662777 -1.38233 -1.96054 -1.13132 -0.4772 
1.12385 -1.83039 -1.65342 1.35535 1.97984 1.19989 -1.16331 -1.11086 0.606549 0.0662777 -1.38233 -1.96054 -1.13132 -0.4772 
1.12394 -1.83192 -1.65465 1.35727 1.97777 1.19929 -1.16138 -1.11086 0.606549 0.0662777 -1.38233 -1.96054 -1.13132 -0.4772 
1.12407 -1.83214 -1.6546 1.35752 1.97823 1.20042 -1.16158 -1.11086 0.606549 0.0662777 -1.38233 -1.96054 -1.13132 -0.4772 
1.12514 -1.83235 -1.65444 1.35885 1.97769 1.19931 -1.16127 -1.11086 0.606549 0.0662777 -1.38233 -1.96054 -1.13132 -0.4772 
1.12591 -1.83162 -1.65352 1.35899 1.97913 1.1997 -1.1625 -1.11086 0.606549 0.0662777 -1.38233 -1.96054 -1.13132 -0.4772 
1.1252 -1.83282 -1.65384 1.3577 1.98014 1.20283 -1.16288 -1.11086 0.606549 0.0662777 -1.38233 -1.96054 -1.13132 -0.4772 
1.12459 -1.83514 -1.6553 1.35855 1.97839 1.20368 -1.16112 -1.11086 0.606549 0.0662777 -1.38233 -1.96054 -1.13132 -0.4772 
1.12529 -1.83493 -1.6552 1.35947 1.97818 1.20298 -1.16166 -1.11086 0.606549 0.0662777 -1.38233 -1.96054 -1.13132 -0.4772 
1.12543 -1.83484 -1.65504 1.35954 1.9788 1.2036 -1.16178 -1.11086 0.606549 0.0662777 -1.38233 -1.96054 -1.13132 -0.4772 
1.1291 -1.83285 -1.65257 1.3623 1.97995 1.20074 -1.16373 -1.11086 0.606549 0.0662777 -1.38233 -1.96054 -1.13132 -0.4772 
1.13005 -1.83293 -1.652 1.36267 1.98126 1.20304 -1.16592 -1.11086 0.606549 0.0662777 -1.38233 -1.96054 -1.13132 -0.4772 
1.13147 -1.83264 -1.65122 1.36363 1.98221 1.20342 -1.16749 -1.11086 0.606549 0.0662777 -1.38233 -1.96054 -1.13132 -0.4772 
1.13247 -1.83377 -1.65196 1.36614 1.98065 1.20225 -1.16583 -1.11086 0.606549 0.0662777 -1.38233 -1.96054 -1.13132 -0.4772 
1.13355 -1.83476 -1.65166 1.3678 1.98116 1.20311 -1.16537 -1.11086 0.606549 0.0662777 -1.38233 -1.96054 -1.13132 -0.4772 
1.13518 -1.83465 -1.65105 1.37037 1.98102 1.20156 -1.1648 -1.11086 0.606549 0.0662777 -1.38233 -1.96054 -1.13132 -0.4772 
1.13534 -1.83474 -1.65102 1.37062 1.98187 1.20285 -1.16537 -1.11086 0.606549 0.0662777 -1.38233 -1.96054 -1.13132 -0.4772 
1.13663 -1.83345 -1.64996 1.37099 1.98218 1.20159 -1.16742 -1.11086 0.606549 0.0662777 -1.38233 -1.96054 -1.13132 -0.4772 
1.13679 -1.83419 -1.65052 1.37201 1.98081 1.20035 -1.16601 -1.11086 0.606549 0.0662777 -1.38233 -1.96054 -1.13132 -0.4772 
1.13721 -1.83406 -1.65033 1.37267 1.98054 1.1995 -1.16536 -1.11086 0.606549 0.0662777 -1.38233 -1.96054 -1.13132 -0.4772 
1.13673 -1.8344 -1.65022 1.37214 1.98116 1.20047 -1.16579 -1.11086 0.606549 0.0662777 -1.38233 -1.96054 -1.13132 -0.4772 
1.13685 -1.8343 -1.6505 1.37249 1.98078 1.19984 -1.16508 -1.11086 0.606549 0.0662777 -1.38233 -1.96054 -1.13132 -0.4772 
1.13575 -1.83556 -1.65066 1.37089 1.98194 1.20286 -1.16523 -1.11086 0.606549 0.0662777 -1.38233 -1.96054 -1.13132 -0.4772 
1.13571 -1.83674 -1.65166 1.37215 1.97978 1.20173 -1.16408 -1.11086 0.606549 0.0662777 -1.38233 -1.96054 -1.13132 -0.4772 
1.13569 -1.83625 -1.65138 1.37198 1.98034 1.2019 -1.16406 -1.11086 0.606549 0.0662777 -1.38233 -1.96054 -1.13132 -0.4772 
1.13662 -1.83601 -1.65121 1.37287 1.97979 1.20015 -1.16408 -1.11086 0.606549 0.0662777 -1.38233 -1.96054 -1.13132 -0.4772 
1.13689 -1.83548 -1.65093 1.37335 1.97975 1.19887 -1.16356 -1.11086 0.606549 0.0662777 -1.38233 -1.96054 -1.13132 -0.4772 
1.1363 -1.83575 -1.65149 1.3727 1.9798 1.19986 -1.16307 -1.11086 0.606549 0.0662777 -1.38233 -1.96054 -1.13132 -0.4772 
1.13721 -1.8347 -1.65001 1.37242 1.98125 1.19997 -1.16512 -1.11086 0.606549 0.0662777 -1.38233 -1.96054 -1.13132 -0.4772 
1.13748 -1.83325 -1.64888 1.37149 1.9832 1.2004 -1.16739 -1.11086 0.606549 0.0662777 -1.38233 -1.96054 -1.13132 -0.4772 
1.13678 -1.83427 -1.6498 1.37153 1.98249 1.20132 -1.16688 -1.11086 0.606549 0.0662777 -1.38233 -1.96054 -1.13132 -0.4772 
1.13812 -1.83379 -1.64993 1.3741 1.9802 1.19677 -1.16466 -1.11086 0.606549 0.0662777 -1.38233 -1.96054 -1.13132 -0.4772 
1.13675 -1.83477 -1.65036 1.37237 1.98162 1.20055 -1.16471 -1.11086 0.606549 0.0662777 -1.38233 -1.96054 -1.13132 -0.4772 
1.13577 -1.8351 -1.65063 1.37098 1.98235 1.20294 -1.16562 -1.11086 0.606549 0.0662777 -1.38233 -1.96054 -1.13132 -0.4772 
1.13681 -1.8346 -1.65029 1.37217 1.98192 1.20099 -1.16499 -1.11086 0.606549 0.0662777 -1.38233 -1.96054 -1.13132 -0.4772 
1.13673 -1.83446 -1.64999 1.37146 1.98263 1.20188 -1.16636 -1.11086 0.606549 0.0662777 -1.38233 -1.96054 -1.13132 -0.4772 
1.1373 -1.83463 -1.65058 1.373 1.98057 1.19916 -1.16444 -1.11086 0.606549 0.0662777 -1.38233 -1.96054 -1.13132 -0.4772 
1.13671 -1.83577 -1.65153 1.37309 1.97933 1.19975 -1.16444 -1.11086 0.606549 0.0662777 -1.38233 -1.96054 -1.13132 -0.4772 
1.13713 -1.83537 -1.65146 1.37394 1.97838 1.19791 -1.16426 -1.11086 0.606549 0.0662777 -1.38233 -1.96054 -1.13132 -0.4772 
1.13642 -1.83632 -1.65205 1.37339 1.97819 1.19903 -1.16406 -1.11086 0.606549 0.0662777 -1.38233 -1.96054 -1.13132 -0.4772 
1.13777 -1.83425 -1.65058 1.37384 1.97885 1.19703 -1.16606 -1.11086 0.606549 0.0662777 -1.38233 -1.96054 -1.13132 -0.4772 
1.13729 -1.83402 -1.65009 1.37197 1.98077 1.19977 -1.16775 -1.11086 0.606549 0.0662777 -1.38233 -1.96054 -1.13132 -0.4772 
1.13661 -1.8346 -1.65053 1.3715 1.98104 1.20085 -1.16754 -1.11086 0.606549 0.0662777 -1.38233 -1.96054 -1.13132 -0.4772 
1.13766 -1.83329 -1.6499 1.37223 1.98083 1.19866 -1.1683 -1.11086 0.606549 0.0662777 -1.38233 -1.96054 -1.13132 -0.4772 
1.1375 -1.83408 -1.65075 1.3726 1.97961 1.19868 -1.16777 -1.11086 0.606549 0.0662777 -1.38233 -1.96054 -1.13132 -0.4772 
1.1375 -1.83465 -1.65141 1.37405 1.97767 1.19664 -1.16629 -1.11086 0.606549 0.0662777 -1.38233 -1.96054 -1.13132 -0.4772 
1.13714 -1.8345 -1.65104 1.37316 1.97863 1.19792 -1.16675 -1.11086 0.606549 0.0662777 -1.38233 -1.96054 -1.13132 -0.4772 
1.13753 -1.83392 -1.65035 1.37271 1.97944 1.19807 -1.16816 -1.11086 0.606549 0.0662777 -1.38233 -1.96054 -1.13132 -0.4772 
1.13655 -1.8346 -1.65077 1.37148 1.98026 1.20045 -1.16811 -1.11086 0.606549 0.0662777 -1.38233 -1.96054 -1.13132 -0.4772 
1.13586 -1.83484 -1.65104 1.37073 1.98106 1.20225 -1.16792 -1.11086 0.606549 0.0662777 -1.38233 -1.96054 -1.13132 -0.4772 
1.13661 -1.83401 -1.65048 1.37132 1.98102 1.20082 -1.16838 -1.11086 0.606549 0.0662777 -1.38233 -1.96054 -1.13132 -0.4772 
1.13655 -1.83441 -1.6507 1.37161 1.98057 1.20069 -1.16765 -1.11086 0.606549 0.0662777 -1.38233 -1.96054 -1.13132 -0.4772 
1.13784 -1.83372 -1.65061 1.37374 1.9787 1.19715 -1.16745 -1.11086 0.606549 0.0662777 -1.38233 -1.96054 -1.13132 -0.4772 
1.13819 -1.83344 -1.65047 1.37387 1.9785 1.19653 -1.16788 -1.11086 0.606549 0.0662777 -1.38233 -1.96054 -1.13132 -0.4772 
1.13703 -1.83473 -1.65117 1.37307 1.9784 1.19844 -1.16729 -1.11086 0.606549 0.0662777 -1.38233 -1.96054 -1.13132 -0.4772 
1.1374 -1.83391 -1.65015 1.37243 1.98004 1.19909 -1.16802 -1.11086 0.606549 0.0662777 -1.38233 -1.96054 -1.13132 -0.4772 
1.13684 -1.83434 -1.65026 1.37149 1.98081 1.20088 -1.16821 -1.11086 0.606549 0.0662777 -1.38233 -1.96054 -1.13132 -0.4772 
1.1381 -1.83296 -1.64946 1.37292 1.98047 1.19801 -1.16828 -1.11086 0.606549 0.0662777 -1.38233 -1.96054 -1.13132 -0.4772 
1.13716 -1.83335 -1.65011 1.37185 1.98073 1.19955 -1.16781 -1.11086 0.606549 0.0662777 -1.38233 -1.96054 -1.13132 -0.4772 
1.13877 -1.83239 -1.64938 1.37359 1.9798 1.19614 -1.16787 -1.11086 0.606549 0.0662777 -1.38233 -1.96054 -1.13132 -0.4772 
1.13805 -1.8332 -1.65024 1.37367 1.97915 1.19642 -1.16716 -1.11086 0.606549 0.0662777 -1.38233 -1.96054 -1.13132 -0.4772 
1.13774 -1.83372 -1.65037 1.37322 1.97905 1.19713 -1.16695 -1.11086 0.606549 0.0662777 -1.38233 -1.96054 -1.13132 -0.4772 
1.13613 -1.83457 -1.65059 1.37067 1.98115 1.20198 -1.16815 -1.11086 0.606549 0.0662777 -1.38233 -1.96054 -1.13132 -0.4772 
1.13637 -1.83465 -1.65072 1.37152 1.98093 1.2012 -1.1669 -1.11086 0.606549 0.0662777 -1.38233 -1.96054 -1.13132 -0.4772 
1.13577 -1.83519 -1.65101 1.37072 1.98142 1.20262 -1.16698 -1.11086 0.606549 0.0662777 -1.38233 -1.96054 -1.13132 -0.4772 
1.1366 -1.83405 -1.65003 1.37099 1.98246 1.20199 -1.16764 -1.11086 0.606549 0.0662777 -1.38233 -1.96054 -1.13132 -0.4772 
1.13627 -1.835 -1.65074 1.37169 1.98134 1.2015 -1.16571 -1.11086 0.606549 0.0662777 -1.38233 -1.96054 -1.13132 -0.4772 
1.13694 -1.8344 -1.65034 1.37212 1.98131 1.20025 -1.16542 -1.11086 0.606549 0.0662777 -1.38233 -1.96054 -1.13132 -0.4772 
1.13599 -1.83475 -1.65057 1.37096 1.98198 1.20236 -1.16646 -1.11086 0.606549 0.0662777 -1.38233 -1.96054 -1.13132 -0.4772 
1.13637 -1.83527 -1.65106 1.37228 1.98057 1.20073 -1.16463 -1.11086 0.606549 0.0662777 -1.38233 -1.96054 -1.13132 -0.4772 
1.13688 -1.83433 -1.64998 1.37211 1.98193 1.20058 -1.16562 -1.11086 0.606549 0.0662777 -1.38233 -1.96054 -1.13132 -0.4772 
1.13718 -1.83463 -1.65064 1.37321 1.98059 1.19886 -1.16378 -1.11086 0.606549 0.0662777 -1.38233 -1.96054 -1.13132 -0.4772 
1.13622 -1.83565 -1.65161 1.37254 1.9801 1.20026 -1.16344 -1.11086 0.606549 0.0662777 -1.38233 -1.96054 -1.13132 -0.4772 
1.1361 -1.83594 -1.65176 1.37253 1.97979 1.2004 -1.16323 -1.11086 0.606549 0.0662777 -1.38233 -1.96054 -1.13132 -0.4772 
1.13597 -1.83584 -1.65135 1.37197 1.98069 1.20131 -1.16367 -1.11086 0.606549 0.0662777 -1.38233 -1.96054 -1.13132 -0.4772 
1.13599 -1.83564 -1.65132 1.37178 1.9809 1.20174 -1.16434 -1.11086 0.606549 0.0662777 -1.38233 -1.96054 -1.13132 -0.4772 
1.13579 -1.8359 -1.65142 1.37192 1.98051 1.20147 -1.16401 -1.11086 0.606549 0.0662777 -1.38233 -1.96054 -1.13132 -0.4772 
1.13695 -1.83424 -1.64995 1.37183 1.98233 1.20121 -1.16592 -1.11086 0.606549 0.0662777 -1.38233 -1.96054 -1.13132 -0.4772 
1.13616 -1.83495 -1.65078 1.37173 1.98168 1.20165 -1.16502 -1.11086 0.606549 0.0662777 -1.38233 -1.96054 -1.13132 -0.4772 
1.13648 -1.8347 -1.65049 1.37175 1.98207 1.20153 -1.16531 -1.11086 0.606549 0.0662777 -1.38233 -1.96054 -1.13132 -0.4772 
1.13705 -1.83357 -1.64957 1.37191 1.98268 1.20062 -1.16647 -1.11086 0.606549 0.0662777 -1.38233 -1.96054 -1.13132 -0.4772 
1.13696 -1.83399 -1.6498 1.37171 1.98264 1.20098 -1.16594 -1.11086 0.606549 0.0662777 -1.38233 -1.96054 -1.13132 -0.4772 
1.13769 -1.83333 -1.64969 1.37264 1.98194 1.19899 -1.16591 -1.11086 0.606549 0.0662777 -1.38233 -1.96054 -1.13132 -0.4772 
1.1382 -1.83264 -1.64932 1.37287 1.98177 1.19759 -1.16672 -1.11086 0.606549 0.0662777 -1.38233 -1.96054 -1.13132 -0.4772 
1.13833 -1.83374 -1.65021 1.37441 1.97963 1.19592 -1.16529 -1.11086 0.606549 0.0662777 -1.38233 -1.96054 -1.13132 -0.4772 
1.13815 -1.83389 -1.65034 1.37394 1.97967 1.1965 -1.16582 -1.11086 0.606549 0.0662777 -1.38233 -1.96054 -1.13132 -0.4772 
1.13774 -1.83412 -1.6504 1.37353 1.98024 1.19768 -1.1658 -1.11086 0.606549 0.0662777 -1.38233 -1.96054 -1.13132 -0.4772 
1.13819 -1.83352 -1.64996 1.3736 1.98049 1.19703 -1.16612 -1.11086 0.606549 0.0662777 -1.38233 -1.96054 -1.13132 -0.4772 
1.13739 -1.83415 -1.65033 1.37263 1.98098 1.19884 -1.1665 -1.11086 0.606549 0.0662777 -1.38233 -1.96054 -1.13132 -0.4772 
1.13768 -1.83434 -1.65061 1.37354 1.98014 1.19786 -1.16515 -1.11086 0.606549 0.0662777 -1.38233 -1.96054 -1.13132 -0.4772 
1.13756 -1.83479 -1.65128 1.37446 1.97863 1.19706 -1.16443 -1.11086 0.606549 0.0662777 -1.38233 -1.96054 -1.13132 -0.4772 
1.13734 -1.83406 -1.65057 1.37283 1.98035 1.19892 -1.16635 -1.11086 0.606549 0.0662777 -1.38233 -1.96054 -1.13132 -0.4772 
1.13693 -1.83444 -1.65094 1.37226 1.98056 1.20008 -1.16638 -1.11086 0.606549 0.0662777 -1.38233 -1.96054 -1.13132 -0.4772 
1.13719 -1.83455 -1.65107 1.37369 1.97922 1.1978 -1.16476 -1.11086 0.606549 0.0662777 -1.38233 -1.96054 -1.13132 -0.4772 
1.13793 -1.83362 -1.6502 1.37374 1.97984 1.19726 -1.16617 -1.11086 0.606549 0.0662777 -1.38233 -1.96054 -1.13132 -0.4772 
1.13694 -1.83388 -1.65038 1.37216 1.98111 1.19976 -1.16693 -1.11086 0.606549 0.0662777 -1.38233 -1.96054 -1.13132 -0.4772 
1.137 -1.83401 -1.65054 1.37279 1.98037 1.19872 -1.16622 -1.11086 0.606549 0.0662777 -1.38233 -1.96054 -1.13132 -0.4772 
1.13778 -1.83345 -1.65007 1.373 1.98055 1.19811 -1.16729 -1.11086 0.606549 0.0662777 -1.38233 -1.96054 -1.13132 -0.4772 
1.13704 -1.83364 -1.65006 1.37183 1.98189 1.20034 -1.16787 -1.11086 0.606549 0.0662777 -1.38233 -1.96054 -1.13132 -0.4772 
1.13586 -1.8346 -1.65101 1.37146 1.9816 1.20157 -1.16615 -1.11086 0.606549 0.0662777 -1.38233 -1.96054 -1.13132 -0.4772 
1.13689 -1.83721 -1.65093 1.3753 1.98131 1.19979 -1.15772 -1.11086 0.606549 0.0662777 -1.38233 -1.96054 -1.13132 -0.4772 
1.13672 -1.84075 -1.65114 1.37745 1.98253 1.20171 -1.14953 -1.11086 0.606549 0.0662777 -1.38233 -1.96054 -1.13132 -0.4772 
1.13568 -1.84619 -1.65328 1.38116 1.9811 1.20286 -1.13763 -1.11086 0.606549 0.0662777 -1.38233 -1.96054 -1.13132 -0.4772 
1.13526 -1.84981 -1.65345 1.38339 1.98262 1.20434 -1.12771 -1.11086 0.606549 0.0662777 -1.38233 -1.96054 -1.13132 -0.4772 
1.13442 -1.85459 -1.65465 1.3866 1.9826 1.20525 -1.11541 -1.11086 0.606549 0.0662777 -1.38233 -1.96054 -1.13132 -0.4772 
1.13336 -1.85937 -1.65591 1.38952 1.98257 1.20634 -1.10335 -1.11086 0.606549 0.0662777 -1.38233 -1.96054 -1.13132 -0.4772 
1.13104 -1.86508 -1.65776 1.39068 1.98386 1.21043 -1.09001 -1.11086 0.606549 0.0662777 -1.38233 -1.96054 -1.13132 -0.4772 
1.1284 -1.87075 -1.65936 1.39155 1.98606 1.21496 -1.07525 -1.11086 0.606549 0.0662777 -1.38233 -1.96054 -1.13132 -0.4772 
1.12625 -1.87591 -1.66111 1.39356 1.9867 1.2169 -1.06034 -1.11086 0.606549 0.0662777 -1.38233 -1.96054 -1.13132 -0.4772 
1.12286 -1.88197 -1.66329 1.39426 1.98854 1.22121 -1.04409 -1.11086 0.606549 0.0662777 -1.38233 -1.96054 -1.13132 -0.4772 
1.11928 -1.8882 -1.6657 1.39526 1.98964 1.225 -1.02701 -1.11086 0.606549 0.0662777 -1.38233 -1.96054 -1.13132 -0.4772 
1.11616 -1.89361 -1.66706 1.39601 1.99261 1.22864 -1.00881 -1.11086 0.606549 0.0662777 -1.38233 -1.96054 -1.13132 -0.4772 
1.11232 -1.89953 -1.66934 1.39595 1.99492 1.23349 -0.991893 -1.11086 0.606549 0.0662777 -1.38233 -1.96054 -1.13132 -0.4772 
1.1083 -1.90445 -1.67035 1.39481 1.9996 1.2387 -0.974391 -1.11086 0.606549 0.0662777 -1.38233 -1.96054 -1.13132 -0.4772 
1.10387 -1.91012 -1.67232 1.39368 2.00352 1.24391 -0.955037 -1.11086 0.606549 0.0662777 -1.38233 -1.96054 -1.13132 -0.4772 
1.10021 -1.91468 -1.67316 1.39282 2.00783 1.24791 -0.937349 -1.11086 0.606549 0.0662777 -1.38233 -1.96054 -1.13132 -0.4772 
1.0943 -1.92108 -1.67592 1.39037 2.01186 1.25506 -0.917602 -1.11086 0.606549 0.0662777 -1.38233 -1.96054 -1.13132 -0.4772 
1.08916 -1.92689 -1.67845 1.38891 2.01511 1.25957 -0.897293 -1.11086 0.606549 0.0662777 -1.38233 -1.96054 -1.13132 -0.4772 
1.08221 -1.93248 -1.68062 1.38394 2.02147 1.26898 -0.878424 -1.11086 0.606549 0.0662777 -1.38233 -1.96054 -1.13132 -0.4772 
1.07571 -1.93978 -1.68469 1.38227 2.02304 1.27447 -0.856916 -1.11086 0.606549 0.0662777 -1.38233 -1.96054 -1.13132 -0.4772 
1.0706 -1.94652 -1.68831 1.3829 2.02283 1.27603 -0.835577 -1.11086 0.606549 0.0662777 -1.38233 -1.96054 -1.13132 -0.4772 
1.06464 -1.95272 -1.69138 1.38083 2.02539 1.28101 -0.8154 -1.11086 0.606549 0.0662777 -1.38233 -1.96054 -1.13132 -0.4772 
1.05912 -1.95756 -1.69365 1.37773 2.02932 1.28691 -0.798046 -1.11086 0.606549 0.0662777 -1.38233 -1.96054 -1.13132 -0.4772 
1.05429 -1.96153 -1.69468 1.37474 2.03383 1.29184 -0.782291 -1.11086 0.606549 0.0662777 -1.38233 -1.96054 -1.13132 -0.4772 
1.04828 -1.96636 -1.69692 1.37113 2.03803 1.29796 -0.764929 -1.11086 0.606549 0.0662777 -1.38233 -1.96054 -1.13132 -0.4772 
1.04249 -1.96699 -1.69522 1.36682 2.03585 1.30701 -0.748156 -1.11086 0.606549 0.0662777 -1.38233 -1.96054 -1.13132 -0.4772 
1.03821 -1.96699 -1.69478 1.36191 2.03717 1.31219 -0.738693 -1.11086 0.606549 0.0662777 -1.38233 -1.96054 -1.13132 -0.4772 
1.03374 -1.96699 -1.69486 1.35736 2.03721 1.31652 -0.730371 -1.11086 0.606549 0.0662777 -1.38233 -1.96054 -1.13132 -0.4772 
1.0295 -1.96699 -1.6952 1.35173 2.03992 1.32149 -0.72485 -1.11086 0.606549 0.0662777 -1.38233 -1.96054 -1.13132 -0.4772 
1.02696 -1.96699 -1.69523 1.34968 2.03809 1.32301 -0.718596 -1.11086 0.606549 0.0662777 -1.38233 -1.96054 -1.13132 -0.4772 
1.02412 -1.96699 -1.69534 1.34704 2.03668 1.32588 -0.715787 -1.11086 0.606549 0.0662777 -1.38233 -1.96054 -1.13132 -0.4772 
1.02203 -1.96663 -1.69547 1.34391 2.03851 1.32736 -0.716201 -1.11086 0.606549 0.0662777 -1.38233 -1.96054 -1.13132 -0.4772 
1.02008 -1.96604 -1.69537 1.34002 2.04027 1.33022 -0.717817 -1.11086 0.606549 0.0662777 -1.38233 -1.96054 -1.13132 -0.4772 
1.02018 -1.96652 -1.69615 1.3412 2.03741 1.32808 -0.718628 -1.11086 0.606549 0.0662777 -1.38233 -1.96054 -1.13132 -0.4772 
1.02225 -1.96606 -1.69562 1.3437 2.03394 1.32371 -0.723015 -1.11086 0.606549 0.0662777 -1.38233 -1.96054 -1.13132 -0.4772 
1.02153 -1.9651 -1.69489 1.34057 2.03455 1.32709 -0.731839 -1.11086 0.606549 0.0662777 -1.38233 -1.96054 -1.13132 -0.4772 
1.02162 -1.96533 -1.69559 1.34061 2.03126 1.3277 -0.739987 -1.11086 0.606549 0.0662777 -1.38233 -1.96054 -1.13132 -0.4772 
1.02162 -1.9648 -1.69566 1.33942 2.02917 1.32977 -0.750762 -1.11086 0.606549 0.0662777 -1.38233 -1.96054 -1.13132 -0.4772 
1.02312 -1.96435 -1.69561 1.34056 2.02492 1.32909 -0.762724 -1.11086 0.606549 0.0662777 -1.38233 -1.96054 -1.13132 -0.4772 
1.02815 -1.96155 -1.69256 1.34341 2.02184 1.32482 -0.779182 -1.11086 0.606549 0.0662777 -1.38233 -1.96054 -1.13132 -0.4772 
1.03003 -1.96242 -1.69426 1.34681 2.01354 1.323 -0.793597 -1.11086 0.606549 0.0662777 -1.38233 -1.96054 -1.13132 -0.4772 
1.03303 -1.96091 -1.69299 1.34803 2.00999 1.32245 -0.811443 -1.11086 0.606549 0.0662777 -1.38233 -1.96054 -1.13132 -0.4772 
1.03533 -1.95978 -1.69248 1.34825 2.00615 1.32441 -0.831654 -1.11086 0.606549 0.0662777 -1.38233 -1.96054 -1.13132 -0.4772 
1.03867 -1.95866 -1.69181 1.35013 2.00087 1.32423 -0.853563 -1.11086 0.606549 0.0662777 -1.38233 -1.96054 -1.13132 -0.4772 
1.04269 -1.95668 -1.69024 1.3516 1.99664 1.32382 -0.875544 -1.11086 0.606549 0.0662777 -1.38233 -1.96054 -1.13132 -0.4772 
1.04786 -1.95439 -1.68795 1.35464 1.99182 1.32097 -0.897843 -1.11086 0.606549 0.0662777 -1.38233 -1.96054 -1.13132 -0.4772 
1.05049 -1.95242 -1.68669 1.35292 1.98941 1.32507 -0.923491 -1.11086 0.606549 0.0662777 -1.38233 -1.96054 -1.13132 -0.4772 
1.05677 -1.94856 -1.68289 1.35527 1.98571 1.322 -0.950346 -1.11086 0.606549 0.0662777 -1.38233 -1.96054 -1.13132 -0.4772 
