1.02754 -1.92376 -1.79526 1.28686 -1.06253 -1.163 2.02015 -1.7727 1.78106 -1.09619 1.58509 2.07546 0.722169 -2.06561 
1.01174 -1.92086 -1.79497 1.25337 -1.05917 -1.17816 2.00589 -1.76308 1.76803 -1.08314 1.56451 2.08348 0.769319 -2.116 
1.01439 -1.91683 -1.79183 1.25235 -1.0609 -1.16892 1.99948 -1.77311 1.77691 -1.09707 1.58591 2.0722 0.725138 -2.06841 
1.01453 -1.91477 -1.7914 1.24948 -1.06032 -1.17149 1.99178 -1.7542 1.77979 -1.06625 1.5549 2.07996 0.790558 -2.19792 
1.01306 -1.91449 -1.79195 1.24518 -1.05857 -1.17879 1.98628 -1.75847 1.77151 -1.0751 1.55701 2.08041 0.783889 -2.16235 
1.01387 -1.91606 -1.79281 1.24754 -1.0587 -1.17884 1.99062 -1.75693 1.76566 -1.07444 1.55096 2.08356 0.794606 -2.16411 
1.01759 -1.91845 -1.79391 1.25698 -1.05907 -1.17495 2.00137 -1.76867 1.77296 -1.0905 1.57254 2.07305 0.749318 -2.10511 
1.02392 -1.92144 -1.79475 1.27136 -1.06097 -1.16976 2.00961 -1.76804 1.77381 -1.09083 1.57049 2.07383 0.749656 -2.1046 
1.03122 -1.92092 -1.79183 1.28249 -1.05954 -1.16412 2.01174 -1.76636 1.77437 -1.0903 1.56735 2.07467 0.752095 -2.10842 
1.03711 -1.92294 -1.79165 1.2954 -1.06047 -1.15961 2.01702 -1.75053 1.77178 -1.06866 1.54151 2.07611 0.802466 -2.21196 
1.04776 -1.9261 -1.79088 1.31627 -1.06196 -1.15066 2.02647 -1.74693 1.77112 -1.06512 1.53359 2.08206 0.814232 -2.22253 
1.0517 -1.92641 -1.79008 1.32369 -1.0615 -1.14687 2.03056 -1.75623 1.77904 -1.07737 1.5505 2.07781 0.776927 -2.16736 
1.0577 -1.9276 -1.78965 1.33577 -1.06306 -1.13936 2.03702 -1.75603 1.78142 -1.07681 1.55032 2.07783 0.774683 -2.16803 
1.05911 -1.92935 -1.79066 1.34034 -1.06475 -1.13754 2.04031 -1.75586 1.78325 -1.07622 1.54977 2.07824 0.773462 -2.16899 
1.06253 -1.93012 -1.7902 1.34707 -1.06536 -1.13448 2.04293 -1.74439 1.77388 -1.0635 1.52453 2.08942 0.816873 -2.21762 
1.0693 -1.93223 -1.78974 1.3598 -1.06508 -1.1316 2.048 -1.75157 1.78268 -1.07096 1.53903 2.08201 0.786921 -2.18853 
1.07638 -1.93264 -1.78788 1.37142 -1.06362 -1.12646 2.05333 -1.74542 1.78682 -1.06028 1.53004 2.08097 0.801625 -2.23643 
1.07931 -1.9365 -1.78958 1.38141 -1.06445 -1.12611 2.06116 -1.74046 1.77885 -1.05671 1.51668 2.08753 0.8232 -2.25137 
1.08317 -1.93898 -1.79003 1.38995 -1.06497 -1.12499 2.06544 -1.73631 1.79227 -1.04794 1.51145 2.09466 0.825568 -2.27257 
1.08625 -1.94153 -1.79035 1.39756 -1.06524 -1.12466 2.06917 -1.73658 1.78078 -1.04998 1.50796 2.09032 0.834866 -2.27665 
1.08516 -1.94388 -1.79163 1.39887 -1.06413 -1.12922 2.07207 -1.73754 1.78151 -1.04853 1.50933 2.09006 0.832738 -2.27727 
1.08339 -1.94148 -1.79009 1.39276 -1.05949 -1.13508 2.06758 -1.73559 1.78132 -1.0437 1.50434 2.0927 0.842036 -2.29331 
1.28267 -1.96699 -1.88374 1.91502 -1.2886 -0.781226 2.34464 -1.73674 1.78168 -1.04822 1.50783 2.09097 0.835455 -2.28039 
1.28419 -1.96699 -1.88539 1.92001 -1.29323 -0.777663 2.3489 -1.73681 1.78171 -1.04856 1.50811 2.0908 0.834934 -2.27925 
