1.05713 -1.77958 -1.46515 1.45487 -1.43808 -1.44672 2.29627 -1.11007 0.610447 0.0654194 -1.37338 -1.9629 -1.13369 -0.471729 
1.05643 -1.77999 -1.46545 1.453 -1.43816 -1.44807 2.29095 -1.11086 0.606558 0.0662759 -1.38231 -1.96055 -1.13132 -0.477188 
1.05745 -1.7807 -1.46593 1.45452 -1.4417 -1.44542 2.29031 -1.11086 0.606549 0.0662777 -1.38233 -1.96054 -1.13132 -0.4772 
1.05761 -1.78185 -1.46663 1.45486 -1.44354 -1.4454 2.29025 -1.11086 0.606549 0.0662777 -1.38233 -1.96054 -1.13132 -0.4772 
1.05823 -1.78181 -1.46725 1.45644 -1.44593 -1.44362 2.2914 -1.11086 0.606549 0.0662777 -1.38233 -1.96054 -1.13132 -0.4772 
1.05845 -1.78179 -1.46725 1.45704 -1.44683 -1.44282 2.29228 -1.11086 0.606549 0.0662777 -1.38233 -1.96054 -1.13132 -0.4772 
1.05785 -1.78282 -1.46845 1.4571 -1.44811 -1.44333 2.29372 -1.11086 0.606549 0.0662777 -1.38233 -1.96054 -1.13132 -0.4772 
1.05719 -1.78278 -1.46799 1.45518 -1.44545 -1.44584 2.29366 -1.11086 0.606549 0.0662777 -1.38233 -1.96054 -1.13132 -0.4772 
1.05793 -1.78147 -1.46722 1.45523 -1.44499 -1.4447 2.29201 -1.11086 0.606549 0.0662777 -1.38233 -1.96054 -1.13132 -0.4772 
1.05724 -1.78239 -1.4677 1.45472 -1.44482 -1.44581 2.29268 -1.11086 0.606549 0.0662777 -1.38233 -1.96054 -1.13132 -0.4772 
1.05695 -1.78308 -1.46888 1.45567 -1.447 -1.44527 2.29391 -1.11086 0.606549 0.0662777 -1.38233 -1.96054 -1.13132 -0.4772 
1.05674 -1.78274 -1.46824 1.45457 -1.44536 -1.44625 2.29294 -1.11086 0.606549 0.0662777 -1.38233 -1.96054 -1.13132 -0.4772 
1.0566 -1.78312 -1.46845 1.45452 -1.44547 -1.44661 2.29335 -1.11086 0.606549 0.0662777 -1.38233 -1.96054 -1.13132 -0.4772 
1.05594 -1.78316 -1.46823 1.4533 -1.44397 -1.44828 2.29291 -1.11086 0.606549 0.0662777 -1.38233 -1.96054 -1.13132 -0.4772 
1.05589 -1.78406 -1.46902 1.45405 -1.44519 -1.44848 2.29432 -1.11086 0.606549 0.0662777 -1.38233 -1.96054 -1.13132 -0.4772 
1.05743 -1.78309 -1.46803 1.45608 -1.44656 -1.44546 2.29384 -1.11086 0.606549 0.0662777 -1.38233 -1.96054 -1.13132 -0.4772 
1.0574 -1.78345 -1.46865 1.4567 -1.44776 -1.44509 2.29429 -1.11086 0.606549 0.0662777 -1.38233 -1.96054 -1.13132 -0.4772 
