1.0951 -1.8348 -1.7031 1.44938 -1.26677 -0.98755 2.10671 -1.11007 0.610447 0.0654194 -1.37338 -1.9629 -1.13369 -0.471729 
1.09479 -1.83482 -1.70333 1.44952 -1.26729 -0.987167 2.10729 -1.11086 0.606558 0.0662759 -1.38231 -1.96055 -1.13132 -0.477188 
1.09356 -1.83661 -1.70358 1.44821 -1.26622 -0.989236 2.1108 -1.11086 0.606549 0.0662777 -1.38233 -1.96054 -1.13132 -0.4772 
1.09392 -1.83644 -1.70153 1.44532 -1.2593 -0.997299 2.10677 -1.11086 0.606549 0.0662777 -1.38233 -1.96054 -1.13132 -0.4772 
1.09721 -1.83528 -1.7008 1.44666 -1.26028 -0.995934 2.10134 -1.11086 0.606549 0.0662777 -1.38233 -1.96054 -1.13132 -0.4772 
1.10315 -1.83312 -1.69859 1.44918 -1.26062 -0.992653 2.09426 -1.11086 0.606549 0.0662777 -1.38233 -1.96054 -1.13132 -0.4772 
1.10932 -1.83455 -1.69796 1.45696 -1.26182 -0.990748 2.09435 -1.11086 0.606549 0.0662777 -1.38233 -1.96054 -1.13132 -0.4772 
1.11467 -1.83412 -1.69633 1.46303 -1.26062 -0.990425 2.09112 -1.11086 0.606549 0.0662777 -1.38233 -1.96054 -1.13132 -0.4772 
1.1192 -1.83306 -1.69385 1.46719 -1.25769 -0.991052 2.08779 -1.11086 0.606549 0.0662777 -1.38233 -1.96054 -1.13132 -0.4772 
1.12242 -1.83328 -1.69345 1.47149 -1.25867 -0.989209 2.08733 -1.11086 0.606549 0.0662777 -1.38233 -1.96054 -1.13132 -0.4772 
1.12422 -1.83373 -1.69288 1.47374 -1.25831 -0.989498 2.08673 -1.11086 0.606549 0.0662777 -1.38233 -1.96054 -1.13132 -0.4772 
1.12585 -1.83402 -1.69223 1.47575 -1.25825 -0.989423 2.08564 -1.11086 0.606549 0.0662777 -1.38233 -1.96054 -1.13132 -0.4772 
1.12695 -1.83474 -1.69211 1.47773 -1.25886 -0.988675 2.08698 -1.11086 0.606549 0.0662777 -1.38233 -1.96054 -1.13132 -0.4772 
1.12856 -1.8334 -1.6909 1.47879 -1.25803 -0.98751 2.08521 -1.11086 0.606549 0.0662777 -1.38233 -1.96054 -1.13132 -0.4772 
1.12903 -1.83452 -1.69205 1.48058 -1.26013 -0.986462 2.0867 -1.11086 0.606549 0.0662777 -1.38233 -1.96054 -1.13132 -0.4772 
1.13175 -1.83344 -1.69056 1.48265 -1.2591 -0.985213 2.08437 -1.11086 0.606549 0.0662777 -1.38233 -1.96054 -1.13132 -0.4772 
1.13525 -1.83267 -1.68802 1.48456 -1.25559 -0.987244 2.07997 -1.11086 0.606549 0.0662777 -1.38233 -1.96054 -1.13132 -0.4772 
1.1372 -1.83355 -1.68753 1.48666 -1.25391 -0.989713 2.07917 -1.11086 0.606549 0.0662777 -1.38233 -1.96054 -1.13132 -0.4772 
1.13862 -1.83476 -1.68873 1.49088 -1.25685 -0.987243 2.08158 -1.11086 0.606549 0.0662777 -1.38233 -1.96054 -1.13132 -0.4772 
1.13905 -1.83452 -1.68852 1.49133 -1.25659 -0.987328 2.0809 -1.11086 0.606549 0.0662777 -1.38233 -1.96054 -1.13132 -0.4772 
1.13964 -1.83424 -1.68871 1.49191 -1.25783 -0.985222 2.08158 -1.11086 0.606549 0.0662777 -1.38233 -1.96054 -1.13132 -0.4772 
1.13884 -1.83521 -1.68837 1.49087 -1.25628 -0.987829 2.08146 -1.11086 0.606549 0.0662777 -1.38233 -1.96054 -1.13132 -0.4772 
1.13888 -1.83482 -1.68823 1.49091 -1.25607 -0.987778 2.0806 -1.11086 0.606549 0.0662777 -1.38233 -1.96054 -1.13132 -0.4772 
1.1393 -1.8341 -1.68655 1.48992 -1.25339 -0.989467 2.07895 -1.11086 0.606549 0.0662777 -1.38233 -1.96054 -1.13132 -0.4772 
1.13991 -1.83418 -1.6868 1.49106 -1.25508 -0.987202 2.07995 -1.11086 0.606549 0.0662777 -1.38233 -1.96054 -1.13132 -0.4772 
1.13983 -1.83427 -1.6874 1.49179 -1.2565 -0.985867 2.0809 -1.11086 0.606549 0.0662777 -1.38233 -1.96054 -1.13132 -0.4772 
1.13943 -1.83398 -1.68708 1.49085 -1.25538 -0.987377 2.07925 -1.11086 0.606549 0.0662777 -1.38233 -1.96054 -1.13132 -0.4772 
1.14012 -1.83374 -1.68707 1.49164 -1.25574 -0.985975 2.08011 -1.11086 0.606549 0.0662777 -1.38233 -1.96054 -1.13132 -0.4772 
1.13967 -1.83485 -1.6878 1.49193 -1.25689 -0.986004 2.08092 -1.11086 0.606549 0.0662777 -1.38233 -1.96054 -1.13132 -0.4772 
1.14035 -1.83295 -1.68697 1.49128 -1.25572 -0.985837 2.07829 -1.11086 0.606549 0.0662777 -1.38233 -1.96054 -1.13132 -0.4772 
1.14032 -1.833 -1.68709 1.49136 -1.25649 -0.985471 2.07776 -1.11086 0.606549 0.0662777 -1.38233 -1.96054 -1.13132 -0.4772 
1.1402 -1.83339 -1.68765 1.49152 -1.25717 -0.98524 2.07834 -1.11086 0.606549 0.0662777 -1.38233 -1.96054 -1.13132 -0.4772 
1.13998 -1.83353 -1.68753 1.49129 -1.25743 -0.985371 2.07722 -1.11086 0.606549 0.0662777 -1.38233 -1.96054 -1.13132 -0.4772 
1.14025 -1.83404 -1.68858 1.49266 -1.25997 -0.983188 2.07936 -1.11086 0.606549 0.0662777 -1.38233 -1.96054 -1.13132 -0.4772 
1.14006 -1.83398 -1.68815 1.4921 -1.2589 -0.984418 2.07888 -1.11086 0.606549 0.0662777 -1.38233 -1.96054 -1.13132 -0.4772 
1.13942 -1.83519 -1.68921 1.49242 -1.2604 -0.984461 2.08052 -1.11086 0.606549 0.0662777 -1.38233 -1.96054 -1.13132 -0.4772 
1.14037 -1.83346 -1.688 1.49226 -1.25933 -0.983224 2.07903 -1.11086 0.606549 0.0662777 -1.38233 -1.96054 -1.13132 -0.4772 
1.14064 -1.83284 -1.68764 1.49229 -1.25877 -0.982979 2.07838 -1.11086 0.606549 0.0662777 -1.38233 -1.96054 -1.13132 -0.4772 
1.14068 -1.83297 -1.68764 1.49233 -1.25882 -0.983003 2.07906 -1.11086 0.606549 0.0662777 -1.38233 -1.96054 -1.13132 -0.4772 
1.14026 -1.83323 -1.68789 1.4923 -1.25888 -0.983581 2.0789 -1.11086 0.606549 0.0662777 -1.38233 -1.96054 -1.13132 -0.4772 
1.13994 -1.83381 -1.68776 1.49158 -1.25761 -0.985233 2.07925 -1.11086 0.606549 0.0662777 -1.38233 -1.96054 -1.13132 -0.4772 
1.14054 -1.83262 -1.68693 1.49127 -1.25628 -0.985246 2.07798 -1.11086 0.606549 0.0662777 -1.38233 -1.96054 -1.13132 -0.4772 
1.13959 -1.8336 -1.68734 1.49076 -1.25568 -0.987507 2.07834 -1.11086 0.606549 0.0662777 -1.38233 -1.96054 -1.13132 -0.4772 
1.13969 -1.83376 -1.68709 1.49093 -1.2553 -0.987835 2.07875 -1.11086 0.606549 0.0662777 -1.38233 -1.96054 -1.13132 -0.4772 
1.13939 -1.83416 -1.68762 1.4912 -1.25617 -0.987358 2.07937 -1.11086 0.606549 0.0662777 -1.38233 -1.96054 -1.13132 -0.4772 
1.14016 -1.83344 -1.68704 1.49184 -1.25564 -0.986381 2.0802 -1.11086 0.606549 0.0662777 -1.38233 -1.96054 -1.13132 -0.4772 
1.1397 -1.83413 -1.68786 1.49206 -1.25703 -0.985493 2.08088 -1.11086 0.606549 0.0662777 -1.38233 -1.96054 -1.13132 -0.4772 
1.1402 -1.83219 -1.68628 1.49079 -1.25391 -0.987039 2.07792 -1.11086 0.606549 0.0662777 -1.38233 -1.96054 -1.13132 -0.4772 
1.1405 -1.83297 -1.68745 1.49247 -1.25704 -0.983945 2.08061 -1.11086 0.606549 0.0662777 -1.38233 -1.96054 -1.13132 -0.4772 
1.14076 -1.83293 -1.68728 1.49272 -1.25737 -0.983139 2.08086 -1.11086 0.606549 0.0662777 -1.38233 -1.96054 -1.13132 -0.4772 
1.14089 -1.83254 -1.68693 1.49258 -1.25669 -0.98345 2.07994 -1.11086 0.606549 0.0662777 -1.38233 -1.96054 -1.13132 -0.4772 
1.13998 -1.83404 -1.68755 1.49188 -1.25645 -0.985668 2.08108 -1.11086 0.606549 0.0662777 -1.38233 -1.96054 -1.13132 -0.4772 
1.14021 -1.83395 -1.68777 1.49226 -1.25712 -0.985019 2.08117 -1.11086 0.606549 0.0662777 -1.38233 -1.96054 -1.13132 -0.4772 
1.14064 -1.83293 -1.68701 1.49203 -1.25638 -0.984728 2.07981 -1.11086 0.606549 0.0662777 -1.38233 -1.96054 -1.13132 -0.4772 
1.14056 -1.8328 -1.68705 1.4921 -1.25659 -0.984484 2.07921 -1.11086 0.606549 0.0662777 -1.38233 -1.96054 -1.13132 -0.4772 
1.14077 -1.8331 -1.68781 1.49304 -1.2585 -0.982504 2.08076 -1.11086 0.606549 0.0662777 -1.38233 -1.96054 -1.13132 -0.4772 
1.1405 -1.83322 -1.68773 1.49283 -1.25824 -0.982925 2.08097 -1.11086 0.606549 0.0662777 -1.38233 -1.96054 -1.13132 -0.4772 
1.14086 -1.83251 -1.68754 1.49269 -1.25807 -0.982715 2.07952 -1.11086 0.606549 0.0662777 -1.38233 -1.96054 -1.13132 -0.4772 
1.14083 -1.83232 -1.68701 1.49244 -1.2573 -0.982618 2.07942 -1.11086 0.606549 0.0662777 -1.38233 -1.96054 -1.13132 -0.4772 
1.14112 -1.83207 -1.68687 1.49243 -1.25711 -0.983106 2.07856 -1.11086 0.606549 0.0662777 -1.38233 -1.96054 -1.13132 -0.4772 
1.14 -1.83639 -1.68725 1.49408 -1.25536 -0.986616 2.08707 -1.11086 0.606549 0.0662777 -1.38233 -1.96054 -1.13132 -0.4772 
1.13923 -1.84484 -1.68936 1.50067 -1.25629 -0.988214 2.10826 -1.11086 0.606549 0.0662777 -1.38233 -1.96054 -1.13132 -0.4772 
1.13759 -1.8547 -1.69191 1.50739 -1.25726 -0.990233 2.13386 -1.11086 0.606549 0.0662777 -1.38233 -1.96054 -1.13132 -0.4772 
1.13352 -1.86633 -1.69463 1.51146 -1.25478 -0.997907 2.16176 -1.11086 0.606549 0.0662777 -1.38233 -1.96054 -1.13132 -0.4772 
1.12835 -1.87917 -1.69854 1.51577 -1.25377 -1.00463 2.19421 -1.11086 0.606549 0.0662777 -1.38233 -1.96054 -1.13132 -0.4772 
1.12229 -1.89148 -1.70119 1.51815 -1.24899 -1.01393 2.22731 -1.11086 0.606549 0.0662777 -1.38233 -1.96054 -1.13132 -0.4772 
1.11559 -1.90391 -1.70395 1.51986 -1.24364 -1.02319 2.2637 -1.11086 0.606549 0.0662777 -1.38233 -1.96054 -1.13132 -0.4772 
1.10747 -1.91572 -1.70526 1.51897 -1.23361 -1.03524 2.30217 -1.11086 0.606549 0.0662777 -1.38233 -1.96054 -1.13132 -0.4772 
1.0993 -1.92806 -1.70812 1.5195 -1.22712 -1.04302 2.34418 -1.11086 0.606549 0.0662777 -1.38233 -1.96054 -1.13132 -0.4772 
1.08999 -1.93968 -1.71053 1.51719 -1.21869 -1.05387 2.38276 -1.11086 0.606549 0.0662777 -1.38233 -1.96054 -1.13132 -0.4772 
1.07955 -1.95217 -1.71449 1.51489 -1.21229 -1.06453 2.42152 -1.11086 0.606549 0.0662777 -1.38233 -1.96054 -1.13132 -0.4772 
1.06802 -1.96455 -1.71852 1.51048 -1.20416 -1.07803 2.45902 -1.11086 0.606549 0.0662777 -1.38233 -1.96054 -1.13132 -0.4772 
1.05899 -1.96699 -1.71128 1.50845 -1.21311 -1.0969 2.50212 -1.11086 0.606549 0.0662777 -1.38233 -1.96054 -1.13132 -0.4772 
1.04895 -1.96699 -1.7067 1.50026 -1.2155 -1.11474 2.53034 -1.11086 0.606549 0.0662777 -1.38233 -1.96054 -1.13132 -0.4772 
1.04243 -1.96699 -1.70521 1.49401 -1.21543 -1.12182 2.54673 -1.11086 0.606549 0.0662777 -1.38233 -1.96054 -1.13132 -0.4772 
1.03611 -1.96699 -1.70422 1.48743 -1.21614 -1.13062 2.55637 -1.11086 0.606549 0.0662777 -1.38233 -1.96054 -1.13132 -0.4772 
1.0362 -1.96525 -1.70235 1.4858 -1.21494 -1.12717 2.55504 -1.11086 0.606549 0.0662777 -1.38233 -1.96054 -1.13132 -0.4772 
1.03318 -1.96591 -1.7035 1.48084 -1.21421 -1.13391 2.54657 -1.11086 0.606549 0.0662777 -1.38233 -1.96054 -1.13132 -0.4772 
1.03384 -1.96521 -1.70319 1.4795 -1.21678 -1.1354 2.53192 -1.11086 0.606549 0.0662777 -1.38233 -1.96054 -1.13132 -0.4772 
1.03695 -1.96464 -1.7041 1.48243 -1.22609 -1.13182 2.51048 -1.11086 0.606549 0.0662777 -1.38233 -1.96054 -1.13132 -0.4772 
1.04171 -1.96372 -1.70512 1.48688 -1.23737 -1.12743 2.4838 -1.11086 0.606549 0.0662777 -1.38233 -1.96054 -1.13132 -0.4772 
1.04727 -1.96143 -1.70442 1.4889 -1.24467 -1.12793 2.44702 -1.11086 0.606549 0.0662777 -1.38233 -1.96054 -1.13132 -0.4772 
1.0548 -1.95766 -1.70243 1.4914 -1.2518 -1.12771 2.40327 -1.11086 0.606549 0.0662777 -1.38233 -1.96054 -1.13132 -0.4772 
1.06283 -1.95353 -1.70019 1.49344 -1.2593 -1.12762 2.35581 -1.11086 0.606549 0.0662777 -1.38233 -1.96054 -1.13132 -0.4772 
1.0657 -1.95009 -1.70157 1.48339 -1.27041 -1.14159 2.26999 -1.11086 0.606549 0.0662777 -1.38233 -1.96054 -1.13132 -0.4772 
1.06492 -1.95034 -1.70202 1.48175 -1.27079 -1.14355 2.26435 -1.11086 0.606549 0.0662777 -1.38233 -1.96054 -1.13132 -0.4772 
