1.11248 -1.82306 -1.64916 1.35942 1.93543 1.21269 -1.15028 -1.10154 0.606235 0.0519074 -1.38233 -1.95307 -1.13649 -0.479524 
1.09957 -1.8192 -1.64827 1.34314 1.93671 1.20078 -1.12627 -1.10154 0.606235 0.0519074 -1.38233 -1.95307 -1.13649 -0.479524 
1.09648 -1.82013 -1.64823 1.33726 1.94089 1.20758 -1.12391 -1.10154 0.606235 0.0519074 -1.38233 -1.95307 -1.13649 -0.479524 
1.09575 -1.81971 -1.64693 1.33403 1.94579 1.21374 -1.12691 -1.10154 0.606235 0.0519074 -1.38233 -1.95307 -1.13649 -0.479524 
1.09595 -1.81982 -1.64759 1.33482 1.94527 1.21374 -1.12624 -1.10154 0.606235 0.0519074 -1.38233 -1.95307 -1.13649 -0.479524 
1.0974 -1.81915 -1.64676 1.33639 1.94511 1.21196 -1.12689 -1.10154 0.606235 0.0519074 -1.38233 -1.95307 -1.13649 -0.479524 
1.10101 -1.81718 -1.64569 1.33911 1.94302 1.20625 -1.13158 -1.10154 0.606235 0.0519074 -1.38233 -1.95307 -1.13649 -0.479524 
1.10345 -1.81698 -1.64531 1.34021 1.94182 1.20493 -1.13554 -1.10154 0.606235 0.0519074 -1.38233 -1.95307 -1.13649 -0.479524 
1.10535 -1.81699 -1.6442 1.33965 1.9435 1.20697 -1.13857 -1.10154 0.606235 0.0519074 -1.38233 -1.95307 -1.13649 -0.479524 
1.1075 -1.81745 -1.64302 1.34075 1.94588 1.20944 -1.13896 -1.10154 0.606235 0.0519074 -1.38233 -1.95307 -1.13649 -0.479524 
1.11178 -1.81686 -1.64079 1.34468 1.94811 1.20935 -1.14126 -1.10154 0.606235 0.0519074 -1.38233 -1.95307 -1.13649 -0.479524 
1.11489 -1.81695 -1.64018 1.34928 1.94771 1.20824 -1.1419 -1.10154 0.606235 0.0519074 -1.38233 -1.95307 -1.13649 -0.479524 
1.11753 -1.81692 -1.63926 1.35235 1.94814 1.20794 -1.14268 -1.10154 0.606235 0.0519074 -1.38233 -1.95307 -1.13649 -0.479524 
1.11976 -1.81614 -1.63738 1.35352 1.9507 1.20899 -1.14536 -1.10154 0.606235 0.0519074 -1.38233 -1.95307 -1.13649 -0.479524 
1.12025 -1.81756 -1.63741 1.35438 1.95098 1.2115 -1.14585 -1.10154 0.606235 0.0519074 -1.38233 -1.95307 -1.13649 -0.479524 
1.12187 -1.81735 -1.63685 1.3567 1.95065 1.20981 -1.14574 -1.10154 0.606235 0.0519074 -1.38233 -1.95307 -1.13649 -0.479524 
1.1232 -1.8183 -1.63716 1.35983 1.94887 1.20799 -1.1444 -1.10154 0.606235 0.0519074 -1.38233 -1.95307 -1.13649 -0.479524 
1.12442 -1.81802 -1.63559 1.35969 1.95138 1.21004 -1.14659 -1.10154 0.606235 0.0519074 -1.38233 -1.95307 -1.13649 -0.479524 
1.12397 -1.81863 -1.63582 1.35881 1.95279 1.21339 -1.14715 -1.10154 0.606235 0.0519074 -1.38233 -1.95307 -1.13649 -0.479524 
1.12664 -1.81832 -1.63528 1.36261 1.95103 1.20896 -1.14625 -1.10154 0.606235 0.0519074 -1.38233 -1.95307 -1.13649 -0.479524 
1.12723 -1.81812 -1.63495 1.3629 1.95206 1.20984 -1.14672 -1.10154 0.606235 0.0519074 -1.38233 -1.95307 -1.13649 -0.479524 
1.12727 -1.81887 -1.6354 1.36341 1.95139 1.21038 -1.14659 -1.10154 0.606235 0.0519074 -1.38233 -1.95307 -1.13649 -0.479524 
1.12761 -1.81891 -1.63537 1.36387 1.95172 1.21112 -1.14666 -1.10154 0.606235 0.0519074 -1.38233 -1.95307 -1.13649 -0.479524 
1.12775 -1.81926 -1.63492 1.36352 1.95287 1.21285 -1.14765 -1.10154 0.606235 0.0519074 -1.38233 -1.95307 -1.13649 -0.479524 
1.12905 -1.81877 -1.63477 1.36547 1.95172 1.21017 -1.14719 -1.10154 0.606235 0.0519074 -1.38233 -1.95307 -1.13649 -0.479524 
1.12914 -1.82002 -1.63548 1.36675 1.95019 1.20964 -1.14573 -1.10154 0.606235 0.0519074 -1.38233 -1.95307 -1.13649 -0.479524 
1.1282 -1.82082 -1.63622 1.36602 1.95032 1.21203 -1.14531 -1.10154 0.606235 0.0519074 -1.38233 -1.95307 -1.13649 -0.479524 
1.12876 -1.81985 -1.6349 1.36511 1.95302 1.21378 -1.14737 -1.10154 0.606235 0.0519074 -1.38233 -1.95307 -1.13649 -0.479524 
1.13179 -1.818 -1.6325 1.36697 1.95502 1.21235 -1.15058 -1.10154 0.606235 0.0519074 -1.38233 -1.95307 -1.13649 -0.479524 
1.13367 -1.8183 -1.63181 1.36875 1.95512 1.21244 -1.15133 -1.10154 0.606235 0.0519074 -1.38233 -1.95307 -1.13649 -0.479524 
1.13442 -1.81952 -1.63257 1.37044 1.95385 1.21289 -1.15059 -1.10154 0.606235 0.0519074 -1.38233 -1.95307 -1.13649 -0.479524 
1.13526 -1.81949 -1.63218 1.37116 1.95457 1.21356 -1.15139 -1.10154 0.606235 0.0519074 -1.38233 -1.95307 -1.13649 -0.479524 
1.137 -1.81966 -1.63204 1.37397 1.95356 1.21178 -1.15089 -1.10154 0.606235 0.0519074 -1.38233 -1.95307 -1.13649 -0.479524 
1.13804 -1.82027 -1.63218 1.37654 1.9526 1.21074 -1.14944 -1.10154 0.606235 0.0519074 -1.38233 -1.95307 -1.13649 -0.479524 
1.13888 -1.82006 -1.63114 1.37743 1.95387 1.21131 -1.15015 -1.10154 0.606235 0.0519074 -1.38233 -1.95307 -1.13649 -0.479524 
1.13868 -1.82129 -1.63259 1.37846 1.95162 1.21083 -1.1489 -1.10154 0.606235 0.0519074 -1.38233 -1.95307 -1.13649 -0.479524 
1.13928 -1.82065 -1.63232 1.3788 1.9514 1.2093 -1.14907 -1.10154 0.606235 0.0519074 -1.38233 -1.95307 -1.13649 -0.479524 
1.13864 -1.82169 -1.63285 1.37859 1.95134 1.21068 -1.14806 -1.10154 0.606235 0.0519074 -1.38233 -1.95307 -1.13649 -0.479524 
1.13889 -1.82152 -1.6321 1.37855 1.95208 1.21104 -1.1485 -1.10154 0.606235 0.0519074 -1.38233 -1.95307 -1.13649 -0.479524 
1.13904 -1.82072 -1.63093 1.37724 1.95457 1.21245 -1.14962 -1.10154 0.606235 0.0519074 -1.38233 -1.95307 -1.13649 -0.479524 
1.13927 -1.82066 -1.63082 1.3775 1.95433 1.21205 -1.1496 -1.10154 0.606235 0.0519074 -1.38233 -1.95307 -1.13649 -0.479524 
1.13917 -1.82129 -1.63151 1.37827 1.95276 1.21148 -1.14883 -1.10154 0.606235 0.0519074 -1.38233 -1.95307 -1.13649 -0.479524 
1.13989 -1.82104 -1.63132 1.37916 1.95209 1.21012 -1.14869 -1.10154 0.606235 0.0519074 -1.38233 -1.95307 -1.13649 -0.479524 
1.1398 -1.82082 -1.63094 1.37859 1.95322 1.21097 -1.14966 -1.10154 0.606235 0.0519074 -1.38233 -1.95307 -1.13649 -0.479524 
1.13984 -1.82103 -1.63158 1.37954 1.95176 1.20936 -1.1481 -1.10154 0.606235 0.0519074 -1.38233 -1.95307 -1.13649 -0.479524 
1.13933 -1.82092 -1.63115 1.378 1.95336 1.21161 -1.14887 -1.10154 0.606235 0.0519074 -1.38233 -1.95307 -1.13649 -0.479524 
1.1398 -1.82109 -1.63132 1.37894 1.95233 1.21032 -1.14887 -1.10154 0.606235 0.0519074 -1.38233 -1.95307 -1.13649 -0.479524 
1.13957 -1.82027 -1.63037 1.37729 1.95483 1.2121 -1.14997 -1.10154 0.606235 0.0519074 -1.38233 -1.95307 -1.13649 -0.479524 
1.13939 -1.82131 -1.63146 1.37836 1.95279 1.21117 -1.14849 -1.10154 0.606235 0.0519074 -1.38233 -1.95307 -1.13649 -0.479524 
1.13947 -1.82117 -1.63125 1.37849 1.95285 1.21106 -1.1487 -1.10154 0.606235 0.0519074 -1.38233 -1.95307 -1.13649 -0.479524 
1.13935 -1.82182 -1.63187 1.37898 1.95191 1.2108 -1.14787 -1.10154 0.606235 0.0519074 -1.38233 -1.95307 -1.13649 -0.479524 
1.1397 -1.82099 -1.63128 1.37891 1.95249 1.21051 -1.14888 -1.10154 0.606235 0.0519074 -1.38233 -1.95307 -1.13649 -0.479524 
1.13952 -1.82109 -1.63112 1.37846 1.95326 1.21124 -1.14881 -1.10154 0.606235 0.0519074 -1.38233 -1.95307 -1.13649 -0.479524 
1.13979 -1.82099 -1.63114 1.37901 1.95259 1.2103 -1.14881 -1.10154 0.606235 0.0519074 -1.38233 -1.95307 -1.13649 -0.479524 
1.13857 -1.82211 -1.63213 1.37788 1.95242 1.2124 -1.1484 -1.10154 0.606235 0.0519074 -1.38233 -1.95307 -1.13649 -0.479524 
1.14006 -1.82047 -1.63098 1.37853 1.95276 1.21012 -1.15041 -1.10154 0.606235 0.0519074 -1.38233 -1.95307 -1.13649 -0.479524 
1.1403 -1.81983 -1.6309 1.37845 1.95282 1.2096 -1.15075 -1.10154 0.606235 0.0519074 -1.38233 -1.95307 -1.13649 -0.479524 
1.14007 -1.82001 -1.63087 1.3784 1.95271 1.21007 -1.15125 -1.10154 0.606235 0.0519074 -1.38233 -1.95307 -1.13649 -0.479524 
1.13998 -1.82038 -1.63146 1.37917 1.95126 1.20889 -1.15065 -1.10154 0.606235 0.0519074 -1.38233 -1.95307 -1.13649 -0.479524 
1.14005 -1.82026 -1.63149 1.37928 1.95095 1.2085 -1.15104 -1.10154 0.606235 0.0519074 -1.38233 -1.95307 -1.13649 -0.479524 
1.13947 -1.82127 -1.63196 1.37881 1.95097 1.20995 -1.15046 -1.10154 0.606235 0.0519074 -1.38233 -1.95307 -1.13649 -0.479524 
1.14022 -1.81989 -1.63105 1.37881 1.95156 1.20886 -1.15177 -1.10154 0.606235 0.0519074 -1.38233 -1.95307 -1.13649 -0.479524 
1.13971 -1.82136 -1.63228 1.37948 1.9496 1.20886 -1.1499 -1.10154 0.606235 0.0519074 -1.38233 -1.95307 -1.13649 -0.479524 
1.13944 -1.82096 -1.63174 1.37804 1.9512 1.21081 -1.15173 -1.10154 0.606235 0.0519074 -1.38233 -1.95307 -1.13649 -0.479524 
1.13962 -1.82076 -1.63182 1.3786 1.95068 1.20996 -1.15147 -1.10154 0.606235 0.0519074 -1.38233 -1.95307 -1.13649 -0.479524 
1.13991 -1.81991 -1.63097 1.37809 1.95196 1.21036 -1.1528 -1.10154 0.606235 0.0519074 -1.38233 -1.95307 -1.13649 -0.479524 
1.13981 -1.82062 -1.63151 1.37888 1.95094 1.20954 -1.15141 -1.10154 0.606235 0.0519074 -1.38233 -1.95307 -1.13649 -0.479524 
1.14006 -1.82076 -1.63175 1.37954 1.94994 1.20847 -1.15056 -1.10154 0.606235 0.0519074 -1.38233 -1.95307 -1.13649 -0.479524 
1.13914 -1.82136 -1.63199 1.37849 1.95065 1.21058 -1.1507 -1.10154 0.606235 0.0519074 -1.38233 -1.95307 -1.13649 -0.479524 
1.14034 -1.82031 -1.63164 1.37961 1.95014 1.20817 -1.15088 -1.10154 0.606235 0.0519074 -1.38233 -1.95307 -1.13649 -0.479524 
1.14038 -1.81939 -1.63086 1.37831 1.95219 1.20955 -1.15248 -1.10154 0.606235 0.0519074 -1.38233 -1.95307 -1.13649 -0.479524 
1.13958 -1.82048 -1.63131 1.37804 1.95196 1.21055 -1.15166 -1.10154 0.606235 0.0519074 -1.38233 -1.95307 -1.13649 -0.479524 
1.13984 -1.82053 -1.63173 1.37889 1.95096 1.20949 -1.15144 -1.10154 0.606235 0.0519074 -1.38233 -1.95307 -1.13649 -0.479524 
1.13833 -1.82195 -1.63233 1.3776 1.95134 1.21216 -1.15032 -1.10154 0.606235 0.0519074 -1.38233 -1.95307 -1.13649 -0.479524 
1.13922 -1.82096 -1.63186 1.37873 1.95075 1.20964 -1.15067 -1.10154 0.606235 0.0519074 -1.38233 -1.95307 -1.13649 -0.479524 
1.13977 -1.82018 -1.63157 1.37905 1.95079 1.20859 -1.15105 -1.10154 0.606235 0.0519074 -1.38233 -1.95307 -1.13649 -0.479524 
1.14002 -1.82054 -1.63173 1.37976 1.95013 1.20786 -1.15072 -1.10154 0.606235 0.0519074 -1.38233 -1.95307 -1.13649 -0.479524 
1.14008 -1.82058 -1.63175 1.38005 1.94994 1.20748 -1.15033 -1.10154 0.606235 0.0519074 -1.38233 -1.95307 -1.13649 -0.479524 
1.14005 -1.82013 -1.63073 1.3783 1.95248 1.20992 -1.15201 -1.10154 0.606235 0.0519074 -1.38233 -1.95307 -1.13649 -0.479524 
1.14093 -1.81975 -1.63083 1.37969 1.95128 1.20751 -1.15182 -1.10154 0.606235 0.0519074 -1.38233 -1.95307 -1.13649 -0.479524 
1.13992 -1.81969 -1.63091 1.37825 1.95254 1.20971 -1.15207 -1.10154 0.606235 0.0519074 -1.38233 -1.95307 -1.13649 -0.479524 
1.1395 -1.8205 -1.63139 1.37821 1.95248 1.21064 -1.15095 -1.10154 0.606235 0.0519074 -1.38233 -1.95307 -1.13649 -0.479524 
1.14014 -1.82015 -1.6311 1.37903 1.95193 1.20913 -1.15095 -1.10154 0.606235 0.0519074 -1.38233 -1.95307 -1.13649 -0.479524 
1.13953 -1.82023 -1.63099 1.37759 1.95323 1.21121 -1.15156 -1.10154 0.606235 0.0519074 -1.38233 -1.95307 -1.13649 -0.479524 
1.13973 -1.82092 -1.63161 1.37882 1.9519 1.21008 -1.14948 -1.10154 0.606235 0.0519074 -1.38233 -1.95307 -1.13649 -0.479524 
1.13988 -1.82069 -1.63123 1.37888 1.95227 1.21003 -1.14943 -1.10154 0.606235 0.0519074 -1.38233 -1.95307 -1.13649 -0.479524 
1.13955 -1.82096 -1.6314 1.37856 1.95259 1.21049 -1.14845 -1.10154 0.606235 0.0519074 -1.38233 -1.95307 -1.13649 -0.479524 
1.13991 -1.82117 -1.63171 1.37976 1.95128 1.20913 -1.14779 -1.10154 0.606235 0.0519074 -1.38233 -1.95307 -1.13649 -0.479524 
1.13894 -1.82138 -1.63151 1.37808 1.95291 1.21174 -1.1484 -1.10154 0.606235 0.0519074 -1.38233 -1.95307 -1.13649 -0.479524 
1.13912 -1.82166 -1.63213 1.37918 1.95146 1.21022 -1.14724 -1.10154 0.606235 0.0519074 -1.38233 -1.95307 -1.13649 -0.479524 
1.1393 -1.82179 -1.63213 1.37927 1.95102 1.21002 -1.14751 -1.10154 0.606235 0.0519074 -1.38233 -1.95307 -1.13649 -0.479524 
1.14008 -1.82119 -1.63221 1.38104 1.94991 1.20734 -1.14614 -1.10154 0.606235 0.0519074 -1.38233 -1.95307 -1.13649 -0.479524 
1.13938 -1.82151 -1.63214 1.37975 1.95116 1.20953 -1.14649 -1.10154 0.606235 0.0519074 -1.38233 -1.95307 -1.13649 -0.479524 
1.13931 -1.82173 -1.63207 1.37931 1.95145 1.21036 -1.14715 -1.10154 0.606235 0.0519074 -1.38233 -1.95307 -1.13649 -0.479524 
1.13936 -1.82119 -1.63142 1.37878 1.95263 1.21091 -1.14807 -1.10154 0.606235 0.0519074 -1.38233 -1.95307 -1.13649 -0.479524 
1.13904 -1.82104 -1.63136 1.37756 1.95391 1.21278 -1.14884 -1.10154 0.606235 0.0519074 -1.38233 -1.95307 -1.13649 -0.479524 
1.13933 -1.82006 -1.6305 1.37674 1.95535 1.21344 -1.15055 -1.10154 0.606235 0.0519074 -1.38233 -1.95307 -1.13649 -0.479524 
1.13969 -1.82041 -1.63082 1.3777 1.95418 1.21194 -1.14955 -1.10154 0.606235 0.0519074 -1.38233 -1.95307 -1.13649 -0.479524 
1.13959 -1.82021 -1.63067 1.37811 1.95373 1.21101 -1.14956 -1.10154 0.606235 0.0519074 -1.38233 -1.95307 -1.13649 -0.479524 
1.13984 -1.81961 -1.63011 1.37737 1.95514 1.21177 -1.1505 -1.10154 0.606235 0.0519074 -1.38233 -1.95307 -1.13649 -0.479524 
1.13981 -1.82091 -1.63107 1.37918 1.95269 1.21006 -1.14857 -1.10154 0.606235 0.0519074 -1.38233 -1.95307 -1.13649 -0.479524 
1.13986 -1.82124 -1.63207 1.38003 1.95078 1.20868 -1.14808 -1.10154 0.606235 0.0519074 -1.38233 -1.95307 -1.13649 -0.479524 
1.1399 -1.82086 -1.63154 1.37945 1.95144 1.20911 -1.14877 -1.10154 0.606235 0.0519074 -1.38233 -1.95307 -1.13649 -0.479524 
1.14106 -1.81975 -1.63107 1.38075 1.95096 1.20628 -1.14921 -1.10154 0.606235 0.0519074 -1.38233 -1.95307 -1.13649 -0.479524 
1.1397 -1.82053 -1.63131 1.37883 1.95263 1.20984 -1.14906 -1.10154 0.606235 0.0519074 -1.38233 -1.95307 -1.13649 -0.479524 
1.13949 -1.8206 -1.63095 1.37804 1.95345 1.21128 -1.15033 -1.10154 0.606235 0.0519074 -1.38233 -1.95307 -1.13649 -0.479524 
1.13934 -1.82014 -1.6309 1.37759 1.95411 1.21187 -1.15087 -1.10154 0.606235 0.0519074 -1.38233 -1.95307 -1.13649 -0.479524 
1.13961 -1.82064 -1.63133 1.37871 1.95252 1.2103 -1.14982 -1.10154 0.606235 0.0519074 -1.38233 -1.95307 -1.13649 -0.479524 
1.14047 -1.81915 -1.63036 1.37879 1.95335 1.20896 -1.15097 -1.10154 0.606235 0.0519074 -1.38233 -1.95307 -1.13649 -0.479524 
1.13995 -1.81976 -1.631 1.37868 1.95273 1.20953 -1.15042 -1.10154 0.606235 0.0519074 -1.38233 -1.95307 -1.13649 -0.479524 
1.14044 -1.81931 -1.63066 1.37889 1.95282 1.20868 -1.15092 -1.10154 0.606235 0.0519074 -1.38233 -1.95307 -1.13649 -0.479524 
1.14087 -1.81933 -1.63098 1.3802 1.95146 1.20664 -1.14996 -1.10154 0.606235 0.0519074 -1.38233 -1.95307 -1.13649 -0.479524 
1.14057 -1.81999 -1.63141 1.38044 1.95037 1.20648 -1.14954 -1.10154 0.606235 0.0519074 -1.38233 -1.95307 -1.13649 -0.479524 
1.1414 -1.81884 -1.63034 1.38024 1.95184 1.20615 -1.15087 -1.10154 0.606235 0.0519074 -1.38233 -1.95307 -1.13649 -0.479524 
1.14088 -1.81864 -1.62996 1.37888 1.95373 1.20844 -1.15194 -1.10154 0.606235 0.0519074 -1.38233 -1.95307 -1.13649 -0.479524 
1.13983 -1.82012 -1.63144 1.37903 1.95216 1.20943 -1.15055 -1.10154 0.606235 0.0519074 -1.38233 -1.95307 -1.13649 -0.479524 
1.13985 -1.82021 -1.63142 1.37851 1.95281 1.21013 -1.15029 -1.10154 0.606235 0.0519074 -1.38233 -1.95307 -1.13649 -0.479524 
1.14004 -1.82125 -1.63278 1.38105 1.94914 1.20725 -1.14814 -1.10154 0.606235 0.0519074 -1.38233 -1.95307 -1.13649 -0.479524 
1.13964 -1.82447 -1.63272 1.3829 1.9502 1.20936 -1.14013 -1.10154 0.606235 0.0519074 -1.38233 -1.95307 -1.13649 -0.479524 
1.13896 -1.8269 -1.63165 1.38281 1.95469 1.21429 -1.13336 -1.10154 0.606235 0.0519074 -1.38233 -1.95307 -1.13649 -0.479524 
1.13741 -1.83148 -1.63237 1.38454 1.95476 1.21863 -1.12208 -1.10154 0.606235 0.0519074 -1.38233 -1.95307 -1.13649 -0.479524 
1.1374 -1.83504 -1.63273 1.38799 1.95458 1.21856 -1.11221 -1.10154 0.606235 0.0519074 -1.38233 -1.95307 -1.13649 -0.479524 
1.13689 -1.8392 -1.63344 1.39163 1.95336 1.21873 -1.10023 -1.10154 0.606235 0.0519074 -1.38233 -1.95307 -1.13649 -0.479524 
1.13558 -1.8438 -1.63429 1.39458 1.95278 1.2208 -1.0866 -1.10154 0.606235 0.0519074 -1.38233 -1.95307 -1.13649 -0.479524 
1.13306 -1.84887 -1.63531 1.3958 1.95284 1.22595 -1.07215 -1.10154 0.606235 0.0519074 -1.38233 -1.95307 -1.13649 -0.479524 
1.13149 -1.85301 -1.63587 1.39783 1.9536 1.22821 -1.0571 -1.10154 0.606235 0.0519074 -1.38233 -1.95307 -1.13649 -0.479524 
1.12996 -1.85689 -1.63598 1.39936 1.95516 1.23083 -1.04396 -1.10154 0.606235 0.0519074 -1.38233 -1.95307 -1.13649 -0.479524 
1.12565 -1.86272 -1.63739 1.39957 1.9547 1.23799 -1.02643 -1.10154 0.606235 0.0519074 -1.38233 -1.95307 -1.13649 -0.479524 
1.1228 -1.86731 -1.6381 1.40038 1.95586 1.24223 -1.01003 -1.10154 0.606235 0.0519074 -1.38233 -1.95307 -1.13649 -0.479524 
1.11873 -1.87278 -1.63905 1.4007 1.95616 1.2488 -0.99098 -1.10154 0.606235 0.0519074 -1.38233 -1.95307 -1.13649 -0.479524 
1.11532 -1.87704 -1.63939 1.40027 1.95862 1.2541 -0.97419 -1.10154 0.606235 0.0519074 -1.38233 -1.95307 -1.13649 -0.479524 
1.11136 -1.88171 -1.63991 1.40001 1.96037 1.25962 -0.954821 -1.10154 0.606235 0.0519074 -1.38233 -1.95307 -1.13649 -0.479524 
1.10624 -1.88691 -1.64083 1.39905 1.9613 1.26645 -0.93376 -1.10154 0.606235 0.0519074 -1.38233 -1.95307 -1.13649 -0.479524 
1.10196 -1.89119 -1.64087 1.39777 1.96481 1.27217 -0.913194 -1.10154 0.606235 0.0519074 -1.38233 -1.95307 -1.13649 -0.479524 
1.09832 -1.89501 -1.64086 1.39661 1.96841 1.27663 -0.894725 -1.10154 0.606235 0.0519074 -1.38233 -1.95307 -1.13649 -0.479524 
1.0932 -1.90026 -1.6424 1.39655 1.96753 1.28103 -0.87212 -1.10154 0.606235 0.0519074 -1.38233 -1.95307 -1.13649 -0.479524 
1.08558 -1.90554 -1.64363 1.39174 1.97026 1.29264 -0.851093 -1.10154 0.606235 0.0519074 -1.38233 -1.95307 -1.13649 -0.479524 
1.07953 -1.91106 -1.64538 1.39049 1.96943 1.29905 -0.829162 -1.10154 0.606235 0.0519074 -1.38233 -1.95307 -1.13649 -0.479524 
1.07592 -1.91343 -1.64422 1.38684 1.97659 1.30439 -0.81386 -1.10154 0.606235 0.0519074 -1.38233 -1.95307 -1.13649 -0.479524 
1.07165 -1.91804 -1.64548 1.38675 1.97632 1.30706 -0.794197 -1.10154 0.606235 0.0519074 -1.38233 -1.95307 -1.13649 -0.479524 
1.06503 -1.92287 -1.64699 1.38352 1.97733 1.31555 -0.775185 -1.10154 0.606235 0.0519074 -1.38233 -1.95307 -1.13649 -0.479524 
1.05959 -1.9268 -1.64788 1.38062 1.97952 1.32148 -0.756663 -1.10154 0.606235 0.0519074 -1.38233 -1.95307 -1.13649 -0.479524 
1.05324 -1.93008 -1.64801 1.37413 1.98589 1.33212 -0.741895 -1.10154 0.606235 0.0519074 -1.38233 -1.95307 -1.13649 -0.479524 
1.0456 -1.93466 -1.65108 1.37026 1.98407 1.33977 -0.724053 -1.10154 0.606235 0.0519074 -1.38233 -1.95307 -1.13649 -0.479524 
1.04078 -1.93686 -1.65313 1.36677 1.9845 1.34205 -0.713003 -1.10154 0.606235 0.0519074 -1.38233 -1.95307 -1.13649 -0.479524 
1.03673 -1.93727 -1.6536 1.36154 1.98815 1.34573 -0.706514 -1.10154 0.606235 0.0519074 -1.38233 -1.95307 -1.13649 -0.479524 
1.03394 -1.93856 -1.6554 1.35991 1.98707 1.34479 -0.698136 -1.10154 0.606235 0.0519074 -1.38233 -1.95307 -1.13649 -0.479524 
1.0303 -1.93912 -1.65633 1.35579 1.98905 1.34784 -0.693706 -1.10154 0.606235 0.0519074 -1.38233 -1.95307 -1.13649 -0.479524 
1.02816 -1.93987 -1.65736 1.3541 1.98842 1.34811 -0.690494 -1.10154 0.606235 0.0519074 -1.38233 -1.95307 -1.13649 -0.479524 
1.02606 -1.93953 -1.65745 1.35104 1.98925 1.34932 -0.69054 -1.10154 0.606235 0.0519074 -1.38233 -1.95307 -1.13649 -0.479524 
1.02286 -1.93982 -1.6586 1.34664 1.99048 1.35408 -0.691972 -1.10154 0.606235 0.0519074 -1.38233 -1.95307 -1.13649 -0.479524 
1.02283 -1.93939 -1.65782 1.346 1.99023 1.35367 -0.695356 -1.10154 0.606235 0.0519074 -1.38233 -1.95307 -1.13649 -0.479524 
1.02611 -1.93677 -1.65487 1.3462 1.99184 1.35027 -0.703014 -1.10154 0.606235 0.0519074 -1.38233 -1.95307 -1.13649 -0.479524 
1.02678 -1.93664 -1.65507 1.34711 1.98856 1.34915 -0.709526 -1.10154 0.606235 0.0519074 -1.38233 -1.95307 -1.13649 -0.479524 
1.02546 -1.93741 -1.65626 1.34514 1.98657 1.35245 -0.717181 -1.10154 0.606235 0.0519074 -1.38233 -1.95307 -1.13649 -0.479524 
1.02728 -1.93648 -1.65568 1.34602 1.9838 1.35111 -0.72877 -1.10154 0.606235 0.0519074 -1.38233 -1.95307 -1.13649 -0.479524 
1.02928 -1.93583 -1.65535 1.34721 1.9801 1.35023 -0.742624 -1.10154 0.606235 0.0519074 -1.38233 -1.95307 -1.13649 -0.479524 
1.03159 -1.93507 -1.65516 1.34901 1.97584 1.34893 -0.756899 -1.10154 0.606235 0.0519074 -1.38233 -1.95307 -1.13649 -0.479524 
1.03238 -1.93512 -1.65624 1.34923 1.97123 1.35075 -0.772584 -1.10154 0.606235 0.0519074 -1.38233 -1.95307 -1.13649 -0.479524 
1.03627 -1.93367 -1.65508 1.35157 1.9674 1.34849 -0.791474 -1.10154 0.606235 0.0519074 -1.38233 -1.95307 -1.13649 -0.479524 
1.03864 -1.93294 -1.65488 1.35232 1.96348 1.34985 -0.811651 -1.10154 0.606235 0.0519074 -1.38233 -1.95307 -1.13649 -0.479524 
1.04136 -1.93248 -1.65518 1.35393 1.95812 1.35029 -0.832389 -1.10154 0.606235 0.0519074 -1.38233 -1.95307 -1.13649 -0.479524 
1.04592 -1.93102 -1.65415 1.3565 1.95386 1.34785 -0.854358 -1.10154 0.606235 0.0519074 -1.38233 -1.95307 -1.13649 -0.479524 
1.05179 -1.92907 -1.65265 1.35992 1.95054 1.34357 -0.878122 -1.10154 0.606235 0.0519074 -1.38233 -1.95307 -1.13649 -0.479524 
1.05547 -1.92745 -1.65169 1.36041 1.9473 1.34402 -0.903907 -1.10154 0.606235 0.0519074 -1.38233 -1.95307 -1.13649 -0.479524 
1.05921 -1.92578 -1.65078 1.36084 1.94399 1.34441 -0.930526 -1.10154 0.606235 0.0519074 -1.38233 -1.95307 -1.13649 -0.479524 
1.06229 -1.92418 -1.64961 1.35907 1.94262 1.34814 -0.958001 -1.10154 0.606235 0.0519074 -1.38233 -1.95307 -1.13649 -0.479524 
1.06524 -1.92342 -1.64944 1.35952 1.93787 1.3497 -0.982627 -1.10154 0.606235 0.0519074 -1.38233 -1.95307 -1.13649 -0.479524 
1.0699 -1.92137 -1.64813 1.36032 1.9349 1.3486 -1.00998 -1.10154 0.606235 0.0519074 -1.38233 -1.95307 -1.13649 -0.479524 
1.07325 -1.91926 -1.64662 1.35797 1.93422 1.35185 -1.04002 -1.10154 0.606235 0.0519074 -1.38233 -1.95307 -1.13649 -0.479524 
1.07778 -1.9172 -1.64517 1.35854 1.93162 1.3508 -1.0672 -1.10154 0.606235 0.0519074 -1.38233 -1.95307 -1.13649 -0.479524 
1.08019 -1.91509 -1.6435 1.35485 1.93218 1.3557 -1.09486 -1.10154 0.606235 0.0519074 -1.38233 -1.95307 -1.13649 -0.479524 
1.08495 -1.91259 -1.6419 1.35483 1.93027 1.35402 -1.12258 -1.10154 0.606235 0.0519074 -1.38233 -1.95307 -1.13649 -0.479524 
