0.651615 -0.968007 -0.256885 1.48084 -2.47503 -1.91474 1.35235 -0.899864 0.576498 -0.206898 -1.54207 1.60232 1.13234 2.54092 
0.65143 -0.969038 -0.256913 1.4786 -2.47511 -1.91374 1.35164 -0.910948 0.579873 -0.202993 -1.54735 1.60361 1.1661 2.53351 
0.65143 -0.969038 -0.256913 1.4786 -2.47511 -1.91374 1.35164 -0.912071 0.576563 -0.206274 -1.54472 1.58908 1.17459 2.55195 
0.65143 -0.969038 -0.256913 1.4786 -2.47511 -1.91374 1.35164 -0.910594 0.571783 -0.20649 -1.5517 1.59588 1.16642 2.53134 
0.65143 -0.969038 -0.256913 1.4786 -2.47511 -1.91374 1.35164 -0.910782 0.574121 -0.208428 -1.54231 1.58776 1.16818 2.57468 
0.65143 -0.969038 -0.256913 1.4786 -2.47511 -1.91374 1.35164 -0.919504 0.581615 -0.198689 -1.54983 1.62194 1.17449 2.51073 
0.65143 -0.969038 -0.256913 1.4786 -2.47511 -1.91374 1.35164 -0.919465 0.583467 -0.199807 -1.54509 1.61927 1.17493 2.49099 
0.65143 -0.969038 -0.256913 1.4786 -2.47511 -1.91374 1.35164 -0.924968 0.590549 -0.1968 -1.53927 1.6227 1.18718 2.49319 
0.65143 -0.969038 -0.256913 1.4786 -2.47511 -1.91374 1.35164 -0.923498 0.590686 -0.199981 -1.53276 1.61063 1.18767 2.50722 
0.65143 -0.969038 -0.256913 1.4786 -2.47511 -1.91374 1.35164 -0.928183 0.595125 -0.19622 -1.53313 1.62061 1.19517 2.48361 
0.65143 -0.969038 -0.256913 1.4786 -2.47511 -1.91374 1.35164 -0.926177 0.594436 -0.199287 -1.52818 1.6094 1.1943 2.5073 
0.65143 -0.969038 -0.256913 1.4786 -2.47511 -1.91374 1.35164 -0.931552 0.60074 -0.195809 -1.52482 1.61451 1.20557 2.51132 
0.65143 -0.969038 -0.256913 1.4786 -2.47511 -1.91374 1.35164 -0.929038 0.60012 -0.198821 -1.52082 1.60585 1.20243 2.51946 
0.65143 -0.969038 -0.256913 1.4786 -2.47511 -1.91374 1.35164 -0.929442 0.600979 -0.199731 -1.51797 1.6026 1.20469 2.50306 
0.65143 -0.969038 -0.256913 1.4786 -2.47511 -1.91374 1.35164 -0.930906 0.603389 -0.199071 -1.51526 1.60248 1.20804 2.51748 
0.65143 -0.969038 -0.256913 1.4786 -2.47511 -1.91374 1.35164 -0.933738 0.607841 -0.198683 -1.50774 1.59856 1.21619 2.53549 
0.65143 -0.969038 -0.256913 1.4786 -2.47511 -1.91374 1.35164 -0.937428 0.611944 -0.196445 -1.5065 1.60332 1.22209 2.53204 
0.65143 -0.969038 -0.256913 1.4786 -2.47511 -1.91374 1.35164 -0.937675 0.614664 -0.198919 -1.49753 1.59072 1.22821 2.55077 
0.65143 -0.969038 -0.256913 1.4786 -2.47511 -1.91374 1.35164 -0.937847 0.615443 -0.200517 -1.4946 1.58511 1.23058 2.53186 
0.65143 -0.969038 -0.256913 1.4786 -2.47511 -1.91374 1.35164 -0.938219 0.615591 -0.201214 -1.49444 1.58359 1.23101 2.52595 
0.65143 -0.969038 -0.256913 1.4786 -2.47511 -1.91374 1.35164 -0.940513 0.619309 -0.200592 -1.48964 1.58116 1.23801 2.53161 
0.65143 -0.969038 -0.256913 1.4786 -2.47511 -1.91374 1.35164 -0.940471 0.619609 -0.201942 -1.48671 1.57498 1.24118 2.52306 
0.65143 -0.969038 -0.256913 1.4786 -2.47511 -1.91374 1.35164 -0.945964 0.628138 -0.19878 -1.47566 1.57117 1.25981 2.55078 
0.65143 -0.969038 -0.256913 1.4786 -2.47511 -1.91374 1.35164 -0.944365 0.62674 -0.199342 -1.47466 1.56787 1.25939 2.559 
0.65143 -0.969038 -0.256913 1.4786 -2.47511 -1.91374 1.35164 -0.939135 0.622785 -0.20192 -1.47473 1.56083 1.25295 2.55586 
0.65143 -0.969038 -0.256913 1.4786 -2.47511 -1.91374 1.35164 -0.932955 0.619674 -0.204055 -1.47402 1.55405 1.24531 2.54021 
0.65143 -0.969038 -0.256913 1.4786 -2.47511 -1.91374 1.35164 -0.926414 0.618054 -0.205771 -1.47147 1.54692 1.23828 2.54194 
0.65143 -0.969038 -0.256913 1.4786 -2.47511 -1.91374 1.35164 -0.918345 0.618803 -0.210513 -1.45963 1.52709 1.23603 2.57134 
0.65143 -0.969038 -0.256913 1.4786 -2.47511 -1.91374 1.35164 -0.907654 0.616465 -0.216737 -1.45094 1.5069 1.22778 2.59995 
0.65143 -0.969038 -0.256913 1.4786 -2.47511 -1.91374 1.35164 -0.901633 0.615752 -0.217337 -1.44901 1.50319 1.22138 2.61063 
0.65143 -0.969038 -0.256913 1.4786 -2.47511 -1.91374 1.35164 -0.894942 0.616952 -0.219644 -1.44039 1.49189 1.21884 2.62544 
0.65143 -0.969038 -0.256913 1.4786 -2.47511 -1.91374 1.35164 -0.886308 0.615581 -0.223104 -1.43466 1.47988 1.21199 2.64314 
0.65143 -0.969038 -0.256913 1.4786 -2.47511 -1.91374 1.35164 -0.880413 0.616241 -0.223853 -1.43064 1.47467 1.20772 2.65224 
0.65143 -0.969038 -0.256913 1.4786 -2.47511 -1.91374 1.35164 -0.874678 0.615853 -0.224014 -1.42923 1.47196 1.20087 2.64833 
0.65143 -0.969038 -0.256913 1.4786 -2.47511 -1.91374 1.35164 -0.867279 0.614697 -0.225422 -1.42841 1.46875 1.19035 2.65664 
0.65143 -0.969038 -0.256913 1.4786 -2.47511 -1.91374 1.35164 -0.855081 0.613267 -0.233827 -1.4177 1.44538 1.18165 2.69319 
0.65143 -0.969038 -0.256913 1.4786 -2.47511 -1.91374 1.35164 -0.847698 0.61021 -0.237207 -1.41649 1.43591 1.17322 2.69247 
0.65143 -0.969038 -0.256913 1.4786 -2.47511 -1.91374 1.35164 -0.841895 0.612799 -0.241591 -1.40748 1.42313 1.17167 2.72165 
0.65143 -0.969038 -0.256913 1.4786 -2.47511 -1.91374 1.35164 -0.844718 0.614502 -0.237251 -1.41188 1.43452 1.16984 2.70326 
0.65143 -0.969038 -0.256913 1.4786 -2.47511 -1.91374 1.35164 -0.843615 0.615103 -0.238471 -1.40935 1.43117 1.1699 2.70823 
0.65143 -0.969038 -0.256913 1.4786 -2.47511 -1.91374 1.35164 -0.841864 0.616222 -0.240689 -1.4033 1.42202 1.17249 2.7106 
