1.06772 -1.82138 -1.66767 1.22911 -1.17314 -1.24762 1.98959 -1.88879 1.60836 -1.31236 1.52542 2.53831 0.677845 -2.40992 
1.04714 -1.82008 -1.6666 1.19061 -1.16703 -1.26737 1.96599 -1.83101 1.59957 -1.3182 1.49205 2.53146 0.61527 -2.39421 
1.04356 -1.82113 -1.66934 1.18671 -1.17022 -1.26766 1.96621 -1.8231 1.57693 -1.31183 1.47299 2.51003 0.646908 -2.43255 
1.04152 -1.82128 -1.67085 1.1832 -1.17107 -1.27062 1.96244 -1.82439 1.59329 -1.31764 1.48493 2.52041 0.616521 -2.40962 
1.04008 -1.82195 -1.67179 1.17994 -1.17138 -1.274 1.95939 -1.82596 1.59145 -1.32128 1.48786 2.52038 0.609178 -2.40257 
1.04016 -1.82337 -1.67286 1.1812 -1.17166 -1.27435 1.96401 -1.83013 1.5519 -1.32256 1.47122 2.5063 0.657256 -2.41727 
1.04349 -1.82509 -1.67432 1.18913 -1.17282 -1.27273 1.97216 -1.82682 1.53889 -1.31725 1.45593 2.49581 0.692059 -2.44605 
1.0503 -1.82617 -1.67457 1.20226 -1.1738 -1.269 1.97865 -1.82444 1.53529 -1.31508 1.44829 2.49165 0.70673 -2.45994 
1.05984 -1.82675 -1.67325 1.21962 -1.17312 -1.26421 1.98653 -1.82525 1.5283 -1.32051 1.44969 2.48916 0.702441 -2.45149 
1.06784 -1.82714 -1.67198 1.23398 -1.17232 -1.26041 1.99279 -1.82461 1.53133 -1.321 1.44933 2.49125 0.698687 -2.44818 
1.0742 -1.8274 -1.67094 1.24527 -1.17167 -1.2573 1.99765 -1.81968 1.56558 -1.31725 1.45435 2.50348 0.669151 -2.44363 
1.07926 -1.8275 -1.67003 1.25423 -1.17111 -1.2549 2.0015 -1.8194 1.55441 -1.31483 1.44672 2.49556 0.68863 -2.45958 
1.08338 -1.8276 -1.66928 1.26152 -1.1707 -1.25295 2.00465 -1.8197 1.54387 -1.31357 1.44299 2.48665 0.701179 -2.47363 
1.08678 -1.82775 -1.66875 1.26758 -1.17028 -1.25133 2.00727 -1.81943 1.54084 -1.31191 1.43953 2.48517 0.708765 -2.4792 
1.09126 -1.82808 -1.66827 1.27568 -1.17006 -1.24926 2.01097 -1.81876 1.54135 -1.31136 1.43685 2.48622 0.710766 -2.4795 
1.09749 -1.82851 -1.66761 1.28674 -1.16958 -1.24666 2.01592 -1.81804 1.5467 -1.30941 1.43492 2.48736 0.710339 -2.48339 
1.07156 -1.8584 -1.70247 1.28925 -1.20553 -1.26224 2.04855 -1.81581 1.54812 -1.30861 1.42914 2.48903 0.71578 -2.48585 
1.10453 -1.83547 -1.67285 1.30888 -1.17559 -1.24315 2.03327 -1.81427 1.55046 -1.30567 1.42644 2.48402 0.718813 -2.50029 
1.11313 -1.83319 -1.66911 1.32015 -1.17226 -1.23884 2.03453 -1.81415 1.55682 -1.30334 1.42625 2.48659 0.71546 -2.50152 
1.11785 -1.83261 -1.6675 1.32765 -1.17109 -1.23661 2.03643 -1.8139 1.56194 -1.29798 1.42617 2.48086 0.716663 -2.52072 
1.12029 -1.8324 -1.66662 1.33148 -1.16997 -1.23582 2.03766 -1.81469 1.5713 -1.29204 1.42798 2.48154 0.713065 -2.53078 
1.12054 -1.83237 -1.66649 1.33186 -1.16983 -1.23579 2.03779 -1.81373 1.57592 -1.28568 1.425 2.48102 0.719916 -2.54493 
1.32455 -1.83062 -1.76599 1.91033 -1.40749 -0.923845 2.37637 -1.81382 1.57503 -1.28684 1.42547 2.48114 0.718816 -2.54253 
1.32381 -1.83032 -1.76505 1.90948 -1.4065 -0.924366 2.37533 -1.81686 1.70816 -1.21884 1.45585 2.46244 0.681631 -2.71705 
1.32383 -1.83023 -1.765 1.90948 -1.40653 -0.924402 2.3753 -1.81925 1.71439 -1.21683 1.45976 2.46063 0.680326 -2.72585 
1.32383 -1.83024 -1.76501 1.90948 -1.40651 -0.924379 2.3753 -1.81928 1.70728 -1.21902 1.46184 2.45475 0.680623 -2.7282 
1.32383 -1.83022 -1.76499 1.90948 -1.40653 -0.924394 2.3753 -1.81495 1.69935 -1.22039 1.46084 2.44797 0.682232 -2.73424 
1.32383 -1.83021 -1.76499 1.90948 -1.40653 -0.9244 2.3753 -1.80803 1.67941 -1.22511 1.45304 2.4366 0.693534 -2.74186 
1.32383 -1.8302 -1.76498 1.90948 -1.40653 -0.924406 2.3753 -1.80384 1.64181 -1.24245 1.44749 2.42388 0.699856 -2.72213 
1.32383 -1.8302 -1.76498 1.90948 -1.40654 -0.924411 2.3753 -1.79548 1.63038 -1.2439 1.43918 2.41424 0.711085 -2.73728 
1.32383 -1.8302 -1.76497 1.90948 -1.40654 -0.924414 2.3753 -1.78741 1.61548 -1.25086 1.43353 2.40795 0.715031 -2.73369 
1.32383 -1.83019 -1.76497 1.90948 -1.40654 -0.924415 2.3753 -1.78152 1.58793 -1.26508 1.42785 2.40247 0.719789 -2.71101 
1.32383 -1.83019 -1.76497 1.90948 -1.40654 -0.924417 2.3753 -1.77355 1.54963 -1.28321 1.41779 2.39468 0.733125 -2.68461 
1.32383 -1.83019 -1.76497 1.90948 -1.40654 -0.924419 2.3753 -1.76275 1.54009 -1.28675 1.4082 2.39164 0.742054 -2.68694 
1.32383 -1.83019 -1.76497 1.90948 -1.40655 -0.92442 2.3753 -1.75634 1.51966 -1.29731 1.40553 2.37964 0.7473 -2.68473 
1.32383 -1.83019 -1.76497 1.90948 -1.40655 -0.924421 2.3753 -1.7441 1.48801 -1.31621 1.38999 2.38234 0.759568 -2.64278 
1.32383 -1.83018 -1.76497 1.90948 -1.40655 -0.924422 2.3753 -1.73518 1.47167 -1.32695 1.38179 2.38151 0.762188 -2.62166 
1.32383 -1.83018 -1.76497 1.90948 -1.40655 -0.924423 2.3753 -1.72505 1.46525 -1.33131 1.37185 2.38323 0.76729 -2.61355 
1.32383 -1.83018 -1.76497 1.90948 -1.40655 -0.924423 2.3753 -1.72494 1.45602 -1.33655 1.3792 2.36695 0.762748 -2.62658 
1.32384 -1.83018 -1.76496 1.90948 -1.40655 -0.924423 2.3753 -1.7201 1.44624 -1.3407 1.37311 2.35913 0.769701 -2.63317 
1.32384 -1.83018 -1.76496 1.90948 -1.40655 -0.924424 2.3753 -1.71604 1.44774 -1.34011 1.36532 2.36571 0.775279 -2.62787 
1.32384 -1.83018 -1.76496 1.90948 -1.40655 -0.924424 2.3753 -1.71747 1.46118 -1.33365 1.36537 2.37388 0.770382 -2.62858 
1.32384 -1.83018 -1.76496 1.90948 -1.40655 -0.924424 2.3753 -1.71838 1.47234 -1.32771 1.36417 2.38167 0.769732 -2.63039 
1.32384 -1.83018 -1.76496 1.90948 -1.40655 -0.924424 2.3753 -1.71969 1.46689 -1.33006 1.36458 2.3794 0.771942 -2.62809 
1.32384 -1.83018 -1.76496 1.90948 -1.40655 -0.924424 2.3753 -1.71979 1.4617 -1.33185 1.3627 2.37902 0.776622 -2.62548 
1.32384 -1.83018 -1.76496 1.90948 -1.40655 -0.924424 2.3753 -1.72 1.46001 -1.33334 1.36134 2.38351 0.778448 -2.61523 
1.15528 -1.83042 -1.67532 1.41269 -1.1884 -1.17406 2.08759 -1.67196 1.38187 -1.37194 1.28045 2.40873 0.892546 -2.53874 
1.13112 -1.83053 -1.67103 1.35363 -1.17554 -1.20087 2.06132 -1.68665 1.37319 -1.38402 1.31152 2.40316 0.847793 -2.4909 
1.12887 -1.83054 -1.67068 1.34823 -1.17432 -1.20331 2.05894 -1.69475 1.37226 -1.38762 1.32862 2.39774 0.821542 -2.4763 
1.12833 -1.83061 -1.67064 1.34701 -1.17403 -1.20393 2.05844 -1.69718 1.37094 -1.38984 1.33302 2.3981 0.813679 -2.46617 
1.12824 -1.83057 -1.67061 1.34678 -1.17389 -1.20405 2.05829 -1.69722 1.36873 -1.39122 1.3321 2.39941 0.814822 -2.46067 
1.12817 -1.83068 -1.67068 1.34669 -1.17385 -1.20416 2.05831 -1.69714 1.36901 -1.39012 1.33121 2.39787 0.817445 -2.46669 
1.12811 -1.83078 -1.67073 1.34665 -1.17386 -1.20429 2.05833 -1.69858 1.37116 -1.38911 1.33184 2.4018 0.816456 -2.46135 
1.1281 -1.83077 -1.67071 1.34661 -1.17377 -1.20435 2.0583 -1.7001 1.37177 -1.38797 1.33187 2.40601 0.818794 -2.45666 
1.12819 -1.83079 -1.67077 1.34681 -1.17408 -1.20398 2.05831 -1.70165 1.37275 -1.38573 1.32989 2.41208 0.826766 -2.45387 
1.12827 -1.831 -1.67095 1.34725 -1.17486 -1.20342 2.05872 -1.70677 1.37784 -1.38113 1.33351 2.41401 0.829399 -2.46109 
1.12842 -1.83116 -1.6711 1.34778 -1.17551 -1.20278 2.05915 -1.71336 1.38496 -1.37541 1.34154 2.40848 0.825998 -2.48154 
1.12848 -1.8315 -1.67135 1.34829 -1.17617 -1.20232 2.05993 -1.71704 1.38705 -1.37279 1.34399 2.4081 0.829711 -2.48931 
1.12861 -1.83166 -1.67151 1.34872 -1.17668 -1.20178 2.06036 -1.72135 1.38875 -1.37076 1.3464 2.40995 0.833186 -2.4917 
1.12872 -1.83164 -1.67157 1.34895 -1.17686 -1.20134 2.0604 -1.72618 1.39112 -1.36892 1.34783 2.41527 0.838128 -2.48841 
1.12874 -1.83164 -1.67158 1.34897 -1.17683 -1.20127 2.06036 -1.72931 1.39373 -1.36672 1.34764 2.42036 0.844126 -2.48759 
1.12884 -1.83144 -1.67147 1.34899 -1.17674 -1.20109 2.0602 -1.7305 1.39397 -1.36616 1.34579 2.42476 0.850382 -2.48411 
1.12883 -1.83147 -1.67148 1.34898 -1.17674 -1.20114 2.06024 -1.73309 1.3933 -1.36489 1.34846 2.42072 0.851712 -2.49281 
1.12892 -1.83133 -1.67139 1.34905 -1.17683 -1.20097 2.0602 -1.73754 1.40168 -1.35802 1.35218 2.41881 0.85234 -2.51219 
1.12901 -1.83124 -1.67137 1.34916 -1.17688 -1.20069 2.06014 -1.74248 1.40771 -1.35563 1.35726 2.42271 0.847635 -2.50954 
1.12907 -1.83112 -1.67131 1.3492 -1.17683 -1.20051 2.06008 -1.74688 1.41083 -1.35314 1.35974 2.42266 0.849511 -2.51581 
1.12917 -1.83107 -1.67132 1.34938 -1.1771 -1.20015 2.06005 -1.74962 1.41205 -1.35206 1.36201 2.41867 0.849531 -2.52502 
1.12917 -1.83091 -1.67119 1.34923 -1.17682 -1.20032 2.05988 -1.75135 1.408 -1.35635 1.36349 2.41989 0.84608 -2.51111 
1.12916 -1.83056 -1.67092 1.34883 -1.17613 -1.2007 2.05938 -1.75119 1.40948 -1.35516 1.36138 2.42079 0.848894 -2.51423 
1.12911 -1.83021 -1.67064 1.34835 -1.17551 -1.20123 2.05877 -1.75079 1.41317 -1.3549 1.36143 2.42273 0.844165 -2.51125 
1.1291 -1.82975 -1.67031 1.34784 -1.17483 -1.2016 2.05794 -1.74926 1.41121 -1.3557 1.36066 2.41781 0.843479 -2.5176 
1.12906 -1.82956 -1.67017 1.34756 -1.17448 -1.20185 2.05754 -1.74942 1.40702 -1.3574 1.35796 2.4188 0.849324 -2.51372 
1.12909 -1.82964 -1.67025 1.34768 -1.17449 -1.2017 2.05778 -1.74852 1.40312 -1.35964 1.35662 2.41673 0.850657 -2.51211 
1.12927 -1.8296 -1.67029 1.34814 -1.17481 -1.20104 2.05828 -1.74939 1.40558 -1.35917 1.35896 2.41532 0.845361 -2.51391 
1.12938 -1.82961 -1.67034 1.34853 -1.17522 -1.2005 2.05873 -1.74956 1.40765 -1.35862 1.35942 2.41503 0.843249 -2.51574 
1.12951 -1.82951 -1.6703 1.34881 -1.17546 -1.20009 2.05892 -1.74965 1.41364 -1.35629 1.35866 2.41751 0.842013 -2.51869 
1.14702 -1.80991 -1.66668 1.37002 -1.21372 -1.13189 2.02634 -1.77652 1.45968 -1.34509 1.40702 2.41455 0.77367 -2.52987 
1.1487 -1.80794 -1.66643 1.37202 -1.21749 -1.12512 2.02339 -1.77943 1.46823 -1.34271 1.4136 2.41343 0.763459 -2.53516 
1.14618 -1.81044 -1.66871 1.37014 -1.21749 -1.1241 2.03957 -1.77949 1.46223 -1.34487 1.41469 2.40734 0.763135 -2.53818 
1.14193 -1.81374 -1.67146 1.36588 -1.21674 -1.12519 2.05767 -1.77848 1.46234 -1.3447 1.4126 2.41011 0.765253 -2.53493 
1.13647 -1.81711 -1.67451 1.35953 -1.21575 -1.12707 2.07611 -1.77793 1.45856 -1.34649 1.41153 2.41053 0.76717 -2.53032 
1.13041 -1.82073 -1.67782 1.35251 -1.21478 -1.12948 2.09503 -1.77753 1.4606 -1.34474 1.41085 2.40953 0.768665 -2.53674 
1.1242 -1.8244 -1.6812 1.34532 -1.2137 -1.13205 2.11427 -1.77642 1.46371 -1.3421 1.40882 2.40901 0.772491 -2.54598 
1.11832 -1.82792 -1.68456 1.33852 -1.21266 -1.13458 2.13337 -1.77616 1.46319 -1.34259 1.40816 2.41064 0.773207 -2.54256 
1.11273 -1.83144 -1.68762 1.33185 -1.21145 -1.13709 2.15203 -1.77815 1.46341 -1.34416 1.41174 2.41108 0.766569 -2.53584 
1.10728 -1.83509 -1.69061 1.32532 -1.21039 -1.1397 2.17045 -1.77659 1.46258 -1.34345 1.40882 2.41071 0.77147 -2.53998 
1.10195 -1.83852 -1.69326 1.31843 -1.20889 -1.1425 2.18831 -1.77731 1.46579 -1.34273 1.41046 2.41214 0.768204 -2.53886 
1.09652 -1.84202 -1.69594 1.31134 -1.20727 -1.14556 2.20623 -1.77675 1.46169 -1.34606 1.40778 2.4182 0.770716 -2.52262 
1.09124 -1.84521 -1.69842 1.30428 -1.20545 -1.1485 2.22374 -1.77604 1.46071 -1.34602 1.40664 2.41722 0.772901 -2.52464 
1.087 -1.84814 -1.70044 1.29902 -1.20373 -1.15079 2.23993 -1.77653 1.46208 -1.34582 1.4075 2.41824 0.770927 -2.52276 
1.08738 -1.84879 -1.69931 1.29944 -1.20202 -1.15213 2.24108 -1.77763 1.46115 -1.34641 1.41038 2.41492 0.767077 -2.52474 
1.0907 -1.84887 -1.69753 1.30481 -1.20118 -1.14991 2.24232 -1.77761 1.46449 -1.34468 1.41072 2.41493 0.766471 -2.52882 
1.0955 -1.84886 -1.69538 1.3128 -1.20086 -1.14622 2.24365 -1.77777 1.46778 -1.34306 1.4107 2.4163 0.766094 -2.53094 
1.10152 -1.84866 -1.69294 1.32269 -1.20071 -1.14169 2.24477 -1.77803 1.46666 -1.34398 1.41103 2.41677 0.765235 -2.52777 
1.10773 -1.84831 -1.6904 1.33273 -1.20055 -1.13683 2.24551 -1.7768 1.46644 -1.34326 1.4082 2.41795 0.769759 -2.52931 
1.11346 -1.85207 -1.68877 1.34796 -1.19978 -1.1314 2.26237 -1.77706 1.46472 -1.34436 1.40862 2.41783 0.769065 -2.52627 
1.11718 -1.85895 -1.6886 1.36511 -1.19922 -1.12529 2.29336 -1.77694 1.46893 -1.34178 1.40876 2.41795 0.768816 -2.53227 
1.11777 -1.8676 -1.69062 1.38096 -1.19981 -1.11912 2.33255 -1.77756 1.46865 -1.34088 1.41121 2.41078 0.766831 -2.54441 
1.11581 -1.87727 -1.69347 1.39455 -1.20151 -1.11435 2.37061 -1.77808 1.46459 -1.34359 1.41189 2.41135 0.765759 -2.53637 
1.06466 -1.908 -1.72275 1.35432 -1.19115 -1.19521 2.39618 -1.77772 1.46319 -1.34486 1.41026 2.41492 0.767488 -2.52902 
1.05189 -1.91684 -1.7275 1.35175 -1.18721 -1.20986 2.41791 -1.77907 1.46358 -1.34488 1.41334 2.41198 0.76334 -2.53191 
1.06021 -1.9174 -1.72052 1.37022 -1.18829 -1.1882 2.44052 -1.7795 1.46429 -1.3451 1.41413 2.41362 0.761341 -2.52825 
1.06633 -1.92079 -1.71622 1.38951 -1.19252 -1.16708 2.46688 -1.77936 1.46244 -1.34559 1.41416 2.41161 0.761884 -2.53008 
1.06868 -1.92608 -1.7155 1.40333 -1.1994 -1.15352 2.48532 -1.77914 1.46533 -1.34394 1.41378 2.41249 0.762272 -2.53286 
1.0689 -1.93147 -1.71691 1.41159 -1.20753 -1.14903 2.48689 -1.77773 1.46348 -1.34424 1.41085 2.41323 0.767085 -2.53294 
1.07108 -1.93719 -1.71795 1.42188 -1.21861 -1.1434 2.48059 -1.77705 1.46146 -1.34462 1.40959 2.4119 0.76989 -2.53496 
1.07232 -1.94313 -1.71896 1.42953 -1.22776 -1.14279 2.46889 -1.77703 1.46713 -1.34134 1.40996 2.41155 0.769004 -2.54343 
1.07257 -1.94958 -1.72109 1.43573 -1.23703 -1.14495 2.45499 -1.77763 1.46666 -1.34257 1.41063 2.41257 0.767184 -2.53876 
1.07248 -1.95219 -1.72471 1.43499 -1.24834 -1.15102 2.4182 -1.77735 1.46673 -1.34295 1.40965 2.41311 0.767381 -2.53757 
1.07711 -1.95016 -1.72466 1.43428 -1.25889 -1.15285 2.36702 -1.77708 1.46371 -1.34418 1.40938 2.40939 0.767095 -2.54011 
1.08716 -1.94581 -1.72222 1.43808 -1.27153 -1.14741 2.30819 -1.77381 1.45652 -1.34806 1.4014 2.41502 0.777038 -2.52663 
1.09522 -1.94341 -1.7218 1.44165 -1.28356 -1.1444 2.25768 -1.77275 1.46715 -1.34168 1.39936 2.41641 0.778766 -2.54123 
1.10241 -1.94176 -1.72241 1.44453 -1.29537 -1.1422 2.21089 -1.77106 1.46219 -1.34389 1.39488 2.41932 0.785071 -2.53369 
1.10911 -1.94045 -1.72352 1.4468 -1.30796 -1.13982 2.16277 -1.77181 1.46246 -1.34412 1.3956 2.42206 0.783642 -2.52777 
1.11688 -1.93837 -1.72433 1.44939 -1.3204 -1.13563 2.11471 -1.7721 1.46736 -1.3412 1.3962 2.42203 0.782322 -2.53455 
1.12213 -1.93836 -1.72689 1.45158 -1.33338 -1.13244 2.07625 -1.77161 1.46171 -1.34282 1.39582 2.41724 0.784033 -2.5374 
1.12513 -1.93871 -1.72919 1.45131 -1.34269 -1.13268 2.04196 -1.77198 1.46132 -1.34398 1.39576 2.42062 0.782174 -2.52853 
1.12635 -1.93872 -1.73039 1.44753 -1.34641 -1.13741 2.01007 -1.77163 1.46029 -1.3429 1.39661 2.41454 0.781422 -2.53928 
1.12803 -1.94027 -1.73477 1.44912 -1.35996 -1.13319 1.98638 -1.77044 1.45895 -1.34402 1.39363 2.41875 0.78356 -2.53104 
1.12919 -1.94108 -1.7376 1.44556 -1.36888 -1.1352 1.94838 -1.77006 1.46245 -1.34179 1.39363 2.41796 0.782241 -2.53703 
1.13287 -1.93712 -1.73553 1.43738 -1.37096 -1.13816 1.89284 -1.76897 1.46326 -1.34182 1.39135 2.42246 0.782748 -2.53025 
1.12592 -1.93183 -1.71399 1.38785 -1.31405 -1.20211 1.79133 -1.75212 1.39799 -1.3656 1.35917 2.41773 0.833418 -2.49043 
1.11594 -1.93801 -1.71791 1.37462 -1.30708 -1.22653 1.78131 -1.72847 1.3907 -1.35948 1.31042 2.43037 0.90233 -2.51858 
1.12006 -1.93301 -1.71472 1.36922 -1.31087 -1.22587 1.73395 -1.72131 1.40153 -1.35308 1.2936 2.44343 0.921713 -2.52644 
1.12237 -1.92636 -1.70913 1.35494 -1.3042 -1.2378 1.6712 -1.71773 1.40427 -1.35102 1.28758 2.44526 0.927127 -2.53287 
1.12496 -1.9226 -1.7068 1.34659 -1.30715 -1.24296 1.61479 -1.71696 1.40048 -1.35316 1.28832 2.44292 0.924696 -2.5296 
1.12319 -1.92274 -1.70836 1.33695 -1.31147 -1.25328 1.5652 -1.71642 1.40534 -1.35051 1.28924 2.4428 0.920251 -2.53533 
1.12085 -1.92265 -1.70945 1.32436 -1.31479 -1.26617 1.50852 -1.7145 1.40267 -1.35139 1.28813 2.43892 0.920557 -2.53983 
1.11495 -1.9243 -1.71237 1.30891 -1.31652 -1.28474 1.45576 -1.71367 1.40315 -1.35194 1.28703 2.44238 0.919339 -2.53223 
1.10655 -1.92712 -1.71665 1.29117 -1.31798 -1.30723 1.40193 -1.71295 1.40309 -1.35201 1.28763 2.44165 0.917041 -2.53225 
1.09673 -1.93123 -1.72253 1.27376 -1.3205 -1.3304 1.35417 -1.71263 1.40641 -1.34919 1.28913 2.43948 0.914157 -2.54147 
1.08468 -1.93859 -1.73155 1.25886 -1.3248 -1.35523 1.32055 -1.71106 1.4046 -1.34895 1.2879 2.43652 0.915589 -2.54701 
1.07248 -1.94552 -1.74072 1.24591 -1.32717 -1.37997 1.29823 -1.71218 1.40423 -1.34969 1.28857 2.44117 0.912437 -2.53405 
1.06127 -1.95052 -1.74812 1.23322 -1.32538 -1.40422 1.28327 -1.71336 1.40968 -1.34525 1.28957 2.44301 0.909992 -2.53955 
1.05252 -1.95544 -1.75477 1.22536 -1.32485 -1.42327 1.27631 -1.71406 1.40809 -1.34412 1.29074 2.43965 0.909843 -2.54574 
1.04481 -1.96147 -1.76253 1.2221 -1.32804 -1.43804 1.27611 -1.71551 1.41173 -1.34036 1.29204 2.44053 0.908711 -2.55143 
1.03573 -1.96669 -1.76979 1.21556 -1.32925 -1.45544 1.27505 -1.71686 1.41618 -1.3372 1.29315 2.44441 0.906789 -2.55053 
1.02752 -1.96699 -1.76981 1.20978 -1.3403 -1.47409 1.2774 -1.72327 1.42278 -1.33091 1.29753 2.44938 0.906993 -2.55416 
1.02688 -1.96651 -1.7699 1.20748 -1.33761 -1.47624 1.2761 -1.73098 1.42575 -1.32605 1.30249 2.45285 0.90821 -2.55561 
1.03037 -1.96435 -1.767 1.2095 -1.33587 -1.47122 1.2766 -1.74223 1.43876 -1.31429 1.31003 2.45953 0.907571 -2.56734 
1.03065 -1.96486 -1.76769 1.21129 -1.33802 -1.46926 1.27827 -1.75024 1.45011 -1.30505 1.315 2.46651 0.907732 -2.57468 
1.0251 -1.96431 -1.77352 1.20767 -1.33732 -1.47361 1.30438 -1.75751 1.46328 -1.29651 1.31936 2.475 0.907899 -2.58007 
1.00787 -1.96699 -1.78766 1.20048 -1.34571 -1.49179 1.35989 -1.76594 1.47156 -1.28982 1.32607 2.47886 0.905732 -2.58539 
1.01963 -1.95687 -1.77894 1.21062 -1.33363 -1.46917 1.41823 -1.7741 1.47266 -1.28878 1.3335 2.48142 0.900461 -2.5777 
0.926877 -1.90411 -1.80102 1.1285 -1.25772 -1.43617 1.96626 -1.83348 1.5544 -1.30939 1.4783 2.50798 0.688015 -2.45171 
0.91865 -1.89887 -1.80269 1.12139 -1.25137 -1.42928 2.02138 -1.83988 1.5683 -1.31324 1.49844 2.51363 0.654123 -2.43266 
0.916289 -1.8989 -1.80566 1.12066 -1.25457 -1.42734 2.02867 -1.83843 1.57697 -1.30891 1.49916 2.50836 0.652396 -2.44996 
0.914491 -1.89865 -1.80734 1.11749 -1.25546 -1.42996 2.02535 -1.83725 1.58491 -1.30253 1.49876 2.49837 0.654914 -2.47793 
0.912858 -1.89898 -1.80851 1.11405 -1.25589 -1.43325 2.02206 -1.8396 1.57596 -1.30853 1.5002 2.49823 0.650742 -2.46505 
0.912625 -1.90006 -1.80938 1.1151 -1.25629 -1.43401 2.02651 -1.84085 1.573 -1.31204 1.50119 2.50175 0.646186 -2.45235 
0.915872 -1.90218 -1.8103 1.12343 -1.25682 -1.43312 2.03484 -1.83796 1.57629 -1.31009 1.49482 2.50533 0.652813 -2.45413 
0.922894 -1.90448 -1.80957 1.13745 -1.25681 -1.43024 2.04209 -1.83602 1.57727 -1.31001 1.49004 2.50784 0.657478 -2.4533 
0.93277 -1.90703 -1.80707 1.15593 -1.25477 -1.42623 2.05137 -1.83325 1.57547 -1.30923 1.48481 2.50305 0.664584 -2.46388 
0.941026 -1.90909 -1.8048 1.17118 -1.25278 -1.423 2.05883 -1.83018 1.58279 -1.30404 1.48135 2.49963 0.668825 -2.48132 
0.947598 -1.91065 -1.80294 1.18322 -1.2512 -1.42036 2.06468 -1.82978 1.58274 -1.30593 1.47963 2.50472 0.667843 -2.47148 
0.952839 -1.91182 -1.80137 1.19268 -1.24991 -1.4183 2.06928 -1.82933 1.5821 -1.30512 1.47875 2.49982 0.668182 -2.47965 
0.957095 -1.91279 -1.8001 1.20042 -1.24888 -1.41663 2.07304 -1.82871 1.58931 -1.30123 1.47842 2.49875 0.666974 -2.48958 
0.960612 -1.9136 -1.79907 1.20683 -1.24802 -1.41527 2.0762 -1.8278 1.59001 -1.30066 1.47654 2.49941 0.668296 -2.49034 
0.965199 -1.91487 -1.79803 1.21542 -1.24707 -1.41352 2.0805 -1.82543 1.5973 -1.29422 1.47217 2.4954 0.67397 -2.5106 
0.971597 -1.91654 -1.79648 1.22712 -1.24566 -1.41144 2.08635 -1.82322 1.59652 -1.29238 1.46562 2.49469 0.682735 -2.51754 
0.97821 -1.91836 -1.7947 1.2396 -1.24418 -1.40874 2.09354 -1.82267 1.59488 -1.29369 1.46282 2.49685 0.684858 -2.51264 
0.985127 -1.9199 -1.79279 1.25237 -1.24271 -1.40545 2.10045 -1.82088 1.58765 -1.29558 1.45679 2.49458 0.692951 -2.51351 
0.991571 -1.92118 -1.79084 1.26364 -1.24128 -1.40282 2.10467 -1.81969 1.58871 -1.29488 1.45335 2.49592 0.695672 -2.51424 
0.996229 -1.92187 -1.789 1.27153 -1.23975 -1.40087 2.10757 -1.82156 1.59689 -1.29149 1.45842 2.49372 0.686125 -2.52214 
0.998684 -1.92222 -1.78784 1.27554 -1.23841 -1.40016 2.10935 -1.82286 1.60766 -1.28469 1.46264 2.48908 0.678939 -2.53995 
0.998948 -1.92226 -1.78769 1.27597 -1.23823 -1.40014 2.10956 -1.82182 1.6173 -1.27527 1.46148 2.48532 0.684227 -2.5643 
1.31045 -1.84356 -1.77294 1.90704 -1.41079 -0.9422 2.39057 -1.82206 1.61587 -1.27672 1.46166 2.48586 0.683621 -2.56084 
1.22307 -1.87802 -1.75441 1.7225 -1.3219 -1.09549 2.29623 -1.7854 1.9757 -1.06724 1.55998 2.24808 0.579926 -2.91409 
1.22308 -1.87809 -1.75451 1.7225 -1.32216 -1.09547 2.29578 -1.80007 1.97562 -1.08616 1.58177 2.24342 0.543184 -2.91359 
1.22308 -1.87813 -1.75458 1.7225 -1.3222 -1.09544 2.29568 -1.77882 1.99269 -1.04691 1.57704 2.20973 0.570944 -2.92723 
1.22308 -1.87813 -1.75458 1.7225 -1.32223 -1.09545 2.29568 -1.78909 1.96864 -1.06388 1.5859 2.1636 0.570038 -2.90922 
1.22308 -1.87812 -1.75458 1.7225 -1.32224 -1.09546 2.29568 -1.80564 1.929 -1.10227 1.59794 2.13531 0.545243 -2.85539 
1.22308 -1.87812 -1.75457 1.7225 -1.32224 -1.09546 2.29568 -1.81168 1.89639 -1.12844 1.60524 2.11415 0.52564 -2.81756 
1.22309 -1.87811 -1.75457 1.7225 -1.32225 -1.09546 2.29568 -1.80152 1.87538 -1.1262 1.5906 2.10679 0.553786 -2.84402 
1.22309 -1.87811 -1.75457 1.7225 -1.32225 -1.09547 2.29568 -1.79366 1.87334 -1.12605 1.58633 2.10633 0.548096 -2.84159 
1.22309 -1.87811 -1.75457 1.7225 -1.32226 -1.09547 2.29568 -1.79295 1.84786 -1.14114 1.58703 2.09116 0.541475 -2.82371 
1.22309 -1.87811 -1.75457 1.7225 -1.32226 -1.09547 2.29568 -1.79622 1.80823 -1.16871 1.59417 2.06316 0.523129 -2.78901 
1.22309 -1.87811 -1.75457 1.7225 -1.32226 -1.09547 2.29568 -1.79647 1.76314 -1.19488 1.59457 2.03873 0.516507 -2.75506 
1.22309 -1.87811 -1.75456 1.7225 -1.32226 -1.09547 2.29568 -1.79162 1.7377 -1.20614 1.58588 2.03945 0.523406 -2.72503 
1.22309 -1.87811 -1.75456 1.7225 -1.32226 -1.09547 2.29568 -1.79031 1.70638 -1.22844 1.58822 2.02079 0.505494 -2.68598 
1.22309 -1.87811 -1.75456 1.7225 -1.32226 -1.09547 2.29568 -1.78573 1.68538 -1.24343 1.58603 2.01318 0.493983 -2.65241 
1.22309 -1.87811 -1.75456 1.7225 -1.32226 -1.09547 2.29568 -1.78458 1.65588 -1.26094 1.58643 1.99959 0.49118 -2.6258 
1.22309 -1.87811 -1.75456 1.7225 -1.32226 -1.09547 2.29568 -1.7798 1.64072 -1.26775 1.5786 2.00291 0.494802 -2.60139 
1.22309 -1.87811 -1.75456 1.7225 -1.32226 -1.09547 2.29568 -1.78112 1.63167 -1.27562 1.5831 1.99076 0.488918 -2.59983 
1.22309 -1.87811 -1.75456 1.7225 -1.32226 -1.09547 2.29568 -1.78002 1.62938 -1.27788 1.58109 1.99111 0.485838 -2.59114 
1.22309 -1.87811 -1.75456 1.7225 -1.32226 -1.09547 2.29568 -1.76301 1.67059 -1.23551 1.54955 2.04091 0.542367 -2.64847 
1.22309 -1.87811 -1.75456 1.7225 -1.32226 -1.09547 2.29568 -1.76692 1.66989 -1.2403 1.5567 2.03246 0.528452 -2.64369 
1.22309 -1.87811 -1.75456 1.7225 -1.32226 -1.09547 2.29568 -1.77419 1.65491 -1.25577 1.57007 2.0124 0.509028 -2.62738 
1.22309 -1.87811 -1.75456 1.7225 -1.32226 -1.09547 2.29568 -1.77529 1.65529 -1.2559 1.57142 2.01148 0.507322 -2.62705 
1.22309 -1.87811 -1.75456 1.7225 -1.32226 -1.09547 2.29568 -1.7781 1.65613 -1.25976 1.57689 2.00581 0.493578 -2.6197 
1.02329 -1.92752 -1.79076 1.33188 -1.24104 -1.35765 2.14523 -1.67578 1.47952 -1.26236 1.34772 2.22366 0.887063 -2.44719 
0.999961 -1.92979 -1.79771 1.28672 -1.23865 -1.38458 2.12812 -1.67416 1.46535 -1.27094 1.34321 2.23885 0.891131 -2.38876 
0.997576 -1.92992 -1.79836 1.28202 -1.23843 -1.38739 2.12637 -1.66373 1.46457 -1.26425 1.3205 2.24611 0.926797 -2.42119 
0.997258 -1.92996 -1.79846 1.28152 -1.23842 -1.38776 2.12623 -1.6771 1.46851 -1.26983 1.34493 2.2418 0.8881 -2.38323 
0.997227 -1.92991 -1.79841 1.28138 -1.23836 -1.38788 2.12617 -1.68551 1.47138 -1.27263 1.36161 2.23508 0.862202 -2.36876 
0.997153 -1.92998 -1.79847 1.28132 -1.23836 -1.388 2.12619 -1.67067 1.46904 -1.26466 1.32979 2.24782 0.910628 -2.40419 
0.997074 -1.93005 -1.79854 1.28127 -1.23838 -1.38813 2.1262 -1.67774 1.46484 -1.27141 1.34208 2.24729 0.892253 -2.36946 
0.997056 -1.93004 -1.79853 1.28121 -1.23829 -1.38818 2.12617 -1.68593 1.46469 -1.27433 1.35692 2.2426 0.873075 -2.35311 
0.997152 -1.93008 -1.79857 1.28144 -1.23858 -1.38784 2.12615 -1.69057 1.46832 -1.27201 1.36321 2.2422 0.868379 -2.35521 
0.997198 -1.93036 -1.79884 1.28191 -1.23917 -1.38731 2.1264 -1.69622 1.47327 -1.26847 1.36934 2.2437 0.866733 -2.35911 
0.997323 -1.93053 -1.799 1.28242 -1.23975 -1.38672 2.1267 -1.70262 1.4841 -1.2624 1.37576 2.24689 0.864459 -2.36866 
0.997331 -1.93084 -1.79925 1.28292 -1.24032 -1.38638 2.12734 -1.70641 1.4893 -1.25899 1.3791 2.24722 0.864574 -2.37735 
0.997437 -1.93102 -1.79941 1.28338 -1.24078 -1.38589 2.12768 -1.71055 1.49909 -1.25285 1.38303 2.24825 0.865024 -2.39381 
0.997577 -1.931 -1.79939 1.28362 -1.24101 -1.38551 2.1277 -1.71322 1.4979 -1.25268 1.38251 2.25254 0.872099 -2.39004 
0.997607 -1.93098 -1.79937 1.28366 -1.24101 -1.38546 2.12769 -1.71774 1.50192 -1.25097 1.38511 2.25846 0.87345 -2.38406 
0.99778 -1.93083 -1.79921 1.28372 -1.24094 -1.38526 2.12758 -1.72191 1.49985 -1.2518 1.38737 2.26057 0.877158 -2.37848 
0.997757 -1.93086 -1.79924 1.2837 -1.24092 -1.38528 2.12762 -1.72507 1.50896 -1.24557 1.38793 2.26626 0.88181 -2.38846 
0.997865 -1.93079 -1.79916 1.2838 -1.24097 -1.38509 2.12758 -1.72939 1.51708 -1.24021 1.3931 2.26375 0.879695 -2.40618 
0.998003 -1.93072 -1.79912 1.28394 -1.24102 -1.3848 2.12754 -1.73196 1.52008 -1.23717 1.39625 2.25939 0.880445 -2.42244 
0.998101 -1.93066 -1.79907 1.28401 -1.24095 -1.3846 2.12752 -1.73299 1.51484 -1.23895 1.3942 2.25958 0.887409 -2.42023 
0.998227 -1.93067 -1.79911 1.28423 -1.24117 -1.3842 2.12747 -1.73707 1.52075 -1.23668 1.40019 2.25534 0.881439 -2.43144 
0.998233 -1.93058 -1.79904 1.28407 -1.24082 -1.38429 2.12734 -1.73881 1.51993 -1.23846 1.39897 2.26069 0.882715 -2.41745 
0.998286 -1.9303 -1.79881 1.28371 -1.24014 -1.38453 2.127 -1.73938 1.52164 -1.23814 1.4013 2.25504 0.878122 -2.42691 
0.99828 -1.93001 -1.79856 1.28324 -1.23956 -1.38493 2.12651 -1.73809 1.52265 -1.23842 1.39856 2.25793 0.877908 -2.42213 
0.998352 -1.92965 -1.79826 1.28276 -1.23891 -1.38515 2.12584 -1.73831 1.51734 -1.24066 1.39625 2.2587 0.882937 -2.4159 
0.998348 -1.9295 -1.79816 1.28251 -1.23857 -1.38531 2.12553 -1.73737 1.51519 -1.24208 1.39484 2.2553 0.882041 -2.41769 
0.998357 -1.92957 -1.79823 1.28264 -1.2386 -1.38519 2.12578 -1.73727 1.51596 -1.2412 1.39478 2.25203 0.882278 -2.42651 
0.998562 -1.92958 -1.79825 1.28311 -1.23887 -1.38455 2.12625 -1.73835 1.51792 -1.24065 1.39523 2.25521 0.882668 -2.42298 
0.998713 -1.92964 -1.7983 1.28356 -1.23919 -1.38404 2.12664 -1.73816 1.51897 -1.24007 1.39426 2.25585 0.883775 -2.42505 
0.998903 -1.92957 -1.79822 1.28387 -1.23943 -1.38364 2.12683 -1.73688 1.52048 -1.2394 1.39129 2.25858 0.886828 -2.42577 
0.997278 -1.92788 -1.79715 1.27696 -1.23622 -1.3895 2.1153 -1.74043 1.51552 -1.24296 1.39624 2.25399 0.882117 -2.41896 
0.9971 -1.92774 -1.79708 1.2763 -1.2359 -1.39004 2.11451 -1.74029 1.51091 -1.24563 1.39697 2.25137 0.881312 -2.41467 
0.993637 -1.92899 -1.79968 1.27322 -1.23608 -1.39036 2.12982 -1.73974 1.50435 -1.24938 1.39672 2.2497 0.881726 -2.40589 
0.98829 -1.93033 -1.80318 1.26755 -1.23606 -1.39222 2.1465 -1.73935 1.50387 -1.24929 1.39636 2.24901 0.882317 -2.40765 
0.981675 -1.93138 -1.80719 1.25965 -1.23622 -1.39466 2.16335 -1.73776 1.50739 -1.24638 1.39294 2.25174 0.886765 -2.41488 
0.974383 -1.93238 -1.81154 1.25091 -1.23652 -1.39764 2.18044 -1.73824 1.51069 -1.24471 1.39414 2.25136 0.885227 -2.42015 
0.966943 -1.93336 -1.81591 1.24193 -1.23679 -1.4008 2.19787 -1.73892 1.50721 -1.24698 1.39558 2.24991 0.883636 -2.41414 
0.959865 -1.93434 -1.82023 1.23345 -1.23698 -1.40384 2.21523 -1.7392 1.5106 -1.24468 1.39686 2.24756 0.882311 -2.42454 
0.952987 -1.93536 -1.8242 1.225 -1.23709 -1.4069 2.23215 -1.73905 1.51221 -1.24372 1.39647 2.24778 0.882655 -2.42748 
0.946142 -1.93659 -1.8282 1.21656 -1.23724 -1.41005 2.24884 -1.7375 1.5086 -1.24573 1.39205 2.25292 0.888003 -2.41619 
0.939408 -1.93761 -1.8318 1.20777 -1.23713 -1.41331 2.26506 -1.73749 1.50846 -1.24539 1.39264 2.25061 0.887961 -2.42114 
0.93252 -1.93868 -1.83548 1.19868 -1.23692 -1.41684 2.28133 -1.73699 1.50525 -1.24733 1.39088 2.25265 0.889868 -2.41251 
0.925818 -1.93953 -1.83892 1.18966 -1.23652 -1.42016 2.29735 -1.73692 1.50245 -1.24931 1.39022 2.25382 0.890623 -2.40468 
0.92031 -1.94045 -1.84168 1.18267 -1.23597 -1.42284 2.31234 -1.73682 1.50548 -1.2481 1.39005 2.25557 0.88987 -2.4054 
0.92007 -1.94103 -1.84076 1.18244 -1.23433 -1.42417 2.31366 -1.73823 1.50886 -1.247 1.39321 2.25419 0.884922 -2.40865 
0.923209 -1.94202 -1.83851 1.18798 -1.23291 -1.42208 2.31577 -1.73816 1.5051 -1.24919 1.39259 2.25487 0.885684 -2.40117 
0.927953 -1.94342 -1.83561 1.19645 -1.23161 -1.41867 2.3182 -1.73828 1.50697 -1.24801 1.39328 2.25389 0.885021 -2.4058 
0.934048 -1.94501 -1.8322 1.20708 -1.23016 -1.41442 2.32061 -1.73729 1.50507 -1.24882 1.39062 2.25681 0.888434 -2.40008 
0.940393 -1.94654 -1.82867 1.21793 -1.22867 -1.4098 2.32272 -1.73773 1.50747 -1.24712 1.39223 2.25384 0.886979 -2.40969 
0.944708 -1.95084 -1.82583 1.23247 -1.22615 -1.40578 2.34015 -1.73787 1.51114 -1.2444 1.39402 2.25019 0.885516 -2.42353 
0.945923 -1.95677 -1.82459 1.24766 -1.22372 -1.40196 2.37063 -1.73852 1.51348 -1.2439 1.39498 2.2519 0.883003 -2.42092 
0.943703 -1.963 -1.82571 1.26102 -1.22256 -1.39857 2.40817 -1.73903 1.51438 -1.24429 1.39497 2.25493 0.881852 -2.41396 
0.939194 -1.96699 -1.82468 1.2715 -1.22598 -1.39904 2.4444 -1.73868 1.51769 -1.24204 1.3946 2.2554 0.882123 -2.42012 
0.935032 -1.96699 -1.81774 1.28092 -1.2363 -1.40479 2.47698 -1.73907 1.5132 -1.2445 1.39489 2.25453 0.8821 -2.41347 
0.930744 -1.96699 -1.81101 1.28947 -1.24551 -1.41186 2.50448 -1.73938 1.50912 -1.24644 1.39571 2.2522 0.881975 -2.41062 
0.994106 -1.93974 -1.74162 1.33292 -1.20968 -1.3161 2.50606 -1.74082 1.51647 -1.24445 1.39826 2.25533 0.876434 -2.40932 
1.03126 -1.92292 -1.70443 1.36693 -1.19764 -1.2542 2.5134 -1.73934 1.51093 -1.24568 1.39582 2.25303 0.881627 -2.41155 
1.04827 -1.91966 -1.69221 1.39208 -1.20488 -1.21807 2.52347 -1.7395 1.51104 -1.24618 1.39575 2.25471 0.880836 -2.40679 
1.05028 -1.92498 -1.69254 1.40316 -1.21434 -1.20949 2.52538 -1.73808 1.51171 -1.2447 1.3931 2.25505 0.885305 -2.41347 
1.05268 -1.93005 -1.69207 1.41294 -1.22283 -1.20513 2.51802 -1.73779 1.50946 -1.24553 1.39264 2.25385 0.886632 -2.41372 
1.05241 -1.93652 -1.69303 1.41908 -1.23014 -1.20827 2.50479 -1.73823 1.50829 -1.24588 1.39379 2.25079 0.886085 -2.41761 
1.04807 -1.94585 -1.6985 1.42212 -1.23954 -1.21821 2.49033 -1.73789 1.50843 -1.24582 1.39302 2.25096 0.886936 -2.41832 
1.04826 -1.94739 -1.70047 1.4196 -1.24739 -1.22753 2.44781 -1.73733 1.50949 -1.24611 1.39127 2.25383 0.887007 -2.41368 
1.05372 -1.94543 -1.70079 1.42082 -1.25959 -1.22714 2.39781 -1.73575 1.50902 -1.24621 1.38714 2.25699 0.891079 -2.41101 
1.06365 -1.94135 -1.69812 1.42421 -1.27185 -1.22364 2.33566 -1.73444 1.51173 -1.24483 1.38411 2.25939 0.892512 -2.41311 
1.07166 -1.93873 -1.69668 1.42623 -1.28069 -1.2242 2.2823 -1.73281 1.50868 -1.24462 1.38151 2.25561 0.897504 -2.42335 
1.08188 -1.93475 -1.69454 1.43071 -1.29112 -1.21913 2.23028 -1.73199 1.50802 -1.24478 1.37909 2.25827 0.900216 -2.41976 
1.08859 -1.93454 -1.69627 1.43479 -1.30445 -1.21634 2.18704 -1.73306 1.50888 -1.2446 1.38068 2.25825 0.897965 -2.41835 
1.0964 -1.93255 -1.6965 1.43813 -1.31587 -1.2125 2.14172 -1.7316 1.50687 -1.24453 1.37803 2.25885 0.902108 -2.41956 
1.10384 -1.93069 -1.69711 1.44109 -1.32757 -1.20811 2.09737 -1.73249 1.50717 -1.24518 1.37886 2.26046 0.899237 -2.4128 
1.10758 -1.92996 -1.69765 1.4405 -1.33298 -1.20837 2.06786 -1.73256 1.50767 -1.24534 1.37809 2.26348 0.898136 -2.40616 
1.11023 -1.93106 -1.70026 1.44121 -1.34269 -1.20749 2.03983 -1.73167 1.50596 -1.24588 1.37658 2.26378 0.899352 -2.40436 
1.11199 -1.93271 -1.70449 1.44249 -1.35595 -1.20454 2.01312 -1.73076 1.50513 -1.2459 1.37494 2.26416 0.900092 -2.40358 
1.11761 -1.93028 -1.70427 1.44237 -1.36534 -1.19891 1.97342 -1.72966 1.50662 -1.24486 1.37302 2.26632 0.901009 -2.40326 
1.12293 -1.92665 -1.70282 1.4393 -1.37136 -1.1956 1.92811 -1.72939 1.50248 -1.24696 1.37306 2.26383 0.900054 -2.39996 
1.13935 -1.90555 -1.6799 1.41955 -1.35822 -1.18658 1.81321 -1.7418 1.49763 -1.25404 1.39694 2.24908 0.869783 -2.38157 
1.13678 -1.90725 -1.681 1.415 -1.35884 -1.19182 1.80056 -1.7262 1.50711 -1.23965 1.36436 2.26494 0.913305 -2.42736 
1.14077 -1.90122 -1.67709 1.40767 -1.35893 -1.19197 1.75102 -1.71737 1.50429 -1.2366 1.34673 2.27185 0.935807 -2.43958 
1.14413 -1.89355 -1.67079 1.39403 -1.35134 -1.20084 1.68533 -1.71325 1.50721 -1.23406 1.33869 2.27884 0.942579 -2.43984 
1.15011 -1.8892 -1.66848 1.39208 -1.35846 -1.19548 1.63684 -1.71203 1.50712 -1.23358 1.33818 2.27745 0.941638 -2.44295 
1.1521 -1.8865 -1.66718 1.38364 -1.36097 -1.20043 1.58084 -1.71037 1.50601 -1.235 1.33582 2.2805 0.940829 -2.43332 
1.15004 -1.88659 -1.6677 1.37209 -1.36102 -1.21265 1.53012 -1.70925 1.50593 -1.23408 1.33599 2.27659 0.940274 -2.44316 
1.14766 -1.88539 -1.66696 1.35866 -1.35836 -1.22624 1.47741 -1.70999 1.50818 -1.23364 1.33977 2.27414 0.932752 -2.44375 
1.14341 -1.88534 -1.66737 1.34252 -1.35583 -1.2433 1.41986 -1.70887 1.50804 -1.23385 1.33974 2.27363 0.931248 -2.44313 
1.13892 -1.88331 -1.6658 1.32427 -1.34824 -1.26205 1.36594 -1.71381 1.50576 -1.23775 1.35147 2.26823 0.915735 -2.42929 
1.13191 -1.88627 -1.66846 1.31019 -1.34433 -1.28231 1.33206 -1.70896 1.50788 -1.23475 1.34201 2.27587 0.924798 -2.43066 
1.12356 -1.88995 -1.67174 1.29578 -1.33915 -1.30528 1.30429 -1.707 1.50654 -1.23288 1.33848 2.27437 0.929578 -2.44057 
1.11782 -1.89384 -1.67563 1.28814 -1.33798 -1.32108 1.28687 -1.70635 1.51265 -1.2283 1.33547 2.28123 0.931275 -2.44155 
1.11367 -1.89883 -1.68016 1.28609 -1.33927 -1.33216 1.28188 -1.70738 1.51387 -1.22597 1.33661 2.28038 0.930296 -2.44701 
1.10686 -1.90429 -1.6856 1.28047 -1.3374 -1.34861 1.28017 -1.70922 1.51812 -1.22222 1.34036 2.2785 0.926386 -2.45688 
1.10147 -1.90888 -1.69025 1.27678 -1.33716 -1.36044 1.28168 -1.70978 1.51953 -1.21946 1.34015 2.27907 0.928554 -2.46309 
1.09452 -1.91395 -1.69583 1.27189 -1.33794 -1.37253 1.28323 -1.71666 1.53084 -1.21204 1.34652 2.2861 0.924264 -2.4655 
1.09052 -1.91734 -1.69943 1.26991 -1.34003 -1.37821 1.28561 -1.72493 1.53814 -1.20492 1.35258 2.29129 0.92547 -2.47103 
1.08995 -1.91722 -1.69929 1.26852 -1.33884 -1.37978 1.28472 -1.7344 1.54545 -1.19694 1.35917 2.29574 0.927134 -2.47906 
1.09215 -1.91517 -1.69728 1.26947 -1.33781 -1.3763 1.28412 -1.74287 1.55452 -1.19059 1.36557 2.30175 0.925318 -2.48054 
1.09272 -1.91324 -1.70043 1.27416 -1.34081 -1.36738 1.31398 -1.7527 1.57252 -1.17855 1.37567 2.30628 0.920441 -2.49918 
1.08068 -1.91636 -1.71146 1.26794 -1.33995 -1.37726 1.36408 -1.75262 1.57305 -1.17673 1.36955 2.31375 0.92743 -2.49355 
1.06706 -1.91831 -1.72238 1.26085 -1.3355 -1.38779 1.42798 -1.76124 1.58046 -1.17301 1.38082 2.31289 0.919331 -2.4972 
0.984754 -1.87172 -1.73765 1.20128 -1.26152 -1.32911 1.97594 -1.8145 1.67731 -1.20119 1.51911 2.32601 0.7082 -2.34826 
1.02647 -1.83303 -1.69172 1.23659 -1.24694 -1.22345 2.01235 -1.81743 1.69015 -1.20253 1.53318 2.3219 0.685363 -2.34797 
1.04192 -1.81299 -1.66906 1.24188 -1.23284 -1.19401 2.00046 -1.81859 1.68938 -1.20315 1.53265 2.32125 0.686256 -2.34823 
1.0465 -1.80327 -1.65829 1.2385 -1.22323 -1.18762 1.98733 -1.82014 1.6877 -1.20468 1.53411 2.31913 0.684907 -2.34739 
1.04709 -1.79981 -1.65379 1.23273 -1.21694 -1.19112 1.9773 -1.82092 1.69029 -1.20694 1.53842 2.3158 0.675071 -2.34589 
1.04749 -1.80105 -1.65446 1.23345 -1.21644 -1.19291 1.98011 -1.82266 1.69098 -1.21049 1.54397 2.31133 0.662863 -2.34174 
1.05027 -1.80425 -1.65779 1.24182 -1.21929 -1.19221 1.99068 -1.82106 1.69519 -1.21011 1.54112 2.3168 0.661969 -2.33615 
1.05618 -1.80714 -1.66093 1.25616 -1.22303 -1.18949 2.00051 -1.81598 1.69492 -1.20564 1.52973 2.31947 0.679054 -2.34866 
1.06498 -1.80612 -1.65936 1.27157 -1.22241 -1.1842 2.00562 -1.81617 1.69105 -1.20946 1.52838 2.32218 0.67753 -2.33596 
1.07329 -1.8064 -1.65941 1.28825 -1.22391 -1.17826 2.01423 -1.81387 1.69772 -1.20519 1.52699 2.31809 0.677957 -2.35368 
1.07874 -1.80673 -1.65952 1.29925 -1.22475 -1.17502 2.01986 -1.80999 1.70864 -1.1975 1.52348 2.31646 0.6818 -2.37718 
1.0831 -1.808 -1.66065 1.30918 -1.22666 -1.1722 2.02609 -1.80747 1.71307 -1.19251 1.52044 2.31247 0.686887 -2.39735 
1.08565 -1.80939 -1.66202 1.31589 -1.2283 -1.17089 2.03092 -1.80765 1.70417 -1.19587 1.51713 2.3125 0.691684 -2.39016 
1.0883 -1.81043 -1.66302 1.32243 -1.22986 -1.16887 2.03531 -1.80774 1.70353 -1.19621 1.51555 2.31422 0.692319 -2.38682 
1.09178 -1.81168 -1.66406 1.33058 -1.2315 -1.16679 2.04047 -1.80784 1.7076 -1.19608 1.51613 2.31608 0.687323 -2.38361 
1.09594 -1.81347 -1.66492 1.33924 -1.23158 -1.16732 2.04531 -1.80652 1.71076 -1.19315 1.51315 2.31453 0.690011 -2.3942 
1.09952 -1.81474 -1.66523 1.34634 -1.22928 -1.16973 2.05029 -1.80416 1.71604 -1.18883 1.50875 2.31441 0.694503 -2.40724 
1.10184 -1.81846 -1.66797 1.35539 -1.22983 -1.17295 2.05886 -1.80023 1.71946 -1.18286 1.50197 2.31294 0.704672 -2.42758 
1.10291 -1.82244 -1.67033 1.36091 -1.22861 -1.17991 2.06288 -1.8009 1.71559 -1.18569 1.50042 2.31398 0.703831 -2.41857 
1.10179 -1.82675 -1.67291 1.36334 -1.22668 -1.1893 2.06635 -1.80041 1.72019 -1.18152 1.49999 2.31208 0.704766 -2.4308 
1.11724 -1.81488 -1.6632 1.37845 -1.22729 -1.16341 2.06301 -1.80004 1.73032 -1.17661 1.50261 2.31222 0.698471 -2.44017 
1.11867 -1.81382 -1.66238 1.37988 -1.22718 -1.161 2.06266 -1.7985 1.73375 -1.17066 1.49963 2.3122 0.70553 -2.4551 
1.32438 -1.81832 -1.75887 1.91336 -1.42626 -0.92894 2.38452 -1.79875 1.73304 -1.1718 1.50016 2.31211 0.704444 -2.45257 
1.32449 -1.81942 -1.75712 1.91182 -1.42332 -0.932333 2.3794 -1.67027 2.02628 -1.02955 1.57152 2.19471 0.449746 -2.94372 
