1.11247 -1.74002 -1.53631 1.40174 1.84649 1.26108 -1.15734 1.53011 -1.67901 -0.920329 -1.3831 -1.29174 1.21153 -2.28391 
1.1123 -1.74029 -1.53667 1.40142 1.84562 1.26121 -1.15902 1.5301 -1.679 -0.92034 -1.3831 -1.29173 1.21152 -2.28392 
1.11202 -1.74243 -1.53806 1.40298 1.84237 1.26023 -1.15542 1.5301 -1.679 -0.920339 -1.3831 -1.29173 1.21152 -2.28392 
1.11148 -1.74332 -1.53895 1.40296 1.84145 1.26076 -1.15369 1.5301 -1.679 -0.92034 -1.3831 -1.29173 1.21152 -2.28392 
1.11195 -1.74274 -1.53862 1.40334 1.84159 1.25985 -1.15427 1.5301 -1.679 -0.92034 -1.3831 -1.29173 1.21152 -2.28392 
1.11179 -1.74355 -1.53923 1.40414 1.8403 1.25937 -1.1531 1.5301 -1.679 -0.92034 -1.3831 -1.29173 1.21152 -2.28392 
1.11189 -1.74202 -1.53781 1.40218 1.84361 1.2609 -1.15598 1.5301 -1.679 -0.92034 -1.3831 -1.29173 1.21152 -2.28392 
1.11138 -1.74275 -1.53811 1.4019 1.84338 1.26196 -1.15597 1.5301 -1.679 -0.92034 -1.3831 -1.29173 1.21152 -2.28392 
1.11171 -1.74298 -1.53872 1.4031 1.84169 1.26053 -1.15455 1.5301 -1.679 -0.92034 -1.3831 -1.29173 1.21152 -2.28392 
1.11145 -1.74354 -1.53909 1.40327 1.84107 1.26072 -1.15406 1.5301 -1.679 -0.92034 -1.3831 -1.29173 1.21152 -2.28392 
