1.15361 -1.83149 -1.72054 1.48829 -1.28486 -0.890185 2.02798 -1.11046 0.608541 0.0658396 -1.37776 -1.96175 -1.13253 -0.474404 
1.1455 -1.83915 -1.74009 1.50151 -1.31412 -0.853711 2.1096 -1.11086 0.60655 0.0662776 -1.38233 -1.96054 -1.13132 -0.4772 
1.14315 -1.84139 -1.74075 1.49897 -1.31082 -0.859434 2.11569 -1.11086 0.606549 0.0662777 -1.38233 -1.96054 -1.13132 -0.4772 
1.14356 -1.84136 -1.73932 1.49787 -1.30577 -0.865006 2.11422 -1.11086 0.606549 0.0662777 -1.38233 -1.96054 -1.13132 -0.4772 
1.14677 -1.83979 -1.7383 1.49888 -1.30596 -0.863436 2.10945 -1.11086 0.606549 0.0662777 -1.38233 -1.96054 -1.13132 -0.4772 
1.15193 -1.83927 -1.7378 1.50179 -1.30807 -0.86011 2.10463 -1.11086 0.606549 0.0662777 -1.38233 -1.96054 -1.13132 -0.4772 
1.15786 -1.83943 -1.73558 1.50725 -1.30553 -0.861609 2.10017 -1.11086 0.606549 0.0662777 -1.38233 -1.96054 -1.13132 -0.4772 
1.16416 -1.83771 -1.73377 1.51415 -1.3056 -0.858072 2.09671 -1.11086 0.606549 0.0662777 -1.38233 -1.96054 -1.13132 -0.4772 
1.16884 -1.83703 -1.7326 1.51947 -1.30573 -0.855895 2.09497 -1.11086 0.606549 0.0662777 -1.38233 -1.96054 -1.13132 -0.4772 
1.17148 -1.83776 -1.73267 1.52328 -1.307 -0.854496 2.09498 -1.11086 0.606549 0.0662777 -1.38233 -1.96054 -1.13132 -0.4772 
1.17344 -1.83729 -1.73114 1.52464 -1.30435 -0.856275 2.09248 -1.11086 0.606549 0.0662777 -1.38233 -1.96054 -1.13132 -0.4772 
1.17482 -1.83783 -1.73088 1.52654 -1.30487 -0.855858 2.09171 -1.11086 0.606549 0.0662777 -1.38233 -1.96054 -1.13132 -0.4772 
1.1757 -1.83792 -1.73123 1.52828 -1.30597 -0.854946 2.09161 -1.11086 0.606549 0.0662777 -1.38233 -1.96054 -1.13132 -0.4772 
1.17593 -1.83851 -1.731 1.52868 -1.30493 -0.856959 2.09079 -1.11086 0.606549 0.0662777 -1.38233 -1.96054 -1.13132 -0.4772 
1.17703 -1.83895 -1.73161 1.53044 -1.30684 -0.854858 2.09209 -1.11086 0.606549 0.0662777 -1.38233 -1.96054 -1.13132 -0.4772 
1.17952 -1.83796 -1.72931 1.53143 -1.30329 -0.856953 2.08803 -1.11086 0.606549 0.0662777 -1.38233 -1.96054 -1.13132 -0.4772 
1.18291 -1.83753 -1.7278 1.53423 -1.3018 -0.857271 2.08476 -1.11086 0.606549 0.0662777 -1.38233 -1.96054 -1.13132 -0.4772 
1.18556 -1.83772 -1.72783 1.53778 -1.30282 -0.85586 2.08478 -1.11086 0.606549 0.0662777 -1.38233 -1.96054 -1.13132 -0.4772 
1.18764 -1.83773 -1.72756 1.54094 -1.3034 -0.854544 2.08481 -1.11086 0.606549 0.0662777 -1.38233 -1.96054 -1.13132 -0.4772 
1.18736 -1.83929 -1.7286 1.54201 -1.30467 -0.854806 2.08683 -1.11086 0.606549 0.0662777 -1.38233 -1.96054 -1.13132 -0.4772 
1.18632 -1.84074 -1.73002 1.54197 -1.30653 -0.854826 2.0892 -1.11086 0.606549 0.0662777 -1.38233 -1.96054 -1.13132 -0.4772 
1.18625 -1.84022 -1.72947 1.5411 -1.30531 -0.855688 2.08815 -1.11086 0.606549 0.0662777 -1.38233 -1.96054 -1.13132 -0.4772 
1.18682 -1.84018 -1.72905 1.54195 -1.30513 -0.854925 2.08817 -1.11086 0.606549 0.0662777 -1.38233 -1.96054 -1.13132 -0.4772 
1.18666 -1.84044 -1.72903 1.54184 -1.30497 -0.855247 2.08887 -1.11086 0.606549 0.0662777 -1.38233 -1.96054 -1.13132 -0.4772 
1.18705 -1.8398 -1.72835 1.54142 -1.3038 -0.855902 2.08699 -1.11086 0.606549 0.0662777 -1.38233 -1.96054 -1.13132 -0.4772 
1.18771 -1.83868 -1.72768 1.54177 -1.30344 -0.85451 2.08593 -1.11086 0.606549 0.0662777 -1.38233 -1.96054 -1.13132 -0.4772 
1.18717 -1.83948 -1.72832 1.54141 -1.30365 -0.855661 2.08649 -1.11086 0.606549 0.0662777 -1.38233 -1.96054 -1.13132 -0.4772 
1.18687 -1.8402 -1.72854 1.54149 -1.30376 -0.856021 2.08735 -1.11086 0.606549 0.0662777 -1.38233 -1.96054 -1.13132 -0.4772 
1.18713 -1.83922 -1.72783 1.54078 -1.30256 -0.856576 2.08518 -1.11086 0.606549 0.0662777 -1.38233 -1.96054 -1.13132 -0.4772 
1.18694 -1.83947 -1.72824 1.54086 -1.3032 -0.856524 2.08507 -1.11086 0.606549 0.0662777 -1.38233 -1.96054 -1.13132 -0.4772 
1.18719 -1.83956 -1.72898 1.54154 -1.30539 -0.854389 2.08603 -1.11086 0.606549 0.0662777 -1.38233 -1.96054 -1.13132 -0.4772 
1.18787 -1.83845 -1.72817 1.5415 -1.30532 -0.853471 2.08379 -1.11086 0.606549 0.0662777 -1.38233 -1.96054 -1.13132 -0.4772 
1.18724 -1.83917 -1.72871 1.54153 -1.30586 -0.853709 2.08463 -1.11086 0.606549 0.0662777 -1.38233 -1.96054 -1.13132 -0.4772 
1.18799 -1.8381 -1.72816 1.54157 -1.30567 -0.852728 2.08328 -1.11086 0.606549 0.0662777 -1.38233 -1.96054 -1.13132 -0.4772 
1.18718 -1.83895 -1.72865 1.54112 -1.30545 -0.854295 2.08382 -1.11086 0.606549 0.0662777 -1.38233 -1.96054 -1.13132 -0.4772 
1.18742 -1.83854 -1.72844 1.54138 -1.30547 -0.853678 2.08428 -1.11086 0.606549 0.0662777 -1.38233 -1.96054 -1.13132 -0.4772 
1.18736 -1.83829 -1.72795 1.54064 -1.30402 -0.855016 2.08315 -1.11086 0.606549 0.0662777 -1.38233 -1.96054 -1.13132 -0.4772 
1.18766 -1.83867 -1.72896 1.54203 -1.30645 -0.852727 2.08559 -1.11086 0.606549 0.0662777 -1.38233 -1.96054 -1.13132 -0.4772 
1.18736 -1.83884 -1.72896 1.54178 -1.30616 -0.853461 2.08482 -1.11086 0.606549 0.0662777 -1.38233 -1.96054 -1.13132 -0.4772 
1.18756 -1.83871 -1.72855 1.54152 -1.30551 -0.853683 2.08442 -1.11086 0.606549 0.0662777 -1.38233 -1.96054 -1.13132 -0.4772 
1.18735 -1.83907 -1.72903 1.54185 -1.30654 -0.853008 2.08504 -1.11086 0.606549 0.0662777 -1.38233 -1.96054 -1.13132 -0.4772 
1.18743 -1.83877 -1.72825 1.54112 -1.30501 -0.854551 2.08439 -1.11086 0.606549 0.0662777 -1.38233 -1.96054 -1.13132 -0.4772 
1.18746 -1.83903 -1.72867 1.54205 -1.30599 -0.853063 2.08614 -1.11086 0.606549 0.0662777 -1.38233 -1.96054 -1.13132 -0.4772 
1.1867 -1.84058 -1.72916 1.54195 -1.30553 -0.854965 2.08867 -1.11086 0.606549 0.0662777 -1.38233 -1.96054 -1.13132 -0.4772 
1.18745 -1.83844 -1.72729 1.54102 -1.30272 -0.85549 2.08542 -1.11086 0.606549 0.0662777 -1.38233 -1.96054 -1.13132 -0.4772 
1.1878 -1.83824 -1.72733 1.54129 -1.30304 -0.854549 2.08564 -1.11086 0.606549 0.0662777 -1.38233 -1.96054 -1.13132 -0.4772 
1.18801 -1.83678 -1.72606 1.54025 -1.30034 -0.856282 2.08251 -1.11086 0.606549 0.0662777 -1.38233 -1.96054 -1.13132 -0.4772 
1.18761 -1.83784 -1.7276 1.54123 -1.30302 -0.854467 2.08504 -1.11086 0.606549 0.0662777 -1.38233 -1.96054 -1.13132 -0.4772 
1.18749 -1.8387 -1.7284 1.54175 -1.30455 -0.853657 2.08615 -1.11086 0.606549 0.0662777 -1.38233 -1.96054 -1.13132 -0.4772 
1.1878 -1.83821 -1.72799 1.54185 -1.30423 -0.853698 2.0859 -1.11086 0.606549 0.0662777 -1.38233 -1.96054 -1.13132 -0.4772 
1.1876 -1.83825 -1.72768 1.54134 -1.30335 -0.85456 2.08516 -1.11086 0.606549 0.0662777 -1.38233 -1.96054 -1.13132 -0.4772 
1.18831 -1.83763 -1.72751 1.54197 -1.304 -0.852823 2.08536 -1.11086 0.606549 0.0662777 -1.38233 -1.96054 -1.13132 -0.4772 
1.18787 -1.83802 -1.72764 1.54152 -1.3042 -0.853221 2.08555 -1.11086 0.606549 0.0662777 -1.38233 -1.96054 -1.13132 -0.4772 
1.1881 -1.83717 -1.72756 1.5415 -1.30382 -0.853066 2.08447 -1.11086 0.606549 0.0662777 -1.38233 -1.96054 -1.13132 -0.4772 
1.18763 -1.83823 -1.72768 1.5414 -1.30412 -0.853861 2.08499 -1.11086 0.606549 0.0662777 -1.38233 -1.96054 -1.13132 -0.4772 
1.18831 -1.83769 -1.72865 1.54298 -1.30657 -0.850525 2.08663 -1.11086 0.606549 0.0662777 -1.38233 -1.96054 -1.13132 -0.4772 
1.18854 -1.83725 -1.72876 1.54311 -1.30694 -0.849959 2.08644 -1.11086 0.606549 0.0662777 -1.38233 -1.96054 -1.13132 -0.4772 
1.18871 -1.83636 -1.72765 1.54224 -1.30528 -0.850839 2.08395 -1.11086 0.606549 0.0662777 -1.38233 -1.96054 -1.13132 -0.4772 
1.18832 -1.83667 -1.7271 1.54132 -1.30352 -0.853221 2.08294 -1.11086 0.606549 0.0662777 -1.38233 -1.96054 -1.13132 -0.4772 
1.18788 -1.83758 -1.72758 1.54131 -1.3036 -0.854285 2.08386 -1.11086 0.606549 0.0662777 -1.38233 -1.96054 -1.13132 -0.4772 
1.18758 -1.84225 -1.72867 1.54469 -1.30438 -0.855119 2.09497 -1.11086 0.606549 0.0662777 -1.38233 -1.96054 -1.13132 -0.4772 
1.1873 -1.85 -1.72957 1.55129 -1.30349 -0.857489 2.11515 -1.11086 0.606549 0.0662777 -1.38233 -1.96054 -1.13132 -0.4772 
1.18528 -1.86101 -1.73178 1.55743 -1.30285 -0.862656 2.14046 -1.11086 0.606549 0.0662777 -1.38233 -1.96054 -1.13132 -0.4772 
1.18192 -1.8739 -1.73603 1.5648 -1.30478 -0.866134 2.17332 -1.11086 0.606549 0.0662777 -1.38233 -1.96054 -1.13132 -0.4772 
1.17792 -1.88685 -1.73976 1.57149 -1.30583 -0.870123 2.20783 -1.11086 0.606549 0.0662777 -1.38233 -1.96054 -1.13132 -0.4772 
1.17193 -1.90101 -1.74288 1.57571 -1.30233 -0.879659 2.24539 -1.11086 0.606549 0.0662777 -1.38233 -1.96054 -1.13132 -0.4772 
1.16573 -1.91433 -1.74539 1.57977 -1.29794 -0.888025 2.28434 -1.11086 0.606549 0.0662777 -1.38233 -1.96054 -1.13132 -0.4772 
1.15819 -1.9279 -1.74856 1.58213 -1.29274 -0.897919 2.32452 -1.11086 0.606549 0.0662777 -1.38233 -1.96054 -1.13132 -0.4772 
1.1498 -1.94072 -1.75026 1.58248 -1.28387 -0.909788 2.36502 -1.11086 0.606549 0.0662777 -1.38233 -1.96054 -1.13132 -0.4772 
1.14147 -1.95289 -1.75087 1.582 -1.27318 -0.92143 2.40645 -1.11086 0.606549 0.0662777 -1.38233 -1.96054 -1.13132 -0.4772 
1.13179 -1.96699 -1.75507 1.58309 -1.27003 -0.930019 2.45022 -1.11086 0.606549 0.0662777 -1.38233 -1.96054 -1.13132 -0.4772 
1.12411 -1.96699 -1.74337 1.58132 -1.27813 -0.955448 2.49417 -1.11086 0.606549 0.0662777 -1.38233 -1.96054 -1.13132 -0.4772 
1.11714 -1.96699 -1.73252 1.57927 -1.28276 -0.977548 2.53415 -1.11086 0.606549 0.0662777 -1.38233 -1.96054 -1.13132 -0.4772 
1.1107 -1.96699 -1.72705 1.57504 -1.28366 -0.988695 2.56132 -1.11086 0.606549 0.0662777 -1.38233 -1.96054 -1.13132 -0.4772 
1.10486 -1.96699 -1.7244 1.56899 -1.28196 -0.997347 2.5759 -1.11086 0.606549 0.0662777 -1.38233 -1.96054 -1.13132 -0.4772 
1.09879 -1.96699 -1.72222 1.56238 -1.28119 -1.00785 2.58597 -1.11086 0.606549 0.0662777 -1.38233 -1.96054 -1.13132 -0.4772 
1.09787 -1.96608 -1.72129 1.56063 -1.28055 -1.00581 2.58523 -1.11086 0.606549 0.0662777 -1.38233 -1.96054 -1.13132 -0.4772 
1.09625 -1.96699 -1.7229 1.5599 -1.28681 -1.00633 2.5818 -1.11086 0.606549 0.0662777 -1.38233 -1.96054 -1.13132 -0.4772 
1.09632 -1.96663 -1.72266 1.55741 -1.28835 -1.01006 2.56627 -1.11086 0.606549 0.0662777 -1.38233 -1.96054 -1.13132 -0.4772 
1.09982 -1.96563 -1.72351 1.56054 -1.29837 -1.00547 2.54686 -1.11086 0.606549 0.0662777 -1.38233 -1.96054 -1.13132 -0.4772 
1.10464 -1.96459 -1.72538 1.56524 -1.31199 -0.998931 2.52206 -1.11086 0.606549 0.0662777 -1.38233 -1.96054 -1.13132 -0.4772 
1.10946 -1.96271 -1.72603 1.56623 -1.31972 -0.999901 2.48371 -1.11086 0.606549 0.0662777 -1.38233 -1.96054 -1.13132 -0.4772 
1.11585 -1.96049 -1.72664 1.56845 -1.32864 -0.999452 2.44168 -1.11086 0.606549 0.0662777 -1.38233 -1.96054 -1.13132 -0.4772 
1.12394 -1.95444 -1.72308 1.56765 -1.33054 -1.00125 2.39013 -1.11086 0.606549 0.0662777 -1.38233 -1.96054 -1.13132 -0.4772 
1.13368 -1.9497 -1.72434 1.56758 -1.34408 -1.00054 2.31917 -1.11086 0.606549 0.0662777 -1.38233 -1.96054 -1.13132 -0.4772 
1.13381 -1.94901 -1.72404 1.567 -1.34415 -1.00069 2.31416 -1.11086 0.606549 0.0662777 -1.38233 -1.96054 -1.13132 -0.4772 
1.14063 -1.94548 -1.72275 1.56568 -1.34854 -1.00332 2.26301 -1.11086 0.606549 0.0662777 -1.38233 -1.96054 -1.13132 -0.4772 
1.14737 -1.94161 -1.72062 1.56237 -1.35009 -1.00927 2.20497 -1.11086 0.606549 0.0662777 -1.38233 -1.96054 -1.13132 -0.4772 
1.15385 -1.93739 -1.71827 1.55893 -1.35115 -1.0138 2.15283 -1.11086 0.606549 0.0662777 -1.38233 -1.96054 -1.13132 -0.4772 
1.15973 -1.93302 -1.71507 1.55396 -1.34958 -1.02037 2.10072 -1.11086 0.606549 0.0662777 -1.38233 -1.96054 -1.13132 -0.4772 
1.16495 -1.92861 -1.7117 1.54848 -1.34754 -1.02672 2.05046 -1.11086 0.606549 0.0662777 -1.38233 -1.96054 -1.13132 -0.4772 
1.16879 -1.92522 -1.70921 1.54349 -1.34594 -1.03227 2.0102 -1.11086 0.606549 0.0662777 -1.38233 -1.96054 -1.13132 -0.4772 
1.17047 -1.91857 -1.70424 1.53292 -1.34109 -1.04135 1.95082 -1.11086 0.606549 0.0662777 -1.38233 -1.96054 -1.13132 -0.4772 
1.17291 -1.91451 -1.70045 1.52574 -1.33525 -1.04974 1.91329 -1.11086 0.606549 0.0662777 -1.38233 -1.96054 -1.13132 -0.4772 
1.17512 -1.90959 -1.69512 1.51715 -1.32544 -1.05986 1.87837 -1.11086 0.606549 0.0662777 -1.38233 -1.96054 -1.13132 -0.4772 
1.17216 -1.91489 -1.69814 1.51363 -1.32673 -1.07029 1.86704 -1.11086 0.606549 0.0662777 -1.38233 -1.96054 -1.13132 -0.4772 
1.17401 -1.90994 -1.69295 1.50544 -1.31697 -1.07936 1.83764 -1.11086 0.606549 0.0662777 -1.38233 -1.96054 -1.13132 -0.4772 
1.17468 -1.91183 -1.69425 1.50589 -1.3215 -1.07965 1.82908 -1.11086 0.606549 0.0662777 -1.38233 -1.96054 -1.13132 -0.4772 
1.17614 -1.91332 -1.69687 1.50834 -1.33208 -1.07432 1.81854 -1.11086 0.606549 0.0662777 -1.38233 -1.96054 -1.13132 -0.4772 
1.17351 -1.91277 -1.69524 1.49867 -1.32364 -1.08825 1.79673 -1.11086 0.606549 0.0662777 -1.38233 -1.96054 -1.13132 -0.4772 
1.17613 -1.90712 -1.69042 1.49227 -1.3175 -1.09205 1.768 -1.11086 0.606549 0.0662777 -1.38233 -1.96054 -1.13132 -0.4772 
1.17568 -1.90405 -1.68715 1.4829 -1.31145 -1.10164 1.73596 -1.11086 0.606549 0.0662777 -1.38233 -1.96054 -1.13132 -0.4772 
1.17269 -1.90778 -1.68968 1.47787 -1.31396 -1.11077 1.71774 -1.11086 0.606549 0.0662777 -1.38233 -1.96054 -1.13132 -0.4772 
1.17329 -1.90582 -1.68737 1.47275 -1.31215 -1.11528 1.69388 -1.11086 0.606549 0.0662777 -1.38233 -1.96054 -1.13132 -0.4772 
1.17036 -1.90935 -1.68945 1.46768 -1.31432 -1.12481 1.67279 -1.11086 0.606549 0.0662777 -1.38233 -1.96054 -1.13132 -0.4772 
1.17412 -1.90956 -1.68865 1.46923 -1.31272 -1.12595 1.67089 -1.11086 0.606549 0.0662777 -1.38233 -1.96054 -1.13132 -0.4772 
1.1738 -1.91004 -1.68907 1.46546 -1.3144 -1.13163 1.64811 -1.11086 0.606549 0.0662777 -1.38233 -1.96054 -1.13132 -0.4772 
1.17378 -1.90842 -1.68736 1.46019 -1.31186 -1.13847 1.62304 -1.11086 0.606549 0.0662777 -1.38233 -1.96054 -1.13132 -0.4772 
1.17261 -1.9089 -1.68738 1.45557 -1.31053 -1.14698 1.60096 -1.11086 0.606549 0.0662777 -1.38233 -1.96054 -1.13132 -0.4772 
1.17294 -1.90715 -1.68562 1.45208 -1.30735 -1.15284 1.58181 -1.11086 0.606549 0.0662777 -1.38233 -1.96054 -1.13132 -0.4772 
1.17222 -1.90544 -1.68356 1.44633 -1.30067 -1.16302 1.56155 -1.11086 0.606549 0.0662777 -1.38233 -1.96054 -1.13132 -0.4772 
1.17242 -1.9038 -1.68154 1.44303 -1.29525 -1.1704 1.54597 -1.11086 0.606549 0.0662777 -1.38233 -1.96054 -1.13132 -0.4772 
1.17224 -1.90474 -1.68188 1.44314 -1.29504 -1.17453 1.53824 -1.11086 0.606549 0.0662777 -1.38233 -1.96054 -1.13132 -0.4772 
1.17163 -1.90461 -1.6812 1.44152 -1.29037 -1.18143 1.53176 -1.11086 0.606549 0.0662777 -1.38233 -1.96054 -1.13132 -0.4772 
1.17269 -1.90452 -1.68097 1.44342 -1.28887 -1.18335 1.52964 -1.11086 0.606549 0.0662777 -1.38233 -1.96054 -1.13132 -0.4772 
1.17431 -1.90454 -1.68021 1.44554 -1.28635 -1.18602 1.52768 -1.11086 0.606549 0.0662777 -1.38233 -1.96054 -1.13132 -0.4772 
1.17637 -1.90244 -1.67788 1.44629 -1.28136 -1.18825 1.52422 -1.11086 0.606549 0.0662777 -1.38233 -1.96054 -1.13132 -0.4772 
1.17835 -1.9002 -1.67517 1.44731 -1.27576 -1.19049 1.5213 -1.11086 0.606549 0.0662777 -1.38233 -1.96054 -1.13132 -0.4772 
1.17888 -1.89761 -1.67117 1.44367 -1.26424 -1.19948 1.51515 -1.11086 0.606549 0.0662777 -1.38233 -1.96054 -1.13132 -0.4772 
1.18172 -1.89321 -1.66578 1.44167 -1.25363 -1.20442 1.5073 -1.11086 0.606549 0.0662777 -1.38233 -1.96054 -1.13132 -0.4772 
1.18422 -1.88837 -1.66051 1.4391 -1.24303 -1.2093 1.49962 -1.11086 0.606549 0.0662777 -1.38233 -1.96054 -1.13132 -0.4772 
1.18919 -1.87909 -1.6519 1.43578 -1.22987 -1.21147 1.48551 -1.11086 0.606549 0.0662777 -1.38233 -1.96054 -1.13132 -0.4772 
1.19198 -1.87258 -1.64544 1.43172 -1.2179 -1.21635 1.47448 -1.11086 0.606549 0.0662777 -1.38233 -1.96054 -1.13132 -0.4772 
1.1941 -1.86645 -1.6392 1.42713 -1.20588 -1.22226 1.46415 -1.11086 0.606549 0.0662777 -1.38233 -1.96054 -1.13132 -0.4772 
1.19629 -1.86016 -1.63309 1.42259 -1.19407 -1.22799 1.45344 -1.11086 0.606549 0.0662777 -1.38233 -1.96054 -1.13132 -0.4772 
1.19841 -1.85359 -1.6269 1.41798 -1.18241 -1.23376 1.44264 -1.11086 0.606549 0.0662777 -1.38233 -1.96054 -1.13132 -0.4772 
1.20023 -1.84746 -1.62094 1.41325 -1.17076 -1.23999 1.4329 -1.11086 0.606549 0.0662777 -1.38233 -1.96054 -1.13132 -0.4772 
1.20159 -1.84147 -1.61513 1.40804 -1.15916 -1.24672 1.42328 -1.11086 0.606549 0.0662777 -1.38233 -1.96054 -1.13132 -0.4772 
1.20212 -1.83628 -1.61012 1.4024 -1.14778 -1.25433 1.4144 -1.11086 0.606549 0.0662777 -1.38233 -1.96054 -1.13132 -0.4772 
1.20219 -1.83121 -1.6054 1.39611 -1.13657 -1.26283 1.40622 -1.11086 0.606549 0.0662777 -1.38233 -1.96054 -1.13132 -0.4772 
1.20292 -1.82573 -1.60107 1.39124 -1.12686 -1.2678 1.40103 -1.11086 0.606549 0.0662777 -1.38233 -1.96054 -1.13132 -0.4772 
1.20325 -1.82384 -1.59963 1.3898 -1.12367 -1.26914 1.39968 -1.11086 0.606549 0.0662777 -1.38233 -1.96054 -1.13132 -0.4772 
1.20574 -1.82272 -1.59948 1.39549 -1.12333 -1.26411 1.40727 -1.11086 0.606549 0.0662777 -1.38233 -1.96054 -1.13132 -0.4772 
1.20594 -1.82255 -1.5994 1.39594 -1.12327 -1.26376 1.40791 -1.11086 0.606549 0.0662777 -1.38233 -1.96054 -1.13132 -0.4772 
1.20596 -1.82252 -1.59939 1.39595 -1.12313 -1.26377 1.40802 -1.11086 0.606549 0.0662777 -1.38233 -1.96054 -1.13132 -0.4772 
1.20601 -1.82242 -1.59932 1.39599 -1.1231 -1.26374 1.40808 -1.11086 0.606549 0.0662777 -1.38233 -1.96054 -1.13132 -0.4772 
1.20603 -1.82243 -1.59933 1.39602 -1.12308 -1.26372 1.40811 -1.11086 0.606549 0.0662777 -1.38233 -1.96054 -1.13132 -0.4772 
1.20612 -1.82224 -1.5993 1.39606 -1.12321 -1.26338 1.40772 -1.11086 0.606549 0.0662777 -1.38233 -1.96054 -1.13132 -0.4772 
1.20596 -1.82269 -1.59943 1.39607 -1.12305 -1.26382 1.40841 -1.11086 0.606549 0.0662777 -1.38233 -1.96054 -1.13132 -0.4772 
1.20596 -1.82267 -1.59943 1.39605 -1.12304 -1.26384 1.40838 -1.11086 0.606549 0.0662777 -1.38233 -1.96054 -1.13132 -0.4772 
1.2059 -1.82284 -1.59942 1.39607 -1.12301 -1.26407 1.40876 -1.11086 0.606549 0.0662777 -1.38233 -1.96054 -1.13132 -0.4772 
1.20608 -1.82242 -1.59933 1.39614 -1.12326 -1.26351 1.40805 -1.11086 0.606549 0.0662777 -1.38233 -1.96054 -1.13132 -0.4772 
1.20608 -1.82243 -1.59931 1.39616 -1.12331 -1.26352 1.40813 -1.11086 0.606549 0.0662777 -1.38233 -1.96054 -1.13132 -0.4772 
