1.05408 -1.9205 -1.79201 1.3387 -1.07146 -1.12439 2.04613 -1.76573 1.79561 -1.08276 1.58058 2.07161 0.731753 -2.08856 
1.02168 -1.91579 -1.78964 1.26779 -1.06045 -1.15988 2.01757 -1.75073 1.79775 -1.05788 1.55599 2.07902 0.785789 -2.19191 
1.02229 -1.91162 -1.78658 1.26296 -1.06083 -1.15487 2.00877 -1.74718 1.80997 -1.0496 1.55618 2.07824 0.785064 -2.22393 
1.02334 -1.90811 -1.78434 1.26006 -1.059 -1.15575 2.00014 -1.74887 1.78685 -1.0567 1.5492 2.07797 0.803334 -2.20795 
1.02214 -1.90812 -1.78501 1.25626 -1.05814 -1.16157 1.99519 -1.74979 1.78165 -1.05869 1.54815 2.07707 0.805499 -2.20209 
1.02141 -1.91078 -1.78706 1.25733 -1.05871 -1.16373 2.00063 -1.75031 1.77112 -1.06301 1.54374 2.07866 0.811495 -2.18577 
1.02437 -1.91429 -1.78937 1.26651 -1.06004 -1.16064 2.01305 -1.74556 1.76774 -1.05918 1.53485 2.07862 0.825952 -2.21015 
1.02969 -1.91652 -1.79014 1.27856 -1.06217 -1.15609 2.01825 -1.75495 1.78637 -1.06832 1.55457 2.0733 0.782647 -2.16681 
1.03927 -1.91878 -1.78943 1.29736 -1.06287 -1.14853 2.02658 -1.74232 1.78949 -1.0513 1.5357 2.07849 0.814794 -2.23921 
1.05017 -1.91882 -1.78636 1.31603 -1.06123 -1.14053 2.03178 -1.74929 1.78958 -1.06322 1.54536 2.0761 0.792285 -2.19158 
1.05784 -1.91983 -1.78506 1.33002 -1.06243 -1.13155 2.03841 -1.74208 1.78432 -1.05519 1.53164 2.07987 0.816791 -2.22645 
1.06066 -1.92114 -1.78539 1.33653 -1.06419 -1.12736 2.04218 -1.73473 1.79382 -1.04298 1.52277 2.08219 0.831392 -2.27866 
1.06399 -1.92301 -1.78622 1.3447 -1.06622 -1.12277 2.04782 -1.73563 1.78169 -1.04857 1.51857 2.08445 0.836505 -2.25679 
1.06711 -1.92384 -1.78598 1.35149 -1.0669 -1.11923 2.0514 -1.73381 1.78538 -1.04391 1.51745 2.07988 0.839208 -2.28354 
1.07174 -1.92369 -1.78415 1.35808 -1.0643 -1.1188 2.05221 -1.73468 1.77543 -1.04875 1.51346 2.08161 0.843178 -2.26424 
1.07752 -1.92496 -1.78382 1.36893 -1.06509 -1.11408 2.05684 -1.7347 1.77039 -1.0508 1.50955 2.08292 0.845789 -2.25423 
1.0838 -1.92684 -1.78335 1.3812 -1.06381 -1.11189 2.06311 -1.73302 1.78331 -1.04575 1.50858 2.08719 0.839909 -2.26314 
1.08781 -1.93071 -1.78479 1.39289 -1.0648 -1.11 2.07195 -1.73014 1.79509 -1.0388 1.50687 2.08859 0.838166 -2.28693 
1.0896 -1.93332 -1.7856 1.39904 -1.06407 -1.11248 2.07525 -1.72646 1.80927 -1.02982 1.50527 2.08992 0.837489 -2.31934 
1.09084 -1.93468 -1.78551 1.40234 -1.06312 -1.11442 2.07674 -1.73045 1.80666 -1.03425 1.50988 2.08762 0.829268 -2.30027 
1.08969 -1.9372 -1.78653 1.40294 -1.06117 -1.12058 2.07949 -1.72957 1.81199 -1.029 1.51098 2.08406 0.829411 -2.32398 
1.08748 -1.93832 -1.78728 1.40013 -1.05897 -1.12724 2.07963 -1.7265 1.80647 -1.0252 1.50235 2.08919 0.843764 -2.33543 
1.28281 -1.96699 -1.88414 1.91548 -1.28843 -0.77991 2.34562 -1.72898 1.80935 -1.02959 1.50822 2.08656 0.833403 -2.32145 
1.11946 -1.93714 -1.78906 1.46635 -1.07375 -1.08105 2.10652 -1.59348 1.67881 -1.04024 1.28737 2.18777 1.06093 -2.31171 
