1.11342 -1.73743 -1.53337 1.40243 1.85918 1.26169 -1.14356 1.5301 -1.679 -0.92034 -1.3831 -1.29173 1.21152 -2.28392 
1.11335 -1.73747 -1.53342 1.40228 1.85938 1.26185 -1.1437 1.5301 -1.679 -0.92034 -1.3831 -1.29173 1.21152 -2.28392 
1.1135 -1.73838 -1.53418 1.40331 1.85733 1.26068 -1.14219 1.5301 -1.679 -0.92034 -1.3831 -1.29173 1.21152 -2.28392 
1.11355 -1.73849 -1.53413 1.40345 1.85718 1.26047 -1.14221 1.5301 -1.679 -0.92034 -1.3831 -1.29173 1.21152 -2.28392 
1.11425 -1.73761 -1.53349 1.40386 1.85754 1.25922 -1.14296 1.5301 -1.679 -0.92034 -1.3831 -1.29173 1.21152 -2.28392 
1.11438 -1.73758 -1.53352 1.40405 1.85722 1.2588 -1.14318 1.5301 -1.679 -0.92034 -1.3831 -1.29173 1.21152 -2.28392 
1.1134 -1.73937 -1.53478 1.40401 1.85595 1.26017 -1.14104 1.5301 -1.679 -0.92034 -1.3831 -1.29173 1.21152 -2.28392 
1.11345 -1.73902 -1.53453 1.40388 1.85646 1.26024 -1.14131 1.5301 -1.679 -0.92034 -1.3831 -1.29173 1.21152 -2.28392 
1.11372 -1.73834 -1.53404 1.40358 1.85732 1.26007 -1.14243 1.5301 -1.679 -0.92034 -1.3831 -1.29173 1.21152 -2.28392 
1.11351 -1.73879 -1.53437 1.40342 1.857 1.26054 -1.14229 1.5301 -1.679 -0.92034 -1.3831 -1.29173 1.21152 -2.28392 
1.11392 -1.73866 -1.53432 1.40425 1.85628 1.25915 -1.14181 1.5301 -1.679 -0.92034 -1.3831 -1.29173 1.21152 -2.28392 
1.11412 -1.73889 -1.53455 1.40517 1.85529 1.25812 -1.14056 1.5301 -1.679 -0.92034 -1.3831 -1.29173 1.21152 -2.28392 
1.11299 -1.74001 -1.5352 1.40409 1.85535 1.26048 -1.14002 1.5301 -1.679 -0.92034 -1.3831 -1.29173 1.21152 -2.28392 
1.11284 -1.73955 -1.5347 1.40322 1.85664 1.2615 -1.14131 1.5301 -1.679 -0.92034 -1.3831 -1.29173 1.21152 -2.28392 
1.11308 -1.7391 -1.53427 1.40295 1.8575 1.26173 -1.14231 1.5301 -1.679 -0.92034 -1.3831 -1.29173 1.21152 -2.28392 
1.11364 -1.73888 -1.53438 1.40383 1.85675 1.26009 -1.14105 1.5301 -1.679 -0.92034 -1.3831 -1.29173 1.21152 -2.28392 
