1.01429 -1.83052 -1.66302 1.24376 -1.20311 -1.2621 2.05926 -1.88226 1.43447 -1.46621 1.60064 2.81867 0.489588 -2.54567 
1.01648 -1.82544 -1.65793 1.24055 -1.2031 -1.25659 2.03899 -1.88383 1.46639 -1.44557 1.59663 2.80329 0.504138 -2.59452 
1.01534 -1.82475 -1.6583 1.23817 -1.20521 -1.25565 2.03235 -1.88018 1.47468 -1.43593 1.58772 2.78594 0.520995 -2.63062 
1.01503 -1.82325 -1.65793 1.23549 -1.20421 -1.25754 2.02619 -1.87811 1.46639 -1.43661 1.57983 2.78178 0.536996 -2.63526 
1.01307 -1.82438 -1.65909 1.23134 -1.20392 -1.26267 2.02245 -1.87912 1.45506 -1.44121 1.5804 2.77795 0.535561 -2.6319 
1.01254 -1.82587 -1.6603 1.23155 -1.20423 -1.26447 2.02599 -1.87856 1.46175 -1.43841 1.57954 2.77745 0.53535 -2.6373 
1.01599 -1.82773 -1.66183 1.24031 -1.20579 -1.26181 2.03638 -1.8769 1.46436 -1.43659 1.57664 2.77061 0.53741 -2.64956 
1.02314 -1.82856 -1.66176 1.25369 -1.20619 -1.25819 2.04376 -1.87438 1.4563 -1.43946 1.56933 2.76701 0.547859 -2.65114 
1.03291 -1.82794 -1.65961 1.27063 -1.20516 -1.25211 2.05065 -1.87376 1.45147 -1.44462 1.56744 2.77605 0.547561 -2.63319 
1.04316 -1.82738 -1.65808 1.28927 -1.20637 -1.24347 2.05887 -1.87273 1.45388 -1.44569 1.56554 2.78258 0.547471 -2.62474 
1.05008 -1.82738 -1.65699 1.30172 -1.20697 -1.238 2.06478 -1.87051 1.46107 -1.44151 1.5618 2.77778 0.552059 -2.63861 
1.05436 -1.82871 -1.65755 1.31148 -1.20888 -1.23478 2.0705 -1.87029 1.47245 -1.43549 1.56317 2.77096 0.548052 -2.65682 
1.05715 -1.82986 -1.6581 1.31799 -1.21004 -1.23317 2.07475 -1.87081 1.48025 -1.43319 1.56445 2.77395 0.543239 -2.65736 
1.06058 -1.82989 -1.65732 1.3245 -1.20951 -1.23185 2.07734 -1.87017 1.48969 -1.42812 1.56337 2.76987 0.543899 -2.67097 
1.06448 -1.82945 -1.65655 1.33126 -1.20944 -1.22901 2.08001 -1.87058 1.48456 -1.43265 1.5616 2.7799 0.543806 -2.65179 
1.06876 -1.83113 -1.65731 1.34075 -1.20953 -1.22862 2.08649 -1.87142 1.46689 -1.44219 1.55955 2.78354 0.544136 -2.63208 
1.07565 -1.83181 -1.65676 1.35347 -1.20983 -1.22489 2.09349 -1.87082 1.46701 -1.44227 1.55734 2.78205 0.545005 -2.63404 
1.08251 -1.83206 -1.65631 1.3668 -1.21152 -1.21866 2.10043 -1.8693 1.47099 -1.44097 1.55308 2.78493 0.549087 -2.63372 
1.0883 -1.83279 -1.65612 1.378 -1.2124 -1.21498 2.10601 -1.86647 1.47284 -1.43811 1.54509 2.77961 0.560696 -2.64623 
1.092 -1.83327 -1.65558 1.38527 -1.21228 -1.2134 2.10914 -1.86574 1.48019 -1.43195 1.54277 2.77302 0.565601 -2.66403 
1.09349 -1.83332 -1.655 1.38823 -1.21145 -1.21358 2.11007 -1.86727 1.49582 -1.42411 1.54861 2.76919 0.554425 -2.6801 
1.09278 -1.83379 -1.65539 1.38767 -1.21123 -1.21482 2.11052 -1.86554 1.49842 -1.4163 1.54177 2.75645 0.570918 -2.70782 
1.32268 -1.81192 -1.7502 1.91446 -1.42979 -0.943091 2.39083 -1.86574 1.49786 -1.41757 1.54271 2.75831 0.568733 -2.70401 
1.32698 -1.81458 -1.74964 1.9051 -1.42586 -0.953723 2.35645 -1.89625 1.56497 -1.41953 1.64152 2.7905 0.377884 -2.65858 
1.32746 -1.81477 -1.74962 1.90429 -1.42565 -0.954694 2.35323 -1.89874 1.57478 -1.41716 1.65069 2.78864 0.36053 -2.66299 
1.32754 -1.81474 -1.74958 1.90419 -1.42565 -0.954863 2.35288 -1.8988 1.55739 -1.42362 1.65022 2.789 0.360401 -2.6541 
1.32755 -1.81478 -1.7496 1.90417 -1.42562 -0.954862 2.35279 -1.89393 1.5423 -1.4277 1.64519 2.78507 0.364943 -2.65311 
1.32755 -1.81476 -1.74959 1.90417 -1.42563 -0.954893 2.35278 -1.88357 1.53326 -1.42686 1.62966 2.77978 0.387831 -2.66065 
1.32755 -1.81476 -1.74958 1.90417 -1.42563 -0.954898 2.35278 -1.87493 1.51081 -1.4353 1.61816 2.78195 0.400389 -2.64833 
1.32755 -1.81475 -1.74958 1.90417 -1.42563 -0.954898 2.35278 -1.86533 1.47997 -1.44585 1.60312 2.77789 0.41977 -2.64042 
1.32755 -1.81475 -1.74958 1.90417 -1.42563 -0.954899 2.35278 -1.85446 1.44355 -1.45977 1.58677 2.77336 0.441022 -2.62932 
1.32755 -1.81475 -1.74958 1.90417 -1.42563 -0.954899 2.35278 -1.8423 1.42374 -1.46541 1.57155 2.76191 0.46049 -2.63739 
1.32755 -1.81475 -1.74958 1.90417 -1.42563 -0.954899 2.35278 -1.83004 1.41654 -1.46689 1.55683 2.7595 0.478666 -2.64049 
1.32755 -1.81475 -1.74958 1.90417 -1.42563 -0.954899 2.35278 -1.81775 1.39721 -1.47498 1.54349 2.75157 0.492367 -2.64132 
1.32755 -1.81475 -1.74958 1.90417 -1.42563 -0.954899 2.35278 -1.80193 1.36816 -1.48798 1.51976 2.75195 0.524871 -2.6269 
1.32755 -1.81475 -1.74958 1.90417 -1.42563 -0.954899 2.35277 -1.78724 1.34762 -1.49924 1.50251 2.75197 0.542962 -2.61451 
1.32755 -1.81476 -1.74958 1.90417 -1.42563 -0.954899 2.35277 -1.77353 1.32671 -1.51153 1.48843 2.75102 0.555851 -2.60077 
1.32755 -1.81476 -1.74958 1.90417 -1.42563 -0.954898 2.35277 -1.76311 1.31424 -1.52087 1.47651 2.75562 0.565304 -2.58403 
1.32755 -1.81476 -1.74958 1.90417 -1.42563 -0.954898 2.35277 -1.75552 1.30676 -1.52744 1.46793 2.75907 0.572222 -2.57247 
1.32755 -1.81476 -1.74958 1.90417 -1.42563 -0.954898 2.35277 -1.75284 1.30856 -1.52826 1.46437 2.76287 0.575535 -2.56825 
1.32755 -1.81476 -1.74958 1.90417 -1.42563 -0.954898 2.35277 -1.75572 1.31903 -1.52402 1.47142 2.76195 0.562375 -2.57531 
1.32755 -1.81476 -1.74958 1.90417 -1.42563 -0.954898 2.35277 -1.75572 1.31932 -1.52366 1.46886 2.76398 0.567225 -2.57374 
1.32755 -1.81476 -1.74958 1.90417 -1.42563 -0.954898 2.35277 -1.75711 1.32264 -1.52169 1.46973 2.76409 0.566651 -2.57633 
1.32755 -1.81476 -1.74958 1.90417 -1.42563 -0.954898 2.35277 -1.75817 1.3196 -1.52114 1.46971 2.75586 0.568873 -2.58727 
1.32755 -1.81476 -1.74958 1.90417 -1.42563 -0.954898 2.35277 -1.7598 1.32627 -1.51733 1.47135 2.75659 0.566324 -2.59148 
1.32755 -1.81476 -1.74958 1.90417 -1.42563 -0.954898 2.35277 -1.76095 1.32894 -1.51676 1.47357 2.75934 0.562363 -2.58838 
1.13031 -1.82844 -1.6596 1.46178 -1.20681 -1.17624 2.17799 -1.70267 1.27271 -1.52452 1.3689 2.70624 0.757161 -2.68343 
1.10595 -1.8297 -1.65475 1.41028 -1.19226 -1.20008 2.16175 -1.71444 1.2604 -1.53309 1.39812 2.70238 0.715836 -2.65964 
1.10343 -1.8298 -1.65426 1.40496 -1.19075 -1.20257 2.16007 -1.71812 1.24681 -1.54058 1.40916 2.69753 0.701241 -2.64716 
1.10312 -1.8299 -1.65425 1.40442 -1.19055 -1.20289 2.15994 -1.71723 1.24428 -1.54234 1.40626 2.6995 0.706198 -2.64238 
1.09691 -1.83489 -1.65817 1.39873 -1.18935 -1.21395 2.16247 -1.7159 1.23832 -1.54527 1.40361 2.6982 0.710875 -2.63898 
1.09186 -1.83837 -1.66094 1.39329 -1.18718 -1.22385 2.16334 -1.72122 1.2458 -1.54113 1.41325 2.69658 0.695424 -2.64506 
1.09001 -1.83992 -1.66204 1.39188 -1.18687 -1.22679 2.16442 -1.72253 1.24869 -1.54021 1.41333 2.70266 0.695706 -2.63829 
1.09022 -1.83985 -1.66216 1.39219 -1.18752 -1.22623 2.16402 -1.72518 1.25515 -1.53581 1.41441 2.70611 0.697069 -2.6412 
1.09061 -1.83942 -1.66155 1.39211 -1.18709 -1.22598 2.16308 -1.72789 1.25007 -1.53618 1.41652 2.70323 0.699947 -2.64268 
1.09118 -1.83974 -1.66184 1.39334 -1.18846 -1.22444 2.1638 -1.73187 1.24999 -1.53424 1.41859 2.70308 0.703821 -2.64555 
1.09201 -1.8393 -1.66161 1.3946 -1.1895 -1.222 2.16442 -1.73614 1.24962 -1.53127 1.42011 2.69904 0.711439 -2.65647 
1.09307 -1.83913 -1.6616 1.3963 -1.1908 -1.21942 2.16548 -1.73943 1.2626 -1.5228 1.41861 2.70205 0.719956 -2.6703 
1.09188 -1.84009 -1.66241 1.39516 -1.19032 -1.22187 2.16593 -1.74066 1.26409 -1.52269 1.41447 2.71179 0.731548 -2.65995 
1.09183 -1.83997 -1.66229 1.39493 -1.19016 -1.22217 2.16536 -1.74604 1.26539 -1.52052 1.41899 2.71082 0.731604 -2.66402 
1.09198 -1.84043 -1.66285 1.39582 -1.19152 -1.22106 2.16637 -1.75164 1.26583 -1.51873 1.42309 2.7108 0.732265 -2.66594 
1.092 -1.83998 -1.66232 1.39525 -1.19056 -1.2214 2.16602 -1.75832 1.27017 -1.51509 1.43028 2.70997 0.727068 -2.67152 
1.09241 -1.83945 -1.66195 1.39555 -1.19033 -1.22069 2.1658 -1.76154 1.27163 -1.51378 1.43085 2.71447 0.731499 -2.66805 
1.09298 -1.83951 -1.66201 1.39704 -1.19186 -1.21859 2.1664 -1.76503 1.27583 -1.51064 1.43152 2.71753 0.73594 -2.67004 
1.09298 -1.83919 -1.66185 1.39686 -1.19159 -1.21859 2.16607 -1.76865 1.27778 -1.50823 1.43275 2.71701 0.739811 -2.67524 
1.09244 -1.83964 -1.66225 1.39617 -1.19117 -1.2201 2.16589 -1.7734 1.28608 -1.50244 1.43693 2.71285 0.737638 -2.69133 
1.09255 -1.83904 -1.66174 1.39598 -1.19052 -1.2202 2.16535 -1.77599 1.29177 -1.50048 1.43808 2.71593 0.736252 -2.69183 
1.09196 -1.84006 -1.66281 1.39645 -1.19175 -1.22003 2.16682 -1.77556 1.28462 -1.50471 1.43624 2.71543 0.73921 -2.68483 
1.09271 -1.83875 -1.66176 1.39623 -1.19059 -1.21959 2.16528 -1.77535 1.28335 -1.50635 1.43533 2.71655 0.738565 -2.68042 
1.09297 -1.83774 -1.66082 1.39506 -1.18875 -1.22029 2.1638 -1.7769 1.28615 -1.50423 1.43898 2.7104 0.731271 -2.69113 
1.09273 -1.83727 -1.66021 1.39358 -1.18699 -1.22228 2.16205 -1.77694 1.28798 -1.50355 1.43897 2.71028 0.72979 -2.69246 
1.09242 -1.83777 -1.66067 1.39342 -1.18718 -1.22288 2.16226 -1.77704 1.29001 -1.50221 1.43907 2.70747 0.728856 -2.69923 
1.09206 -1.83878 -1.6615 1.39436 -1.18878 -1.22206 2.16402 -1.77563 1.28382 -1.5051 1.43665 2.70424 0.732687 -2.69864 
1.09189 -1.83989 -1.66289 1.39609 -1.1915 -1.2201 2.16665 -1.77571 1.28173 -1.50629 1.43624 2.70366 0.733421 -2.69731 
1.09187 -1.8404 -1.66349 1.39686 -1.19258 -1.21932 2.16818 -1.77477 1.28115 -1.50682 1.43388 2.70407 0.737113 -2.69694 
1.09231 -1.84044 -1.66369 1.39817 -1.19388 -1.21722 2.1699 -1.77309 1.28358 -1.50586 1.42897 2.70595 0.745123 -2.69925 
1.09037 -1.84431 -1.66657 1.39444 -1.20478 -1.21842 2.15048 -1.7805 1.29315 -1.50723 1.43937 2.71631 0.728498 -2.6833 
1.09186 -1.84311 -1.66536 1.39465 -1.20594 -1.21607 2.14523 -1.7799 1.29234 -1.508 1.43747 2.71817 0.732051 -2.68024 
1.09051 -1.84516 -1.66759 1.39445 -1.20764 -1.21187 2.1624 -1.7775 1.28643 -1.51035 1.43309 2.71717 0.740093 -2.67841 
1.08623 -1.84822 -1.67086 1.39061 -1.2074 -1.21166 2.1831 -1.77703 1.28475 -1.51107 1.43208 2.71763 0.741579 -2.67624 
1.08078 -1.85102 -1.67418 1.38426 -1.20694 -1.21238 2.20267 -1.77754 1.28629 -1.50942 1.43355 2.71436 0.739708 -2.68307 
1.07408 -1.8535 -1.67717 1.37476 -1.20409 -1.21628 2.22055 -1.77819 1.28562 -1.5102 1.4351 2.71537 0.736791 -2.67941 
1.06845 -1.85552 -1.67997 1.36712 -1.20214 -1.21835 2.23765 -1.77802 1.28421 -1.51073 1.43513 2.71432 0.737071 -2.67959 
1.06404 -1.85676 -1.68174 1.35968 -1.19933 -1.22032 2.25234 -1.77822 1.28171 -1.51203 1.43577 2.71356 0.73625 -2.67768 
1.05923 -1.85907 -1.68426 1.35264 -1.19763 -1.22261 2.26794 -1.77749 1.28024 -1.51331 1.43443 2.71557 0.738109 -2.67302 
1.05288 -1.86277 -1.68782 1.34476 -1.19637 -1.22627 2.28616 -1.77734 1.2806 -1.51311 1.43408 2.71502 0.73886 -2.67444 
1.04978 -1.86382 -1.68884 1.33875 -1.19431 -1.22565 2.30142 -1.77975 1.29066 -1.50762 1.43801 2.71397 0.732276 -2.68563 
1.04523 -1.86551 -1.69044 1.33111 -1.1912 -1.22818 2.31717 -1.77887 1.28901 -1.50915 1.4363 2.7161 0.734585 -2.6808 
1.03827 -1.8693 -1.69424 1.3218 -1.18888 -1.23422 2.33458 -1.77734 1.28223 -1.51323 1.43399 2.71786 0.738109 -2.67112 
1.03397 -1.87226 -1.69692 1.31702 -1.18834 -1.23499 2.3521 -1.77693 1.28186 -1.51358 1.43252 2.71886 0.739896 -2.66971 
1.03533 -1.87195 -1.69454 1.31748 -1.18573 -1.23505 2.35225 -1.77677 1.28704 -1.51146 1.43104 2.72247 0.741977 -2.67013 
1.03959 -1.8713 -1.69091 1.32279 -1.18269 -1.23375 2.35071 -1.7757 1.28234 -1.5136 1.4295 2.72168 0.744677 -2.66735 
1.04642 -1.87152 -1.68807 1.33495 -1.18466 -1.2253 2.35332 -1.77606 1.28495 -1.51158 1.42984 2.72001 0.744266 -2.67314 
1.0502 -1.87295 -1.68711 1.34336 -1.18488 -1.22385 2.35536 -1.77701 1.28623 -1.5105 1.43223 2.71741 0.740835 -2.67809 
1.05736 -1.87252 -1.68363 1.35495 -1.18442 -1.21808 2.3564 -1.77822 1.28824 -1.50922 1.43501 2.71603 0.736412 -2.68114 
1.06173 -1.87707 -1.68201 1.36892 -1.18381 -1.21324 2.37377 -1.77838 1.28761 -1.50934 1.43546 2.7151 0.735602 -2.68183 
1.06211 -1.88469 -1.68184 1.38183 -1.18114 -1.211 2.40479 -1.77848 1.2831 -1.51256 1.43602 2.7169 0.734593 -2.67275 
1.05979 -1.89376 -1.68419 1.39452 -1.18087 -1.20654 2.44504 -1.77916 1.2845 -1.51196 1.4374 2.71647 0.732462 -2.67441 
1.05627 -1.90353 -1.68741 1.40699 -1.18388 -1.20047 2.48322 -1.77887 1.28813 -1.50908 1.43657 2.7152 0.734421 -2.682 
1.0514 -1.91405 -1.69141 1.41798 -1.18797 -1.19672 2.51697 -1.77859 1.28257 -1.51202 1.43666 2.71464 0.734446 -2.67652 
1.04702 -1.92451 -1.69491 1.42995 -1.19306 -1.19318 2.54586 -1.77843 1.28225 -1.5133 1.43545 2.71951 0.735558 -2.66819 
1.04302 -1.93335 -1.69635 1.43963 -1.19498 -1.19122 2.57187 -1.77784 1.28064 -1.5143 1.43418 2.72066 0.737886 -2.66519 
1.03805 -1.94242 -1.699 1.44719 -1.19879 -1.18994 2.59524 -1.77887 1.2811 -1.51337 1.43661 2.71728 0.733969 -2.67041 
1.03279 -1.95029 -1.70185 1.45134 -1.20328 -1.1914 2.60703 -1.77777 1.27878 -1.51401 1.43524 2.71506 0.736377 -2.67242 
1.02733 -1.95815 -1.70549 1.45403 -1.20955 -1.19624 2.6082 -1.7784 1.28301 -1.51168 1.43648 2.71487 0.734847 -2.67681 
1.02134 -1.96699 -1.70958 1.45641 -1.21798 -1.20542 2.60152 -1.77993 1.2887 -1.50983 1.4385 2.71879 0.730751 -2.67501 
1.01703 -1.96699 -1.70339 1.45432 -1.22453 -1.22623 2.58341 -1.77912 1.28315 -1.5113 1.43745 2.7149 0.733041 -2.67692 
1.01863 -1.96699 -1.70204 1.45718 -1.22983 -1.22599 2.57965 -1.77856 1.28361 -1.51188 1.4355 2.71891 0.735365 -2.6713 
1.02048 -1.96699 -1.6995 1.46043 -1.24375 -1.23202 2.55494 -1.77591 1.28178 -1.51282 1.43016 2.71833 0.742931 -2.67235 
1.02484 -1.96676 -1.70007 1.4632 -1.25875 -1.2341 2.50879 -1.77484 1.2811 -1.51338 1.428 2.71779 0.745227 -2.67295 
1.03077 -1.96524 -1.69928 1.46463 -1.27013 -1.23749 2.45296 -1.7745 1.28239 -1.51279 1.42752 2.71654 0.744639 -2.67594 
