1.08468 -1.77254 -1.45428 1.50169 -1.42838 -1.43141 2.35619 -1.11007 0.610447 0.0654194 -1.37338 -1.9629 -1.13369 -0.471729 
1.06432 -1.77124 -1.4582 1.47009 -1.4293 -1.43304 2.34378 -1.11086 0.606555 0.0662764 -1.38232 -1.96055 -1.13132 -0.477192 
1.064 -1.77377 -1.46011 1.47111 -1.43527 -1.43062 2.34665 -1.11086 0.606549 0.0662777 -1.38233 -1.96054 -1.13132 -0.4772 
1.06183 -1.77541 -1.46147 1.46789 -1.43518 -1.43361 2.34626 -1.11086 0.606549 0.0662777 -1.38233 -1.96054 -1.13132 -0.4772 
1.06212 -1.77445 -1.46104 1.46741 -1.43512 -1.43273 2.34474 -1.11086 0.606549 0.0662777 -1.38233 -1.96054 -1.13132 -0.4772 
1.06199 -1.77477 -1.46048 1.46668 -1.4339 -1.4336 2.34435 -1.11086 0.606549 0.0662777 -1.38233 -1.96054 -1.13132 -0.4772 
1.06374 -1.7739 -1.4613 1.47014 -1.43843 -1.42886 2.34502 -1.11086 0.606549 0.0662777 -1.38233 -1.96054 -1.13132 -0.4772 
1.06343 -1.77425 -1.46228 1.47045 -1.43924 -1.42912 2.34671 -1.11086 0.606549 0.0662777 -1.38233 -1.96054 -1.13132 -0.4772 
1.06245 -1.7751 -1.46264 1.46951 -1.43852 -1.4309 2.34682 -1.11086 0.606549 0.0662777 -1.38233 -1.96054 -1.13132 -0.4772 
1.06351 -1.77374 -1.46199 1.47041 -1.43887 -1.42867 2.34627 -1.11086 0.606549 0.0662777 -1.38233 -1.96054 -1.13132 -0.4772 
1.0627 -1.77448 -1.46234 1.46911 -1.43809 -1.4304 2.34728 -1.11086 0.606549 0.0662777 -1.38233 -1.96054 -1.13132 -0.4772 
1.06084 -1.777 -1.46425 1.46836 -1.43889 -1.43381 2.34853 -1.11086 0.606549 0.0662777 -1.38233 -1.96054 -1.13132 -0.4772 
1.06004 -1.77705 -1.46435 1.46658 -1.43724 -1.43571 2.34656 -1.11086 0.606549 0.0662777 -1.38233 -1.96054 -1.13132 -0.4772 
1.06027 -1.77711 -1.46414 1.46696 -1.43728 -1.43568 2.34678 -1.11086 0.606549 0.0662777 -1.38233 -1.96054 -1.13132 -0.4772 
1.06147 -1.77588 -1.46319 1.46847 -1.43787 -1.4327 2.34737 -1.11086 0.606549 0.0662777 -1.38233 -1.96054 -1.13132 -0.4772 
1.06236 -1.77562 -1.46349 1.47038 -1.44032 -1.4304 2.34758 -1.11086 0.606549 0.0662777 -1.38233 -1.96054 -1.13132 -0.4772 
1.06248 -1.77433 -1.46194 1.46863 -1.43743 -1.4308 2.34519 -1.11086 0.606549 0.0662777 -1.38233 -1.96054 -1.13132 -0.4772 
1.06261 -1.77372 -1.4611 1.46769 -1.43572 -1.43151 2.34392 -1.11086 0.606549 0.0662777 -1.38233 -1.96054 -1.13132 -0.4772 
1.06159 -1.77536 -1.46238 1.46754 -1.43623 -1.43323 2.34582 -1.11086 0.606549 0.0662777 -1.38233 -1.96054 -1.13132 -0.4772 
1.06323 -1.77401 -1.46114 1.46887 -1.43634 -1.43078 2.34475 -1.11086 0.606549 0.0662777 -1.38233 -1.96054 -1.13132 -0.4772 
1.06341 -1.77313 -1.46069 1.46832 -1.43571 -1.43028 2.34399 -1.11086 0.606549 0.0662777 -1.38233 -1.96054 -1.13132 -0.4772 
1.0638 -1.77337 -1.46099 1.4697 -1.43727 -1.42895 2.34491 -1.11086 0.606549 0.0662777 -1.38233 -1.96054 -1.13132 -0.4772 
1.06212 -1.77465 -1.46189 1.46823 -1.43641 -1.43196 2.3457 -1.11086 0.606549 0.0662777 -1.38233 -1.96054 -1.13132 -0.4772 
1.06391 -1.77223 -1.46009 1.46909 -1.43574 -1.42907 2.34351 -1.11086 0.606549 0.0662777 -1.38233 -1.96054 -1.13132 -0.4772 
1.06153 -1.77452 -1.46131 1.46625 -1.4338 -1.43445 2.3445 -1.11086 0.606549 0.0662777 -1.38233 -1.96054 -1.13132 -0.4772 
1.06176 -1.77434 -1.46149 1.46663 -1.43465 -1.43364 2.34506 -1.11086 0.606549 0.0662777 -1.38233 -1.96054 -1.13132 -0.4772 
1.06093 -1.77517 -1.46229 1.46623 -1.43506 -1.43475 2.34563 -1.11086 0.606549 0.0662777 -1.38233 -1.96054 -1.13132 -0.4772 
1.06167 -1.77458 -1.46185 1.46719 -1.43581 -1.43328 2.34586 -1.11086 0.606549 0.0662777 -1.38233 -1.96054 -1.13132 -0.4772 
1.06307 -1.77316 -1.46126 1.46871 -1.43707 -1.42998 2.34474 -1.11086 0.606549 0.0662777 -1.38233 -1.96054 -1.13132 -0.4772 
1.06366 -1.77312 -1.4611 1.46986 -1.43781 -1.42896 2.34494 -1.11086 0.606549 0.0662777 -1.38233 -1.96054 -1.13132 -0.4772 
1.06365 -1.77355 -1.46153 1.47055 -1.43902 -1.42866 2.34575 -1.11086 0.606549 0.0662777 -1.38233 -1.96054 -1.13132 -0.4772 
1.06221 -1.77415 -1.46208 1.4686 -1.43766 -1.4314 2.34666 -1.11086 0.606549 0.0662777 -1.38233 -1.96054 -1.13132 -0.4772 
1.06394 -1.77168 -1.45955 1.46883 -1.43562 -1.42903 2.34408 -1.11086 0.606549 0.0662777 -1.38233 -1.96054 -1.13132 -0.4772 
1.06234 -1.77405 -1.46192 1.46852 -1.4373 -1.43169 2.34533 -1.11086 0.606549 0.0662777 -1.38233 -1.96054 -1.13132 -0.4772 
1.06246 -1.7746 -1.4624 1.46983 -1.43913 -1.43052 2.34687 -1.11086 0.606549 0.0662777 -1.38233 -1.96054 -1.13132 -0.4772 
1.06171 -1.77547 -1.46299 1.46936 -1.43961 -1.43152 2.34703 -1.11086 0.606549 0.0662777 -1.38233 -1.96054 -1.13132 -0.4772 
1.0613 -1.77607 -1.46392 1.46929 -1.44027 -1.43199 2.34902 -1.11086 0.606549 0.0662777 -1.38233 -1.96054 -1.13132 -0.4772 
1.06098 -1.77549 -1.46241 1.46713 -1.43656 -1.43405 2.34708 -1.11086 0.606549 0.0662777 -1.38233 -1.96054 -1.13132 -0.4772 
