1.10802 -1.73151 -1.53028 1.39992 1.85687 1.26603 -1.10609 1.53014 -1.67905 -0.920263 -1.3831 -1.29181 1.21158 -2.2839 
1.10795 -1.73138 -1.53016 1.39984 1.85684 1.26621 -1.10616 1.53014 -1.67904 -0.920267 -1.3831 -1.29181 1.21157 -2.2839 
1.12097 -1.74064 -1.53514 1.43156 1.83067 1.24589 -1.08846 1.5301 -1.679 -0.920338 -1.3831 -1.29174 1.21152 -2.28392 
1.12073 -1.73765 -1.53226 1.424 1.83959 1.24816 -1.09292 1.53011 -1.679 -0.920337 -1.3831 -1.29174 1.21152 -2.28391 
1.12313 -1.73812 -1.53189 1.42334 1.84024 1.24624 -1.09341 1.53011 -1.679 -0.920335 -1.3831 -1.29174 1.21152 -2.28391 
1.12126 -1.74055 -1.53437 1.42655 1.83717 1.24885 -1.09169 1.53011 -1.679 -0.920337 -1.3831 -1.29174 1.21152 -2.28391 
1.12235 -1.7416 -1.53581 1.42948 1.83463 1.24634 -1.08978 1.53011 -1.679 -0.920336 -1.3831 -1.29174 1.21152 -2.28391 
1.12124 -1.7429 -1.53715 1.43067 1.83279 1.24751 -1.08883 1.5301 -1.679 -0.920337 -1.3831 -1.29174 1.21152 -2.28391 
1.12253 -1.74221 -1.53732 1.43382 1.83045 1.2444 -1.08774 1.5301 -1.679 -0.920338 -1.3831 -1.29174 1.21152 -2.28392 
1.12293 -1.74358 -1.53819 1.43521 1.82736 1.24274 -1.08607 1.5301 -1.679 -0.920338 -1.3831 -1.29174 1.21152 -2.28391 
1.12259 -1.74287 -1.5378 1.43525 1.82803 1.2438 -1.08618 1.5301 -1.679 -0.92034 -1.3831 -1.29173 1.21152 -2.28392 
1.12247 -1.74352 -1.53725 1.43397 1.82831 1.24463 -1.08688 1.5301 -1.679 -0.92034 -1.3831 -1.29173 1.21152 -2.28392 
1.12317 -1.74316 -1.53775 1.4359 1.8268 1.24237 -1.08515 1.5301 -1.679 -0.92034 -1.3831 -1.29173 1.21152 -2.28392 
1.12225 -1.7435 -1.53661 1.4332 1.83038 1.24605 -1.08622 1.5301 -1.679 -0.92034 -1.3831 -1.29173 1.21152 -2.28392 
1.12418 -1.74212 -1.53709 1.43674 1.82657 1.24003 -1.08472 1.5301 -1.679 -0.92034 -1.3831 -1.29173 1.21152 -2.28392 
1.12242 -1.74325 -1.53664 1.43272 1.83107 1.24655 -1.08581 1.5301 -1.679 -0.92034 -1.3831 -1.29173 1.21152 -2.28392 
1.12395 -1.74246 -1.53718 1.43619 1.82689 1.24006 -1.08526 1.5301 -1.679 -0.92034 -1.3831 -1.29173 1.21152 -2.28392 
1.12284 -1.74284 -1.53629 1.43316 1.83102 1.24538 -1.08707 1.5301 -1.679 -0.92034 -1.3831 -1.29173 1.21152 -2.28392 
1.12357 -1.74243 -1.5373 1.43521 1.82752 1.24045 -1.0865 1.5301 -1.679 -0.92034 -1.3831 -1.29173 1.21152 -2.28392 
1.12302 -1.7429 -1.53645 1.43342 1.83085 1.24461 -1.08731 1.5301 -1.679 -0.92034 -1.3831 -1.29173 1.21152 -2.28392 
1.12294 -1.74366 -1.53798 1.4352 1.82708 1.24115 -1.08533 1.5301 -1.679 -0.92034 -1.3831 -1.29173 1.21152 -2.28392 
1.12329 -1.74244 -1.53622 1.4333 1.83159 1.24541 -1.08786 1.5301 -1.679 -0.92034 -1.3831 -1.29173 1.21152 -2.28392 
1.1239 -1.74226 -1.53777 1.4361 1.82647 1.23999 -1.08577 1.5301 -1.679 -0.92034 -1.3831 -1.29173 1.21152 -2.28392 
1.12297 -1.7424 -1.53614 1.43294 1.83289 1.24622 -1.0883 1.5301 -1.679 -0.92034 -1.3831 -1.29173 1.21152 -2.28392 
1.12419 -1.74195 -1.53752 1.43607 1.82734 1.23946 -1.08602 1.5301 -1.679 -0.92034 -1.3831 -1.29173 1.21152 -2.28392 
1.12298 -1.74266 -1.53633 1.43328 1.83231 1.24577 -1.0877 1.5301 -1.679 -0.92034 -1.3831 -1.29173 1.21152 -2.28392 
1.124 -1.74244 -1.53789 1.43624 1.82667 1.2399 -1.08539 1.5301 -1.679 -0.92034 -1.3831 -1.29173 1.21152 -2.28392 
1.12301 -1.74291 -1.53629 1.43347 1.83183 1.24541 -1.08668 1.5301 -1.679 -0.92034 -1.3831 -1.29173 1.21152 -2.28392 
1.12379 -1.74266 -1.53732 1.43541 1.82756 1.24065 -1.08564 1.5301 -1.679 -0.92034 -1.3831 -1.29173 1.21152 -2.28392 
1.1227 -1.7433 -1.5365 1.43302 1.83182 1.24603 -1.08731 1.5301 -1.679 -0.92034 -1.3831 -1.29173 1.21152 -2.28392 
1.12419 -1.74227 -1.53709 1.43573 1.82714 1.23899 -1.08613 1.5301 -1.679 -0.92034 -1.3831 -1.29173 1.21152 -2.28392 
1.12273 -1.7432 -1.53697 1.43348 1.83094 1.24455 -1.08652 1.5301 -1.679 -0.92034 -1.3831 -1.29173 1.21152 -2.28392 
1.12317 -1.74302 -1.53726 1.43414 1.82905 1.2415 -1.08662 1.5301 -1.679 -0.92034 -1.3831 -1.29173 1.21152 -2.28392 
1.12261 -1.74401 -1.53713 1.43358 1.83073 1.24462 -1.08614 1.5301 -1.679 -0.92034 -1.3831 -1.29173 1.21152 -2.28392 
1.12323 -1.74344 -1.53771 1.43472 1.82899 1.24193 -1.08586 1.5301 -1.679 -0.92034 -1.3831 -1.29173 1.21152 -2.28392 
1.12311 -1.74325 -1.53747 1.43432 1.82965 1.24265 -1.08595 1.5301 -1.679 -0.92034 -1.3831 -1.29173 1.21152 -2.28392 
1.12319 -1.74267 -1.53678 1.43361 1.83106 1.24331 -1.08768 1.5301 -1.679 -0.92034 -1.3831 -1.29173 1.21152 -2.28392 
1.12305 -1.74317 -1.53735 1.43415 1.82996 1.24289 -1.08636 1.5301 -1.679 -0.92034 -1.3831 -1.29173 1.21152 -2.28392 
1.12344 -1.74275 -1.53707 1.43444 1.82997 1.24217 -1.08681 1.5301 -1.679 -0.92034 -1.3831 -1.29173 1.21152 -2.28392 
1.1236 -1.74278 -1.53724 1.43497 1.8293 1.24141 -1.08617 1.5301 -1.679 -0.92034 -1.3831 -1.29173 1.21152 -2.28392 
1.12388 -1.74217 -1.5367 1.43469 1.83013 1.24138 -1.08744 1.5301 -1.679 -0.92034 -1.3831 -1.29173 1.21152 -2.28392 
1.12366 -1.74294 -1.53734 1.43521 1.82891 1.24124 -1.08625 1.5301 -1.679 -0.92034 -1.3831 -1.29173 1.21152 -2.28392 
1.12387 -1.74232 -1.5368 1.43482 1.82987 1.24132 -1.08727 1.5301 -1.679 -0.92034 -1.3831 -1.29173 1.21152 -2.28392 
