1.05358 -1.92176 -1.79278 1.33887 -1.072 -1.12521 2.04818 -1.76535 1.79568 -1.0831 1.57887 2.07519 0.732319 -2.09305 
1.02109 -1.91713 -1.79054 1.26802 -1.06106 -1.16072 2.01977 -1.75184 1.79148 -1.062 1.55409 2.08316 0.784979 -2.17769 
1.02588 -1.9135 -1.78832 1.27241 -1.06525 -1.14683 2.01669 -1.74668 1.78361 -1.0569 1.54345 2.08424 0.808001 -2.20742 
1.02449 -1.91082 -1.78686 1.26511 -1.06278 -1.15262 2.00598 -1.76401 1.79153 -1.08009 1.57552 2.07177 0.745989 -2.11659 
1.02171 -1.91164 -1.7878 1.25968 -1.06148 -1.16033 2.00215 -1.7488 1.79466 -1.05645 1.55134 2.07975 0.793284 -2.21099 
1.02029 -1.91366 -1.78965 1.25862 -1.0613 -1.16407 2.00546 -1.75255 1.77526 -1.06608 1.54992 2.07481 0.798161 -2.1869 
1.02355 -1.91595 -1.79082 1.26699 -1.06188 -1.16104 2.01444 -1.74448 1.78533 -1.05331 1.53914 2.07943 0.814958 -2.23803 
1.03076 -1.91804 -1.79085 1.28174 -1.06332 -1.15472 2.02226 -1.74588 1.76613 -1.06211 1.53257 2.08225 0.824478 -2.20593 
1.04042 -1.9194 -1.78905 1.2998 -1.06215 -1.14829 2.02967 -1.75281 1.78452 -1.06904 1.54888 2.07755 0.786612 -2.17299 
1.04952 -1.92014 -1.78777 1.31645 -1.0643 -1.13734 2.03596 -1.75176 1.78743 -1.06878 1.54776 2.07782 0.784539 -2.17501 
1.0572 -1.92063 -1.78592 1.33013 -1.06473 -1.12963 2.04021 -1.75059 1.79 -1.06762 1.5464 2.07776 0.784127 -2.18042 
1.05941 -1.92191 -1.78596 1.33522 -1.06509 -1.1284 2.04295 -1.74178 1.78529 -1.05662 1.52956 2.08321 0.814229 -2.22643 
1.06402 -1.92268 -1.78556 1.3444 -1.06534 -1.1241 2.04773 -1.73583 1.78437 -1.04874 1.51871 2.08587 0.833256 -2.26247 
1.06714 -1.92371 -1.78512 1.35028 -1.06523 -1.12176 2.05103 -1.74231 1.79192 -1.05607 1.53129 2.0823 0.805931 -2.22736 
1.07144 -1.92504 -1.78477 1.35908 -1.06561 -1.11855 2.05521 -1.73358 1.77956 -1.04745 1.51109 2.08824 0.843209 -2.26881 
1.07668 -1.92731 -1.78553 1.37039 -1.06711 -1.11468 2.06123 -1.73353 1.77853 -1.04807 1.50867 2.08872 0.843622 -2.2658 
1.08028 -1.92982 -1.78593 1.37891 -1.06767 -1.11249 2.06785 -1.73246 1.78627 -1.04441 1.50852 2.08679 0.839072 -2.28107 
1.08611 -1.93081 -1.78482 1.39016 -1.06576 -1.11042 2.07283 -1.73203 1.78992 -1.04471 1.50812 2.08927 0.833486 -2.27282 
1.08948 -1.93239 -1.7846 1.3975 -1.06535 -1.11019 2.07489 -1.73048 1.78705 -1.04327 1.50288 2.08863 0.840402 -2.28331 
1.09213 -1.93517 -1.78607 1.40571 -1.06716 -1.10872 2.07991 -1.72959 1.79677 -1.03749 1.5024 2.09314 0.837953 -2.29352 
1.09237 -1.93697 -1.78608 1.40751 -1.06443 -1.11331 2.08261 -1.72948 1.79989 -1.03517 1.50475 2.08974 0.835045 -2.30533 
1.08806 -1.93955 -1.78797 1.40262 -1.06209 -1.12303 2.08318 -1.72429 1.81261 -1.02184 1.49884 2.09692 0.845266 -2.34666 
1.28285 -1.96699 -1.8841 1.91568 -1.28916 -0.779728 2.3463 -1.72615 1.80792 -1.02663 1.50075 2.09459 0.841774 -2.33257 
1.11923 -1.9374 -1.78921 1.46642 -1.07649 -1.07991 2.10646 -1.58978 1.67637 -1.04114 1.27656 2.19792 1.07005 -2.30887 
