1.03175 -1.68956 -1.46469 1.26409 -1.39185 -1.38523 2.10007 -1.87442 1.46602 -1.45014 1.58948 2.80873 0.489518 -2.56158 
1.03378 -1.6846 -1.4606 1.26308 -1.39158 -1.37711 2.09242 -1.86668 1.47486 -1.43397 1.56815 2.78625 0.534016 -2.61171 
1.03168 -1.68361 -1.46031 1.25786 -1.3918 -1.37614 2.08693 -1.86331 1.48185 -1.42501 1.56199 2.76898 0.547222 -2.64724 
1.02823 -1.68481 -1.46176 1.25115 -1.39102 -1.3811 2.08068 -1.86376 1.46511 -1.4335 1.55912 2.77446 0.551897 -2.6275 
1.02699 -1.68555 -1.4621 1.24674 -1.39003 -1.38452 2.07544 -1.86589 1.45746 -1.43962 1.56215 2.77881 0.544484 -2.61232 
1.02693 -1.68698 -1.46286 1.24771 -1.39039 -1.3858 2.07915 -1.86633 1.45427 -1.44305 1.56201 2.78515 0.542085 -2.59937 
1.03019 -1.68804 -1.46467 1.25578 -1.39234 -1.38538 2.08871 -1.865 1.45629 -1.44219 1.55929 2.78236 0.543945 -2.605 
1.03706 -1.68716 -1.46487 1.2692 -1.39253 -1.38387 2.09661 -1.86274 1.46116 -1.43986 1.5544 2.78012 0.549554 -2.61323 
1.04768 -1.68514 -1.46451 1.28983 -1.39372 -1.37881 2.10746 -1.85862 1.45795 -1.43941 1.54499 2.77369 0.563684 -2.62387 
1.05559 -1.68374 -1.46414 1.30583 -1.39508 -1.37434 2.1155 -1.85567 1.46509 -1.43442 1.54032 2.76499 0.570199 -2.64447 
1.06115 -1.68187 -1.46357 1.31598 -1.39591 -1.37047 2.12009 -1.85305 1.47001 -1.43027 1.53465 2.75952 0.578646 -2.65963 
1.06709 -1.68058 -1.46287 1.32686 -1.39609 -1.36747 2.126 -1.85173 1.46668 -1.43207 1.53034 2.762 0.583988 -2.65452 
1.07154 -1.67851 -1.46141 1.33393 -1.39462 -1.36542 2.12817 -1.85267 1.47079 -1.43101 1.53243 2.76332 0.578212 -2.65421 
1.07454 -1.67837 -1.46155 1.3402 -1.39467 -1.36503 2.13196 -1.85224 1.47588 -1.42895 1.53149 2.76562 0.577722 -2.65495 
1.07868 -1.67832 -1.46216 1.34868 -1.39596 -1.36354 2.13687 -1.85138 1.49047 -1.42163 1.53087 2.76265 0.57681 -2.6715 
1.08389 -1.67793 -1.46256 1.35942 -1.39701 -1.36166 2.14305 -1.85123 1.49764 -1.41763 1.53089 2.75615 0.574736 -2.68672 
1.0891 -1.67772 -1.4626 1.37008 -1.39674 -1.36102 2.15051 -1.85216 1.49289 -1.42191 1.531 2.76133 0.571153 -2.67338 
1.09453 -1.67735 -1.46336 1.38199 -1.39914 -1.35794 2.15849 -1.85165 1.48798 -1.42439 1.52836 2.76052 0.572319 -2.67067 
1.09829 -1.67775 -1.4638 1.39038 -1.39848 -1.35929 2.16309 -1.85172 1.48753 -1.4261 1.527 2.76539 0.571837 -2.66238 
1.10081 -1.67817 -1.46401 1.39627 -1.3973 -1.36136 2.16608 -1.85313 1.49328 -1.4243 1.52895 2.77003 0.566578 -2.65883 
1.10239 -1.67876 -1.46408 1.40007 -1.39558 -1.36398 2.16861 -1.85407 1.50656 -1.41723 1.53093 2.77138 0.562489 -2.66743 
1.09961 -1.68106 -1.46542 1.39649 -1.39428 -1.36875 2.16976 -1.8521 1.51359 -1.40667 1.52517 2.75435 0.576738 -2.70482 
1.34445 -1.5826 -1.57243 1.91513 -1.59528 -1.18404 2.40793 -1.8524 1.51254 -1.40806 1.52593 2.75657 0.574931 -2.69999 
