0.651836 -0.966714 -0.256854 1.48363 -2.47493 -1.91598 1.35325 -1.20393 0.64622 0.123546 -1.56745 1.58678 1.22363 2.61676 
0.651431 -0.969037 -0.256913 1.47861 -2.47511 -1.91374 1.35164 -1.20858 0.648784 0.133248 -1.57309 1.61444 1.22429 2.5608 
0.65143 -0.969038 -0.256913 1.4786 -2.47511 -1.91374 1.35164 -1.20696 0.652739 0.135611 -1.57124 1.62486 1.22003 2.5347 
0.65143 -0.969038 -0.256913 1.4786 -2.47511 -1.91374 1.35164 -1.20842 0.655091 0.138271 -1.57499 1.63521 1.21967 2.52113 
0.65143 -0.969038 -0.256913 1.4786 -2.47511 -1.91374 1.35164 -1.21251 0.66503 0.142613 -1.57186 1.64365 1.23167 2.48831 
0.65143 -0.969038 -0.256913 1.4786 -2.47511 -1.91374 1.35164 -1.21147 0.663196 0.140984 -1.57169 1.64071 1.22755 2.51166 
0.65143 -0.969038 -0.256913 1.4786 -2.47511 -1.91374 1.35164 -1.20692 0.659279 0.135171 -1.56856 1.62559 1.21789 2.56192 
0.65143 -0.969038 -0.256913 1.4786 -2.47511 -1.91374 1.35164 -1.20469 0.65858 0.131596 -1.56122 1.61621 1.2159 2.54949 
0.65143 -0.969038 -0.256913 1.4786 -2.47511 -1.91374 1.35164 -1.20905 0.670107 0.136774 -1.55569 1.62515 1.22918 2.50326 
0.65143 -0.969038 -0.256913 1.4786 -2.47511 -1.91374 1.35164 -1.21105 0.675241 0.139766 -1.55484 1.63194 1.23349 2.49735 
0.65143 -0.969038 -0.256913 1.4786 -2.47511 -1.91374 1.35164 -1.2101 0.676751 0.138463 -1.55133 1.62944 1.23333 2.4753 
0.65143 -0.969038 -0.256913 1.4786 -2.47511 -1.91374 1.35164 -1.21157 0.679551 0.140102 -1.55111 1.63388 1.23553 2.46638 
0.65143 -0.969038 -0.256913 1.4786 -2.47511 -1.91374 1.35164 -1.21382 0.682868 0.142612 -1.55139 1.63939 1.23903 2.47345 
0.65143 -0.969038 -0.256913 1.4786 -2.47511 -1.91374 1.35164 -1.21159 0.679307 0.139719 -1.54968 1.63337 1.23338 2.48652 
0.65143 -0.969038 -0.256913 1.4786 -2.47511 -1.91374 1.35164 -1.21203 0.680309 0.139404 -1.54902 1.63479 1.23291 2.47766 
0.65143 -0.969038 -0.256913 1.4786 -2.47511 -1.91374 1.35164 -1.21254 0.683268 0.139549 -1.54487 1.63391 1.23481 2.48449 
0.65143 -0.969038 -0.256913 1.4786 -2.47511 -1.91374 1.35164 -1.21241 0.684198 0.138509 -1.5413 1.63101 1.23356 2.51203 
0.65143 -0.969038 -0.256913 1.4786 -2.47511 -1.91374 1.35164 -1.21305 0.687624 0.138298 -1.53699 1.63029 1.23684 2.48339 
0.65143 -0.969038 -0.256913 1.4786 -2.47511 -1.91374 1.35164 -1.21413 0.691396 0.139507 -1.53465 1.63304 1.23926 2.48089 
0.65143 -0.969038 -0.256913 1.4786 -2.47511 -1.91374 1.35164 -1.21611 0.693269 0.141004 -1.53468 1.63708 1.24241 2.46948 
0.65143 -0.969038 -0.256913 1.4786 -2.47511 -1.91374 1.35164 -1.21677 0.692947 0.14 -1.53184 1.63285 1.24493 2.47245 
0.65143 -0.969038 -0.256913 1.4786 -2.47511 -1.91374 1.35164 -1.21812 0.693719 0.139055 -1.52887 1.63035 1.2502 2.43203 
0.65143 -0.969038 -0.256913 1.4786 -2.47511 -1.91374 1.35164 -1.02905 0.7014 -0.010806 -1.23957 1.24075 1.26693 2.912 
0.65143 -0.969038 -0.256913 1.4786 -2.47511 -1.91374 1.35164 -0.901061 0.721621 -0.228295 -1.2279 1.34533 1.36691 2.9359 
0.65143 -0.969038 -0.256913 1.4786 -2.47511 -1.91374 1.35164 -0.799123 0.744602 -0.404652 -1.22554 1.4275 1.4393 2.94369 
