1.04568 -1.64693 -1.42247 1.2821 -1.44465 -1.36063 2.09659 -1.85715 1.71877 -1.22922 1.63814 2.28494 0.560325 -2.2362 
1.05047 -1.63569 -1.41346 1.28077 -1.43855 -1.35081 2.06399 -1.84229 1.71473 -1.23996 1.63595 2.28081 0.530572 -2.21771 
1.05069 -1.63446 -1.41418 1.28022 -1.44315 -1.34573 2.05423 -1.82384 1.72593 -1.2067 1.60539 2.27085 0.599777 -2.31729 
1.04877 -1.63583 -1.41642 1.27688 -1.44585 -1.34708 2.04706 -1.82567 1.72154 -1.2081 1.60616 2.26725 0.601309 -2.32098 
1.04648 -1.63849 -1.41819 1.27232 -1.4461 -1.35194 2.043 -1.83878 1.7125 -1.2355 1.62934 2.26965 0.544332 -2.24743 
1.0465 -1.63979 -1.41863 1.27287 -1.44525 -1.35422 2.04887 -1.84002 1.71 -1.23892 1.63028 2.27041 0.539512 -2.23721 
1.04949 -1.64111 -1.42069 1.28111 -1.44642 -1.35563 2.06167 -1.83842 1.71202 -1.23756 1.6271 2.27079 0.542507 -2.24192 
1.05585 -1.63909 -1.42074 1.29239 -1.44727 -1.35312 2.06584 -1.82313 1.71935 -1.21007 1.59819 2.26501 0.604987 -2.32453 
1.06766 -1.63437 -1.4195 1.3136 -1.44796 -1.34668 2.07581 -1.8326 1.71542 -1.23054 1.61528 2.27098 0.561575 -2.26405 
1.07403 -1.63231 -1.41926 1.32593 -1.44782 -1.34482 2.08143 -1.831 1.71763 -1.22995 1.61312 2.27114 0.562026 -2.26627 
1.078 -1.63175 -1.42007 1.33434 -1.44953 -1.3431 2.08585 -1.82966 1.72059 -1.22835 1.61149 2.2704 0.562797 -2.27161 
1.08385 -1.6309 -1.42118 1.34759 -1.45206 -1.3403 2.09424 -1.82834 1.72385 -1.22603 1.60975 2.2692 0.564115 -2.27899 
1.08749 -1.62932 -1.42064 1.35412 -1.4518 -1.33859 2.09735 -1.8273 1.72671 -1.22403 1.60816 2.2689 0.56534 -2.28437 
1.09113 -1.62807 -1.42065 1.36086 -1.45315 -1.33602 2.10062 -1.82679 1.72885 -1.2228 1.60706 2.26925 0.565701 -2.28712 
1.09654 -1.62684 -1.42061 1.37045 -1.45318 -1.33507 2.10533 -1.81144 1.72895 -1.19556 1.57438 2.2683 0.635471 -2.36508 
1.10226 -1.6257 -1.42149 1.38212 -1.45491 -1.33297 2.11185 -1.82245 1.73182 -1.2149 1.59599 2.26979 0.583604 -2.30909 
1.1094 -1.62237 -1.42091 1.39484 -1.45573 -1.32852 2.11891 -1.80776 1.73648 -1.19085 1.56669 2.27649 0.640182 -2.36612 
1.11439 -1.62146 -1.42161 1.40491 -1.45677 -1.3271 2.12548 -1.81712 1.7388 -1.20629 1.58513 2.27201 0.59804 -2.32921 
1.12007 -1.62041 -1.42233 1.41525 -1.45698 -1.32703 2.1303 -1.8021 1.7417 -1.18095 1.55525 2.27532 0.658618 -2.39696 
1.12103 -1.62172 -1.42302 1.41905 -1.45483 -1.33134 2.1327 -1.81288 1.74732 -1.19556 1.57735 2.27045 0.611492 -2.35944 
1.12041 -1.62448 -1.42401 1.42056 -1.45255 -1.33735 2.13629 -1.80013 1.75835 -1.1688 1.55629 2.26921 0.658357 -2.43438 
1.11882 -1.62579 -1.42444 1.4183 -1.45134 -1.34037 2.13644 -1.80847 1.75944 -1.1797 1.57093 2.26838 0.628034 -2.40263 
1.34644 -1.53787 -1.54161 1.9164 -1.62723 -1.22229 2.40184 -1.80102 1.75816 -1.17037 1.55797 2.26932 0.654773 -2.43042 
1.36555 -1.52889 -1.5581 1.9591 -1.65165 -1.21295 2.42714 -1.80039 1.75801 -1.16962 1.5568 2.26945 0.657217 -2.43303 
