1.10522 -1.97441 -1.69996 1.4593 -1.17683 -1.24276 2.2131 -1.1103 0.609337 0.0656645 -1.37593 -1.96223 -1.13301 -0.473288 
1.08715 -1.96699 -1.6901 1.42895 -1.17116 -1.28314 2.22477 -1.11086 0.606549 0.0662777 -1.38233 -1.96054 -1.13132 -0.4772 
1.08297 -1.96699 -1.68841 1.42279 -1.17294 -1.2959 2.22889 -1.11086 0.606549 0.0662777 -1.38233 -1.96054 -1.13132 -0.4772 
1.0826 -1.96699 -1.68893 1.42356 -1.17635 -1.29587 2.23125 -1.11086 0.606549 0.0662777 -1.38233 -1.96054 -1.13132 -0.4772 
1.08317 -1.96699 -1.68886 1.42568 -1.18018 -1.2945 2.23356 -1.11086 0.606549 0.0662777 -1.38233 -1.96054 -1.13132 -0.4772 
1.08168 -1.96699 -1.68896 1.42375 -1.17993 -1.29828 2.2337 -1.11086 0.606549 0.0662777 -1.38233 -1.96054 -1.13132 -0.4772 
1.08102 -1.96699 -1.68862 1.4234 -1.18066 -1.30008 2.23452 -1.11086 0.606549 0.0662777 -1.38233 -1.96054 -1.13132 -0.4772 
1.08144 -1.9667 -1.68882 1.42357 -1.18016 -1.29876 2.23409 -1.11086 0.606549 0.0662777 -1.38233 -1.96054 -1.13132 -0.4772 
1.08178 -1.9658 -1.68793 1.42335 -1.17953 -1.2988 2.23346 -1.11086 0.606549 0.0662777 -1.38233 -1.96054 -1.13132 -0.4772 
1.0825 -1.96598 -1.68812 1.42489 -1.18113 -1.29665 2.23407 -1.11086 0.606549 0.0662777 -1.38233 -1.96054 -1.13132 -0.4772 
1.08153 -1.96699 -1.68867 1.42457 -1.18149 -1.29844 2.23502 -1.11086 0.606549 0.0662777 -1.38233 -1.96054 -1.13132 -0.4772 
1.08107 -1.96699 -1.68864 1.42389 -1.18083 -1.29951 2.23475 -1.11086 0.606549 0.0662777 -1.38233 -1.96054 -1.13132 -0.4772 
1.08093 -1.96698 -1.68839 1.42338 -1.18034 -1.30042 2.23467 -1.11086 0.606549 0.0662777 -1.38233 -1.96054 -1.13132 -0.4772 
1.08327 -1.96637 -1.68787 1.4268 -1.18308 -1.29456 2.23524 -1.11086 0.606549 0.0662777 -1.38233 -1.96054 -1.13132 -0.4772 
1.08304 -1.96635 -1.6877 1.42601 -1.18194 -1.29583 2.23484 -1.11086 0.606549 0.0662777 -1.38233 -1.96054 -1.13132 -0.4772 
1.08334 -1.96537 -1.68704 1.42531 -1.18101 -1.29597 2.23352 -1.11086 0.606549 0.0662777 -1.38233 -1.96054 -1.13132 -0.4772 
1.08318 -1.96566 -1.68755 1.42602 -1.18224 -1.29486 2.23445 -1.11086 0.606549 0.0662777 -1.38233 -1.96054 -1.13132 -0.4772 
1.08367 -1.96514 -1.68702 1.42607 -1.18169 -1.29454 2.23407 -1.11086 0.606549 0.0662777 -1.38233 -1.96054 -1.13132 -0.4772 
1.08227 -1.96666 -1.68867 1.42607 -1.18327 -1.29557 2.23589 -1.11086 0.606549 0.0662777 -1.38233 -1.96054 -1.13132 -0.4772 
