0.952761 -1.95077 -1.70411 1.19379 -0.995612 -1.66511 2.15501 -1.11057 0.607972 0.0659647 -1.37907 -1.96141 -1.13218 -0.475202 
0.915466 -1.94084 -1.71582 1.12073 -0.993335 -1.71992 2.10474 -1.11086 0.606549 0.0662777 -1.38233 -1.96054 -1.13132 -0.4772 
0.912724 -1.94362 -1.71936 1.11925 -0.998746 -1.72217 2.10323 -1.11086 0.606549 0.0662777 -1.38233 -1.96054 -1.13132 -0.4772 
0.913674 -1.94336 -1.71887 1.11848 -0.998675 -1.72385 2.09883 -1.11086 0.606549 0.0662777 -1.38233 -1.96054 -1.13132 -0.4772 
0.918265 -1.94278 -1.71677 1.12182 -1.00032 -1.71968 2.09256 -1.11086 0.606549 0.0662777 -1.38233 -1.96054 -1.13132 -0.4772 
0.923231 -1.94316 -1.71475 1.12436 -1.00137 -1.71653 2.08752 -1.11086 0.606549 0.0662777 -1.38233 -1.96054 -1.13132 -0.4772 
0.927296 -1.9466 -1.7128 1.12889 -0.999631 -1.7187 2.08833 -1.11086 0.606549 0.0662777 -1.38233 -1.96054 -1.13132 -0.4772 
0.930749 -1.94724 -1.70964 1.12963 -0.993975 -1.72437 2.08556 -1.11086 0.606549 0.0662777 -1.38233 -1.96054 -1.13132 -0.4772 
0.934587 -1.94762 -1.70676 1.13323 -0.991038 -1.72452 2.08453 -1.11086 0.606549 0.0662777 -1.38233 -1.96054 -1.13132 -0.4772 
0.939237 -1.94805 -1.70354 1.13833 -0.989274 -1.72195 2.08355 -1.11086 0.606549 0.0662777 -1.38233 -1.96054 -1.13132 -0.4772 
0.939859 -1.95002 -1.70376 1.14058 -0.990247 -1.72225 2.08443 -1.11086 0.606549 0.0662777 -1.38233 -1.96054 -1.13132 -0.4772 
0.941517 -1.95081 -1.70245 1.14277 -0.989512 -1.72156 2.08487 -1.11086 0.606549 0.0662777 -1.38233 -1.96054 -1.13132 -0.4772 
0.943059 -1.95102 -1.70127 1.14405 -0.988193 -1.72159 2.08472 -1.11086 0.606549 0.0662777 -1.38233 -1.96054 -1.13132 -0.4772 
0.943429 -1.95128 -1.7007 1.14369 -0.986962 -1.72308 2.08413 -1.11086 0.606549 0.0662777 -1.38233 -1.96054 -1.13132 -0.4772 
0.944162 -1.95134 -1.70067 1.14473 -0.987574 -1.72234 2.08394 -1.11086 0.606549 0.0662777 -1.38233 -1.96054 -1.13132 -0.4772 
0.946146 -1.95278 -1.69915 1.14643 -0.986137 -1.72342 2.08344 -1.11086 0.606549 0.0662777 -1.38233 -1.96054 -1.13132 -0.4772 
0.949872 -1.95189 -1.69574 1.14697 -0.981922 -1.72465 2.08016 -1.11086 0.606549 0.0662777 -1.38233 -1.96054 -1.13132 -0.4772 
0.952587 -1.9527 -1.69423 1.1508 -0.981229 -1.72335 2.08038 -1.11086 0.606549 0.0662777 -1.38233 -1.96054 -1.13132 -0.4772 
0.955362 -1.95363 -1.69266 1.15496 -0.980707 -1.72162 2.08077 -1.11086 0.606549 0.0662777 -1.38233 -1.96054 -1.13132 -0.4772 
0.953729 -1.95404 -1.6939 1.15352 -0.980897 -1.72452 2.08056 -1.11086 0.606549 0.0662777 -1.38233 -1.96054 -1.13132 -0.4772 
0.953394 -1.95398 -1.6936 1.15261 -0.979857 -1.72526 2.08126 -1.11086 0.606549 0.0662777 -1.38233 -1.96054 -1.13132 -0.4772 
0.954071 -1.95432 -1.69367 1.15436 -0.981025 -1.72344 2.08159 -1.11086 0.606549 0.0662777 -1.38233 -1.96054 -1.13132 -0.4772 
0.953808 -1.95391 -1.69378 1.15381 -0.980836 -1.72362 2.08138 -1.11086 0.606549 0.0662777 -1.38233 -1.96054 -1.13132 -0.4772 
0.952477 -1.95679 -1.69592 1.15546 -0.984098 -1.72368 2.0844 -1.11086 0.606549 0.0662777 -1.38233 -1.96054 -1.13132 -0.4772 
0.950875 -1.95739 -1.69711 1.15393 -0.984588 -1.72625 2.08432 -1.11086 0.606549 0.0662777 -1.38233 -1.96054 -1.13132 -0.4772 
0.950807 -1.95753 -1.69716 1.15386 -0.984284 -1.72673 2.08476 -1.11086 0.606549 0.0662777 -1.38233 -1.96054 -1.13132 -0.4772 
0.951977 -1.95756 -1.6967 1.15619 -0.985477 -1.72363 2.08492 -1.11086 0.606549 0.0662777 -1.38233 -1.96054 -1.13132 -0.4772 
0.953539 -1.95701 -1.6956 1.15731 -0.984852 -1.72163 2.08469 -1.11086 0.606549 0.0662777 -1.38233 -1.96054 -1.13132 -0.4772 
0.95395 -1.95663 -1.69508 1.15705 -0.984499 -1.72114 2.08386 -1.11086 0.606549 0.0662777 -1.38233 -1.96054 -1.13132 -0.4772 
0.955314 -1.955 -1.69355 1.15645 -0.982818 -1.72075 2.08149 -1.11086 0.606549 0.0662777 -1.38233 -1.96054 -1.13132 -0.4772 
0.955994 -1.95488 -1.69346 1.15765 -0.983791 -1.71933 2.08093 -1.11086 0.606549 0.0662777 -1.38233 -1.96054 -1.13132 -0.4772 
0.956526 -1.95462 -1.69313 1.15812 -0.983676 -1.71857 2.08105 -1.11086 0.606549 0.0662777 -1.38233 -1.96054 -1.13132 -0.4772 
0.957434 -1.95518 -1.69327 1.16074 -0.985765 -1.71565 2.08111 -1.11086 0.606549 0.0662777 -1.38233 -1.96054 -1.13132 -0.4772 
0.955672 -1.9553 -1.69387 1.15843 -0.984693 -1.7189 2.08085 -1.11086 0.606549 0.0662777 -1.38233 -1.96054 -1.13132 -0.4772 
0.955495 -1.95422 -1.69273 1.15606 -0.982136 -1.72102 2.07965 -1.11086 0.606549 0.0662777 -1.38233 -1.96054 -1.13132 -0.4772 
0.95508 -1.95451 -1.6933 1.15571 -0.982588 -1.72151 2.08015 -1.11086 0.606549 0.0662777 -1.38233 -1.96054 -1.13132 -0.4772 
0.955786 -1.95425 -1.69272 1.15661 -0.982985 -1.72045 2.07877 -1.11086 0.606549 0.0662777 -1.38233 -1.96054 -1.13132 -0.4772 
0.955501 -1.95563 -1.69418 1.15831 -0.985114 -1.71943 2.08112 -1.11086 0.606549 0.0662777 -1.38233 -1.96054 -1.13132 -0.4772 
0.955821 -1.95521 -1.69393 1.15842 -0.984918 -1.71889 2.08057 -1.11086 0.606549 0.0662777 -1.38233 -1.96054 -1.13132 -0.4772 
0.956356 -1.95521 -1.69345 1.159 -0.984703 -1.71796 2.08031 -1.11086 0.606549 0.0662777 -1.38233 -1.96054 -1.13132 -0.4772 
0.955153 -1.95474 -1.69359 1.15643 -0.983208 -1.72101 2.07997 -1.11086 0.606549 0.0662777 -1.38233 -1.96054 -1.13132 -0.4772 
0.955487 -1.95453 -1.69309 1.15655 -0.982717 -1.72071 2.07992 -1.11086 0.606549 0.0662777 -1.38233 -1.96054 -1.13132 -0.4772 
0.955654 -1.95413 -1.69312 1.15648 -0.982373 -1.72052 2.08047 -1.11086 0.606549 0.0662777 -1.38233 -1.96054 -1.13132 -0.4772 
0.955656 -1.95514 -1.69344 1.15816 -0.983579 -1.71892 2.0823 -1.11086 0.606549 0.0662777 -1.38233 -1.96054 -1.13132 -0.4772 
0.955975 -1.95478 -1.69313 1.15808 -0.983153 -1.71888 2.08255 -1.11086 0.606549 0.0662777 -1.38233 -1.96054 -1.13132 -0.4772 
0.953345 -1.95544 -1.69435 1.15462 -0.981936 -1.72384 2.08294 -1.11086 0.606549 0.0662777 -1.38233 -1.96054 -1.13132 -0.4772 
0.954637 -1.95545 -1.69387 1.15642 -0.98232 -1.72187 2.08344 -1.11086 0.606549 0.0662777 -1.38233 -1.96054 -1.13132 -0.4772 
0.954795 -1.95572 -1.69447 1.15754 -0.983853 -1.72057 2.08359 -1.11086 0.606549 0.0662777 -1.38233 -1.96054 -1.13132 -0.4772 
0.957587 -1.95389 -1.6913 1.15843 -0.981163 -1.71772 2.08258 -1.11086 0.606549 0.0662777 -1.38233 -1.96054 -1.13132 -0.4772 
0.956354 -1.95317 -1.69145 1.15556 -0.97956 -1.72083 2.08164 -1.11086 0.606549 0.0662777 -1.38233 -1.96054 -1.13132 -0.4772 
0.955164 -1.9532 -1.69214 1.15404 -0.979297 -1.72267 2.08144 -1.11086 0.606549 0.0662777 -1.38233 -1.96054 -1.13132 -0.4772 
0.956252 -1.95316 -1.69145 1.15527 -0.979472 -1.72129 2.08155 -1.11086 0.606549 0.0662777 -1.38233 -1.96054 -1.13132 -0.4772 
0.954819 -1.95473 -1.69329 1.1556 -0.981512 -1.72229 2.08292 -1.11086 0.606549 0.0662777 -1.38233 -1.96054 -1.13132 -0.4772 
0.955629 -1.95479 -1.69329 1.15757 -0.983044 -1.71986 2.08292 -1.11086 0.606549 0.0662777 -1.38233 -1.96054 -1.13132 -0.4772 
0.957909 -1.95351 -1.6917 1.15965 -0.982986 -1.71651 2.08148 -1.11086 0.606549 0.0662777 -1.38233 -1.96054 -1.13132 -0.4772 
0.958873 -1.95323 -1.69071 1.16033 -0.982339 -1.71507 2.08137 -1.11086 0.606549 0.0662777 -1.38233 -1.96054 -1.13132 -0.4772 
0.957787 -1.95417 -1.69187 1.15986 -0.983165 -1.71604 2.08254 -1.11086 0.606549 0.0662777 -1.38233 -1.96054 -1.13132 -0.4772 
0.956459 -1.95392 -1.69238 1.15755 -0.982081 -1.7192 2.08129 -1.11086 0.606549 0.0662777 -1.38233 -1.96054 -1.13132 -0.4772 
0.956838 -1.95416 -1.69229 1.15883 -0.982807 -1.71811 2.08167 -1.11086 0.606549 0.0662777 -1.38233 -1.96054 -1.13132 -0.4772 
0.954822 -1.95459 -1.69357 1.15607 -0.982397 -1.72172 2.08153 -1.11086 0.606549 0.0662777 -1.38233 -1.96054 -1.13132 -0.4772 
0.952119 -1.95646 -1.69435 1.15393 -0.980153 -1.72599 2.08665 -1.11086 0.606549 0.0662777 -1.38233 -1.96054 -1.13132 -0.4772 
0.947144 -1.96291 -1.69695 1.15346 -0.979112 -1.73064 2.10206 -1.11086 0.606549 0.0662777 -1.38233 -1.96054 -1.13132 -0.4772 
0.941167 -1.96699 -1.69783 1.15225 -0.980549 -1.73628 2.11987 -1.11086 0.606549 0.0662777 -1.38233 -1.96054 -1.13132 -0.4772 
0.933928 -1.96699 -1.6917 1.14728 -0.985869 -1.74997 2.14107 -1.11086 0.606549 0.0662777 -1.38233 -1.96054 -1.13132 -0.4772 
0.925648 -1.96699 -1.68574 1.14158 -0.990889 -1.7639 2.16663 -1.11086 0.606549 0.0662777 -1.38233 -1.96054 -1.13132 -0.4772 
0.914477 -1.96699 -1.68045 1.13465 -0.998577 -1.77979 2.19793 -1.11086 0.606549 0.0662777 -1.38233 -1.96054 -1.13132 -0.4772 
0.905605 -1.96699 -1.67418 1.13002 -1.00476 -1.79068 2.23125 -1.11086 0.606549 0.0662777 -1.38233 -1.96054 -1.13132 -0.4772 
0.889988 -1.96699 -1.67182 1.11687 -1.00932 -1.81036 2.26723 -1.11086 0.606549 0.0662777 -1.38233 -1.96054 -1.13132 -0.4772 
0.8747 -1.96699 -1.67081 1.10252 -1.01056 -1.82789 2.30189 -1.11086 0.606549 0.0662777 -1.38233 -1.96054 -1.13132 -0.4772 
0.852478 -1.96699 -1.67275 1.08158 -1.01632 -1.85481 2.33895 -1.11086 0.606549 0.0662777 -1.38233 -1.96054 -1.13132 -0.4772 
0.835035 -1.96699 -1.67315 1.0648 -1.01931 -1.87293 2.37297 -1.11086 0.606549 0.0662777 -1.38233 -1.96054 -1.13132 -0.4772 
0.81726 -1.96699 -1.67419 1.04676 -1.02147 -1.89159 2.40573 -1.11086 0.606549 0.0662777 -1.38233 -1.96054 -1.13132 -0.4772 
0.79821 -1.96699 -1.67552 1.02754 -1.02519 -1.91038 2.43903 -1.11086 0.606549 0.0662777 -1.38233 -1.96054 -1.13132 -0.4772 
0.786411 -1.967 -1.67972 1.01502 -1.02576 -1.9171 2.45782 -1.11086 0.606549 0.0662777 -1.38233 -1.96054 -1.13132 -0.4772 
0.777938 -1.9661 -1.68361 1.00368 -1.02419 -1.92098 2.46867 -1.11086 0.606549 0.0662777 -1.38233 -1.96054 -1.13132 -0.4772 
0.773114 -1.96506 -1.68492 0.996816 -1.02294 -1.92134 2.47514 -1.11086 0.606549 0.0662777 -1.38233 -1.96054 -1.13132 -0.4772 
0.77043 -1.96502 -1.68666 0.995197 -1.02637 -1.91899 2.47502 -1.11086 0.606549 0.0662777 -1.38233 -1.96054 -1.13132 -0.4772 
0.76588 -1.9651 -1.68997 0.989932 -1.03066 -1.92465 2.46652 -1.11086 0.606549 0.0662777 -1.38233 -1.96054 -1.13132 -0.4772 
0.769133 -1.96632 -1.69024 0.996275 -1.0397 -1.9201 2.4504 -1.11086 0.606549 0.0662777 -1.38233 -1.96054 -1.13132 -0.4772 
0.774917 -1.96465 -1.68595 0.999439 -1.0433 -1.91784 2.42459 -1.11086 0.606549 0.0662777 -1.38233 -1.96054 -1.13132 -0.4772 
0.7804 -1.96448 -1.68413 1.00493 -1.05195 -1.91735 2.392 -1.11086 0.606549 0.0662777 -1.38233 -1.96054 -1.13132 -0.4772 
0.786738 -1.96368 -1.6814 1.0091 -1.0601 -1.91947 2.35167 -1.11086 0.606549 0.0662777 -1.38233 -1.96054 -1.13132 -0.4772 
0.795767 -1.96329 -1.67752 1.01632 -1.06932 -1.91924 2.30673 -1.11086 0.606549 0.0662777 -1.38233 -1.96054 -1.13132 -0.4772 
0.806511 -1.96186 -1.67156 1.02359 -1.07711 -1.91777 2.25852 -1.11086 0.606549 0.0662777 -1.38233 -1.96054 -1.13132 -0.4772 
