1.14426 -1.91767 -1.70917 1.53612 -1.3286 -0.977589 2.24051 -1.11007 0.610447 0.0654194 -1.37338 -1.9629 -1.13369 -0.471729 
1.1339 -1.92077 -1.70871 1.52458 -1.31835 -0.995741 2.23706 -1.11086 0.606558 0.0662759 -1.38231 -1.96055 -1.13132 -0.477188 
1.13041 -1.92535 -1.71047 1.52132 -1.31602 -1.00473 2.24025 -1.11086 0.606549 0.0662777 -1.38233 -1.96054 -1.13132 -0.4772 
1.12833 -1.9271 -1.71148 1.519 -1.31438 -1.00989 2.24058 -1.11086 0.606549 0.0662777 -1.38233 -1.96054 -1.13132 -0.4772 
1.12918 -1.92643 -1.71141 1.51983 -1.31516 -1.00773 2.24132 -1.11086 0.606549 0.0662777 -1.38233 -1.96054 -1.13132 -0.4772 
1.12851 -1.92728 -1.71213 1.5196 -1.3156 -1.00818 2.24276 -1.11086 0.606549 0.0662777 -1.38233 -1.96054 -1.13132 -0.4772 
1.12931 -1.92627 -1.71174 1.52027 -1.31604 -1.00604 2.24263 -1.11086 0.606549 0.0662777 -1.38233 -1.96054 -1.13132 -0.4772 
1.12908 -1.92623 -1.71136 1.5193 -1.3146 -1.0076 2.24114 -1.11086 0.606549 0.0662777 -1.38233 -1.96054 -1.13132 -0.4772 
1.12942 -1.92646 -1.71178 1.52014 -1.31567 -1.00675 2.24178 -1.11086 0.606549 0.0662777 -1.38233 -1.96054 -1.13132 -0.4772 
1.1295 -1.92624 -1.71167 1.52035 -1.31598 -1.00621 2.24208 -1.11086 0.606549 0.0662777 -1.38233 -1.96054 -1.13132 -0.4772 
1.12888 -1.92675 -1.71192 1.51942 -1.31484 -1.00841 2.2415 -1.11086 0.606549 0.0662777 -1.38233 -1.96054 -1.13132 -0.4772 
1.12828 -1.92755 -1.71282 1.51952 -1.31581 -1.00884 2.24273 -1.11086 0.606549 0.0662777 -1.38233 -1.96054 -1.13132 -0.4772 
1.12845 -1.92726 -1.71267 1.51978 -1.31599 -1.00802 2.2431 -1.11086 0.606549 0.0662777 -1.38233 -1.96054 -1.13132 -0.4772 
1.12899 -1.92666 -1.71185 1.51972 -1.31524 -1.00788 2.24114 -1.11086 0.606549 0.0662777 -1.38233 -1.96054 -1.13132 -0.4772 
1.12968 -1.92608 -1.71171 1.52074 -1.3161 -1.00555 2.24122 -1.11086 0.606549 0.0662777 -1.38233 -1.96054 -1.13132 -0.4772 
1.12879 -1.92672 -1.71203 1.52 -1.31571 -1.00693 2.24188 -1.11086 0.606549 0.0662777 -1.38233 -1.96054 -1.13132 -0.4772 
1.12813 -1.92779 -1.71307 1.52016 -1.31681 -1.00756 2.24303 -1.11086 0.606549 0.0662777 -1.38233 -1.96054 -1.13132 -0.4772 
1.1271 -1.9287 -1.71292 1.51834 -1.31448 -1.01175 2.24201 -1.11086 0.606549 0.0662777 -1.38233 -1.96054 -1.13132 -0.4772 
1.12857 -1.92675 -1.71155 1.51861 -1.31364 -1.00991 2.24 -1.11086 0.606549 0.0662777 -1.38233 -1.96054 -1.13132 -0.4772 
1.12982 -1.92572 -1.71093 1.51971 -1.31472 -1.0069 2.24034 -1.11086 0.606549 0.0662777 -1.38233 -1.96054 -1.13132 -0.4772 
1.12925 -1.92699 -1.71235 1.52073 -1.31731 -1.00575 2.24293 -1.11086 0.606549 0.0662777 -1.38233 -1.96054 -1.13132 -0.4772 
1.12916 -1.92673 -1.71183 1.52014 -1.31575 -1.00726 2.24185 -1.11086 0.606549 0.0662777 -1.38233 -1.96054 -1.13132 -0.4772 
1.12901 -1.92611 -1.71098 1.51864 -1.313 -1.00969 2.23892 -1.11086 0.606549 0.0662777 -1.38233 -1.96054 -1.13132 -0.4772 
