1.05289 -1.63625 -1.414 1.29147 -1.43904 -1.36556 2.07784 -1.86052 1.68113 -1.26057 1.63194 2.34256 0.540717 -2.27728 
1.05294 -1.63298 -1.41161 1.28787 -1.44105 -1.35766 2.06977 -1.85067 1.67817 -1.27035 1.63391 2.33938 0.512319 -2.26102 
1.04953 -1.6304 -1.40935 1.27915 -1.44219 -1.35197 2.05838 -1.84891 1.67882 -1.26954 1.63271 2.33422 0.512744 -2.2705 
1.04685 -1.62984 -1.40855 1.27123 -1.43957 -1.35503 2.04883 -1.84985 1.67641 -1.27174 1.63411 2.33184 0.51019 -2.26951 
1.04617 -1.63191 -1.40993 1.27056 -1.43937 -1.35864 2.04926 -1.83905 1.68183 -1.24955 1.61016 2.32895 0.5643 -2.32507 
1.04584 -1.63359 -1.41061 1.27009 -1.43769 -1.36283 2.05328 -1.83306 1.69043 -1.23501 1.60107 2.31537 0.587784 -2.38006 
1.04797 -1.63463 -1.41248 1.27513 -1.43777 -1.3653 2.061 -1.82944 1.68424 -1.23324 1.59096 2.31862 0.605179 -2.38485 
1.05487 -1.63286 -1.41332 1.28858 -1.44072 -1.36126 2.06712 -1.84221 1.67991 -1.25911 1.61438 2.32723 0.546563 -2.31024 
1.06446 -1.63004 -1.41301 1.30709 -1.44109 -1.35817 2.07591 -1.82979 1.66109 -1.24488 1.58271 2.3251 0.614104 -2.35298 
1.07239 -1.62736 -1.41304 1.32194 -1.44194 -1.35482 2.08218 -1.83709 1.67951 -1.2554 1.60367 2.32695 0.562258 -2.32251 
1.07904 -1.62467 -1.41246 1.33411 -1.4422 -1.35143 2.08823 -1.82297 1.68854 -1.23134 1.57733 2.32553 0.614212 -2.38503 
1.08432 -1.62255 -1.4119 1.34392 -1.44296 -1.3481 2.09305 -1.81842 1.69911 -1.21926 1.57416 2.30938 0.626109 -2.43965 
1.08821 -1.62177 -1.4125 1.35215 -1.44516 -1.34543 2.09781 -1.81773 1.69188 -1.22148 1.56806 2.31814 0.63434 -2.42547 
1.09093 -1.6206 -1.4121 1.35696 -1.44466 -1.34447 2.10021 -1.82601 1.6954 -1.23437 1.58418 2.3213 0.59638 -2.38506 
1.09542 -1.61977 -1.41285 1.36613 -1.44641 -1.34241 2.1061 -1.81394 1.69017 -1.21883 1.55563 2.32935 0.650974 -2.4187 
1.10084 -1.61882 -1.41353 1.37655 -1.44682 -1.34169 2.11191 -1.82222 1.69687 -1.22899 1.57411 2.32289 0.610407 -2.39707 
1.10594 -1.61804 -1.41397 1.38674 -1.44677 -1.3416 2.11795 -1.81127 1.71681 -1.20632 1.55952 2.31458 0.639161 -2.46725 
1.11139 -1.61683 -1.41454 1.39771 -1.44747 -1.34034 2.12522 -1.80979 1.71186 -1.20596 1.55246 2.31926 0.649176 -2.4645 
1.11696 -1.61551 -1.41488 1.40827 -1.44739 -1.33962 2.12945 -1.80748 1.6982 -1.20735 1.54156 2.31972 0.667344 -2.46429 
1.12 -1.61594 -1.41583 1.41528 -1.44724 -1.34118 2.13359 -1.80828 1.69463 -1.20818 1.5396 2.32262 0.66992 -2.45706 
1.11904 -1.61728 -1.41592 1.41475 -1.44455 -1.34554 2.13489 -1.80915 1.71495 -1.20179 1.54939 2.31837 0.650641 -2.47383 
1.11541 -1.62178 -1.41792 1.41043 -1.44199 -1.35445 2.13626 -1.80787 1.7189 -1.19593 1.54696 2.31793 0.657313 -2.48859 
1.34617 -1.53326 -1.53787 1.9158 -1.62844 -1.22767 2.40123 -1.80846 1.71225 -1.20099 1.54614 2.31932 0.65756 -2.47688 
1.36547 -1.52426 -1.55472 1.95904 -1.65432 -1.21785 2.42668 -1.80847 1.7119 -1.20124 1.54609 2.31935 0.657595 -2.47609 
1.34612 -1.53317 -1.53795 1.91589 -1.62851 -1.22762 2.4013 -1.66355 1.56175 -1.22957 1.32129 2.40284 0.914406 -2.40722 
1.34612 -1.53316 -1.53795 1.91589 -1.62852 -1.22761 2.40132 -1.65957 1.56024 -1.22861 1.3155 2.40358 0.921491 -2.40554 
1.34612 -1.53316 -1.53795 1.91589 -1.62852 -1.2276 2.40132 -1.65809 1.55945 -1.22839 1.31329 2.40353 0.924187 -2.40476 
1.34612 -1.53316 -1.53796 1.9159 -1.62853 -1.2276 2.40132 -1.65675 1.55873 -1.22822 1.31132 2.4035 0.926593 -2.4041 
1.34612 -1.53316 -1.53795 1.9159 -1.62853 -1.2276 2.40133 -1.68292 1.57976 -1.22156 1.3464 2.39377 0.888432 -2.40977 
1.34612 -1.53316 -1.53796 1.9159 -1.62853 -1.2276 2.40133 -1.65746 1.55933 -1.22732 1.31152 2.40249 0.927362 -2.4044 
1.34612 -1.53316 -1.53796 1.9159 -1.62853 -1.22759 2.40133 -1.67434 1.57135 -1.22239 1.33182 2.39212 0.90816 -2.41919 
1.34612 -1.53316 -1.53796 1.91589 -1.62853 -1.22759 2.40133 -1.65701 1.56016 -1.2256 1.31043 2.40073 0.929661 -2.40845 
1.13426 -1.63559 -1.43399 1.46825 -1.44369 -1.37381 2.20976 -1.66498 1.45965 -1.27275 1.36762 2.27693 0.900614 -2.45807 
