1.19087 -1.60077 -1.35209 1.53689 -1.4744 -1.46755 2.23268 -1.85754 1.48103 -1.44483 1.54308 2.82017 0.52318 -2.67541 
1.20066 -1.60048 -1.3502 1.54977 -1.47278 -1.4692 2.23483 -1.86049 1.47339 -1.44133 1.5485 2.80152 0.52089 -2.7123 
1.20156 -1.60065 -1.35004 1.55089 -1.47252 -1.46961 2.23493 -1.85771 1.4541 -1.44529 1.54364 2.78858 0.530504 -2.71596 
1.20157 -1.6007 -1.34996 1.55089 -1.47253 -1.46988 2.23484 -1.85295 1.45232 -1.4435 1.54012 2.78059 0.534657 -2.72981 
1.20159 -1.60091 -1.35006 1.55089 -1.47246 -1.46997 2.23479 -1.847 1.43434 -1.44911 1.53377 2.77176 0.54335 -2.72975 
1.20153 -1.60091 -1.34994 1.55083 -1.4725 -1.47024 2.23484 -1.83868 1.41668 -1.45444 1.52241 2.76334 0.560612 -2.71133 
1.20145 -1.60107 -1.34995 1.55078 -1.47255 -1.47049 2.23486 -1.8301 1.39724 -1.46072 1.5126 2.75378 0.573982 -2.69739 
1.2015 -1.60104 -1.34999 1.55081 -1.47247 -1.47031 2.23482 -1.82087 1.38351 -1.46484 1.50669 2.74107 0.580249 -2.70611 
1.20148 -1.60117 -1.35006 1.55079 -1.47242 -1.47035 2.23485 -1.8105 1.36797 -1.47048 1.49604 2.73281 0.593634 -2.69743 
1.2015 -1.60113 -1.35006 1.5509 -1.47248 -1.47028 2.2351 -1.79628 1.34319 -1.4787 1.47901 2.71855 0.619849 -2.67365 
1.20151 -1.60111 -1.35005 1.55095 -1.4725 -1.47026 2.2352 -1.78575 1.33744 -1.48207 1.47128 2.7117 0.626005 -2.69354 
1.20156 -1.60101 -1.35004 1.55099 -1.47247 -1.47012 2.23519 -1.772 1.31699 -1.49123 1.45767 2.69988 0.644072 -2.66151 
1.20158 -1.60099 -1.35004 1.55106 -1.47252 -1.47007 2.2353 -1.75896 1.2972 -1.50114 1.44727 2.68692 0.655696 -2.64488 
1.20167 -1.60081 -1.35003 1.55118 -1.47242 -1.4698 2.23547 -1.74661 1.28872 -1.50619 1.436 2.67846 0.668015 -2.63999 
1.20181 -1.60058 -1.35002 1.55138 -1.47236 -1.4694 2.23563 -1.73871 1.28186 -1.51194 1.43282 2.6749 0.66617 -2.63589 
1.20189 -1.60047 -1.35003 1.55156 -1.47244 -1.46921 2.23591 -1.72836 1.26921 -1.5184 1.42266 2.66335 0.680139 -2.61951 
1.20195 -1.60027 -1.34996 1.5517 -1.47244 -1.46906 2.23612 -1.72201 1.26667 -1.5218 1.41467 2.66611 0.689936 -2.6175 
1.20203 -1.60005 -1.34986 1.55176 -1.4724 -1.46893 2.23617 -1.7188 1.26511 -1.52357 1.4126 2.66437 0.691335 -2.61328 
1.20204 -1.59993 -1.3498 1.55186 -1.47245 -1.46891 2.23636 -1.71752 1.2659 -1.52378 1.41248 2.66249 0.688847 -2.61673 
1.20208 -1.59988 -1.34982 1.55195 -1.47252 -1.46875 2.23643 -1.71679 1.26575 -1.52441 1.41244 2.66009 0.689219 -2.62095 
1.20203 -1.59993 -1.34981 1.55196 -1.47257 -1.46885 2.23655 -1.71146 1.25788 -1.52799 1.40425 2.6587 0.700595 -2.60954 
1.20205 -1.59992 -1.34981 1.55198 -1.47259 -1.46883 2.23654 -1.71642 1.27351 -1.52158 1.40885 2.6675 0.692591 -2.61831 
1.20206 -1.59995 -1.34985 1.55199 -1.47255 -1.46877 2.23653 -1.7108 1.25784 -1.52902 1.40517 2.65522 0.698711 -2.61987 
1.20242 -1.59929 -1.34992 1.55122 -1.47276 -1.46762 2.23229 -1.85197 1.4588 -1.44522 1.54141 2.77957 0.530846 -2.72002 
1.20246 -1.59925 -1.34991 1.55115 -1.4728 -1.46752 2.23197 -1.81136 1.40321 -1.46307 1.49312 2.75126 0.588131 -2.68567 
1.20235 -1.59937 -1.34988 1.55098 -1.47283 -1.46784 2.23178 -1.8341 1.42128 -1.45711 1.52033 2.75957 0.557742 -2.69317 
1.20228 -1.59942 -1.34984 1.55086 -1.47285 -1.46807 2.23165 -1.84448 1.40943 -1.45747 1.52819 2.7566 0.553867 -2.67635 
1.20223 -1.59955 -1.34988 1.55078 -1.47286 -1.46819 2.23158 -1.82824 1.41052 -1.456 1.5122 2.75118 0.570025 -2.69318 
1.20216 -1.59965 -1.34989 1.5507 -1.47279 -1.46834 2.23156 -1.82273 1.39755 -1.46176 1.5061 2.74405 0.580826 -2.69301 
1.20206 -1.59981 -1.34989 1.55063 -1.47285 -1.4686 2.23156 -1.81757 1.38336 -1.46561 1.50148 2.7361 0.587401 -2.69365 
1.20209 -1.59971 -1.34986 1.55064 -1.47284 -1.46849 2.23152 -1.81009 1.37019 -1.47128 1.49356 2.73235 0.598717 -2.67949 
1.20205 -1.59979 -1.34987 1.55062 -1.47285 -1.46861 2.23157 -1.80026 1.35182 -1.47624 1.48425 2.71701 0.612228 -2.67876 
1.20207 -1.59975 -1.34987 1.55073 -1.4729 -1.46853 2.2318 -1.79358 1.34754 -1.47813 1.47915 2.7154 0.616995 -2.6898 
1.20207 -1.59972 -1.34986 1.55078 -1.47292 -1.46851 2.2319 -1.78118 1.32854 -1.48559 1.4659 2.7043 0.635403 -2.66275 
1.20213 -1.59962 -1.34985 1.55081 -1.47289 -1.46836 2.23189 -1.7731 1.31747 -1.49163 1.46147 2.69578 0.63728 -2.66068 
1.20214 -1.59959 -1.34985 1.55088 -1.47297 -1.46833 2.232 -1.75971 1.30248 -1.49862 1.45039 2.68443 0.650119 -2.64576 
1.20225 -1.59944 -1.34985 1.55101 -1.47284 -1.46802 2.23215 -1.7459 1.28695 -1.50695 1.43636 2.67616 0.668536 -2.62786 
1.20239 -1.59921 -1.34985 1.5512 -1.47277 -1.46762 2.23233 -1.72744 1.26781 -1.51754 1.42147 2.65974 0.683541 -2.60931 
1.20244 -1.59906 -1.34981 1.55138 -1.47291 -1.4675 2.23261 -1.73028 1.26965 -1.51827 1.42769 2.66027 0.673286 -2.61858 
1.20253 -1.59887 -1.34976 1.55152 -1.47288 -1.46732 2.23282 -1.71978 1.26474 -1.52125 1.41177 2.66114 0.696437 -2.60525 
1.2026 -1.59871 -1.34974 1.55158 -1.47275 -1.46709 2.23285 -1.71553 1.25779 -1.52587 1.4112 2.6534 0.694248 -2.60001 
1.20263 -1.59858 -1.34966 1.55167 -1.47283 -1.46708 2.23305 -1.71766 1.26478 -1.5232 1.41453 2.65428 0.687632 -2.61185 
1.20269 -1.59856 -1.34972 1.55178 -1.47286 -1.46691 2.23312 -1.71841 1.26905 -1.52183 1.41769 2.65291 0.680511 -2.61937 
1.20264 -1.59861 -1.34969 1.5518 -1.47293 -1.46704 2.23324 -1.71486 1.26578 -1.52343 1.40807 2.65814 0.696289 -2.60884 
1.20266 -1.59867 -1.34977 1.55181 -1.47287 -1.4669 2.2332 -1.71473 1.26288 -1.52517 1.41012 2.65325 0.692227 -2.61146 
1.20266 -1.59865 -1.34975 1.55181 -1.47289 -1.46693 2.23323 -1.71435 1.26428 -1.52455 1.40883 2.65449 0.694366 -2.61174 
1.20205 -1.5999 -1.34987 1.55164 -1.47377 -1.46875 2.23394 -1.85112 1.45778 -1.44432 1.53989 2.77395 0.533728 -2.71007 
1.20204 -1.59992 -1.34985 1.55164 -1.47381 -1.46884 2.23395 -1.81817 1.40968 -1.45854 1.50076 2.74837 0.579738 -2.68602 
1.20199 -1.6003 -1.35011 1.55147 -1.47358 -1.4689 2.23378 -1.84912 1.45368 -1.44279 1.53626 2.77236 0.541067 -2.71117 
1.20189 -1.60032 -1.34998 1.55134 -1.47369 -1.46922 2.23367 -1.8496 1.43711 -1.44764 1.53712 2.76442 0.540464 -2.70137 
1.20187 -1.6006 -1.35018 1.55128 -1.47355 -1.46921 2.23361 -1.84352 1.43191 -1.44735 1.532 2.75659 0.546583 -2.71313 
1.20178 -1.60053 -1.34999 1.5512 -1.47367 -1.46957 2.23367 -1.83542 1.40264 -1.45739 1.52069 2.74532 0.56448 -2.68236 
1.20168 -1.60072 -1.35003 1.55113 -1.47371 -1.4698 2.23372 -1.82845 1.39816 -1.45772 1.51483 2.73674 0.572037 -2.69772 
1.20171 -1.60073 -1.35008 1.55113 -1.47364 -1.46966 2.23367 -1.81718 1.38214 -1.46313 1.50173 2.73271 0.588531 -2.69167 
1.20163 -1.60073 -1.34999 1.5511 -1.47374 -1.46988 2.23373 -1.80745 1.35512 -1.47279 1.49311 2.71258 0.601614 -2.67156 
1.20164 -1.60068 -1.34998 1.55122 -1.47382 -1.46984 2.23398 -1.79817 1.34772 -1.47545 1.48467 2.70892 0.611669 -2.67598 
1.20164 -1.60068 -1.34999 1.55126 -1.47383 -1.4698 2.23408 -1.78263 1.33024 -1.48246 1.46705 2.69792 0.636066 -2.66473 
1.2017 -1.60063 -1.35002 1.55129 -1.47376 -1.46962 2.23406 -1.77037 1.30768 -1.49179 1.4578 2.67822 0.648409 -2.6595 
1.20172 -1.60063 -1.35004 1.55136 -1.47379 -1.46955 2.23418 -1.75966 1.3018 -1.49711 1.44963 2.67867 0.653565 -2.63482 
1.20181 -1.60043 -1.35 1.5515 -1.47373 -1.46929 2.23434 -1.74719 1.29058 -1.50298 1.44014 2.66548 0.663082 -2.64979 
1.20195 -1.60021 -1.35001 1.55168 -1.47365 -1.46889 2.2345 -1.7348 1.27447 -1.51167 1.42806 2.65629 0.678628 -2.6195 
1.20202 -1.60007 -1.34999 1.55187 -1.47376 -1.4687 2.2348 -1.7307 1.2716 -1.51577 1.42865 2.65269 0.672616 -2.61816 
1.2021 -1.5999 -1.34995 1.55201 -1.47374 -1.46853 2.23499 -1.72005 1.26652 -1.51899 1.41222 2.65501 0.69727 -2.60342 
1.20215 -1.59963 -1.34982 1.55208 -1.47372 -1.46842 2.23504 -1.72183 1.27105 -1.51859 1.41979 2.65233 0.681244 -2.61931 
1.20219 -1.59965 -1.34987 1.55216 -1.47366 -1.46829 2.23522 -1.72354 1.26608 -1.5199 1.41945 2.65433 0.683865 -2.60819 
1.20223 -1.59953 -1.34982 1.55227 -1.4738 -1.46822 2.23532 -1.71645 1.27128 -1.51985 1.41274 2.65285 0.68956 -2.61994 
1.2022 -1.59967 -1.3499 1.55227 -1.47377 -1.46821 2.23541 -1.71715 1.26883 -1.52135 1.41221 2.65587 0.690968 -2.60985 
1.2022 -1.59961 -1.34987 1.55228 -1.47381 -1.46823 2.2354 -1.71318 1.26839 -1.52119 1.40557 2.65362 0.700088 -2.61818 
1.2022 -1.59961 -1.34987 1.55228 -1.47382 -1.46823 2.2354 -1.71232 1.26655 -1.52237 1.40356 2.656 0.703878 -2.61105 
1.20228 -1.59935 -1.3498 1.55177 -1.47348 -1.46803 2.23392 -1.85188 1.46131 -1.44204 1.54049 2.77243 0.534127 -2.71626 
1.20227 -1.59928 -1.34972 1.55176 -1.47355 -1.46811 2.23387 -1.81574 1.4139 -1.45552 1.49721 2.74618 0.585375 -2.68718 
1.20219 -1.59947 -1.34977 1.55158 -1.47348 -1.46831 2.23364 -1.84466 1.44217 -1.44523 1.53453 2.75692 0.542497 -2.7067 
1.20211 -1.59953 -1.34972 1.55144 -1.47351 -1.46853 2.2335 -1.83693 1.43051 -1.447 1.52297 2.74828 0.559685 -2.71309 
1.20207 -1.5997 -1.3498 1.55137 -1.47347 -1.46862 2.23343 -1.83671 1.43384 -1.44586 1.52056 2.7518 0.5629 -2.71272 
1.20201 -1.5998 -1.34979 1.55128 -1.47341 -1.46881 2.23345 -1.83416 1.4194 -1.44888 1.52142 2.74042 0.563611 -2.71916 
1.20191 -1.59993 -1.34976 1.55121 -1.4735 -1.46909 2.23348 -1.82359 1.39613 -1.4566 1.50775 2.72883 0.583256 -2.697 
1.20194 -1.59984 -1.34975 1.55122 -1.47347 -1.46897 2.23344 -1.81717 1.39053 -1.45838 1.50351 2.72445 0.586903 -2.70197 
1.20191 -1.59996 -1.3498 1.5512 -1.47344 -1.46903 2.23348 -1.80776 1.37047 -1.46521 1.49438 2.71302 0.599812 -2.68823 
1.20192 -1.59988 -1.34976 1.55131 -1.47353 -1.46901 2.23373 -1.79504 1.3515 -1.47136 1.47967 2.7016 0.621466 -2.67319 
1.20194 -1.5999 -1.34979 1.55136 -1.47352 -1.46894 2.23383 -1.7829 1.33745 -1.47771 1.46777 2.6938 0.636188 -2.66386 
1.20199 -1.59978 -1.34976 1.55141 -1.4735 -1.46883 2.23381 -1.7718 1.3197 -1.48529 1.4606 2.67789 0.643801 -2.6586 
1.202 -1.59977 -1.34978 1.55148 -1.47354 -1.46876 2.23393 -1.75803 1.30547 -1.49296 1.44658 2.6727 0.660424 -2.63162 
1.2021 -1.5996 -1.34977 1.55161 -1.47343 -1.46848 2.23409 -1.74573 1.2944 -1.49898 1.43633 2.66328 0.670863 -2.62605 
1.20224 -1.59937 -1.34976 1.55179 -1.47337 -1.46809 2.23426 -1.73517 1.28166 -1.5063 1.42775 2.65472 0.680154 -2.61137 
1.2023 -1.59924 -1.34974 1.55198 -1.47348 -1.46791 2.23453 -1.73009 1.27825 -1.51016 1.42669 2.64937 0.67679 -2.61678 
1.20238 -1.59908 -1.34972 1.55213 -1.47344 -1.46772 2.23474 -1.72107 1.27343 -1.51382 1.41304 2.65351 0.696251 -2.59445 
1.20246 -1.59889 -1.34967 1.55219 -1.47334 -1.46752 2.23478 -1.71948 1.27088 -1.5166 1.41538 2.64788 0.690075 -2.5997 
1.20248 -1.59877 -1.3496 1.55226 -1.4734 -1.46752 2.23496 -1.71795 1.27308 -1.51569 1.41349 2.64696 0.692195 -2.60201 
1.20253 -1.5987 -1.34961 1.55237 -1.47349 -1.46739 2.23505 -1.71638 1.27656 -1.51516 1.41203 2.64928 0.691604 -2.60131 
1.2025 -1.59882 -1.34967 1.55237 -1.47347 -1.46741 2.23516 -1.71519 1.27446 -1.51561 1.41016 2.64496 0.695707 -2.60783 
1.20251 -1.59883 -1.3497 1.55239 -1.47346 -1.46734 2.23515 -1.71644 1.27958 -1.51335 1.41223 2.64692 0.69034 -2.61243 
1.20251 -1.59881 -1.34968 1.55239 -1.47349 -1.46738 2.23516 -1.71854 1.27903 -1.51345 1.41681 2.64259 0.68378 -2.62053 
1.10139 -1.60343 -1.36727 1.41437 -1.48711 -1.45492 2.20751 -1.72165 1.28098 -1.51136 1.41515 2.65126 0.688151 -2.60978 
1.09228 -1.60355 -1.36833 1.40148 -1.48837 -1.45421 2.2046 -1.71596 1.27548 -1.51517 1.40753 2.64984 0.698544 -2.60691 
1.09044 -1.60356 -1.36851 1.39885 -1.4886 -1.4541 2.20399 -1.71532 1.27432 -1.5165 1.40789 2.64885 0.696324 -2.6059 
1.09005 -1.60362 -1.36857 1.39832 -1.48868 -1.45416 2.2039 -1.71728 1.27946 -1.51511 1.4097 2.65437 0.691759 -2.60034 
1.08996 -1.60361 -1.3686 1.39813 -1.48858 -1.45413 2.20382 -1.71857 1.28072 -1.51378 1.41224 2.65032 0.687978 -2.60866 
1.08992 -1.60374 -1.36869 1.39808 -1.48853 -1.4542 2.20384 -1.71687 1.27891 -1.51566 1.40707 2.65595 0.695122 -2.59599 
1.08986 -1.60383 -1.36873 1.39803 -1.48854 -1.45432 2.20385 -1.71928 1.28364 -1.51178 1.41054 2.65375 0.691758 -2.61033 
1.0891 -1.60527 -1.36953 1.39633 -1.48647 -1.45941 2.2019 -1.71994 1.2808 -1.51286 1.40909 2.65652 0.696032 -2.60355 
1.08977 -1.60414 -1.369 1.39783 -1.48834 -1.45493 2.20345 -1.72389 1.28343 -1.5094 1.41315 2.65506 0.695668 -2.6127 
1.0899 -1.60424 -1.36922 1.39833 -1.48911 -1.45429 2.20377 -1.73002 1.29539 -1.50415 1.41971 2.66303 0.687831 -2.62121 
1.09003 -1.6042 -1.36927 1.3988 -1.48982 -1.45389 2.20409 -1.73126 1.29115 -1.50461 1.41806 2.66189 0.697135 -2.61371 
1.09009 -1.60444 -1.36949 1.39927 -1.49045 -1.45363 2.20474 -1.73526 1.2975 -1.50111 1.42047 2.66656 0.697484 -2.62108 
1.08854 -1.60575 -1.37035 1.39763 -1.48972 -1.45816 2.20347 -1.73885 1.29918 -1.49947 1.4235 2.66623 0.698029 -2.62475 
1.08838 -1.60587 -1.37066 1.39728 -1.4895 -1.45929 2.20247 -1.74751 1.30964 -1.49327 1.429 2.67253 0.699289 -2.63679 
1.08984 -1.60473 -1.36985 1.39925 -1.4909 -1.45463 2.20442 -1.74705 1.30714 -1.49213 1.42525 2.6709 0.710509 -2.63949 
1.09 -1.60441 -1.36963 1.39942 -1.49098 -1.4542 2.2044 -1.75249 1.31006 -1.49043 1.43112 2.67243 0.706055 -2.63655 
1.09001 -1.60443 -1.36963 1.39944 -1.491 -1.45418 2.20449 -1.75425 1.30652 -1.49086 1.4278 2.67529 0.718326 -2.63207 
1.09009 -1.60429 -1.36958 1.39954 -1.49108 -1.45397 2.20444 -1.76073 1.31313 -1.4865 1.43632 2.67202 0.70928 -2.65608 
1.09018 -1.60421 -1.36959 1.39965 -1.49114 -1.45369 2.20439 -1.76229 1.31429 -1.48625 1.43539 2.67759 0.714466 -2.64295 
1.09025 -1.60406 -1.36952 1.39969 -1.49114 -1.45355 2.20436 -1.76453 1.31618 -1.48437 1.43229 2.6812 0.72503 -2.64411 
1.09036 -1.60402 -1.36959 1.3999 -1.4914 -1.45319 2.20429 -1.76722 1.31993 -1.48361 1.4358 2.68235 0.719466 -2.64859 
1.09035 -1.60391 -1.36948 1.39973 -1.49107 -1.4533 2.20418 -1.77007 1.31916 -1.48285 1.44161 2.67384 0.711942 -2.66421 
1.09031 -1.60367 -1.36927 1.39938 -1.4904 -1.45341 2.20383 -1.7733 1.32558 -1.48053 1.44237 2.67979 0.711786 -2.66276 
1.09023 -1.60344 -1.36902 1.39895 -1.48983 -1.45368 2.20336 -1.77203 1.32142 -1.48128 1.43849 2.67659 0.719639 -2.66271 
1.09018 -1.60306 -1.36868 1.39849 -1.48924 -1.45383 2.20271 -1.77205 1.31754 -1.48362 1.43746 2.6764 0.720743 -2.65794 
1.09014 -1.60291 -1.36852 1.39825 -1.48891 -1.45399 2.2024 -1.77211 1.31622 -1.4844 1.4375 2.67564 0.720527 -2.65788 
1.09015 -1.60283 -1.36845 1.39837 -1.48908 -1.45401 2.20265 -1.77147 1.31168 -1.48603 1.43579 2.67211 0.723894 -2.65987 
1.0903 -1.60266 -1.36846 1.39881 -1.48946 -1.45352 2.20308 -1.77157 1.31491 -1.48449 1.43469 2.67305 0.725513 -2.66296 
1.0904 -1.60255 -1.36845 1.39917 -1.48991 -1.4532 2.20345 -1.77184 1.31293 -1.4862 1.43438 2.67466 0.725247 -2.6574 
1.09055 -1.60249 -1.36852 1.39943 -1.49004 -1.45278 2.20359 -1.77478 1.32497 -1.4809 1.43925 2.67563 0.716723 -2.67706 
1.08853 -1.60454 -1.36843 1.39621 -1.48888 -1.45859 2.20145 -1.72052 1.28455 -1.50617 1.41412 2.64244 0.695375 -2.61093 
1.08838 -1.60475 -1.3685 1.39599 -1.48875 -1.45896 2.20132 -1.73553 1.28837 -1.50189 1.42152 2.65005 0.702154 -2.6241 
1.08704 -1.60573 -1.36931 1.39393 -1.48681 -1.463 2.20012 -1.72494 1.28652 -1.50558 1.41684 2.64468 0.694239 -2.60944 
1.08805 -1.60513 -1.36877 1.39544 -1.48819 -1.46001 2.20105 -1.72237 1.28911 -1.5063 1.41742 2.64282 0.685014 -2.61077 
1.08807 -1.60508 -1.36872 1.39545 -1.48815 -1.45992 2.20103 -1.72189 1.29023 -1.50584 1.41621 2.64509 0.686876 -2.60887 
1.08806 -1.60514 -1.36872 1.39546 -1.48819 -1.45995 2.20111 -1.72174 1.29009 -1.50703 1.41605 2.64624 0.6846 -2.60497 
1.08801 -1.60524 -1.36877 1.39542 -1.48819 -1.46004 2.20112 -1.72391 1.2949 -1.50449 1.41909 2.64796 0.680151 -2.60645 
1.08811 -1.60502 -1.369 1.39563 -1.48809 -1.46042 2.19998 -1.72441 1.2903 -1.50562 1.41841 2.64682 0.684322 -2.6047 
1.08805 -1.60523 -1.36885 1.39552 -1.48838 -1.46008 2.20087 -1.72703 1.29695 -1.50173 1.41939 2.65148 0.685834 -2.606 
1.08816 -1.60537 -1.36906 1.39598 -1.48908 -1.45976 2.20107 -1.72791 1.29188 -1.50349 1.41744 2.65301 0.69408 -2.60037 
1.0883 -1.60538 -1.36916 1.39642 -1.48974 -1.45936 2.20138 -1.73345 1.30158 -1.49806 1.42364 2.65418 0.688533 -2.61449 
1.08738 -1.6061 -1.36962 1.3951 -1.48835 -1.46249 2.20042 -1.73433 1.29858 -1.49847 1.42151 2.6555 0.697419 -2.61033 
1.08828 -1.60584 -1.36961 1.39693 -1.49049 -1.45956 2.20199 -1.73908 1.29943 -1.49658 1.42437 2.6566 0.700003 -2.60928 
1.08841 -1.60576 -1.36965 1.39719 -1.49078 -1.45914 2.20203 -1.74684 1.31059 -1.49084 1.43133 2.66289 0.695853 -2.62079 
1.09068 -1.60203 -1.36693 1.39754 -1.48679 -1.45586 2.19661 -1.75061 1.31358 -1.48781 1.43039 2.66455 0.706375 -2.62775 
1.08888 -1.605 -1.3692 1.39724 -1.48986 -1.45844 2.20082 -1.75276 1.30743 -1.48893 1.43047 2.66395 0.712681 -2.6229 
1.0888 -1.60528 -1.36945 1.39722 -1.48993 -1.45855 2.20108 -1.75519 1.30932 -1.48671 1.4292 2.66747 0.720355 -2.62338 
1.08882 -1.60513 -1.36933 1.39729 -1.49016 -1.45853 2.20111 -1.76207 1.32167 -1.48103 1.43708 2.671 0.71129 -2.64518 
1.08891 -1.60509 -1.36941 1.39739 -1.49018 -1.45823 2.20105 -1.76225 1.31474 -1.48243 1.43491 2.66673 0.719974 -2.63606 
1.08896 -1.60498 -1.36934 1.39744 -1.49018 -1.4581 2.20103 -1.76401 1.31684 -1.48146 1.43286 2.67061 0.726697 -2.6341 
1.08906 -1.60492 -1.36938 1.39763 -1.49048 -1.45777 2.20098 -1.76757 1.31857 -1.48033 1.43788 2.66705 0.720443 -2.64793 
1.08902 -1.60477 -1.36923 1.39747 -1.49022 -1.45792 2.20088 -1.76775 1.3172 -1.4813 1.43617 2.66955 0.723505 -2.6343 
1.089 -1.6045 -1.36899 1.39712 -1.48958 -1.45807 2.20057 -1.77096 1.32196 -1.48028 1.43964 2.66772 0.71783 -2.64325 
1.0889 -1.60428 -1.36874 1.39669 -1.48902 -1.45837 2.20011 -1.77092 1.31622 -1.48158 1.43749 2.6673 0.723457 -2.63739 
1.08887 -1.60393 -1.36845 1.39623 -1.48837 -1.45847 2.19945 -1.7725 1.32184 -1.47916 1.44057 2.66624 0.717336 -2.64483 
1.08883 -1.6038 -1.3683 1.39598 -1.48805 -1.45862 2.19915 -1.77096 1.31802 -1.48105 1.43701 2.66667 0.722962 -2.64024 
1.08887 -1.60389 -1.36843 1.39611 -1.48798 -1.45845 2.19937 -1.77145 1.31406 -1.48233 1.4383 2.66148 0.721094 -2.64327 
1.08903 -1.60367 -1.36836 1.39654 -1.48843 -1.45804 2.19982 -1.77391 1.32368 -1.47871 1.43924 2.66615 0.719242 -2.65293 
1.08914 -1.6036 -1.36841 1.39691 -1.48884 -1.45767 2.20017 -1.77072 1.3156 -1.48128 1.43433 2.66182 0.728008 -2.64734 
1.08926 -1.6035 -1.36845 1.39718 -1.489 -1.45727 2.20032 -1.77232 1.3168 -1.48027 1.4357 2.65788 0.726317 -2.65742 
1.08766 -1.6046 -1.36793 1.39475 -1.48632 -1.46245 2.20178 -1.71797 1.28374 -1.50307 1.41073 2.63011 0.702853 -2.59714 
1.08754 -1.60467 -1.36788 1.39457 -1.48613 -1.46286 2.20192 -1.71621 1.28252 -1.50406 1.4099 2.62974 0.702127 -2.59557 
1.08751 -1.60462 -1.36781 1.39451 -1.48608 -1.46298 2.20193 -1.72858 1.29413 -1.49614 1.41723 2.63528 0.703713 -2.61542 
1.08747 -1.60469 -1.36786 1.39449 -1.48604 -1.46304 2.20199 -1.71727 1.28689 -1.50382 1.41099 2.63103 0.696277 -2.60024 
1.08747 -1.60463 -1.36779 1.39445 -1.48597 -1.46309 2.20194 -1.71921 1.2865 -1.50312 1.4102 2.63279 0.701447 -2.59297 
1.08743 -1.60481 -1.3679 1.39439 -1.48587 -1.4632 2.20201 -1.72356 1.29503 -1.49949 1.41833 2.63391 0.687396 -2.60498 
1.08738 -1.60487 -1.36787 1.39433 -1.48591 -1.46337 2.20206 -1.71592 1.28223 -1.50621 1.40652 2.63339 0.703832 -2.58578 
1.08738 -1.60492 -1.36792 1.39428 -1.48575 -1.46334 2.20203 -1.72054 1.289 -1.50201 1.41292 2.63328 0.695973 -2.6009 
1.08746 -1.60489 -1.36797 1.39448 -1.48609 -1.46308 2.202 -1.7257 1.29106 -1.49854 1.41615 2.63842 0.698546 -2.5985 
1.08758 -1.60505 -1.36818 1.39491 -1.48676 -1.46276 2.20224 -1.72784 1.29982 -1.49549 1.4176 2.64217 0.6964 -2.60113 
1.08773 -1.60516 -1.36842 1.39537 -1.48728 -1.46226 2.20251 -1.73182 1.30171 -1.49359 1.42115 2.64205 0.696187 -2.60662 
1.0878 -1.60537 -1.36862 1.39583 -1.48794 -1.46207 2.20315 -1.73486 1.30263 -1.4923 1.42281 2.64278 0.698666 -2.60778 
1.08795 -1.60549 -1.36883 1.39625 -1.48839 -1.46166 2.20346 -1.73757 1.30331 -1.49112 1.42239 2.64653 0.704815 -2.60293 
1.08806 -1.60539 -1.36884 1.39647 -1.48868 -1.46133 2.20347 -1.73888 1.3012 -1.49147 1.42035 2.64916 0.713227 -2.5995 
1.08809 -1.60541 -1.36888 1.39651 -1.48866 -1.46125 2.20347 -1.74254 1.30727 -1.48765 1.42191 2.65305 0.715711 -2.60281 
1.08821 -1.60531 -1.36892 1.39656 -1.48849 -1.46092 2.20333 -1.74996 1.31263 -1.48351 1.42632 2.65474 0.719225 -2.62008 
1.0882 -1.6054 -1.369 1.39655 -1.48842 -1.46091 2.20337 -1.74986 1.31187 -1.48285 1.42694 2.65175 0.718826 -2.62181 
1.08828 -1.60528 -1.36897 1.39663 -1.48847 -1.4607 2.20332 -1.75803 1.3173 -1.47977 1.43508 2.65505 0.712928 -2.63108 
1.08839 -1.60521 -1.369 1.39674 -1.48852 -1.46041 2.20326 -1.76081 1.32168 -1.47694 1.43575 2.6569 0.715956 -2.63553 
1.08845 -1.60511 -1.36897 1.39679 -1.48847 -1.46022 2.20323 -1.76318 1.31882 -1.47693 1.43543 2.65465 0.722335 -2.63789 
1.08856 -1.60501 -1.36898 1.397 -1.48879 -1.45993 2.20316 -1.76606 1.32157 -1.4757 1.43513 2.65922 0.726566 -2.63471 
1.08853 -1.60489 -1.36886 1.39683 -1.48848 -1.46005 2.20305 -1.76774 1.32338 -1.47505 1.43481 2.66101 0.728552 -2.63473 
1.08849 -1.60463 -1.36864 1.39649 -1.48783 -1.46016 2.20271 -1.7697 1.3255 -1.47462 1.43788 2.66059 0.723015 -2.63529 
1.08841 -1.60442 -1.36841 1.39605 -1.48724 -1.46042 2.20225 -1.76847 1.32187 -1.47505 1.43479 2.65601 0.728842 -2.6418 
1.08837 -1.60407 -1.3681 1.39559 -1.4866 -1.46056 2.20159 -1.76883 1.31766 -1.47819 1.43509 2.6579 0.727496 -2.6309 
1.08833 -1.6039 -1.36791 1.39536 -1.48633 -1.46073 2.2013 -1.76985 1.32213 -1.4762 1.43612 2.65812 0.725358 -2.63593 
1.08836 -1.60396 -1.368 1.39547 -1.48632 -1.4606 2.20153 -1.77099 1.32504 -1.47527 1.43708 2.65963 0.723234 -2.63614 
1.08851 -1.60373 -1.36793 1.3959 -1.48675 -1.4602 2.20196 -1.77144 1.32174 -1.47613 1.43669 2.65516 0.725293 -2.64099 
1.08863 -1.60371 -1.36803 1.39627 -1.4871 -1.45978 2.20231 -1.77057 1.3225 -1.47568 1.43414 2.6555 0.729061 -2.64245 
1.08875 -1.6036 -1.36805 1.39654 -1.48731 -1.4594 2.20247 -1.76934 1.31692 -1.47859 1.4315 2.65579 0.733467 -2.63575 
1.08793 -1.60484 -1.3684 1.39558 -1.48694 -1.46149 2.2029 -1.76743 1.32133 -1.47749 1.42728 2.65762 0.737472 -2.6391 
1.08791 -1.60486 -1.3684 1.39554 -1.48694 -1.46157 2.20293 -1.76972 1.31899 -1.47771 1.4298 2.65623 0.736091 -2.63837 
1.0853 -1.60668 -1.3692 1.3929 -1.48807 -1.46224 2.21879 -1.77081 1.32284 -1.47554 1.43146 2.65566 0.733409 -2.64601 
1.08118 -1.60952 -1.3705 1.38781 -1.48869 -1.46409 2.23588 -1.76915 1.32068 -1.47696 1.42667 2.65871 0.740869 -2.63932 
1.0753 -1.61355 -1.37285 1.38039 -1.48954 -1.47006 2.24786 -1.76771 1.3153 -1.47928 1.4237 2.65749 0.745938 -2.63399 
1.06764 -1.61891 -1.3759 1.37129 -1.4915 -1.47569 2.26875 -1.76883 1.31642 -1.47867 1.42594 2.65657 0.742346 -2.6369 
1.065 -1.62041 -1.37679 1.36727 -1.4926 -1.47472 2.28084 -1.76762 1.31401 -1.47952 1.42403 2.65634 0.745808 -2.63525 
1.05985 -1.623 -1.378 1.36003 -1.49423 -1.47437 2.30264 -1.76675 1.31081 -1.48096 1.42263 2.65574 0.748388 -2.63351 
1.05467 -1.62611 -1.37915 1.35209 -1.49311 -1.47826 2.31725 -1.76653 1.30936 -1.48173 1.42224 2.65496 0.749011 -2.63328 
1.05089 -1.62876 -1.3803 1.34685 -1.49459 -1.47893 2.33239 -1.76737 1.31061 -1.48142 1.42357 2.65534 0.746587 -2.63291 
1.04737 -1.63038 -1.37995 1.34034 -1.49465 -1.4782 2.35016 -1.76791 1.31428 -1.47989 1.42408 2.65726 0.745241 -2.63386 
1.04154 -1.63453 -1.38203 1.33261 -1.49526 -1.48253 2.36519 -1.76598 1.31545 -1.48023 1.41982 2.6626 0.750942 -2.62722 
1.03755 -1.63607 -1.38115 1.32475 -1.49447 -1.4815 2.38516 -1.76478 1.31396 -1.48071 1.41767 2.66187 0.754311 -2.62809 
1.03546 -1.63626 -1.37939 1.31991 -1.49278 -1.48009 2.39994 -1.76655 1.31563 -1.47957 1.42169 2.65891 0.748431 -2.63338 
1.03366 -1.63855 -1.37982 1.31847 -1.49186 -1.48371 2.40422 -1.76688 1.31629 -1.47952 1.42206 2.65969 0.747748 -2.63263 
1.03638 -1.63715 -1.37774 1.32272 -1.49009 -1.48219 2.40507 -1.76623 1.31217 -1.48056 1.42192 2.65542 0.748727 -2.63592 
1.04109 -1.63608 -1.37544 1.33205 -1.48998 -1.47877 2.40891 -1.76759 1.31468 -1.48049 1.42395 2.65924 0.744584 -2.63017 
1.04601 -1.63365 -1.37318 1.34011 -1.48909 -1.47504 2.40981 -1.76656 1.31044 -1.48176 1.4228 2.65566 0.747273 -2.63206 
1.05042 -1.63217 -1.37117 1.34864 -1.48838 -1.47271 2.41198 -1.76736 1.31292 -1.48149 1.42361 2.66031 0.745157 -2.62595 
1.05355 -1.63326 -1.36915 1.36091 -1.48682 -1.47231 2.43033 -1.76845 1.31548 -1.47977 1.42594 2.65748 0.741931 -2.63441 
1.05505 -1.63616 -1.36807 1.37487 -1.48617 -1.47275 2.45932 -1.76805 1.31588 -1.47972 1.4249 2.65897 0.743328 -2.63242 
1.05368 -1.63957 -1.36857 1.38463 -1.48775 -1.47289 2.4889 -1.76653 1.31346 -1.47986 1.42207 2.65633 0.748621 -2.63678 
1.05118 -1.64469 -1.37007 1.39703 -1.49257 -1.47228 2.52377 -1.76999 1.31908 -1.47763 1.42856 2.65644 0.737843 -2.64103 
1.04857 -1.64976 -1.3698 1.40799 -1.49339 -1.47371 2.55595 -1.76881 1.31644 -1.4785 1.42653 2.65544 0.741181 -2.64 
1.04494 -1.65515 -1.37075 1.41777 -1.49685 -1.47628 2.58343 -1.76779 1.31258 -1.48045 1.42462 2.65637 0.745056 -2.63116 
1.04104 -1.66154 -1.37121 1.43057 -1.50007 -1.47661 2.61695 -1.76696 1.31073 -1.48051 1.42354 2.65345 0.747366 -2.63625 
1.03755 -1.66628 -1.37162 1.43709 -1.50256 -1.47747 2.6372 -1.7675 1.31251 -1.4791 1.42476 2.6513 0.745608 -2.64317 
1.03254 -1.67336 -1.37386 1.4437 -1.50868 -1.48077 2.65423 -1.76689 1.31164 -1.48025 1.42318 2.65455 0.747637 -2.63432 
1.02758 -1.68102 -1.37793 1.44899 -1.51761 -1.48624 2.65936 -1.76775 1.31204 -1.48026 1.42485 2.65395 0.744574 -2.63474 
1.02764 -1.68449 -1.37888 1.45303 -1.52091 -1.48758 2.65112 -1.76745 1.31295 -1.47956 1.42439 2.65352 0.74538 -2.63828 
1.01962 -1.69502 -1.38333 1.44912 -1.52545 -1.5075 2.62178 -1.76893 1.31502 -1.47885 1.42707 2.65404 0.74121 -2.63994 
1.02383 -1.69342 -1.38249 1.45835 -1.53029 -1.49808 2.6321 -1.76838 1.31398 -1.47956 1.42562 2.65522 0.743397 -2.63638 
1.02216 -1.70071 -1.38774 1.46117 -1.5401 -1.50631 2.60506 -1.76802 1.31532 -1.48025 1.42412 2.65893 0.744061 -2.62904 
1.02611 -1.70189 -1.39049 1.4611 -1.54405 -1.50721 2.56438 -1.76636 1.31411 -1.47958 1.42166 2.65339 0.74776 -2.64122 
1.03333 -1.70514 -1.39477 1.46588 -1.55479 -1.507 2.49975 -1.76578 1.31267 -1.48019 1.42088 2.65039 0.747731 -2.64437 
1.04187 -1.7039 -1.39584 1.47174 -1.56098 -1.50254 2.45919 -1.76444 1.3127 -1.48124 1.41768 2.65367 0.751067 -2.63881 
1.04948 -1.70509 -1.39888 1.47541 -1.56804 -1.50179 2.4064 -1.76432 1.31838 -1.479 1.4161 2.65775 0.752193 -2.63958 
1.0564 -1.704 -1.40022 1.48003 -1.57411 -1.49713 2.37492 -1.76631 1.32037 -1.47877 1.41908 2.66074 0.746898 -2.63431 
1.06445 -1.70407 -1.40354 1.48549 -1.58312 -1.49298 2.33194 -1.76618 1.32149 -1.47842 1.4177 2.66326 0.748581 -2.6317 
1.07305 -1.70217 -1.40378 1.48897 -1.5875 -1.48804 2.29155 -1.76468 1.31768 -1.4802 1.41464 2.66486 0.752685 -2.62532 
1.08174 -1.70055 -1.4051 1.49366 -1.59453 -1.48122 2.25043 -1.76586 1.31767 -1.48088 1.41655 2.66816 0.748135 -2.61713 
1.08819 -1.70199 -1.40865 1.49518 -1.60167 -1.47944 2.20624 -1.76716 1.3196 -1.47969 1.41956 2.66672 0.742531 -2.62055 
1.097 -1.70046 -1.41091 1.49913 -1.61126 -1.47035 2.16111 -1.76569 1.32077 -1.47853 1.41679 2.66618 0.74556 -2.62492 
1.10266 -1.70092 -1.41399 1.49941 -1.61875 -1.46603 2.11883 -1.76423 1.31915 -1.47906 1.41489 2.6654 0.747169 -2.62491 
1.10793 -1.70079 -1.41548 1.49888 -1.62414 -1.46251 2.08085 -1.76232 1.3137 -1.48168 1.41124 2.66588 0.751915 -2.6151 
1.11429 -1.69752 -1.41435 1.4965 -1.62527 -1.45523 2.03382 -1.76238 1.31588 -1.48144 1.41149 2.66942 0.749037 -2.61089 
1.1208 -1.69673 -1.41559 1.49199 -1.62929 -1.44964 1.97551 -1.76196 1.31243 -1.48283 1.41201 2.66765 0.747456 -2.60893 
1.12491 -1.69492 -1.41425 1.48593 -1.62586 -1.44808 1.9288 -1.76163 1.31181 -1.48291 1.41275 2.66691 0.74484 -2.60866 
1.13339 -1.69006 -1.41179 1.48458 -1.62576 -1.4391 1.87966 -1.7614 1.31168 -1.48305 1.41388 2.66593 0.739757 -2.60807 
1.13776 -1.68771 -1.40969 1.47473 -1.61868 -1.43929 1.81831 -1.76109 1.30743 -1.48505 1.41686 2.66209 0.733005 -2.60663 
1.14376 -1.68362 -1.40702 1.46811 -1.61446 -1.4346 1.76132 -1.75961 1.31269 -1.48297 1.41557 2.66469 0.731736 -2.60891 
1.14669 -1.68167 -1.40514 1.45579 -1.60685 -1.43658 1.69355 -1.76 1.31829 -1.48095 1.41831 2.66512 0.7245 -2.61267 
1.15048 -1.67953 -1.40354 1.4467 -1.60238 -1.43588 1.63596 -1.75797 1.311 -1.48455 1.4167 2.66248 0.725467 -2.60619 
1.15218 -1.67967 -1.40343 1.43693 -1.59978 -1.43853 1.57792 -1.75382 1.30229 -1.48827 1.41138 2.66024 0.733785 -2.59406 
1.15261 -1.67915 -1.40227 1.42727 -1.59362 -1.4428 1.53623 -1.75509 1.31115 -1.48383 1.41483 2.66144 0.726897 -2.614 
1.1519 -1.67979 -1.40128 1.41414 -1.58548 -1.45147 1.48465 -1.75558 1.31908 -1.48003 1.41561 2.66507 0.723255 -2.62101 
1.15391 -1.67938 -1.40152 1.41438 -1.58643 -1.44989 1.46861 -1.75432 1.31643 -1.48048 1.41238 2.66712 0.727199 -2.61524 
1.15194 -1.67915 -1.3997 1.40421 -1.57489 -1.45984 1.44337 -1.75623 1.31559 -1.47958 1.41517 2.6669 0.722696 -2.61419 
