1.05263 -1.68246 -1.4456 1.29314 -1.41627 -1.40447 2.07103 -1.88748 1.45138 -1.45654 1.59664 2.82277 0.498455 -2.5639 
1.03301 -1.68722 -1.44748 1.26733 -1.41094 -1.42488 2.08434 -1.87614 1.45999 -1.44718 1.57977 2.81802 0.518645 -2.61654 
1.02907 -1.67897 -1.4465 1.25793 -1.40986 -1.40222 2.08819 -1.86732 1.46018 -1.44374 1.56373 2.80905 0.540973 -2.6573 
1.02624 -1.67465 -1.44584 1.25112 -1.41116 -1.39332 2.0846 -1.86553 1.45787 -1.44557 1.55917 2.81071 0.546716 -2.65251 
1.02539 -1.67405 -1.44526 1.24668 -1.40987 -1.3945 2.07796 -1.86626 1.45384 -1.44849 1.56064 2.8095 0.54204 -2.64935 
1.02642 -1.67511 -1.44529 1.24893 -1.40989 -1.39601 2.08223 -1.866 1.44842 -1.45153 1.55856 2.81205 0.543586 -2.63243 
1.02889 -1.67657 -1.44733 1.25624 -1.41164 -1.39845 2.09205 -1.86478 1.4461 -1.45292 1.55518 2.81207 0.546998 -2.63259 
1.0355 -1.67551 -1.44795 1.26949 -1.41218 -1.39715 2.0996 -1.8622 1.44801 -1.45166 1.54921 2.80803 0.554004 -2.64396 
1.04483 -1.67377 -1.44749 1.28835 -1.41319 -1.39255 2.10915 -1.85927 1.45397 -1.44878 1.5432 2.80491 0.561226 -2.66765 
1.05328 -1.67221 -1.44689 1.3044 -1.41352 -1.38948 2.11761 -1.85778 1.46241 -1.44452 1.54221 2.7994 0.561336 -2.68402 
1.06105 -1.66936 -1.44525 1.31769 -1.41264 -1.38487 2.12359 -1.85682 1.46821 -1.44264 1.54113 2.80018 0.560821 -2.68991 
1.0652 -1.66837 -1.44541 1.32641 -1.41406 -1.38213 2.12807 -1.85417 1.46842 -1.44097 1.53395 2.79776 0.571464 -2.69691 
1.06985 -1.66654 -1.44474 1.33414 -1.41422 -1.37859 2.13158 -1.85342 1.46521 -1.44299 1.53041 2.80181 0.575536 -2.68472 
1.07267 -1.66675 -1.44533 1.34069 -1.41568 -1.37774 2.1363 -1.85283 1.46269 -1.44457 1.5271 2.8055 0.579541 -2.67406 
1.07659 -1.6666 -1.44598 1.34998 -1.41726 -1.37639 2.14231 -1.85252 1.46666 -1.44239 1.52647 2.80352 0.57885 -2.68318 
1.0823 -1.66556 -1.44551 1.3602 -1.41571 -1.37658 2.14656 -1.85459 1.4731 -1.44125 1.53158 2.80374 0.566223 -2.68505 
1.08631 -1.66572 -1.44635 1.36968 -1.41713 -1.37537 2.15402 -1.85368 1.47203 -1.44238 1.52843 2.80535 0.567931 -2.68135 
1.09177 -1.66348 -1.44506 1.37936 -1.41544 -1.37356 2.15857 -1.85357 1.47644 -1.44104 1.52782 2.80487 0.564926 -2.68539 
1.09677 -1.6625 -1.44515 1.38902 -1.41527 -1.37278 2.16258 -1.8542 1.48492 -1.43787 1.52941 2.80381 0.558125 -2.70128 
1.10125 -1.6625 -1.44524 1.39835 -1.41496 -1.37367 2.16718 -1.85404 1.48836 -1.43465 1.52747 2.80148 0.562376 -2.71421 
1.10084 -1.6646 -1.44571 1.40001 -1.41363 -1.3797 2.17144 -1.85489 1.49265 -1.43072 1.52747 2.8004 0.563799 -2.72689 
1.0977 -1.66781 -1.44752 1.39733 -1.41294 -1.38656 2.1745 -1.85364 1.49193 -1.42754 1.52135 2.79836 0.57675 -2.7356 
1.34436 -1.57273 -1.56482 1.91521 -1.60201 -1.19481 2.40785 -1.85433 1.49211 -1.42931 1.52434 2.79928 0.570571 -2.73093 
1.15373 -1.65228 -1.46657 1.51422 -1.43426 -1.34174 2.2229 -1.85024 1.48673 -1.42318 1.51121 2.79494 0.59356 -2.7503 
1.34431 -1.57273 -1.56486 1.91524 -1.60208 -1.19482 2.40789 -1.85157 1.48787 -1.42489 1.51491 2.79708 0.588496 -2.73967 
