1.1452 -1.84321 -1.75002 1.51094 -1.34231 -0.800993 2.07196 -1.11007 0.610447 0.0654194 -1.37338 -1.9629 -1.13369 -0.471729 
1.12421 -1.82879 -1.75298 1.48389 -1.34365 -0.786656 2.09057 -1.11086 0.606558 0.0662759 -1.38231 -1.96055 -1.13132 -0.477188 
1.12257 -1.82869 -1.75055 1.47962 -1.33686 -0.792108 2.09258 -1.11086 0.606549 0.0662777 -1.38233 -1.96054 -1.13132 -0.4772 
1.12223 -1.8275 -1.748 1.4761 -1.32792 -0.800882 2.08866 -1.11086 0.606549 0.0662777 -1.38233 -1.96054 -1.13132 -0.4772 
1.12391 -1.82535 -1.74547 1.47348 -1.32235 -0.806429 2.07919 -1.11086 0.606549 0.0662777 -1.38233 -1.96054 -1.13132 -0.4772 
1.12936 -1.82266 -1.74282 1.47515 -1.3218 -0.803989 2.07025 -1.11086 0.606549 0.0662777 -1.38233 -1.96054 -1.13132 -0.4772 
1.13568 -1.82391 -1.7432 1.48297 -1.32459 -0.800915 2.07008 -1.11086 0.606549 0.0662777 -1.38233 -1.96054 -1.13132 -0.4772 
1.14164 -1.82201 -1.74168 1.48946 -1.32392 -0.798266 2.06676 -1.11086 0.606549 0.0662777 -1.38233 -1.96054 -1.13132 -0.4772 
1.14557 -1.82212 -1.74136 1.49444 -1.32494 -0.796853 2.06492 -1.11086 0.606549 0.0662777 -1.38233 -1.96054 -1.13132 -0.4772 
1.14889 -1.82157 -1.74083 1.49831 -1.32567 -0.794599 2.06357 -1.11086 0.606549 0.0662777 -1.38233 -1.96054 -1.13132 -0.4772 
1.15043 -1.82122 -1.73912 1.49914 -1.32185 -0.798294 2.06018 -1.11086 0.606549 0.0662777 -1.38233 -1.96054 -1.13132 -0.4772 
1.15218 -1.821 -1.73761 1.5003 -1.31987 -0.799502 2.05746 -1.11086 0.606549 0.0662777 -1.38233 -1.96054 -1.13132 -0.4772 
1.1528 -1.82264 -1.73847 1.50226 -1.32163 -0.799028 2.05918 -1.11086 0.606549 0.0662777 -1.38233 -1.96054 -1.13132 -0.4772 
1.15437 -1.82178 -1.73854 1.50426 -1.32331 -0.795478 2.05934 -1.11086 0.606549 0.0662777 -1.38233 -1.96054 -1.13132 -0.4772 
1.15439 -1.82328 -1.73913 1.50524 -1.32369 -0.796596 2.06085 -1.11086 0.606549 0.0662777 -1.38233 -1.96054 -1.13132 -0.4772 
1.15636 -1.82449 -1.74118 1.50909 -1.32878 -0.792544 2.06353 -1.11086 0.606549 0.0662777 -1.38233 -1.96054 -1.13132 -0.4772 
1.16034 -1.82155 -1.73766 1.51072 -1.32406 -0.794146 2.05572 -1.11086 0.606549 0.0662777 -1.38233 -1.96054 -1.13132 -0.4772 
1.16336 -1.8213 -1.73705 1.51413 -1.32383 -0.792912 2.05527 -1.11086 0.606549 0.0662777 -1.38233 -1.96054 -1.13132 -0.4772 
1.16517 -1.82092 -1.7368 1.51667 -1.32358 -0.792679 2.05414 -1.11086 0.606549 0.0662777 -1.38233 -1.96054 -1.13132 -0.4772 
1.16414 -1.82481 -1.74046 1.51952 -1.32996 -0.790022 2.06136 -1.11086 0.606549 0.0662777 -1.38233 -1.96054 -1.13132 -0.4772 
1.1641 -1.82369 -1.7385 1.51751 -1.32568 -0.793712 2.05747 -1.11086 0.606549 0.0662777 -1.38233 -1.96054 -1.13132 -0.4772 
1.16418 -1.82379 -1.73825 1.51765 -1.32534 -0.793871 2.05814 -1.11086 0.606549 0.0662777 -1.38233 -1.96054 -1.13132 -0.4772 
1.16541 -1.82133 -1.7364 1.51715 -1.32376 -0.792864 2.05381 -1.11086 0.606549 0.0662777 -1.38233 -1.96054 -1.13132 -0.4772 
1.16641 -1.82017 -1.73594 1.51773 -1.32415 -0.790545 2.05352 -1.11086 0.606549 0.0662777 -1.38233 -1.96054 -1.13132 -0.4772 
1.16682 -1.81891 -1.73476 1.51733 -1.32276 -0.790588 2.05072 -1.11086 0.606549 0.0662777 -1.38233 -1.96054 -1.13132 -0.4772 
1.16682 -1.81863 -1.73442 1.51705 -1.3219 -0.791424 2.04969 -1.11086 0.606549 0.0662777 -1.38233 -1.96054 -1.13132 -0.4772 
1.16677 -1.81832 -1.73399 1.5167 -1.32076 -0.792219 2.04915 -1.11086 0.606549 0.0662777 -1.38233 -1.96054 -1.13132 -0.4772 
1.16698 -1.81868 -1.73454 1.51719 -1.32214 -0.791123 2.05 -1.11086 0.606549 0.0662777 -1.38233 -1.96054 -1.13132 -0.4772 
1.16722 -1.81802 -1.73418 1.51703 -1.3219 -0.790698 2.0491 -1.11086 0.606549 0.0662777 -1.38233 -1.96054 -1.13132 -0.4772 
1.16705 -1.81814 -1.7347 1.51685 -1.32256 -0.79058 2.04887 -1.11086 0.606549 0.0662777 -1.38233 -1.96054 -1.13132 -0.4772 
1.16713 -1.8181 -1.73477 1.51712 -1.32373 -0.789316 2.04865 -1.11086 0.606549 0.0662777 -1.38233 -1.96054 -1.13132 -0.4772 
1.16759 -1.81693 -1.73423 1.51685 -1.32313 -0.788729 2.04682 -1.11086 0.606549 0.0662777 -1.38233 -1.96054 -1.13132 -0.4772 
1.16555 -1.8204 -1.73608 1.5165 -1.32388 -0.791977 2.0504 -1.11086 0.606549 0.0662777 -1.38233 -1.96054 -1.13132 -0.4772 
1.16497 -1.82118 -1.73635 1.51615 -1.32353 -0.793408 2.05102 -1.11086 0.606549 0.0662777 -1.38233 -1.96054 -1.13132 -0.4772 
1.16504 -1.82108 -1.7366 1.51608 -1.32388 -0.793265 2.05136 -1.11086 0.606549 0.0662777 -1.38233 -1.96054 -1.13132 -0.4772 
1.16494 -1.82114 -1.73691 1.51637 -1.32431 -0.792477 2.05216 -1.11086 0.606549 0.0662777 -1.38233 -1.96054 -1.13132 -0.4772 
1.16533 -1.82049 -1.73671 1.51649 -1.32436 -0.791911 2.0519 -1.11086 0.606549 0.0662777 -1.38233 -1.96054 -1.13132 -0.4772 
1.16544 -1.82132 -1.73783 1.51795 -1.32745 -0.788698 2.05439 -1.11086 0.606549 0.0662777 -1.38233 -1.96054 -1.13132 -0.4772 
1.16482 -1.82148 -1.73697 1.51616 -1.32424 -0.79289 2.05186 -1.11086 0.606549 0.0662777 -1.38233 -1.96054 -1.13132 -0.4772 
1.16468 -1.82154 -1.73739 1.51633 -1.32473 -0.792565 2.05271 -1.11086 0.606549 0.0662777 -1.38233 -1.96054 -1.13132 -0.4772 
1.16523 -1.82131 -1.73741 1.51698 -1.32557 -0.79116 2.05352 -1.11086 0.606549 0.0662777 -1.38233 -1.96054 -1.13132 -0.4772 
1.16532 -1.82192 -1.73842 1.51815 -1.32805 -0.788928 2.05558 -1.11086 0.606549 0.0662777 -1.38233 -1.96054 -1.13132 -0.4772 
1.1651 -1.82097 -1.73703 1.51686 -1.32453 -0.791748 2.05352 -1.11086 0.606549 0.0662777 -1.38233 -1.96054 -1.13132 -0.4772 
1.16473 -1.82142 -1.73635 1.5163 -1.32235 -0.794122 2.05385 -1.11086 0.606549 0.0662777 -1.38233 -1.96054 -1.13132 -0.4772 
1.16502 -1.82172 -1.73678 1.51697 -1.32328 -0.793299 2.05466 -1.11086 0.606549 0.0662777 -1.38233 -1.96054 -1.13132 -0.4772 
1.16453 -1.82182 -1.7363 1.51613 -1.32154 -0.795479 2.05402 -1.11086 0.606549 0.0662777 -1.38233 -1.96054 -1.13132 -0.4772 
1.16616 -1.81968 -1.73606 1.51738 -1.32364 -0.790363 2.05272 -1.11086 0.606549 0.0662777 -1.38233 -1.96054 -1.13132 -0.4772 
1.16564 -1.82189 -1.73866 1.51916 -1.328 -0.787577 2.05795 -1.11086 0.606549 0.0662777 -1.38233 -1.96054 -1.13132 -0.4772 
1.16511 -1.82221 -1.738 1.51813 -1.32564 -0.790543 2.05681 -1.11086 0.606549 0.0662777 -1.38233 -1.96054 -1.13132 -0.4772 
1.16533 -1.82093 -1.73657 1.51724 -1.32355 -0.791645 2.05425 -1.11086 0.606549 0.0662777 -1.38233 -1.96054 -1.13132 -0.4772 
1.16497 -1.82192 -1.73744 1.51775 -1.32485 -0.791422 2.05616 -1.11086 0.606549 0.0662777 -1.38233 -1.96054 -1.13132 -0.4772 
1.16502 -1.82261 -1.73838 1.51854 -1.327 -0.78967 2.05815 -1.11086 0.606549 0.0662777 -1.38233 -1.96054 -1.13132 -0.4772 
1.16515 -1.82233 -1.73891 1.51891 -1.32864 -0.787967 2.0582 -1.11086 0.606549 0.0662777 -1.38233 -1.96054 -1.13132 -0.4772 
1.16507 -1.82214 -1.73857 1.51852 -1.32777 -0.788931 2.05671 -1.11086 0.606549 0.0662777 -1.38233 -1.96054 -1.13132 -0.4772 
1.16496 -1.82188 -1.73802 1.51778 -1.32627 -0.790343 2.05539 -1.11086 0.606549 0.0662777 -1.38233 -1.96054 -1.13132 -0.4772 
1.16513 -1.82135 -1.73725 1.5172 -1.32464 -0.791192 2.05393 -1.11086 0.606549 0.0662777 -1.38233 -1.96054 -1.13132 -0.4772 
1.16517 -1.82077 -1.73659 1.51665 -1.32308 -0.791988 2.0527 -1.11086 0.606549 0.0662777 -1.38233 -1.96054 -1.13132 -0.4772 
1.16503 -1.82068 -1.73641 1.5163 -1.32223 -0.792414 2.05209 -1.11086 0.606549 0.0662777 -1.38233 -1.96054 -1.13132 -0.4772 
1.16477 -1.82083 -1.7363 1.51559 -1.32122 -0.794374 2.05193 -1.11086 0.606549 0.0662777 -1.38233 -1.96054 -1.13132 -0.4772 
1.16491 -1.82103 -1.73666 1.51586 -1.32203 -0.793954 2.05261 -1.11086 0.606549 0.0662777 -1.38233 -1.96054 -1.13132 -0.4772 
1.16472 -1.8253 -1.73791 1.51924 -1.32213 -0.79567 2.06252 -1.11086 0.606549 0.0662777 -1.38233 -1.96054 -1.13132 -0.4772 
1.16537 -1.83461 -1.74098 1.52924 -1.32664 -0.793142 2.08833 -1.11086 0.606549 0.0662777 -1.38233 -1.96054 -1.13132 -0.4772 
1.16395 -1.84726 -1.74553 1.53876 -1.33161 -0.793771 2.11993 -1.11086 0.606549 0.0662777 -1.38233 -1.96054 -1.13132 -0.4772 
1.1623 -1.85798 -1.74778 1.54585 -1.33097 -0.797832 2.14923 -1.11086 0.606549 0.0662777 -1.38233 -1.96054 -1.13132 -0.4772 
1.15723 -1.87331 -1.75389 1.55263 -1.33398 -0.803594 2.18747 -1.11086 0.606549 0.0662777 -1.38233 -1.96054 -1.13132 -0.4772 
1.15375 -1.88533 -1.75659 1.5592 -1.33245 -0.808522 2.22383 -1.11086 0.606549 0.0662777 -1.38233 -1.96054 -1.13132 -0.4772 
1.14786 -1.89944 -1.76017 1.56452 -1.33029 -0.816276 2.26463 -1.11086 0.606549 0.0662777 -1.38233 -1.96054 -1.13132 -0.4772 
1.14013 -1.91554 -1.76438 1.56934 -1.32724 -0.826025 2.31195 -1.11086 0.606549 0.0662777 -1.38233 -1.96054 -1.13132 -0.4772 
1.13301 -1.92838 -1.7658 1.57129 -1.31919 -0.837302 2.35293 -1.11086 0.606549 0.0662777 -1.38233 -1.96054 -1.13132 -0.4772 
1.12485 -1.94261 -1.76953 1.57443 -1.3159 -0.845233 2.39837 -1.11086 0.606549 0.0662777 -1.38233 -1.96054 -1.13132 -0.4772 
1.11595 -1.95557 -1.77088 1.574 -1.30612 -0.858941 2.4381 -1.11086 0.606549 0.0662777 -1.38233 -1.96054 -1.13132 -0.4772 
1.10679 -1.96699 -1.77113 1.5729 -1.29827 -0.874337 2.47737 -1.11086 0.606549 0.0662777 -1.38233 -1.96054 -1.13132 -0.4772 
1.10036 -1.96699 -1.75921 1.57383 -1.31257 -0.898373 2.52473 -1.11086 0.606549 0.0662777 -1.38233 -1.96054 -1.13132 -0.4772 
1.09201 -1.96699 -1.75157 1.56738 -1.31307 -0.920072 2.55404 -1.11086 0.606549 0.0662777 -1.38233 -1.96054 -1.13132 -0.4772 
1.08855 -1.96699 -1.74989 1.56513 -1.31392 -0.920357 2.56839 -1.11086 0.606549 0.0662777 -1.38233 -1.96054 -1.13132 -0.4772 
1.08348 -1.96699 -1.74749 1.55932 -1.31216 -0.930133 2.576 -1.11086 0.606549 0.0662777 -1.38233 -1.96054 -1.13132 -0.4772 
1.08136 -1.96699 -1.74699 1.55701 -1.31309 -0.930747 2.57875 -1.11086 0.606549 0.0662777 -1.38233 -1.96054 -1.13132 -0.4772 
1.07929 -1.96698 -1.74643 1.55358 -1.31369 -0.93643 2.57062 -1.11086 0.606549 0.0662777 -1.38233 -1.96054 -1.13132 -0.4772 
1.07983 -1.96659 -1.74671 1.55224 -1.317 -0.938105 2.55649 -1.11086 0.606549 0.0662777 -1.38233 -1.96054 -1.13132 -0.4772 
1.08281 -1.96573 -1.74817 1.55483 -1.32779 -0.933063 2.53814 -1.11086 0.606549 0.0662777 -1.38233 -1.96054 -1.13132 -0.4772 
1.08663 -1.9646 -1.74991 1.55658 -1.3382 -0.930773 2.50898 -1.11086 0.606549 0.0662777 -1.38233 -1.96054 -1.13132 -0.4772 
1.09214 -1.96197 -1.75021 1.55833 -1.34636 -0.928289 2.47258 -1.11086 0.606549 0.0662777 -1.38233 -1.96054 -1.13132 -0.4772 
1.10013 -1.95753 -1.74921 1.56021 -1.35414 -0.925075 2.42611 -1.11086 0.606549 0.0662777 -1.38233 -1.96054 -1.13132 -0.4772 
1.10713 -1.95392 -1.74865 1.56144 -1.36118 -0.923228 2.3818 -1.11086 0.606549 0.0662777 -1.38233 -1.96054 -1.13132 -0.4772 
1.11872 -1.94262 -1.74319 1.55137 -1.36153 -0.930197 2.27921 -1.11086 0.606549 0.0662777 -1.38233 -1.96054 -1.13132 -0.4772 
1.11752 -1.94246 -1.7424 1.548 -1.35764 -0.935404 2.27188 -1.11086 0.606549 0.0662777 -1.38233 -1.96054 -1.13132 -0.4772 
1.12414 -1.93863 -1.74108 1.54545 -1.3613 -0.938405 2.2204 -1.11086 0.606549 0.0662777 -1.38233 -1.96054 -1.13132 -0.4772 
1.13067 -1.93442 -1.73922 1.54216 -1.36442 -0.942248 2.16305 -1.11086 0.606549 0.0662777 -1.38233 -1.96054 -1.13132 -0.4772 
1.13774 -1.92824 -1.73521 1.53774 -1.36322 -0.946175 2.10657 -1.11086 0.606549 0.0662777 -1.38233 -1.96054 -1.13132 -0.4772 
1.1422 -1.92434 -1.73188 1.53151 -1.36 -0.954738 2.05565 -1.11086 0.606549 0.0662777 -1.38233 -1.96054 -1.13132 -0.4772 
1.14691 -1.91968 -1.72857 1.52558 -1.35797 -0.960683 2.00668 -1.11086 0.606549 0.0662777 -1.38233 -1.96054 -1.13132 -0.4772 
