1.11351 -1.86528 -1.6888 1.37703 1.9736 1.16752 -1.11316 -1.10378 0.606498 0.0553634 -1.38186 -1.95502 -1.13537 -0.478661 
1.09645 -1.85183 -1.68987 1.34431 1.9809 1.17097 -1.13513 -1.10381 0.606304 0.0554044 -1.38233 -1.95489 -1.13523 -0.478963 
1.09394 -1.85146 -1.6898 1.33935 1.9841 1.17658 -1.13609 -1.10381 0.606304 0.0554044 -1.38233 -1.95489 -1.13523 -0.478963 
1.09302 -1.8508 -1.68923 1.33564 1.98788 1.18258 -1.13954 -1.10381 0.606304 0.0554044 -1.38233 -1.95489 -1.13523 -0.478963 
1.0935 -1.84983 -1.6885 1.33539 1.98936 1.18329 -1.14146 -1.10381 0.606304 0.0554044 -1.38233 -1.95489 -1.13523 -0.478963 
1.09355 -1.85094 -1.68942 1.33664 1.98803 1.18304 -1.14052 -1.10381 0.606304 0.0554044 -1.38233 -1.95489 -1.13523 -0.478963 
1.09682 -1.84861 -1.68759 1.33723 1.98827 1.18008 -1.14568 -1.10381 0.606304 0.0554044 -1.38233 -1.95489 -1.13523 -0.478963 
1.09861 -1.84883 -1.68725 1.33719 1.98741 1.18052 -1.15052 -1.10381 0.606304 0.0554044 -1.38233 -1.95489 -1.13523 -0.478963 
1.10118 -1.8484 -1.68562 1.3373 1.9894 1.18127 -1.15296 -1.10381 0.606304 0.0554044 -1.38233 -1.95489 -1.13523 -0.478963 
1.10441 -1.848 -1.68339 1.33905 1.99232 1.18251 -1.15452 -1.10381 0.606304 0.0554044 -1.38233 -1.95489 -1.13523 -0.478963 
