1.14555 -1.92881 -1.71145 1.54332 -1.31381 -0.9854 2.24726 -1.11057 0.607972 0.0659647 -1.37907 -1.96141 -1.13218 -0.475202 
1.12656 -1.93856 -1.70779 1.50849 -1.27139 -1.05236 2.22716 -1.11086 0.60655 0.0662775 -1.38233 -1.96054 -1.13132 -0.477199 
1.12254 -1.94274 -1.70965 1.50363 -1.26745 -1.06343 2.22947 -1.11086 0.606549 0.0662777 -1.38233 -1.96054 -1.13132 -0.4772 
1.12143 -1.9448 -1.71139 1.50348 -1.26921 -1.06473 2.2321 -1.11086 0.606549 0.0662777 -1.38233 -1.96054 -1.13132 -0.4772 
1.12111 -1.94431 -1.71105 1.50209 -1.26703 -1.06685 2.23114 -1.11086 0.606549 0.0662777 -1.38233 -1.96054 -1.13132 -0.4772 
1.12101 -1.94419 -1.71083 1.50149 -1.26611 -1.0681 2.23077 -1.11086 0.606549 0.0662777 -1.38233 -1.96054 -1.13132 -0.4772 
1.12033 -1.94452 -1.71064 1.50026 -1.26448 -1.07062 2.22939 -1.11086 0.606549 0.0662777 -1.38233 -1.96054 -1.13132 -0.4772 
1.1208 -1.94464 -1.71152 1.50218 -1.2673 -1.06751 2.23119 -1.11086 0.606549 0.0662777 -1.38233 -1.96054 -1.13132 -0.4772 
1.11981 -1.9448 -1.71069 1.49976 -1.26419 -1.07174 2.22853 -1.11086 0.606549 0.0662777 -1.38233 -1.96054 -1.13132 -0.4772 
1.12027 -1.94389 -1.70985 1.49912 -1.26269 -1.07199 2.22764 -1.11086 0.606549 0.0662777 -1.38233 -1.96054 -1.13132 -0.4772 
1.12102 -1.94382 -1.70958 1.50041 -1.26352 -1.06942 2.22934 -1.11086 0.606549 0.0662777 -1.38233 -1.96054 -1.13132 -0.4772 
1.12079 -1.94449 -1.71066 1.50179 -1.26627 -1.06764 2.23076 -1.11086 0.606549 0.0662777 -1.38233 -1.96054 -1.13132 -0.4772 
1.11995 -1.94521 -1.7117 1.5014 -1.26666 -1.06877 2.23159 -1.11086 0.606549 0.0662777 -1.38233 -1.96054 -1.13132 -0.4772 
1.12132 -1.94365 -1.71004 1.50153 -1.26542 -1.06755 2.2292 -1.11086 0.606549 0.0662777 -1.38233 -1.96054 -1.13132 -0.4772 
1.12204 -1.94386 -1.7109 1.50387 -1.26901 -1.06307 2.23231 -1.11086 0.606549 0.0662777 -1.38233 -1.96054 -1.13132 -0.4772 
1.12178 -1.94389 -1.71069 1.50276 -1.2676 -1.06494 2.23154 -1.11086 0.606549 0.0662777 -1.38233 -1.96054 -1.13132 -0.4772 
1.12129 -1.94489 -1.71154 1.50292 -1.26825 -1.06585 2.23221 -1.11086 0.606549 0.0662777 -1.38233 -1.96054 -1.13132 -0.4772 
1.12183 -1.94466 -1.71181 1.50402 -1.26978 -1.06373 2.23307 -1.11086 0.606549 0.0662777 -1.38233 -1.96054 -1.13132 -0.4772 
1.12096 -1.94483 -1.71161 1.50232 -1.26769 -1.06692 2.23192 -1.11086 0.606549 0.0662777 -1.38233 -1.96054 -1.13132 -0.4772 
1.12251 -1.94349 -1.7106 1.50411 -1.26906 -1.06288 2.23191 -1.11086 0.606549 0.0662777 -1.38233 -1.96054 -1.13132 -0.4772 
1.12027 -1.94514 -1.71151 1.50176 -1.26712 -1.06816 2.23186 -1.11086 0.606549 0.0662777 -1.38233 -1.96054 -1.13132 -0.4772 
