1.12296 -1.88551 -1.6666 1.4073 1.9748 1.18679 -1.07788 -1.15674 0.538455 0.0746972 -1.19245 -1.97133 -1.29557 -0.179922 
1.11942 -1.88065 -1.66531 1.40687 1.96987 1.17803 -1.0882 -1.13606 0.560699 0.0570382 -1.1967 -2.03369 -1.27732 -0.232438 
1.11999 -1.87834 -1.6687 1.40448 1.96561 1.17566 -1.09166 -1.1276 0.581995 0.0542353 -1.20254 -2.04613 -1.25933 -0.26055 
1.11951 -1.87321 -1.66994 1.40289 1.96444 1.17231 -1.09584 -1.12316 0.598277 0.055614 -1.20699 -2.04518 -1.24333 -0.281136 
1.11961 -1.86879 -1.671 1.40093 1.96366 1.16933 -1.099 -1.1203 0.611051 0.0579506 -1.21108 -2.04101 -1.22972 -0.297927 
1.11963 -1.86617 -1.67261 1.39897 1.9616 1.16729 -1.1022 -1.11826 0.621186 0.0603297 -1.21516 -2.03638 -1.21824 -0.312212 
1.11932 -1.8638 -1.67317 1.39756 1.96005 1.16516 -1.10583 -1.11676 0.629224 0.0625179 -1.21932 -2.032 -1.20854 -0.324585 
1.11897 -1.8607 -1.67414 1.39677 1.95959 1.16444 -1.10996 -1.11567 0.635557 0.0644752 -1.22356 -2.02803 -1.20031 -0.335404 
1.11953 -1.8594 -1.67544 1.39493 1.95789 1.16396 -1.11334 -1.11488 0.64049 0.0662137 -1.22786 -2.02446 -1.19329 -0.344931 
1.12011 -1.85856 -1.67691 1.39349 1.95681 1.16425 -1.11583 -1.11434 0.644272 0.0677572 -1.23221 -2.02125 -1.18728 -0.353369 
1.12024 -1.85597 -1.67576 1.3931 1.95828 1.16303 -1.11827 -1.11399 0.647106 0.0691305 -1.23658 -2.01837 -1.18209 -0.360885 
1.12056 -1.85353 -1.67496 1.39249 1.95944 1.16267 -1.12124 -1.1138 0.649159 0.0703563 -1.24095 -2.01576 -1.17759 -0.367617 
1.12118 -1.85277 -1.6751 1.39197 1.95899 1.16302 -1.12429 -1.11373 0.650571 0.0714547 -1.2453 -2.01341 -1.17367 -0.373678 
1.122 -1.85128 -1.67401 1.39133 1.9597 1.16215 -1.12717 -1.11375 0.651456 0.0724429 -1.24961 -2.01126 -1.17022 -0.379164 
1.12272 -1.85013 -1.67391 1.39084 1.96027 1.16261 -1.12974 -1.11385 0.65191 0.0733361 -1.25387 -2.0093 -1.16718 -0.384153 
1.12338 -1.84932 -1.67368 1.39049 1.96041 1.16277 -1.1322 -1.11401 0.652012 0.0741469 -1.25807 -2.00751 -1.16447 -0.388714 
1.12413 -1.84831 -1.67362 1.39043 1.96125 1.16356 -1.13451 -1.11421 0.651829 0.0748862 -1.2622 -2.00585 -1.16205 -0.392901 
1.12471 -1.84733 -1.67353 1.39032 1.96216 1.16445 -1.13671 -1.11444 0.651415 0.0755636 -1.26625 -2.00432 -1.15987 -0.396762 
1.12553 -1.84743 -1.67423 1.38997 1.9621 1.16612 -1.13839 -1.1147 0.650817 0.0761868 -1.27021 -2.0029 -1.15789 -0.400338 
1.12629 -1.8473 -1.67433 1.38965 1.96265 1.1676 -1.13957 -1.11497 0.650072 0.0767627 -1.27408 -2.00157 -1.1561 -0.403663 
1.12672 -1.84694 -1.67381 1.38951 1.96369 1.16864 -1.14085 -1.11525 0.649213 0.0772969 -1.27786 -2.00033 -1.15445 -0.406765 
1.12727 -1.84732 -1.67246 1.38876 1.96402 1.16789 -1.14207 -1.11555 0.648265 0.0777945 -1.28154 -1.99916 -1.15294 -0.40967 
1.12773 -1.84789 -1.67281 1.38841 1.96366 1.16922 -1.14347 -1.11584 0.647251 0.0782596 -1.28512 -1.99806 -1.15154 -0.412397 
1.12796 -1.84668 -1.67225 1.38861 1.9651 1.16996 -1.14457 -1.11614 0.646189 0.0786958 -1.28859 -1.99702 -1.15024 -0.414966 
1.12833 -1.84694 -1.67196 1.38824 1.96522 1.1703 -1.14567 -1.11643 0.645094 0.079106 -1.29197 -1.99604 -1.14903 -0.417392 
1.12876 -1.84636 -1.67066 1.38786 1.96621 1.16945 -1.14671 -1.11672 0.643978 0.079493 -1.29524 -1.9951 -1.1479 -0.419688 
1.12918 -1.84663 -1.67069 1.38762 1.96618 1.17003 -1.1478 -1.11701 0.642852 0.0798589 -1.29842 -1.99421 -1.14684 -0.421865 
1.12967 -1.84642 -1.67046 1.38738 1.96658 1.17049 -1.14871 -1.11729 0.641723 0.0802057 -1.30149 -1.99336 -1.14583 -0.423934 
1.12983 -1.84637 -1.67047 1.38753 1.96689 1.17126 -1.14981 -1.11757 0.6406 0.080535 -1.30447 -1.99255 -1.14489 -0.425904 
1.13032 -1.84662 -1.66944 1.38722 1.96685 1.17085 -1.15131 -1.11784 0.639487 0.0808484 -1.30734 -1.99178 -1.14399 -0.427782 
1.13086 -1.84706 -1.66932 1.38726 1.96642 1.17131 -1.15262 -1.1181 0.63839 0.081147 -1.31013 -1.99104 -1.14315 -0.429574 
1.13153 -1.84621 -1.6687 1.38723 1.96757 1.17152 -1.1536 -1.11836 0.63731 0.0814319 -1.31282 -1.99032 -1.14234 -0.431287 
1.13217 -1.84568 -1.66845 1.38733 1.96862 1.17216 -1.1545 -1.1186 0.636253 0.0817042 -1.31542 -1.98964 -1.14157 -0.432926 
1.13275 -1.8451 -1.66768 1.38738 1.96993 1.17256 -1.15544 -1.11884 0.635218 0.0819646 -1.31792 -1.98899 -1.14084 -0.434495 
1.13315 -1.84469 -1.66666 1.38758 1.97081 1.17223 -1.15656 -1.11908 0.634209 0.0822139 -1.32035 -1.98836 -1.14014 -0.435999 
1.13376 -1.84535 -1.66704 1.3878 1.97061 1.17331 -1.15784 -1.1193 0.633227 0.0824528 -1.32268 -1.98775 -1.13948 -0.437442 
1.13461 -1.84679 -1.66757 1.38743 1.96929 1.17387 -1.15854 -1.11952 0.632271 0.0826819 -1.32494 -1.98717 -1.13884 -0.438826 
1.13502 -1.84646 -1.66696 1.38742 1.96983 1.17364 -1.15894 -1.11973 0.631344 0.0829017 -1.32711 -1.98661 -1.13823 -0.440155 
1.13524 -1.84605 -1.66736 1.38731 1.97047 1.17433 -1.15873 -1.11993 0.630445 0.0831127 -1.32921 -1.98607 -1.13764 -0.441431 
1.13542 -1.84663 -1.6682 1.38749 1.97032 1.17552 -1.15889 -1.12013 0.629574 0.0833154 -1.33123 -1.98555 -1.13708 -0.442657 
1.13558 -1.84639 -1.66776 1.38756 1.97121 1.17627 -1.15932 -1.12032 0.62873 0.08351 -1.33318 -1.98505 -1.13655 -0.443836 
1.13583 -1.84625 -1.66657 1.38729 1.97183 1.17566 -1.15978 -1.1205 0.627915 0.0836971 -1.33506 -1.98457 -1.13603 -0.444969 
1.13627 -1.84688 -1.66671 1.38703 1.97112 1.17556 -1.15984 -1.12068 0.627127 0.083877 -1.33687 -1.9841 -1.13554 -0.446059 
1.13638 -1.84641 -1.6668 1.38703 1.97163 1.17583 -1.1601 -1.12085 0.626367 0.08405 -1.33861 -1.98366 -1.13506 -0.447107 
1.13637 -1.84587 -1.66771 1.38744 1.97223 1.17767 -1.16007 -1.12102 0.625633 0.0842163 -1.34029 -1.98322 -1.13461 -0.448116 
