0.64806 -0.97538 -0.339064 1.49247 -2.48086 -1.88226 1.76065 -1.11007 0.610447 0.0654194 -1.37338 -1.9629 -1.13369 -0.471729 
0.645584 -0.980433 -0.339378 1.48682 -2.48235 -1.88569 1.7665 -1.11086 0.606558 0.0662759 -1.38231 -1.96055 -1.13132 -0.477188 
0.644518 -0.983312 -0.336599 1.48206 -2.47696 -1.89076 1.76773 -1.11086 0.606549 0.0662777 -1.38233 -1.96054 -1.13132 -0.4772 
0.646612 -0.982449 -0.336649 1.48249 -2.47604 -1.88896 1.76257 -1.11086 0.606549 0.0662777 -1.38233 -1.96054 -1.13132 -0.4772 
0.650372 -0.980025 -0.336077 1.48534 -2.47481 -1.88569 1.75562 -1.11086 0.606549 0.0662777 -1.38233 -1.96054 -1.13132 -0.4772 
0.653501 -0.977362 -0.334926 1.49141 -2.47186 -1.89037 1.7535 -1.11086 0.606549 0.0662777 -1.38233 -1.96054 -1.13132 -0.4772 
0.656638 -0.974495 -0.336446 1.49775 -2.47242 -1.89459 1.75161 -1.11086 0.606549 0.0662777 -1.38233 -1.96054 -1.13132 -0.4772 
0.65832 -0.971229 -0.334745 1.50327 -2.46972 -1.89511 1.75005 -1.11086 0.606549 0.0662777 -1.38233 -1.96054 -1.13132 -0.4772 
0.659454 -0.96946 -0.333392 1.50574 -2.4667 -1.89712 1.74898 -1.11086 0.606549 0.0662777 -1.38233 -1.96054 -1.13132 -0.4772 
0.660438 -0.967291 -0.332546 1.50987 -2.46547 -1.89647 1.74785 -1.11086 0.606549 0.0662777 -1.38233 -1.96054 -1.13132 -0.4772 
0.661182 -0.967103 -0.33213 1.51086 -2.46401 -1.8986 1.7473 -1.11086 0.606549 0.0662777 -1.38233 -1.96054 -1.13132 -0.4772 
0.661995 -0.966338 -0.332355 1.51242 -2.46429 -1.89901 1.74685 -1.11086 0.606549 0.0662777 -1.38233 -1.96054 -1.13132 -0.4772 
0.66249 -0.966388 -0.332652 1.51295 -2.46399 -1.90084 1.74617 -1.11086 0.606549 0.0662777 -1.38233 -1.96054 -1.13132 -0.4772 
0.662736 -0.966094 -0.332807 1.51351 -2.46369 -1.90193 1.74559 -1.11086 0.606549 0.0662777 -1.38233 -1.96054 -1.13132 -0.4772 
0.663935 -0.965014 -0.332702 1.51601 -2.4631 -1.90266 1.74431 -1.11086 0.606549 0.0662777 -1.38233 -1.96054 -1.13132 -0.4772 
0.665407 -0.963776 -0.330787 1.51836 -2.45924 -1.90484 1.74229 -1.11086 0.606549 0.0662777 -1.38233 -1.96054 -1.13132 -0.4772 
0.666593 -0.962627 -0.33118 1.52146 -2.4588 -1.90793 1.74216 -1.11086 0.606549 0.0662777 -1.38233 -1.96054 -1.13132 -0.4772 
0.667494 -0.960745 -0.329972 1.52409 -2.45643 -1.90923 1.74176 -1.11086 0.606549 0.0662777 -1.38233 -1.96054 -1.13132 -0.4772 
0.667448 -0.960751 -0.329892 1.52462 -2.45606 -1.90953 1.74168 -1.11086 0.606549 0.0662777 -1.38233 -1.96054 -1.13132 -0.4772 
0.667793 -0.960287 -0.330888 1.52485 -2.45794 -1.90864 1.74154 -1.11086 0.606549 0.0662777 -1.38233 -1.96054 -1.13132 -0.4772 
0.667274 -0.962223 -0.331668 1.52353 -2.45892 -1.91105 1.74305 -1.11086 0.606549 0.0662777 -1.38233 -1.96054 -1.13132 -0.4772 
0.667381 -0.961932 -0.331399 1.52413 -2.4588 -1.91051 1.74313 -1.11086 0.606549 0.0662777 -1.38233 -1.96054 -1.13132 -0.4772 
0.667086 -0.962831 -0.330868 1.52352 -2.45751 -1.91179 1.7433 -1.11086 0.606549 0.0662777 -1.38233 -1.96054 -1.13132 -0.4772 
0.66735 -0.962278 -0.331743 1.52459 -2.45933 -1.91127 1.74348 -1.11086 0.606549 0.0662777 -1.38233 -1.96054 -1.13132 -0.4772 
0.667106 -0.962906 -0.331578 1.52428 -2.45898 -1.91214 1.74356 -1.11086 0.606549 0.0662777 -1.38233 -1.96054 -1.13132 -0.4772 
0.667682 -0.960191 -0.331047 1.52626 -2.45898 -1.9078 1.74195 -1.11086 0.606549 0.0662777 -1.38233 -1.96054 -1.13132 -0.4772 
0.667713 -0.959604 -0.330245 1.52646 -2.4581 -1.90663 1.74152 -1.11086 0.606549 0.0662777 -1.38233 -1.96054 -1.13132 -0.4772 
0.667564 -0.960694 -0.330743 1.52573 -2.45842 -1.90813 1.74199 -1.11086 0.606549 0.0662777 -1.38233 -1.96054 -1.13132 -0.4772 
0.667748 -0.960996 -0.331482 1.52573 -2.45945 -1.90827 1.74169 -1.11086 0.606549 0.0662777 -1.38233 -1.96054 -1.13132 -0.4772 
0.667636 -0.96189 -0.331064 1.52421 -2.45795 -1.90939 1.74117 -1.11086 0.606549 0.0662777 -1.38233 -1.96054 -1.13132 -0.4772 
0.668013 -0.960953 -0.331752 1.52558 -2.45913 -1.90753 1.74021 -1.11086 0.606549 0.0662777 -1.38233 -1.96054 -1.13132 -0.4772 
0.668018 -0.960311 -0.331217 1.52574 -2.45857 -1.90616 1.73949 -1.11086 0.606549 0.0662777 -1.38233 -1.96054 -1.13132 -0.4772 
0.668313 -0.960166 -0.332599 1.52646 -2.46064 -1.90561 1.73903 -1.11086 0.606549 0.0662777 -1.38233 -1.96054 -1.13132 -0.4772 
0.668088 -0.960317 -0.330897 1.52518 -2.45785 -1.90622 1.73888 -1.11086 0.606549 0.0662777 -1.38233 -1.96054 -1.13132 -0.4772 
0.66822 -0.960164 -0.33077 1.52542 -2.45802 -1.90635 1.73938 -1.11086 0.606549 0.0662777 -1.38233 -1.96054 -1.13132 -0.4772 
0.668116 -0.960304 -0.330153 1.52471 -2.45664 -1.9063 1.73811 -1.11086 0.606549 0.0662777 -1.38233 -1.96054 -1.13132 -0.4772 
0.667897 -0.960627 -0.330305 1.52463 -2.45696 -1.90712 1.73929 -1.11086 0.606549 0.0662777 -1.38233 -1.96054 -1.13132 -0.4772 
0.668213 -0.960317 -0.330657 1.52497 -2.45731 -1.90627 1.73809 -1.11086 0.606549 0.0662777 -1.38233 -1.96054 -1.13132 -0.4772 
0.668016 -0.959906 -0.330533 1.52539 -2.45761 -1.90542 1.73844 -1.11086 0.606549 0.0662777 -1.38233 -1.96054 -1.13132 -0.4772 
0.668063 -0.96087 -0.331175 1.52496 -2.45831 -1.90718 1.73898 -1.11086 0.606549 0.0662777 -1.38233 -1.96054 -1.13132 -0.4772 
0.668063 -0.960991 -0.330984 1.52498 -2.45807 -1.90784 1.7395 -1.11086 0.606549 0.0662777 -1.38233 -1.96054 -1.13132 -0.4772 
