1.03115 -1.6895 -1.4646 1.26295 -1.39082 -1.38675 2.09943 -1.8746 1.46346 -1.45137 1.58963 2.81088 0.489113 -2.56133 
1.02981 -1.68488 -1.46002 1.25493 -1.38898 -1.38085 2.08735 -1.86886 1.46935 -1.43832 1.57287 2.79375 0.526561 -2.59975 
1.02877 -1.68414 -1.4603 1.2523 -1.38979 -1.37993 2.08327 -1.86596 1.4807 -1.42758 1.56815 2.77348 0.535777 -2.64145 
1.02758 -1.6845 -1.46153 1.24908 -1.38981 -1.38264 2.07776 -1.86561 1.4657 -1.43516 1.56369 2.77921 0.54329 -2.62359 
1.02663 -1.68511 -1.46164 1.24548 -1.38864 -1.3859 2.07319 -1.86773 1.45503 -1.44208 1.56611 2.78407 0.536929 -2.60603 
1.02651 -1.68655 -1.46276 1.24684 -1.38958 -1.38679 2.07847 -1.86683 1.44769 -1.44532 1.56251 2.78437 0.541715 -2.60098 
1.02966 -1.68744 -1.46444 1.25428 -1.39071 -1.38695 2.08833 -1.86383 1.46012 -1.43817 1.55725 2.7762 0.548277 -2.62402 
1.0362 -1.68673 -1.46501 1.26732 -1.39224 -1.3843 2.09459 -1.86209 1.45628 -1.43975 1.55242 2.77468 0.554749 -2.62474 
1.04682 -1.68363 -1.46301 1.28597 -1.39109 -1.37973 2.10307 -1.8597 1.45621 -1.43976 1.54741 2.77208 0.561111 -2.62982 
1.05471 -1.68214 -1.46249 1.30148 -1.39164 -1.37636 2.11035 -1.85652 1.46423 -1.43383 1.54205 2.76294 0.569042 -2.65217 
1.0609 -1.6805 -1.46177 1.31322 -1.39258 -1.37227 2.1161 -1.85593 1.47442 -1.4294 1.54261 2.75964 0.565263 -2.66434 
1.0662 -1.67983 -1.46209 1.32426 -1.39442 -1.36867 2.12349 -1.85437 1.48153 -1.42638 1.53935 2.76125 0.568529 -2.66863 
1.06977 -1.67969 -1.46248 1.3317 -1.39572 -1.36717 2.12753 -1.85369 1.48303 -1.42496 1.53731 2.75969 0.571037 -2.67315 
1.0734 -1.67972 -1.46286 1.33963 -1.39666 -1.36609 2.13202 -1.85412 1.47912 -1.42754 1.53638 2.76313 0.57082 -2.66457 
1.0782 -1.6779 -1.46158 1.34721 -1.39499 -1.36484 2.13487 -1.85386 1.48371 -1.42471 1.53576 2.75856 0.570016 -2.67507 
1.08408 -1.67653 -1.46098 1.35787 -1.39404 -1.36355 2.13999 -1.85202 1.49413 -1.41935 1.53163 2.75729 0.57382 -2.68661 
1.09045 -1.67635 -1.46175 1.37162 -1.39583 -1.36094 2.14926 -1.85172 1.49249 -1.42175 1.52908 2.76143 0.573611 -2.67846 
1.09501 -1.67565 -1.46164 1.38092 -1.39513 -1.3601 2.15568 -1.85154 1.48821 -1.42401 1.52745 2.7618 0.574245 -2.67428 
1.09857 -1.67635 -1.46258 1.38932 -1.39487 -1.3615 2.16084 -1.85167 1.48649 -1.42572 1.52648 2.7642 0.573041 -2.66874 
1.1008 -1.67683 -1.4627 1.39442 -1.39311 -1.364 2.16396 -1.85329 1.48727 -1.42506 1.52881 2.76323 0.568686 -2.6698 
1.10156 -1.67816 -1.46344 1.39764 -1.39224 -1.36657 2.16758 -1.85398 1.49066 -1.42194 1.52827 2.76309 0.569773 -2.67417 
1.10016 -1.6795 -1.46404 1.39622 -1.39105 -1.36969 2.16819 -1.85248 1.50175 -1.41157 1.5237 2.75454 0.580386 -2.70107 
