1.03844 -1.67829 -1.456 1.28077 -1.40892 -1.38965 2.10541 -1.87803 1.45943 -1.455 1.59741 2.81709 0.47818 -2.5511 
1.02821 -1.68106 -1.4543 1.26014 -1.40616 -1.39589 2.09548 -1.87367 1.46278 -1.44743 1.58379 2.81022 0.505238 -2.59427 
1.03409 -1.67727 -1.45375 1.26901 -1.40913 -1.38254 2.09261 -1.87063 1.46384 -1.44356 1.57546 2.80347 0.518631 -2.62586 
1.02845 -1.67741 -1.45223 1.25477 -1.40671 -1.38557 2.07891 -1.87067 1.45998 -1.4455 1.57354 2.80538 0.522791 -2.61961 
1.0264 -1.67819 -1.45168 1.24781 -1.403 -1.39195 2.0733 -1.87043 1.45064 -1.44851 1.57039 2.80048 0.528132 -2.61939 
1.02478 -1.67995 -1.4523 1.24463 -1.40194 -1.39602 2.07512 -1.86987 1.45446 -1.44688 1.56939 2.79961 0.52824 -2.62492 
1.02713 -1.68064 -1.45301 1.25131 -1.40291 -1.39755 2.08389 -1.86736 1.45947 -1.44413 1.56403 2.79608 0.534868 -2.64825 
1.03427 -1.67996 -1.45402 1.26618 -1.40431 -1.39535 2.0935 -1.86555 1.45761 -1.44469 1.55878 2.79514 0.542338 -2.64935 
1.0436 -1.67728 -1.45242 1.28317 -1.40287 -1.3916 2.10083 -1.86224 1.45501 -1.44672 1.5503 2.79861 0.553512 -2.64251 
1.0532 -1.67486 -1.45174 1.30074 -1.40515 -1.38489 2.10783 -1.85998 1.45573 -1.44604 1.54583 2.79616 0.558719 -2.64844 
1.05685 -1.67491 -1.45249 1.30977 -1.40668 -1.38358 2.11491 -1.85879 1.46219 -1.44324 1.54497 2.79353 0.557008 -2.66577 
1.06282 -1.67316 -1.45166 1.31997 -1.40538 -1.38089 2.11947 -1.85839 1.47077 -1.4394 1.54511 2.79221 0.555047 -2.69086 
1.06741 -1.6721 -1.4515 1.32833 -1.40639 -1.37835 2.12267 -1.85729 1.46964 -1.43924 1.54132 2.79085 0.560431 -2.69307 
1.07049 -1.67149 -1.45142 1.33488 -1.40737 -1.37598 2.12592 -1.85589 1.47491 -1.43669 1.53743 2.79236 0.56548 -2.69805 
1.07461 -1.67127 -1.45173 1.34301 -1.40695 -1.37616 2.13123 -1.8552 1.4749 -1.43693 1.53423 2.79464 0.568647 -2.69453 
1.08109 -1.66993 -1.45159 1.35541 -1.40722 -1.37388 2.13791 -1.85514 1.48153 -1.43462 1.53417 2.79524 0.565462 -2.701 
1.08485 -1.6693 -1.45161 1.36339 -1.40785 -1.37186 2.14349 -1.8543 1.48625 -1.43303 1.53137 2.79581 0.566276 -2.70406 
1.09195 -1.66798 -1.45128 1.37724 -1.40672 -1.37082 2.15216 -1.85429 1.48148 -1.43662 1.52965 2.79886 0.564877 -2.69013 
1.09652 -1.66809 -1.45193 1.3871 -1.40724 -1.37145 2.15678 -1.85463 1.47697 -1.43969 1.5286 2.80133 0.563879 -2.67823 
1.10031 -1.66897 -1.45306 1.39619 -1.40786 -1.37255 2.16223 -1.85519 1.47261 -1.4398 1.52731 2.7971 0.566533 -2.68276 
1.10005 -1.66945 -1.45248 1.39626 -1.40561 -1.37583 2.16395 -1.85532 1.48165 -1.43394 1.52608 2.79819 0.569106 -2.70122 
1.09732 -1.67111 -1.45293 1.39276 -1.40472 -1.38183 2.16478 -1.85568 1.48494 -1.43045 1.52604 2.79443 0.570923 -2.72574 
1.3444 -1.57957 -1.57011 1.91484 -1.59699 -1.18736 2.40709 -1.85544 1.48007 -1.43533 1.52621 2.80126 0.56862 -2.70526 
1.17995 -1.64505 -1.47882 1.56697 -1.44415 -1.31807 2.23971 -1.83077 1.48575 -1.41417 1.47276 2.80113 0.643626 -2.7933 
1.34444 -1.57955 -1.57008 1.91485 -1.59706 -1.18734 2.40711 -1.8365 1.47745 -1.42104 1.48304 2.79841 0.631536 -2.77211 
1.34445 -1.57955 -1.57008 1.91479 -1.59708 -1.18724 2.40714 -1.8218 1.47993 -1.41043 1.45746 2.79724 0.665511 -2.80358 
1.34444 -1.57955 -1.57008 1.91478 -1.59708 -1.18721 2.40714 -1.82033 1.45955 -1.42017 1.45671 2.78569 0.67032 -2.79339 
1.34445 -1.57955 -1.57008 1.91479 -1.59709 -1.1872 2.40715 -1.81257 1.44879 -1.42232 1.4481 2.77887 0.680546 -2.79788 
1.34444 -1.57955 -1.57008 1.91478 -1.59709 -1.18719 2.40716 -1.80426 1.43096 -1.42746 1.43974 2.76585 0.694049 -2.7942 
1.34444 -1.57955 -1.57009 1.91478 -1.59709 -1.18718 2.40716 -1.79481 1.41004 -1.43353 1.43082 2.74983 0.707067 -2.78413 
1.34445 -1.57955 -1.57009 1.91478 -1.59709 -1.18718 2.40717 -1.78415 1.4018 -1.43678 1.42025 2.74625 0.717387 -2.78059 
1.34444 -1.57955 -1.57009 1.91478 -1.59709 -1.18717 2.40717 -1.77298 1.38417 -1.44288 1.40916 2.73222 0.734677 -2.77656 
1.34444 -1.57955 -1.57009 1.91478 -1.59709 -1.18717 2.40718 -1.76062 1.36444 -1.45016 1.39818 2.71843 0.749409 -2.75745 
1.34445 -1.57955 -1.57009 1.91478 -1.59709 -1.18717 2.40719 -1.74778 1.3594 -1.45339 1.38937 2.71347 0.754451 -2.76886 
1.34444 -1.57955 -1.57009 1.91478 -1.59709 -1.18717 2.4072 -1.73305 1.3319 -1.4648 1.37338 2.69336 0.779955 -2.73112 
1.34444 -1.57955 -1.57009 1.91478 -1.59709 -1.18717 2.40721 -1.7218 1.32101 -1.47183 1.36687 2.68462 0.782908 -2.72222 
1.34444 -1.57955 -1.57009 1.91478 -1.59709 -1.18716 2.40722 -1.71142 1.31682 -1.47536 1.3624 2.67817 0.781852 -2.72792 
