1.08908 -1.60704 -1.37165 1.3969 -1.48498 -1.45541 2.20475 -1.71244 1.27441 -1.53037 1.38648 2.72009 0.720734 -2.59873 
1.08921 -1.6066 -1.37117 1.39698 -1.48495 -1.45519 2.20499 -1.72045 1.25848 -1.53043 1.39924 2.69738 0.714941 -2.62224 
1.08922 -1.60665 -1.37122 1.39694 -1.48476 -1.45513 2.205 -1.70948 1.2703 -1.53214 1.38507 2.71718 0.718854 -2.59601 
1.0894 -1.60562 -1.37057 1.396 -1.48234 -1.45675 2.20032 -1.71601 1.25565 -1.53608 1.40247 2.6931 0.699821 -2.6153 
1.08925 -1.60636 -1.37093 1.39675 -1.4843 -1.45548 2.20425 -1.71926 1.27024 -1.53109 1.40902 2.69771 0.682567 -2.63757 
1.0892 -1.60646 -1.37099 1.39676 -1.48436 -1.45552 2.20449 -1.71971 1.26415 -1.53337 1.41074 2.69274 0.682956 -2.62641 
1.08916 -1.60656 -1.37104 1.39674 -1.4844 -1.45561 2.20459 -1.71801 1.26579 -1.53292 1.40553 2.69819 0.691173 -2.62177 
1.08916 -1.6066 -1.37106 1.39669 -1.4843 -1.45561 2.20461 -1.72268 1.26677 -1.53106 1.41326 2.69412 0.681943 -2.62933 
1.08925 -1.60657 -1.37112 1.3969 -1.48463 -1.45532 2.20459 -1.72395 1.26629 -1.52979 1.41276 2.69331 0.687099 -2.63554 
1.08937 -1.60675 -1.37136 1.39734 -1.4853 -1.45495 2.20484 -1.72837 1.27049 -1.5273 1.41752 2.69514 0.683489 -2.63784 
1.08952 -1.60681 -1.37154 1.39779 -1.48589 -1.45449 2.20512 -1.73239 1.27604 -1.52288 1.41279 2.70767 0.699992 -2.63017 
1.08959 -1.60707 -1.37176 1.39826 -1.48653 -1.45428 2.20576 -1.73623 1.27804 -1.52157 1.42081 2.70077 0.69071 -2.64746 
1.08974 -1.60712 -1.37191 1.39867 -1.48702 -1.4539 2.20607 -1.73975 1.28078 -1.52017 1.42382 2.70511 0.689988 -2.64 
1.08983 -1.60702 -1.37189 1.3989 -1.48735 -1.45361 2.20608 -1.74209 1.28096 -1.51894 1.42347 2.70521 0.695463 -2.64316 
1.08988 -1.60708 -1.37199 1.39894 -1.48729 -1.45348 2.20609 -1.74491 1.28367 -1.51716 1.42287 2.70994 0.701835 -2.64025 
1.08997 -1.60687 -1.37187 1.39899 -1.48726 -1.45326 2.20596 -1.75002 1.29247 -1.51243 1.42661 2.71392 0.700526 -2.6622 
1.08963 -1.60741 -1.37254 1.39874 -1.48734 -1.45534 2.20443 -1.75054 1.28839 -1.51192 1.42402 2.70954 0.709896 -2.66159 
1.08999 -1.6068 -1.37189 1.39902 -1.48736 -1.45348 2.20566 -1.75995 1.29353 -1.50915 1.43497 2.71244 0.699555 -2.66707 
1.09007 -1.60673 -1.37192 1.39912 -1.48739 -1.45318 2.20561 -1.7607 1.29548 -1.50673 1.42935 2.71625 0.715407 -2.6717 
1.09013 -1.60653 -1.37178 1.39918 -1.48743 -1.45303 2.20562 -1.76325 1.29613 -1.50668 1.4313 2.71623 0.715027 -2.67124 
1.09025 -1.60655 -1.37192 1.39939 -1.48761 -1.45261 2.20554 -1.76718 1.30196 -1.50513 1.4364 2.71993 0.707035 -2.67206 
1.09023 -1.60637 -1.37174 1.39922 -1.48735 -1.45276 2.20544 -1.76685 1.29634 -1.5063 1.43405 2.71382 0.713317 -2.67555 
1.0902 -1.60611 -1.37149 1.39888 -1.48672 -1.45292 2.20511 -1.76816 1.30007 -1.50527 1.43499 2.71653 0.711048 -2.67451 
1.09013 -1.60595 -1.37134 1.39844 -1.48607 -1.45312 2.20464 -1.76774 1.29676 -1.50581 1.43358 2.71133 0.714316 -2.68251 
1.0901 -1.6056 -1.37104 1.39799 -1.4854 -1.45323 2.20398 -1.76837 1.29216 -1.50831 1.43204 2.71242 0.717842 -2.67369 
1.09004 -1.60545 -1.37088 1.39774 -1.48511 -1.45339 2.20368 -1.77217 1.29882 -1.50489 1.43623 2.71282 0.712645 -2.68205 
1.09007 -1.60549 -1.37098 1.39785 -1.48509 -1.45325 2.20391 -1.772 1.30242 -1.5032 1.43469 2.71384 0.714534 -2.68746 
1.09024 -1.6053 -1.37094 1.39828 -1.4855 -1.4528 2.20434 -1.77285 1.29226 -1.50797 1.43596 2.70972 0.714508 -2.67689 
1.09036 -1.60529 -1.37105 1.39866 -1.48584 -1.45239 2.2047 -1.77154 1.29253 -1.50787 1.43301 2.71035 0.718797 -2.67911 
1.09047 -1.60514 -1.37102 1.39892 -1.4861 -1.45207 2.20486 -1.7706 1.29027 -1.50931 1.42997 2.71088 0.723985 -2.67718 
1.08935 -1.60613 -1.37087 1.397 -1.48474 -1.45525 2.2042 -1.71803 1.26225 -1.53038 1.40974 2.68221 0.691462 -2.63062 
1.08931 -1.6063 -1.37101 1.3969 -1.48452 -1.45532 2.20416 -1.73675 1.27465 -1.52127 1.42005 2.69334 0.695588 -2.65833 
1.08929 -1.60623 -1.37091 1.39686 -1.48452 -1.45543 2.20416 -1.72987 1.2703 -1.52614 1.41652 2.69149 0.689705 -2.64695 
1.08923 -1.60635 -1.37096 1.3968 -1.48446 -1.45555 2.20421 -1.72725 1.26648 -1.52804 1.41367 2.69137 0.693533 -2.63307 
1.08921 -1.60629 -1.3709 1.39674 -1.48438 -1.4556 2.20417 -1.72504 1.26388 -1.5302 1.41231 2.69082 0.691542 -2.63071 
1.08917 -1.6064 -1.37096 1.3967 -1.48435 -1.45571 2.20421 -1.72543 1.27268 -1.52688 1.41708 2.68955 0.678426 -2.6408 
1.08912 -1.60648 -1.37098 1.39666 -1.48438 -1.45585 2.20423 -1.72528 1.26608 -1.52871 1.41481 2.6911 0.6857 -2.63088 
1.08911 -1.60645 -1.37094 1.39661 -1.48431 -1.4559 2.20422 -1.72629 1.26732 -1.52942 1.41705 2.69196 0.680622 -2.62798 
1.08921 -1.60645 -1.37101 1.3968 -1.48463 -1.45563 2.20418 -1.72776 1.27033 -1.52663 1.41717 2.69299 0.683873 -2.63222 
1.08932 -1.60661 -1.37123 1.39724 -1.4853 -1.45528 2.20443 -1.72948 1.26808 -1.52636 1.41753 2.69056 0.688022 -2.63587 
1.08946 -1.60666 -1.37137 1.39769 -1.48591 -1.45484 2.20471 -1.73308 1.27118 -1.52423 1.42056 2.69216 0.687764 -2.63744 
1.08952 -1.60685 -1.37155 1.39815 -1.48661 -1.45468 2.20534 -1.73445 1.27096 -1.52497 1.41766 2.70097 0.696821 -2.6248 
1.08966 -1.60692 -1.37172 1.39858 -1.48713 -1.45428 2.20565 -1.74121 1.28134 -1.51879 1.42448 2.70266 0.691574 -2.64101 
1.08979 -1.60686 -1.37175 1.39881 -1.48739 -1.45395 2.20568 -1.74491 1.28409 -1.51765 1.4275 2.70717 0.690485 -2.64571 
1.0898 -1.60682 -1.37173 1.39884 -1.48741 -1.45391 2.20569 -1.74414 1.27955 -1.51714 1.42051 2.70443 0.708991 -2.64317 
1.08991 -1.60665 -1.37166 1.39889 -1.48734 -1.45366 2.20555 -1.75389 1.28868 -1.51141 1.42795 2.70879 0.707915 -2.6557 
1.08989 -1.60669 -1.37168 1.39889 -1.48734 -1.4537 2.20559 -1.75366 1.28764 -1.51116 1.42753 2.70817 0.710004 -2.65696 
1.08996 -1.60659 -1.37168 1.39897 -1.48736 -1.45347 2.20553 -1.75881 1.29203 -1.50789 1.43188 2.7089 0.708416 -2.66337 
1.09005 -1.6065 -1.37168 1.39908 -1.48742 -1.45321 2.20548 -1.76456 1.29806 -1.50369 1.43407 2.71314 0.712623 -2.6696 
1.09012 -1.60638 -1.37163 1.39913 -1.4874 -1.45306 2.20544 -1.76538 1.2966 -1.50434 1.43332 2.71196 0.71591 -2.6681 
1.09022 -1.60632 -1.3717 1.39933 -1.48765 -1.4527 2.20538 -1.76758 1.29964 -1.50252 1.43414 2.71148 0.716682 -2.68114 
1.0902 -1.60621 -1.37158 1.39916 -1.48736 -1.45281 2.20527 -1.76917 1.29689 -1.50383 1.43645 2.71007 0.714218 -2.67081 
1.09019 -1.60598 -1.3714 1.39881 -1.48666 -1.45289 2.20493 -1.77342 1.30434 -1.50026 1.43931 2.71188 0.711967 -2.68302 
1.0901 -1.60576 -1.37117 1.39839 -1.48609 -1.45317 2.20445 -1.7733 1.30118 -1.50253 1.43756 2.71405 0.714152 -2.67354 
1.09008 -1.60548 -1.37095 1.39793 -1.48533 -1.45323 2.20378 -1.77395 1.29407 -1.50483 1.43925 2.70614 0.712604 -2.6745 
1.09001 -1.60522 -1.37067 1.3977 -1.48517 -1.45349 2.2035 -1.77305 1.29437 -1.50475 1.43654 2.7072 0.716204 -2.6776 
1.09005 -1.60527 -1.37073 1.39784 -1.48524 -1.45338 2.20378 -1.77533 1.30423 -1.50108 1.43899 2.7112 0.710728 -2.68372 
1.0902 -1.60511 -1.37075 1.3983 -1.48565 -1.45289 2.20424 -1.7756 1.30118 -1.50162 1.43951 2.70586 0.710918 -2.68671 
1.09031 -1.605 -1.37074 1.39862 -1.48602 -1.45258 2.20453 -1.77437 1.29749 -1.50438 1.43646 2.70842 0.71512 -2.6781 
1.09044 -1.60495 -1.37083 1.39888 -1.48613 -1.45215 2.20467 -1.7746 1.30141 -1.50258 1.43589 2.70885 0.715614 -2.68199 
1.0899 -1.60551 -1.37077 1.39803 -1.48603 -1.45346 2.20425 -1.72167 1.26802 -1.52503 1.41406 2.67746 0.688377 -2.63243 
1.0899 -1.60552 -1.37078 1.39802 -1.48604 -1.45347 2.20426 -1.73314 1.26805 -1.52279 1.41657 2.68343 0.701592 -2.63532 
1.08986 -1.60559 -1.37081 1.39794 -1.48588 -1.45353 2.20423 -1.7214 1.26603 -1.52657 1.41078 2.67811 0.694924 -2.63137 
1.08982 -1.60563 -1.3708 1.39792 -1.48592 -1.45365 2.2043 -1.71983 1.27541 -1.52408 1.41158 2.68133 0.685045 -2.63319 
1.08982 -1.60557 -1.37075 1.39788 -1.48585 -1.45369 2.20426 -1.72147 1.27096 -1.52747 1.414 2.68376 0.681942 -2.62045 
1.08977 -1.60566 -1.37079 1.39783 -1.48584 -1.4538 2.20429 -1.72214 1.2757 -1.52512 1.41474 2.68466 0.679909 -2.62392 
1.08973 -1.60576 -1.37083 1.39779 -1.48585 -1.45392 2.20432 -1.71981 1.27024 -1.52737 1.40953 2.68471 0.688861 -2.62033 
1.08971 -1.60571 -1.37075 1.39775 -1.48582 -1.45402 2.20431 -1.72403 1.27845 -1.52299 1.41483 2.68818 0.6819 -2.62316 
1.0898 -1.60575 -1.37087 1.39794 -1.48609 -1.45368 2.20427 -1.72536 1.27564 -1.52286 1.41484 2.68624 0.68656 -2.62652 
1.0899 -1.60585 -1.37103 1.39837 -1.48683 -1.45337 2.20453 -1.72837 1.28027 -1.51999 1.41598 2.68991 0.688614 -2.62858 
1.09005 -1.60593 -1.37121 1.39883 -1.4874 -1.4529 2.2048 -1.73174 1.28261 -1.51784 1.41843 2.69002 0.68974 -2.63577 
1.09012 -1.60613 -1.3714 1.39929 -1.48808 -1.45274 2.20543 -1.73561 1.28495 -1.5156 1.42232 2.6895 0.688244 -2.6393 
1.08886 -1.6074 -1.37234 1.39789 -1.48772 -1.45701 2.20423 -1.7404 1.29221 -1.51159 1.42479 2.69499 0.68981 -2.65012 
1.09014 -1.60637 -1.37177 1.39964 -1.48868 -1.45283 2.20545 -1.74712 1.29529 -1.50773 1.42876 2.69499 0.693759 -2.66035 
1.09021 -1.60625 -1.37168 1.39975 -1.48878 -1.45264 2.20551 -1.75122 1.29717 -1.50624 1.43195 2.69709 0.693982 -2.65819 
1.09033 -1.60605 -1.37159 1.39981 -1.48872 -1.45232 2.2054 -1.75228 1.29524 -1.5059 1.42709 2.70047 0.708704 -2.65633 
1.09032 -1.60614 -1.37167 1.39979 -1.48864 -1.4523 2.20544 -1.75778 1.30095 -1.50224 1.4333 2.70096 0.703413 -2.6634 
1.09041 -1.60598 -1.3716 1.39989 -1.48872 -1.4521 2.20538 -1.75861 1.29574 -1.50321 1.42989 2.70134 0.714756 -2.65905 
1.09052 -1.60593 -1.37165 1.4 -1.48874 -1.45179 2.20533 -1.76454 1.30478 -1.49839 1.43496 2.70427 0.712187 -2.67047 
1.09058 -1.60579 -1.37158 1.40004 -1.48873 -1.45165 2.2053 -1.76495 1.29711 -1.50218 1.43295 2.70498 0.718571 -2.65569 
1.09069 -1.60579 -1.37169 1.40024 -1.48894 -1.45127 2.20522 -1.76795 1.2983 -1.50003 1.43501 2.70031 0.719318 -2.66978 
1.09067 -1.60568 -1.3716 1.40008 -1.48861 -1.45135 2.20511 -1.76914 1.30158 -1.49944 1.43487 2.70503 0.71946 -2.66483 
1.09064 -1.60545 -1.3714 1.39973 -1.48793 -1.45145 2.20477 -1.77153 1.30291 -1.49864 1.43906 2.70134 0.712166 -2.67828 
1.09055 -1.60521 -1.37114 1.39931 -1.48738 -1.45174 2.2043 -1.77119 1.29918 -1.50045 1.43684 2.70161 0.716847 -2.66644 
1.09052 -1.60488 -1.37087 1.39885 -1.4867 -1.45185 2.20364 -1.77391 1.30714 -1.49683 1.43883 2.70317 0.71394 -2.6794 
1.09049 -1.60477 -1.37078 1.39861 -1.48634 -1.45194 2.20333 -1.77148 1.29749 -1.50102 1.43373 2.699 0.722288 -2.67176 
1.0905 -1.60473 -1.37072 1.39871 -1.48644 -1.45194 2.20355 -1.77656 1.30938 -1.49655 1.44208 2.70301 0.707292 -2.67873 
1.09069 -1.6047 -1.37089 1.39914 -1.48666 -1.45131 2.20398 -1.77449 1.30468 -1.4989 1.4372 2.70371 0.715228 -2.67419 
1.09079 -1.60456 -1.37086 1.39951 -1.48714 -1.45102 2.20434 -1.77502 1.31129 -1.49588 1.43678 2.70522 0.715517 -2.67964 
1.09092 -1.60452 -1.37096 1.39978 -1.48726 -1.45058 2.2045 -1.77395 1.30615 -1.49856 1.43456 2.70468 0.718887 -2.67481 
