0.662697 -1.16394 -0.415788 1.23539 -2.40107 -1.99343 1.79491 -1.11086 0.606551 0.0662772 -1.38233 -1.96054 -1.13132 -0.477197 
0.684515 -1.19548 -0.473731 1.20926 -2.34407 -1.98907 1.8625 -1.11086 0.606549 0.0662777 -1.38233 -1.96054 -1.13132 -0.4772 
0.68189 -1.19437 -0.471225 1.20902 -2.3534 -1.98921 1.85985 -1.11086 0.606549 0.0662777 -1.38233 -1.96054 -1.13132 -0.4772 
0.684227 -1.19667 -0.476898 1.2065 -2.35096 -1.98856 1.85786 -1.11086 0.606549 0.0662777 -1.38233 -1.96054 -1.13132 -0.4772 
0.685579 -1.19945 -0.480362 1.20309 -2.34975 -1.98879 1.85556 -1.11086 0.606549 0.0662777 -1.38233 -1.96054 -1.13132 -0.4772 
0.686951 -1.2003 -0.483655 1.20403 -2.3483 -1.9891 1.86049 -1.11086 0.606549 0.0662777 -1.38233 -1.96054 -1.13132 -0.4772 
0.692383 -1.19875 -0.492348 1.21165 -2.34209 -1.98958 1.87021 -1.11086 0.606549 0.0662777 -1.38233 -1.96054 -1.13132 -0.4772 
0.70115 -1.19501 -0.503569 1.22474 -2.3311 -1.98985 1.87982 -1.11086 0.606549 0.0662777 -1.38233 -1.96054 -1.13132 -0.4772 
0.71516 -1.19115 -0.521475 1.24306 -2.30941 -1.98888 1.89586 -1.11086 0.606549 0.0662777 -1.38233 -1.96054 -1.13132 -0.4772 
0.723197 -1.1866 -0.529836 1.25677 -2.29767 -1.98978 1.9058 -1.11086 0.606549 0.0662777 -1.38233 -1.96054 -1.13132 -0.4772 
0.731093 -1.18367 -0.538915 1.2682 -2.28579 -1.98962 1.91502 -1.11086 0.606549 0.0662777 -1.38233 -1.96054 -1.13132 -0.4772 
0.737419 -1.18139 -0.546096 1.27727 -2.27627 -1.98945 1.92243 -1.11086 0.606549 0.0662777 -1.38233 -1.96054 -1.13132 -0.4772 
0.742598 -1.17957 -0.55195 1.28469 -2.26856 -1.98929 1.92847 -1.11086 0.606549 0.0662777 -1.38233 -1.96054 -1.13132 -0.4772 
0.746937 -1.1781 -0.556864 1.29086 -2.26215 -1.98915 1.93355 -1.11086 0.606549 0.0662777 -1.38233 -1.96054 -1.13132 -0.4772 
0.75284 -1.17623 -0.563711 1.2991 -2.25392 -1.98897 1.94028 -1.11086 0.606549 0.0662777 -1.38233 -1.96054 -1.13132 -0.4772 
0.761343 -1.17389 -0.573547 1.31042 -2.24204 -1.98868 1.94981 -1.11086 0.606549 0.0662777 -1.38233 -1.96054 -1.13132 -0.4772 
0.769734 -1.17127 -0.582981 1.32257 -2.23024 -1.98833 1.9606 -1.11086 0.606549 0.0662777 -1.38233 -1.96054 -1.13132 -0.4772 
0.77769 -1.16797 -0.591279 1.33496 -2.2193 -1.9879 1.97069 -1.11086 0.606549 0.0662777 -1.38233 -1.96054 -1.13132 -0.4772 
0.785326 -1.16525 -0.599009 1.34592 -2.20889 -1.98743 1.97808 -1.11086 0.606549 0.0662777 -1.38233 -1.96054 -1.13132 -0.4772 
0.788144 -1.16206 -0.600158 1.35273 -2.20488 -1.98836 1.98142 -1.11086 0.606549 0.0662777 -1.38233 -1.96054 -1.13132 -0.4772 
0.791242 -1.16139 -0.603296 1.35671 -2.19944 -1.9881 1.98521 -1.11086 0.606549 0.0662777 -1.38233 -1.96054 -1.13132 -0.4772 
0.791565 -1.16139 -0.603657 1.35703 -2.19879 -1.98808 1.98564 -1.11086 0.606549 0.0662777 -1.38233 -1.96054 -1.13132 -0.4772 
1.0227 -0.826817 -0.791196 1.90453 -2.2073 -1.98518 2.13127 -1.11086 0.606549 0.0662777 -1.38233 -1.96054 -1.13132 -0.4772 
