1.09367 -1.77164 -1.57156 1.36175 -1.28991 -1.29646 2.14658 -1.85976 1.49679 -1.43068 1.5629 2.82073 0.532132 -2.59752 
1.06265 -1.77426 -1.57222 1.31356 -1.2947 -1.29608 2.13744 -1.8267 1.47812 -1.43501 1.52036 2.80072 0.566428 -2.62155 
1.06189 -1.77195 -1.57215 1.31179 -1.30154 -1.28515 2.13536 -1.81952 1.48425 -1.42612 1.50435 2.78674 0.591614 -2.6557 
1.06279 -1.77082 -1.57242 1.31159 -1.30184 -1.28538 2.12966 -1.82105 1.48636 -1.42518 1.50317 2.78749 0.596378 -2.65734 
1.06396 -1.76924 -1.57074 1.30937 -1.29853 -1.28851 2.1214 -1.82316 1.48435 -1.42627 1.50401 2.78425 0.596291 -2.65988 
1.06435 -1.76956 -1.57042 1.30921 -1.29665 -1.29052 2.12311 -1.82264 1.47586 -1.43005 1.50083 2.78404 0.600378 -2.65403 
1.06759 -1.77104 -1.57211 1.31741 -1.29809 -1.28881 2.13383 -1.82111 1.47718 -1.4303 1.49759 2.78673 0.602286 -2.65142 
1.07352 -1.77185 -1.57318 1.33059 -1.30001 -1.28553 2.14339 -1.8195 1.48201 -1.42857 1.49468 2.78706 0.604251 -2.65532 
1.08241 -1.77175 -1.5726 1.34831 -1.30049 -1.28132 2.15315 -1.81705 1.47939 -1.43121 1.48895 2.79158 0.610428 -2.64711 
1.08904 -1.77232 -1.57274 1.36271 -1.30175 -1.27794 2.16078 -1.81518 1.48109 -1.42979 1.48566 2.78725 0.61373 -2.65601 
1.09443 -1.77241 -1.57243 1.37375 -1.30178 -1.2758 2.1668 -1.81417 1.48124 -1.42882 1.48447 2.78039 0.613591 -2.66692 
1.09811 -1.77379 -1.57363 1.38279 -1.30398 -1.27374 2.17362 -1.81245 1.48063 -1.42812 1.48013 2.77716 0.619092 -2.673 
1.10134 -1.7741 -1.57354 1.38941 -1.30391 -1.27288 2.17718 -1.81085 1.48638 -1.42359 1.47664 2.7726 0.623938 -2.68739 
1.10211 -1.77508 -1.57383 1.39179 -1.30285 -1.27479 2.17952 -1.81025 1.49202 -1.42111 1.47524 2.77554 0.624939 -2.68837 
1.10403 -1.77675 -1.57468 1.39756 -1.30211 -1.27697 2.1844 -1.81066 1.49417 -1.42086 1.47516 2.77719 0.622294 -2.68669 
1.10919 -1.77756 -1.57493 1.4084 -1.30158 -1.27694 2.19057 -1.81088 1.49511 -1.42015 1.47535 2.7721 0.619095 -2.69457 
1.11321 -1.77973 -1.57612 1.41867 -1.30191 -1.27765 2.19891 -1.80909 1.49865 -1.41828 1.47059 2.77218 0.623194 -2.69893 
1.11574 -1.78159 -1.57652 1.42514 -1.29825 -1.28262 2.20525 -1.8078 1.50316 -1.4165 1.46729 2.77499 0.625962 -2.69954 
1.12795 -1.77425 -1.57124 1.44146 -1.3007 -1.26613 2.20588 -1.80665 1.50224 -1.41673 1.46312 2.77483 0.62985 -2.70018 
1.13252 -1.77292 -1.56981 1.44915 -1.30027 -1.26298 2.20807 -1.80752 1.50206 -1.41626 1.4629 2.77532 0.629824 -2.69944 
1.13477 -1.77239 -1.56901 1.45285 -1.29937 -1.26208 2.20948 -1.80821 1.51287 -1.41039 1.46397 2.77903 0.627547 -2.70391 
1.13501 -1.77236 -1.56894 1.45321 -1.29919 -1.26197 2.20961 -1.8072 1.51964 -1.40156 1.46068 2.76847 0.636029 -2.73162 
1.34052 -1.70961 -1.66907 1.91966 -1.50965 -1.04991 2.41139 -1.80732 1.51859 -1.40293 1.46114 2.77006 0.634774 -2.72787 
1.35326 -1.70392 -1.68102 1.95071 -1.53351 -1.0355 2.42838 -1.80732 1.51853 -1.40301 1.46116 2.77016 0.634699 -2.72765 
2.3822 -2.01047 -2.52842 1.59374 -2.06261 -1.99314 0.776459 -1.82212 1.96949 1.39848 1.63342 2.15783 1.23422 -1.0416 
