1.04723 -1.68398 -1.46713 1.29575 -1.39293 -1.37786 2.11192 -1.8978 1.43825 -1.45778 1.60113 2.82073 0.511213 -2.57232 
1.04743 -1.67884 -1.46018 1.28857 -1.39682 -1.3608 2.10094 -1.88046 1.45256 -1.45777 1.59867 2.82073 0.480006 -2.55548 
1.03674 -1.68086 -1.45995 1.26621 -1.39206 -1.36982 2.08769 -1.86958 1.45991 -1.44257 1.57462 2.78857 0.522454 -2.61798 
1.03067 -1.6826 -1.46085 1.25312 -1.3886 -1.37869 2.07799 -1.86842 1.45475 -1.44275 1.56858 2.78651 0.533891 -2.62082 
1.02594 -1.6856 -1.46278 1.24427 -1.38726 -1.38681 2.07256 -1.8691 1.44883 -1.44588 1.56809 2.78785 0.533371 -2.61424 
1.02559 -1.68646 -1.46323 1.24381 -1.38675 -1.3883 2.07509 -1.86827 1.44393 -1.44725 1.56529 2.78395 0.537083 -2.61713 
1.0284 -1.68776 -1.46467 1.25116 -1.38754 -1.38914 2.08399 -1.86638 1.44801 -1.44533 1.56131 2.78163 0.540888 -2.62429 
1.03535 -1.68682 -1.46474 1.26437 -1.38792 -1.3873 2.09111 -1.86386 1.44956 -1.44459 1.55492 2.781 0.549818 -2.62844 
1.04494 -1.68505 -1.46398 1.28234 -1.38813 -1.38391 2.09963 -1.86137 1.45339 -1.44361 1.54985 2.78285 0.555274 -2.62963 
1.05268 -1.68296 -1.46311 1.2974 -1.38844 -1.37959 2.10726 -1.85773 1.4628 -1.43647 1.54401 2.7703 0.564622 -2.65828 
1.06032 -1.68111 -1.4626 1.31209 -1.39073 -1.37316 2.11522 -1.85718 1.47487 -1.43108 1.54467 2.76781 0.56114 -2.67085 
1.06532 -1.67989 -1.46225 1.32158 -1.39102 -1.37083 2.12043 -1.85483 1.47354 -1.43069 1.53844 2.76809 0.56983 -2.67192 
1.06861 -1.6799 -1.46261 1.32882 -1.39148 -1.37006 2.1247 -1.85385 1.47763 -1.42691 1.53654 2.75993 0.572727 -2.68845 
