1.06288 -1.68153 -1.47072 1.33142 -1.40551 -1.3663 2.13435 -1.88156 1.44472 -1.45545 1.58375 2.82073 0.522874 -2.57992 
1.02811 -1.69144 -1.46641 1.25954 -1.39473 -1.38682 2.10247 -1.88135 1.43148 -1.44575 1.56153 2.79737 0.58683 -2.62344 
1.02225 -1.69114 -1.4645 1.24508 -1.39543 -1.38409 2.09166 -1.86854 1.45011 -1.44191 1.5577 2.79404 0.56584 -2.63772 
1.02603 -1.68901 -1.46444 1.24958 -1.39424 -1.38465 2.0873 -1.86335 1.46452 -1.43743 1.55835 2.79051 0.551079 -2.65065 
1.02804 -1.68768 -1.46398 1.25086 -1.39331 -1.38515 2.08169 -1.86431 1.45414 -1.44163 1.55584 2.78863 0.556559 -2.64663 
1.02834 -1.68821 -1.46402 1.25102 -1.39241 -1.38642 2.08418 -1.86414 1.45257 -1.44496 1.55604 2.79611 0.55113 -2.63249 
1.03079 -1.68948 -1.46602 1.2588 -1.39525 -1.38516 2.09367 -1.86217 1.44498 -1.44809 1.54994 2.79435 0.558665 -2.62993 
1.03788 -1.68911 -1.46689 1.27366 -1.39665 -1.38304 2.10423 -1.85964 1.44843 -1.44802 1.54418 2.799 0.564348 -2.62678 
1.04699 -1.68739 -1.46588 1.29147 -1.39692 -1.37927 2.11298 -1.85562 1.45405 -1.44472 1.53644 2.79329 0.574084 -2.64181 
1.05507 -1.68478 -1.46436 1.30625 -1.39632 -1.37523 2.11946 -1.85344 1.46404 -1.43945 1.53375 2.78652 0.575957 -2.66076 
1.06088 -1.68366 -1.46417 1.31735 -1.3982 -1.37081 2.12624 -1.85233 1.47144 -1.4359 1.53222 2.78491 0.576836 -2.66975 
1.06633 -1.68273 -1.4641 1.32823 -1.39874 -1.36875 2.13227 -1.85219 1.46635 -1.43834 1.53103 2.78563 0.5772 -2.66467 
1.06997 -1.68058 -1.46267 1.33369 -1.39719 -1.36699 2.13367 -1.85163 1.46272 -1.43901 1.52839 2.78291 0.580213 -2.66666 
1.07168 -1.68157 -1.46338 1.33796 -1.39788 -1.36759 2.1368 -1.85045 1.46709 -1.43619 1.52476 2.78191 0.585095 -2.67315 
1.07646 -1.68017 -1.46296 1.34673 -1.39819 -1.36511 2.14118 -1.84979 1.46559 -1.43737 1.52178 2.78448 0.587917 -2.6687 
1.08136 -1.6787 -1.46191 1.35493 -1.39663 -1.36423 2.14481 -1.85072 1.47193 -1.43562 1.52426 2.78399 0.580503 -2.67232 
1.08834 -1.67859 -1.46253 1.37011 -1.39762 -1.36267 2.15477 -1.84999 1.47852 -1.43396 1.52223 2.78709 0.579281 -2.67227 
1.09598 -1.67808 -1.46291 1.38607 -1.39851 -1.36078 2.165 -1.85004 1.4844 -1.43082 1.52308 2.7818 0.575095 -2.68404 
1.09968 -1.67845 -1.4638 1.39461 -1.39978 -1.36026 2.16931 -1.85036 1.49334 -1.42648 1.52444 2.77814 0.571169 -2.69596 
1.10166 -1.67891 -1.46402 1.39974 -1.39866 -1.36177 2.17293 -1.85085 1.5058 -1.41924 1.52559 2.77375 0.569081 -2.71283 
1.10084 -1.68106 -1.46505 1.40065 -1.39611 -1.3675 2.17564 -1.85089 1.50919 -1.41593 1.52496 2.77197 0.571092 -2.72027 
1.09887 -1.68303 -1.46643 1.39852 -1.39623 -1.37045 2.17664 -1.85033 1.50048 -1.41629 1.51837 2.77106 0.584572 -2.71997 
1.34435 -1.58214 -1.572 1.91533 -1.59592 -1.18489 2.40866 -1.85081 1.50717 -1.41644 1.52404 2.77228 0.573211 -2.71943 
1.34365 -1.58278 -1.57131 1.91442 -1.59519 -1.18571 2.40793 -1.86661 1.58503 -1.39084 1.55354 2.79683 0.526665 -2.73112 
1.34438 -1.58203 -1.57208 1.91543 -1.59599 -1.1849 2.40876 -1.86264 1.56285 -1.39641 1.54467 2.78532 0.542732 -2.7348 
1.34438 -1.582 -1.57208 1.91547 -1.596 -1.18489 2.40878 -1.86248 1.5628 -1.39907 1.5445 2.79686 0.541153 -2.71673 
1.34439 -1.582 -1.57208 1.91548 -1.596 -1.18489 2.40878 -1.8567 1.54884 -1.4003 1.53718 2.78384 0.551956 -2.72918 
1.34438 -1.58199 -1.57208 1.91549 -1.59601 -1.18489 2.40879 -1.85168 1.54604 -1.39905 1.53179 2.77629 0.559854 -2.74135 
1.34438 -1.58199 -1.57208 1.91549 -1.59601 -1.18489 2.4088 -1.84551 1.53297 -1.40159 1.52466 2.771 0.569496 -2.74329 
1.34439 -1.58198 -1.57208 1.91549 -1.59601 -1.18489 2.40881 -1.83867 1.51914 -1.40595 1.51737 2.76696 0.577901 -2.74128 
1.34439 -1.58198 -1.57208 1.9155 -1.59601 -1.18489 2.40882 -1.83315 1.49902 -1.41395 1.51241 2.76063 0.582031 -2.73628 
1.34439 -1.58198 -1.57208 1.9155 -1.59601 -1.18489 2.40883 -1.82488 1.4768 -1.42293 1.50154 2.75991 0.596495 -2.72359 
1.34439 -1.58198 -1.57208 1.9155 -1.59601 -1.18489 2.40884 -1.81828 1.45567 -1.43204 1.49447 2.7571 0.603725 -2.71273 
1.34439 -1.58198 -1.57208 1.9155 -1.59601 -1.18489 2.40885 -1.80367 1.432 -1.44067 1.47887 2.75226 0.62156 -2.7064 
1.34438 -1.58197 -1.57208 1.9155 -1.59601 -1.18489 2.40885 -1.79673 1.42345 -1.4451 1.46887 2.75283 0.633869 -2.70178 
1.34439 -1.58197 -1.57208 1.9155 -1.59601 -1.18489 2.40886 -1.78397 1.39633 -1.45769 1.45643 2.74612 0.646684 -2.69165 
1.34439 -1.58197 -1.57208 1.9155 -1.59601 -1.18489 2.40887 -1.77831 1.38818 -1.46263 1.45224 2.7439 0.648129 -2.68773 
1.34439 -1.58197 -1.57208 1.9155 -1.59601 -1.18489 2.40887 -1.76666 1.37185 -1.47367 1.43667 2.75296 0.665683 -2.66235 
1.34438 -1.58197 -1.57208 1.91551 -1.59601 -1.18489 2.40887 -1.76139 1.36169 -1.4776 1.43543 2.74117 0.664104 -2.67078 
1.34438 -1.58197 -1.57208 1.91551 -1.59601 -1.18489 2.40887 -1.75655 1.3532 -1.48351 1.43201 2.74058 0.667405 -2.66383 
1.34439 -1.58197 -1.57208 1.91551 -1.59601 -1.18488 2.40888 -1.75814 1.36759 -1.47638 1.43104 2.74708 0.667369 -2.66766 
1.34439 -1.58197 -1.57208 1.91551 -1.59601 -1.18488 2.40888 -1.75777 1.36604 -1.47657 1.43171 2.74245 0.666298 -2.67341 
1.34439 -1.58197 -1.57208 1.91551 -1.59601 -1.18488 2.40888 -1.75475 1.36067 -1.48263 1.42535 2.75395 0.673943 -2.65087 
1.34439 -1.58197 -1.57208 1.91551 -1.59601 -1.18488 2.40888 -1.75126 1.35629 -1.48318 1.42178 2.74556 0.677747 -2.66115 
1.34439 -1.58197 -1.57208 1.91551 -1.59601 -1.18488 2.40888 -1.75188 1.35673 -1.48445 1.42019 2.75361 0.679223 -2.64886 
1.34439 -1.58197 -1.57208 1.91551 -1.59601 -1.18488 2.40888 -1.75218 1.36177 -1.48236 1.42239 2.75358 0.674997 -2.65202 
1.13178 -1.66666 -1.4716 1.46076 -1.40881 -1.33695 2.2085 -1.72678 1.29069 -1.50903 1.39163 2.70818 0.73544 -2.67359 
