0.651836 -0.966714 -0.256854 1.48363 -2.47493 -1.91598 1.35325 -1.19112 0.66094 0.0922699 -1.60935 1.68963 1.27056 2.54404 
0.651431 -0.969033 -0.256913 1.47861 -2.47511 -1.91374 1.35164 -1.1834 0.676852 0.112185 -1.61024 1.71865 1.28053 2.52307 
0.65143 -0.969038 -0.256913 1.4786 -2.47511 -1.91374 1.35164 -1.17625 0.668621 0.103742 -1.60843 1.7143 1.27117 2.40962 
0.65143 -0.969038 -0.256913 1.4786 -2.47511 -1.91374 1.35164 -1.16908 0.657299 0.0942549 -1.60877 1.70091 1.25542 2.37306 
0.65143 -0.969038 -0.256913 1.4786 -2.47511 -1.91374 1.35164 -1.16299 0.647953 0.0866109 -1.60649 1.68522 1.24092 2.38035 
0.65143 -0.969038 -0.256913 1.4786 -2.47511 -1.91374 1.35164 -1.17526 0.668624 0.103229 -1.60906 1.71213 1.26377 2.4634 
0.65143 -0.969038 -0.256913 1.4786 -2.47511 -1.91374 1.35164 -1.16807 0.660181 0.0927879 -1.60226 1.6956 1.25292 2.39602 
0.65143 -0.969038 -0.256913 1.4786 -2.47511 -1.91374 1.35164 -1.16589 0.658566 0.0892261 -1.59869 1.68875 1.24867 2.38368 
0.65143 -0.969038 -0.256913 1.4786 -2.47511 -1.91374 1.35164 -1.16536 0.663035 0.0878333 -1.59148 1.68417 1.2533 2.35045 
0.65143 -0.969038 -0.256913 1.4786 -2.47511 -1.91374 1.35164 -1.1654 0.666388 0.088051 -1.58763 1.68351 1.25576 2.34206 
0.65143 -0.969038 -0.256913 1.4786 -2.47511 -1.91374 1.35164 -1.16974 0.674052 0.0946596 -1.58908 1.69504 1.26019 2.40062 
0.65143 -0.969038 -0.256913 1.4786 -2.47511 -1.91374 1.35164 -1.16807 0.673479 0.0912226 -1.58331 1.68683 1.26083 2.37642 
0.65143 -0.969038 -0.256913 1.4786 -2.47511 -1.91374 1.35164 -1.16536 0.669033 0.0875629 -1.58313 1.6825 1.25407 2.35834 
0.65143 -0.969038 -0.256913 1.4786 -2.47511 -1.91374 1.35164 -1.16537 0.671524 0.0863794 -1.57778 1.67867 1.25816 2.33491 
0.65143 -0.969038 -0.256913 1.4786 -2.47511 -1.91374 1.35164 -1.16792 0.673841 0.0896583 -1.58004 1.68771 1.25864 2.35637 
0.65143 -0.969038 -0.256913 1.4786 -2.47511 -1.91374 1.35164 -1.16739 0.673006 0.0883204 -1.579 1.68625 1.25525 2.36375 
0.65143 -0.969038 -0.256913 1.4786 -2.47511 -1.91374 1.35164 -1.16907 0.678366 0.0895275 -1.57635 1.69151 1.26045 2.32785 
0.65143 -0.969038 -0.256913 1.4786 -2.47511 -1.91374 1.35164 -1.17268 0.68638 0.0933026 -1.57292 1.69782 1.26999 2.32268 
0.65143 -0.969038 -0.256913 1.4786 -2.47511 -1.91374 1.35164 -1.17221 0.685601 0.0921764 -1.5713 1.69526 1.26645 2.34097 
0.65143 -0.969038 -0.256913 1.4786 -2.47511 -1.91374 1.35164 -1.17357 0.68604 0.093081 -1.57372 1.70144 1.26787 2.31934 
0.65143 -0.969038 -0.256913 1.4786 -2.47511 -1.91374 1.35164 -1.17352 0.685664 0.0910612 -1.56963 1.69541 1.27008 2.31173 
0.65143 -0.969038 -0.256913 1.4786 -2.47511 -1.91374 1.35164 -1.17602 0.688505 0.0921779 -1.5657 1.6945 1.27835 2.30162 
0.65143 -0.969038 -0.256913 1.4786 -2.47511 -1.91374 1.35164 -1.17606 0.687693 0.0903993 -1.56253 1.689 1.28097 2.29216 
0.65143 -0.969038 -0.256913 1.4786 -2.47511 -1.91374 1.35164 -1.17385 0.684958 0.0875584 -1.55902 1.68066 1.27961 2.28735 
0.65143 -0.969038 -0.256913 1.4786 -2.47511 -1.91374 1.35164 -1.16554 0.677007 0.0788165 -1.55013 1.65647 1.26961 2.29268 
0.65143 -0.969038 -0.256913 1.4786 -2.47511 -1.91374 1.35164 -1.15981 0.673546 0.0780542 -1.54937 1.65407 1.26146 2.2914 
0.65143 -0.969038 -0.256913 1.4786 -2.47511 -1.91374 1.35164 -1.14507 0.659782 0.0672348 -1.54293 1.62672 1.2373 2.3296 
0.65143 -0.969038 -0.256913 1.4786 -2.47511 -1.91374 1.35164 -1.1366 0.660385 0.0636877 -1.5304 1.6091 1.23383 2.31537 
0.65143 -0.969038 -0.256913 1.4786 -2.47511 -1.91374 1.35164 -1.11962 0.647608 0.052275 -1.52178 1.57847 1.20991 2.35562 
0.65143 -0.969038 -0.256913 1.4786 -2.47511 -1.91374 1.35164 -1.11046 0.648704 0.049442 -1.50943 1.56139 1.20608 2.3319 
0.65143 -0.969038 -0.256913 1.4786 -2.47511 -1.91374 1.35164 -1.09835 0.644087 0.0432145 -1.49978 1.54015 1.19425 2.34103 
0.65143 -0.969038 -0.256913 1.4786 -2.47511 -1.91374 1.35164 -1.08359 0.638084 0.0354105 -1.48951 1.51448 1.17932 2.35093 
0.65143 -0.969038 -0.256913 1.4786 -2.47511 -1.91374 1.35164 -1.0674 0.626566 0.0280237 -1.4905 1.49809 1.15358 2.36255 
0.65143 -0.969038 -0.256913 1.4786 -2.47511 -1.91374 1.35164 -1.05352 0.629442 0.0200734 -1.46819 1.46523 1.15083 2.40294 
0.65143 -0.969038 -0.256913 1.4786 -2.47511 -1.91374 1.35164 -1.04248 0.628837 0.0167671 -1.46004 1.45177 1.13999 2.40697 
0.65143 -0.969038 -0.256913 1.4786 -2.47511 -1.91374 1.35164 -1.02863 0.627566 0.00924358 -1.44666 1.42761 1.13068 2.43428 
0.65143 -0.969038 -0.256913 1.4786 -2.47511 -1.91374 1.35164 -1.02032 0.633803 0.00404193 -1.42778 1.40644 1.13547 2.47523 
0.65143 -0.969038 -0.256913 1.4786 -2.47511 -1.91374 1.35164 -1.01455 0.628113 0.0033163 -1.43616 1.41079 1.11846 2.47138 
0.65143 -0.969038 -0.256913 1.4786 -2.47511 -1.91374 1.35164 -1.01275 0.62985 0.0024238 -1.43259 1.40726 1.11933 2.48151 
0.65143 -0.969038 -0.256913 1.4786 -2.47511 -1.91374 1.35164 -1.01521 0.630301 0.00630647 -1.437 1.41549 1.11678 2.44574 
0.65143 -0.969038 -0.256913 1.4786 -2.47511 -1.91374 1.35164 -1.01463 0.633291 0.00408513 -1.42936 1.40753 1.12384 2.46899 
0.65143 -0.969038 -0.256913 1.4786 -2.47511 -1.91374 1.35164 -1.015 0.629848 0.00435466 -1.43527 1.41121 1.11943 2.46393 
0.65143 -0.969038 -0.256913 1.4786 -2.47511 -1.91374 1.35164 -1.01298 0.631157 0.000786278 -1.42719 1.40005 1.12398 2.48216 
0.65143 -0.969038 -0.256913 1.4786 -2.47511 -1.91374 1.35164 -1.01817 0.634084 0.00549058 -1.42998 1.41145 1.12741 2.46686 
0.65143 -0.969038 -0.256913 1.4786 -2.47511 -1.91374 1.35164 -1.02281 0.637913 0.00914534 -1.43042 1.41974 1.13296 2.45895 
0.65143 -0.969038 -0.256913 1.4786 -2.47511 -1.91374 1.35164 -1.02136 0.634909 0.00697655 -1.43152 1.41714 1.12961 2.46828 
0.65143 -0.969038 -0.256913 1.4786 -2.47511 -1.91374 1.35164 -1.02777 0.637865 0.0134135 -1.43836 1.43523 1.13152 2.45097 
0.65143 -0.969038 -0.256913 1.4786 -2.47511 -1.91374 1.35164 -1.02682 0.640179 0.0107821 -1.43138 1.42665 1.13792 2.47647 
0.65143 -0.969038 -0.256913 1.4786 -2.47511 -1.91374 1.35164 -1.02503 0.637495 0.00884315 -1.43184 1.42297 1.1347 2.47907 
0.65143 -0.969038 -0.256913 1.4786 -2.47511 -1.91374 1.35164 -1.02345 0.638158 0.0050229 -1.42601 1.41334 1.14082 2.51714 
0.65143 -0.969038 -0.256913 1.4786 -2.47511 -1.91374 1.35164 -1.0287 0.636963 0.0093437 -1.43354 1.42342 1.14131 2.48039 
0.65143 -0.969038 -0.256913 1.4786 -2.47511 -1.91374 1.35164 -1.03085 0.636639 0.00881614 -1.43394 1.4213 1.14684 2.48573 
0.65143 -0.969038 -0.256913 1.4786 -2.47511 -1.91374 1.35164 -1.0328 0.636729 0.00693957 -1.43289 1.41615 1.15364 2.49893 
0.65143 -0.969038 -0.256913 1.4786 -2.47511 -1.91374 1.35164 -1.03933 0.636102 0.0112458 -1.44266 1.42825 1.1558 2.46991 
0.65143 -0.969038 -0.256913 1.4786 -2.47511 -1.91374 1.35164 -1.03989 0.636804 0.00742686 -1.43683 1.41582 1.16556 2.492 
0.65143 -0.969038 -0.256913 1.4786 -2.47511 -1.91374 1.35164 -1.04701 0.639215 0.0109696 -1.44132 1.42374 1.17286 2.47058 
0.65143 -0.969038 -0.256913 1.4786 -2.47511 -1.91374 1.35164 -1.04866 0.638632 0.00913343 -1.44048 1.41753 1.17909 2.47555 
0.65143 -0.969038 -0.256913 1.4786 -2.47511 -1.91374 1.35164 -1.05045 0.637136 0.00779855 -1.44183 1.41389 1.18288 2.47391 
0.65143 -0.969038 -0.256913 1.4786 -2.47511 -1.91374 1.35164 -1.05203 0.637399 0.00556739 -1.4399 1.4081 1.19084 2.49693 
0.65143 -0.969038 -0.256913 1.4786 -2.47511 -1.91374 1.35164 -1.05724 0.63639 0.00833197 -1.44803 1.41771 1.19238 2.48457 
0.65143 -0.969038 -0.256913 1.4786 -2.47511 -1.91374 1.35164 -1.05988 0.640859 0.00657304 -1.43847 1.40664 1.20537 2.48445 
0.65143 -0.969038 -0.256913 1.4786 -2.47511 -1.91374 1.35164 -1.06843 0.638946 0.0139035 -1.45615 1.42989 1.202 2.43706 
0.65143 -0.969038 -0.256913 1.4786 -2.47511 -1.91374 1.35164 -1.07302 0.638855 0.0167559 -1.46263 1.43789 1.20181 2.39956 
0.65143 -0.969038 -0.256913 1.4786 -2.47511 -1.91374 1.35164 -1.06782 0.634619 0.00971798 -1.45858 1.42259 1.19794 2.42773 
0.65143 -0.969038 -0.256913 1.4786 -2.47511 -1.91374 1.35164 -1.06985 0.639293 0.00965782 -1.45389 1.42265 1.20324 2.44333 
0.65143 -0.969038 -0.256913 1.4786 -2.47511 -1.91374 1.35164 -1.0696 0.637708 0.00960667 -1.45597 1.42347 1.20066 2.43922 
0.65143 -0.969038 -0.256913 1.4786 -2.47511 -1.91374 1.35164 -1.06942 0.637889 0.00909399 -1.45555 1.42352 1.20051 2.44906 
0.65143 -0.969038 -0.256913 1.4786 -2.47511 -1.91374 1.35164 -1.06575 0.634386 0.00562215 -1.45429 1.41569 1.19369 2.44123 
0.65143 -0.969038 -0.256913 1.4786 -2.47511 -1.91374 1.35164 -1.06972 0.637138 0.0094203 -1.45728 1.42574 1.19543 2.42857 
0.65143 -0.969038 -0.256913 1.4786 -2.47511 -1.91374 1.35164 -1.06877 0.637187 0.00794728 -1.45557 1.42291 1.1954 2.44013 
0.65143 -0.969038 -0.256913 1.4786 -2.47511 -1.91374 1.35164 -1.06804 0.63708 0.00670734 -1.45435 1.42011 1.19509 2.44659 
0.65143 -0.969038 -0.256913 1.4786 -2.47511 -1.91374 1.35164 -1.07027 0.642187 0.00783063 -1.44803 1.41746 1.2033 2.43911 
0.65143 -0.969038 -0.256913 1.4786 -2.47511 -1.91374 1.35164 -1.07025 0.641761 0.00788285 -1.449 1.41916 1.20093 2.43564 
0.65143 -0.969038 -0.256913 1.4786 -2.47511 -1.91374 1.35164 -1.07124 0.643392 0.00830849 -1.44799 1.41992 1.20347 2.44116 
0.65143 -0.969038 -0.256913 1.4786 -2.47511 -1.91374 1.35164 -1.07082 0.642994 0.00790355 -1.44897 1.42031 1.20125 2.44083 
0.65143 -0.969038 -0.256913 1.4786 -2.47511 -1.91374 1.35164 -1.07252 0.645405 0.00920021 -1.44825 1.42352 1.20356 2.44493 
0.65143 -0.969038 -0.256913 1.4786 -2.47511 -1.91374 1.35164 -1.06557 0.64271 0.00180188 -1.43927 1.40458 1.20041 2.46896 
0.65143 -0.969038 -0.256913 1.4786 -2.47511 -1.91374 1.35164 -1.06806 0.646045 0.00398885 -1.43756 1.40669 1.20389 2.45168 
0.65143 -0.969038 -0.256913 1.4786 -2.47511 -1.91374 1.35164 -1.06616 0.653564 -0.000185709 -1.41791 1.38803 1.21927 2.48795 
0.65143 -0.969038 -0.256913 1.4786 -2.47511 -1.91374 1.35164 -1.06827 0.64969 0.00291315 -1.43011 1.4017 1.21106 2.47441 
0.65143 -0.969038 -0.256913 1.4786 -2.47511 -1.91374 1.35164 -1.06857 0.647785 0.00364226 -1.43421 1.40506 1.20763 2.46537 
0.65143 -0.969038 -0.256913 1.4786 -2.47511 -1.91374 1.35164 -1.06509 0.645267 -0.000162424 -1.43174 1.39747 1.20545 2.48427 
0.65143 -0.969038 -0.256913 1.4786 -2.47511 -1.91374 1.35164 -1.06246 0.650929 -0.00456503 -1.41347 1.37779 1.21812 2.50639 
0.65143 -0.969038 -0.256913 1.4786 -2.47511 -1.91374 1.35164 -1.0663 0.647981 0.000696195 -1.42722 1.39711 1.21023 2.48906 
0.65143 -0.969038 -0.256913 1.4786 -2.47511 -1.91374 1.35164 -1.0657 0.647419 0.000435772 -1.42725 1.39753 1.20883 2.49183 
0.65143 -0.969038 -0.256913 1.4786 -2.47511 -1.91374 1.35164 -1.06542 0.647284 0.000450066 -1.42685 1.39797 1.2082 2.4949 
0.65143 -0.969038 -0.256913 1.4786 -2.47511 -1.91374 1.35164 -1.06618 0.647439 0.00173288 -1.42819 1.40192 1.20719 2.4923 
0.65143 -0.969038 -0.256913 1.4786 -2.47511 -1.91374 1.35164 -1.06347 0.645723 -0.000838767 -1.42561 1.39679 1.20541 2.50686 
0.65143 -0.969038 -0.256913 1.4786 -2.47511 -1.91374 1.35164 -1.06529 0.64499 0.00195819 -1.43051 1.40513 1.20255 2.49237 
0.65143 -0.969038 -0.256913 1.4786 -2.47511 -1.91374 1.35164 -1.06383 0.645282 0.000810048 -1.42799 1.40296 1.20351 2.51136 
0.65143 -0.969038 -0.256913 1.4786 -2.47511 -1.91374 1.35164 -1.06213 0.645261 -3.09331e-05 -1.42518 1.39956 1.20232 2.50795 
0.65143 -0.969038 -0.256913 1.4786 -2.47511 -1.91374 1.35164 -1.06171 0.64505 0.000971627 -1.42525 1.40181 1.2008 2.50688 
0.65143 -0.969038 -0.256913 1.4786 -2.47511 -1.91374 1.35164 -1.06351 0.646228 0.00428303 -1.42841 1.41106 1.19972 2.50021 
0.65143 -0.969038 -0.256913 1.4786 -2.47511 -1.91374 1.35164 -1.05837 0.642238 0.00060246 -1.42675 1.40266 1.19213 2.49996 
0.65143 -0.969038 -0.256913 1.4786 -2.47511 -1.91374 1.35164 -1.05521 0.64143 -0.00181965 -1.42385 1.39739 1.19046 2.51702 
0.65143 -0.969038 -0.256913 1.4786 -2.47511 -1.91374 1.35164 -1.06205 0.643701 0.0071194 -1.43448 1.42064 1.18902 2.4791 
0.65143 -0.969038 -0.256913 1.4786 -2.47511 -1.91374 1.35164 -1.06475 0.647899 0.0101006 -1.43126 1.42386 1.19606 2.47155 
0.65143 -0.969038 -0.256913 1.4786 -2.47511 -1.91374 1.35164 -1.06476 0.647535 0.0109838 -1.43204 1.42672 1.1952 2.47179 
0.65143 -0.969038 -0.256913 1.4786 -2.47511 -1.91374 1.35164 -1.06685 0.648344 0.0128947 -1.43156 1.4295 1.19768 2.45709 
0.65143 -0.969038 -0.256913 1.4786 -2.47511 -1.91374 1.35164 -1.06509 0.645277 0.0107412 -1.43181 1.42627 1.19635 2.47708 
0.65143 -0.969038 -0.256913 1.4786 -2.47511 -1.91374 1.35164 -1.06822 0.64675 0.013469 -1.43177 1.43053 1.20004 2.45934 
0.65143 -0.969038 -0.256913 1.4786 -2.47511 -1.91374 1.35164 -1.06952 0.646102 0.0138856 -1.43226 1.43206 1.2029 2.46997 
0.65143 -0.969038 -0.256913 1.4786 -2.47511 -1.91374 1.35164 -1.07145 0.645933 0.0148284 -1.43372 1.43561 1.20524 2.47704 
0.65143 -0.969038 -0.256913 1.4786 -2.47511 -1.91374 1.35164 -1.07967 0.647085 0.0183809 -1.43714 1.44195 1.21701 2.45968 
0.65143 -0.969038 -0.256913 1.4786 -2.47511 -1.91374 1.35164 -1.08927 0.64873 0.021798 -1.44073 1.44948 1.23028 2.447 
0.65143 -0.969038 -0.256913 1.4786 -2.47511 -1.91374 1.35164 -1.09657 0.648082 0.0232106 -1.44511 1.45441 1.24076 2.45183 
0.65143 -0.969038 -0.256913 1.4786 -2.47511 -1.91374 1.35164 -1.10382 0.647781 0.0236452 -1.44598 1.45451 1.25235 2.44529 
0.65143 -0.969038 -0.256913 1.4786 -2.47511 -1.91374 1.35164 -1.11336 0.649142 0.026587 -1.45005 1.46104 1.26537 2.43224 
0.65143 -0.969038 -0.256913 1.4786 -2.47511 -1.91374 1.35164 -1.12193 0.649017 0.0285689 -1.45454 1.46682 1.27529 2.41709 
0.65143 -0.969038 -0.256913 1.4786 -2.47511 -1.91374 1.35164 -1.13293 0.65333 0.0339111 -1.45903 1.47928 1.29011 2.40134 
