1.12347 -1.74484 -1.53997 1.43505 1.82825 1.24004 -1.08915 1.5301 -1.679 -0.920339 -1.3831 -1.29174 1.21152 -2.28392 
1.12324 -1.74517 -1.54005 1.43482 1.82837 1.24067 -1.08905 1.5301 -1.679 -0.92034 -1.3831 -1.29173 1.21152 -2.28392 
1.12332 -1.7453 -1.53978 1.43476 1.8287 1.24068 -1.08855 1.5301 -1.679 -0.92034 -1.3831 -1.29173 1.21152 -2.28392 
1.12302 -1.74606 -1.54028 1.4351 1.82793 1.24077 -1.0873 1.5301 -1.679 -0.92034 -1.3831 -1.29173 1.21152 -2.28392 
1.12337 -1.74525 -1.53943 1.43455 1.82936 1.24087 -1.08871 1.5301 -1.679 -0.92034 -1.3831 -1.29173 1.21152 -2.28392 
1.12307 -1.7455 -1.53977 1.4345 1.82904 1.2412 -1.08842 1.5301 -1.679 -0.92034 -1.3831 -1.29173 1.21152 -2.28392 
1.12293 -1.7454 -1.53951 1.43396 1.82985 1.24194 -1.08924 1.5301 -1.679 -0.92034 -1.3831 -1.29173 1.21152 -2.28392 
1.12232 -1.74641 -1.54027 1.43377 1.82936 1.24304 -1.08833 1.5301 -1.679 -0.92034 -1.3831 -1.29173 1.21152 -2.28392 
1.12225 -1.74674 -1.54058 1.43416 1.82866 1.24261 -1.0871 1.5301 -1.679 -0.92034 -1.3831 -1.29173 1.21152 -2.28392 
1.12258 -1.74638 -1.5403 1.43444 1.82867 1.24175 -1.08665 1.5301 -1.679 -0.92034 -1.3831 -1.29173 1.21152 -2.28392 
1.12257 -1.74661 -1.54049 1.43459 1.82825 1.24174 -1.08733 1.5301 -1.679 -0.92034 -1.3831 -1.29173 1.21152 -2.28392 
1.12313 -1.74557 -1.53968 1.43452 1.82918 1.24108 -1.08878 1.5301 -1.679 -0.92034 -1.3831 -1.29173 1.21152 -2.28392 
1.12283 -1.74603 -1.54002 1.4346 1.82876 1.24137 -1.08773 1.5301 -1.679 -0.92034 -1.3831 -1.29173 1.21152 -2.28392 
1.12303 -1.74573 -1.5399 1.43456 1.8289 1.24119 -1.08808 1.5301 -1.679 -0.92034 -1.3831 -1.29173 1.21152 -2.28392 
1.12276 -1.74573 -1.5399 1.4341 1.82934 1.24188 -1.08835 1.5301 -1.679 -0.92034 -1.3831 -1.29173 1.21152 -2.28392 
1.1227 -1.74633 -1.54043 1.43464 1.82835 1.2415 -1.08712 1.5301 -1.679 -0.92034 -1.3831 -1.29173 1.21152 -2.28392 
1.12274 -1.74613 -1.54006 1.43428 1.82901 1.24183 -1.08782 1.5301 -1.679 -0.92034 -1.3831 -1.29173 1.21152 -2.28392 
1.1232 -1.74568 -1.53982 1.43473 1.82894 1.24088 -1.08826 1.5301 -1.679 -0.92034 -1.3831 -1.29173 1.21152 -2.28392 
1.12284 -1.74631 -1.54048 1.43495 1.82801 1.24101 -1.08717 1.5301 -1.679 -0.92034 -1.3831 -1.29173 1.21152 -2.28392 
1.1222 -1.74678 -1.54054 1.43403 1.8287 1.24258 -1.08775 1.5301 -1.679 -0.92034 -1.3831 -1.29173 1.21152 -2.28392 
1.12209 -1.74701 -1.54066 1.43418 1.82838 1.24264 -1.08723 1.5301 -1.679 -0.92034 -1.3831 -1.29173 1.21152 -2.28392 
1.12259 -1.74638 -1.54026 1.43429 1.8287 1.24191 -1.0877 1.5301 -1.679 -0.92034 -1.3831 -1.29173 1.21152 -2.28392 
1.12302 -1.74613 -1.54037 1.4352 1.82771 1.24054 -1.08759 1.5301 -1.679 -0.92034 -1.3831 -1.29173 1.21152 -2.28392 
1.12311 -1.7462 -1.54035 1.43527 1.82765 1.24043 -1.08782 1.5301 -1.679 -0.92034 -1.3831 -1.29173 1.21152 -2.28392 
1.12275 -1.74654 -1.54056 1.43501 1.82776 1.24113 -1.0871 1.5301 -1.679 -0.92034 -1.3831 -1.29173 1.21152 -2.28392 
1.12236 -1.74728 -1.54117 1.43523 1.82685 1.24137 -1.08574 1.5301 -1.679 -0.92034 -1.3831 -1.29173 1.21152 -2.28392 
1.12279 -1.74633 -1.54025 1.43469 1.82847 1.24131 -1.08718 1.5301 -1.679 -0.92034 -1.3831 -1.29173 1.21152 -2.28392 
1.12293 -1.74589 -1.54007 1.43462 1.8288 1.2412 -1.08793 1.5301 -1.679 -0.92034 -1.3831 -1.29173 1.21152 -2.28392 
1.12252 -1.74645 -1.54052 1.43446 1.8285 1.24188 -1.08729 1.5301 -1.679 -0.92034 -1.3831 -1.29173 1.21152 -2.28392 
1.1223 -1.74666 -1.54061 1.43414 1.82866 1.24259 -1.08744 1.5301 -1.679 -0.92034 -1.3831 -1.29173 1.21152 -2.28392 
1.12213 -1.74681 -1.54056 1.43395 1.82871 1.24285 -1.08762 1.5301 -1.679 -0.92034 -1.3831 -1.29173 1.21152 -2.28392 
1.12263 -1.74653 -1.54051 1.43472 1.82806 1.24143 -1.0874 1.5301 -1.679 -0.92034 -1.3831 -1.29173 1.21152 -2.28392 
1.12231 -1.74702 -1.54088 1.4347 1.82777 1.24184 -1.08672 1.5301 -1.679 -0.92034 -1.3831 -1.29173 1.21152 -2.28392 
1.12234 -1.74686 -1.5406 1.43426 1.82851 1.24227 -1.0874 1.5301 -1.679 -0.92034 -1.3831 -1.29173 1.21152 -2.28392 
1.12286 -1.74633 -1.54031 1.43487 1.82834 1.24112 -1.0875 1.5301 -1.679 -0.92034 -1.3831 -1.29173 1.21152 -2.28392 
1.12283 -1.74586 -1.53988 1.43417 1.82951 1.24176 -1.08872 1.5301 -1.679 -0.92034 -1.3831 -1.29173 1.21152 -2.28392 
1.12245 -1.74649 -1.5404 1.43407 1.82897 1.24232 -1.08828 1.5301 -1.679 -0.92034 -1.3831 -1.29173 1.21152 -2.28392 
1.12247 -1.74684 -1.54073 1.43455 1.82824 1.24194 -1.08717 1.5301 -1.679 -0.92034 -1.3831 -1.29173 1.21152 -2.28392 
1.12224 -1.74673 -1.5405 1.43381 1.82923 1.24276 -1.08774 1.5301 -1.679 -0.92034 -1.3831 -1.29173 1.21152 -2.28392 
1.12242 -1.74642 -1.54021 1.43369 1.82964 1.24279 -1.08854 1.5301 -1.679 -0.92034 -1.3831 -1.29173 1.21152 -2.28392 
1.12213 -1.74682 -1.54052 1.43367 1.8293 1.24313 -1.08804 1.5301 -1.679 -0.92034 -1.3831 -1.29173 1.21152 -2.28392 
1.12274 -1.74612 -1.54007 1.43421 1.82935 1.24177 -1.08829 1.5301 -1.679 -0.92034 -1.3831 -1.29173 1.21152 -2.28392 
1.12289 -1.74586 -1.53989 1.43424 1.82951 1.24162 -1.08868 1.5301 -1.679 -0.92034 -1.3831 -1.29173 1.21152 -2.28392 
1.12262 -1.74653 -1.54053 1.43459 1.82825 1.24155 -1.08776 1.5301 -1.679 -0.92034 -1.3831 -1.29173 1.21152 -2.28392 
1.1236 -1.7455 -1.53982 1.43539 1.82831 1.23954 -1.08808 1.5301 -1.679 -0.92034 -1.3831 -1.29173 1.21152 -2.28392 
1.12235 -1.747 -1.54088 1.43466 1.82787 1.24153 -1.08686 1.5301 -1.679 -0.92034 -1.3831 -1.29173 1.21152 -2.28392 
1.12277 -1.74666 -1.54066 1.43506 1.82795 1.24092 -1.08707 1.5301 -1.679 -0.92034 -1.3831 -1.29173 1.21152 -2.28392 
1.12267 -1.74607 -1.54008 1.43393 1.82963 1.24206 -1.08839 1.5301 -1.679 -0.92034 -1.3831 -1.29173 1.21152 -2.28392 
1.12267 -1.7456 -1.53955 1.43311 1.83097 1.24275 -1.08976 1.5301 -1.679 -0.92034 -1.3831 -1.29173 1.21152 -2.28392 
1.12296 -1.74574 -1.5399 1.4341 1.82977 1.2415 -1.08879 1.5301 -1.679 -0.92034 -1.3831 -1.29173 1.21152 -2.28392 
1.12334 -1.74504 -1.53934 1.434 1.8304 1.24105 -1.09014 1.5301 -1.679 -0.92034 -1.3831 -1.29173 1.21152 -2.28392 
1.12279 -1.74649 -1.5406 1.43479 1.82828 1.24109 -1.08742 1.5301 -1.679 -0.92034 -1.3831 -1.29173 1.21152 -2.28392 
1.12286 -1.74614 -1.54017 1.43433 1.82914 1.24125 -1.08802 1.5301 -1.679 -0.92034 -1.3831 -1.29173 1.21152 -2.28392 
1.12272 -1.74638 -1.54043 1.43438 1.82903 1.24136 -1.088 1.5301 -1.679 -0.92034 -1.3831 -1.29173 1.21152 -2.28392 
1.12281 -1.74624 -1.54035 1.43441 1.82896 1.24122 -1.08804 1.5301 -1.679 -0.92034 -1.3831 -1.29173 1.21152 -2.28392 
1.12281 -1.74629 -1.54041 1.43454 1.8289 1.24116 -1.08753 1.5301 -1.679 -0.92034 -1.3831 -1.29173 1.21152 -2.28392 
1.12325 -1.74585 -1.54019 1.43503 1.8286 1.2401 -1.08759 1.5301 -1.679 -0.92034 -1.3831 -1.29173 1.21152 -2.28392 
1.12332 -1.74536 -1.53961 1.43445 1.82974 1.24041 -1.08856 1.5301 -1.679 -0.92034 -1.3831 -1.29173 1.21152 -2.28392 
1.12261 -1.74585 -1.53984 1.43346 1.83043 1.24236 -1.08914 1.5301 -1.679 -0.92034 -1.3831 -1.29173 1.21152 -2.28392 
1.12233 -1.74677 -1.54069 1.43408 1.82894 1.24241 -1.08788 1.5301 -1.679 -0.92034 -1.3831 -1.29173 1.21152 -2.28392 
1.12244 -1.74674 -1.54068 1.43437 1.82854 1.24195 -1.08742 1.5301 -1.679 -0.92034 -1.3831 -1.29173 1.21152 -2.28392 
1.12286 -1.74602 -1.5401 1.4344 1.82899 1.24132 -1.08835 1.5301 -1.679 -0.92034 -1.3831 -1.29173 1.21152 -2.28392 
1.12313 -1.74549 -1.5397 1.4344 1.82933 1.24099 -1.08903 1.5301 -1.679 -0.92034 -1.3831 -1.29173 1.21152 -2.28392 
1.12288 -1.74585 -1.53992 1.43428 1.82934 1.24148 -1.08804 1.5301 -1.679 -0.92034 -1.3831 -1.29173 1.21152 -2.28392 
1.12263 -1.74634 -1.54034 1.43457 1.82851 1.24148 -1.08747 1.5301 -1.679 -0.92034 -1.3831 -1.29173 1.21152 -2.28392 
1.12297 -1.74613 -1.54025 1.43491 1.82834 1.24081 -1.08724 1.5301 -1.679 -0.92034 -1.3831 -1.29173 1.21152 -2.28392 
1.12262 -1.74643 -1.54039 1.43436 1.82882 1.24173 -1.08768 1.5301 -1.679 -0.92034 -1.3831 -1.29173 1.21152 -2.28392 
1.12261 -1.74648 -1.54046 1.43437 1.82865 1.24168 -1.08744 1.5301 -1.679 -0.92034 -1.3831 -1.29173 1.21152 -2.28392 
1.12258 -1.74648 -1.54038 1.43419 1.82897 1.24196 -1.0876 1.5301 -1.679 -0.92034 -1.3831 -1.29173 1.21152 -2.28392 
1.12302 -1.74578 -1.53982 1.43415 1.82977 1.24151 -1.0885 1.5301 -1.679 -0.92034 -1.3831 -1.29173 1.21152 -2.28392 
1.12292 -1.74617 -1.54028 1.43458 1.82893 1.24117 -1.08772 1.5301 -1.679 -0.92034 -1.3831 -1.29173 1.21152 -2.28392 
1.12342 -1.7456 -1.53996 1.43504 1.82854 1.24007 -1.08805 1.5301 -1.679 -0.92034 -1.3831 -1.29173 1.21152 -2.28392 
1.1229 -1.74619 -1.54028 1.43471 1.82849 1.241 -1.08751 1.5301 -1.679 -0.92034 -1.3831 -1.29173 1.21152 -2.28392 
1.12252 -1.7465 -1.54044 1.43423 1.82882 1.24216 -1.08758 1.5301 -1.679 -0.92034 -1.3831 -1.29173 1.21152 -2.28392 
1.12248 -1.74688 -1.54076 1.43459 1.82794 1.24175 -1.0867 1.5301 -1.679 -0.92034 -1.3831 -1.29173 1.21152 -2.28392 
1.12266 -1.74635 -1.54024 1.43414 1.82902 1.24193 -1.0879 1.5301 -1.679 -0.92034 -1.3831 -1.29173 1.21152 -2.28392 
1.12237 -1.74728 -1.5411 1.43491 1.82738 1.24148 -1.08637 1.5301 -1.679 -0.92034 -1.3831 -1.29173 1.21152 -2.28392 
1.12294 -1.7463 -1.54021 1.43471 1.82858 1.24103 -1.08733 1.5301 -1.679 -0.92034 -1.3831 -1.29173 1.21152 -2.28392 
1.1229 -1.74596 -1.53992 1.43431 1.82939 1.24144 -1.08816 1.5301 -1.679 -0.92034 -1.3831 -1.29173 1.21152 -2.28392 
1.12291 -1.74586 -1.53988 1.43413 1.82971 1.24155 -1.08826 1.5301 -1.679 -0.92034 -1.3831 -1.29173 1.21152 -2.28392 
1.1223 -1.74681 -1.54059 1.43395 1.82898 1.24256 -1.08736 1.5301 -1.679 -0.92034 -1.3831 -1.29173 1.21152 -2.28392 
1.12266 -1.74602 -1.53988 1.43371 1.82983 1.24226 -1.08867 1.5301 -1.679 -0.92034 -1.3831 -1.29173 1.21152 -2.28392 
1.1217 -1.75009 -1.54295 1.43608 1.82408 1.24291 -1.08527 1.5301 -1.679 -0.920338 -1.3831 -1.29174 1.21152 -2.28392 
