1.10953 -1.74076 -1.5397 1.40743 1.85639 1.27233 -1.11483 1.53056 -1.67961 -0.919337 -1.38311 -1.29274 1.21228 -2.28367 
1.1095 -1.74071 -1.53964 1.4074 1.85642 1.27229 -1.11478 1.53056 -1.6796 -0.919347 -1.38311 -1.29273 1.21227 -2.28368 
1.10909 -1.7393 -1.53816 1.40655 1.85637 1.27178 -1.11371 1.53047 -1.67948 -0.919545 -1.38311 -1.29253 1.21212 -2.28372 
1.10875 -1.73793 -1.53711 1.40516 1.8569 1.2705 -1.11221 1.53036 -1.67934 -0.919785 -1.3831 -1.29229 1.21194 -2.28378 
1.10839 -1.73682 -1.53648 1.40329 1.85819 1.26809 -1.11016 1.53024 -1.67918 -0.920041 -1.3831 -1.29203 1.21175 -2.28384 
1.10804 -1.73587 -1.53598 1.40175 1.85936 1.26581 -1.10818 1.53016 -1.67908 -0.920206 -1.3831 -1.29187 1.21162 -2.28388 
1.11976 -1.74007 -1.52973 1.41559 1.85974 1.25723 -1.09892 1.53013 -1.67903 -0.920288 -1.3831 -1.29179 1.21156 -2.2839 
1.12166 -1.73912 -1.53013 1.42047 1.85464 1.24777 -1.0946 1.53012 -1.67902 -0.920303 -1.3831 -1.29177 1.21155 -2.28391 
1.11944 -1.74194 -1.53295 1.41803 1.85421 1.25719 -1.09811 1.53011 -1.679 -0.920331 -1.3831 -1.29174 1.21152 -2.28391 
1.11966 -1.74367 -1.53396 1.42252 1.85054 1.25069 -1.09191 1.53011 -1.679 -0.920335 -1.3831 -1.29174 1.21152 -2.28391 
1.11896 -1.74632 -1.53635 1.42355 1.84763 1.25119 -1.09074 1.53011 -1.679 -0.920335 -1.3831 -1.29174 1.21152 -2.28391 
1.12004 -1.74582 -1.53891 1.42837 1.84226 1.24698 -1.08673 1.53011 -1.679 -0.920333 -1.3831 -1.29174 1.21152 -2.28391 
1.12184 -1.74575 -1.53905 1.43177 1.83864 1.2423 -1.08705 1.53011 -1.679 -0.920332 -1.3831 -1.29174 1.21152 -2.28391 
1.12335 -1.74377 -1.53957 1.43484 1.83502 1.23829 -1.0863 1.53011 -1.679 -0.920333 -1.3831 -1.29174 1.21152 -2.28391 
1.12334 -1.74497 -1.54023 1.43573 1.8334 1.23728 -1.08561 1.53011 -1.679 -0.920336 -1.3831 -1.29174 1.21152 -2.28391 
1.12458 -1.74428 -1.54041 1.43804 1.83055 1.23378 -1.08527 1.53011 -1.679 -0.920336 -1.3831 -1.29174 1.21152 -2.28391 
1.1242 -1.74569 -1.54142 1.4385 1.82855 1.23373 -1.08374 1.5301 -1.679 -0.920338 -1.3831 -1.29174 1.21152 -2.28392 
1.12467 -1.74478 -1.5407 1.4383 1.8299 1.23332 -1.08405 1.5301 -1.679 -0.92034 -1.3831 -1.29173 1.21152 -2.28392 
1.12352 -1.74649 -1.54177 1.43776 1.82828 1.2357 -1.08243 1.5301 -1.679 -0.92034 -1.3831 -1.29173 1.21152 -2.28392 
1.12461 -1.74426 -1.54026 1.43729 1.83139 1.23449 -1.08399 1.5301 -1.679 -0.92034 -1.3831 -1.29173 1.21152 -2.28392 
1.12358 -1.74692 -1.54182 1.43764 1.82875 1.23655 -1.08127 1.5301 -1.679 -0.92034 -1.3831 -1.29173 1.21152 -2.28392 
1.12405 -1.74474 -1.54085 1.43701 1.83197 1.2358 -1.08281 1.5301 -1.679 -0.92034 -1.3831 -1.29173 1.21152 -2.28392 
1.12291 -1.74711 -1.54123 1.43575 1.8312 1.23932 -1.08228 1.5301 -1.679 -0.92034 -1.3831 -1.29173 1.21152 -2.28392 
1.12431 -1.74415 -1.54081 1.43736 1.83168 1.23518 -1.08275 1.5301 -1.679 -0.92034 -1.3831 -1.29173 1.21152 -2.28392 
1.12262 -1.74687 -1.54101 1.43478 1.83258 1.24136 -1.08351 1.5301 -1.679 -0.92034 -1.3831 -1.29173 1.21152 -2.28392 
1.12585 -1.74225 -1.53945 1.43799 1.83194 1.23125 -1.0846 1.5301 -1.679 -0.920339 -1.3831 -1.29173 1.21152 -2.28392 
1.12265 -1.74634 -1.53978 1.43361 1.83565 1.24152 -1.08491 1.5301 -1.679 -0.920339 -1.3831 -1.29173 1.21152 -2.28392 
1.126 -1.74296 -1.54094 1.43959 1.82893 1.22935 -1.08297 1.5301 -1.679 -0.920339 -1.3831 -1.29173 1.21152 -2.28392 
1.12265 -1.74652 -1.53981 1.43365 1.83615 1.24079 -1.08503 1.5301 -1.679 -0.920338 -1.3831 -1.29174 1.21152 -2.28392 
1.12568 -1.74367 -1.54147 1.43989 1.82843 1.22876 -1.08298 1.5301 -1.679 -0.92034 -1.3831 -1.29173 1.21152 -2.28392 
1.12264 -1.74717 -1.54067 1.43464 1.83483 1.23838 -1.08392 1.5301 -1.679 -0.920338 -1.3831 -1.29174 1.21152 -2.28391 
1.12576 -1.74378 -1.54164 1.43969 1.82863 1.23016 -1.08405 1.5301 -1.679 -0.92034 -1.3831 -1.29173 1.21152 -2.28392 
1.12257 -1.7461 -1.54042 1.43342 1.83627 1.24186 -1.08616 1.5301 -1.679 -0.920338 -1.3831 -1.29174 1.21152 -2.28391 
1.12577 -1.74405 -1.54187 1.43993 1.82801 1.2301 -1.08245 1.5301 -1.679 -0.92034 -1.3831 -1.29173 1.21152 -2.28392 
1.12273 -1.74656 -1.54076 1.4342 1.83531 1.24135 -1.0845 1.5301 -1.679 -0.920339 -1.3831 -1.29173 1.21152 -2.28392 
1.12587 -1.74311 -1.54132 1.43933 1.82912 1.23103 -1.08374 1.5301 -1.679 -0.920339 -1.3831 -1.29173 1.21152 -2.28392 
1.1234 -1.74639 -1.54057 1.43581 1.83371 1.23876 -1.08363 1.5301 -1.679 -0.92034 -1.3831 -1.29173 1.21152 -2.28392 
1.12632 -1.74235 -1.54039 1.43925 1.83009 1.22897 -1.08458 1.5301 -1.679 -0.92034 -1.3831 -1.29173 1.21152 -2.28392 
1.12312 -1.74536 -1.53938 1.43355 1.83745 1.23998 -1.08627 1.5301 -1.679 -0.920337 -1.3831 -1.29174 1.21152 -2.28391 
1.12721 -1.74162 -1.5398 1.4397 1.83111 1.22756 -1.08542 1.5301 -1.679 -0.92034 -1.3831 -1.29173 1.21152 -2.28392 
1.12396 -1.74493 -1.53962 1.43476 1.83632 1.23775 -1.08592 1.5301 -1.679 -0.920339 -1.3831 -1.29173 1.21152 -2.28392 
1.12642 -1.74266 -1.54105 1.4395 1.83008 1.22913 -1.08424 1.5301 -1.679 -0.92034 -1.3831 -1.29173 1.21152 -2.28392 
1.12301 -1.74607 -1.53999 1.43369 1.83682 1.24178 -1.08543 1.5301 -1.679 -0.920339 -1.3831 -1.29173 1.21152 -2.28392 
1.12644 -1.74247 -1.54098 1.43948 1.8294 1.23084 -1.08479 1.5301 -1.679 -0.920338 -1.3831 -1.29174 1.21152 -2.28392 
1.12294 -1.7465 -1.54069 1.43486 1.83406 1.24128 -1.08472 1.5301 -1.679 -0.92034 -1.3831 -1.29173 1.21152 -2.28392 
1.12541 -1.74405 -1.5415 1.43952 1.82788 1.23294 -1.08273 1.5301 -1.679 -0.920338 -1.3831 -1.29174 1.21152 -2.28391 
1.12134 -1.74867 -1.54082 1.4338 1.83359 1.24383 -1.08319 1.5301 -1.679 -0.92034 -1.3831 -1.29173 1.21152 -2.28392 
1.12538 -1.7444 -1.54113 1.43994 1.82709 1.22946 -1.08211 1.5301 -1.679 -0.920339 -1.3831 -1.29173 1.21152 -2.28392 
1.12249 -1.7481 -1.54008 1.43475 1.83402 1.23955 -1.08341 1.5301 -1.679 -0.920339 -1.3831 -1.29174 1.21152 -2.28392 
1.12541 -1.74489 -1.54151 1.43998 1.8273 1.22924 -1.08264 1.5301 -1.679 -0.92034 -1.3831 -1.29173 1.21152 -2.28392 
1.12287 -1.74652 -1.54012 1.43386 1.83585 1.23986 -1.08534 1.5301 -1.679 -0.920338 -1.3831 -1.29174 1.21152 -2.28391 
1.12555 -1.74475 -1.54188 1.43986 1.82771 1.22885 -1.08263 1.5301 -1.679 -0.92034 -1.3831 -1.29173 1.21152 -2.28392 
1.12348 -1.74584 -1.53963 1.43404 1.83711 1.23869 -1.08571 1.5301 -1.679 -0.920338 -1.3831 -1.29174 1.21152 -2.28391 
1.12503 -1.7456 -1.54311 1.43989 1.82679 1.23 -1.08133 1.5301 -1.679 -0.92034 -1.3831 -1.29173 1.21152 -2.28392 
1.12307 -1.74651 -1.54041 1.43386 1.83828 1.24152 -1.08536 1.5301 -1.679 -0.920339 -1.3831 -1.29173 1.21152 -2.28392 
1.12605 -1.74445 -1.54263 1.4404 1.82927 1.22864 -1.08245 1.5301 -1.679 -0.920338 -1.3831 -1.29174 1.21152 -2.28391 
1.12376 -1.74603 -1.54025 1.43441 1.83713 1.24037 -1.08557 1.5301 -1.679 -0.92034 -1.3831 -1.29173 1.21152 -2.28392 
1.1263 -1.74311 -1.54177 1.43968 1.82959 1.23095 -1.08369 1.53011 -1.679 -0.920337 -1.3831 -1.29174 1.21152 -2.28391 
1.12219 -1.74749 -1.54017 1.43208 1.83849 1.24329 -1.08565 1.5301 -1.679 -0.920339 -1.3831 -1.29173 1.21152 -2.28392 
1.1264 -1.74425 -1.5413 1.44036 1.82828 1.22764 -1.08357 1.5301 -1.679 -0.920339 -1.3831 -1.29174 1.21152 -2.28392 
1.12187 -1.74856 -1.54012 1.43244 1.83785 1.24128 -1.0852 1.5301 -1.679 -0.920337 -1.3831 -1.29174 1.21152 -2.28391 
1.12556 -1.74394 -1.54062 1.4383 1.83188 1.23041 -1.08566 1.5301 -1.679 -0.92034 -1.3831 -1.29173 1.21152 -2.28392 
1.12215 -1.74877 -1.54178 1.43474 1.83403 1.23875 -1.083 1.5301 -1.679 -0.920337 -1.3831 -1.29174 1.21152 -2.28391 
1.12694 -1.74248 -1.5411 1.43959 1.8309 1.22811 -1.0857 1.5301 -1.679 -0.92034 -1.3831 -1.29173 1.21152 -2.28392 
1.12312 -1.74583 -1.5408 1.43404 1.83599 1.2407 -1.08614 1.5301 -1.679 -0.92034 -1.3831 -1.29173 1.21152 -2.28392 
1.12677 -1.7429 -1.54251 1.44133 1.82661 1.22785 -1.08299 1.53011 -1.679 -0.920336 -1.3831 -1.29174 1.21152 -2.28391 
1.12328 -1.74607 -1.54031 1.43447 1.83586 1.24062 -1.08472 1.5301 -1.679 -0.92034 -1.3831 -1.29173 1.21152 -2.28392 
1.12557 -1.74303 -1.54134 1.43854 1.82993 1.23283 -1.08427 1.5301 -1.679 -0.920339 -1.3831 -1.29173 1.21152 -2.28392 
1.12186 -1.74668 -1.53975 1.4319 1.83923 1.24456 -1.08577 1.5301 -1.679 -0.920339 -1.3831 -1.29173 1.21152 -2.28392 
1.12563 -1.74394 -1.54127 1.43942 1.82757 1.22996 -1.0836 1.5301 -1.679 -0.920339 -1.3831 -1.29173 1.21152 -2.28392 
1.12247 -1.7475 -1.54031 1.43417 1.83267 1.24014 -1.08474 1.5301 -1.679 -0.920339 -1.3831 -1.29173 1.21152 -2.28392 
1.12519 -1.74379 -1.5406 1.43845 1.83008 1.23096 -1.08438 1.5301 -1.679 -0.92034 -1.3831 -1.29173 1.21152 -2.28392 
1.12266 -1.74665 -1.54012 1.43397 1.83534 1.23996 -1.0856 1.5301 -1.679 -0.920338 -1.3831 -1.29174 1.21152 -2.28391 
1.1265 -1.74255 -1.54058 1.43927 1.83029 1.22985 -1.08565 1.5301 -1.679 -0.92034 -1.3831 -1.29173 1.21152 -2.28392 
1.12284 -1.74564 -1.54024 1.43362 1.83623 1.24271 -1.08559 1.5301 -1.679 -0.920339 -1.3831 -1.29173 1.21152 -2.28392 
1.1258 -1.74174 -1.54033 1.4377 1.83154 1.23455 -1.08664 1.5301 -1.679 -0.920339 -1.3831 -1.29173 1.21152 -2.28392 
1.12374 -1.74367 -1.53846 1.43328 1.83787 1.24171 -1.08679 1.5301 -1.679 -0.92034 -1.3831 -1.29173 1.21152 -2.28392 
1.12607 -1.74337 -1.54131 1.44048 1.82703 1.22965 -1.08276 1.53011 -1.679 -0.920337 -1.3831 -1.29174 1.21152 -2.28391 
1.12249 -1.74668 -1.53994 1.43382 1.83611 1.24191 -1.08419 1.5301 -1.679 -0.920339 -1.3831 -1.29173 1.21152 -2.28392 
1.12462 -1.74616 -1.5419 1.4398 1.82503 1.23169 -1.0817 1.5301 -1.679 -0.92034 -1.3831 -1.29173 1.21152 -2.28392 
1.12271 -1.74659 -1.53926 1.4342 1.83271 1.24093 -1.08486 1.5301 -1.679 -0.920337 -1.3831 -1.29174 1.21152 -2.28391 
1.12399 -1.74601 -1.5419 1.43883 1.82598 1.2344 -1.08131 1.5301 -1.679 -0.92034 -1.3831 -1.29173 1.21152 -2.28392 
