0.651705 -0.96749 -0.256872 1.48195 -2.47499 -1.91523 1.35271 -1.91472 1.37825 -1.4947 1.59823 2.79802 0.449911 -2.48296 
0.65143 -0.969038 -0.256913 1.4786 -2.47511 -1.91374 1.35164 -1.87336 1.45807 -1.45184 1.58576 2.80323 0.485353 -2.53816 
0.65143 -0.969038 -0.256913 1.4786 -2.47511 -1.91374 1.35164 -1.86106 1.46956 -1.43071 1.56196 2.77099 0.53079 -2.60642 
0.65143 -0.969038 -0.256913 1.4786 -2.47511 -1.91374 1.35164 -1.85763 1.48098 -1.42301 1.55474 2.76527 0.547523 -2.62858 
0.65143 -0.969038 -0.256913 1.4786 -2.47511 -1.91374 1.35164 -1.85715 1.47582 -1.42484 1.55245 2.76144 0.551994 -2.63142 
0.65143 -0.969038 -0.256913 1.4786 -2.47511 -1.91374 1.35164 -1.8562 1.47591 -1.4244 1.54958 2.75993 0.55586 -2.63472 
0.65143 -0.969038 -0.256913 1.4786 -2.47511 -1.91374 1.35164 -1.85371 1.47472 -1.42334 1.5442 2.75309 0.56285 -2.64598 
0.65143 -0.969038 -0.256913 1.4786 -2.47511 -1.91374 1.35164 -1.85186 1.47672 -1.42291 1.53933 2.75388 0.568548 -2.64772 
0.65143 -0.969038 -0.256913 1.4786 -2.47511 -1.91374 1.35164 -1.84922 1.47351 -1.42534 1.53328 2.75791 0.575215 -2.64047 
0.65143 -0.969038 -0.256913 1.4786 -2.47511 -1.91374 1.35164 -1.84731 1.47527 -1.42533 1.5298 2.76031 0.577894 -2.63857 
0.65143 -0.969038 -0.256913 1.4786 -2.47511 -1.91374 1.35164 -1.84519 1.47095 -1.42514 1.52473 2.75257 0.585401 -2.64909 
0.65143 -0.969038 -0.256913 1.4786 -2.47511 -1.91374 1.35164 -1.84474 1.48587 -1.41816 1.52553 2.75012 0.582183 -2.66478 
0.65143 -0.969038 -0.256913 1.4786 -2.47511 -1.91374 1.35164 -1.84432 1.4935 -1.41457 1.52538 2.74908 0.581001 -2.67253 
0.65143 -0.969038 -0.256913 1.4786 -2.47511 -1.91374 1.35164 -1.84381 1.49593 -1.41387 1.52342 2.75172 0.58258 -2.67102 
0.65143 -0.969038 -0.256913 1.4786 -2.47511 -1.91374 1.35164 -1.84307 1.49321 -1.41453 1.52029 2.74841 0.58615 -2.67451 
0.65143 -0.969038 -0.256913 1.4786 -2.47511 -1.91374 1.35164 -1.84232 1.49148 -1.41624 1.51606 2.75261 0.589417 -2.66707 
0.65143 -0.969038 -0.256913 1.4786 -2.47511 -1.91374 1.35164 -1.84188 1.48637 -1.41922 1.51353 2.75442 0.590381 -2.6597 
0.65143 -0.969038 -0.256913 1.4786 -2.47511 -1.91374 1.35164 -1.84165 1.48938 -1.41993 1.51192 2.76168 0.589136 -2.65011 
0.65143 -0.969038 -0.256913 1.4786 -2.47511 -1.91374 1.35164 -1.84216 1.48373 -1.42257 1.51117 2.75852 0.587909 -2.64955 
0.65143 -0.969038 -0.256913 1.4786 -2.47511 -1.91374 1.35164 -1.8431 1.48807 -1.41909 1.51221 2.75403 0.586311 -2.66014 
0.65143 -0.969038 -0.256913 1.4786 -2.47511 -1.91374 1.35164 -1.84394 1.50216 -1.41065 1.51503 2.74952 0.582305 -2.6788 
0.65143 -0.969038 -0.256913 1.4786 -2.47511 -1.91374 1.35164 -1.84268 1.50557 -1.40476 1.5102 2.74485 0.59306 -2.69365 
0.65143 -0.969038 -0.256913 1.4786 -2.47511 -1.91374 1.35164 -1.87163 1.73852 -1.3518 1.61922 2.80428 0.410024 -2.71893 
0.65143 -0.969038 -0.256913 1.4786 -2.47511 -1.91374 1.35164 -1.87727 1.74582 -1.35202 1.63208 2.80217 0.390258 -2.72078 
0.65143 -0.969038 -0.256913 1.4786 -2.47511 -1.91374 1.35164 -1.87631 1.74206 -1.35012 1.62802 2.79409 0.400499 -2.73201 
0.65143 -0.969038 -0.256913 1.4786 -2.47511 -1.91374 1.35164 -1.87216 1.73603 -1.34987 1.62417 2.79134 0.404311 -2.73416 
0.65143 -0.969038 -0.256913 1.4786 -2.47511 -1.91374 1.35164 -1.86681 1.71222 -1.35584 1.61335 2.78675 0.41858 -2.7309 
0.65143 -0.969038 -0.256913 1.4786 -2.47511 -1.91374 1.35164 -1.86024 1.68731 -1.362 1.60249 2.77816 0.432443 -2.73203 
0.65143 -0.969038 -0.256913 1.4786 -2.47511 -1.91374 1.35164 -1.85286 1.65854 -1.37105 1.58978 2.77574 0.447403 -2.72228 
0.65143 -0.969038 -0.256913 1.4786 -2.47511 -1.91374 1.35164 -1.8438 1.64306 -1.37416 1.57862 2.77275 0.458815 -2.72098 
0.65143 -0.969038 -0.256913 1.4786 -2.47511 -1.91374 1.35164 -1.83517 1.61818 -1.38272 1.56545 2.77339 0.473294 -2.70826 
0.65143 -0.969038 -0.256913 1.4786 -2.47511 -1.91374 1.35164 -1.82505 1.60953 -1.38204 1.55485 2.76498 0.484375 -2.71895 
0.65143 -0.969038 -0.256913 1.4786 -2.47511 -1.91374 1.35164 -1.81531 1.57368 -1.39643 1.53837 2.76459 0.503534 -2.69985 
0.65143 -0.969038 -0.256913 1.4786 -2.47511 -1.91374 1.35164 -1.80369 1.54578 -1.40647 1.51957 2.76354 0.526449 -2.68767 
0.65143 -0.969038 -0.256913 1.4786 -2.47511 -1.91374 1.35164 -1.79283 1.53253 -1.41177 1.50768 2.7636 0.535734 -2.6806 
0.65143 -0.969038 -0.256913 1.4786 -2.47511 -1.91374 1.35164 -1.7833 1.51447 -1.42119 1.49669 2.76745 0.542705 -2.66257 
0.65143 -0.969038 -0.256913 1.4786 -2.47511 -1.91374 1.35164 -1.77513 1.49946 -1.42981 1.48679 2.77362 0.549196 -2.64257 
0.65143 -0.969038 -0.256913 1.4786 -2.47511 -1.91374 1.35164 -1.76797 1.4884 -1.43435 1.47649 2.76872 0.561241 -2.64382 
0.65143 -0.969038 -0.256913 1.4786 -2.47511 -1.91374 1.35164 -1.76493 1.48711 -1.43519 1.47294 2.7674 0.564431 -2.64562 
0.65143 -0.969038 -0.256913 1.4786 -2.47511 -1.91374 1.35164 -1.76331 1.48601 -1.43582 1.47076 2.76679 0.56649 -2.64627 
0.65143 -0.969038 -0.256913 1.4786 -2.47511 -1.91374 1.35164 -1.76382 1.49414 -1.43122 1.4728 2.76294 0.562831 -2.65832 
0.65143 -0.969038 -0.256913 1.4786 -2.47511 -1.91374 1.35164 -1.76489 1.50148 -1.42823 1.47612 2.76232 0.557221 -2.66388 
0.65143 -0.969038 -0.256913 1.4786 -2.47511 -1.91374 1.35164 -1.76454 1.50412 -1.42704 1.47347 2.76661 0.562216 -2.66099 
