1.11475 -1.73377 -1.53373 1.40086 1.85033 1.25497 -1.16559 1.53011 -1.67901 -0.920323 -1.3831 -1.29175 1.21153 -2.28391 
1.11475 -1.73341 -1.53377 1.40041 1.84982 1.25468 -1.168 1.5301 -1.679 -0.92034 -1.3831 -1.29173 1.21152 -2.28392 
1.11463 -1.73424 -1.53416 1.40081 1.84883 1.2543 -1.16725 1.5301 -1.679 -0.92034 -1.3831 -1.29173 1.21152 -2.28392 
1.11437 -1.7353 -1.53491 1.40135 1.84774 1.25415 -1.16502 1.5301 -1.679 -0.92034 -1.3831 -1.29173 1.21152 -2.28392 
1.11386 -1.73604 -1.53533 1.40092 1.8475 1.25518 -1.16489 1.5301 -1.679 -0.92034 -1.3831 -1.29173 1.21152 -2.28392 
1.11456 -1.73496 -1.53446 1.40106 1.84844 1.25411 -1.16523 1.5301 -1.679 -0.92034 -1.3831 -1.29173 1.21152 -2.28392 
1.11418 -1.73535 -1.53475 1.40063 1.84846 1.25499 -1.16506 1.5301 -1.679 -0.92034 -1.3831 -1.29173 1.21152 -2.28392 
1.11486 -1.73469 -1.53457 1.40149 1.84783 1.25324 -1.16554 1.5301 -1.679 -0.92034 -1.3831 -1.29173 1.21152 -2.28392 
1.11428 -1.73564 -1.53532 1.40151 1.84685 1.25384 -1.165 1.5301 -1.679 -0.92034 -1.3831 -1.29173 1.21152 -2.28392 
1.1146 -1.73524 -1.53497 1.40158 1.84737 1.25354 -1.16519 1.5301 -1.679 -0.92034 -1.3831 -1.29173 1.21152 -2.28392 
1.11517 -1.73388 -1.53394 1.40126 1.8489 1.25303 -1.16663 1.5301 -1.679 -0.92034 -1.3831 -1.29173 1.21152 -2.28392 
1.1147 -1.73462 -1.53422 1.40075 1.84886 1.25432 -1.16652 1.5301 -1.679 -0.92034 -1.3831 -1.29173 1.21152 -2.28392 
