1.15269 -1.85519 -1.75898 1.47821 -1.24258 -0.851746 1.99117 -1.11007 0.610447 0.0654194 -1.37338 -1.9629 -1.13369 -0.471729 
1.14387 -1.85601 -1.76094 1.47239 -1.24058 -0.84869 2.01558 -1.11086 0.606558 0.0662759 -1.38231 -1.96055 -1.13132 -0.477188 
1.12983 -1.85136 -1.76662 1.45755 -1.23999 -0.842945 2.04126 -1.11086 0.606549 0.0662777 -1.38233 -1.96054 -1.13132 -0.4772 
1.12874 -1.84763 -1.76729 1.45423 -1.242 -0.835726 2.0456 -1.11086 0.606549 0.0662777 -1.38233 -1.96054 -1.13132 -0.4772 
1.13105 -1.84617 -1.76622 1.45292 -1.2414 -0.834731 2.04275 -1.11086 0.606549 0.0662777 -1.38233 -1.96054 -1.13132 -0.4772 
1.13795 -1.84399 -1.76246 1.4578 -1.23721 -0.835977 2.03567 -1.11086 0.606549 0.0662777 -1.38233 -1.96054 -1.13132 -0.4772 
1.14294 -1.84378 -1.76225 1.46404 -1.23773 -0.834599 2.0332 -1.11086 0.606549 0.0662777 -1.38233 -1.96054 -1.13132 -0.4772 
1.14721 -1.84344 -1.76279 1.47056 -1.2409 -0.829376 2.03332 -1.11086 0.606549 0.0662777 -1.38233 -1.96054 -1.13132 -0.4772 
1.15101 -1.84221 -1.76126 1.47447 -1.24055 -0.82714 2.03115 -1.11086 0.606549 0.0662777 -1.38233 -1.96054 -1.13132 -0.4772 
1.1534 -1.84124 -1.7594 1.47604 -1.23838 -0.828353 2.02729 -1.11086 0.606549 0.0662777 -1.38233 -1.96054 -1.13132 -0.4772 
1.15427 -1.84289 -1.75944 1.47776 -1.23837 -0.829582 2.02787 -1.11086 0.606549 0.0662777 -1.38233 -1.96054 -1.13132 -0.4772 
1.15549 -1.8426 -1.75903 1.47936 -1.23859 -0.828256 2.02764 -1.11086 0.606549 0.0662777 -1.38233 -1.96054 -1.13132 -0.4772 
1.1567 -1.8419 -1.75894 1.48058 -1.23895 -0.826909 2.02676 -1.11086 0.606549 0.0662777 -1.38233 -1.96054 -1.13132 -0.4772 
1.15609 -1.84508 -1.76109 1.48195 -1.24134 -0.827207 2.03058 -1.11086 0.606549 0.0662777 -1.38233 -1.96054 -1.13132 -0.4772 
1.15958 -1.8424 -1.75798 1.48378 -1.23847 -0.826832 2.02556 -1.11086 0.606549 0.0662777 -1.38233 -1.96054 -1.13132 -0.4772 
1.16252 -1.84275 -1.75773 1.48725 -1.23911 -0.826279 2.0236 -1.11086 0.606549 0.0662777 -1.38233 -1.96054 -1.13132 -0.4772 
1.16625 -1.84201 -1.75698 1.49135 -1.23949 -0.823841 2.02278 -1.11086 0.606549 0.0662777 -1.38233 -1.96054 -1.13132 -0.4772 
1.16829 -1.84152 -1.75693 1.49456 -1.24078 -0.821445 2.02241 -1.11086 0.606549 0.0662777 -1.38233 -1.96054 -1.13132 -0.4772 
1.16814 -1.84187 -1.75659 1.4942 -1.2394 -0.823868 2.02119 -1.11086 0.606549 0.0662777 -1.38233 -1.96054 -1.13132 -0.4772 
1.16792 -1.8417 -1.7565 1.49366 -1.23909 -0.823864 2.02144 -1.11086 0.606549 0.0662777 -1.38233 -1.96054 -1.13132 -0.4772 
1.16772 -1.84309 -1.75655 1.49379 -1.23855 -0.826119 2.02158 -1.11086 0.606549 0.0662777 -1.38233 -1.96054 -1.13132 -0.4772 
1.168 -1.8427 -1.7558 1.49338 -1.23744 -0.826749 2.02099 -1.11086 0.606549 0.0662777 -1.38233 -1.96054 -1.13132 -0.4772 
1.16743 -1.84281 -1.75629 1.49331 -1.23794 -0.826652 2.02139 -1.11086 0.606549 0.0662777 -1.38233 -1.96054 -1.13132 -0.4772 
1.16744 -1.84315 -1.75621 1.49296 -1.23767 -0.827404 2.02133 -1.11086 0.606549 0.0662777 -1.38233 -1.96054 -1.13132 -0.4772 
1.16705 -1.84385 -1.75732 1.49408 -1.23967 -0.825533 2.02347 -1.11086 0.606549 0.0662777 -1.38233 -1.96054 -1.13132 -0.4772 
1.16741 -1.84238 -1.75618 1.49366 -1.23857 -0.82531 2.02154 -1.11086 0.606549 0.0662777 -1.38233 -1.96054 -1.13132 -0.4772 
1.16701 -1.84326 -1.75658 1.49344 -1.23843 -0.826371 2.02224 -1.11086 0.606549 0.0662777 -1.38233 -1.96054 -1.13132 -0.4772 
1.16843 -1.84159 -1.75574 1.49404 -1.23891 -0.823514 2.02041 -1.11086 0.606549 0.0662777 -1.38233 -1.96054 -1.13132 -0.4772 
1.16884 -1.84149 -1.75643 1.49474 -1.24077 -0.821325 2.02056 -1.11086 0.606549 0.0662777 -1.38233 -1.96054 -1.13132 -0.4772 
1.16843 -1.84178 -1.75699 1.49449 -1.24148 -0.821219 2.02093 -1.11086 0.606549 0.0662777 -1.38233 -1.96054 -1.13132 -0.4772 
1.16819 -1.84255 -1.75757 1.49468 -1.24252 -0.821088 2.02123 -1.11086 0.606549 0.0662777 -1.38233 -1.96054 -1.13132 -0.4772 
1.16874 -1.84101 -1.75635 1.49418 -1.24111 -0.820948 2.01889 -1.11086 0.606549 0.0662777 -1.38233 -1.96054 -1.13132 -0.4772 
1.16892 -1.83973 -1.75507 1.49371 -1.23926 -0.821782 2.01717 -1.11086 0.606549 0.0662777 -1.38233 -1.96054 -1.13132 -0.4772 
1.16825 -1.84069 -1.7552 1.49295 -1.23839 -0.824068 2.01781 -1.11086 0.606549 0.0662777 -1.38233 -1.96054 -1.13132 -0.4772 
1.16799 -1.84188 -1.75637 1.4934 -1.24015 -0.823569 2.01931 -1.11086 0.606549 0.0662777 -1.38233 -1.96054 -1.13132 -0.4772 
1.16804 -1.84196 -1.75677 1.49382 -1.24136 -0.822425 2.01949 -1.11086 0.606549 0.0662777 -1.38233 -1.96054 -1.13132 -0.4772 
1.16838 -1.84087 -1.7557 1.49293 -1.23925 -0.82396 2.01764 -1.11086 0.606549 0.0662777 -1.38233 -1.96054 -1.13132 -0.4772 
1.1683 -1.84119 -1.75591 1.49338 -1.2398 -0.823189 2.01872 -1.11086 0.606549 0.0662777 -1.38233 -1.96054 -1.13132 -0.4772 
1.16806 -1.84164 -1.75644 1.49351 -1.2403 -0.823214 2.01939 -1.11086 0.606549 0.0662777 -1.38233 -1.96054 -1.13132 -0.4772 
1.16768 -1.84194 -1.75613 1.4929 -1.23917 -0.825038 2.01874 -1.11086 0.606549 0.0662777 -1.38233 -1.96054 -1.13132 -0.4772 
1.16795 -1.84128 -1.75557 1.49292 -1.23825 -0.82498 2.01823 -1.11086 0.606549 0.0662777 -1.38233 -1.96054 -1.13132 -0.4772 
1.16815 -1.84105 -1.75531 1.49281 -1.23799 -0.825063 2.01829 -1.11086 0.606549 0.0662777 -1.38233 -1.96054 -1.13132 -0.4772 
1.16726 -1.8427 -1.75621 1.49303 -1.23814 -0.826571 2.02067 -1.11086 0.606549 0.0662777 -1.38233 -1.96054 -1.13132 -0.4772 
1.16794 -1.84162 -1.75573 1.49307 -1.2378 -0.825679 2.02034 -1.11086 0.606549 0.0662777 -1.38233 -1.96054 -1.13132 -0.4772 
1.16769 -1.84253 -1.75617 1.4935 -1.23851 -0.825366 2.02188 -1.11086 0.606549 0.0662777 -1.38233 -1.96054 -1.13132 -0.4772 
1.16841 -1.84184 -1.75651 1.49459 -1.24055 -0.822107 2.02211 -1.11086 0.606549 0.0662777 -1.38233 -1.96054 -1.13132 -0.4772 
1.16855 -1.8415 -1.75625 1.4946 -1.24055 -0.821574 2.02184 -1.11086 0.606549 0.0662777 -1.38233 -1.96054 -1.13132 -0.4772 
1.16857 -1.84111 -1.75581 1.49429 -1.23942 -0.822561 2.02108 -1.11086 0.606549 0.0662777 -1.38233 -1.96054 -1.13132 -0.4772 
1.16846 -1.8414 -1.75595 1.49421 -1.23964 -0.822429 2.02121 -1.11086 0.606549 0.0662777 -1.38233 -1.96054 -1.13132 -0.4772 
1.16861 -1.8406 -1.75512 1.49404 -1.23832 -0.823476 2.02022 -1.11086 0.606549 0.0662777 -1.38233 -1.96054 -1.13132 -0.4772 
1.16846 -1.84066 -1.75466 1.4932 -1.23685 -0.825392 2.01937 -1.11086 0.606549 0.0662777 -1.38233 -1.96054 -1.13132 -0.4772 
1.16866 -1.84087 -1.75547 1.4938 -1.23872 -0.823438 2.02004 -1.11086 0.606549 0.0662777 -1.38233 -1.96054 -1.13132 -0.4772 
1.16784 -1.84177 -1.75648 1.49363 -1.23971 -0.823789 2.02132 -1.11086 0.606549 0.0662777 -1.38233 -1.96054 -1.13132 -0.4772 
1.16842 -1.84104 -1.75614 1.49411 -1.24003 -0.822329 2.02075 -1.11086 0.606549 0.0662777 -1.38233 -1.96054 -1.13132 -0.4772 
1.16845 -1.84121 -1.75592 1.49409 -1.23992 -0.82223 2.02083 -1.11086 0.606549 0.0662777 -1.38233 -1.96054 -1.13132 -0.4772 
1.16887 -1.84044 -1.75614 1.4947 -1.24119 -0.820319 2.02053 -1.11086 0.606549 0.0662777 -1.38233 -1.96054 -1.13132 -0.4772 
1.16822 -1.84104 -1.75596 1.4938 -1.24033 -0.822446 2.01993 -1.11086 0.606549 0.0662777 -1.38233 -1.96054 -1.13132 -0.4772 
1.1676 -1.8418 -1.75647 1.49356 -1.24011 -0.823777 2.02053 -1.11086 0.606549 0.0662777 -1.38233 -1.96054 -1.13132 -0.4772 
1.16807 -1.8411 -1.75602 1.49356 -1.23988 -0.823396 2.02001 -1.11086 0.606549 0.0662777 -1.38233 -1.96054 -1.13132 -0.4772 
1.16813 -1.84541 -1.7574 1.49752 -1.24054 -0.823269 2.03034 -1.11086 0.606549 0.0662777 -1.38233 -1.96054 -1.13132 -0.4772 
1.16754 -1.85538 -1.76082 1.50543 -1.24243 -0.823452 2.054 -1.11086 0.606549 0.0662777 -1.38233 -1.96054 -1.13132 -0.4772 
1.16629 -1.86581 -1.76349 1.51233 -1.24225 -0.825986 2.0789 -1.11086 0.606549 0.0662777 -1.38233 -1.96054 -1.13132 -0.4772 
1.16409 -1.87804 -1.76721 1.51984 -1.2424 -0.828914 2.10939 -1.11086 0.606549 0.0662777 -1.38233 -1.96054 -1.13132 -0.4772 
1.15979 -1.89266 -1.77241 1.52669 -1.24279 -0.833274 2.14556 -1.11086 0.606549 0.0662777 -1.38233 -1.96054 -1.13132 -0.4772 
1.15452 -1.90682 -1.77632 1.53163 -1.23963 -0.840948 2.18129 -1.11086 0.606549 0.0662777 -1.38233 -1.96054 -1.13132 -0.4772 
1.14714 -1.92261 -1.78143 1.53604 -1.23639 -0.849526 2.22254 -1.11086 0.606549 0.0662777 -1.38233 -1.96054 -1.13132 -0.4772 
1.14043 -1.93549 -1.78322 1.5377 -1.22679 -0.861249 2.26078 -1.11086 0.606549 0.0662777 -1.38233 -1.96054 -1.13132 -0.4772 
1.13259 -1.94978 -1.78703 1.54036 -1.22129 -0.868923 2.30371 -1.11086 0.606549 0.0662777 -1.38233 -1.96054 -1.13132 -0.4772 
1.12337 -1.9645 -1.7911 1.54132 -1.21447 -0.878614 2.34813 -1.11086 0.606549 0.0662777 -1.38233 -1.96054 -1.13132 -0.4772 
1.11668 -1.96699 -1.78124 1.54069 -1.22149 -0.901205 2.39374 -1.11086 0.606549 0.0662777 -1.38233 -1.96054 -1.13132 -0.4772 
1.11007 -1.96699 -1.76854 1.53876 -1.22931 -0.927753 2.43916 -1.11086 0.606549 0.0662777 -1.38233 -1.96054 -1.13132 -0.4772 
1.10489 -1.96699 -1.75754 1.53857 -1.23599 -0.945568 2.47894 -1.11086 0.606549 0.0662777 -1.38233 -1.96054 -1.13132 -0.4772 
1.09665 -1.96699 -1.75115 1.53281 -1.24136 -0.964511 2.50832 -1.11086 0.606549 0.0662777 -1.38233 -1.96054 -1.13132 -0.4772 
1.09008 -1.96699 -1.74812 1.52558 -1.23867 -0.975584 2.52378 -1.11086 0.606549 0.0662777 -1.38233 -1.96054 -1.13132 -0.4772 
1.08489 -1.96699 -1.74647 1.52021 -1.23825 -0.98265 2.53326 -1.11086 0.606549 0.0662777 -1.38233 -1.96054 -1.13132 -0.4772 
1.08363 -1.96699 -1.74633 1.51921 -1.24022 -0.980414 2.53543 -1.11086 0.606549 0.0662777 -1.38233 -1.96054 -1.13132 -0.4772 
1.08238 -1.96699 -1.74649 1.51786 -1.24606 -0.982507 2.53077 -1.11086 0.606549 0.0662777 -1.38233 -1.96054 -1.13132 -0.4772 
1.08297 -1.96695 -1.74731 1.51833 -1.25346 -0.981361 2.5184 -1.11086 0.606549 0.0662777 -1.38233 -1.96054 -1.13132 -0.4772 
1.08411 -1.9661 -1.74792 1.51747 -1.2596 -0.983978 2.49588 -1.11086 0.606549 0.0662777 -1.38233 -1.96054 -1.13132 -0.4772 
1.08955 -1.96305 -1.74761 1.52026 -1.2681 -0.979278 2.46786 -1.11086 0.606549 0.0662777 -1.38233 -1.96054 -1.13132 -0.4772 
1.09528 -1.9592 -1.74607 1.52099 -1.2739 -0.979501 2.42899 -1.11086 0.606549 0.0662777 -1.38233 -1.96054 -1.13132 -0.4772 
1.10158 -1.95504 -1.74436 1.52056 -1.27878 -0.982626 2.38245 -1.11086 0.606549 0.0662777 -1.38233 -1.96054 -1.13132 -0.4772 
1.10819 -1.95166 -1.74386 1.52158 -1.28741 -0.983143 2.33468 -1.11086 0.606549 0.0662777 -1.38233 -1.96054 -1.13132 -0.4772 
1.12122 -1.94221 -1.74307 1.52453 -1.30611 -0.972179 2.2621 -1.11086 0.606549 0.0662777 -1.38233 -1.96054 -1.13132 -0.4772 
1.12174 -1.94059 -1.74222 1.52332 -1.30556 -0.972575 2.25342 -1.11086 0.606549 0.0662777 -1.38233 -1.96054 -1.13132 -0.4772 
1.12878 -1.93558 -1.73948 1.5213 -1.30905 -0.975727 2.20241 -1.11086 0.606549 0.0662777 -1.38233 -1.96054 -1.13132 -0.4772 
1.13525 -1.93176 -1.73768 1.51891 -1.31344 -0.979814 2.15034 -1.11086 0.606549 0.0662777 -1.38233 -1.96054 -1.13132 -0.4772 
1.1409 -1.92858 -1.73646 1.51628 -1.3184 -0.983695 2.10075 -1.11086 0.606549 0.0662777 -1.38233 -1.96054 -1.13132 -0.4772 
1.14691 -1.92169 -1.73053 1.50906 -1.31276 -0.99277 2.04489 -1.11086 0.606549 0.0662777 -1.38233 -1.96054 -1.13132 -0.4772 
1.15202 -1.91586 -1.72593 1.50233 -1.30971 -1.00044 1.99437 -1.11086 0.606549 0.0662777 -1.38233 -1.96054 -1.13132 -0.4772 
1.1556 -1.91177 -1.72287 1.4966 -1.30864 -1.00732 1.95085 -1.11086 0.606549 0.0662777 -1.38233 -1.96054 -1.13132 -0.4772 
1.15543 -1.90683 -1.71928 1.48562 -1.30652 -1.01862 1.89418 -1.11086 0.606549 0.0662777 -1.38233 -1.96054 -1.13132 -0.4772 
1.16001 -1.89966 -1.713 1.47926 -1.30096 -1.023 1.85392 -1.11086 0.606549 0.0662777 -1.38233 -1.96054 -1.13132 -0.4772 
1.16109 -1.89774 -1.71107 1.47389 -1.29864 -1.03018 1.82698 -1.11086 0.606549 0.0662777 -1.38233 -1.96054 -1.13132 -0.4772 
1.15796 -1.90057 -1.71106 1.46585 -1.2931 -1.04698 1.80729 -1.11086 0.606549 0.0662777 -1.38233 -1.96054 -1.13132 -0.4772 
1.16247 -1.89445 -1.70615 1.46315 -1.29025 -1.04628 1.78303 -1.11086 0.606549 0.0662777 -1.38233 -1.96054 -1.13132 -0.4772 
1.16167 -1.89465 -1.70522 1.4577 -1.28685 -1.05489 1.76701 -1.11086 0.606549 0.0662777 -1.38233 -1.96054 -1.13132 -0.4772 
1.16154 -1.89459 -1.70527 1.45408 -1.28848 -1.05831 1.75024 -1.11086 0.606549 0.0662777 -1.38233 -1.96054 -1.13132 -0.4772 
1.16261 -1.89051 -1.70172 1.44797 -1.28396 -1.06336 1.72635 -1.11086 0.606549 0.0662777 -1.38233 -1.96054 -1.13132 -0.4772 
1.16242 -1.88795 -1.69907 1.44078 -1.28006 -1.07109 1.70148 -1.11086 0.606549 0.0662777 -1.38233 -1.96054 -1.13132 -0.4772 
1.15922 -1.89049 -1.7007 1.43419 -1.28133 -1.08109 1.68166 -1.11086 0.606549 0.0662777 -1.38233 -1.96054 -1.13132 -0.4772 
1.15841 -1.88886 -1.69831 1.42646 -1.2774 -1.09053 1.65607 -1.11086 0.606549 0.0662777 -1.38233 -1.96054 -1.13132 -0.4772 
1.15843 -1.88814 -1.69743 1.42244 -1.27882 -1.09404 1.63454 -1.11086 0.606549 0.0662777 -1.38233 -1.96054 -1.13132 -0.4772 
1.15583 -1.8899 -1.69773 1.41567 -1.27858 -1.10488 1.60993 -1.11086 0.606549 0.0662777 -1.38233 -1.96054 -1.13132 -0.4772 
1.1602 -1.89086 -1.69832 1.41968 -1.28078 -1.10252 1.61151 -1.11086 0.606549 0.0662777 -1.38233 -1.96054 -1.13132 -0.4772 
1.16045 -1.89078 -1.69824 1.41698 -1.28343 -1.10591 1.59075 -1.11086 0.606549 0.0662777 -1.38233 -1.96054 -1.13132 -0.4772 
1.1585 -1.89265 -1.69944 1.41208 -1.28484 -1.11505 1.5681 -1.11086 0.606549 0.0662777 -1.38233 -1.96054 -1.13132 -0.4772 
1.15762 -1.89312 -1.69965 1.40888 -1.28546 -1.12108 1.54945 -1.11086 0.606549 0.0662777 -1.38233 -1.96054 -1.13132 -0.4772 
1.15686 -1.89258 -1.69867 1.40462 -1.28276 -1.12939 1.52927 -1.11086 0.606549 0.0662777 -1.38233 -1.96054 -1.13132 -0.4772 
1.15714 -1.8918 -1.6978 1.40265 -1.2811 -1.13423 1.51473 -1.11086 0.606549 0.0662777 -1.38233 -1.96054 -1.13132 -0.4772 
1.15766 -1.89022 -1.69593 1.40035 -1.27695 -1.14 1.50123 -1.11086 0.606549 0.0662777 -1.38233 -1.96054 -1.13132 -0.4772 
1.15741 -1.88875 -1.69402 1.39696 -1.27127 -1.14813 1.48824 -1.11086 0.606549 0.0662777 -1.38233 -1.96054 -1.13132 -0.4772 
1.15831 -1.88736 -1.69244 1.39651 -1.26744 -1.15203 1.48123 -1.11086 0.606549 0.0662777 -1.38233 -1.96054 -1.13132 -0.4772 
1.15947 -1.88569 -1.69096 1.39707 -1.26354 -1.15518 1.47661 -1.11086 0.606549 0.0662777 -1.38233 -1.96054 -1.13132 -0.4772 
1.16 -1.88505 -1.69004 1.39695 -1.25973 -1.15969 1.47248 -1.11086 0.606549 0.0662777 -1.38233 -1.96054 -1.13132 -0.4772 
1.16279 -1.88238 -1.68741 1.39859 -1.25615 -1.15997 1.4674 -1.11086 0.606549 0.0662777 -1.38233 -1.96054 -1.13132 -0.4772 
1.16458 -1.88164 -1.68584 1.40051 -1.25264 -1.16213 1.46628 -1.11086 0.606549 0.0662777 -1.38233 -1.96054 -1.13132 -0.4772 
1.16696 -1.87954 -1.68208 1.40039 -1.24444 -1.16737 1.46266 -1.11086 0.606549 0.0662777 -1.38233 -1.96054 -1.13132 -0.4772 
1.16913 -1.87543 -1.67675 1.39792 -1.23278 -1.17446 1.45554 -1.11086 0.606549 0.0662777 -1.38233 -1.96054 -1.13132 -0.4772 
1.17132 -1.8699 -1.67085 1.39428 -1.22139 -1.18059 1.44587 -1.11086 0.606549 0.0662777 -1.38233 -1.96054 -1.13132 -0.4772 
1.17413 -1.86129 -1.66279 1.38809 -1.20627 -1.1878 1.43129 -1.11086 0.606549 0.0662777 -1.38233 -1.96054 -1.13132 -0.4772 
1.17575 -1.85599 -1.65721 1.3833 -1.19528 -1.19457 1.42072 -1.11086 0.606549 0.0662777 -1.38233 -1.96054 -1.13132 -0.4772 
1.17793 -1.85061 -1.6513 1.37945 -1.18485 -1.20009 1.41065 -1.11086 0.606549 0.0662777 -1.38233 -1.96054 -1.13132 -0.4772 
1.18045 -1.84456 -1.64547 1.37646 -1.1752 -1.2039 1.40117 -1.11086 0.606549 0.0662777 -1.38233 -1.96054 -1.13132 -0.4772 
1.18258 -1.83792 -1.63897 1.37192 -1.164 -1.20975 1.38952 -1.11086 0.606549 0.0662777 -1.38233 -1.96054 -1.13132 -0.4772 
1.18336 -1.83264 -1.6332 1.36569 -1.15193 -1.21898 1.37914 -1.11086 0.606549 0.0662777 -1.38233 -1.96054 -1.13132 -0.4772 
1.18454 -1.82739 -1.6278 1.36077 -1.14096 -1.22639 1.37041 -1.11086 0.606549 0.0662777 -1.38233 -1.96054 -1.13132 -0.4772 
1.18398 -1.82092 -1.62173 1.35187 -1.12688 -1.23833 1.35822 -1.11086 0.606549 0.0662777 -1.38233 -1.96054 -1.13132 -0.4772 
1.18395 -1.81543 -1.61654 1.34482 -1.11483 -1.2481 1.34844 -1.11086 0.606549 0.0662777 -1.38233 -1.96054 -1.13132 -0.4772 
1.18393 -1.80942 -1.61175 1.33821 -1.10367 -1.25554 1.34189 -1.11086 0.606549 0.0662777 -1.38233 -1.96054 -1.13132 -0.4772 
1.18504 -1.80695 -1.60988 1.33788 -1.10133 -1.25472 1.34036 -1.11086 0.606549 0.0662777 -1.38233 -1.96054 -1.13132 -0.4772 
1.18035 -1.82158 -1.61679 1.33887 -1.11118 -1.26186 1.34651 -1.11086 0.606549 0.0662777 -1.38233 -1.96054 -1.13132 -0.4772 
1.18051 -1.82129 -1.61657 1.33861 -1.1112 -1.26214 1.34524 -1.11086 0.606549 0.0662777 -1.38233 -1.96054 -1.13132 -0.4772 
1.18123 -1.82277 -1.61785 1.34205 -1.11497 -1.25816 1.34921 -1.11086 0.606549 0.0662777 -1.38233 -1.96054 -1.13132 -0.4772 
1.18145 -1.82311 -1.61772 1.34287 -1.116 -1.25692 1.34906 -1.11086 0.606549 0.0662777 -1.38233 -1.96054 -1.13132 -0.4772 
1.18153 -1.8243 -1.61862 1.34378 -1.11708 -1.25635 1.35079 -1.11086 0.606549 0.0662777 -1.38233 -1.96054 -1.13132 -0.4772 
1.18139 -1.82168 -1.61661 1.34043 -1.11311 -1.25943 1.34546 -1.11086 0.606549 0.0662777 -1.38233 -1.96054 -1.13132 -0.4772 
1.18139 -1.8215 -1.61653 1.34022 -1.1126 -1.26002 1.34515 -1.11086 0.606549 0.0662777 -1.38233 -1.96054 -1.13132 -0.4772 
1.18097 -1.82114 -1.61614 1.3391 -1.11152 -1.2613 1.34436 -1.11086 0.606549 0.0662777 -1.38233 -1.96054 -1.13132 -0.4772 
1.18114 -1.82226 -1.61688 1.34052 -1.11291 -1.26023 1.34681 -1.11086 0.606549 0.0662777 -1.38233 -1.96054 -1.13132 -0.4772 
1.18145 -1.82348 -1.61816 1.34293 -1.11644 -1.25716 1.34905 -1.11086 0.606549 0.0662777 -1.38233 -1.96054 -1.13132 -0.4772 
1.18055 -1.82316 -1.61789 1.34102 -1.11479 -1.25985 1.3476 -1.11086 0.606549 0.0662777 -1.38233 -1.96054 -1.13132 -0.4772 
1.12791 -1.83058 -1.7426 1.45801 -1.2714 -0.861798 2.00651 -1.11086 0.606549 0.0662777 -1.38233 -1.96054 -1.13132 -0.4772 
1.12413 -1.83052 -1.74601 1.45978 -1.27388 -0.852729 2.03392 -1.11086 0.606549 0.0662777 -1.38233 -1.96054 -1.13132 -0.4772 
1.12241 -1.83007 -1.74963 1.46257 -1.27766 -0.841566 2.05915 -1.11086 0.606549 0.0662777 -1.38233 -1.96054 -1.13132 -0.4772 
1.12405 -1.82901 -1.75071 1.46431 -1.28055 -0.834626 2.06616 -1.11086 0.606549 0.0662777 -1.38233 -1.96054 -1.13132 -0.4772 
1.12831 -1.82732 -1.74901 1.46564 -1.28011 -0.832844 2.06115 -1.11086 0.606549 0.0662777 -1.38233 -1.96054 -1.13132 -0.4772 
1.13533 -1.82575 -1.7461 1.47165 -1.27697 -0.832414 2.05705 -1.11086 0.606549 0.0662777 -1.38233 -1.96054 -1.13132 -0.4772 
1.14123 -1.82478 -1.74422 1.47782 -1.27597 -0.83088 2.05315 -1.11086 0.606549 0.0662777 -1.38233 -1.96054 -1.13132 -0.4772 
1.14527 -1.82465 -1.74363 1.48303 -1.27648 -0.829167 2.05207 -1.11086 0.606549 0.0662777 -1.38233 -1.96054 -1.13132 -0.4772 
1.14865 -1.82371 -1.7423 1.48614 -1.27604 -0.827963 2.04916 -1.11086 0.606549 0.0662777 -1.38233 -1.96054 -1.13132 -0.4772 
1.15105 -1.82301 -1.74118 1.48858 -1.27489 -0.827833 2.04665 -1.11086 0.606549 0.0662777 -1.38233 -1.96054 -1.13132 -0.4772 
1.15203 -1.82411 -1.74121 1.49018 -1.27444 -0.828864 2.04748 -1.11086 0.606549 0.0662777 -1.38233 -1.96054 -1.13132 -0.4772 
1.15302 -1.82409 -1.74148 1.49215 -1.27586 -0.826961 2.04792 -1.11086 0.606549 0.0662777 -1.38233 -1.96054 -1.13132 -0.4772 
1.15428 -1.8241 -1.74164 1.49431 -1.27764 -0.824371 2.04851 -1.11086 0.606549 0.0662777 -1.38233 -1.96054 -1.13132 -0.4772 
1.15569 -1.8239 -1.7416 1.49615 -1.27857 -0.822604 2.04869 -1.11086 0.606549 0.0662777 -1.38233 -1.96054 -1.13132 -0.4772 
1.15811 -1.82292 -1.74031 1.49776 -1.27715 -0.823127 2.04525 -1.11086 0.606549 0.0662777 -1.38233 -1.96054 -1.13132 -0.4772 
1.16156 -1.82299 -1.74007 1.50146 -1.27818 -0.82138 2.04416 -1.11086 0.606549 0.0662777 -1.38233 -1.96054 -1.13132 -0.4772 
1.16373 -1.82402 -1.74022 1.5048 -1.2782 -0.821963 2.04434 -1.11086 0.606549 0.0662777 -1.38233 -1.96054 -1.13132 -0.4772 
1.16561 -1.82366 -1.73934 1.50647 -1.27679 -0.82337 2.04173 -1.11086 0.606549 0.0662777 -1.38233 -1.96054 -1.13132 -0.4772 
1.16562 -1.82476 -1.74042 1.5081 -1.27941 -0.820975 2.0447 -1.11086 0.606549 0.0662777 -1.38233 -1.96054 -1.13132 -0.4772 
1.16511 -1.8254 -1.74092 1.5082 -1.28063 -0.820047 2.0466 -1.11086 0.606549 0.0662777 -1.38233 -1.96054 -1.13132 -0.4772 
1.16536 -1.82496 -1.74076 1.50857 -1.28067 -0.81971 2.04611 -1.11086 0.606549 0.0662777 -1.38233 -1.96054 -1.13132 -0.4772 
1.16498 -1.8261 -1.74164 1.5087 -1.28144 -0.819983 2.04769 -1.11086 0.606549 0.0662777 -1.38233 -1.96054 -1.13132 -0.4772 
1.16536 -1.8258 -1.74154 1.50889 -1.28203 -0.81908 2.04782 -1.11086 0.606549 0.0662777 -1.38233 -1.96054 -1.13132 -0.4772 
1.1651 -1.82612 -1.74187 1.5091 -1.28234 -0.819624 2.0474 -1.11086 0.606549 0.0662777 -1.38233 -1.96054 -1.13132 -0.4772 
1.16547 -1.82533 -1.74095 1.50832 -1.281 -0.820104 2.04639 -1.11086 0.606549 0.0662777 -1.38233 -1.96054 -1.13132 -0.4772 
1.16622 -1.82367 -1.73966 1.50805 -1.27952 -0.819828 2.0435 -1.11086 0.606549 0.0662777 -1.38233 -1.96054 -1.13132 -0.4772 
1.16575 -1.82487 -1.74044 1.50838 -1.28031 -0.820018 2.04564 -1.11086 0.606549 0.0662777 -1.38233 -1.96054 -1.13132 -0.4772 
1.16599 -1.82347 -1.73912 1.50714 -1.27802 -0.821691 2.04242 -1.11086 0.606549 0.0662777 -1.38233 -1.96054 -1.13132 -0.4772 
1.16636 -1.82246 -1.73889 1.50714 -1.27844 -0.820558 2.04033 -1.11086 0.606549 0.0662777 -1.38233 -1.96054 -1.13132 -0.4772 
1.16633 -1.8233 -1.74018 1.50842 -1.28166 -0.817516 2.04299 -1.11086 0.606549 0.0662777 -1.38233 -1.96054 -1.13132 -0.4772 
1.16589 -1.82382 -1.74055 1.50801 -1.28135 -0.818863 2.04278 -1.11086 0.606549 0.0662777 -1.38233 -1.96054 -1.13132 -0.4772 
1.16639 -1.82276 -1.73968 1.50768 -1.28016 -0.819268 2.04091 -1.11086 0.606549 0.0662777 -1.38233 -1.96054 -1.13132 -0.4772 
1.16634 -1.82268 -1.73962 1.50779 -1.28022 -0.818815 2.04079 -1.11086 0.606549 0.0662777 -1.38233 -1.96054 -1.13132 -0.4772 
1.16587 -1.82416 -1.74126 1.5085 -1.28282 -0.817926 2.04347 -1.11086 0.606549 0.0662777 -1.38233 -1.96054 -1.13132 -0.4772 
1.16638 -1.82285 -1.73998 1.50776 -1.28048 -0.819162 2.04099 -1.11086 0.606549 0.0662777 -1.38233 -1.96054 -1.13132 -0.4772 
1.1661 -1.82331 -1.7402 1.50784 -1.28113 -0.818841 2.04205 -1.11086 0.606549 0.0662777 -1.38233 -1.96054 -1.13132 -0.4772 
1.16597 -1.82363 -1.74098 1.50855 -1.28244 -0.817719 2.04326 -1.11086 0.606549 0.0662777 -1.38233 -1.96054 -1.13132 -0.4772 
1.16636 -1.82257 -1.74002 1.50801 -1.28098 -0.818652 2.04128 -1.11086 0.606549 0.0662777 -1.38233 -1.96054 -1.13132 -0.4772 
1.16613 -1.82224 -1.73937 1.50724 -1.27941 -0.820039 2.04033 -1.11086 0.606549 0.0662777 -1.38233 -1.96054 -1.13132 -0.4772 
1.16621 -1.82254 -1.73936 1.50747 -1.27955 -0.819984 2.04054 -1.11086 0.606549 0.0662777 -1.38233 -1.96054 -1.13132 -0.4772 
1.1662 -1.82272 -1.73985 1.50786 -1.28069 -0.818895 2.04165 -1.11086 0.606549 0.0662777 -1.38233 -1.96054 -1.13132 -0.4772 
1.16666 -1.8217 -1.73848 1.50733 -1.27804 -0.820237 2.03995 -1.11086 0.606549 0.0662777 -1.38233 -1.96054 -1.13132 -0.4772 
1.16574 -1.82348 -1.73952 1.50761 -1.2787 -0.821229 2.04295 -1.11086 0.606549 0.0662777 -1.38233 -1.96054 -1.13132 -0.4772 
1.16571 -1.82415 -1.74026 1.50821 -1.28029 -0.820085 2.04446 -1.11086 0.606549 0.0662777 -1.38233 -1.96054 -1.13132 -0.4772 
1.16568 -1.82447 -1.7409 1.50887 -1.28159 -0.818777 2.04633 -1.11086 0.606549 0.0662777 -1.38233 -1.96054 -1.13132 -0.4772 
1.16572 -1.82439 -1.74115 1.50942 -1.28249 -0.817682 2.04733 -1.11086 0.606549 0.0662777 -1.38233 -1.96054 -1.13132 -0.4772 
1.16556 -1.82492 -1.7413 1.50908 -1.2821 -0.818489 2.04758 -1.11086 0.606549 0.0662777 -1.38233 -1.96054 -1.13132 -0.4772 
1.16555 -1.82473 -1.74132 1.50934 -1.28229 -0.818179 2.04797 -1.11086 0.606549 0.0662777 -1.38233 -1.96054 -1.13132 -0.4772 
1.16547 -1.82507 -1.74104 1.50882 -1.28171 -0.819245 2.04722 -1.11086 0.606549 0.0662777 -1.38233 -1.96054 -1.13132 -0.4772 
1.16543 -1.82532 -1.74192 1.50986 -1.28359 -0.817424 2.04909 -1.11086 0.606549 0.0662777 -1.38233 -1.96054 -1.13132 -0.4772 
1.16531 -1.82526 -1.74166 1.50962 -1.28328 -0.817736 2.04866 -1.11086 0.606549 0.0662777 -1.38233 -1.96054 -1.13132 -0.4772 
1.16575 -1.82448 -1.74131 1.50939 -1.28287 -0.817593 2.04715 -1.11086 0.606549 0.0662777 -1.38233 -1.96054 -1.13132 -0.4772 
1.16561 -1.82472 -1.74171 1.50948 -1.28357 -0.8172 2.04746 -1.11086 0.606549 0.0662777 -1.38233 -1.96054 -1.13132 -0.4772 
1.16594 -1.82412 -1.74112 1.50934 -1.283 -0.817107 2.04692 -1.11086 0.606549 0.0662777 -1.38233 -1.96054 -1.13132 -0.4772 
1.16588 -1.82408 -1.7411 1.50929 -1.28292 -0.817032 2.04643 -1.11086 0.606549 0.0662777 -1.38233 -1.96054 -1.13132 -0.4772 
1.16583 -1.82407 -1.74109 1.50901 -1.28267 -0.817676 2.0462 -1.11086 0.606549 0.0662777 -1.38233 -1.96054 -1.13132 -0.4772 
1.16614 -1.82312 -1.74037 1.50876 -1.28176 -0.817517 2.04424 -1.11086 0.606549 0.0662777 -1.38233 -1.96054 -1.13132 -0.4772 
1.16613 -1.82264 -1.7398 1.50816 -1.28067 -0.818417 2.04278 -1.11086 0.606549 0.0662777 -1.38233 -1.96054 -1.13132 -0.4772 
1.16673 -1.82179 -1.73895 1.50773 -1.2793 -0.81879 2.04111 -1.11086 0.606549 0.0662777 -1.38233 -1.96054 -1.13132 -0.4772 
1.16651 -1.82654 -1.74047 1.51147 -1.28027 -0.819552 2.05107 -1.11086 0.606549 0.0662777 -1.38233 -1.96054 -1.13132 -0.4772 
1.16558 -1.83722 -1.74415 1.51954 -1.28235 -0.820888 2.07673 -1.11086 0.606549 0.0662777 -1.38233 -1.96054 -1.13132 -0.4772 
1.16459 -1.848 -1.74747 1.52782 -1.28458 -0.821392 2.10419 -1.11086 0.606549 0.0662777 -1.38233 -1.96054 -1.13132 -0.4772 
1.16266 -1.85995 -1.75104 1.53589 -1.28586 -0.823385 2.13573 -1.11086 0.606549 0.0662777 -1.38233 -1.96054 -1.13132 -0.4772 
1.15744 -1.87492 -1.75611 1.54181 -1.28588 -0.830704 2.17134 -1.11086 0.606549 0.0662777 -1.38233 -1.96054 -1.13132 -0.4772 
1.15347 -1.88776 -1.75923 1.54771 -1.28369 -0.835945 2.20809 -1.11086 0.606549 0.0662777 -1.38233 -1.96054 -1.13132 -0.4772 
1.14736 -1.90166 -1.76252 1.55177 -1.27939 -0.8449 2.24608 -1.11086 0.606549 0.0662777 -1.38233 -1.96054 -1.13132 -0.4772 
1.13997 -1.91613 -1.76545 1.55453 -1.27294 -0.855658 2.28776 -1.11086 0.606549 0.0662777 -1.38233 -1.96054 -1.13132 -0.4772 
1.1321 -1.92965 -1.76783 1.55555 -1.26484 -0.867275 2.32841 -1.11086 0.606549 0.0662777 -1.38233 -1.96054 -1.13132 -0.4772 
1.12343 -1.94443 -1.77188 1.55765 -1.26002 -0.875467 2.37361 -1.11086 0.606549 0.0662777 -1.38233 -1.96054 -1.13132 -0.4772 
1.11399 -1.95874 -1.77566 1.5583 -1.25399 -0.885447 2.41719 -1.11086 0.606549 0.0662777 -1.38233 -1.96054 -1.13132 -0.4772 
1.10578 -1.96699 -1.77254 1.55664 -1.2495 -0.902328 2.45658 -1.11086 0.606549 0.0662777 -1.38233 -1.96054 -1.13132 -0.4772 
1.09835 -1.96699 -1.76032 1.55479 -1.25868 -0.928804 2.50113 -1.11086 0.606549 0.0662777 -1.38233 -1.96054 -1.13132 -0.4772 
1.0917 -1.96699 -1.75428 1.54912 -1.25805 -0.944304 2.52536 -1.11086 0.606549 0.0662777 -1.38233 -1.96054 -1.13132 -0.4772 
1.08633 -1.96699 -1.75162 1.54214 -1.252 -0.952536 2.53777 -1.11086 0.606549 0.0662777 -1.38233 -1.96054 -1.13132 -0.4772 
1.08162 -1.96699 -1.74994 1.53882 -1.2569 -0.958575 2.55052 -1.11086 0.606549 0.0662777 -1.38233 -1.96054 -1.13132 -0.4772 
1.07848 -1.96699 -1.74938 1.53631 -1.26062 -0.961142 2.55452 -1.11086 0.606549 0.0662777 -1.38233 -1.96054 -1.13132 -0.4772 
1.07807 -1.96694 -1.74967 1.53511 -1.26306 -0.961359 2.54772 -1.11086 0.606549 0.0662777 -1.38233 -1.96054 -1.13132 -0.4772 
1.07828 -1.96661 -1.75024 1.53454 -1.26794 -0.961372 2.53608 -1.11086 0.606549 0.0662777 -1.38233 -1.96054 -1.13132 -0.4772 
1.08104 -1.96432 -1.74915 1.53343 -1.27073 -0.962824 2.51154 -1.11086 0.606549 0.0662777 -1.38233 -1.96054 -1.13132 -0.4772 
1.08567 -1.96306 -1.75082 1.53702 -1.28318 -0.957739 2.48257 -1.11086 0.606549 0.0662777 -1.38233 -1.96054 -1.13132 -0.4772 
1.09114 -1.96073 -1.75124 1.53978 -1.29334 -0.954433 2.44872 -1.11086 0.606549 0.0662777 -1.38233 -1.96054 -1.13132 -0.4772 
1.09764 -1.95678 -1.74977 1.54008 -1.29886 -0.955813 2.40491 -1.11086 0.606549 0.0662777 -1.38233 -1.96054 -1.13132 -0.4772 
1.10497 -1.95235 -1.74828 1.54094 -1.30568 -0.955668 2.35735 -1.11086 0.606549 0.0662777 -1.38233 -1.96054 -1.13132 -0.4772 
1.11585 -1.94355 -1.74485 1.53555 -1.31468 -0.959255 2.26729 -1.11086 0.606549 0.0662777 -1.38233 -1.96054 -1.13132 -0.4772 
1.11494 -1.94265 -1.74351 1.53181 -1.30988 -0.96512 2.25888 -1.11086 0.606549 0.0662777 -1.38233 -1.96054 -1.13132 -0.4772 
1.12192 -1.93832 -1.7416 1.53058 -1.31565 -0.966641 2.2081 -1.11086 0.606549 0.0662777 -1.38233 -1.96054 -1.13132 -0.4772 
1.12836 -1.9338 -1.73905 1.52702 -1.31817 -0.972396 2.15245 -1.11086 0.606549 0.0662777 -1.38233 -1.96054 -1.13132 -0.4772 
1.13539 -1.9285 -1.73607 1.52399 -1.32113 -0.975238 2.09912 -1.11086 0.606549 0.0662777 -1.38233 -1.96054 -1.13132 -0.4772 
1.14123 -1.92303 -1.73194 1.51845 -1.31948 -0.982202 2.04622 -1.11086 0.606549 0.0662777 -1.38233 -1.96054 -1.13132 -0.4772 
1.1457 -1.91893 -1.72914 1.51339 -1.31948 -0.98829 2.00028 -1.11086 0.606549 0.0662777 -1.38233 -1.96054 -1.13132 -0.4772 
1.14994 -1.91413 -1.72577 1.50742 -1.31773 -0.994754 1.95518 -1.11086 0.606549 0.0662777 -1.38233 -1.96054 -1.13132 -0.4772 
1.15012 -1.90909 -1.72202 1.49705 -1.31612 -1.00444 1.89824 -1.11086 0.606549 0.0662777 -1.38233 -1.96054 -1.13132 -0.4772 
1.15373 -1.90248 -1.71584 1.48941 -1.30882 -1.0119 1.85761 -1.11086 0.606549 0.0662777 -1.38233 -1.96054 -1.13132 -0.4772 
1.15177 -1.90375 -1.71555 1.48167 -1.30474 -1.02598 1.83286 -1.11086 0.606549 0.0662777 -1.38233 -1.96054 -1.13132 -0.4772 
1.15393 -1.89576 -1.70664 1.46987 -1.28727 -1.04122 1.79646 -1.11086 0.606549 0.0662777 -1.38233 -1.96054 -1.13132 -0.4772 
1.15347 -1.89693 -1.70681 1.46593 -1.28744 -1.04808 1.77863 -1.11086 0.606549 0.0662777 -1.38233 -1.96054 -1.13132 -0.4772 
1.15563 -1.8941 -1.70441 1.46291 -1.28636 -1.04967 1.75946 -1.11086 0.606549 0.0662777 -1.38233 -1.96054 -1.13132 -0.4772 
1.15569 -1.89423 -1.70475 1.46065 -1.28931 -1.05146 1.74426 -1.11086 0.606549 0.0662777 -1.38233 -1.96054 -1.13132 -0.4772 
1.15579 -1.89078 -1.70133 1.45329 -1.28321 -1.05943 1.72133 -1.11086 0.606549 0.0662777 -1.38233 -1.96054 -1.13132 -0.4772 
1.15599 -1.89167 -1.70219 1.45137 -1.28821 -1.06032 1.70514 -1.11086 0.606549 0.0662777 -1.38233 -1.96054 -1.13132 -0.4772 
1.15525 -1.88937 -1.69971 1.44339 -1.28403 -1.06908 1.6796 -1.11086 0.606549 0.0662777 -1.38233 -1.96054 -1.13132 -0.4772 
1.15398 -1.88963 -1.69926 1.43734 -1.28359 -1.07669 1.65732 -1.11086 0.606549 0.0662777 -1.38233 -1.96054 -1.13132 -0.4772 
1.15207 -1.89169 -1.70056 1.43293 -1.28689 -1.08335 1.63559 -1.11086 0.606549 0.0662777 -1.38233 -1.96054 -1.13132 -0.4772 
1.15012 -1.89329 -1.70083 1.42726 -1.28669 -1.09234 1.61503 -1.11086 0.606549 0.0662777 -1.38233 -1.96054 -1.13132 -0.4772 
1.15219 -1.89866 -1.7048 1.43226 -1.29345 -1.09133 1.62067 -1.11086 0.606549 0.0662777 -1.38233 -1.96054 -1.13132 -0.4772 
1.15276 -1.89722 -1.70372 1.42819 -1.29354 -1.09584 1.59731 -1.11086 0.606549 0.0662777 -1.38233 -1.96054 -1.13132 -0.4772 
1.15227 -1.89632 -1.70274 1.42299 -1.292 -1.10339 1.57226 -1.11086 0.606549 0.0662777 -1.38233 -1.96054 -1.13132 -0.4772 
1.15229 -1.89459 -1.70103 1.41827 -1.28922 -1.11051 1.54953 -1.11086 0.606549 0.0662777 -1.38233 -1.96054 -1.13132 -0.4772 
1.1514 -1.89374 -1.69977 1.41368 -1.2855 -1.11898 1.5307 -1.11086 0.606549 0.0662777 -1.38233 -1.96054 -1.13132 -0.4772 
1.15173 -1.89313 -1.699 1.41163 -1.28458 -1.12406 1.51348 -1.11086 0.606549 0.0662777 -1.38233 -1.96054 -1.13132 -0.4772 
1.15225 -1.89197 -1.69757 1.41018 -1.28204 -1.12872 1.50048 -1.11086 0.606549 0.0662777 -1.38233 -1.96054 -1.13132 -0.4772 
1.15293 -1.88946 -1.69492 1.40747 -1.2761 -1.13478 1.48828 -1.11086 0.606549 0.0662777 -1.38233 -1.96054 -1.13132 -0.4772 
1.15358 -1.88829 -1.69361 1.40699 -1.27218 -1.13919 1.482 -1.11086 0.606549 0.0662777 -1.38233 -1.96054 -1.13132 -0.4772 
1.15397 -1.88713 -1.69243 1.40655 -1.26787 -1.14438 1.4759 -1.11086 0.606549 0.0662777 -1.38233 -1.96054 -1.13132 -0.4772 
1.15463 -1.88589 -1.69081 1.40571 -1.26268 -1.14995 1.47008 -1.11086 0.606549 0.0662777 -1.38233 -1.96054 -1.13132 -0.4772 
1.15731 -1.88262 -1.68774 1.40623 -1.25727 -1.15155 1.46492 -1.11086 0.606549 0.0662777 -1.38233 -1.96054 -1.13132 -0.4772 
1.15979 -1.88317 -1.68731 1.41114 -1.25752 -1.15012 1.4674 -1.11086 0.606549 0.0662777 -1.38233 -1.96054 -1.13132 -0.4772 
1.16238 -1.8809 -1.68409 1.41209 -1.25113 -1.15291 1.46437 -1.11086 0.606549 0.0662777 -1.38233 -1.96054 -1.13132 -0.4772 
1.16452 -1.87519 -1.67725 1.40776 -1.2366 -1.1613 1.45454 -1.11086 0.606549 0.0662777 -1.38233 -1.96054 -1.13132 -0.4772 
1.16675 -1.86774 -1.66953 1.40137 -1.22039 -1.17097 1.441 -1.11086 0.606549 0.0662777 -1.38233 -1.96054 -1.13132 -0.4772 
1.16888 -1.86299 -1.66435 1.39858 -1.21101 -1.17611 1.43175 -1.11086 0.606549 0.0662777 -1.38233 -1.96054 -1.13132 -0.4772 
1.17141 -1.85653 -1.65779 1.39413 -1.19912 -1.18236 1.41953 -1.11086 0.606549 0.0662777 -1.38233 -1.96054 -1.13132 -0.4772 
1.17308 -1.85018 -1.65128 1.38871 -1.18691 -1.18939 1.40813 -1.11086 0.606549 0.0662777 -1.38233 -1.96054 -1.13132 -0.4772 
1.17491 -1.84304 -1.64456 1.38281 -1.17409 -1.19701 1.39516 -1.11086 0.606549 0.0662777 -1.38233 -1.96054 -1.13132 -0.4772 
1.17684 -1.83642 -1.63783 1.37784 -1.16187 -1.20392 1.3831 -1.11086 0.606549 0.0662777 -1.38233 -1.96054 -1.13132 -0.4772 
1.17896 -1.83117 -1.6326 1.37468 -1.15255 -1.20875 1.37502 -1.11086 0.606549 0.0662777 -1.38233 -1.96054 -1.13132 -0.4772 
1.18078 -1.82572 -1.62739 1.37107 -1.1433 -1.21348 1.3665 -1.11086 0.606549 0.0662777 -1.38233 -1.96054 -1.13132 -0.4772 
1.18117 -1.82055 -1.62226 1.3655 -1.1325 -1.22132 1.3576 -1.11086 0.606549 0.0662777 -1.38233 -1.96054 -1.13132 -0.4772 
1.1803 -1.81599 -1.61766 1.35799 -1.12063 -1.23233 1.34892 -1.11086 0.606549 0.0662777 -1.38233 -1.96054 -1.13132 -0.4772 
1.18057 -1.81005 -1.61306 1.35178 -1.11021 -1.23903 1.34162 -1.11086 0.606549 0.0662777 -1.38233 -1.96054 -1.13132 -0.4772 
1.1808 -1.8076 -1.61099 1.34938 -1.10595 -1.24132 1.33882 -1.11086 0.606549 0.0662777 -1.38233 -1.96054 -1.13132 -0.4772 
1.18209 -1.82108 -1.61716 1.36418 -1.11289 -1.23758 1.36978 -1.11086 0.606549 0.0662777 -1.38233 -1.96054 -1.13132 -0.4772 
1.1823 -1.8204 -1.61641 1.36366 -1.11128 -1.23854 1.36931 -1.11086 0.606549 0.0662777 -1.38233 -1.96054 -1.13132 -0.4772 
1.18321 -1.81965 -1.61628 1.36496 -1.11211 -1.23608 1.36901 -1.11086 0.606549 0.0662777 -1.38233 -1.96054 -1.13132 -0.4772 
1.18419 -1.82015 -1.61643 1.36723 -1.11422 -1.23298 1.37044 -1.11086 0.606549 0.0662777 -1.38233 -1.96054 -1.13132 -0.4772 
1.18357 -1.82129 -1.61717 1.3669 -1.11449 -1.2341 1.37154 -1.11086 0.606549 0.0662777 -1.38233 -1.96054 -1.13132 -0.4772 
1.18481 -1.82034 -1.61681 1.36858 -1.11597 -1.23066 1.37084 -1.11086 0.606549 0.0662777 -1.38233 -1.96054 -1.13132 -0.4772 
1.18397 -1.82062 -1.61669 1.36674 -1.11418 -1.23385 1.37023 -1.11086 0.606549 0.0662777 -1.38233 -1.96054 -1.13132 -0.4772 
1.18395 -1.82011 -1.61644 1.36653 -1.11373 -1.23402 1.36958 -1.11086 0.606549 0.0662777 -1.38233 -1.96054 -1.13132 -0.4772 
1.18319 -1.82184 -1.61745 1.36657 -1.1142 -1.23525 1.37155 -1.11086 0.606549 0.0662777 -1.38233 -1.96054 -1.13132 -0.4772 
1.18381 -1.82161 -1.61729 1.36729 -1.11508 -1.23334 1.37214 -1.11086 0.606549 0.0662777 -1.38233 -1.96054 -1.13132 -0.4772 
1.18426 -1.82101 -1.6169 1.36787 -1.1153 -1.23203 1.37126 -1.11086 0.606549 0.0662777 -1.38233 -1.96054 -1.13132 -0.4772 
1.12421 -1.84219 -1.75774 1.48848 -1.30575 -0.818268 2.0445 -1.11086 0.606549 0.0662777 -1.38233 -1.96054 -1.13132 -0.4772 
1.12032 -1.84397 -1.76149 1.49144 -1.31488 -0.812382 2.07221 -1.11086 0.606549 0.0662777 -1.38233 -1.96054 -1.13132 -0.4772 
1.11811 -1.84288 -1.76468 1.49266 -1.3169 -0.803456 2.09917 -1.11086 0.606549 0.0662777 -1.38233 -1.96054 -1.13132 -0.4772 
1.11898 -1.84123 -1.76482 1.49276 -1.31701 -0.800344 2.10363 -1.11086 0.606549 0.0662777 -1.38233 -1.96054 -1.13132 -0.4772 
1.1231 -1.84138 -1.76547 1.49654 -1.32138 -0.793707 2.10608 -1.11086 0.606549 0.0662777 -1.38233 -1.96054 -1.13132 -0.4772 
1.12899 -1.84198 -1.76444 1.50288 -1.32032 -0.793554 2.10443 -1.11086 0.606549 0.0662777 -1.38233 -1.96054 -1.13132 -0.4772 
1.13607 -1.8388 -1.76119 1.50929 -1.31852 -0.790347 2.09754 -1.11086 0.606549 0.0662777 -1.38233 -1.96054 -1.13132 -0.4772 
1.13971 -1.83894 -1.76087 1.51418 -1.31963 -0.788193 2.09657 -1.11086 0.606549 0.0662777 -1.38233 -1.96054 -1.13132 -0.4772 
1.14203 -1.83979 -1.76127 1.5179 -1.32098 -0.787095 2.09648 -1.11086 0.606549 0.0662777 -1.38233 -1.96054 -1.13132 -0.4772 
1.14403 -1.83976 -1.76047 1.52005 -1.31996 -0.787501 2.09534 -1.11086 0.606549 0.0662777 -1.38233 -1.96054 -1.13132 -0.4772 
1.14571 -1.83966 -1.75963 1.52157 -1.31865 -0.788396 2.09395 -1.11086 0.606549 0.0662777 -1.38233 -1.96054 -1.13132 -0.4772 
1.14715 -1.84027 -1.76023 1.52415 -1.32038 -0.786568 2.09518 -1.11086 0.606549 0.0662777 -1.38233 -1.96054 -1.13132 -0.4772 
1.14795 -1.8414 -1.76106 1.52584 -1.32182 -0.785869 2.09735 -1.11086 0.606549 0.0662777 -1.38233 -1.96054 -1.13132 -0.4772 
1.14883 -1.84069 -1.76103 1.52692 -1.32302 -0.783809 2.09646 -1.11086 0.606549 0.0662777 -1.38233 -1.96054 -1.13132 -0.4772 
1.15056 -1.84132 -1.76136 1.52942 -1.32461 -0.782354 2.09725 -1.11086 0.606549 0.0662777 -1.38233 -1.96054 -1.13132 -0.4772 
1.15368 -1.84172 -1.76098 1.53276 -1.32454 -0.78203 2.09626 -1.11086 0.606549 0.0662777 -1.38233 -1.96054 -1.13132 -0.4772 
1.15731 -1.84031 -1.75941 1.53612 -1.32367 -0.780468 2.09262 -1.11086 0.606549 0.0662777 -1.38233 -1.96054 -1.13132 -0.4772 
1.15869 -1.83985 -1.75862 1.53781 -1.32234 -0.781196 2.09038 -1.11086 0.606549 0.0662777 -1.38233 -1.96054 -1.13132 -0.4772 
1.15919 -1.84009 -1.75877 1.53925 -1.32343 -0.780377 2.0899 -1.11086 0.606549 0.0662777 -1.38233 -1.96054 -1.13132 -0.4772 
1.15957 -1.83923 -1.75803 1.53879 -1.32279 -0.779893 2.08909 -1.11086 0.606549 0.0662777 -1.38233 -1.96054 -1.13132 -0.4772 
1.15984 -1.83944 -1.75828 1.53888 -1.32266 -0.780362 2.08892 -1.11086 0.606549 0.0662777 -1.38233 -1.96054 -1.13132 -0.4772 
1.16011 -1.83879 -1.75747 1.53877 -1.32218 -0.779566 2.08866 -1.11086 0.606549 0.0662777 -1.38233 -1.96054 -1.13132 -0.4772 
1.15938 -1.84021 -1.75879 1.53921 -1.32353 -0.779923 2.09053 -1.11086 0.606549 0.0662777 -1.38233 -1.96054 -1.13132 -0.4772 
1.16024 -1.83893 -1.75762 1.53864 -1.32175 -0.780418 2.08828 -1.11086 0.606549 0.0662777 -1.38233 -1.96054 -1.13132 -0.4772 
1.15939 -1.8401 -1.75865 1.53875 -1.32264 -0.780729 2.09015 -1.11086 0.606549 0.0662777 -1.38233 -1.96054 -1.13132 -0.4772 
1.15915 -1.84095 -1.75948 1.53925 -1.32439 -0.779765 2.09226 -1.11086 0.606549 0.0662777 -1.38233 -1.96054 -1.13132 -0.4772 
1.15904 -1.84116 -1.75955 1.53958 -1.32448 -0.779582 2.0931 -1.11086 0.606549 0.0662777 -1.38233 -1.96054 -1.13132 -0.4772 
1.15874 -1.84129 -1.75967 1.53916 -1.32434 -0.780229 2.09251 -1.11086 0.606549 0.0662777 -1.38233 -1.96054 -1.13132 -0.4772 
1.15956 -1.83987 -1.75871 1.53896 -1.32342 -0.779785 2.0893 -1.11086 0.606549 0.0662777 -1.38233 -1.96054 -1.13132 -0.4772 
1.15959 -1.83946 -1.75895 1.5392 -1.3244 -0.778317 2.08918 -1.11086 0.606549 0.0662777 -1.38233 -1.96054 -1.13132 -0.4772 
1.16046 -1.83776 -1.75777 1.53876 -1.32332 -0.777799 2.08608 -1.11086 0.606549 0.0662777 -1.38233 -1.96054 -1.13132 -0.4772 
1.1606 -1.83736 -1.7577 1.53878 -1.3236 -0.777233 2.08573 -1.11086 0.606549 0.0662777 -1.38233 -1.96054 -1.13132 -0.4772 
1.16 -1.83877 -1.75866 1.53883 -1.32467 -0.777648 2.08733 -1.11086 0.606549 0.0662777 -1.38233 -1.96054 -1.13132 -0.4772 
1.15952 -1.83993 -1.75956 1.5389 -1.32553 -0.778263 2.08896 -1.11086 0.606549 0.0662777 -1.38233 -1.96054 -1.13132 -0.4772 
1.15954 -1.83987 -1.75969 1.53919 -1.32582 -0.777341 2.09025 -1.11086 0.606549 0.0662777 -1.38233 -1.96054 -1.13132 -0.4772 
1.15982 -1.83875 -1.75875 1.53885 -1.32465 -0.777426 2.08817 -1.11086 0.606549 0.0662777 -1.38233 -1.96054 -1.13132 -0.4772 
1.15952 -1.83936 -1.75947 1.53933 -1.32569 -0.77692 2.08951 -1.11086 0.606549 0.0662777 -1.38233 -1.96054 -1.13132 -0.4772 
1.15931 -1.83964 -1.75932 1.53882 -1.32508 -0.778366 2.08967 -1.11086 0.606549 0.0662777 -1.38233 -1.96054 -1.13132 -0.4772 
1.15896 -1.84046 -1.76005 1.53911 -1.32616 -0.778158 2.09126 -1.11086 0.606549 0.0662777 -1.38233 -1.96054 -1.13132 -0.4772 
1.15908 -1.83997 -1.75962 1.53906 -1.3257 -0.778168 2.0907 -1.11086 0.606549 0.0662777 -1.38233 -1.96054 -1.13132 -0.4772 
1.15876 -1.84138 -1.76101 1.5398 -1.32794 -0.777188 2.0936 -1.11086 0.606549 0.0662777 -1.38233 -1.96054 -1.13132 -0.4772 
1.15843 -1.84202 -1.76133 1.53976 -1.32761 -0.77797 2.09503 -1.11086 0.606549 0.0662777 -1.38233 -1.96054 -1.13132 -0.4772 
1.15841 -1.84224 -1.7607 1.53946 -1.32578 -0.779926 2.095 -1.11086 0.606549 0.0662777 -1.38233 -1.96054 -1.13132 -0.4772 
1.15868 -1.84129 -1.75986 1.53936 -1.32465 -0.78012 2.09296 -1.11086 0.606549 0.0662777 -1.38233 -1.96054 -1.13132 -0.4772 
1.15911 -1.8404 -1.75891 1.53907 -1.32301 -0.78027 2.09155 -1.11086 0.606549 0.0662777 -1.38233 -1.96054 -1.13132 -0.4772 
1.15994 -1.83906 -1.75805 1.53898 -1.32216 -0.779416 2.08931 -1.11086 0.606549 0.0662777 -1.38233 -1.96054 -1.13132 -0.4772 
1.16029 -1.83844 -1.75789 1.5392 -1.32248 -0.778323 2.0886 -1.11086 0.606549 0.0662777 -1.38233 -1.96054 -1.13132 -0.4772 
1.16012 -1.83813 -1.75738 1.53874 -1.32129 -0.779329 2.0878 -1.11086 0.606549 0.0662777 -1.38233 -1.96054 -1.13132 -0.4772 
1.16068 -1.83749 -1.75728 1.53901 -1.32195 -0.77801 2.08732 -1.11086 0.606549 0.0662777 -1.38233 -1.96054 -1.13132 -0.4772 
1.16022 -1.83789 -1.75758 1.53905 -1.32247 -0.777858 2.08851 -1.11086 0.606549 0.0662777 -1.38233 -1.96054 -1.13132 -0.4772 
1.16043 -1.83803 -1.75769 1.53899 -1.32217 -0.778612 2.08753 -1.11086 0.606549 0.0662777 -1.38233 -1.96054 -1.13132 -0.4772 
1.1606 -1.83735 -1.75744 1.53922 -1.32296 -0.776782 2.08798 -1.11086 0.606549 0.0662777 -1.38233 -1.96054 -1.13132 -0.4772 
1.16068 -1.83715 -1.75686 1.53843 -1.32151 -0.777952 2.08647 -1.11086 0.606549 0.0662777 -1.38233 -1.96054 -1.13132 -0.4772 
1.16052 -1.83701 -1.75696 1.53837 -1.32102 -0.778367 2.08624 -1.11086 0.606549 0.0662777 -1.38233 -1.96054 -1.13132 -0.4772 
1.16014 -1.83857 -1.75815 1.53901 -1.32343 -0.77739 2.08877 -1.11086 0.606549 0.0662777 -1.38233 -1.96054 -1.13132 -0.4772 
1.15991 -1.83898 -1.75854 1.53904 -1.32397 -0.777406 2.08958 -1.11086 0.606549 0.0662777 -1.38233 -1.96054 -1.13132 -0.4772 
1.15981 -1.83899 -1.75927 1.53944 -1.32504 -0.776886 2.09012 -1.11086 0.606549 0.0662777 -1.38233 -1.96054 -1.13132 -0.4772 
1.16014 -1.83844 -1.75879 1.53955 -1.32495 -0.776266 2.0894 -1.11086 0.606549 0.0662777 -1.38233 -1.96054 -1.13132 -0.4772 
1.15961 -1.83927 -1.75926 1.53919 -1.32446 -0.777783 2.09039 -1.11086 0.606549 0.0662777 -1.38233 -1.96054 -1.13132 -0.4772 
1.15965 -1.84359 -1.76089 1.5434 -1.32681 -0.777043 2.10178 -1.11086 0.606549 0.0662777 -1.38233 -1.96054 -1.13132 -0.4772 
1.15904 -1.85311 -1.76322 1.55092 -1.32808 -0.778778 2.12541 -1.11086 0.606549 0.0662777 -1.38233 -1.96054 -1.13132 -0.4772 
1.15781 -1.86337 -1.76587 1.55838 -1.32939 -0.780868 2.15153 -1.11086 0.606549 0.0662777 -1.38233 -1.96054 -1.13132 -0.4772 
1.15382 -1.87753 -1.77084 1.56562 -1.33162 -0.786243 2.18569 -1.11086 0.606549 0.0662777 -1.38233 -1.96054 -1.13132 -0.4772 
1.15034 -1.89016 -1.77375 1.57206 -1.33067 -0.791985 2.21904 -1.11086 0.606549 0.0662777 -1.38233 -1.96054 -1.13132 -0.4772 
1.14479 -1.90446 -1.77673 1.5778 -1.32741 -0.800859 2.25799 -1.11086 0.606549 0.0662777 -1.38233 -1.96054 -1.13132 -0.4772 
1.13855 -1.91838 -1.78055 1.58301 -1.32569 -0.807936 2.29808 -1.11086 0.606549 0.0662777 -1.38233 -1.96054 -1.13132 -0.4772 
1.13121 -1.93208 -1.78295 1.58597 -1.31947 -0.81853 2.33929 -1.11086 0.606549 0.0662777 -1.38233 -1.96054 -1.13132 -0.4772 
1.12318 -1.94641 -1.78566 1.58877 -1.31374 -0.828118 2.3848 -1.11086 0.606549 0.0662777 -1.38233 -1.96054 -1.13132 -0.4772 
1.11508 -1.95884 -1.78748 1.58974 -1.30601 -0.838757 2.42552 -1.11086 0.606549 0.0662777 -1.38233 -1.96054 -1.13132 -0.4772 
1.10744 -1.96699 -1.78388 1.59041 -1.30604 -0.855115 2.46947 -1.11086 0.606549 0.0662777 -1.38233 -1.96054 -1.13132 -0.4772 
1.10237 -1.96699 -1.77244 1.59043 -1.31172 -0.875987 2.51055 -1.11086 0.606549 0.0662777 -1.38233 -1.96054 -1.13132 -0.4772 
1.09418 -1.96699 -1.7598 1.58835 -1.31984 -0.904808 2.5542 -1.11086 0.606549 0.0662777 -1.38233 -1.96054 -1.13132 -0.4772 
1.08725 -1.96699 -1.75326 1.58275 -1.31818 -0.920494 2.57904 -1.11086 0.606549 0.0662777 -1.38233 -1.96054 -1.13132 -0.4772 
1.08246 -1.96699 -1.75084 1.57827 -1.31714 -0.926153 2.59391 -1.11086 0.606549 0.0662777 -1.38233 -1.96054 -1.13132 -0.4772 
1.07617 -1.96699 -1.74843 1.57188 -1.31701 -0.938831 2.60345 -1.11086 0.606549 0.0662777 -1.38233 -1.96054 -1.13132 -0.4772 
1.07285 -1.96699 -1.74741 1.56813 -1.31762 -0.943971 2.60474 -1.11086 0.606549 0.0662777 -1.38233 -1.96054 -1.13132 -0.4772 
1.0724 -1.96699 -1.74772 1.56732 -1.32145 -0.943726 2.60022 -1.11086 0.606549 0.0662777 -1.38233 -1.96054 -1.13132 -0.4772 
1.07423 -1.96586 -1.74792 1.56769 -1.32634 -0.941027 2.58703 -1.11086 0.606549 0.0662777 -1.38233 -1.96054 -1.13132 -0.4772 
1.07569 -1.96593 -1.74953 1.56825 -1.33411 -0.940937 2.56788 -1.11086 0.606549 0.0662777 -1.38233 -1.96054 -1.13132 -0.4772 
1.08121 -1.96318 -1.74958 1.57089 -1.3431 -0.935818 2.53719 -1.11086 0.606549 0.0662777 -1.38233 -1.96054 -1.13132 -0.4772 
1.08678 -1.9606 -1.74954 1.57228 -1.35002 -0.934598 2.50122 -1.11086 0.606549 0.0662777 -1.38233 -1.96054 -1.13132 -0.4772 
1.09327 -1.9574 -1.74929 1.57332 -1.3566 -0.934551 2.45679 -1.11086 0.606549 0.0662777 -1.38233 -1.96054 -1.13132 -0.4772 
1.10011 -1.95435 -1.74941 1.57451 -1.36409 -0.933975 2.41049 -1.11086 0.606549 0.0662777 -1.38233 -1.96054 -1.13132 -0.4772 
1.11505 -1.94299 -1.74568 1.57483 -1.37335 -0.926014 2.33078 -1.11086 0.606549 0.0662777 -1.38233 -1.96054 -1.13132 -0.4772 
1.11578 -1.94121 -1.74456 1.57319 -1.37163 -0.927115 2.32156 -1.11086 0.606549 0.0662777 -1.38233 -1.96054 -1.13132 -0.4772 
1.12101 -1.93935 -1.74483 1.57186 -1.37657 -0.9308 2.27427 -1.11086 0.606549 0.0662777 -1.38233 -1.96054 -1.13132 -0.4772 
1.12795 -1.93568 -1.74333 1.56965 -1.38009 -0.934054 2.21755 -1.11086 0.606549 0.0662777 -1.38233 -1.96054 -1.13132 -0.4772 
1.13501 -1.93101 -1.74068 1.56636 -1.38029 -0.93738 2.16494 -1.11086 0.606549 0.0662777 -1.38233 -1.96054 -1.13132 -0.4772 
1.14058 -1.9268 -1.73715 1.56098 -1.37657 -0.94488 2.11338 -1.11086 0.606549 0.0662777 -1.38233 -1.96054 -1.13132 -0.4772 
1.14593 -1.9221 -1.73395 1.55555 -1.3741 -0.9509 2.06297 -1.11086 0.606549 0.0662777 -1.38233 -1.96054 -1.13132 -0.4772 
1.15034 -1.91823 -1.7311 1.55041 -1.37175 -0.956177 2.01994 -1.11086 0.606549 0.0662777 -1.38233 -1.96054 -1.13132 -0.4772 
1.15103 -1.91195 -1.72566 1.53814 -1.36336 -0.96885 1.95717 -1.11086 0.606549 0.0662777 -1.38233 -1.96054 -1.13132 -0.4772 
1.15348 -1.90852 -1.72212 1.53201 -1.35825 -0.976205 1.92178 -1.11086 0.606549 0.0662777 -1.38233 -1.96054 -1.13132 -0.4772 
1.15642 -1.90557 -1.71936 1.52827 -1.35605 -0.979725 1.8929 -1.11086 0.606549 0.0662777 -1.38233 -1.96054 -1.13132 -0.4772 
1.15671 -1.90352 -1.71521 1.51999 -1.34487 -0.993357 1.86501 -1.11086 0.606549 0.0662777 -1.38233 -1.96054 -1.13132 -0.4772 
1.15792 -1.89974 -1.71088 1.51287 -1.33596 -1.00256 1.83862 -1.11086 0.606549 0.0662777 -1.38233 -1.96054 -1.13132 -0.4772 
1.15813 -1.90146 -1.71221 1.51165 -1.33976 -1.00469 1.82576 -1.11086 0.606549 0.0662777 -1.38233 -1.96054 -1.13132 -0.4772 
1.1599 -1.89901 -1.71046 1.5088 -1.3395 -1.00548 1.80729 -1.11086 0.606549 0.0662777 -1.38233 -1.96054 -1.13132 -0.4772 
1.16061 -1.89519 -1.70653 1.5016 -1.33173 -1.01326 1.78323 -1.11086 0.606549 0.0662777 -1.38233 -1.96054 -1.13132 -0.4772 
1.16104 -1.89373 -1.70534 1.49695 -1.33142 -1.01721 1.75997 -1.11086 0.606549 0.0662777 -1.38233 -1.96054 -1.13132 -0.4772 
1.16109 -1.89381 -1.70516 1.49314 -1.33347 -1.02056 1.73778 -1.11086 0.606549 0.0662777 -1.38233 -1.96054 -1.13132 -0.4772 
1.15823 -1.89662 -1.70607 1.48628 -1.33224 -1.03251 1.71445 -1.11086 0.606549 0.0662777 -1.38233 -1.96054 -1.13132 -0.4772 
1.15685 -1.89815 -1.70639 1.48207 -1.33299 -1.03886 1.69666 -1.11086 0.606549 0.0662777 -1.38233 -1.96054 -1.13132 -0.4772 
1.15565 -1.89976 -1.70674 1.47795 -1.33351 -1.04588 1.6766 -1.11086 0.606549 0.0662777 -1.38233 -1.96054 -1.13132 -0.4772 
1.15844 -1.90296 -1.70897 1.48136 -1.33751 -1.04626 1.67749 -1.11086 0.606549 0.0662777 -1.38233 -1.96054 -1.13132 -0.4772 
1.15866 -1.90245 -1.70836 1.47703 -1.33683 -1.05211 1.65486 -1.11086 0.606549 0.0662777 -1.38233 -1.96054 -1.13132 -0.4772 
1.15845 -1.90083 -1.70637 1.47158 -1.3328 -1.05981 1.63096 -1.11086 0.606549 0.0662777 -1.38233 -1.96054 -1.13132 -0.4772 
1.15874 -1.8998 -1.70539 1.46816 -1.3318 -1.06532 1.60802 -1.11086 0.606549 0.0662777 -1.38233 -1.96054 -1.13132 -0.4772 
1.15782 -1.89944 -1.70442 1.46373 -1.32783 -1.07398 1.58864 -1.11086 0.606549 0.0662777 -1.38233 -1.96054 -1.13132 -0.4772 
1.15874 -1.8982 -1.70312 1.46225 -1.32587 -1.07793 1.57223 -1.11086 0.606549 0.0662777 -1.38233 -1.96054 -1.13132 -0.4772 
1.15827 -1.89833 -1.70258 1.4602 -1.32287 -1.08442 1.56022 -1.11086 0.606549 0.0662777 -1.38233 -1.96054 -1.13132 -0.4772 
1.15953 -1.89422 -1.6984 1.45627 -1.31382 -1.09167 1.54305 -1.11086 0.606549 0.0662777 -1.38233 -1.96054 -1.13132 -0.4772 
1.1602 -1.89299 -1.69692 1.45581 -1.30964 -1.09592 1.53562 -1.11086 0.606549 0.0662777 -1.38233 -1.96054 -1.13132 -0.4772 
1.16035 -1.89284 -1.69649 1.45588 -1.30604 -1.10076 1.5319 -1.11086 0.606549 0.0662777 -1.38233 -1.96054 -1.13132 -0.4772 
1.16154 -1.89188 -1.69555 1.45692 -1.30312 -1.10324 1.52863 -1.11086 0.606549 0.0662777 -1.38233 -1.96054 -1.13132 -0.4772 
1.16338 -1.88829 -1.69218 1.45571 -1.29525 -1.10751 1.52139 -1.11086 0.606549 0.0662777 -1.38233 -1.96054 -1.13132 -0.4772 
1.16635 -1.88731 -1.69046 1.45922 -1.29353 -1.10679 1.51947 -1.11086 0.606549 0.0662777 -1.38233 -1.96054 -1.13132 -0.4772 
1.16988 -1.88429 -1.68634 1.46055 -1.28668 -1.10847 1.51505 -1.11086 0.606549 0.0662777 -1.38233 -1.96054 -1.13132 -0.4772 
1.17264 -1.8785 -1.67988 1.45758 -1.27302 -1.11501 1.50542 -1.11086 0.606549 0.0662777 -1.38233 -1.96054 -1.13132 -0.4772 
1.17503 -1.87396 -1.6748 1.45534 -1.26297 -1.11987 1.49688 -1.11086 0.606549 0.0662777 -1.38233 -1.96054 -1.13132 -0.4772 
1.1779 -1.86693 -1.66769 1.45121 -1.25029 -1.12542 1.48363 -1.11086 0.606549 0.0662777 -1.38233 -1.96054 -1.13132 -0.4772 
1.18008 -1.86036 -1.66112 1.446 -1.23708 -1.13264 1.4705 -1.11086 0.606549 0.0662777 -1.38233 -1.96054 -1.13132 -0.4772 
1.18249 -1.85219 -1.65294 1.44022 -1.22208 -1.13999 1.4551 -1.11086 0.606549 0.0662777 -1.38233 -1.96054 -1.13132 -0.4772 
1.18549 -1.84494 -1.64618 1.43635 -1.21061 -1.14445 1.44257 -1.11086 0.606549 0.0662777 -1.38233 -1.96054 -1.13132 -0.4772 
1.18801 -1.83687 -1.63888 1.43127 -1.19718 -1.15053 1.42965 -1.11086 0.606549 0.0662777 -1.38233 -1.96054 -1.13132 -0.4772 
1.18997 -1.83145 -1.63358 1.42827 -1.188 -1.15499 1.42005 -1.11086 0.606549 0.0662777 -1.38233 -1.96054 -1.13132 -0.4772 
1.1908 -1.82488 -1.62701 1.4212 -1.17409 -1.1653 1.40704 -1.11086 0.606549 0.0662777 -1.38233 -1.96054 -1.13132 -0.4772 
1.1914 -1.8202 -1.62227 1.4163 -1.16403 -1.17272 1.39782 -1.11086 0.606549 0.0662777 -1.38233 -1.96054 -1.13132 -0.4772 
1.19156 -1.81381 -1.61646 1.40923 -1.15111 -1.18248 1.38592 -1.11086 0.606549 0.0662777 -1.38233 -1.96054 -1.13132 -0.4772 
1.19217 -1.80801 -1.61188 1.40395 -1.14105 -1.18814 1.37929 -1.11086 0.606549 0.0662777 -1.38233 -1.96054 -1.13132 -0.4772 
1.19316 -1.80628 -1.61045 1.40422 -1.13919 -1.18714 1.37982 -1.11086 0.606549 0.0662777 -1.38233 -1.96054 -1.13132 -0.4772 
1.1948 -1.81086 -1.61355 1.41301 -1.14602 -1.17969 1.39247 -1.11086 0.606549 0.0662777 -1.38233 -1.96054 -1.13132 -0.4772 
1.19558 -1.81062 -1.61335 1.41457 -1.14728 -1.17729 1.393 -1.11086 0.606549 0.0662777 -1.38233 -1.96054 -1.13132 -0.4772 
1.19601 -1.80996 -1.61316 1.41507 -1.14768 -1.17588 1.39306 -1.11086 0.606549 0.0662777 -1.38233 -1.96054 -1.13132 -0.4772 
1.19568 -1.81073 -1.61359 1.41456 -1.14748 -1.17729 1.39325 -1.11086 0.606549 0.0662777 -1.38233 -1.96054 -1.13132 -0.4772 
1.19517 -1.81018 -1.61318 1.41332 -1.14618 -1.17874 1.39222 -1.11086 0.606549 0.0662777 -1.38233 -1.96054 -1.13132 -0.4772 
1.19621 -1.8084 -1.61235 1.41387 -1.14591 -1.17676 1.39058 -1.11086 0.606549 0.0662777 -1.38233 -1.96054 -1.13132 -0.4772 
1.19488 -1.80958 -1.61268 1.4118 -1.14378 -1.18149 1.39121 -1.11086 0.606549 0.0662777 -1.38233 -1.96054 -1.13132 -0.4772 
1.19504 -1.80866 -1.61214 1.41149 -1.14323 -1.18148 1.39013 -1.11086 0.606549 0.0662777 -1.38233 -1.96054 -1.13132 -0.4772 
1.19465 -1.80932 -1.61223 1.41142 -1.14294 -1.18225 1.39064 -1.11086 0.606549 0.0662777 -1.38233 -1.96054 -1.13132 -0.4772 
1.1955 -1.80822 -1.61174 1.41193 -1.14358 -1.18014 1.38999 -1.11086 0.606549 0.0662777 -1.38233 -1.96054 -1.13132 -0.4772 
1.1961 -1.80746 -1.61144 1.4123 -1.14417 -1.17848 1.38902 -1.11086 0.606549 0.0662777 -1.38233 -1.96054 -1.13132 -0.4772 
1.13752 -1.81323 -1.7379 1.47205 -1.30047 -0.820201 2.00347 -1.11086 0.606549 0.0662777 -1.38233 -1.96054 -1.13132 -0.4772 
1.1336 -1.81237 -1.73968 1.46929 -1.29762 -0.818825 2.02451 -1.11086 0.606549 0.0662777 -1.38233 -1.96054 -1.13132 -0.4772 
1.12935 -1.81498 -1.74508 1.46855 -1.29984 -0.815675 2.0503 -1.11086 0.606549 0.0662777 -1.38233 -1.96054 -1.13132 -0.4772 
1.13271 -1.81044 -1.74427 1.47021 -1.30221 -0.805705 2.05271 -1.11086 0.606549 0.0662777 -1.38233 -1.96054 -1.13132 -0.4772 
1.13649 -1.81202 -1.74673 1.47438 -1.30904 -0.798508 2.05688 -1.11086 0.606549 0.0662777 -1.38233 -1.96054 -1.13132 -0.4772 
1.14333 -1.81063 -1.74386 1.47967 -1.30522 -0.799501 2.0517 -1.11086 0.606549 0.0662777 -1.38233 -1.96054 -1.13132 -0.4772 
1.14902 -1.80952 -1.74208 1.48606 -1.30424 -0.7982 2.04764 -1.11086 0.606549 0.0662777 -1.38233 -1.96054 -1.13132 -0.4772 
1.15305 -1.80812 -1.74025 1.48991 -1.30216 -0.798709 2.04291 -1.11086 0.606549 0.0662777 -1.38233 -1.96054 -1.13132 -0.4772 
1.15505 -1.8095 -1.74096 1.49346 -1.30341 -0.798738 2.04346 -1.11086 0.606549 0.0662777 -1.38233 -1.96054 -1.13132 -0.4772 
1.15775 -1.80804 -1.73969 1.49563 -1.30262 -0.797567 2.04069 -1.11086 0.606549 0.0662777 -1.38233 -1.96054 -1.13132 -0.4772 
1.1605 -1.80634 -1.73843 1.49843 -1.30337 -0.793513 2.0394 -1.11086 0.606549 0.0662777 -1.38233 -1.96054 -1.13132 -0.4772 
1.16134 -1.80781 -1.73922 1.50008 -1.30379 -0.794431 2.04075 -1.11086 0.606549 0.0662777 -1.38233 -1.96054 -1.13132 -0.4772 
1.16186 -1.80786 -1.73852 1.50045 -1.30224 -0.796359 2.03901 -1.11086 0.606549 0.0662777 -1.38233 -1.96054 -1.13132 -0.4772 
1.16239 -1.80755 -1.73833 1.50099 -1.30174 -0.796672 2.03743 -1.11086 0.606549 0.0662777 -1.38233 -1.96054 -1.13132 -0.4772 
1.16437 -1.80767 -1.73836 1.50327 -1.30281 -0.795079 2.03685 -1.11086 0.606549 0.0662777 -1.38233 -1.96054 -1.13132 -0.4772 
1.169 -1.80546 -1.73612 1.50648 -1.30131 -0.793595 2.03223 -1.11086 0.606549 0.0662777 -1.38233 -1.96054 -1.13132 -0.4772 
1.17185 -1.80601 -1.73666 1.51085 -1.30357 -0.790847 2.03355 -1.11086 0.606549 0.0662777 -1.38233 -1.96054 -1.13132 -0.4772 
1.17358 -1.80549 -1.73596 1.51272 -1.30231 -0.791573 2.03106 -1.11086 0.606549 0.0662777 -1.38233 -1.96054 -1.13132 -0.4772 
1.17334 -1.80609 -1.73638 1.51349 -1.30303 -0.791332 2.03227 -1.11086 0.606549 0.0662777 -1.38233 -1.96054 -1.13132 -0.4772 
1.17335 -1.8069 -1.73753 1.51443 -1.30512 -0.789761 2.03458 -1.11086 0.606549 0.0662777 -1.38233 -1.96054 -1.13132 -0.4772 
1.17325 -1.80713 -1.73749 1.51424 -1.30504 -0.790019 2.03439 -1.11086 0.606549 0.0662777 -1.38233 -1.96054 -1.13132 -0.4772 
1.17302 -1.80769 -1.73784 1.51428 -1.30502 -0.790837 2.03493 -1.11086 0.606549 0.0662777 -1.38233 -1.96054 -1.13132 -0.4772 
1.1732 -1.80758 -1.73774 1.51445 -1.30559 -0.78998 2.03523 -1.11086 0.606549 0.0662777 -1.38233 -1.96054 -1.13132 -0.4772 
1.1731 -1.80789 -1.73791 1.51456 -1.30565 -0.790387 2.03511 -1.11086 0.606549 0.0662777 -1.38233 -1.96054 -1.13132 -0.4772 
1.17333 -1.80785 -1.73798 1.51492 -1.30642 -0.788919 2.03678 -1.11086 0.606549 0.0662777 -1.38233 -1.96054 -1.13132 -0.4772 
1.1741 -1.80584 -1.73641 1.51458 -1.30459 -0.788444 2.03394 -1.11086 0.606549 0.0662777 -1.38233 -1.96054 -1.13132 -0.4772 
1.17362 -1.8072 -1.73738 1.51494 -1.3058 -0.788766 2.0363 -1.11086 0.606549 0.0662777 -1.38233 -1.96054 -1.13132 -0.4772 
1.17312 -1.80797 -1.73796 1.51486 -1.30636 -0.789212 2.03706 -1.11086 0.606549 0.0662777 -1.38233 -1.96054 -1.13132 -0.4772 
1.17415 -1.80564 -1.73665 1.51492 -1.30557 -0.787338 2.0345 -1.11086 0.606549 0.0662777 -1.38233 -1.96054 -1.13132 -0.4772 
1.17435 -1.80447 -1.73611 1.51427 -1.30516 -0.787347 2.03135 -1.11086 0.606549 0.0662777 -1.38233 -1.96054 -1.13132 -0.4772 
1.17342 -1.80588 -1.73709 1.51381 -1.30556 -0.789013 2.03272 -1.11086 0.606549 0.0662777 -1.38233 -1.96054 -1.13132 -0.4772 
1.1733 -1.80644 -1.73766 1.51401 -1.30648 -0.788958 2.03285 -1.11086 0.606549 0.0662777 -1.38233 -1.96054 -1.13132 -0.4772 
1.17361 -1.80649 -1.73802 1.51483 -1.30805 -0.786727 2.03449 -1.11086 0.606549 0.0662777 -1.38233 -1.96054 -1.13132 -0.4772 
1.1735 -1.80658 -1.73809 1.51473 -1.30829 -0.786713 2.03381 -1.11086 0.606549 0.0662777 -1.38233 -1.96054 -1.13132 -0.4772 
1.17295 -1.80745 -1.73911 1.51499 -1.30926 -0.786845 2.03636 -1.11086 0.606549 0.0662777 -1.38233 -1.96054 -1.13132 -0.4772 
1.17346 -1.80686 -1.73895 1.51538 -1.30956 -0.785708 2.03586 -1.11086 0.606549 0.0662777 -1.38233 -1.96054 -1.13132 -0.4772 
1.17287 -1.80781 -1.73937 1.51514 -1.30971 -0.786691 2.03701 -1.11086 0.606549 0.0662777 -1.38233 -1.96054 -1.13132 -0.4772 
1.17295 -1.80802 -1.73958 1.51546 -1.31023 -0.786238 2.0373 -1.11086 0.606549 0.0662777 -1.38233 -1.96054 -1.13132 -0.4772 
1.17293 -1.80799 -1.73965 1.51542 -1.31035 -0.785804 2.03749 -1.11086 0.606549 0.0662777 -1.38233 -1.96054 -1.13132 -0.4772 
1.17296 -1.80804 -1.73939 1.5153 -1.3098 -0.786883 2.03726 -1.11086 0.606549 0.0662777 -1.38233 -1.96054 -1.13132 -0.4772 
1.1729 -1.80808 -1.73946 1.51539 -1.30972 -0.786399 2.03744 -1.11086 0.606549 0.0662777 -1.38233 -1.96054 -1.13132 -0.4772 
1.17303 -1.80807 -1.73927 1.51558 -1.30935 -0.787 2.03789 -1.11086 0.606549 0.0662777 -1.38233 -1.96054 -1.13132 -0.4772 
1.17305 -1.80819 -1.73893 1.5156 -1.30866 -0.787375 2.03853 -1.11086 0.606549 0.0662777 -1.38233 -1.96054 -1.13132 -0.4772 
1.1728 -1.80776 -1.73839 1.51475 -1.30715 -0.788969 2.03711 -1.11086 0.606549 0.0662777 -1.38233 -1.96054 -1.13132 -0.4772 
1.17253 -1.80884 -1.73872 1.51498 -1.30736 -0.789821 2.03797 -1.11086 0.606549 0.0662777 -1.38233 -1.96054 -1.13132 -0.4772 
1.17297 -1.80658 -1.73674 1.51333 -1.30341 -0.791931 2.03444 -1.11086 0.606549 0.0662777 -1.38233 -1.96054 -1.13132 -0.4772 
1.17259 -1.8073 -1.73712 1.51322 -1.30363 -0.792892 2.03467 -1.11086 0.606549 0.0662777 -1.38233 -1.96054 -1.13132 -0.4772 
1.1729 -1.80691 -1.73723 1.5138 -1.30492 -0.791044 2.03498 -1.11086 0.606549 0.0662777 -1.38233 -1.96054 -1.13132 -0.4772 
1.17321 -1.8066 -1.73746 1.51414 -1.30599 -0.789243 2.03551 -1.11086 0.606549 0.0662777 -1.38233 -1.96054 -1.13132 -0.4772 
1.17294 -1.80693 -1.73724 1.51398 -1.30521 -0.790117 2.03576 -1.11086 0.606549 0.0662777 -1.38233 -1.96054 -1.13132 -0.4772 
1.17276 -1.80781 -1.73834 1.51455 -1.30697 -0.789221 2.03759 -1.11086 0.606549 0.0662777 -1.38233 -1.96054 -1.13132 -0.4772 
1.17289 -1.80686 -1.73756 1.51375 -1.30551 -0.790149 2.03519 -1.11086 0.606549 0.0662777 -1.38233 -1.96054 -1.13132 -0.4772 
1.17301 -1.80632 -1.73724 1.51364 -1.30506 -0.790204 2.0338 -1.11086 0.606549 0.0662777 -1.38233 -1.96054 -1.13132 -0.4772 
1.17324 -1.80666 -1.73783 1.51456 -1.30649 -0.788414 2.03513 -1.11086 0.606549 0.0662777 -1.38233 -1.96054 -1.13132 -0.4772 
1.17348 -1.80654 -1.73796 1.51489 -1.30763 -0.786871 2.0356 -1.11086 0.606549 0.0662777 -1.38233 -1.96054 -1.13132 -0.4772 
1.17388 -1.80638 -1.73822 1.51547 -1.30874 -0.785291 2.03575 -1.11086 0.606549 0.0662777 -1.38233 -1.96054 -1.13132 -0.4772 
1.17401 -1.80578 -1.73781 1.51534 -1.30806 -0.785322 2.03482 -1.11086 0.606549 0.0662777 -1.38233 -1.96054 -1.13132 -0.4772 
1.17407 -1.80565 -1.73789 1.51555 -1.30819 -0.785004 2.03549 -1.11086 0.606549 0.0662777 -1.38233 -1.96054 -1.13132 -0.4772 
1.17403 -1.80562 -1.73784 1.51557 -1.30809 -0.785177 2.03523 -1.11086 0.606549 0.0662777 -1.38233 -1.96054 -1.13132 -0.4772 
1.17406 -1.81024 -1.73903 1.51918 -1.30857 -0.786113 2.04579 -1.11086 0.606549 0.0662777 -1.38233 -1.96054 -1.13132 -0.4772 
1.17327 -1.82081 -1.74271 1.52715 -1.31132 -0.787822 2.07042 -1.11086 0.606549 0.0662777 -1.38233 -1.96054 -1.13132 -0.4772 
1.17215 -1.8319 -1.74542 1.53493 -1.31123 -0.791716 2.09802 -1.11086 0.606549 0.0662777 -1.38233 -1.96054 -1.13132 -0.4772 
1.17018 -1.84408 -1.74953 1.54302 -1.31371 -0.793516 2.13006 -1.11086 0.606549 0.0662777 -1.38233 -1.96054 -1.13132 -0.4772 
1.16676 -1.85741 -1.75346 1.54997 -1.31393 -0.798793 2.16394 -1.11086 0.606549 0.0662777 -1.38233 -1.96054 -1.13132 -0.4772 
1.16177 -1.87271 -1.75856 1.55703 -1.31511 -0.803993 2.20479 -1.11086 0.606549 0.0662777 -1.38233 -1.96054 -1.13132 -0.4772 
1.15665 -1.88655 -1.76105 1.56209 -1.31037 -0.81272 2.24437 -1.11086 0.606549 0.0662777 -1.38233 -1.96054 -1.13132 -0.4772 
1.14911 -1.90217 -1.76449 1.56597 -1.30478 -0.823792 2.28913 -1.11086 0.606549 0.0662777 -1.38233 -1.96054 -1.13132 -0.4772 
1.14167 -1.91698 -1.76777 1.56949 -1.29985 -0.832638 2.33487 -1.11086 0.606549 0.0662777 -1.38233 -1.96054 -1.13132 -0.4772 
1.13388 -1.92999 -1.76958 1.57049 -1.2916 -0.843659 2.37611 -1.11086 0.606549 0.0662777 -1.38233 -1.96054 -1.13132 -0.4772 
1.12648 -1.94203 -1.77076 1.57131 -1.28347 -0.853748 2.41467 -1.11086 0.606549 0.0662777 -1.38233 -1.96054 -1.13132 -0.4772 
1.11749 -1.95572 -1.77364 1.57142 -1.27642 -0.865317 2.45466 -1.11086 0.606549 0.0662777 -1.38233 -1.96054 -1.13132 -0.4772 
1.10841 -1.96699 -1.77374 1.57059 -1.27141 -0.879795 2.49495 -1.11086 0.606549 0.0662777 -1.38233 -1.96054 -1.13132 -0.4772 
1.10193 -1.96699 -1.76703 1.56618 -1.27406 -0.895829 2.52277 -1.11086 0.606549 0.0662777 -1.38233 -1.96054 -1.13132 -0.4772 
1.09629 -1.96699 -1.76402 1.56233 -1.278 -0.903617 2.54295 -1.11086 0.606549 0.0662777 -1.38233 -1.96054 -1.13132 -0.4772 
1.09136 -1.96699 -1.7616 1.55622 -1.27483 -0.913096 2.54976 -1.11086 0.606549 0.0662777 -1.38233 -1.96054 -1.13132 -0.4772 
1.08829 -1.96699 -1.76047 1.55245 -1.27545 -0.918204 2.5525 -1.11086 0.606549 0.0662777 -1.38233 -1.96054 -1.13132 -0.4772 
1.08936 -1.96607 -1.76012 1.55243 -1.27839 -0.914644 2.54534 -1.11086 0.606549 0.0662777 -1.38233 -1.96054 -1.13132 -0.4772 
1.08886 -1.96639 -1.76133 1.55132 -1.28341 -0.916671 2.53241 -1.11086 0.606549 0.0662777 -1.38233 -1.96054 -1.13132 -0.4772 
1.09086 -1.96544 -1.76227 1.55196 -1.29154 -0.915072 2.51183 -1.11086 0.606549 0.0662777 -1.38233 -1.96054 -1.13132 -0.4772 
1.09455 -1.9641 -1.76372 1.55371 -1.30151 -0.912934 2.48432 -1.11086 0.606549 0.0662777 -1.38233 -1.96054 -1.13132 -0.4772 
1.10002 -1.96131 -1.76389 1.55564 -1.31044 -0.910366 2.44936 -1.11086 0.606549 0.0662777 -1.38233 -1.96054 -1.13132 -0.4772 
1.1072 -1.95684 -1.76251 1.55664 -1.31733 -0.909255 2.40478 -1.11086 0.606549 0.0662777 -1.38233 -1.96054 -1.13132 -0.4772 
1.11542 -1.95228 -1.76208 1.55892 -1.328 -0.905167 2.35644 -1.11086 0.606549 0.0662777 -1.38233 -1.96054 -1.13132 -0.4772 
1.12117 -1.95617 -1.77285 1.564 -1.36293 -0.895984 2.29732 -1.11086 0.606549 0.0662777 -1.38233 -1.96054 -1.13132 -0.4772 
1.12138 -1.95552 -1.77237 1.56319 -1.3628 -0.896277 2.29214 -1.11086 0.606549 0.0662777 -1.38233 -1.96054 -1.13132 -0.4772 
1.1275 -1.95213 -1.77103 1.56083 -1.36626 -0.899982 2.24087 -1.11086 0.606549 0.0662777 -1.38233 -1.96054 -1.13132 -0.4772 
1.13388 -1.94881 -1.76989 1.55839 -1.37017 -0.903497 2.18696 -1.11086 0.606549 0.0662777 -1.38233 -1.96054 -1.13132 -0.4772 
1.14035 -1.9447 -1.76797 1.55506 -1.37227 -0.906806 2.13436 -1.11086 0.606549 0.0662777 -1.38233 -1.96054 -1.13132 -0.4772 
1.1461 -1.94007 -1.76422 1.54932 -1.36905 -0.913951 2.08139 -1.11086 0.606549 0.0662777 -1.38233 -1.96054 -1.13132 -0.4772 
1.1507 -1.93567 -1.7608 1.54323 -1.36574 -0.921325 2.03288 -1.11086 0.606549 0.0662777 -1.38233 -1.96054 -1.13132 -0.4772 
1.15425 -1.93248 -1.7583 1.53758 -1.36386 -0.928108 1.98908 -1.11086 0.606549 0.0662777 -1.38233 -1.96054 -1.13132 -0.4772 
1.1565 -1.92361 -1.75037 1.52473 -1.35309 -0.940202 1.92242 -1.11086 0.606549 0.0662777 -1.38233 -1.96054 -1.13132 -0.4772 
1.15896 -1.91943 -1.74614 1.51771 -1.34768 -0.948395 1.88188 -1.11086 0.606549 0.0662777 -1.38233 -1.96054 -1.13132 -0.4772 
1.16117 -1.91559 -1.74199 1.51098 -1.34117 -0.956668 1.84808 -1.11086 0.606549 0.0662777 -1.38233 -1.96054 -1.13132 -0.4772 
1.16374 -1.91151 -1.73679 1.50535 -1.33249 -0.963836 1.82269 -1.11086 0.606549 0.0662777 -1.38233 -1.96054 -1.13132 -0.4772 
1.16315 -1.9111 -1.73496 1.49851 -1.32642 -0.974971 1.80153 -1.11086 0.606549 0.0662777 -1.38233 -1.96054 -1.13132 -0.4772 
1.16206 -1.9114 -1.73364 1.49231 -1.3214 -0.986257 1.78155 -1.11086 0.606549 0.0662777 -1.38233 -1.96054 -1.13132 -0.4772 
1.16411 -1.90744 -1.73059 1.48832 -1.31824 -0.987725 1.76352 -1.11086 0.606549 0.0662777 -1.38233 -1.96054 -1.13132 -0.4772 
1.16375 -1.90469 -1.72745 1.48061 -1.31118 -0.997319 1.74035 -1.11086 0.606549 0.0662777 -1.38233 -1.96054 -1.13132 -0.4772 
1.16371 -1.90471 -1.72727 1.47664 -1.31351 -1.00114 1.71808 -1.11086 0.606549 0.0662777 -1.38233 -1.96054 -1.13132 -0.4772 
1.16473 -1.90308 -1.72592 1.47304 -1.31473 -1.00271 1.6968 -1.11086 0.606549 0.0662777 -1.38233 -1.96054 -1.13132 -0.4772 
1.16296 -1.90772 -1.72984 1.47215 -1.32365 -1.00504 1.6835 -1.11086 0.606549 0.0662777 -1.38233 -1.96054 -1.13132 -0.4772 
1.16142 -1.9084 -1.72894 1.46588 -1.32121 -1.0146 1.66104 -1.11086 0.606549 0.0662777 -1.38233 -1.96054 -1.13132 -0.4772 
1.16049 -1.90929 -1.72883 1.46155 -1.32178 -1.02094 1.63925 -1.11086 0.606549 0.0662777 -1.38233 -1.96054 -1.13132 -0.4772 
1.16319 -1.9118 -1.7303 1.46419 -1.32364 -1.02217 1.63996 -1.11086 0.606549 0.0662777 -1.38233 -1.96054 -1.13132 -0.4772 
1.16266 -1.91241 -1.73011 1.45999 -1.32409 -1.02849 1.61835 -1.11086 0.606549 0.0662777 -1.38233 -1.96054 -1.13132 -0.4772 
1.16297 -1.9107 -1.72834 1.45485 -1.32167 -1.03541 1.59133 -1.11086 0.606549 0.0662777 -1.38233 -1.96054 -1.13132 -0.4772 
1.16247 -1.91057 -1.72805 1.45109 -1.32097 -1.042 1.57039 -1.11086 0.606549 0.0662777 -1.38233 -1.96054 -1.13132 -0.4772 
1.16244 -1.91035 -1.7275 1.44892 -1.3201 -1.04735 1.5539 -1.11086 0.606549 0.0662777 -1.38233 -1.96054 -1.13132 -0.4772 
1.16261 -1.9088 -1.72567 1.44541 -1.31576 -1.05457 1.53612 -1.11086 0.606549 0.0662777 -1.38233 -1.96054 -1.13132 -0.4772 
1.1629 -1.90698 -1.72349 1.4426 -1.31055 -1.06123 1.52117 -1.11086 0.606549 0.0662777 -1.38233 -1.96054 -1.13132 -0.4772 
1.16423 -1.9052 -1.72163 1.44191 -1.30729 -1.06456 1.5099 -1.11086 0.606549 0.0662777 -1.38233 -1.96054 -1.13132 -0.4772 
1.16422 -1.90485 -1.72092 1.44143 -1.30382 -1.0698 1.50334 -1.11086 0.606549 0.0662777 -1.38233 -1.96054 -1.13132 -0.4772 
1.16482 -1.90248 -1.71851 1.43944 -1.29661 -1.07642 1.49474 -1.11086 0.606549 0.0662777 -1.38233 -1.96054 -1.13132 -0.4772 
1.16616 -1.90107 -1.71706 1.44026 -1.29276 -1.07966 1.49026 -1.11086 0.606549 0.0662777 -1.38233 -1.96054 -1.13132 -0.4772 
1.16848 -1.90089 -1.71689 1.4443 -1.29419 -1.07714 1.49034 -1.11086 0.606549 0.0662777 -1.38233 -1.96054 -1.13132 -0.4772 
1.17051 -1.90044 -1.7159 1.44686 -1.2917 -1.07846 1.48973 -1.11086 0.606549 0.0662777 -1.38233 -1.96054 -1.13132 -0.4772 
1.17379 -1.89499 -1.7092 1.44465 -1.27832 -1.08505 1.47965 -1.11086 0.606549 0.0662777 -1.38233 -1.96054 -1.13132 -0.4772 
1.17723 -1.88861 -1.70219 1.4421 -1.26534 -1.09025 1.46894 -1.11086 0.606549 0.0662777 -1.38233 -1.96054 -1.13132 -0.4772 
1.18 -1.88217 -1.69498 1.43797 -1.25102 -1.09784 1.45614 -1.11086 0.606549 0.0662777 -1.38233 -1.96054 -1.13132 -0.4772 
1.18174 -1.87607 -1.68828 1.43211 -1.23722 -1.10674 1.44213 -1.11086 0.606549 0.0662777 -1.38233 -1.96054 -1.13132 -0.4772 
1.18419 -1.86974 -1.68187 1.42784 -1.22572 -1.11281 1.42924 -1.11086 0.606549 0.0662777 -1.38233 -1.96054 -1.13132 -0.4772 
1.18606 -1.8649 -1.67642 1.42441 -1.2161 -1.11841 1.41871 -1.11086 0.606549 0.0662777 -1.38233 -1.96054 -1.13132 -0.4772 
1.18812 -1.85894 -1.67055 1.42019 -1.20518 -1.12479 1.4071 -1.11086 0.606549 0.0662777 -1.38233 -1.96054 -1.13132 -0.4772 
1.19057 -1.8526 -1.66431 1.41654 -1.19435 -1.13019 1.39602 -1.11086 0.606549 0.0662777 -1.38233 -1.96054 -1.13132 -0.4772 
1.19216 -1.84544 -1.65721 1.41035 -1.18038 -1.13915 1.38284 -1.11086 0.606549 0.0662777 -1.38233 -1.96054 -1.13132 -0.4772 
1.19375 -1.83967 -1.65141 1.40583 -1.16918 -1.14581 1.37307 -1.11086 0.606549 0.0662777 -1.38233 -1.96054 -1.13132 -0.4772 
1.19407 -1.83238 -1.64436 1.39752 -1.15403 -1.15739 1.35944 -1.11086 0.606549 0.0662777 -1.38233 -1.96054 -1.13132 -0.4772 
