1.11334 -1.84796 -1.68369 1.3695 1.95851 1.14189 -1.1438 -1.10445 0.606566 0.0563976 -1.38176 -1.95559 -1.13502 -0.478432 
1.10385 -1.83937 -1.6865 1.35229 1.95531 1.14 -1.15849 -1.10449 0.606326 0.0564552 -1.38233 -1.95543 -1.13485 -0.478794 
1.10191 -1.8407 -1.68699 1.34905 1.95712 1.14487 -1.15808 -1.10449 0.606326 0.0564552 -1.38233 -1.95543 -1.13485 -0.478794 
1.10091 -1.83943 -1.68561 1.3441 1.96296 1.15328 -1.16354 -1.10449 0.606326 0.0564552 -1.38233 -1.95543 -1.13485 -0.478794 
1.10154 -1.83815 -1.68515 1.34418 1.96401 1.15345 -1.16488 -1.10449 0.606326 0.0564552 -1.38233 -1.95543 -1.13485 -0.478794 
1.10186 -1.83827 -1.68542 1.34492 1.96362 1.15327 -1.16526 -1.10449 0.606326 0.0564552 -1.38233 -1.95543 -1.13485 -0.478794 
1.10558 -1.83575 -1.6838 1.3469 1.96245 1.14827 -1.16886 -1.10449 0.606326 0.0564552 -1.38233 -1.95543 -1.13485 -0.478794 
1.10768 -1.83512 -1.68218 1.3454 1.96399 1.15048 -1.17544 -1.10449 0.606326 0.0564552 -1.38233 -1.95543 -1.13485 -0.478794 
1.1088 -1.83575 -1.6818 1.34561 1.96472 1.15221 -1.17671 -1.10449 0.606326 0.0564552 -1.38233 -1.95543 -1.13485 -0.478794 
1.11201 -1.83557 -1.67983 1.34752 1.96731 1.15343 -1.17808 -1.10449 0.606326 0.0564552 -1.38233 -1.95543 -1.13485 -0.478794 
1.11535 -1.83531 -1.67814 1.35018 1.9694 1.15504 -1.18064 -1.10449 0.606326 0.0564552 -1.38233 -1.95543 -1.13485 -0.478794 
1.11868 -1.83508 -1.6773 1.3542 1.96935 1.15375 -1.18212 -1.10449 0.606326 0.0564552 -1.38233 -1.95543 -1.13485 -0.478794 
1.12199 -1.83534 -1.67676 1.35945 1.96763 1.15004 -1.18127 -1.10449 0.606326 0.0564552 -1.38233 -1.95543 -1.13485 -0.478794 
1.12434 -1.83467 -1.67521 1.36159 1.96944 1.15034 -1.18317 -1.10449 0.606326 0.0564552 -1.38233 -1.95543 -1.13485 -0.478794 
1.12498 -1.83579 -1.67496 1.36215 1.97057 1.1536 -1.1843 -1.10449 0.606326 0.0564552 -1.38233 -1.95543 -1.13485 -0.478794 
1.12593 -1.83786 -1.67573 1.36444 1.96883 1.15338 -1.1828 -1.10449 0.606326 0.0564552 -1.38233 -1.95543 -1.13485 -0.478794 
1.12662 -1.83923 -1.67681 1.36677 1.96702 1.15241 -1.18123 -1.10449 0.606326 0.0564552 -1.38233 -1.95543 -1.13485 -0.478794 
1.12742 -1.83892 -1.67614 1.36737 1.96808 1.15343 -1.1825 -1.10449 0.606326 0.0564552 -1.38233 -1.95543 -1.13485 -0.478794 
1.12909 -1.8389 -1.67592 1.36979 1.96713 1.15102 -1.18201 -1.10449 0.606326 0.0564552 -1.38233 -1.95543 -1.13485 -0.478794 
1.12959 -1.83926 -1.67483 1.36922 1.96945 1.15399 -1.18416 -1.10449 0.606326 0.0564552 -1.38233 -1.95543 -1.13485 -0.478794 
1.13028 -1.83909 -1.67448 1.36997 1.96962 1.15352 -1.18405 -1.10449 0.606326 0.0564552 -1.38233 -1.95543 -1.13485 -0.478794 
1.1308 -1.83866 -1.67378 1.36934 1.97154 1.15578 -1.1863 -1.10449 0.606326 0.0564552 -1.38233 -1.95543 -1.13485 -0.478794 
1.13198 -1.83813 -1.67339 1.37069 1.97116 1.15398 -1.18639 -1.10449 0.606326 0.0564552 -1.38233 -1.95543 -1.13485 -0.478794 
1.13312 -1.83813 -1.67359 1.37301 1.96917 1.15075 -1.18528 -1.10449 0.606326 0.0564552 -1.38233 -1.95543 -1.13485 -0.478794 
1.13363 -1.83911 -1.67365 1.3743 1.96886 1.15075 -1.18478 -1.10449 0.606326 0.0564552 -1.38233 -1.95543 -1.13485 -0.478794 
1.13483 -1.83788 -1.67292 1.37497 1.96931 1.14947 -1.18562 -1.10449 0.606326 0.0564552 -1.38233 -1.95543 -1.13485 -0.478794 
1.13363 -1.8392 -1.67336 1.37319 1.97076 1.15393 -1.18636 -1.10449 0.606326 0.0564552 -1.38233 -1.95543 -1.13485 -0.478794 
1.13435 -1.8392 -1.6725 1.37343 1.97202 1.15479 -1.18727 -1.10449 0.606326 0.0564552 -1.38233 -1.95543 -1.13485 -0.478794 
1.1363 -1.83847 -1.67195 1.37538 1.972 1.15308 -1.18834 -1.10449 0.606326 0.0564552 -1.38233 -1.95543 -1.13485 -0.478794 
1.13781 -1.83892 -1.67167 1.37705 1.97175 1.15316 -1.18939 -1.10449 0.606326 0.0564552 -1.38233 -1.95543 -1.13485 -0.478794 
1.14014 -1.83797 -1.67103 1.37948 1.97135 1.15104 -1.19074 -1.10449 0.606326 0.0564552 -1.38233 -1.95543 -1.13485 -0.478794 
1.14188 -1.83796 -1.67006 1.38127 1.97187 1.15103 -1.19188 -1.10449 0.606326 0.0564552 -1.38233 -1.95543 -1.13485 -0.478794 
1.14237 -1.84069 -1.6716 1.38469 1.96936 1.15058 -1.18785 -1.10449 0.606326 0.0564552 -1.38233 -1.95543 -1.13485 -0.478794 
1.14248 -1.84018 -1.67062 1.38318 1.97275 1.15426 -1.18933 -1.10449 0.606326 0.0564552 -1.38233 -1.95543 -1.13485 -0.478794 
1.14439 -1.83886 -1.6692 1.38484 1.9736 1.15252 -1.19054 -1.10449 0.606326 0.0564552 -1.38233 -1.95543 -1.13485 -0.478794 
1.1443 -1.83905 -1.66918 1.38471 1.97384 1.15336 -1.19127 -1.10449 0.606326 0.0564552 -1.38233 -1.95543 -1.13485 -0.478794 
1.14448 -1.839 -1.66905 1.3849 1.97416 1.15329 -1.19054 -1.10449 0.606326 0.0564552 -1.38233 -1.95543 -1.13485 -0.478794 
1.14347 -1.84079 -1.67002 1.38435 1.97368 1.15526 -1.19031 -1.10449 0.606326 0.0564552 -1.38233 -1.95543 -1.13485 -0.478794 
1.14352 -1.841 -1.67011 1.38425 1.9735 1.15545 -1.19026 -1.10449 0.606326 0.0564552 -1.38233 -1.95543 -1.13485 -0.478794 
1.14244 -1.84247 -1.67093 1.38358 1.97324 1.15725 -1.18919 -1.10449 0.606326 0.0564552 -1.38233 -1.95543 -1.13485 -0.478794 
1.14328 -1.84132 -1.67036 1.38452 1.97313 1.15543 -1.18956 -1.10449 0.606326 0.0564552 -1.38233 -1.95543 -1.13485 -0.478794 
1.14292 -1.84141 -1.67038 1.38382 1.97368 1.1565 -1.1898 -1.10449 0.606326 0.0564552 -1.38233 -1.95543 -1.13485 -0.478794 
1.14401 -1.84143 -1.67115 1.38688 1.97024 1.15143 -1.18732 -1.10449 0.606326 0.0564552 -1.38233 -1.95543 -1.13485 -0.478794 
1.14432 -1.83985 -1.66964 1.38552 1.97288 1.15278 -1.18978 -1.10449 0.606326 0.0564552 -1.38233 -1.95543 -1.13485 -0.478794 
1.14404 -1.84019 -1.66955 1.38492 1.97328 1.15377 -1.18975 -1.10449 0.606326 0.0564552 -1.38233 -1.95543 -1.13485 -0.478794 
1.14427 -1.83999 -1.66932 1.38509 1.97358 1.15365 -1.18994 -1.10449 0.606326 0.0564552 -1.38233 -1.95543 -1.13485 -0.478794 
1.14345 -1.84104 -1.67017 1.38426 1.97336 1.1552 -1.18939 -1.10449 0.606326 0.0564552 -1.38233 -1.95543 -1.13485 -0.478794 
1.14322 -1.84177 -1.67069 1.38489 1.97253 1.15516 -1.18858 -1.10449 0.606326 0.0564552 -1.38233 -1.95543 -1.13485 -0.478794 
1.14329 -1.84144 -1.6706 1.38469 1.97252 1.15494 -1.18909 -1.10449 0.606326 0.0564552 -1.38233 -1.95543 -1.13485 -0.478794 
1.14323 -1.8418 -1.6708 1.38481 1.97233 1.15485 -1.18845 -1.10449 0.606326 0.0564552 -1.38233 -1.95543 -1.13485 -0.478794 
1.14347 -1.84143 -1.6704 1.38506 1.97222 1.15433 -1.18872 -1.10449 0.606326 0.0564552 -1.38233 -1.95543 -1.13485 -0.478794 
1.14292 -1.84162 -1.67035 1.3839 1.9733 1.15618 -1.18907 -1.10449 0.606326 0.0564552 -1.38233 -1.95543 -1.13485 -0.478794 
1.14288 -1.84243 -1.67128 1.38485 1.97179 1.15528 -1.18723 -1.10449 0.606326 0.0564552 -1.38233 -1.95543 -1.13485 -0.478794 
1.14359 -1.84193 -1.67082 1.38594 1.97093 1.15325 -1.18743 -1.10449 0.606326 0.0564552 -1.38233 -1.95543 -1.13485 -0.478794 
1.14332 -1.84146 -1.67055 1.38525 1.9717 1.15393 -1.18827 -1.10449 0.606326 0.0564552 -1.38233 -1.95543 -1.13485 -0.478794 
1.14411 -1.84069 -1.67019 1.38603 1.9712 1.15206 -1.18864 -1.10449 0.606326 0.0564552 -1.38233 -1.95543 -1.13485 -0.478794 
1.14427 -1.84064 -1.6701 1.38575 1.97142 1.15238 -1.18954 -1.10449 0.606326 0.0564552 -1.38233 -1.95543 -1.13485 -0.478794 
1.14436 -1.84048 -1.67046 1.3863 1.97043 1.15124 -1.18933 -1.10449 0.606326 0.0564552 -1.38233 -1.95543 -1.13485 -0.478794 
1.14396 -1.8403 -1.6701 1.38504 1.97175 1.15269 -1.1908 -1.10449 0.606326 0.0564552 -1.38233 -1.95543 -1.13485 -0.478794 
1.14489 -1.83967 -1.66977 1.38599 1.97119 1.15083 -1.19172 -1.10449 0.606326 0.0564552 -1.38233 -1.95543 -1.13485 -0.478794 
1.14415 -1.84029 -1.67003 1.38526 1.97155 1.15239 -1.19189 -1.10449 0.606326 0.0564552 -1.38233 -1.95543 -1.13485 -0.478794 
1.14437 -1.84045 -1.67061 1.38614 1.97014 1.15102 -1.1907 -1.10449 0.606326 0.0564552 -1.38233 -1.95543 -1.13485 -0.478794 
1.14379 -1.84061 -1.67035 1.38514 1.97118 1.15272 -1.19187 -1.10449 0.606326 0.0564552 -1.38233 -1.95543 -1.13485 -0.478794 
1.14534 -1.83928 -1.67003 1.38694 1.97006 1.14901 -1.19182 -1.10449 0.606326 0.0564552 -1.38233 -1.95543 -1.13485 -0.478794 
1.14585 -1.83837 -1.66938 1.38701 1.97075 1.14821 -1.19217 -1.10449 0.606326 0.0564552 -1.38233 -1.95543 -1.13485 -0.478794 
1.14543 -1.8394 -1.67033 1.38733 1.96948 1.14814 -1.19128 -1.10449 0.606326 0.0564552 -1.38233 -1.95543 -1.13485 -0.478794 
1.14488 -1.83975 -1.67024 1.38653 1.97006 1.14949 -1.19132 -1.10449 0.606326 0.0564552 -1.38233 -1.95543 -1.13485 -0.478794 
1.14503 -1.8398 -1.6704 1.3867 1.96997 1.14939 -1.19129 -1.10449 0.606326 0.0564552 -1.38233 -1.95543 -1.13485 -0.478794 
1.14389 -1.84095 -1.67086 1.38595 1.97013 1.15153 -1.19076 -1.10449 0.606326 0.0564552 -1.38233 -1.95543 -1.13485 -0.478794 
1.14422 -1.84038 -1.67071 1.38621 1.96989 1.15071 -1.19131 -1.10449 0.606326 0.0564552 -1.38233 -1.95543 -1.13485 -0.478794 
1.14329 -1.84063 -1.67014 1.38383 1.97274 1.15488 -1.19234 -1.10449 0.606326 0.0564552 -1.38233 -1.95543 -1.13485 -0.478794 
1.14344 -1.84062 -1.67032 1.38433 1.97223 1.15415 -1.19226 -1.10449 0.606326 0.0564552 -1.38233 -1.95543 -1.13485 -0.478794 
1.14392 -1.84019 -1.66996 1.38458 1.9722 1.1534 -1.19271 -1.10449 0.606326 0.0564552 -1.38233 -1.95543 -1.13485 -0.478794 
1.14387 -1.8406 -1.67031 1.38514 1.9716 1.15303 -1.19177 -1.10449 0.606326 0.0564552 -1.38233 -1.95543 -1.13485 -0.478794 
1.14489 -1.83952 -1.67001 1.38603 1.97087 1.15055 -1.19227 -1.10449 0.606326 0.0564552 -1.38233 -1.95543 -1.13485 -0.478794 
1.14452 -1.84044 -1.67078 1.38614 1.97004 1.1505 -1.19106 -1.10449 0.606326 0.0564552 -1.38233 -1.95543 -1.13485 -0.478794 
1.14499 -1.83948 -1.66998 1.38618 1.97069 1.15009 -1.19227 -1.10449 0.606326 0.0564552 -1.38233 -1.95543 -1.13485 -0.478794 
1.14451 -1.83946 -1.66985 1.38529 1.97156 1.15123 -1.19301 -1.10449 0.606326 0.0564552 -1.38233 -1.95543 -1.13485 -0.478794 
1.14486 -1.83933 -1.66935 1.38534 1.97209 1.15155 -1.19309 -1.10449 0.606326 0.0564552 -1.38233 -1.95543 -1.13485 -0.478794 
1.14381 -1.84109 -1.67102 1.38548 1.97046 1.15215 -1.19149 -1.10449 0.606326 0.0564552 -1.38233 -1.95543 -1.13485 -0.478794 
1.14383 -1.84068 -1.67105 1.38529 1.97074 1.15229 -1.19159 -1.10449 0.606326 0.0564552 -1.38233 -1.95543 -1.13485 -0.478794 
1.14335 -1.84161 -1.67114 1.38515 1.97108 1.15342 -1.1902 -1.10449 0.606326 0.0564552 -1.38233 -1.95543 -1.13485 -0.478794 
1.14525 -1.83956 -1.6704 1.38738 1.97027 1.14872 -1.18974 -1.10449 0.606326 0.0564552 -1.38233 -1.95543 -1.13485 -0.478794 
1.14501 -1.84014 -1.67019 1.38704 1.971 1.14979 -1.18935 -1.10449 0.606326 0.0564552 -1.38233 -1.95543 -1.13485 -0.478794 
1.14469 -1.83971 -1.66994 1.38601 1.97231 1.15141 -1.18977 -1.10449 0.606326 0.0564552 -1.38233 -1.95543 -1.13485 -0.478794 
1.14357 -1.84074 -1.67021 1.38434 1.97342 1.15501 -1.19013 -1.10449 0.606326 0.0564552 -1.38233 -1.95543 -1.13485 -0.478794 
1.14381 -1.84093 -1.6707 1.38558 1.9718 1.15321 -1.18912 -1.10449 0.606326 0.0564552 -1.38233 -1.95543 -1.13485 -0.478794 
1.14345 -1.84139 -1.67048 1.38519 1.9723 1.15403 -1.1888 -1.10449 0.606326 0.0564552 -1.38233 -1.95543 -1.13485 -0.478794 
1.1443 -1.84043 -1.67019 1.38607 1.97193 1.15203 -1.1889 -1.10449 0.606326 0.0564552 -1.38233 -1.95543 -1.13485 -0.478794 
1.14327 -1.84115 -1.67034 1.38446 1.97312 1.15496 -1.18955 -1.10449 0.606326 0.0564552 -1.38233 -1.95543 -1.13485 -0.478794 
1.14331 -1.84143 -1.67056 1.38514 1.97214 1.15374 -1.18866 -1.10449 0.606326 0.0564552 -1.38233 -1.95543 -1.13485 -0.478794 
1.14347 -1.84108 -1.67042 1.38522 1.97241 1.15351 -1.18855 -1.10449 0.606326 0.0564552 -1.38233 -1.95543 -1.13485 -0.478794 
1.14323 -1.84148 -1.6705 1.38491 1.97261 1.15439 -1.18883 -1.10449 0.606326 0.0564552 -1.38233 -1.95543 -1.13485 -0.478794 
1.14445 -1.84017 -1.67 1.38601 1.97221 1.1517 -1.18911 -1.10449 0.606326 0.0564552 -1.38233 -1.95543 -1.13485 -0.478794 
1.1443 -1.84054 -1.67026 1.38585 1.97232 1.15226 -1.18853 -1.10449 0.606326 0.0564552 -1.38233 -1.95543 -1.13485 -0.478794 
1.14482 -1.84048 -1.67072 1.38758 1.97031 1.14965 -1.18735 -1.10449 0.606326 0.0564552 -1.38233 -1.95543 -1.13485 -0.478794 
1.14328 -1.84225 -1.67162 1.38651 1.97035 1.15262 -1.18694 -1.10449 0.606326 0.0564552 -1.38233 -1.95543 -1.13485 -0.478794 
1.14314 -1.8417 -1.67093 1.38513 1.97213 1.15404 -1.18821 -1.10449 0.606326 0.0564552 -1.38233 -1.95543 -1.13485 -0.478794 
1.14326 -1.84189 -1.67109 1.38536 1.97174 1.15398 -1.1881 -1.10449 0.606326 0.0564552 -1.38233 -1.95543 -1.13485 -0.478794 
1.14389 -1.83964 -1.66922 1.3842 1.97461 1.15446 -1.19044 -1.10449 0.606326 0.0564552 -1.38233 -1.95543 -1.13485 -0.478794 
1.14392 -1.84034 -1.66999 1.38559 1.97272 1.15293 -1.1893 -1.10449 0.606326 0.0564552 -1.38233 -1.95543 -1.13485 -0.478794 
1.14418 -1.83992 -1.66988 1.38576 1.97246 1.15215 -1.19005 -1.10449 0.606326 0.0564552 -1.38233 -1.95543 -1.13485 -0.478794 
1.1436 -1.8416 -1.67112 1.38614 1.97087 1.15251 -1.18865 -1.10449 0.606326 0.0564552 -1.38233 -1.95543 -1.13485 -0.478794 
1.14369 -1.84091 -1.67054 1.38537 1.97198 1.15317 -1.18954 -1.10449 0.606326 0.0564552 -1.38233 -1.95543 -1.13485 -0.478794 
1.14391 -1.84079 -1.67053 1.38573 1.97155 1.15257 -1.18985 -1.10449 0.606326 0.0564552 -1.38233 -1.95543 -1.13485 -0.478794 
1.14398 -1.84075 -1.67042 1.38591 1.9715 1.1523 -1.189 -1.10449 0.606326 0.0564552 -1.38233 -1.95543 -1.13485 -0.478794 
1.14376 -1.84103 -1.67082 1.38585 1.97098 1.15251 -1.18972 -1.10449 0.606326 0.0564552 -1.38233 -1.95543 -1.13485 -0.478794 
1.14506 -1.83894 -1.66936 1.38614 1.97226 1.15046 -1.19064 -1.10449 0.606326 0.0564552 -1.38233 -1.95543 -1.13485 -0.478794 
1.14475 -1.84022 -1.6704 1.38731 1.97016 1.14924 -1.18853 -1.10449 0.606326 0.0564552 -1.38233 -1.95543 -1.13485 -0.478794 
1.1451 -1.83912 -1.66951 1.38636 1.97165 1.15026 -1.19042 -1.10449 0.606326 0.0564552 -1.38233 -1.95543 -1.13485 -0.478794 
1.14492 -1.83863 -1.66872 1.38513 1.9737 1.15218 -1.19188 -1.10449 0.606326 0.0564552 -1.38233 -1.95543 -1.13485 -0.478794 
1.1452 -1.83856 -1.66905 1.38591 1.97277 1.15106 -1.19143 -1.10449 0.606326 0.0564552 -1.38233 -1.95543 -1.13485 -0.478794 
1.1442 -1.8399 -1.66992 1.38541 1.97193 1.15251 -1.19126 -1.10449 0.606326 0.0564552 -1.38233 -1.95543 -1.13485 -0.478794 
1.14474 -1.8402 -1.6707 1.38727 1.96988 1.14981 -1.18904 -1.10449 0.606326 0.0564552 -1.38233 -1.95543 -1.13485 -0.478794 
1.14535 -1.8384 -1.6692 1.38629 1.97208 1.15039 -1.19115 -1.10449 0.606326 0.0564552 -1.38233 -1.95543 -1.13485 -0.478794 
1.14411 -1.83999 -1.67002 1.38565 1.97185 1.15251 -1.1901 -1.10449 0.606326 0.0564552 -1.38233 -1.95543 -1.13485 -0.478794 
1.14404 -1.8408 -1.67096 1.38689 1.97002 1.15104 -1.18818 -1.10449 0.606326 0.0564552 -1.38233 -1.95543 -1.13485 -0.478794 
1.1429 -1.84169 -1.67132 1.38558 1.97064 1.15351 -1.1879 -1.10449 0.606326 0.0564552 -1.38233 -1.95543 -1.13485 -0.478794 
1.14364 -1.84423 -1.67134 1.38881 1.97098 1.15315 -1.18045 -1.10449 0.606326 0.0564552 -1.38233 -1.95543 -1.13485 -0.478794 
1.14317 -1.8478 -1.67158 1.39075 1.97278 1.15581 -1.17167 -1.10449 0.606326 0.0564552 -1.38233 -1.95543 -1.13485 -0.478794 
1.14276 -1.85176 -1.67203 1.39313 1.97406 1.15789 -1.16205 -1.10449 0.606326 0.0564552 -1.38233 -1.95543 -1.13485 -0.478794 
1.14267 -1.85703 -1.67385 1.39839 1.97182 1.15631 -1.14864 -1.10449 0.606326 0.0564552 -1.38233 -1.95543 -1.13485 -0.478794 
1.14257 -1.86029 -1.67386 1.40103 1.97328 1.15694 -1.13871 -1.10449 0.606326 0.0564552 -1.38233 -1.95543 -1.13485 -0.478794 
1.14111 -1.86621 -1.6762 1.40484 1.97205 1.15775 -1.12434 -1.10449 0.606326 0.0564552 -1.38233 -1.95543 -1.13485 -0.478794 
1.14013 -1.87082 -1.67714 1.40757 1.97336 1.15942 -1.11105 -1.10449 0.606326 0.0564552 -1.38233 -1.95543 -1.13485 -0.478794 
1.13793 -1.87706 -1.67935 1.40993 1.97359 1.16217 -1.09576 -1.10449 0.606326 0.0564552 -1.38233 -1.95543 -1.13485 -0.478794 
1.13581 -1.88246 -1.68086 1.41185 1.9748 1.16482 -1.08095 -1.10449 0.606326 0.0564552 -1.38233 -1.95543 -1.13485 -0.478794 
1.13174 -1.88987 -1.68407 1.41309 1.97576 1.16976 -1.06181 -1.10449 0.606326 0.0564552 -1.38233 -1.95543 -1.13485 -0.478794 
1.12921 -1.8949 -1.68512 1.41396 1.97845 1.17348 -1.04642 -1.10449 0.606326 0.0564552 -1.38233 -1.95543 -1.13485 -0.478794 
1.12528 -1.9013 -1.68743 1.41409 1.98104 1.17938 -1.02942 -1.10449 0.606326 0.0564552 -1.38233 -1.95543 -1.13485 -0.478794 
1.12279 -1.90563 -1.68813 1.41506 1.98454 1.18184 -1.01233 -1.10449 0.606326 0.0564552 -1.38233 -1.95543 -1.13485 -0.478794 
1.11747 -1.91209 -1.69001 1.4129 1.99008 1.19042 -0.992299 -1.10449 0.606326 0.0564552 -1.38233 -1.95543 -1.13485 -0.478794 
1.11288 -1.91858 -1.69239 1.41276 1.99267 1.19551 -0.973292 -1.10449 0.606326 0.0564552 -1.38233 -1.95543 -1.13485 -0.478794 
1.10834 -1.925 -1.69509 1.41282 1.99464 1.19981 -0.953275 -1.10449 0.606326 0.0564552 -1.38233 -1.95543 -1.13485 -0.478794 
1.10378 -1.93076 -1.69706 1.41213 1.99851 1.20444 -0.932381 -1.10449 0.606326 0.0564552 -1.38233 -1.95543 -1.13485 -0.478794 
1.09894 -1.93612 -1.69864 1.41055 2.0028 1.20978 -0.913678 -1.10449 0.606326 0.0564552 -1.38233 -1.95543 -1.13485 -0.478794 
1.09278 -1.94418 -1.70328 1.41105 2.00287 1.21319 -0.889094 -1.10449 0.606326 0.0564552 -1.38233 -1.95543 -1.13485 -0.478794 
1.08862 -1.94832 -1.70376 1.40873 2.00843 1.21834 -0.871934 -1.10449 0.606326 0.0564552 -1.38233 -1.95543 -1.13485 -0.478794 
1.08349 -1.95364 -1.70581 1.40683 2.01235 1.22326 -0.852917 -1.10449 0.606326 0.0564552 -1.38233 -1.95543 -1.13485 -0.478794 
1.07836 -1.95944 -1.70819 1.40545 2.01535 1.22776 -0.832916 -1.10449 0.606326 0.0564552 -1.38233 -1.95543 -1.13485 -0.478794 
1.07365 -1.96501 -1.71065 1.40517 2.01696 1.23043 -0.81377 -1.10449 0.606326 0.0564552 -1.38233 -1.95543 -1.13485 -0.478794 
1.06794 -1.96699 -1.7092 1.39995 2.02125 1.24157 -0.797828 -1.10449 0.606326 0.0564552 -1.38233 -1.95543 -1.13485 -0.478794 
1.06215 -1.96699 -1.70428 1.39732 2.01453 1.25479 -0.774703 -1.10449 0.606326 0.0564552 -1.38233 -1.95543 -1.13485 -0.478794 
1.0566 -1.96699 -1.7017 1.39223 2.01425 1.26494 -0.760452 -1.10449 0.606326 0.0564552 -1.38233 -1.95543 -1.13485 -0.478794 
1.05342 -1.96699 -1.70076 1.39059 2.0112 1.26651 -0.749101 -1.10449 0.606326 0.0564552 -1.38233 -1.95543 -1.13485 -0.478794 
1.04983 -1.96699 -1.70066 1.38631 2.01319 1.26972 -0.741079 -1.10449 0.606326 0.0564552 -1.38233 -1.95543 -1.13485 -0.478794 
1.04625 -1.96699 -1.70035 1.3835 2.01128 1.27298 -0.73316 -1.10449 0.606326 0.0564552 -1.38233 -1.95543 -1.13485 -0.478794 
1.04242 -1.96699 -1.70031 1.37924 2.01218 1.27743 -0.727063 -1.10449 0.606326 0.0564552 -1.38233 -1.95543 -1.13485 -0.478794 
1.04004 -1.96699 -1.70037 1.37779 2.00936 1.2788 -0.722974 -1.10449 0.606326 0.0564552 -1.38233 -1.95543 -1.13485 -0.478794 
1.03756 -1.96699 -1.70055 1.37573 2.00744 1.28035 -0.720634 -1.10449 0.606326 0.0564552 -1.38233 -1.95543 -1.13485 -0.478794 
1.03517 -1.96699 -1.70074 1.37324 2.00601 1.28333 -0.720823 -1.10449 0.606326 0.0564552 -1.38233 -1.95543 -1.13485 -0.478794 
1.03526 -1.96515 -1.69881 1.36983 2.00955 1.28564 -0.727496 -1.10449 0.606326 0.0564552 -1.38233 -1.95543 -1.13485 -0.478794 
1.0354 -1.96404 -1.69814 1.36787 2.01011 1.28749 -0.734133 -1.10449 0.606326 0.0564552 -1.38233 -1.95543 -1.13485 -0.478794 
1.03554 -1.96364 -1.69813 1.36719 2.00859 1.28816 -0.741064 -1.10449 0.606326 0.0564552 -1.38233 -1.95543 -1.13485 -0.478794 
1.03676 -1.96388 -1.69869 1.36955 2.00375 1.28487 -0.747029 -1.10449 0.606326 0.0564552 -1.38233 -1.95543 -1.13485 -0.478794 
1.03637 -1.96378 -1.69932 1.36836 2.00102 1.28701 -0.757332 -1.10449 0.606326 0.0564552 -1.38233 -1.95543 -1.13485 -0.478794 
1.03885 -1.96282 -1.69871 1.36995 1.99666 1.28515 -0.771223 -1.10449 0.606326 0.0564552 -1.38233 -1.95543 -1.13485 -0.478794 
1.04136 -1.96236 -1.69881 1.37262 1.99112 1.28221 -0.783974 -1.10449 0.606326 0.0564552 -1.38233 -1.95543 -1.13485 -0.478794 
1.04338 -1.96235 -1.69955 1.37485 1.98452 1.28083 -0.799708 -1.10449 0.606326 0.0564552 -1.38233 -1.95543 -1.13485 -0.478794 
1.04616 -1.9606 -1.69804 1.37491 1.98202 1.28163 -0.818537 -1.10449 0.606326 0.0564552 -1.38233 -1.95543 -1.13485 -0.478794 
1.05076 -1.95835 -1.69627 1.37724 1.97777 1.27891 -0.838088 -1.10449 0.606326 0.0564552 -1.38233 -1.95543 -1.13485 -0.478794 
1.05519 -1.95658 -1.69494 1.38006 1.97229 1.27657 -0.859254 -1.10449 0.606326 0.0564552 -1.38233 -1.95543 -1.13485 -0.478794 
1.0586 -1.95465 -1.69366 1.38059 1.96839 1.27747 -0.882659 -1.10449 0.606326 0.0564552 -1.38233 -1.95543 -1.13485 -0.478794 
1.06231 -1.95267 -1.69218 1.38133 1.9643 1.27782 -0.906973 -1.10449 0.606326 0.0564552 -1.38233 -1.95543 -1.13485 -0.478794 
1.06528 -1.95184 -1.69205 1.38267 1.95856 1.27777 -0.929267 -1.10449 0.606326 0.0564552 -1.38233 -1.95543 -1.13485 -0.478794 
1.06991 -1.94847 -1.6892 1.38237 1.95628 1.27842 -0.956656 -1.10449 0.606326 0.0564552 -1.38233 -1.95543 -1.13485 -0.478794 
1.07252 -1.94741 -1.68863 1.38164 1.95267 1.28152 -0.981462 -1.10449 0.606326 0.0564552 -1.38233 -1.95543 -1.13485 -0.478794 
1.07881 -1.94333 -1.68486 1.3827 1.95012 1.27938 -1.00936 -1.10449 0.606326 0.0564552 -1.38233 -1.95543 -1.13485 -0.478794 
1.0808 -1.9415 -1.68361 1.37969 1.94825 1.28464 -1.03765 -1.10449 0.606326 0.0564552 -1.38233 -1.95543 -1.13485 -0.478794 
1.08339 -1.94048 -1.68333 1.37894 1.94338 1.28742 -1.0649 -1.10449 0.606326 0.0564552 -1.38233 -1.95543 -1.13485 -0.478794 
1.08675 -1.93713 -1.68052 1.37544 1.9437 1.29194 -1.09455 -1.10449 0.606326 0.0564552 -1.38233 -1.95543 -1.13485 -0.478794 
1.09108 -1.93413 -1.67798 1.37459 1.94096 1.29248 -1.12218 -1.10449 0.606326 0.0564552 -1.38233 -1.95543 -1.13485 -0.478794 
1.0947 -1.93162 -1.67619 1.37348 1.9381 1.29363 -1.14887 -1.10449 0.606326 0.0564552 -1.38233 -1.95543 -1.13485 -0.478794 
1.09676 -1.92927 -1.67438 1.36982 1.93794 1.29837 -1.17444 -1.10449 0.606326 0.0564552 -1.38233 -1.95543 -1.13485 -0.478794 
1.09756 -1.92859 -1.67426 1.36663 1.93561 1.30328 -1.19815 -1.10449 0.606326 0.0564552 -1.38233 -1.95543 -1.13485 -0.478794 
1.09985 -1.9262 -1.67246 1.36373 1.93459 1.30635 -1.22233 -1.10449 0.606326 0.0564552 -1.38233 -1.95543 -1.13485 -0.478794 
1.10263 -1.92432 -1.67114 1.36245 1.93192 1.30714 -1.24464 -1.10449 0.606326 0.0564552 -1.38233 -1.95543 -1.13485 -0.478794 
1.10384 -1.92278 -1.67005 1.35926 1.93109 1.31074 -1.26492 -1.10449 0.606326 0.0564552 -1.38233 -1.95543 -1.13485 -0.478794 
1.10544 -1.92048 -1.66841 1.35565 1.93078 1.31411 -1.28653 -1.10449 0.606326 0.0564552 -1.38233 -1.95543 -1.13485 -0.478794 
1.10642 -1.9185 -1.66683 1.35158 1.93147 1.31852 -1.30696 -1.10449 0.606326 0.0564552 -1.38233 -1.95543 -1.13485 -0.478794 
1.10834 -1.9149 -1.66364 1.34661 1.9345 1.32259 -1.32822 -1.10449 0.606326 0.0564552 -1.38233 -1.95543 -1.13485 -0.478794 
1.10398 -1.91234 -1.66293 1.33593 1.9344 1.33272 -1.36248 -1.10449 0.606326 0.0564552 -1.38233 -1.95543 -1.13485 -0.478794 
1.10411 -1.91078 -1.66165 1.33163 1.93573 1.33713 -1.37839 -1.10449 0.606326 0.0564552 -1.38233 -1.95543 -1.13485 -0.478794 
1.10601 -1.90885 -1.65986 1.33018 1.93538 1.33738 -1.39229 -1.10449 0.606326 0.0564552 -1.38233 -1.95543 -1.13485 -0.478794 
1.10802 -1.90746 -1.65848 1.32968 1.93381 1.33648 -1.4055 -1.10449 0.606326 0.0564552 -1.38233 -1.95543 -1.13485 -0.478794 
1.10295 -1.90775 -1.65929 1.31828 1.93983 1.35225 -1.41938 -1.10449 0.606326 0.0564552 -1.38233 -1.95543 -1.13485 -0.478794 
1.10775 -1.89836 -1.65016 1.31185 1.95059 1.35384 -1.44243 -1.10449 0.606326 0.0564552 -1.38233 -1.95543 -1.13485 -0.478794 
1.10734 -1.90024 -1.65201 1.31228 1.94646 1.35443 -1.44762 -1.10449 0.606326 0.0564552 -1.38233 -1.95543 -1.13485 -0.478794 
1.1069 -1.90023 -1.65191 1.30933 1.94636 1.3579 -1.4571 -1.10449 0.606326 0.0564552 -1.38233 -1.95543 -1.13485 -0.478794 
1.10317 -1.90397 -1.65552 1.30584 1.94361 1.36538 -1.46197 -1.10449 0.606326 0.0564552 -1.38233 -1.95543 -1.13485 -0.478794 
1.10275 -1.90289 -1.65461 1.30271 1.94516 1.36867 -1.47012 -1.10449 0.606326 0.0564552 -1.38233 -1.95543 -1.13485 -0.478794 
1.10356 -1.90279 -1.65458 1.30232 1.94286 1.36815 -1.47757 -1.10449 0.606326 0.0564552 -1.38233 -1.95543 -1.13485 -0.478794 
1.10336 -1.9029 -1.65493 1.30076 1.94079 1.36943 -1.48701 -1.10449 0.606326 0.0564552 -1.38233 -1.95543 -1.13485 -0.478794 
1.10177 -1.90182 -1.65454 1.29487 1.9426 1.37566 -1.49981 -1.10449 0.606326 0.0564552 -1.38233 -1.95543 -1.13485 -0.478794 
1.10003 -1.90437 -1.65729 1.29436 1.93818 1.37736 -1.50336 -1.10449 0.606326 0.0564552 -1.38233 -1.95543 -1.13485 -0.478794 
1.0991 -1.90454 -1.65776 1.29175 1.93696 1.37991 -1.5117 -1.10449 0.606326 0.0564552 -1.38233 -1.95543 -1.13485 -0.478794 
1.09925 -1.90372 -1.65712 1.28948 1.93612 1.3811 -1.52246 -1.10449 0.606326 0.0564552 -1.38233 -1.95543 -1.13485 -0.478794 
1.10054 -1.90552 -1.65868 1.29347 1.92843 1.37568 -1.52726 -1.10449 0.606326 0.0564552 -1.38233 -1.95543 -1.13485 -0.478794 
1.09595 -1.90443 -1.65836 1.28175 1.93404 1.38943 -1.5444 -1.10449 0.606326 0.0564552 -1.38233 -1.95543 -1.13485 -0.478794 
1.09602 -1.90208 -1.65656 1.2772 1.93551 1.39214 -1.55937 -1.10449 0.606326 0.0564552 -1.38233 -1.95543 -1.13485 -0.478794 
1.09244 -1.90183 -1.65663 1.26854 1.93871 1.40254 -1.57349 -1.10449 0.606326 0.0564552 -1.38233 -1.95543 -1.13485 -0.478794 
1.09475 -1.90205 -1.65658 1.27134 1.93275 1.39717 -1.58248 -1.10449 0.606326 0.0564552 -1.38233 -1.95543 -1.13485 -0.478794 
1.09363 -1.90265 -1.65732 1.26918 1.93023 1.39944 -1.59274 -1.10449 0.606326 0.0564552 -1.38233 -1.95543 -1.13485 -0.478794 
1.09237 -1.90149 -1.65639 1.264 1.93223 1.40457 -1.60528 -1.10449 0.606326 0.0564552 -1.38233 -1.95543 -1.13485 -0.478794 
1.09068 -1.90229 -1.65732 1.26061 1.93077 1.40903 -1.61641 -1.10449 0.606326 0.0564552 -1.38233 -1.95543 -1.13485 -0.478794 
1.08916 -1.90084 -1.65619 1.25403 1.93304 1.41547 -1.63226 -1.10449 0.606326 0.0564552 -1.38233 -1.95543 -1.13485 -0.478794 
1.09343 -1.90388 -1.65767 1.2613 1.93094 1.41127 -1.61725 -1.10449 0.606326 0.0564552 -1.38233 -1.95543 -1.13485 -0.478794 
1.09383 -1.90464 -1.6584 1.26187 1.92734 1.41062 -1.62466 -1.10449 0.606326 0.0564552 -1.38233 -1.95543 -1.13485 -0.478794 
1.0945 -1.90284 -1.65692 1.25912 1.92761 1.41226 -1.63899 -1.10449 0.606326 0.0564552 -1.38233 -1.95543 -1.13485 -0.478794 
1.09377 -1.9011 -1.65564 1.25426 1.92978 1.41709 -1.65315 -1.10449 0.606326 0.0564552 -1.38233 -1.95543 -1.13485 -0.478794 
1.09136 -1.90094 -1.65595 1.24832 1.93125 1.42471 -1.66595 -1.10449 0.606326 0.0564552 -1.38233 -1.95543 -1.13485 -0.478794 
1.09136 -1.90261 -1.65769 1.24947 1.92604 1.42445 -1.67481 -1.10449 0.606326 0.0564552 -1.38233 -1.95543 -1.13485 -0.478794 
1.09098 -1.89986 -1.65548 1.24378 1.9298 1.42996 -1.69053 -1.10449 0.606326 0.0564552 -1.38233 -1.95543 -1.13485 -0.478794 
1.08954 -1.90033 -1.65606 1.24107 1.92966 1.43472 -1.69896 -1.10449 0.606326 0.0564552 -1.38233 -1.95543 -1.13485 -0.478794 
1.08956 -1.90023 -1.65594 1.2404 1.92897 1.43633 -1.70613 -1.10449 0.606326 0.0564552 -1.38233 -1.95543 -1.13485 -0.478794 
1.08809 -1.89984 -1.65582 1.23628 1.9304 1.44226 -1.71771 -1.10449 0.606326 0.0564552 -1.38233 -1.95543 -1.13485 -0.478794 
1.08774 -1.89969 -1.65573 1.23454 1.93105 1.44548 -1.72478 -1.10449 0.606326 0.0564552 -1.38233 -1.95543 -1.13485 -0.478794 
1.08767 -1.89855 -1.65456 1.23222 1.93383 1.44934 -1.73175 -1.10449 0.606326 0.0564552 -1.38233 -1.95543 -1.13485 -0.478794 
1.08686 -1.89883 -1.65489 1.23074 1.93433 1.45312 -1.73759 -1.10449 0.606326 0.0564552 -1.38233 -1.95543 -1.13485 -0.478794 
1.08601 -1.89906 -1.65497 1.22883 1.93565 1.45742 -1.74194 -1.10449 0.606326 0.0564552 -1.38233 -1.95543 -1.13485 -0.478794 
1.0852 -1.89932 -1.65525 1.22739 1.93658 1.46129 -1.74612 -1.10449 0.606326 0.0564552 -1.38233 -1.95543 -1.13485 -0.478794 
1.08576 -1.90048 -1.65593 1.22985 1.93482 1.4614 -1.74685 -1.10449 0.606326 0.0564552 -1.38233 -1.95543 -1.13485 -0.478794 
1.08539 -1.9008 -1.65612 1.22991 1.93513 1.46353 -1.74968 -1.10449 0.606326 0.0564552 -1.38233 -1.95543 -1.13485 -0.478794 
1.08674 -1.8995 -1.65461 1.23031 1.9374 1.46455 -1.7523 -1.10449 0.606326 0.0564552 -1.38233 -1.95543 -1.13485 -0.478794 
1.0873 -1.89834 -1.65372 1.22912 1.94021 1.46767 -1.75585 -1.10449 0.606326 0.0564552 -1.38233 -1.95543 -1.13485 -0.478794 
1.0875 -1.89861 -1.65379 1.23009 1.94114 1.46912 -1.7556 -1.10449 0.606326 0.0564552 -1.38233 -1.95543 -1.13485 -0.478794 
1.08816 -1.89668 -1.6519 1.22836 1.94542 1.47209 -1.75822 -1.10449 0.606326 0.0564552 -1.38233 -1.95543 -1.13485 -0.478794 
1.08891 -1.89551 -1.65027 1.22761 1.94895 1.47469 -1.76144 -1.10449 0.606326 0.0564552 -1.38233 -1.95543 -1.13485 -0.478794 
1.0902 -1.89491 -1.64922 1.22882 1.9508 1.47506 -1.76178 -1.10449 0.606326 0.0564552 -1.38233 -1.95543 -1.13485 -0.478794 
1.09105 -1.89406 -1.64796 1.22863 1.95386 1.47678 -1.76278 -1.10449 0.606326 0.0564552 -1.38233 -1.95543 -1.13485 -0.478794 
1.09396 -1.89473 -1.6473 1.23435 1.95237 1.47277 -1.75979 -1.10449 0.606326 0.0564552 -1.38233 -1.95543 -1.13485 -0.478794 
1.09469 -1.89552 -1.64727 1.23617 1.95287 1.47318 -1.75733 -1.10449 0.606326 0.0564552 -1.38233 -1.95543 -1.13485 -0.478794 
1.096 -1.89395 -1.64494 1.23576 1.95756 1.47547 -1.75841 -1.10449 0.606326 0.0564552 -1.38233 -1.95543 -1.13485 -0.478794 
1.09541 -1.89307 -1.64342 1.23219 1.96361 1.48194 -1.75995 -1.10449 0.606326 0.0564552 -1.38233 -1.95543 -1.13485 -0.478794 
1.09546 -1.89025 -1.64049 1.22736 1.9722 1.48897 -1.76354 -1.10449 0.606326 0.0564552 -1.38233 -1.95543 -1.13485 -0.478794 
1.09588 -1.88871 -1.63839 1.22544 1.97682 1.49242 -1.76639 -1.10449 0.606326 0.0564552 -1.38233 -1.95543 -1.13485 -0.478794 
1.09625 -1.88694 -1.63621 1.22298 1.98209 1.49618 -1.76872 -1.10449 0.606326 0.0564552 -1.38233 -1.95543 -1.13485 -0.478794 
1.09703 -1.88451 -1.63358 1.22046 1.98771 1.49921 -1.77102 -1.10449 0.606326 0.0564552 -1.38233 -1.95543 -1.13485 -0.478794 
1.0988 -1.88076 -1.62978 1.21795 1.99435 1.50113 -1.77582 -1.10449 0.606326 0.0564552 -1.38233 -1.95543 -1.13485 -0.478794 
1.09946 -1.87972 -1.62835 1.21744 1.99709 1.50265 -1.77724 -1.10449 0.606326 0.0564552 -1.38233 -1.95543 -1.13485 -0.478794 
1.10062 -1.87817 -1.62631 1.21627 2.00063 1.50395 -1.77928 -1.10449 0.606326 0.0564552 -1.38233 -1.95543 -1.13485 -0.478794 
1.10355 -1.87494 -1.62263 1.21652 2.0051 1.50252 -1.78148 -1.10449 0.606326 0.0564552 -1.38233 -1.95543 -1.13485 -0.478794 
1.10246 -1.8748 -1.62167 1.21352 2.0089 1.50743 -1.78263 -1.10449 0.606326 0.0564552 -1.38233 -1.95543 -1.13485 -0.478794 
1.10246 -1.87267 -1.61939 1.20978 2.01457 1.51167 -1.78549 -1.10449 0.606326 0.0564552 -1.38233 -1.95543 -1.13485 -0.478794 
1.10321 -1.86945 -1.61638 1.20629 2.02113 1.51547 -1.78948 -1.10449 0.606326 0.0564552 -1.38233 -1.95543 -1.13485 -0.478794 
1.10397 -1.86768 -1.61424 1.20506 2.0251 1.51725 -1.79122 -1.10449 0.606326 0.0564552 -1.38233 -1.95543 -1.13485 -0.478794 
1.10407 -1.86531 -1.61194 1.20133 2.03093 1.52143 -1.7938 -1.10449 0.606326 0.0564552 -1.38233 -1.95543 -1.13485 -0.478794 
1.10542 -1.86163 -1.60822 1.19847 2.03746 1.52392 -1.79815 -1.10449 0.606326 0.0564552 -1.38233 -1.95543 -1.13485 -0.478794 
1.10447 -1.85946 -1.60652 1.19303 2.04406 1.53065 -1.80117 -1.10449 0.606326 0.0564552 -1.38233 -1.95543 -1.13485 -0.478794 
1.10484 -1.85605 -1.6032 1.18867 2.05109 1.53486 -1.80565 -1.10449 0.606326 0.0564552 -1.38233 -1.95543 -1.13485 -0.478794 
1.10581 -1.85314 -1.60006 1.18639 2.0563 1.53672 -1.8091 -1.10449 0.606326 0.0564552 -1.38233 -1.95543 -1.13485 -0.478794 
1.10567 -1.85182 -1.59847 1.18398 2.06017 1.53981 -1.8107 -1.10449 0.606326 0.0564552 -1.38233 -1.95543 -1.13485 -0.478794 
1.10469 -1.8506 -1.59738 1.18015 2.06461 1.54491 -1.81293 -1.10449 0.606326 0.0564552 -1.38233 -1.95543 -1.13485 -0.478794 
1.10448 -1.84756 -1.59473 1.17571 2.07031 1.54942 -1.81802 -1.10449 0.606326 0.0564552 -1.38233 -1.95543 -1.13485 -0.478794 
1.10436 -1.84629 -1.59344 1.17328 2.07436 1.55235 -1.81794 -1.10449 0.606326 0.0564552 -1.38233 -1.95543 -1.13485 -0.478794 
1.10419 -1.84305 -1.59091 1.16899 2.08054 1.55624 -1.82037 -1.10449 0.606326 0.0564552 -1.38233 -1.95543 -1.13485 -0.478794 
1.10466 -1.84011 -1.58843 1.16608 2.08597 1.55845 -1.82157 -1.10449 0.606326 0.0564552 -1.38233 -1.95543 -1.13485 -0.478794 
1.10482 -1.8389 -1.58731 1.16466 2.08898 1.56013 -1.82096 -1.10449 0.606326 0.0564552 -1.38233 -1.95543 -1.13485 -0.478794 
1.10406 -1.83874 -1.58747 1.16306 2.08973 1.56186 -1.82161 -1.10449 0.606326 0.0564552 -1.38233 -1.95543 -1.13485 -0.478794 
1.10459 -1.84023 -1.58848 1.16574 2.08687 1.55953 -1.81939 -1.10449 0.606326 0.0564552 -1.38233 -1.95543 -1.13485 -0.478794 
1.10484 -1.83845 -1.58705 1.16413 2.08929 1.56031 -1.82136 -1.10449 0.606326 0.0564552 -1.38233 -1.95543 -1.13485 -0.478794 
1.10468 -1.83829 -1.58696 1.1638 2.08969 1.56079 -1.82132 -1.10449 0.606326 0.0564552 -1.38233 -1.95543 -1.13485 -0.478794 
1.10428 -1.83991 -1.58823 1.16482 2.08764 1.56065 -1.82031 -1.10449 0.606326 0.0564552 -1.38233 -1.95543 -1.13485 -0.478794 
1.10488 -1.84018 -1.58843 1.16642 2.08627 1.5588 -1.81919 -1.10449 0.606326 0.0564552 -1.38233 -1.95543 -1.13485 -0.478794 
1.10579 -1.8379 -1.58647 1.16575 2.08883 1.55799 -1.82088 -1.10449 0.606326 0.0564552 -1.38233 -1.95543 -1.13485 -0.478794 
1.10569 -1.83952 -1.58755 1.16754 2.08665 1.55722 -1.81842 -1.10449 0.606326 0.0564552 -1.38233 -1.95543 -1.13485 -0.478794 
1.10568 -1.83872 -1.58684 1.16674 2.08821 1.55798 -1.81871 -1.10449 0.606326 0.0564552 -1.38233 -1.95543 -1.13485 -0.478794 
1.10457 -1.84086 -1.58876 1.16666 2.08608 1.55925 -1.81814 -1.10449 0.606326 0.0564552 -1.38233 -1.95543 -1.13485 -0.478794 
1.10359 -1.84064 -1.58887 1.16403 2.08741 1.56209 -1.81927 -1.10449 0.606326 0.0564552 -1.38233 -1.95543 -1.13485 -0.478794 
1.1051 -1.83957 -1.58772 1.16579 2.08744 1.55939 -1.81938 -1.10449 0.606326 0.0564552 -1.38233 -1.95543 -1.13485 -0.478794 
1.10452 -1.83785 -1.58659 1.16303 2.09034 1.56186 -1.8219 -1.10449 0.606326 0.0564552 -1.38233 -1.95543 -1.13485 -0.478794 
1.10374 -1.83764 -1.58656 1.16171 2.09156 1.56356 -1.82211 -1.10449 0.606326 0.0564552 -1.38233 -1.95543 -1.13485 -0.478794 
1.10472 -1.83827 -1.58669 1.16395 2.09018 1.56131 -1.82002 -1.10449 0.606326 0.0564552 -1.38233 -1.95543 -1.13485 -0.478794 
1.10508 -1.83732 -1.58584 1.16346 2.09127 1.56131 -1.82117 -1.10449 0.606326 0.0564552 -1.38233 -1.95543 -1.13485 -0.478794 
1.10649 -1.83593 -1.58467 1.16481 2.0918 1.55858 -1.82124 -1.10449 0.606326 0.0564552 -1.38233 -1.95543 -1.13485 -0.478794 
1.10626 -1.83562 -1.58445 1.16383 2.09226 1.5594 -1.82222 -1.10449 0.606326 0.0564552 -1.38233 -1.95543 -1.13485 -0.478794 
1.10711 -1.83714 -1.58517 1.16718 2.08939 1.55592 -1.81992 -1.10449 0.606326 0.0564552 -1.38233 -1.95543 -1.13485 -0.478794 
1.10552 -1.83614 -1.58473 1.16275 2.09256 1.56068 -1.82211 -1.10449 0.606326 0.0564552 -1.38233 -1.95543 -1.13485 -0.478794 
1.10463 -1.83939 -1.58746 1.16456 2.08841 1.56045 -1.81963 -1.10449 0.606326 0.0564552 -1.38233 -1.95543 -1.13485 -0.478794 
1.10413 -1.83961 -1.58777 1.16389 2.0885 1.56186 -1.81988 -1.10449 0.606326 0.0564552 -1.38233 -1.95543 -1.13485 -0.478794 
1.10397 -1.84157 -1.58924 1.16625 2.08568 1.56017 -1.81776 -1.10449 0.606326 0.0564552 -1.38233 -1.95543 -1.13485 -0.478794 
1.10403 -1.84042 -1.58843 1.16471 2.08736 1.56126 -1.81927 -1.10449 0.606326 0.0564552 -1.38233 -1.95543 -1.13485 -0.478794 
1.10394 -1.83923 -1.58754 1.16355 2.08918 1.56208 -1.81998 -1.10449 0.606326 0.0564552 -1.38233 -1.95543 -1.13485 -0.478794 
