0.564302 -0.840387 -0.109606 1.30207 -2.27283 -1.05484 1.21288 -1.23948 1.27059 0.433027 -1.35364 -1.107 -1.82928 -1.18663 
0.555094 -0.833513 -0.102393 1.2699 -2.21624 -0.956753 1.17129 -1.21669 1.35515 0.454213 -1.29276 -1.05244 -1.94369 -1.17642 
0.554574 -0.833903 -0.103897 1.26989 -2.22225 -0.951896 1.17639 -1.21595 1.35447 0.452598 -1.29213 -1.05076 -1.94261 -1.18924 
0.555149 -0.835707 -0.105157 1.26822 -2.22621 -0.95202 1.17714 -1.21609 1.35384 0.451897 -1.29398 -1.04951 -1.941 -1.19333 
0.556106 -0.836924 -0.105805 1.2679 -2.22974 -0.953535 1.17836 -1.21666 1.35291 0.452015 -1.29685 -1.04671 -1.93851 -1.19216 
0.555672 -0.835872 -0.10544 1.2698 -2.2332 -0.953703 1.18399 -1.21728 1.35295 0.452467 -1.29682 -1.04644 -1.93654 -1.18686 
0.554927 -0.832317 -0.10583 1.27212 -2.23683 -0.951759 1.18946 -1.21686 1.35435 0.452409 -1.29234 -1.04676 -1.93522 -1.18656 
0.554896 -0.826846 -0.107068 1.27414 -2.23639 -0.948505 1.18845 -1.21689 1.35527 0.451949 -1.2882 -1.04858 -1.93294 -1.18637 
0.554784 -0.819422 -0.107775 1.27686 -2.23194 -0.946381 1.18431 -1.2165 1.356 0.451859 -1.28449 -1.04923 -1.93075 -1.18581 
0.554722 -0.81321 -0.108259 1.27909 -2.22781 -0.945008 1.18046 -1.21562 1.35719 0.452014 -1.28041 -1.04895 -1.92995 -1.18609 
0.554662 -0.808348 -0.108611 1.28073 -2.22439 -0.943887 1.17725 -1.21458 1.35873 0.452169 -1.27663 -1.04779 -1.93034 -1.18792 
0.554599 -0.804493 -0.108846 1.28196 -2.22153 -0.943101 1.17459 -1.21374 1.36018 0.452009 -1.2732 -1.04648 -1.93131 -1.19187 
0.554555 -0.801328 -0.109057 1.28298 -2.21926 -0.942437 1.17244 -1.21316 1.36168 0.452058 -1.27 -1.04566 -1.93228 -1.1935 
0.554515 -0.79868 -0.109241 1.28386 -2.21744 -0.941899 1.17074 -1.21279 1.3632 0.45238 -1.26725 -1.04494 -1.93312 -1.19269 
0.55448 -0.795141 -0.109647 1.28504 -2.21566 -0.9409 1.16895 -1.21298 1.36437 0.452622 -1.26474 -1.04457 -1.93247 -1.19023 
0.554477 -0.790293 -0.110124 1.28651 -2.21316 -0.939822 1.16643 -1.21282 1.36618 0.452849 -1.26083 -1.04387 -1.93189 -1.1886 
0.554236 -0.784889 -0.110393 1.28861 -2.21033 -0.938562 1.16443 -1.21238 1.36834 0.453107 -1.25588 -1.04342 -1.93155 -1.18722 
0.553907 -0.779602 -0.110694 1.29009 -2.20654 -0.936916 1.1613 -1.21169 1.37078 0.4535 -1.25053 -1.04272 -1.93202 -1.18615 
0.554081 -0.775004 -0.1113 1.29104 -2.20254 -0.935663 1.15653 -1.2112 1.37263 0.453515 -1.24633 -1.04172 -1.932 -1.18722 
0.554136 -0.771677 -0.111478 1.29186 -2.19876 -0.935407 1.15248 -1.21 1.37527 0.453424 -1.24279 -1.03894 -1.93626 -1.19398 
0.554107 -0.769884 -0.111233 1.29241 -2.19647 -0.936092 1.15049 -1.20823 1.37841 0.453319 -1.23888 -1.03504 -1.94257 -1.20366 
0.554086 -0.769732 -0.111155 1.29247 -2.19627 -0.936279 1.15034 -1.20862 1.3795 0.451417 -1.23628 -1.03687 -1.94642 -1.21541 
0.736964 -0.643672 -0.392508 1.89399 -2.50981 -2.01872 1.85801 -1.20836 1.37937 0.450901 -1.23628 -1.03641 -1.94674 -1.21537 
0.769402 -0.64646 -0.440156 1.88658 -2.49173 -1.99825 1.87435 -1.32975 0.829417 0.325573 -1.73849 -1.07382 -1.35921 -1.45458 
0.757255 -0.643952 -0.422995 1.88252 -2.50049 -1.99118 1.86193 -1.32702 0.764645 0.302113 -1.77405 -1.07469 -1.28884 -1.45487 
0.757255 -0.643952 -0.422994 1.88252 -2.50049 -1.99118 1.86193 -1.3245 0.757398 0.299723 -1.77397 -1.07958 -1.27845 -1.45777 
0.757255 -0.643952 -0.422994 1.88252 -2.50049 -1.99118 1.86193 -1.3188 0.746645 0.296394 -1.77411 -1.08249 -1.26059 -1.46041 
0.757255 -0.643952 -0.422994 1.88252 -2.50049 -1.99118 1.86193 -1.31093 0.732703 0.291544 -1.77372 -1.08716 -1.23583 -1.46196 
0.757255 -0.643952 -0.422994 1.88252 -2.50049 -1.99118 1.86193 -1.30137 0.717561 0.286022 -1.77316 -1.09217 -1.20737 -1.46477 
0.757255 -0.643952 -0.422994 1.88252 -2.50049 -1.99118 1.86193 -1.29083 0.702211 0.280252 -1.77208 -1.09739 -1.17758 -1.46537 
0.757255 -0.643952 -0.422994 1.88252 -2.50049 -1.99118 1.86193 -1.27972 0.68812 0.274827 -1.77032 -1.10181 -1.1483 -1.46557 
0.757255 -0.643952 -0.422994 1.88252 -2.50049 -1.99118 1.86193 -1.26832 0.674514 0.269383 -1.76796 -1.10748 -1.11907 -1.46553 
0.757255 -0.643952 -0.422994 1.88252 -2.50049 -1.99118 1.86193 -1.25652 0.661315 0.263826 -1.76499 -1.11471 -1.08968 -1.46266 
0.757255 -0.643952 -0.422994 1.88252 -2.50049 -1.99118 1.86193 -1.24309 0.647871 0.257104 -1.76034 -1.1239 -1.0565 -1.45082 
0.757255 -0.643952 -0.422994 1.88252 -2.50049 -1.99118 1.86193 -1.22877 0.634447 0.249801 -1.75507 -1.13411 -1.02187 -1.43476 
0.757255 -0.643952 -0.422994 1.88252 -2.50049 -1.99118 1.86193 -1.21517 0.624478 0.24411 -1.74994 -1.13949 -0.992039 -1.42027 
0.757255 -0.643952 -0.422994 1.88252 -2.50049 -1.99118 1.86193 -1.20293 0.616712 0.239333 -1.74424 -1.1451 -0.966291 -1.40496 
0.757255 -0.643952 -0.422994 1.88252 -2.50049 -1.99118 1.86193 -1.19305 0.611149 0.235548 -1.73906 -1.14995 -0.945688 -1.39246 
0.757255 -0.643952 -0.422994 1.88252 -2.50049 -1.99118 1.86193 -1.1863 0.607607 0.232742 -1.73547 -1.15381 -0.931181 -1.3838 
0.757255 -0.643952 -0.422994 1.88252 -2.50049 -1.99118 1.86193 -1.18303 0.605754 0.230965 -1.73326 -1.15812 -0.923384 -1.37749 
0.757255 -0.643952 -0.422994 1.88252 -2.50049 -1.99118 1.86193 -1.18309 0.607184 0.231448 -1.732 -1.15856 -0.924182 -1.37621 
0.757255 -0.643952 -0.422994 1.88252 -2.50049 -1.99118 1.86193 -1.18485 0.609425 0.232674 -1.73167 -1.15722 -0.92871 -1.37748 
