1.10643 -1.97052 -1.80458 1.46192 -1.07828 -1.07895 2.1653 -1.1103 0.609337 0.0656645 -1.37593 -1.96223 -1.13301 -0.473288 
1.0648 -1.96202 -1.82276 1.4018 -1.10327 -1.06886 2.18549 -1.11086 0.606551 0.0662773 -1.38233 -1.96054 -1.13132 -0.477198 
1.06062 -1.96387 -1.82389 1.39456 -1.10069 -1.07624 2.18747 -1.11086 0.606549 0.0662777 -1.38233 -1.96054 -1.13132 -0.4772 
1.05688 -1.9643 -1.8246 1.3886 -1.09785 -1.08389 2.1865 -1.11086 0.606549 0.0662777 -1.38233 -1.96054 -1.13132 -0.4772 
1.05633 -1.96192 -1.82192 1.38434 -1.09517 -1.08539 2.1805 -1.11086 0.606549 0.0662777 -1.38233 -1.96054 -1.13132 -0.4772 
1.05678 -1.96293 -1.82134 1.38618 -1.09677 -1.08413 2.17821 -1.11086 0.606549 0.0662777 -1.38233 -1.96054 -1.13132 -0.4772 
1.05904 -1.96403 -1.81978 1.3899 -1.09449 -1.08796 2.17431 -1.11086 0.606549 0.0662777 -1.38233 -1.96054 -1.13132 -0.4772 
1.06545 -1.96489 -1.81629 1.40089 -1.09252 -1.0863 2.17208 -1.11086 0.606549 0.0662777 -1.38233 -1.96054 -1.13132 -0.4772 
1.06822 -1.96672 -1.81497 1.40786 -1.08923 -1.09492 2.16518 -1.11086 0.606549 0.0662777 -1.38233 -1.96054 -1.13132 -0.4772 
1.07069 -1.967 -1.81291 1.41326 -1.08703 -1.10301 2.15948 -1.11086 0.606549 0.0662777 -1.38233 -1.96054 -1.13132 -0.4772 
1.07155 -1.96699 -1.80993 1.41644 -1.08933 -1.11139 2.15838 -1.11086 0.606549 0.0662777 -1.38233 -1.96054 -1.13132 -0.4772 
1.07227 -1.96699 -1.80742 1.41761 -1.08769 -1.11945 2.1554 -1.11086 0.606549 0.0662777 -1.38233 -1.96054 -1.13132 -0.4772 
1.07332 -1.96699 -1.80569 1.41851 -1.08494 -1.12506 2.15086 -1.11086 0.606549 0.0662777 -1.38233 -1.96054 -1.13132 -0.4772 
1.07401 -1.96699 -1.8043 1.42006 -1.08458 -1.12948 2.1487 -1.11086 0.606549 0.0662777 -1.38233 -1.96054 -1.13132 -0.4772 
1.07339 -1.96699 -1.80256 1.42096 -1.0872 -1.13588 2.14979 -1.11086 0.606549 0.0662777 -1.38233 -1.96054 -1.13132 -0.4772 
1.07497 -1.96699 -1.80034 1.42359 -1.08645 -1.14001 2.14759 -1.11086 0.606549 0.0662777 -1.38233 -1.96054 -1.13132 -0.4772 
1.07524 -1.96699 -1.79789 1.42511 -1.0847 -1.15118 2.14306 -1.11086 0.606549 0.0662777 -1.38233 -1.96054 -1.13132 -0.4772 
1.07863 -1.96699 -1.79515 1.43003 -1.08127 -1.15508 2.13809 -1.11086 0.606549 0.0662777 -1.38233 -1.96054 -1.13132 -0.4772 
1.07991 -1.96699 -1.79282 1.43282 -1.07944 -1.16279 2.13481 -1.11086 0.606549 0.0662777 -1.38233 -1.96054 -1.13132 -0.4772 
1.08029 -1.96699 -1.79121 1.43423 -1.07864 -1.1694 2.13195 -1.11086 0.606549 0.0662777 -1.38233 -1.96054 -1.13132 -0.4772 
1.07964 -1.96699 -1.79075 1.43356 -1.07819 -1.17444 2.13003 -1.11086 0.606549 0.0662777 -1.38233 -1.96054 -1.13132 -0.4772 
1.0796 -1.96699 -1.79069 1.43355 -1.07807 -1.17491 2.12982 -1.11086 0.606549 0.0662777 -1.38233 -1.96054 -1.13132 -0.4772 
1.07961 -1.96699 -1.79067 1.43358 -1.07817 -1.17494 2.12983 -1.11086 0.606549 0.0662777 -1.38233 -1.96054 -1.13132 -0.4772 
1.0796 -1.96699 -1.79063 1.43366 -1.07854 -1.17499 2.12994 -1.11086 0.606549 0.0662777 -1.38233 -1.96054 -1.13132 -0.4772 
1.07962 -1.96699 -1.79061 1.43373 -1.07872 -1.17492 2.12999 -1.11086 0.606549 0.0662777 -1.38233 -1.96054 -1.13132 -0.4772 
1.07961 -1.96699 -1.79054 1.43383 -1.07917 -1.17495 2.1302 -1.11086 0.606549 0.0662777 -1.38233 -1.96054 -1.13132 -0.4772 
1.07958 -1.96699 -1.79054 1.43373 -1.07896 -1.17507 2.13012 -1.11086 0.606549 0.0662777 -1.38233 -1.96054 -1.13132 -0.4772 
1.07958 -1.96697 -1.79049 1.43372 -1.07892 -1.17519 2.13014 -1.11086 0.606549 0.0662777 -1.38233 -1.96054 -1.13132 -0.4772 
1.07956 -1.96696 -1.79047 1.43367 -1.0788 -1.17532 2.13016 -1.11086 0.606549 0.0662777 -1.38233 -1.96054 -1.13132 -0.4772 
1.07957 -1.96691 -1.79042 1.43364 -1.07871 -1.17537 2.13017 -1.11086 0.606549 0.0662777 -1.38233 -1.96054 -1.13132 -0.4772 
1.07955 -1.96695 -1.79045 1.4337 -1.0789 -1.17532 2.13029 -1.11086 0.606549 0.0662777 -1.38233 -1.96054 -1.13132 -0.4772 
1.07956 -1.9669 -1.79041 1.43363 -1.07866 -1.17543 2.13022 -1.11086 0.606549 0.0662777 -1.38233 -1.96054 -1.13132 -0.4772 
1.07957 -1.96678 -1.79029 1.4335 -1.07841 -1.17562 2.13011 -1.11086 0.606549 0.0662777 -1.38233 -1.96054 -1.13132 -0.4772 
1.07956 -1.96678 -1.7903 1.43344 -1.07829 -1.17568 2.13001 -1.11086 0.606549 0.0662777 -1.38233 -1.96054 -1.13132 -0.4772 
1.07956 -1.96663 -1.79015 1.43324 -1.07804 -1.176 2.12987 -1.11086 0.606549 0.0662777 -1.38233 -1.96054 -1.13132 -0.4772 
1.07957 -1.9666 -1.79014 1.43321 -1.07789 -1.17602 2.12983 -1.11086 0.606549 0.0662777 -1.38233 -1.96054 -1.13132 -0.4772 
1.0796 -1.96646 -1.79001 1.43306 -1.07753 -1.1762 2.1297 -1.11086 0.606549 0.0662777 -1.38233 -1.96054 -1.13132 -0.4772 
1.07958 -1.96646 -1.78999 1.43302 -1.07753 -1.17628 2.12967 -1.11086 0.606549 0.0662777 -1.38233 -1.96054 -1.13132 -0.4772 
1.0796 -1.96631 -1.78987 1.43291 -1.07734 -1.17644 2.12955 -1.11086 0.606549 0.0662777 -1.38233 -1.96054 -1.13132 -0.4772 
1.08397 -1.96699 -1.7826 1.44537 -1.08822 -1.17083 2.15128 -1.11086 0.606549 0.0662777 -1.38233 -1.96054 -1.13132 -0.4772 
1.08863 -1.96699 -1.77347 1.45864 -1.10097 -1.1663 2.17598 -1.11086 0.606549 0.0662777 -1.38233 -1.96054 -1.13132 -0.4772 
1.09318 -1.96699 -1.76438 1.47146 -1.11274 -1.16233 2.20047 -1.11086 0.606549 0.0662777 -1.38233 -1.96054 -1.13132 -0.4772 
1.09718 -1.96699 -1.75525 1.48389 -1.1248 -1.1591 2.22559 -1.11086 0.606549 0.0662777 -1.38233 -1.96054 -1.13132 -0.4772 
1.10056 -1.96699 -1.74627 1.49539 -1.13606 -1.15676 2.25083 -1.11086 0.606549 0.0662777 -1.38233 -1.96054 -1.13132 -0.4772 
1.10374 -1.96699 -1.73738 1.50708 -1.14824 -1.15442 2.27663 -1.11086 0.606549 0.0662777 -1.38233 -1.96054 -1.13132 -0.4772 
1.10688 -1.96699 -1.72833 1.51886 -1.16063 -1.15262 2.30271 -1.11086 0.606549 0.0662777 -1.38233 -1.96054 -1.13132 -0.4772 
1.10961 -1.96699 -1.71931 1.5303 -1.17296 -1.15142 2.32901 -1.11086 0.606549 0.0662777 -1.38233 -1.96054 -1.13132 -0.4772 
1.11223 -1.96699 -1.71049 1.54158 -1.18516 -1.15042 2.35486 -1.11086 0.606549 0.0662777 -1.38233 -1.96054 -1.13132 -0.4772 
1.11402 -1.96699 -1.70188 1.55199 -1.19719 -1.15043 2.38137 -1.11086 0.606549 0.0662777 -1.38233 -1.96054 -1.13132 -0.4772 
1.11423 -1.96699 -1.69331 1.5611 -1.2096 -1.15142 2.41039 -1.11086 0.606549 0.0662777 -1.38233 -1.96054 -1.13132 -0.4772 
1.11341 -1.96699 -1.68484 1.56937 -1.22247 -1.15305 2.4417 -1.11086 0.606549 0.0662777 -1.38233 -1.96054 -1.13132 -0.4772 
1.11053 -1.96699 -1.67809 1.57431 -1.23359 -1.1561 2.47268 -1.11086 0.606549 0.0662777 -1.38233 -1.96054 -1.13132 -0.4772 
1.10493 -1.96699 -1.67647 1.57028 -1.2341 -1.1613 2.49023 -1.11086 0.606549 0.0662777 -1.38233 -1.96054 -1.13132 -0.4772 
1.09693 -1.96698 -1.67489 1.56303 -1.23623 -1.17233 2.51418 -1.11086 0.606549 0.0662777 -1.38233 -1.96054 -1.13132 -0.4772 
1.09071 -1.96698 -1.67471 1.56006 -1.2398 -1.17182 2.54246 -1.11086 0.606549 0.0662777 -1.38233 -1.96054 -1.13132 -0.4772 
1.08022 -1.96698 -1.67415 1.5538 -1.24541 -1.18033 2.57725 -1.11086 0.606549 0.0662777 -1.38233 -1.96054 -1.13132 -0.4772 
1.07152 -1.96699 -1.67395 1.54659 -1.24469 -1.18482 2.60569 -1.11086 0.606549 0.0662777 -1.38233 -1.96054 -1.13132 -0.4772 
1.06364 -1.96698 -1.67406 1.54067 -1.246 -1.18582 2.63375 -1.11086 0.606549 0.0662777 -1.38233 -1.96054 -1.13132 -0.4772 
1.05416 -1.96699 -1.67449 1.53239 -1.24506 -1.18941 2.66066 -1.11086 0.606549 0.0662777 -1.38233 -1.96054 -1.13132 -0.4772 
1.0462 -1.96699 -1.67503 1.52526 -1.24456 -1.1901 2.6869 -1.11086 0.606549 0.0662777 -1.38233 -1.96054 -1.13132 -0.4772 
1.03832 -1.96699 -1.67545 1.5196 -1.24713 -1.18904 2.7138 -1.11086 0.606549 0.0662777 -1.38233 -1.96054 -1.13132 -0.4772 
1.02967 -1.96699 -1.67613 1.51496 -1.25532 -1.19104 2.74142 -1.11086 0.606549 0.0662777 -1.38233 -1.96054 -1.13132 -0.4772 
1.02815 -1.96662 -1.67642 1.51443 -1.25757 -1.18323 2.75399 -1.11086 0.606549 0.0662777 -1.38233 -1.96054 -1.13132 -0.4772 
1.02776 -1.96692 -1.67787 1.51641 -1.26449 -1.17656 2.75791 -1.11086 0.606549 0.0662777 -1.38233 -1.96054 -1.13132 -0.4772 
1.02528 -1.96689 -1.67898 1.51241 -1.26451 -1.1825 2.74931 -1.11086 0.606549 0.0662777 -1.38233 -1.96054 -1.13132 -0.4772 
1.02621 -1.96696 -1.68026 1.51358 -1.27147 -1.18564 2.73065 -1.11086 0.606549 0.0662777 -1.38233 -1.96054 -1.13132 -0.4772 
1.03677 -1.96006 -1.67323 1.51625 -1.27096 -1.18353 2.68952 -1.11086 0.606549 0.0662777 -1.38233 -1.96054 -1.13132 -0.4772 
1.04358 -1.95874 -1.67296 1.52089 -1.27932 -1.184 2.65071 -1.11086 0.606549 0.0662777 -1.38233 -1.96054 -1.13132 -0.4772 
1.05553 -1.9529 -1.66786 1.52567 -1.28452 -1.18305 2.59401 -1.11086 0.606549 0.0662777 -1.38233 -1.96054 -1.13132 -0.4772 
1.06657 -1.94759 -1.66323 1.52888 -1.28806 -1.18498 2.53741 -1.11086 0.606549 0.0662777 -1.38233 -1.96054 -1.13132 -0.4772 
1.07727 -1.94279 -1.65923 1.53172 -1.29179 -1.18769 2.48083 -1.11086 0.606549 0.0662777 -1.38233 -1.96054 -1.13132 -0.4772 
