1.13902 -1.88107 -1.78453 1.52072 -1.27269 -0.804479 2.07866 -1.11007 0.610447 0.0654194 -1.37338 -1.9629 -1.13369 -0.471729 
1.11477 -1.86473 -1.7866 1.48424 -1.26816 -0.799347 2.0882 -1.11086 0.606552 0.0662771 -1.38232 -1.96054 -1.13132 -0.477196 
1.11181 -1.86589 -1.7854 1.47899 -1.26267 -0.806818 2.08947 -1.11086 0.606549 0.0662777 -1.38233 -1.96054 -1.13132 -0.4772 
1.11193 -1.86344 -1.782 1.47523 -1.25431 -0.815191 2.08272 -1.11086 0.606549 0.0662777 -1.38233 -1.96054 -1.13132 -0.4772 
1.11434 -1.86301 -1.78238 1.47634 -1.25633 -0.8133 2.0792 -1.11086 0.606549 0.0662777 -1.38233 -1.96054 -1.13132 -0.4772 
1.12005 -1.86028 -1.77968 1.47715 -1.25462 -0.812996 2.06887 -1.11086 0.606549 0.0662777 -1.38233 -1.96054 -1.13132 -0.4772 
1.12669 -1.8596 -1.77698 1.48374 -1.25306 -0.811629 2.06532 -1.11086 0.606549 0.0662777 -1.38233 -1.96054 -1.13132 -0.4772 
1.13229 -1.85867 -1.77479 1.48947 -1.25156 -0.811132 2.06091 -1.11086 0.606549 0.0662777 -1.38233 -1.96054 -1.13132 -0.4772 
1.13629 -1.85887 -1.77466 1.49441 -1.25233 -0.809723 2.05967 -1.11086 0.606549 0.0662777 -1.38233 -1.96054 -1.13132 -0.4772 
1.13952 -1.85791 -1.77404 1.49819 -1.25268 -0.807272 2.05829 -1.11086 0.606549 0.0662777 -1.38233 -1.96054 -1.13132 -0.4772 
1.1427 -1.8564 -1.77203 1.50092 -1.25131 -0.80592 2.05521 -1.11086 0.606549 0.0662777 -1.38233 -1.96054 -1.13132 -0.4772 
1.1441 -1.85669 -1.77094 1.50186 -1.24959 -0.807764 2.05328 -1.11086 0.606549 0.0662777 -1.38233 -1.96054 -1.13132 -0.4772 
1.14481 -1.85861 -1.77166 1.50362 -1.25076 -0.808024 2.05482 -1.11086 0.606549 0.0662777 -1.38233 -1.96054 -1.13132 -0.4772 
1.1456 -1.85857 -1.77197 1.50508 -1.25161 -0.807224 2.05417 -1.11086 0.606549 0.0662777 -1.38233 -1.96054 -1.13132 -0.4772 
1.14669 -1.85725 -1.77096 1.50567 -1.25075 -0.80669 2.05197 -1.11086 0.606549 0.0662777 -1.38233 -1.96054 -1.13132 -0.4772 
1.14842 -1.85789 -1.77111 1.50826 -1.25162 -0.806157 2.05156 -1.11086 0.606549 0.0662777 -1.38233 -1.96054 -1.13132 -0.4772 
1.15261 -1.85642 -1.76869 1.51136 -1.24983 -0.805666 2.04693 -1.11086 0.606549 0.0662777 -1.38233 -1.96054 -1.13132 -0.4772 
1.15507 -1.85842 -1.76926 1.51554 -1.25137 -0.804602 2.04916 -1.11086 0.606549 0.0662777 -1.38233 -1.96054 -1.13132 -0.4772 
1.15698 -1.85916 -1.77019 1.51931 -1.25356 -0.802035 2.05104 -1.11086 0.606549 0.0662777 -1.38233 -1.96054 -1.13132 -0.4772 
1.15722 -1.85908 -1.76968 1.51934 -1.25267 -0.80289 2.0501 -1.11086 0.606549 0.0662777 -1.38233 -1.96054 -1.13132 -0.4772 
1.15775 -1.858 -1.76879 1.51888 -1.25157 -0.802619 2.04898 -1.11086 0.606549 0.0662777 -1.38233 -1.96054 -1.13132 -0.4772 
1.15723 -1.85898 -1.76927 1.51921 -1.25237 -0.802609 2.04974 -1.11086 0.606549 0.0662777 -1.38233 -1.96054 -1.13132 -0.4772 
1.15722 -1.85949 -1.7705 1.52026 -1.25494 -0.79995 2.05237 -1.11086 0.606549 0.0662777 -1.38233 -1.96054 -1.13132 -0.4772 
1.15694 -1.85998 -1.77101 1.52023 -1.2554 -0.800076 2.05338 -1.11086 0.606549 0.0662777 -1.38233 -1.96054 -1.13132 -0.4772 
1.15744 -1.85913 -1.77011 1.52023 -1.25482 -0.799724 2.05198 -1.11086 0.606549 0.0662777 -1.38233 -1.96054 -1.13132 -0.4772 
1.15729 -1.85953 -1.77002 1.51998 -1.25455 -0.800483 2.05139 -1.11086 0.606549 0.0662777 -1.38233 -1.96054 -1.13132 -0.4772 
1.15725 -1.85933 -1.77033 1.5202 -1.25513 -0.799613 2.05216 -1.11086 0.606549 0.0662777 -1.38233 -1.96054 -1.13132 -0.4772 
1.15695 -1.86014 -1.77035 1.52004 -1.25476 -0.80102 2.05234 -1.11086 0.606549 0.0662777 -1.38233 -1.96054 -1.13132 -0.4772 
1.15747 -1.85866 -1.76939 1.51968 -1.25354 -0.801115 2.05072 -1.11086 0.606549 0.0662777 -1.38233 -1.96054 -1.13132 -0.4772 
1.15712 -1.85884 -1.76999 1.51968 -1.25466 -0.800437 2.05075 -1.11086 0.606549 0.0662777 -1.38233 -1.96054 -1.13132 -0.4772 
1.15766 -1.85821 -1.76965 1.51976 -1.25498 -0.799357 2.0494 -1.11086 0.606549 0.0662777 -1.38233 -1.96054 -1.13132 -0.4772 
1.15727 -1.85823 -1.76952 1.51921 -1.25438 -0.800201 2.0485 -1.11086 0.606549 0.0662777 -1.38233 -1.96054 -1.13132 -0.4772 
1.15739 -1.85801 -1.76957 1.51908 -1.25472 -0.800008 2.04822 -1.11086 0.606549 0.0662777 -1.38233 -1.96054 -1.13132 -0.4772 
1.15747 -1.85757 -1.76951 1.51911 -1.25502 -0.799302 2.04723 -1.11086 0.606549 0.0662777 -1.38233 -1.96054 -1.13132 -0.4772 
1.15752 -1.85761 -1.76928 1.51899 -1.25424 -0.800085 2.04768 -1.11086 0.606549 0.0662777 -1.38233 -1.96054 -1.13132 -0.4772 
1.15714 -1.8586 -1.77065 1.51982 -1.25679 -0.797984 2.04958 -1.11086 0.606549 0.0662777 -1.38233 -1.96054 -1.13132 -0.4772 
1.15719 -1.85839 -1.77002 1.51905 -1.25519 -0.800021 2.04805 -1.11086 0.606549 0.0662777 -1.38233 -1.96054 -1.13132 -0.4772 
1.15737 -1.85741 -1.76892 1.51846 -1.25311 -0.80104 2.04687 -1.11086 0.606549 0.0662777 -1.38233 -1.96054 -1.13132 -0.4772 
1.15715 -1.85812 -1.76947 1.51869 -1.25385 -0.800603 2.04792 -1.11086 0.606549 0.0662777 -1.38233 -1.96054 -1.13132 -0.4772 
1.15727 -1.85805 -1.76985 1.51919 -1.2546 -0.799604 2.04886 -1.11086 0.606549 0.0662777 -1.38233 -1.96054 -1.13132 -0.4772 
1.1571 -1.85856 -1.76979 1.51869 -1.25414 -0.800654 2.04863 -1.11086 0.606549 0.0662777 -1.38233 -1.96054 -1.13132 -0.4772 
1.15769 -1.85731 -1.76903 1.51883 -1.25319 -0.800142 2.04748 -1.11086 0.606549 0.0662777 -1.38233 -1.96054 -1.13132 -0.4772 
1.15732 -1.85813 -1.76928 1.5187 -1.25303 -0.801034 2.04874 -1.11086 0.606549 0.0662777 -1.38233 -1.96054 -1.13132 -0.4772 
1.15722 -1.85888 -1.76966 1.51897 -1.25312 -0.801602 2.05006 -1.11086 0.606549 0.0662777 -1.38233 -1.96054 -1.13132 -0.4772 
1.15738 -1.85794 -1.76872 1.51894 -1.25189 -0.801383 2.04959 -1.11086 0.606549 0.0662777 -1.38233 -1.96054 -1.13132 -0.4772 
1.15703 -1.8585 -1.76901 1.51845 -1.2513 -0.802842 2.05009 -1.11086 0.606549 0.0662777 -1.38233 -1.96054 -1.13132 -0.4772 
1.15723 -1.8585 -1.76932 1.5188 -1.25237 -0.801905 2.05016 -1.11086 0.606549 0.0662777 -1.38233 -1.96054 -1.13132 -0.4772 
1.15751 -1.85766 -1.76885 1.51898 -1.25199 -0.801265 2.04932 -1.11086 0.606549 0.0662777 -1.38233 -1.96054 -1.13132 -0.4772 
1.15722 -1.85845 -1.76941 1.51903 -1.2524 -0.801547 2.05011 -1.11086 0.606549 0.0662777 -1.38233 -1.96054 -1.13132 -0.4772 
1.15765 -1.85768 -1.76927 1.51971 -1.25352 -0.799238 2.05006 -1.11086 0.606549 0.0662777 -1.38233 -1.96054 -1.13132 -0.4772 
1.15718 -1.85778 -1.76905 1.51918 -1.25258 -0.80074 2.04957 -1.11086 0.606549 0.0662777 -1.38233 -1.96054 -1.13132 -0.4772 
1.1573 -1.85811 -1.7691 1.51905 -1.25211 -0.801669 2.04985 -1.11086 0.606549 0.0662777 -1.38233 -1.96054 -1.13132 -0.4772 
1.15671 -1.85877 -1.76988 1.51908 -1.25345 -0.801269 2.05062 -1.11086 0.606549 0.0662777 -1.38233 -1.96054 -1.13132 -0.4772 
1.15758 -1.85771 -1.76934 1.51949 -1.25362 -0.799718 2.05005 -1.11086 0.606549 0.0662777 -1.38233 -1.96054 -1.13132 -0.4772 
1.15789 -1.85755 -1.76863 1.51896 -1.25236 -0.800877 2.04884 -1.11086 0.606549 0.0662777 -1.38233 -1.96054 -1.13132 -0.4772 
1.15724 -1.85816 -1.76983 1.51948 -1.25412 -0.799674 2.05015 -1.11086 0.606549 0.0662777 -1.38233 -1.96054 -1.13132 -0.4772 
1.15752 -1.85715 -1.76916 1.5188 -1.2528 -0.800432 2.04864 -1.11086 0.606549 0.0662777 -1.38233 -1.96054 -1.13132 -0.4772 
1.15741 -1.85711 -1.76885 1.51843 -1.25205 -0.800759 2.048 -1.11086 0.606549 0.0662777 -1.38233 -1.96054 -1.13132 -0.4772 
1.15771 -1.85711 -1.76905 1.51904 -1.25308 -0.799501 2.04858 -1.11086 0.606549 0.0662777 -1.38233 -1.96054 -1.13132 -0.4772 
1.1576 -1.85674 -1.76811 1.51808 -1.25093 -0.801869 2.04685 -1.11086 0.606549 0.0662777 -1.38233 -1.96054 -1.13132 -0.4772 
1.15716 -1.86245 -1.77105 1.52254 -1.2543 -0.800723 2.05888 -1.11086 0.606549 0.0662777 -1.38233 -1.96054 -1.13132 -0.4772 
1.15551 -1.87378 -1.7754 1.53058 -1.25712 -0.801721 2.08483 -1.11086 0.606549 0.0662777 -1.38233 -1.96054 -1.13132 -0.4772 
1.1537 -1.88591 -1.77951 1.53891 -1.2598 -0.802045 2.11444 -1.11086 0.606549 0.0662777 -1.38233 -1.96054 -1.13132 -0.4772 
1.15162 -1.89749 -1.78198 1.5458 -1.25807 -0.806073 2.14329 -1.11086 0.606549 0.0662777 -1.38233 -1.96054 -1.13132 -0.4772 
1.14733 -1.91074 -1.7857 1.55159 -1.25639 -0.811946 2.17624 -1.11086 0.606549 0.0662777 -1.38233 -1.96054 -1.13132 -0.4772 
1.14179 -1.92484 -1.79029 1.55677 -1.25479 -0.81839 2.21238 -1.11086 0.606549 0.0662777 -1.38233 -1.96054 -1.13132 -0.4772 
1.13522 -1.93901 -1.79391 1.56053 -1.25013 -0.827249 2.25078 -1.11086 0.606549 0.0662777 -1.38233 -1.96054 -1.13132 -0.4772 
1.1289 -1.95186 -1.79601 1.56352 -1.24293 -0.835832 2.28999 -1.11086 0.606549 0.0662777 -1.38233 -1.96054 -1.13132 -0.4772 
1.12011 -1.96641 -1.79935 1.56483 -1.2351 -0.847114 2.3324 -1.11086 0.606549 0.0662777 -1.38233 -1.96054 -1.13132 -0.4772 
1.11376 -1.96699 -1.78625 1.56519 -1.24616 -0.873253 2.38314 -1.11086 0.606549 0.0662777 -1.38233 -1.96054 -1.13132 -0.4772 
1.10743 -1.96699 -1.77384 1.56542 -1.25763 -0.897477 2.43065 -1.11086 0.606549 0.0662777 -1.38233 -1.96054 -1.13132 -0.4772 
1.10142 -1.96699 -1.76197 1.564 -1.26299 -0.920593 2.47168 -1.11086 0.606549 0.0662777 -1.38233 -1.96054 -1.13132 -0.4772 
1.09394 -1.96699 -1.74992 1.56177 -1.26976 -0.945827 2.51359 -1.11086 0.606549 0.0662777 -1.38233 -1.96054 -1.13132 -0.4772 
1.08619 -1.96699 -1.74385 1.55548 -1.2704 -0.963378 2.54099 -1.11086 0.606549 0.0662777 -1.38233 -1.96054 -1.13132 -0.4772 
1.07948 -1.96699 -1.74111 1.54985 -1.27313 -0.974041 2.55956 -1.11086 0.606549 0.0662777 -1.38233 -1.96054 -1.13132 -0.4772 
1.07437 -1.96699 -1.73921 1.54458 -1.2728 -0.981594 2.56797 -1.11086 0.606549 0.0662777 -1.38233 -1.96054 -1.13132 -0.4772 
1.07138 -1.96699 -1.73854 1.54088 -1.27231 -0.98464 2.56971 -1.11086 0.606549 0.0662777 -1.38233 -1.96054 -1.13132 -0.4772 
1.07316 -1.96516 -1.73725 1.54073 -1.27396 -0.981281 2.56084 -1.11086 0.606549 0.0662777 -1.38233 -1.96054 -1.13132 -0.4772 
1.07317 -1.9662 -1.73942 1.5415 -1.28173 -0.979975 2.55043 -1.11086 0.606549 0.0662777 -1.38233 -1.96054 -1.13132 -0.4772 
1.07525 -1.96486 -1.7394 1.54089 -1.28621 -0.98074 2.52887 -1.11086 0.606549 0.0662777 -1.38233 -1.96054 -1.13132 -0.4772 
1.0802 -1.96253 -1.73962 1.54301 -1.29486 -0.977889 2.49736 -1.11086 0.606549 0.0662777 -1.38233 -1.96054 -1.13132 -0.4772 
1.08615 -1.96073 -1.74092 1.54716 -1.30741 -0.972383 2.46385 -1.11086 0.606549 0.0662777 -1.38233 -1.96054 -1.13132 -0.4772 
1.09351 -1.95588 -1.7385 1.54728 -1.31162 -0.973427 2.41785 -1.11086 0.606549 0.0662777 -1.38233 -1.96054 -1.13132 -0.4772 
1.1002 -1.95277 -1.73838 1.54872 -1.32018 -0.973229 2.37185 -1.11086 0.606549 0.0662777 -1.38233 -1.96054 -1.13132 -0.4772 
1.10713 -1.94843 -1.73739 1.54215 -1.32288 -0.98696 2.29357 -1.11086 0.606549 0.0662777 -1.38233 -1.96054 -1.13132 -0.4772 
1.10686 -1.94807 -1.737 1.54056 -1.32139 -0.98902 2.28869 -1.11086 0.606549 0.0662777 -1.38233 -1.96054 -1.13132 -0.4772 
1.11366 -1.94377 -1.73487 1.53835 -1.32463 -0.99315 2.23597 -1.11086 0.606549 0.0662777 -1.38233 -1.96054 -1.13132 -0.4772 
1.12167 -1.93806 -1.73108 1.5358 -1.3265 -0.996148 2.17962 -1.11086 0.606549 0.0662777 -1.38233 -1.96054 -1.13132 -0.4772 
1.12737 -1.93533 -1.73039 1.53337 -1.33168 -1.00027 2.1283 -1.11086 0.606549 0.0662777 -1.38233 -1.96054 -1.13132 -0.4772 
1.13278 -1.93099 -1.72698 1.52818 -1.32999 -1.00768 2.07794 -1.11086 0.606549 0.0662777 -1.38233 -1.96054 -1.13132 -0.4772 
1.13793 -1.92628 -1.72347 1.5225 -1.32843 -1.01448 2.02769 -1.11086 0.606549 0.0662777 -1.38233 -1.96054 -1.13132 -0.4772 
1.14207 -1.92277 -1.72108 1.51811 -1.32873 -1.01898 1.98579 -1.11086 0.606549 0.0662777 -1.38233 -1.96054 -1.13132 -0.4772 
1.14271 -1.91559 -1.71515 1.50534 -1.32103 -1.0319 1.9248 -1.11086 0.606549 0.0662777 -1.38233 -1.96054 -1.13132 -0.4772 
1.14507 -1.91178 -1.71148 1.49844 -1.31593 -1.04002 1.88894 -1.11086 0.606549 0.0662777 -1.38233 -1.96054 -1.13132 -0.4772 
1.14719 -1.91171 -1.71165 1.49762 -1.32052 -1.04058 1.8679 -1.11086 0.606549 0.0662777 -1.38233 -1.96054 -1.13132 -0.4772 
1.14568 -1.91071 -1.70834 1.48757 -1.30876 -1.05752 1.84311 -1.11086 0.606549 0.0662777 -1.38233 -1.96054 -1.13132 -0.4772 
1.15078 -1.90172 -1.70046 1.48133 -1.29972 -1.0603 1.81002 -1.11086 0.606549 0.0662777 -1.38233 -1.96054 -1.13132 -0.4772 
1.14854 -1.90385 -1.70113 1.47545 -1.29719 -1.07119 1.79451 -1.11086 0.606549 0.0662777 -1.38233 -1.96054 -1.13132 -0.4772 
1.14802 -1.90238 -1.69956 1.46934 -1.29419 -1.07846 1.77376 -1.11086 0.606549 0.0662777 -1.38233 -1.96054 -1.13132 -0.4772 
1.14684 -1.90557 -1.70262 1.46858 -1.3008 -1.08027 1.7638 -1.11086 0.606549 0.0662777 -1.38233 -1.96054 -1.13132 -0.4772 
1.14768 -1.90512 -1.70266 1.46639 -1.30467 -1.081 1.74485 -1.11086 0.606549 0.0662777 -1.38233 -1.96054 -1.13132 -0.4772 
1.15023 -1.89692 -1.69499 1.45676 -1.29365 -1.08784 1.71114 -1.11086 0.606549 0.0662777 -1.38233 -1.96054 -1.13132 -0.4772 
1.14668 -1.89988 -1.69636 1.44931 -1.29333 -1.09991 1.68936 -1.11086 0.606549 0.0662777 -1.38233 -1.96054 -1.13132 -0.4772 
1.1443 -1.9029 -1.69835 1.4447 -1.29648 -1.10795 1.66874 -1.11086 0.606549 0.0662777 -1.38233 -1.96054 -1.13132 -0.4772 
1.14314 -1.90101 -1.69576 1.43596 -1.29102 -1.11879 1.64041 -1.11086 0.606549 0.0662777 -1.38233 -1.96054 -1.13132 -0.4772 
1.14658 -1.90442 -1.69836 1.44141 -1.29714 -1.11576 1.64434 -1.11086 0.606549 0.0662777 -1.38233 -1.96054 -1.13132 -0.4772 
1.1482 -1.90351 -1.69763 1.43926 -1.29902 -1.11818 1.62328 -1.11086 0.606549 0.0662777 -1.38233 -1.96054 -1.13132 -0.4772 
1.14757 -1.90246 -1.69652 1.43398 -1.29701 -1.12551 1.60012 -1.11086 0.606549 0.0662777 -1.38233 -1.96054 -1.13132 -0.4772 
1.14682 -1.90211 -1.69595 1.42981 -1.29593 -1.13268 1.57791 -1.11086 0.606549 0.0662777 -1.38233 -1.96054 -1.13132 -0.4772 
1.14711 -1.89978 -1.69366 1.42555 -1.29175 -1.13917 1.55759 -1.11086 0.606549 0.0662777 -1.38233 -1.96054 -1.13132 -0.4772 
1.14633 -1.89944 -1.69294 1.42213 -1.28891 -1.14703 1.54078 -1.11086 0.606549 0.0662777 -1.38233 -1.96054 -1.13132 -0.4772 
1.14623 -1.89776 -1.6908 1.41838 -1.28289 -1.15503 1.52652 -1.11086 0.606549 0.0662777 -1.38233 -1.96054 -1.13132 -0.4772 
1.14648 -1.89547 -1.68833 1.41474 -1.27631 -1.16263 1.51245 -1.11086 0.606549 0.0662777 -1.38233 -1.96054 -1.13132 -0.4772 
1.14687 -1.89687 -1.68908 1.41717 -1.27745 -1.16434 1.50992 -1.11086 0.606549 0.0662777 -1.38233 -1.96054 -1.13132 -0.4772 
1.14765 -1.89625 -1.68864 1.41823 -1.27535 -1.16706 1.50612 -1.11086 0.606549 0.0662777 -1.38233 -1.96054 -1.13132 -0.4772 
1.14905 -1.89431 -1.68654 1.41817 -1.27029 -1.1706 1.50128 -1.11086 0.606549 0.0662777 -1.38233 -1.96054 -1.13132 -0.4772 
1.15076 -1.89319 -1.68522 1.4196 -1.26702 -1.17273 1.49889 -1.11086 0.606549 0.0662777 -1.38233 -1.96054 -1.13132 -0.4772 
1.15362 -1.89352 -1.68436 1.42469 -1.26645 -1.17178 1.50076 -1.11086 0.606549 0.0662777 -1.38233 -1.96054 -1.13132 -0.4772 
1.15613 -1.88826 -1.67819 1.42157 -1.25378 -1.17789 1.49298 -1.11086 0.606549 0.0662777 -1.38233 -1.96054 -1.13132 -0.4772 
1.15928 -1.88211 -1.67133 1.41845 -1.24049 -1.18395 1.48324 -1.11086 0.606549 0.0662777 -1.38233 -1.96054 -1.13132 -0.4772 
1.16232 -1.87746 -1.66613 1.41734 -1.23183 -1.18658 1.47594 -1.11086 0.606549 0.0662777 -1.38233 -1.96054 -1.13132 -0.4772 
1.16482 -1.87119 -1.65983 1.4132 -1.22033 -1.19236 1.46383 -1.11086 0.606549 0.0662777 -1.38233 -1.96054 -1.13132 -0.4772 
1.16679 -1.86569 -1.65391 1.40861 -1.20888 -1.19868 1.45347 -1.11086 0.606549 0.0662777 -1.38233 -1.96054 -1.13132 -0.4772 
1.16857 -1.85849 -1.6467 1.40223 -1.19446 -1.20688 1.44036 -1.11086 0.606549 0.0662777 -1.38233 -1.96054 -1.13132 -0.4772 
1.17044 -1.85088 -1.63917 1.3956 -1.17932 -1.21581 1.42626 -1.11086 0.606549 0.0662777 -1.38233 -1.96054 -1.13132 -0.4772 
1.17275 -1.84446 -1.63325 1.3914 -1.16868 -1.22096 1.41547 -1.11086 0.606549 0.0662777 -1.38233 -1.96054 -1.13132 -0.4772 
1.17545 -1.83986 -1.62862 1.39019 -1.16181 -1.2225 1.4097 -1.11086 0.606549 0.0662777 -1.38233 -1.96054 -1.13132 -0.4772 
1.17778 -1.8342 -1.62332 1.3879 -1.15315 -1.2249 1.40303 -1.11086 0.606549 0.0662777 -1.38233 -1.96054 -1.13132 -0.4772 
1.17762 -1.83001 -1.61846 1.38158 -1.14151 -1.23465 1.39435 -1.11086 0.606549 0.0662777 -1.38233 -1.96054 -1.13132 -0.4772 
1.17619 -1.82544 -1.61397 1.37272 -1.12829 -1.24765 1.38504 -1.11086 0.606549 0.0662777 -1.38233 -1.96054 -1.13132 -0.4772 
1.17636 -1.81858 -1.60871 1.36504 -1.11565 -1.25594 1.37708 -1.11086 0.606549 0.0662777 -1.38233 -1.96054 -1.13132 -0.4772 
1.17682 -1.81742 -1.6079 1.36487 -1.11441 -1.25553 1.37686 -1.11086 0.606549 0.0662777 -1.38233 -1.96054 -1.13132 -0.4772 
1.18225 -1.81304 -1.60638 1.37461 -1.11472 -1.24306 1.38603 -1.11086 0.606549 0.0662777 -1.38233 -1.96054 -1.13132 -0.4772 
1.18197 -1.81361 -1.60694 1.37486 -1.11539 -1.243 1.38725 -1.11086 0.606549 0.0662777 -1.38233 -1.96054 -1.13132 -0.4772 
1.18131 -1.8133 -1.6066 1.3732 -1.11346 -1.24566 1.38638 -1.11086 0.606549 0.0662777 -1.38233 -1.96054 -1.13132 -0.4772 
1.18196 -1.8136 -1.60682 1.37486 -1.11524 -1.24306 1.38747 -1.11086 0.606549 0.0662777 -1.38233 -1.96054 -1.13132 -0.4772 
1.18211 -1.81195 -1.60571 1.37377 -1.11354 -1.24388 1.38461 -1.11086 0.606549 0.0662777 -1.38233 -1.96054 -1.13132 -0.4772 
1.18238 -1.81308 -1.60671 1.37549 -1.11588 -1.2421 1.38716 -1.11086 0.606549 0.0662777 -1.38233 -1.96054 -1.13132 -0.4772 
1.18255 -1.81378 -1.60695 1.37628 -1.11619 -1.24167 1.38864 -1.11086 0.606549 0.0662777 -1.38233 -1.96054 -1.13132 -0.4772 
1.18178 -1.81236 -1.60571 1.37276 -1.11211 -1.24608 1.38562 -1.11086 0.606549 0.0662777 -1.38233 -1.96054 -1.13132 -0.4772 
1.1819 -1.81251 -1.60596 1.37346 -1.11268 -1.24512 1.38681 -1.11086 0.606549 0.0662777 -1.38233 -1.96054 -1.13132 -0.4772 
1.18169 -1.81206 -1.60581 1.37273 -1.11255 -1.24566 1.38511 -1.11086 0.606549 0.0662777 -1.38233 -1.96054 -1.13132 -0.4772 
1.18146 -1.81215 -1.60596 1.37207 -1.11216 -1.2467 1.38441 -1.11086 0.606549 0.0662777 -1.38233 -1.96054 -1.13132 -0.4772 
1.12746 -1.68603 -1.80069 1.47084 -1.62727 -0.334462 2.10176 -1.11086 0.606549 0.0662777 -1.38233 -1.96054 -1.13132 -0.4772 
1.11865 -1.63995 -1.78688 1.46829 -1.8733 -0.297926 2.32758 -1.11086 0.606549 0.0662777 -1.38233 -1.96054 -1.13132 -0.4772 
1.11946 -1.63351 -1.78366 1.46839 -1.88882 -0.296936 2.33783 -1.11086 0.606549 0.0662777 -1.38233 -1.96054 -1.13132 -0.4772 
1.12127 -1.63284 -1.78522 1.46787 -1.8876 -0.29175 2.33258 -1.11086 0.606549 0.0662777 -1.38233 -1.96054 -1.13132 -0.4772 
1.12471 -1.63354 -1.78832 1.46812 -1.88092 -0.28409 2.32287 -1.11086 0.606549 0.0662777 -1.38233 -1.96054 -1.13132 -0.4772 
1.1298 -1.63292 -1.79045 1.473 -1.87991 -0.280234 2.31892 -1.11086 0.606549 0.0662777 -1.38233 -1.96054 -1.13132 -0.4772 
1.13373 -1.63281 -1.79337 1.47702 -1.87679 -0.275656 2.31297 -1.11086 0.606549 0.0662777 -1.38233 -1.96054 -1.13132 -0.4772 
1.1365 -1.63274 -1.79544 1.47994 -1.87464 -0.272526 2.30876 -1.11086 0.606549 0.0662777 -1.38233 -1.96054 -1.13132 -0.4772 
1.13846 -1.6328 -1.7971 1.48202 -1.8728 -0.270134 2.30552 -1.11086 0.606549 0.0662777 -1.38233 -1.96054 -1.13132 -0.4772 
1.13997 -1.63275 -1.79816 1.48362 -1.87173 -0.268612 2.30327 -1.11086 0.606549 0.0662777 -1.38233 -1.96054 -1.13132 -0.4772 
1.14115 -1.63275 -1.79907 1.48487 -1.87097 -0.267313 2.30163 -1.11086 0.606549 0.0662777 -1.38233 -1.96054 -1.13132 -0.4772 
1.14205 -1.6327 -1.79973 1.48584 -1.87031 -0.266282 2.3002 -1.11086 0.606549 0.0662777 -1.38233 -1.96054 -1.13132 -0.4772 
1.14286 -1.63258 -1.80009 1.48674 -1.87064 -0.265828 2.29963 -1.11086 0.606549 0.0662777 -1.38233 -1.96054 -1.13132 -0.4772 
1.14345 -1.63251 -1.80064 1.48728 -1.87044 -0.26488 2.29861 -1.11086 0.606549 0.0662777 -1.38233 -1.96054 -1.13132 -0.4772 
1.14484 -1.63268 -1.80191 1.48855 -1.86878 -0.26295 2.29604 -1.11086 0.606549 0.0662777 -1.38233 -1.96054 -1.13132 -0.4772 
1.14708 -1.63289 -1.80393 1.4904 -1.86594 -0.259595 2.29161 -1.11086 0.606549 0.0662777 -1.38233 -1.96054 -1.13132 -0.4772 
1.14908 -1.63254 -1.80478 1.49282 -1.86646 -0.258534 2.29069 -1.11086 0.606549 0.0662777 -1.38233 -1.96054 -1.13132 -0.4772 
1.15021 -1.63246 -1.80575 1.49437 -1.86606 -0.257555 2.28918 -1.11086 0.606549 0.0662777 -1.38233 -1.96054 -1.13132 -0.4772 
1.15042 -1.63257 -1.80614 1.49468 -1.86527 -0.257085 2.28812 -1.11086 0.606549 0.0662777 -1.38233 -1.96054 -1.13132 -0.4772 
1.1505 -1.63252 -1.80612 1.4948 -1.86547 -0.257175 2.28825 -1.11086 0.606549 0.0662777 -1.38233 -1.96054 -1.13132 -0.4772 
1.15054 -1.63254 -1.80614 1.49486 -1.86546 -0.257193 2.28824 -1.11086 0.606549 0.0662777 -1.38233 -1.96054 -1.13132 -0.4772 
1.15058 -1.63255 -1.80607 1.49487 -1.8657 -0.25733 2.28839 -1.11086 0.606549 0.0662777 -1.38233 -1.96054 -1.13132 -0.4772 
1.15058 -1.63252 -1.80608 1.49485 -1.8656 -0.257318 2.28828 -1.11086 0.606549 0.0662777 -1.38233 -1.96054 -1.13132 -0.4772 
1.1506 -1.63252 -1.80604 1.49487 -1.86589 -0.257404 2.28847 -1.11086 0.606549 0.0662777 -1.38233 -1.96054 -1.13132 -0.4772 
1.15061 -1.63249 -1.806 1.49489 -1.866 -0.257448 2.28855 -1.11086 0.606549 0.0662777 -1.38233 -1.96054 -1.13132 -0.4772 
1.15059 -1.6325 -1.80613 1.49487 -1.8655 -0.257145 2.28817 -1.11086 0.606549 0.0662777 -1.38233 -1.96054 -1.13132 -0.4772 
1.15064 -1.63256 -1.80603 1.49501 -1.86564 -0.257532 2.28851 -1.11086 0.606549 0.0662777 -1.38233 -1.96054 -1.13132 -0.4772 
1.1506 -1.6325 -1.80606 1.49482 -1.86601 -0.257317 2.28839 -1.11086 0.606549 0.0662777 -1.38233 -1.96054 -1.13132 -0.4772 
1.15051 -1.63218 -1.80614 1.49442 -1.86641 -0.256556 2.28769 -1.11086 0.606549 0.0662777 -1.38233 -1.96054 -1.13132 -0.4772 
1.15036 -1.63198 -1.80639 1.49393 -1.86644 -0.255568 2.28683 -1.11086 0.606549 0.0662777 -1.38233 -1.96054 -1.13132 -0.4772 
1.15033 -1.63176 -1.80629 1.49375 -1.86719 -0.255447 2.28688 -1.11086 0.606549 0.0662777 -1.38233 -1.96054 -1.13132 -0.4772 
1.15027 -1.63164 -1.80636 1.49351 -1.86735 -0.255067 2.28654 -1.11086 0.606549 0.0662777 -1.38233 -1.96054 -1.13132 -0.4772 
1.15027 -1.6316 -1.80636 1.4935 -1.8675 -0.254962 2.28654 -1.11086 0.606549 0.0662777 -1.38233 -1.96054 -1.13132 -0.4772 
1.15028 -1.63155 -1.80629 1.49345 -1.86782 -0.255065 2.28666 -1.11086 0.606549 0.0662777 -1.38233 -1.96054 -1.13132 -0.4772 
1.15026 -1.63153 -1.80632 1.49341 -1.86772 -0.254919 2.28655 -1.11086 0.606549 0.0662777 -1.38233 -1.96054 -1.13132 -0.4772 
1.15027 -1.63151 -1.80629 1.49341 -1.86792 -0.25498 2.28664 -1.11086 0.606549 0.0662777 -1.38233 -1.96054 -1.13132 -0.4772 
1.15027 -1.63149 -1.80632 1.4934 -1.8678 -0.254868 2.28656 -1.11086 0.606549 0.0662777 -1.38233 -1.96054 -1.13132 -0.4772 
1.15027 -1.63144 -1.80629 1.49343 -1.86786 -0.254836 2.28661 -1.11086 0.606549 0.0662777 -1.38233 -1.96054 -1.13132 -0.4772 
1.15027 -1.63145 -1.8063 1.49343 -1.86782 -0.254833 2.2866 -1.11086 0.606549 0.0662777 -1.38233 -1.96054 -1.13132 -0.4772 
1.1503 -1.6315 -1.80628 1.49356 -1.86759 -0.255 2.28674 -1.11086 0.606549 0.0662777 -1.38233 -1.96054 -1.13132 -0.4772 
1.15027 -1.63156 -1.80637 1.49354 -1.86717 -0.25485 2.28651 -1.11086 0.606549 0.0662777 -1.38233 -1.96054 -1.13132 -0.4772 
1.1503 -1.63189 -1.80651 1.49376 -1.866 -0.255031 2.28635 -1.11086 0.606549 0.0662777 -1.38233 -1.96054 -1.13132 -0.4772 
1.15046 -1.63217 -1.80627 1.4944 -1.8656 -0.256145 2.28735 -1.11086 0.606549 0.0662777 -1.38233 -1.96054 -1.13132 -0.4772 
1.15043 -1.63225 -1.80639 1.49437 -1.86499 -0.255954 2.28699 -1.11086 0.606549 0.0662777 -1.38233 -1.96054 -1.13132 -0.4772 
1.15044 -1.63239 -1.80643 1.49454 -1.86437 -0.25613 2.28704 -1.11086 0.606549 0.0662777 -1.38233 -1.96054 -1.13132 -0.4772 
1.1504 -1.63225 -1.80645 1.49437 -1.86451 -0.25581 2.28683 -1.11086 0.606549 0.0662777 -1.38233 -1.96054 -1.13132 -0.4772 
1.15038 -1.63227 -1.80654 1.49433 -1.86396 -0.255601 2.28651 -1.11086 0.606549 0.0662777 -1.38233 -1.96054 -1.13132 -0.4772 
1.15036 -1.63231 -1.80661 1.49431 -1.86365 -0.255447 2.28634 -1.11086 0.606549 0.0662777 -1.38233 -1.96054 -1.13132 -0.4772 
1.15033 -1.63233 -1.80669 1.49426 -1.86318 -0.255246 2.28599 -1.11086 0.606549 0.0662777 -1.38233 -1.96054 -1.13132 -0.4772 
1.15033 -1.63233 -1.80671 1.49426 -1.86313 -0.255206 2.28599 -1.11086 0.606549 0.0662777 -1.38233 -1.96054 -1.13132 -0.4772 
1.15036 -1.6323 -1.80662 1.49429 -1.8634 -0.255408 2.28617 -1.11086 0.606549 0.0662777 -1.38233 -1.96054 -1.13132 -0.4772 
1.1503 -1.63208 -1.80667 1.49404 -1.86387 -0.254876 2.28594 -1.11086 0.606549 0.0662777 -1.38233 -1.96054 -1.13132 -0.4772 
1.15026 -1.63193 -1.80669 1.49387 -1.86407 -0.254562 2.28577 -1.11086 0.606549 0.0662777 -1.38233 -1.96054 -1.13132 -0.4772 
1.1502 -1.63193 -1.80683 1.4937 -1.86384 -0.254213 2.28535 -1.11086 0.606549 0.0662777 -1.38233 -1.96054 -1.13132 -0.4772 
