1.03938 -1.77374 -1.57935 1.27543 -1.28514 -1.30078 2.10171 -1.86337 1.47405 -1.4458 1.57612 2.81349 0.504788 -2.55896 
1.03463 -1.768 -1.57411 1.25977 -1.28006 -1.30275 2.07847 -1.86667 1.4684 -1.43783 1.56894 2.78771 0.532191 -2.59991 
1.03191 -1.76654 -1.57387 1.254 -1.28 -1.3032 2.07054 -1.86426 1.47 -1.43154 1.5611 2.77325 0.548833 -2.62771 
1.02911 -1.76766 -1.57583 1.24964 -1.27988 -1.30893 2.06612 -1.86428 1.46158 -1.43582 1.55945 2.77657 0.551975 -2.61695 
1.0265 -1.76902 -1.57737 1.24472 -1.27944 -1.31469 2.06094 -1.86567 1.45464 -1.44102 1.56121 2.78229 0.546532 -2.60104 
1.02772 -1.76889 -1.57663 1.24596 -1.27825 -1.31441 2.06426 -1.8645 1.45039 -1.44292 1.55755 2.78241 0.55131 -2.59855 
1.03101 -1.7704 -1.57822 1.25415 -1.27963 -1.31301 2.07387 -1.86204 1.44985 -1.44271 1.55157 2.77945 0.558627 -2.6041 
1.03778 -1.77138 -1.57933 1.26816 -1.28159 -1.31004 2.08228 -1.86018 1.44993 -1.44332 1.54661 2.78092 0.564463 -2.60296 
1.04819 -1.76996 -1.57755 1.2867 -1.28173 -1.30349 2.08975 -1.85841 1.46375 -1.43689 1.54539 2.77564 0.564278 -2.62166 
1.05597 -1.76912 -1.57647 1.30146 -1.28192 -1.29842 2.09699 -1.85618 1.47703 -1.42971 1.54347 2.76809 0.565035 -2.64429 
1.06334 -1.76842 -1.57577 1.31546 -1.28319 -1.29292 2.10416 -1.85373 1.47919 -1.42763 1.53795 2.76482 0.572613 -2.65302 
1.06817 -1.76836 -1.57552 1.32503 -1.28418 -1.28935 2.11007 -1.85243 1.47357 -1.42847 1.53393 2.75921 0.579143 -2.65871 
1.07175 -1.76864 -1.57557 1.33247 -1.28495 -1.28724 2.11428 -1.85111 1.46482 -1.43249 1.52833 2.76195 0.587557 -2.64952 
1.07362 -1.77019 -1.57693 1.33842 -1.28701 -1.28666 2.11851 -1.85119 1.4674 -1.43265 1.528 2.76695 0.585726 -2.64348 
1.07855 -1.76887 -1.57547 1.34654 -1.28547 -1.28446 2.12179 -1.85152 1.46862 -1.43226 1.52832 2.76566 0.582193 -2.6452 
1.08538 -1.76812 -1.57439 1.35817 -1.28521 -1.28116 2.12666 -1.85065 1.46658 -1.43275 1.52464 2.76316 0.585634 -2.64824 
1.09096 -1.76833 -1.57401 1.36875 -1.28452 -1.27966 2.13302 -1.84987 1.47761 -1.42806 1.52334 2.76277 0.584507 -2.65768 
1.09705 -1.76884 -1.57421 1.38123 -1.28592 -1.27615 2.14111 -1.85107 1.47754 -1.42991 1.52545 2.76427 0.57736 -2.65273 
1.10207 -1.7693 -1.57441 1.39179 -1.28659 -1.27462 2.14619 -1.85034 1.4809 -1.42959 1.52308 2.76964 0.578195 -2.64724 
1.10387 -1.77051 -1.57472 1.39692 -1.28542 -1.27676 2.1492 -1.85047 1.48597 -1.42539 1.52177 2.76572 0.580508 -2.65872 
1.1033 -1.77277 -1.57597 1.39803 -1.28453 -1.28092 2.152 -1.85192 1.4917 -1.42203 1.52383 2.7663 0.576834 -2.66218 
1.10158 -1.77469 -1.57718 1.39646 -1.28428 -1.28438 2.15327 -1.85143 1.49296 -1.41585 1.51987 2.75591 0.586995 -2.68367 
1.33707 -1.71652 -1.67424 1.91521 -1.50204 -1.04457 2.40523 -1.85146 1.49255 -1.41686 1.52035 2.75749 0.585614 -2.6805 
1.33627 -1.71624 -1.67169 1.9142 -1.49667 -1.04635 2.40475 -1.8809 1.57544 -1.40659 1.58554 2.80151 0.475008 -2.64548 
1.33635 -1.71619 -1.6718 1.9143 -1.49676 -1.04625 2.40485 -1.88518 1.59895 -1.3996 1.59907 2.80444 0.453024 -2.65176 
1.33635 -1.71619 -1.6718 1.9143 -1.49676 -1.04625 2.40487 -1.88125 1.6014 -1.39312 1.59321 2.79191 0.465209 -2.6746 
1.33635 -1.71619 -1.6718 1.9143 -1.49676 -1.04625 2.40488 -1.87623 1.57383 -1.40196 1.58284 2.79018 0.480441 -2.66342 
1.33635 -1.71619 -1.6718 1.9143 -1.49677 -1.04626 2.40491 -1.8694 1.54203 -1.41358 1.57208 2.78949 0.493039 -2.64657 
1.33635 -1.71619 -1.6718 1.9143 -1.49677 -1.04626 2.40491 -1.85895 1.52204 -1.42016 1.55728 2.78886 0.51216 -2.63876 
1.33635 -1.71619 -1.6718 1.9143 -1.49677 -1.04626 2.40491 -1.84827 1.50811 -1.42311 1.54626 2.77904 0.523869 -2.64676 
1.33635 -1.71619 -1.6718 1.9143 -1.49677 -1.04626 2.40491 -1.83629 1.48664 -1.42961 1.53111 2.77071 0.542335 -2.6484 
1.33635 -1.71619 -1.6718 1.9143 -1.49677 -1.04626 2.40491 -1.82435 1.47041 -1.43424 1.51548 2.76598 0.562272 -2.6488 
1.33635 -1.71619 -1.6718 1.9143 -1.49677 -1.04626 2.40491 -1.81072 1.44469 -1.44352 1.49619 2.76167 0.588351 -2.64204 
1.33635 -1.71619 -1.6718 1.9143 -1.49677 -1.04626 2.40491 -1.79803 1.4187 -1.45742 1.47933 2.76752 0.607797 -2.6154 
1.33635 -1.71619 -1.6718 1.9143 -1.49677 -1.04626 2.40491 -1.78518 1.39987 -1.46703 1.46424 2.7657 0.623782 -2.6051 
1.33635 -1.71619 -1.6718 1.9143 -1.49677 -1.04625 2.40491 -1.77303 1.38773 -1.47385 1.45337 2.76087 0.631211 -2.6027 
1.33635 -1.71619 -1.6718 1.9143 -1.49677 -1.04625 2.40491 -1.75896 1.36916 -1.4847 1.43638 2.76123 0.649263 -2.58854 
1.33635 -1.71619 -1.6718 1.9143 -1.49677 -1.04625 2.40491 -1.74971 1.36294 -1.48878 1.428 2.75755 0.654221 -2.589 
1.33635 -1.71619 -1.6718 1.91431 -1.49677 -1.04625 2.40492 -1.74434 1.35164 -1.4967 1.42475 2.75499 0.654207 -2.58017 
1.33635 -1.71619 -1.6718 1.9143 -1.49677 -1.04625 2.40491 -1.73839 1.34908 -1.49942 1.41482 2.75903 0.667757 -2.57377 
1.33635 -1.71619 -1.6718 1.9143 -1.49677 -1.04625 2.40491 -1.73535 1.35133 -1.49922 1.40752 2.765 0.678872 -2.56902 
1.33635 -1.71619 -1.6718 1.9143 -1.49677 -1.04625 2.40491 -1.73899 1.35693 -1.497 1.41363 2.76598 0.66804 -2.57025 
1.33635 -1.71619 -1.6718 1.91431 -1.49677 -1.04625 2.40492 -1.7405 1.36102 -1.49507 1.41516 2.76668 0.665765 -2.57262 
1.33635 -1.71619 -1.6718 1.91431 -1.49677 -1.04625 2.40492 -1.74233 1.3643 -1.49271 1.41708 2.76485 0.663569 -2.57843 
1.33635 -1.71619 -1.6718 1.9143 -1.49677 -1.04625 2.40492 -1.74098 1.35361 -1.49713 1.41248 2.76301 0.672206 -2.57349 
1.33635 -1.71619 -1.6718 1.9143 -1.49677 -1.04625 2.40492 -1.74283 1.36185 -1.49223 1.41637 2.76066 0.666342 -2.58447 
1.13398 -1.76757 -1.58522 1.46189 -1.30388 -1.24226 2.1851 -1.70559 1.29277 -1.51396 1.36839 2.70313 0.756617 -2.63887 
1.13398 -1.76757 -1.58523 1.46189 -1.30388 -1.24226 2.18512 -1.71444 1.26589 -1.52874 1.39681 2.68683 0.718719 -2.61985 
1.13397 -1.76755 -1.5852 1.46185 -1.30379 -1.24231 2.18511 -1.722 1.26385 -1.53085 1.41421 2.68457 0.692693 -2.61203 
1.13394 -1.76761 -1.58523 1.46184 -1.3038 -1.24238 2.18517 -1.72473 1.26117 -1.53343 1.41928 2.68501 0.683985 -2.60486 
1.13395 -1.76756 -1.58519 1.4618 -1.3037 -1.2424 2.18511 -1.72749 1.26349 -1.53305 1.42339 2.68736 0.676649 -2.60064 
1.1339 -1.76765 -1.58523 1.46177 -1.3037 -1.24251 2.18515 -1.72966 1.2669 -1.53179 1.42589 2.69032 0.671903 -2.59789 
1.13385 -1.76774 -1.58527 1.46174 -1.3037 -1.24263 2.18519 -1.73065 1.26964 -1.52884 1.42627 2.68894 0.67281 -2.60442 
1.13385 -1.76772 -1.58524 1.46169 -1.30362 -1.24268 2.18515 -1.73192 1.26766 -1.52836 1.4264 2.68931 0.676564 -2.60396 
1.13393 -1.76772 -1.58529 1.46189 -1.30398 -1.24236 2.18518 -1.73193 1.26382 -1.52933 1.42138 2.69394 0.690459 -2.59765 
1.134 -1.76793 -1.58549 1.46232 -1.30474 -1.24193 2.18559 -1.73708 1.26747 -1.52558 1.42636 2.69264 0.689467 -2.60472 
1.13412 -1.76804 -1.58562 1.46274 -1.30539 -1.24145 2.18598 -1.74376 1.27616 -1.52033 1.4328 2.69496 0.685595 -2.6099 
1.13414 -1.76835 -1.58582 1.46316 -1.30601 -1.2412 2.18673 -1.74616 1.27229 -1.52092 1.43044 2.6978 0.697961 -2.60584 
1.13424 -1.76844 -1.58593 1.46352 -1.30654 -1.2408 2.1871 -1.7486 1.27662 -1.51762 1.42851 2.70262 0.70687 -2.60645 
1.13435 -1.76836 -1.58593 1.46369 -1.30677 -1.24049 2.1871 -1.75565 1.2886 -1.50908 1.43548 2.69981 0.703216 -2.62463 
1.13436 -1.76833 -1.58591 1.46368 -1.30674 -1.24048 2.18707 -1.75739 1.28758 -1.50896 1.43239 2.70484 0.714082 -2.61972 
1.13446 -1.76812 -1.58581 1.4637 -1.30667 -1.24029 2.18691 -1.76213 1.28931 -1.5069 1.43573 2.70502 0.715003 -2.62241 
1.13443 -1.76816 -1.58583 1.46368 -1.30665 -1.24035 2.18695 -1.76776 1.29218 -1.50368 1.4414 2.70315 0.713201 -2.62894 
1.13451 -1.76805 -1.58579 1.46375 -1.30672 -1.24016 2.1869 -1.7744 1.29939 -1.4987 1.44777 2.70328 0.710042 -2.63643 
1.13459 -1.76794 -1.58576 1.46385 -1.30683 -1.23991 2.18685 -1.77633 1.29741 -1.49829 1.44553 2.70401 0.71958 -2.63693 
1.13465 -1.76782 -1.5857 1.46389 -1.30681 -1.23977 2.18681 -1.77786 1.29117 -1.50181 1.4441 2.70746 0.725442 -2.62596 
1.13474 -1.76777 -1.58573 1.46407 -1.30712 -1.23945 2.1868 -1.78234 1.30053 -1.49773 1.44979 2.70681 0.717274 -2.63422 
1.13473 -1.76764 -1.58563 1.4639 -1.30678 -1.2396 2.18662 -1.78346 1.29941 -1.4984 1.4508 2.70334 0.715722 -2.63759 
1.13474 -1.76731 -1.5854 1.46353 -1.30607 -1.23984 2.18614 -1.78503 1.30379 -1.49687 1.45335 2.70211 0.709771 -2.64184 
1.13469 -1.76706 -1.58521 1.46312 -1.30542 -1.24017 2.18554 -1.78484 1.30768 -1.4939 1.45322 2.69698 0.708186 -2.65416 
1.1347 -1.76667 -1.58495 1.4627 -1.30475 -1.24035 2.18477 -1.7836 1.30564 -1.49457 1.45113 2.69484 0.710785 -2.65636 
1.13469 -1.76653 -1.58486 1.4625 -1.30445 -1.24048 2.18445 -1.78287 1.30225 -1.49627 1.45006 2.693 0.711568 -2.65585 
1.1347 -1.76659 -1.5849 1.46266 -1.30459 -1.24038 2.18477 -1.78158 1.29936 -1.49817 1.44736 2.69232 0.71523 -2.65464 
1.13486 -1.7665 -1.58493 1.46309 -1.30503 -1.23981 2.1853 -1.78241 1.3026 -1.4972 1.44797 2.69368 0.713783 -2.65493 
1.13497 -1.7665 -1.58499 1.46343 -1.30545 -1.23938 2.18571 -1.78249 1.30367 -1.49635 1.44752 2.69263 0.715088 -2.65833 
1.13508 -1.7664 -1.58498 1.46365 -1.30568 -1.23903 2.18586 -1.78348 1.3102 -1.49368 1.4478 2.6945 0.713961 -2.66191 
1.13431 -1.76699 -1.58508 1.46229 -1.30464 -1.24096 2.18439 -1.782 1.30364 -1.49772 1.44395 2.69591 0.720123 -2.65384 
1.1343 -1.767 -1.58509 1.46229 -1.30464 -1.24096 2.18441 -1.78112 1.30036 -1.49967 1.44212 2.69827 0.723327 -2.64722 
1.13157 -1.76902 -1.58642 1.45986 -1.30517 -1.24147 2.20068 -1.77983 1.30225 -1.49852 1.43869 2.70036 0.728817 -2.6479 
1.12751 -1.77151 -1.58808 1.45535 -1.30509 -1.24344 2.21689 -1.77708 1.29406 -1.50288 1.43364 2.70266 0.73712 -2.638 
1.12253 -1.77402 -1.58996 1.44909 -1.30498 -1.24582 2.2331 -1.77622 1.29444 -1.50328 1.4316 2.70581 0.739768 -2.63405 
1.11707 -1.77678 -1.59205 1.44232 -1.30487 -1.24863 2.24963 -1.77673 1.29534 -1.50392 1.43241 2.70989 0.737647 -2.62693 
1.11155 -1.77954 -1.59417 1.43548 -1.30468 -1.2515 2.26647 -1.77652 1.29672 -1.50234 1.43193 2.70699 0.738602 -2.63382 
1.10637 -1.78222 -1.59629 1.42909 -1.30448 -1.25427 2.28318 -1.77828 1.29994 -1.49976 1.43549 2.70245 0.732924 -2.64378 
