0.336023 -1.4377 -0.679485 0.0411118 -2.63457 1.85927 2.22362 -1.11382 0.606668 0.070839 -1.38232 -1.96292 -1.12968 -0.476449 
0.322034 -1.4339 -0.508104 0.117712 -2.67134 2.03461 2.19414 -1.11382 0.606665 0.0708397 -1.38233 -1.96292 -1.12967 -0.476453 
0.317774 -1.43105 -0.421736 0.118572 -2.75484 2.0325 2.19923 -1.11382 0.606665 0.0708397 -1.38233 -1.96292 -1.12967 -0.476453 
0.316291 -1.42831 -0.384149 0.120728 -2.79122 2.03258 2.20093 -1.11382 0.606665 0.0708397 -1.38233 -1.96292 -1.12967 -0.476453 
0.314724 -1.42844 -0.367985 0.119208 -2.80834 2.03149 2.20308 -1.11382 0.606665 0.0708397 -1.38233 -1.96292 -1.12967 -0.476453 
0.313489 -1.42979 -0.360493 0.118767 -2.81654 2.03157 2.19899 -1.11382 0.606665 0.0708397 -1.38233 -1.96292 -1.12967 -0.476453 
0.316059 -1.42859 -0.358799 0.120503 -2.82155 2.03381 2.19529 -1.11382 0.606665 0.0708397 -1.38233 -1.96292 -1.12967 -0.476453 
0.315695 -1.42631 -0.357112 0.123173 -2.82206 2.03533 2.19255 -1.11382 0.606665 0.0708397 -1.38233 -1.96292 -1.12967 -0.476453 
0.315982 -1.42594 -0.368539 0.121699 -2.82326 2.03459 2.18358 -1.11382 0.606665 0.0708397 -1.38233 -1.96292 -1.12967 -0.476453 
0.315892 -1.4238 -0.367624 0.121067 -2.82189 2.03265 2.18803 -1.11382 0.606665 0.0708397 -1.38233 -1.96292 -1.12967 -0.476453 
0.316416 -1.42408 -0.37752 0.114296 -2.82272 2.02757 2.18649 -1.11382 0.606665 0.0708397 -1.38233 -1.96292 -1.12967 -0.476453 
0.318083 -1.42552 -0.381689 0.119593 -2.82276 2.03625 2.17302 -1.11382 0.606665 0.0708397 -1.38233 -1.96292 -1.12967 -0.476453 
0.317109 -1.42896 -0.389298 0.1143 -2.82296 2.03322 2.1525 -1.11382 0.606665 0.0708397 -1.38233 -1.96292 -1.12967 -0.476453 
0.315265 -1.43192 -0.398046 0.113108 -2.82299 2.0348 2.13815 -1.11382 0.606665 0.0708397 -1.38233 -1.96292 -1.12967 -0.476453 
