1.04277 -1.89237 -1.77146 1.28352 -1.06327 -1.11609 1.98583 -1.78035 1.82024 -1.07128 1.61119 2.04105 0.729944 -2.08403 
1.04854 -1.88564 -1.76553 1.28537 -1.06331 -1.10298 1.97705 -1.7812 1.8389 -1.08177 1.63203 2.01605 0.670819 -2.06625 
1.04466 -1.88303 -1.76555 1.27718 -1.06456 -1.10323 1.96956 -1.76373 1.84239 -1.05132 1.60433 2.0302 0.730421 -2.18266 
1.04098 -1.8804 -1.76516 1.26858 -1.06303 -1.10898 1.96026 -1.76693 1.8429 -1.05421 1.61108 2.01928 0.722255 -2.18915 
1.03929 -1.88135 -1.76634 1.26513 -1.06243 -1.11486 1.95746 -1.77979 1.83801 -1.07823 1.62925 2.00851 0.678877 -2.10129 
1.03862 -1.88417 -1.76842 1.26594 -1.0629 -1.11771 1.96273 -1.76349 1.83308 -1.05034 1.60091 2.01962 0.744072 -2.21926 
1.04217 -1.88678 -1.77038 1.27506 -1.06415 -1.11409 1.9732 -1.77618 1.83771 -1.07333 1.62073 2.01194 0.69209 -2.12334 
1.0487 -1.88862 -1.77125 1.28884 -1.06608 -1.1082 1.98004 -1.75768 1.82169 -1.04741 1.58341 2.03096 0.770099 -2.22608 
1.05777 -1.88925 -1.76981 1.30532 -1.06615 -1.10091 1.98555 -1.75289 1.82129 -1.04226 1.57477 2.0307 0.784796 -2.25956 
1.06795 -1.88854 -1.76722 1.32245 -1.06594 -1.09063 1.9912 -1.75458 1.81582 -1.04785 1.57419 2.03314 0.780758 -2.23047 
1.07331 -1.89003 -1.76738 1.33349 -1.06716 -1.08607 1.99595 -1.74835 1.82283 -1.03891 1.56634 2.03609 0.791328 -2.26826 
1.07846 -1.89121 -1.76769 1.34393 -1.06916 -1.08049 2.0008 -1.75782 1.83667 -1.05038 1.58571 2.02732 0.748216 -2.2191 
1.08131 -1.8931 -1.76862 1.35109 -1.071 -1.07708 2.00558 -1.75763 1.83962 -1.0498 1.58581 2.02723 0.745158 -2.22003 
1.08583 -1.89247 -1.76715 1.35833 -1.07033 -1.07338 2.0079 -1.75216 1.82182 -1.04423 1.57003 2.03057 0.778142 -2.25006 
1.09087 -1.89235 -1.76637 1.36673 -1.07082 -1.06823 2.01092 -1.74722 1.82819 -1.03582 1.5626 2.03622 0.789592 -2.2806 
1.09606 -1.89389 -1.7668 1.37671 -1.07107 -1.0659 2.01575 -1.74272 1.8387 -1.02797 1.55685 2.04348 0.793371 -2.30184 
1.09998 -1.89527 -1.76665 1.38489 -1.06997 -1.065 2.02045 -1.74125 1.83728 -1.02695 1.55188 2.04609 0.797396 -2.30315 
1.10403 -1.89687 -1.76742 1.39438 -1.071 -1.06117 2.02669 -1.74256 1.83408 -1.02999 1.55082 2.04564 0.794477 -2.28956 
1.11093 -1.89733 -1.7662 1.40647 -1.0696 -1.05864 2.03 -1.74351 1.83904 -1.02941 1.55424 2.04031 0.786332 -2.29642 
1.11449 -1.89926 -1.76707 1.41531 -1.07108 -1.05615 2.03352 -1.74315 1.84519 -1.02636 1.55418 2.04435 0.783967 -2.29823 
1.11318 -1.90278 -1.76893 1.4162 -1.071 -1.06061 2.03689 -1.74018 1.84718 -1.02052 1.55096 2.04356 0.790736 -2.32473 
1.10879 -1.90688 -1.77227 1.41274 -1.07185 -1.06728 2.04018 -1.74174 1.85367 -1.01798 1.55482 2.04413 0.786493 -2.33018 
1.28415 -1.96569 -1.88636 1.91597 -1.28963 -0.771434 2.34127 -1.7416 1.84914 -1.02095 1.55339 2.04378 0.787552 -2.3216 
