0.651705 -0.96749 -0.256872 1.48195 -2.47499 -1.91523 1.35271 -1.01697 0.614291 -0.0691816 -1.46536 1.46189 1.18275 2.70134 
0.65143 -0.969038 -0.256913 1.4786 -2.47511 -1.91374 1.35164 -1.01838 0.609841 -0.0676284 -1.47106 1.46894 1.17921 2.67155 
0.65143 -0.969038 -0.256913 1.4786 -2.47511 -1.91374 1.35164 -1.01397 0.606655 -0.0712367 -1.46766 1.45815 1.17497 2.66944 
0.65143 -0.969038 -0.256913 1.4786 -2.47511 -1.91374 1.35164 -1.01359 0.605045 -0.0702277 -1.47146 1.46408 1.16795 2.64714 
0.65143 -0.969038 -0.256913 1.4786 -2.47511 -1.91374 1.35164 -1.0115 0.606955 -0.0733165 -1.46309 1.45698 1.16656 2.66563 
0.65143 -0.969038 -0.256913 1.4786 -2.47511 -1.91374 1.35164 -1.01647 0.615064 -0.0685359 -1.4584 1.4673 1.17319 2.65332 
0.65143 -0.969038 -0.256913 1.4786 -2.47511 -1.91374 1.35164 -1.01488 0.614763 -0.0706176 -1.45542 1.46295 1.1695 2.64373 
0.65143 -0.969038 -0.256913 1.4786 -2.47511 -1.91374 1.35164 -1.01624 0.617232 -0.0696242 -1.4547 1.46678 1.17078 2.65237 
0.65143 -0.969038 -0.256913 1.4786 -2.47511 -1.91374 1.35164 -1.01772 0.619806 -0.0689987 -1.45233 1.46773 1.17436 2.65902 
0.65143 -0.969038 -0.256913 1.4786 -2.47511 -1.91374 1.35164 -1.02232 0.624932 -0.0660178 -1.44901 1.47261 1.18321 2.65671 
0.65143 -0.969038 -0.256913 1.4786 -2.47511 -1.91374 1.35164 -1.02467 0.630097 -0.0652804 -1.44228 1.46973 1.19234 2.66074 
0.65143 -0.969038 -0.256913 1.4786 -2.47511 -1.91374 1.35164 -1.02373 0.630079 -0.0669707 -1.43892 1.46363 1.19218 2.65068 
0.65143 -0.969038 -0.256913 1.4786 -2.47511 -1.91374 1.35164 -1.02474 0.634158 -0.0674724 -1.43178 1.45865 1.20036 2.67123 
0.65143 -0.969038 -0.256913 1.4786 -2.47511 -1.91374 1.35164 -1.02786 0.636269 -0.0646329 -1.43371 1.46574 1.20275 2.66258 
0.65143 -0.969038 -0.256913 1.4786 -2.47511 -1.91374 1.35164 -1.02843 0.638043 -0.0648201 -1.43026 1.46381 1.20528 2.65734 
0.65143 -0.969038 -0.256913 1.4786 -2.47511 -1.91374 1.35164 -1.02836 0.641007 -0.0664706 -1.42238 1.45719 1.20954 2.66639 
0.65143 -0.969038 -0.256913 1.4786 -2.47511 -1.91374 1.35164 -1.02915 0.643834 -0.0669234 -1.41768 1.453 1.21312 2.65914 
0.65143 -0.969038 -0.256913 1.4786 -2.47511 -1.91374 1.35164 -1.02878 0.646014 -0.0689361 -1.41183 1.44444 1.21752 2.66234 
0.65143 -0.969038 -0.256913 1.4786 -2.47511 -1.91374 1.35164 -1.02462 0.64538 -0.075139 -1.40304 1.42672 1.21994 2.68485 
0.65143 -0.969038 -0.256913 1.4786 -2.47511 -1.91374 1.35164 -1.02604 0.647758 -0.0754353 -1.39901 1.42282 1.22551 2.68407 
0.65143 -0.969038 -0.256913 1.4786 -2.47511 -1.91374 1.35164 -1.03234 0.653483 -0.0700731 -1.39956 1.43412 1.23417 2.67907 
0.65143 -0.969038 -0.256913 1.4786 -2.47511 -1.91374 1.35164 -1.03341 0.655557 -0.0700429 -1.39555 1.43089 1.24054 2.68437 
0.65143 -0.969038 -0.256913 1.4786 -2.47511 -1.91374 1.35164 -1.03413 0.65745 -0.0691872 -1.39158 1.42705 1.24599 2.66758 
0.65143 -0.969038 -0.256913 1.4786 -2.47511 -1.91374 1.35164 -1.03344 0.65786 -0.0690328 -1.38889 1.42428 1.24844 2.66376 
0.65143 -0.969038 -0.256913 1.4786 -2.47511 -1.91374 1.35164 -1.0293 0.657707 -0.0715604 -1.38241 1.41376 1.25082 2.67868 
0.65143 -0.969038 -0.256913 1.4786 -2.47511 -1.91374 1.35164 -1.02314 0.656119 -0.0744271 -1.37886 1.40572 1.24753 2.69714 
0.65143 -0.969038 -0.256913 1.4786 -2.47511 -1.91374 1.35164 -1.01536 0.65364 -0.0774888 -1.37671 1.39701 1.24043 2.70616 
0.65143 -0.969038 -0.256913 1.4786 -2.47511 -1.91374 1.35164 -1.00861 0.655421 -0.0802034 -1.36791 1.38527 1.24086 2.72231 
0.65143 -0.969038 -0.256913 1.4786 -2.47511 -1.91374 1.35164 -1.00175 0.655167 -0.0826973 -1.36337 1.37707 1.23709 2.73671 
0.65143 -0.969038 -0.256913 1.4786 -2.47511 -1.91374 1.35164 -0.995767 0.65544 -0.0840484 -1.35911 1.37125 1.23443 2.74965 
0.65143 -0.969038 -0.256913 1.4786 -2.47511 -1.91374 1.35164 -0.98681 0.656513 -0.0887188 -1.34718 1.35434 1.23431 2.76908 
0.65143 -0.969038 -0.256913 1.4786 -2.47511 -1.91374 1.35164 -0.978453 0.656518 -0.0919982 -1.34037 1.34257 1.23092 2.78061 
0.65143 -0.969038 -0.256913 1.4786 -2.47511 -1.91374 1.35164 -0.971162 0.654774 -0.0931927 -1.33904 1.33621 1.22312 2.77433 
0.65143 -0.969038 -0.256913 1.4786 -2.47511 -1.91374 1.35164 -0.960789 0.655377 -0.0987122 -1.32818 1.3187 1.22071 2.79455 
0.65143 -0.969038 -0.256913 1.4786 -2.47511 -1.91374 1.35164 -0.952801 0.657552 -0.103059 -1.3187 1.30768 1.22055 2.82818 
0.65143 -0.969038 -0.256913 1.4786 -2.47511 -1.91374 1.35164 -0.945984 0.655902 -0.105134 -1.31977 1.30426 1.21097 2.83534 
0.65143 -0.969038 -0.256913 1.4786 -2.47511 -1.91374 1.35164 -0.941679 0.654678 -0.10568 -1.32264 1.3047 1.20174 2.83375 
0.65143 -0.969038 -0.256913 1.4786 -2.47511 -1.91374 1.35164 -0.933033 0.655132 -0.112567 -1.31303 1.28804 1.2005 2.85942 
0.65143 -0.969038 -0.256913 1.4786 -2.47511 -1.91374 1.35164 -0.936834 0.655301 -0.106921 -1.32079 1.30103 1.19524 2.83574 
0.65143 -0.969038 -0.256913 1.4786 -2.47511 -1.91374 1.35164 -0.932892 0.653996 -0.110419 -1.3175 1.29225 1.19365 2.84004 
0.65143 -0.969038 -0.256913 1.4786 -2.47511 -1.91374 1.35164 -0.934066 0.658661 -0.11078 -1.30875 1.28776 1.20327 2.85075 
0.65143 -0.969038 -0.256913 1.4786 -2.47511 -1.91374 1.35164 -0.922813 0.624402 -0.115053 -1.3457 1.29098 1.15892 2.80568 
0.65143 -0.969038 -0.256913 1.4786 -2.47511 -1.91374 1.35164 -0.923972 0.624386 -0.113483 -1.34762 1.29466 1.1579 2.79991 
0.65143 -0.969038 -0.256913 1.4786 -2.47511 -1.91374 1.35164 -0.923177 0.624359 -0.113688 -1.34676 1.2924 1.15708 2.79215 
0.65143 -0.969038 -0.256913 1.4786 -2.47511 -1.91374 1.35164 -0.921831 0.623246 -0.114845 -1.34774 1.29168 1.15522 2.79923 
0.65143 -0.969038 -0.256913 1.4786 -2.47511 -1.91374 1.35164 -0.922715 0.623594 -0.114091 -1.34838 1.29424 1.15588 2.80111 
0.65143 -0.969038 -0.256913 1.4786 -2.47511 -1.91374 1.35164 -0.924226 0.624411 -0.112904 -1.34885 1.29765 1.15751 2.8045 
0.65143 -0.969038 -0.256913 1.4786 -2.47511 -1.91374 1.35164 -0.925362 0.624484 -0.111397 -1.3504 1.29999 1.15662 2.79336 
0.65143 -0.969038 -0.256913 1.4786 -2.47511 -1.91374 1.35164 -0.92358 0.622883 -0.112655 -1.35104 1.29708 1.15363 2.7903 
0.65143 -0.969038 -0.256913 1.4786 -2.47511 -1.91374 1.35164 -0.923142 0.622419 -0.112971 -1.3518 1.29738 1.15256 2.79317 
0.65143 -0.969038 -0.256913 1.4786 -2.47511 -1.91374 1.35164 -0.923396 0.622909 -0.113024 -1.3511 1.29787 1.15404 2.79904 
0.65143 -0.969038 -0.256913 1.4786 -2.47511 -1.91374 1.35164 -0.924296 0.624945 -0.112636 -1.34833 1.29678 1.15773 2.80032 
0.65143 -0.969038 -0.256913 1.4786 -2.47511 -1.91374 1.35164 -0.924168 0.624483 -0.112716 -1.34875 1.2967 1.15676 2.79744 
0.65143 -0.969038 -0.256913 1.4786 -2.47511 -1.91374 1.35164 -0.91466 0.60245 -0.115053 -1.3831 1.30879 1.11386 2.77669 
0.65143 -0.969038 -0.256913 1.4786 -2.47511 -1.91374 1.35164 -0.913582 0.596457 -0.115437 -1.39447 1.31287 1.10425 2.77182 
0.65143 -0.969038 -0.256913 1.4786 -2.47511 -1.91374 1.35164 -0.911816 0.598263 -0.119927 -1.38438 1.29582 1.115 2.78415 
0.65143 -0.969038 -0.256913 1.4786 -2.47511 -1.91374 1.35164 -0.911733 0.595127 -0.124486 -1.37572 1.28135 1.12391 2.78922 
0.65143 -0.969038 -0.256913 1.4786 -2.47511 -1.91374 1.35164 -0.911134 0.599224 -0.129522 -1.36252 1.26487 1.14037 2.81625 
0.65143 -0.969038 -0.256913 1.4786 -2.47511 -1.91374 1.35164 -0.914197 0.598642 -0.129193 -1.36243 1.26227 1.14538 2.80277 
0.65143 -0.969038 -0.256913 1.4786 -2.47511 -1.91374 1.35164 -0.9166 0.601134 -0.13086 -1.35663 1.25515 1.15717 2.81029 
0.65143 -0.969038 -0.256913 1.4786 -2.47511 -1.91374 1.35164 -0.9176 0.601515 -0.132896 -1.35272 1.24588 1.16411 2.80402 
0.65143 -0.969038 -0.256913 1.4786 -2.47511 -1.91374 1.35164 -0.918697 0.606316 -0.136707 -1.34054 1.23162 1.18168 2.82114 
0.65143 -0.969038 -0.256913 1.4786 -2.47511 -1.91374 1.35164 -0.918376 0.607976 -0.140555 -1.33216 1.21758 1.1926 2.82625 
0.65143 -0.969038 -0.256913 1.4786 -2.47511 -1.91374 1.35164 -0.915972 0.608159 -0.146279 -1.3238 1.20049 1.20126 2.83708 
0.65143 -0.969038 -0.256913 1.4786 -2.47511 -1.91374 1.35164 -0.920084 0.608058 -0.145226 -1.3244 1.19886 1.20606 2.81886 
0.65143 -0.969038 -0.256913 1.4786 -2.47511 -1.91374 1.35164 -0.924183 0.610137 -0.145184 -1.32124 1.19545 1.21616 2.81388 
0.65143 -0.969038 -0.256913 1.4786 -2.47511 -1.91374 1.35164 -0.92248 0.61214 -0.149684 -1.30977 1.17736 1.22763 2.81595 
0.65143 -0.969038 -0.256913 1.4786 -2.47511 -1.91374 1.35164 -0.927733 0.612435 -0.147058 -1.31459 1.18528 1.23008 2.81072 
0.65143 -0.969038 -0.256913 1.4786 -2.47511 -1.91374 1.35164 -0.92999 0.612469 -0.146525 -1.31618 1.18646 1.23172 2.80584 
0.65143 -0.969038 -0.256913 1.4786 -2.47511 -1.91374 1.35164 -0.928664 0.610877 -0.148412 -1.31592 1.18036 1.23162 2.80211 
0.65143 -0.969038 -0.256913 1.4786 -2.47511 -1.91374 1.35164 -0.931984 0.611339 -0.147351 -1.3157 1.18235 1.23645 2.79991 
0.65143 -0.969038 -0.256913 1.4786 -2.47511 -1.91374 1.35164 -0.929479 0.608136 -0.14974 -1.3179 1.17685 1.23244 2.79673 
0.65143 -0.969038 -0.256913 1.4786 -2.47511 -1.91374 1.35164 -0.930379 0.606382 -0.149349 -1.32183 1.17862 1.23087 2.79381 
0.65143 -0.969038 -0.256913 1.4786 -2.47511 -1.91374 1.35164 -0.934004 0.607188 -0.147036 -1.32472 1.18497 1.23351 2.79275 
0.65143 -0.969038 -0.256913 1.4786 -2.47511 -1.91374 1.35164 -0.9327 0.605853 -0.148432 -1.32514 1.18086 1.23275 2.79018 
0.65143 -0.969038 -0.256913 1.4786 -2.47511 -1.91374 1.35164 -0.93386 0.605311 -0.147908 -1.32771 1.18337 1.23238 2.7897 
0.65143 -0.969038 -0.256913 1.4786 -2.47511 -1.91374 1.35164 -0.937176 0.606354 -0.145361 -1.32971 1.1875 1.23416 2.77864 
0.65143 -0.969038 -0.256913 1.4786 -2.47511 -1.91374 1.35164 -0.936864 0.606681 -0.146444 -1.32822 1.18493 1.23646 2.78361 
0.65143 -0.969038 -0.256913 1.4786 -2.47511 -1.91374 1.35164 -0.937509 0.603985 -0.145333 -1.33377 1.18685 1.23202 2.76855 
0.65143 -0.969038 -0.256913 1.4786 -2.47511 -1.91374 1.35164 -0.941238 0.605867 -0.142969 -1.33519 1.19307 1.23551 2.76713 
0.65143 -0.969038 -0.256913 1.4786 -2.47511 -1.91374 1.35164 -0.942923 0.605649 -0.141688 -1.33852 1.19768 1.2351 2.76664 
0.65143 -0.969038 -0.256913 1.4786 -2.47511 -1.91374 1.35164 -0.946413 0.608639 -0.139635 -1.33785 1.20308 1.24085 2.77085 
0.65143 -0.969038 -0.256913 1.4786 -2.47511 -1.91374 1.35164 -0.945051 0.606525 -0.140663 -1.3403 1.20197 1.2372 2.77024 
0.65143 -0.969038 -0.256913 1.4786 -2.47511 -1.91374 1.35164 -0.944119 0.604701 -0.140682 -1.34233 1.20068 1.2329 2.75977 
0.65143 -0.969038 -0.256913 1.4786 -2.47511 -1.91374 1.35164 -0.944396 0.60473 -0.140617 -1.34446 1.20378 1.23189 2.7673 
0.65143 -0.969038 -0.256913 1.4786 -2.47511 -1.91374 1.35164 -0.945695 0.605255 -0.139545 -1.34604 1.20776 1.2314 2.76609 
0.65143 -0.969038 -0.256913 1.4786 -2.47511 -1.91374 1.35164 -0.946542 0.605967 -0.138758 -1.34565 1.2089 1.23246 2.76363 
0.65143 -0.969038 -0.256913 1.4786 -2.47511 -1.91374 1.35164 -0.942865 0.605642 -0.142339 -1.34221 1.2018 1.23243 2.77853 
0.65143 -0.969038 -0.256913 1.4786 -2.47511 -1.91374 1.35164 -0.945214 0.606095 -0.140159 -1.34486 1.20665 1.23073 2.76601 
0.65143 -0.969038 -0.256913 1.4786 -2.47511 -1.91374 1.35164 -0.949059 0.605369 -0.136678 -1.35235 1.21793 1.22691 2.75477 
0.65143 -0.969038 -0.256913 1.4786 -2.47511 -1.91374 1.35164 -0.949401 0.603817 -0.136265 -1.35688 1.22209 1.22235 2.7529 
0.65143 -0.969038 -0.256913 1.4786 -2.47511 -1.91374 1.35164 -0.951803 0.605287 -0.134711 -1.35878 1.22718 1.22366 2.75297 
0.65143 -0.969038 -0.256913 1.4786 -2.47511 -1.91374 1.35164 -0.951998 0.603683 -0.134018 -1.36226 1.22955 1.21962 2.74297 
0.65143 -0.969038 -0.256913 1.4786 -2.47511 -1.91374 1.35164 -0.9543 0.604298 -0.132638 -1.36524 1.23574 1.21965 2.74582 
0.65143 -0.969038 -0.256913 1.4786 -2.47511 -1.91374 1.35164 -0.953108 0.602173 -0.133648 -1.36948 1.238 1.21476 2.75298 
0.65143 -0.969038 -0.256913 1.4786 -2.47511 -1.91374 1.35164 -0.953765 0.60035 -0.132619 -1.37438 1.24223 1.20937 2.74317 
0.65143 -0.969038 -0.256913 1.4786 -2.47511 -1.91374 1.35164 -0.950401 0.600794 -0.136204 -1.37018 1.23588 1.21053 2.76471 
0.65143 -0.969038 -0.256913 1.4786 -2.47511 -1.91374 1.35164 -0.953329 0.600493 -0.13322 -1.37515 1.24379 1.20783 2.75153 
0.65143 -0.969038 -0.256913 1.4786 -2.47511 -1.91374 1.35164 -0.954023 0.601382 -0.132444 -1.37445 1.24405 1.20801 2.74377 
0.65143 -0.969038 -0.256913 1.4786 -2.47511 -1.91374 1.35164 -0.954847 0.600822 -0.131544 -1.37728 1.24746 1.20555 2.73834 
0.65143 -0.969038 -0.256913 1.4786 -2.47511 -1.91374 1.35164 -0.955615 0.601699 -0.131089 -1.37723 1.24909 1.20604 2.73918 
0.65143 -0.969038 -0.256913 1.4786 -2.47511 -1.91374 1.35164 -0.954551 0.601629 -0.131702 -1.37652 1.24816 1.20522 2.74284 
0.65143 -0.969038 -0.256913 1.4786 -2.47511 -1.91374 1.35164 -0.952646 0.601954 -0.133352 -1.37442 1.24498 1.20516 2.75282 
0.65143 -0.969038 -0.256913 1.4786 -2.47511 -1.91374 1.35164 -0.950949 0.602033 -0.134194 -1.37199 1.24016 1.20411 2.7472 
0.65143 -0.969038 -0.256913 1.4786 -2.47511 -1.91374 1.35164 -0.952486 0.606215 -0.133218 -1.36668 1.23987 1.2111 2.75204 
0.65143 -0.969038 -0.256913 1.4786 -2.47511 -1.91374 1.35164 -0.952452 0.608346 -0.133411 -1.36319 1.23821 1.21373 2.75432 
0.65143 -0.969038 -0.256913 1.4786 -2.47511 -1.91374 1.35164 -0.951847 0.608538 -0.133247 -1.36182 1.23553 1.21251 2.74358 
0.65143 -0.969038 -0.256913 1.4786 -2.47511 -1.91374 1.35164 -0.950445 0.611018 -0.135262 -1.35594 1.2304 1.21722 2.75915 
0.65143 -0.969038 -0.256913 1.4786 -2.47511 -1.91374 1.35164 -0.949385 0.612895 -0.136856 -1.35159 1.22723 1.22069 2.77406 
0.65143 -0.969038 -0.256913 1.4786 -2.47511 -1.91374 1.35164 -0.9513 0.612901 -0.134904 -1.35485 1.23257 1.21928 2.76641 
0.65143 -0.969038 -0.256913 1.4786 -2.47511 -1.91374 1.35164 -0.950933 0.613268 -0.135345 -1.35342 1.23093 1.22004 2.76669 
0.65143 -0.969038 -0.256913 1.4786 -2.47511 -1.91374 1.35164 -0.951377 0.611824 -0.134527 -1.35577 1.23179 1.21617 2.75294 
0.65143 -0.969038 -0.256913 1.4786 -2.47511 -1.91374 1.35164 -0.951992 0.610605 -0.133709 -1.35975 1.23638 1.21329 2.7528 
0.65143 -0.969038 -0.256913 1.4786 -2.47511 -1.91374 1.35164 -0.952733 0.609209 -0.133017 -1.36366 1.24072 1.20922 2.74882 
0.65143 -0.969038 -0.256913 1.4786 -2.47511 -1.91374 1.35164 -0.953393 0.610478 -0.133364 -1.3607 1.24004 1.21178 2.75222 
0.65143 -0.969038 -0.256913 1.4786 -2.47511 -1.91374 1.35164 -0.953332 0.608763 -0.133811 -1.36219 1.24151 1.20948 2.75507 
0.65143 -0.969038 -0.256913 1.4786 -2.47511 -1.91374 1.35164 -0.955378 0.608437 -0.132692 -1.36212 1.24538 1.21028 2.7541 
0.65143 -0.969038 -0.256913 1.4786 -2.47511 -1.91374 1.35164 -0.957098 0.609698 -0.13246 -1.35939 1.24703 1.21401 2.76014 
0.65143 -0.969038 -0.256913 1.4786 -2.47511 -1.91374 1.35164 -0.961113 0.612805 -0.129629 -1.36199 1.25642 1.21643 2.76288 
0.65143 -0.969038 -0.256913 1.4786 -2.47511 -1.91374 1.35164 -0.959593 0.615324 -0.130509 -1.36008 1.25322 1.21676 2.76703 
0.65143 -0.969038 -0.256913 1.4786 -2.47511 -1.91374 1.35164 -0.959455 0.615443 -0.130914 -1.35737 1.25062 1.21641 2.76044 
0.65143 -0.969038 -0.256913 1.4786 -2.47511 -1.91374 1.35164 -0.9644 0.616572 -0.127335 -1.35866 1.26038 1.21874 2.75403 
0.65143 -0.969038 -0.256913 1.4786 -2.47511 -1.91374 1.35164 -0.966717 0.619826 -0.126959 -1.35249 1.26123 1.22681 2.76751 
0.65143 -0.969038 -0.256913 1.4786 -2.47511 -1.91374 1.35164 -0.969311 0.619703 -0.125515 -1.35383 1.26769 1.22696 2.76882 
0.65143 -0.969038 -0.256913 1.4786 -2.47511 -1.91374 1.35164 -0.974224 0.620488 -0.122206 -1.35525 1.27708 1.22899 2.76207 
0.65143 -0.969038 -0.256913 1.4786 -2.47511 -1.91374 1.35164 -0.973738 0.622335 -0.124606 -1.34733 1.27279 1.23578 2.7881 
0.65143 -0.969038 -0.256913 1.4786 -2.47511 -1.91374 1.35164 -0.981507 0.625796 -0.118495 -1.34984 1.28749 1.24194 2.77876 
0.65143 -0.969038 -0.256913 1.4786 -2.47511 -1.91374 1.35164 -0.98777 0.627717 -0.113424 -1.3538 1.30122 1.24507 2.77022 
0.65143 -0.969038 -0.256913 1.4786 -2.47511 -1.91374 1.35164 -0.987738 0.626554 -0.113608 -1.35363 1.30021 1.2436 2.76292 
0.65143 -0.969038 -0.256913 1.4786 -2.47511 -1.91374 1.35164 -0.98968 0.628313 -0.112859 -1.35186 1.30316 1.24736 2.77082 
0.65143 -0.969038 -0.256913 1.4786 -2.47511 -1.91374 1.35164 -0.992034 0.630325 -0.111715 -1.35051 1.30699 1.25084 2.77745 
0.65143 -0.969038 -0.256913 1.4786 -2.47511 -1.91374 1.35164 -0.995245 0.631785 -0.109648 -1.35213 1.31477 1.25285 2.78444 
0.65143 -0.969038 -0.256913 1.4786 -2.47511 -1.91374 1.35164 -0.996101 0.631117 -0.109066 -1.35304 1.31666 1.25144 2.77664 
0.65143 -0.969038 -0.256913 1.4786 -2.47511 -1.91374 1.35164 -0.997804 0.629893 -0.108767 -1.35629 1.32 1.24881 2.76926 
0.65143 -0.969038 -0.256913 1.4786 -2.47511 -1.91374 1.35164 -0.996724 0.627441 -0.109134 -1.35898 1.32028 1.24438 2.76358 
0.65143 -0.969038 -0.256913 1.4786 -2.47511 -1.91374 1.35164 -1.00063 0.628113 -0.106353 -1.3619 1.3276 1.2451 2.7499 
0.65143 -0.969038 -0.256913 1.4786 -2.47511 -1.91374 1.35164 -1.00011 0.628579 -0.108349 -1.35895 1.32495 1.24736 2.76797 
0.65143 -0.969038 -0.256913 1.4786 -2.47511 -1.91374 1.35164 -1.00046 0.628593 -0.109419 -1.35812 1.32571 1.24845 2.78286 
0.65143 -0.969038 -0.256913 1.4786 -2.47511 -1.91374 1.35164 -1.00431 0.626997 -0.106485 -1.36611 1.33792 1.24475 2.77426 
0.65143 -0.969038 -0.256913 1.4786 -2.47511 -1.91374 1.35164 -1.00395 0.625155 -0.107103 -1.36673 1.33617 1.24196 2.76329 
0.65143 -0.969038 -0.256913 1.4786 -2.47511 -1.91374 1.35164 -1.00297 0.623949 -0.108649 -1.36788 1.33667 1.24034 2.78111 
0.65143 -0.969038 -0.256913 1.4786 -2.47511 -1.91374 1.35164 -1.00226 0.619974 -0.107857 -1.37702 1.34462 1.23087 2.77867 
0.65143 -0.969038 -0.256913 1.4786 -2.47511 -1.91374 1.35164 -1.0034 0.616923 -0.104779 -1.38774 1.35555 1.22254 2.7588 
0.65143 -0.969038 -0.256913 1.4786 -2.47511 -1.91374 1.35164 -1.00296 0.613815 -0.103826 -1.39546 1.36275 1.21484 2.75497 
