1.06278 -1.77762 -1.59445 1.33007 -1.28215 -1.27864 2.11571 -1.86127 1.44609 -1.4595 1.57261 2.8174 0.509083 -2.54702 
1.02794 -1.7818 -1.59144 1.25788 -1.27093 -1.30563 2.08391 -1.86815 1.46483 -1.44355 1.57161 2.80105 0.526675 -2.59009 
1.0277 -1.77732 -1.5875 1.25011 -1.27004 -1.30008 2.07376 -1.86403 1.47325 -1.43265 1.56209 2.78092 0.545311 -2.63215 
1.02662 -1.77737 -1.58829 1.24794 -1.2687 -1.30499 2.0686 -1.86337 1.46659 -1.43347 1.55907 2.77545 0.551875 -2.63762 
1.02621 -1.77777 -1.58883 1.24564 -1.26867 -1.3084 2.06238 -1.86365 1.45212 -1.4408 1.5569 2.77817 0.554402 -2.62247 
1.02711 -1.77847 -1.58905 1.24802 -1.2689 -1.30747 2.06731 -1.86427 1.4437 -1.44646 1.55674 2.78423 0.552248 -2.60574 
1.03087 -1.77928 -1.58996 1.2559 -1.26975 -1.30531 2.07571 -1.86197 1.44697 -1.44606 1.55147 2.78738 0.557863 -2.6044 
1.03725 -1.78131 -1.59193 1.27063 -1.2731 -1.30206 2.08545 -1.85923 1.44733 -1.44607 1.54436 2.78778 0.567358 -2.6061 
1.04739 -1.7804 -1.59068 1.28946 -1.27329 -1.29614 2.09416 -1.85592 1.45348 -1.44191 1.53826 2.78026 0.575301 -2.62432 
1.057 -1.77839 -1.58789 1.30544 -1.27182 -1.29028 2.10049 -1.85343 1.46521 -1.43561 1.53523 2.77443 0.578292 -2.64367 
1.06218 -1.77952 -1.5886 1.31742 -1.27467 -1.28569 2.10846 -1.85138 1.46376 -1.43638 1.52935 2.77738 0.586097 -2.64022 
1.06688 -1.77959 -1.58833 1.3266 -1.27523 -1.283 2.11357 -1.85024 1.45834 -1.43745 1.52588 2.77263 0.591436 -2.6445 
1.0713 -1.77945 -1.58805 1.33532 -1.2762 -1.27971 2.11758 -1.84797 1.45548 -1.43688 1.5202 2.76846 0.599715 -2.65128 
1.07591 -1.77819 -1.58662 1.34258 -1.27558 -1.27636 2.12021 -1.84852 1.45944 -1.43597 1.52123 2.76986 0.59592 -2.65138 
1.07954 -1.77794 -1.58598 1.34896 -1.27468 -1.27576 2.1224 -1.84891 1.46177 -1.436 1.52124 2.77309 0.59318 -2.64727 
1.08499 -1.7784 -1.58607 1.3592 -1.27433 -1.27471 2.12798 -1.84779 1.46497 -1.43535 1.517 2.77654 0.596865 -2.64545 
1.09056 -1.77941 -1.58672 1.37152 -1.27667 -1.27033 2.13698 -1.84829 1.46908 -1.43402 1.51809 2.7744 0.592175 -2.6506 
1.09596 -1.78018 -1.58716 1.38306 -1.27786 -1.26743 2.14519 -1.84813 1.47827 -1.42994 1.51868 2.77253 0.588243 -2.66016 
1.09966 -1.78192 -1.58782 1.39216 -1.27665 -1.26989 2.1503 -1.84701 1.48881 -1.42501 1.51629 2.77157 0.58899 -2.67068 
1.10202 -1.78218 -1.5872 1.39667 -1.27445 -1.2718 2.15178 -1.84808 1.49341 -1.42163 1.51817 2.76784 0.585949 -2.6798 
1.10247 -1.7828 -1.58763 1.39852 -1.27322 -1.27364 2.15396 -1.8503 1.49167 -1.42199 1.52109 2.76768 0.5812 -2.67762 
1.10031 -1.78447 -1.58846 1.39627 -1.27178 -1.27823 2.15419 -1.85077 1.48575 -1.42193 1.51736 2.76813 0.589146 -2.67563 
1.33548 -1.73002 -1.68464 1.91523 -1.49204 -1.0307 2.40442 -1.85045 1.4873 -1.42205 1.51821 2.768 0.587492 -2.67617 
1.33558 -1.72518 -1.68134 1.91457 -1.48658 -1.02796 2.40347 -1.88244 1.57347 -1.41008 1.59076 2.81031 0.464598 -2.6449 
1.33564 -1.72473 -1.68115 1.91459 -1.48614 -1.02758 2.40345 -1.8861 1.59754 -1.40176 1.60303 2.80832 0.445593 -2.65885 
1.33566 -1.72469 -1.68114 1.9146 -1.48603 -1.02748 2.40345 -1.8852 1.59513 -1.40112 1.60379 2.80503 0.444188 -2.66229 
1.33566 -1.72471 -1.68115 1.9146 -1.486 -1.02743 2.40345 -1.87942 1.5787 -1.40349 1.59479 2.79576 0.457493 -2.6688 
1.33566 -1.7247 -1.68115 1.9146 -1.486 -1.02744 2.40345 -1.87304 1.54819 -1.4164 1.58523 2.80424 0.466752 -2.63989 
1.33566 -1.7247 -1.68114 1.9146 -1.48601 -1.02744 2.40345 -1.86078 1.52173 -1.42168 1.5637 2.79125 0.499983 -2.64901 
1.33566 -1.7247 -1.68114 1.9146 -1.48601 -1.02744 2.40345 -1.85212 1.49645 -1.43324 1.55332 2.7958 0.509269 -2.62688 
1.33566 -1.7247 -1.68114 1.9146 -1.48601 -1.02744 2.40345 -1.8398 1.48051 -1.43556 1.53691 2.78147 0.531523 -2.6425 
1.33566 -1.72469 -1.68114 1.9146 -1.48601 -1.02745 2.40345 -1.82812 1.46391 -1.4414 1.5226 2.7788 0.548159 -2.63869 
1.33566 -1.72469 -1.68114 1.9146 -1.48601 -1.02745 2.40345 -1.81649 1.44967 -1.44752 1.50848 2.78183 0.563861 -2.62734 
1.33566 -1.72469 -1.68114 1.9146 -1.48601 -1.02745 2.40345 -1.80319 1.42541 -1.45706 1.4928 2.77143 0.58261 -2.62809 
1.33566 -1.72469 -1.68114 1.9146 -1.48601 -1.02745 2.40345 -1.78868 1.402 -1.46814 1.47549 2.76893 0.601579 -2.61666 
1.33566 -1.72469 -1.68114 1.9146 -1.48601 -1.02745 2.40345 -1.77701 1.3893 -1.47566 1.46429 2.76641 0.610367 -2.61085 
1.33566 -1.72469 -1.68114 1.9146 -1.48601 -1.02745 2.40345 -1.76288 1.36515 -1.48916 1.44623 2.76714 0.630479 -2.59181 
1.33566 -1.72469 -1.68114 1.9146 -1.48601 -1.02745 2.40345 -1.75164 1.35365 -1.49793 1.43269 2.7728 0.642936 -2.57349 
1.33566 -1.72469 -1.68114 1.9146 -1.48601 -1.02745 2.40345 -1.74561 1.34907 -1.5015 1.42754 2.76927 0.646114 -2.57417 
1.33566 -1.72469 -1.68114 1.9146 -1.48601 -1.02745 2.40345 -1.73877 1.3405 -1.50673 1.41662 2.76912 0.661089 -2.56922 
1.33566 -1.72469 -1.68114 1.9146 -1.48601 -1.02745 2.40345 -1.73918 1.34453 -1.50519 1.41706 2.77039 0.660037 -2.57059 
1.33566 -1.72469 -1.68114 1.9146 -1.48601 -1.02745 2.40345 -1.74285 1.3583 -1.49933 1.42238 2.77633 0.65066 -2.5722 
