1.06481 -1.77073 -1.5863 1.33273 -1.29214 -1.27971 2.11794 -1.86573 1.44439 -1.45835 1.57554 2.8098 0.514799 -2.55548 
1.03004 -1.77539 -1.58309 1.26094 -1.28084 -1.30602 2.08659 -1.85924 1.45884 -1.44039 1.55722 2.78182 0.552117 -2.6177 
1.03191 -1.7709 -1.57966 1.25813 -1.28233 -1.29684 2.07881 -1.85883 1.46203 -1.43539 1.55202 2.77677 0.561833 -2.63186 
1.03053 -1.77049 -1.58021 1.25441 -1.28214 -1.29959 2.07162 -1.86047 1.46618 -1.43255 1.55322 2.7748 0.56148 -2.63825 
1.02815 -1.77217 -1.58188 1.24988 -1.2815 -1.30653 2.06612 -1.86294 1.46704 -1.43433 1.55677 2.78065 0.554228 -2.62785 
1.02855 -1.77297 -1.58178 1.2502 -1.27981 -1.30878 2.06943 -1.86444 1.46892 -1.43393 1.56086 2.77594 0.545921 -2.63386 
1.03215 -1.77354 -1.58207 1.25794 -1.27938 -1.30791 2.0781 -1.86279 1.46461 -1.4363 1.55618 2.77555 0.550649 -2.63189 
1.03952 -1.77408 -1.58253 1.27275 -1.28109 -1.30362 2.08741 -1.86134 1.46225 -1.43906 1.55183 2.78119 0.554762 -2.62223 
1.04986 -1.77252 -1.58057 1.29118 -1.28099 -1.2972 2.09523 -1.85761 1.46894 -1.43429 1.54513 2.77358 0.56438 -2.64156 
1.05872 -1.77151 -1.57914 1.30778 -1.28099 -1.292 2.10223 -1.85515 1.47413 -1.4317 1.54119 2.77053 0.568668 -2.65162 
1.06474 -1.77203 -1.57949 1.32069 -1.28355 -1.28696 2.11021 -1.85116 1.47418 -1.42965 1.53161 2.76725 0.583915 -2.66105 
1.06968 -1.77153 -1.57907 1.33018 -1.28457 -1.28293 2.11533 -1.84978 1.47314 -1.42982 1.52754 2.7672 0.589268 -2.66182 
1.07313 -1.77186 -1.57923 1.33708 -1.28518 -1.28111 2.11932 -1.84919 1.47745 -1.42682 1.52648 2.76326 0.589835 -2.67206 
1.07645 -1.77151 -1.57884 1.34323 -1.2858 -1.27878 2.12191 -1.84867 1.4739 -1.42789 1.52397 2.76237 0.592737 -2.67138 
1.08123 -1.77089 -1.57801 1.35199 -1.28559 -1.27603 2.1258 -1.84801 1.47184 -1.4288 1.52099 2.76239 0.595516 -2.67031 
1.08767 -1.7706 -1.5778 1.36405 -1.28616 -1.27296 2.13174 -1.84797 1.47739 -1.42725 1.52067 2.76313 0.592701 -2.67288 
1.09279 -1.77173 -1.57859 1.3752 -1.2869 -1.2715 2.14024 -1.84765 1.47882 -1.42797 1.51884 2.76617 0.591772 -2.66875 
1.09763 -1.7727 -1.57921 1.38629 -1.28837 -1.26896 2.14843 -1.84819 1.48239 -1.42675 1.52013 2.76369 0.586554 -2.67384 
1.10155 -1.77344 -1.57919 1.39478 -1.28793 -1.26913 2.15224 -1.84696 1.49132 -1.42317 1.51738 2.76664 0.588296 -2.67737 
1.10478 -1.77396 -1.57873 1.40148 -1.28612 -1.27045 2.1546 -1.84895 1.50139 -1.41924 1.52134 2.76892 0.580092 -2.68005 
1.10491 -1.77603 -1.57963 1.40322 -1.28492 -1.27413 2.15731 -1.85019 1.50976 -1.41248 1.52411 2.76085 0.576845 -2.6997 
1.10185 -1.77801 -1.58139 1.4 -1.28451 -1.27848 2.15824 -1.84778 1.50405 -1.40824 1.51497 2.74886 0.596811 -2.72116 
1.33663 -1.72038 -1.6773 1.91549 -1.49985 -1.04037 2.40566 -1.84815 1.50489 -1.40899 1.51621 2.75065 0.593995 -2.71793 
1.31503 -1.72624 -1.66039 1.86431 -1.46589 -1.06402 2.3738 -1.8826 1.58483 -1.40568 1.59138 2.81244 0.462884 -2.64837 
1.31507 -1.72612 -1.6604 1.86427 -1.46589 -1.06388 2.37358 -1.88816 1.58985 -1.40763 1.60343 2.8207 0.442736 -2.63439 
1.31508 -1.72611 -1.6604 1.86427 -1.46589 -1.06387 2.37355 -1.88787 1.58005 -1.40961 1.60337 2.81415 0.443328 -2.6382 
1.31508 -1.72611 -1.6604 1.86426 -1.46589 -1.06387 2.37355 -1.88362 1.56096 -1.41537 1.59798 2.81072 0.449112 -2.63317 
1.31508 -1.72609 -1.6604 1.86426 -1.4659 -1.06388 2.37355 -1.87264 1.56239 -1.40907 1.58459 2.80031 0.467702 -2.65423 
1.31508 -1.72609 -1.66039 1.86426 -1.4659 -1.06388 2.37355 -1.86241 1.54288 -1.41367 1.57065 2.79229 0.485967 -2.65796 
1.31508 -1.72609 -1.66039 1.86426 -1.4659 -1.06388 2.37355 -1.85194 1.51571 -1.42254 1.55453 2.78732 0.507251 -2.65185 
1.31508 -1.72609 -1.66039 1.86426 -1.4659 -1.06388 2.37355 -1.84159 1.49605 -1.43012 1.54187 2.78733 0.520284 -2.64163 
1.31508 -1.72609 -1.66039 1.86426 -1.4659 -1.06389 2.37355 -1.83035 1.47115 -1.43956 1.52571 2.78438 0.540818 -2.63275 
1.31508 -1.72608 -1.66039 1.86426 -1.4659 -1.06389 2.37355 -1.81727 1.44863 -1.44656 1.50825 2.7766 0.564156 -2.63339 
1.31508 -1.72608 -1.66039 1.86426 -1.4659 -1.06389 2.37355 -1.80371 1.42961 -1.45494 1.49208 2.77495 0.582206 -2.62509 
1.31508 -1.72608 -1.66039 1.86426 -1.4659 -1.06389 2.37355 -1.7906 1.4101 -1.46571 1.4758 2.77887 0.599192 -2.60605 
1.31508 -1.72608 -1.66039 1.86426 -1.4659 -1.06389 2.37355 -1.7758 1.38997 -1.47671 1.45649 2.77993 0.621123 -2.59127 
1.31508 -1.72608 -1.66039 1.86426 -1.4659 -1.06389 2.37355 -1.76406 1.3736 -1.48528 1.44393 2.77431 0.632726 -2.58691 
1.31508 -1.72608 -1.66039 1.86426 -1.4659 -1.06389 2.37355 -1.75453 1.36792 -1.49075 1.43425 2.77971 0.638852 -2.57339 
1.31508 -1.72608 -1.66039 1.86426 -1.4659 -1.06389 2.37355 -1.74696 1.36015 -1.49538 1.42535 2.77541 0.648511 -2.57428 
1.31508 -1.72608 -1.66039 1.86426 -1.4659 -1.06389 2.37355 -1.7406 1.35073 -1.50218 1.41552 2.77879 0.661213 -2.56181 
1.31508 -1.72608 -1.66039 1.86426 -1.4659 -1.06389 2.37355 -1.74079 1.35549 -1.50012 1.41678 2.77803 0.658353 -2.56674 
1.31508 -1.72608 -1.66039 1.86426 -1.4659 -1.06389 2.37355 -1.74234 1.36188 -1.49663 1.41796 2.77812 0.656117 -2.5729 
1.31508 -1.72608 -1.66039 1.86426 -1.4659 -1.06389 2.37355 -1.74461 1.36823 -1.49404 1.42052 2.78084 0.651582 -2.5735 
1.31508 -1.72608 -1.66039 1.86426 -1.4659 -1.06389 2.37355 -1.74469 1.37024 -1.49272 1.41817 2.78366 0.656554 -2.5727 
1.31508 -1.72608 -1.66039 1.86426 -1.4659 -1.06389 2.37355 -1.7459 1.37067 -1.49138 1.41944 2.78053 0.655551 -2.57845 
1.31508 -1.72608 -1.66039 1.86426 -1.4659 -1.06389 2.37355 -1.74837 1.37669 -1.48798 1.42539 2.77797 0.645801 -2.58662 
1.13134 -1.7661 -1.58447 1.45375 -1.29135 -1.24414 2.18321 -1.70839 1.28882 -1.51446 1.37497 2.70016 0.747085 -2.6596 
