1.08038 -1.84509 -1.67944 1.36316 -1.18885 -1.19868 2.10785 -1.85125 1.46478 -1.4518 1.56646 2.81716 0.500502 -2.5748 
1.04857 -1.84569 -1.67637 1.29561 -1.17678 -1.22884 2.08 -1.84344 1.4704 -1.43957 1.54527 2.80156 0.542394 -2.61203 
1.04804 -1.8425 -1.67449 1.28993 -1.17912 -1.22264 2.07269 -1.83943 1.48197 -1.42874 1.53839 2.78492 0.556494 -2.65033 
1.05037 -1.83946 -1.67273 1.29033 -1.17766 -1.22192 2.06633 -1.83886 1.48257 -1.42755 1.53571 2.78316 0.562047 -2.65539 
1.05076 -1.83883 -1.67275 1.28887 -1.17676 -1.2252 2.06037 -1.83902 1.47348 -1.43152 1.53361 2.78082 0.565619 -2.65223 
1.04985 -1.84116 -1.67461 1.28889 -1.177 -1.22819 2.06404 -1.83916 1.46762 -1.43433 1.53298 2.77757 0.565727 -2.65222 
1.05205 -1.84377 -1.67642 1.29608 -1.17807 -1.22737 2.07415 -1.83731 1.46596 -1.43517 1.52892 2.77532 0.569354 -2.65501 
1.05922 -1.84435 -1.67594 1.3099 -1.17955 -1.22106 2.08148 -1.83566 1.46558 -1.436 1.52465 2.77754 0.57436 -2.65228 
1.0681 -1.84561 -1.67558 1.32767 -1.1806 -1.21517 2.0906 -1.83315 1.4652 -1.43736 1.51885 2.7828 0.580661 -2.64532 
1.07547 -1.84616 -1.67477 1.34186 -1.18127 -1.20993 2.09728 -1.83182 1.46902 -1.43545 1.51667 2.78006 0.581588 -2.65281 
1.08146 -1.84734 -1.67516 1.35429 -1.18362 -1.20423 2.10468 -1.83159 1.46756 -1.43671 1.51659 2.77776 0.579243 -2.65438 
1.0862 -1.84862 -1.67512 1.36444 -1.18463 -1.20092 2.1106 -1.83007 1.47186 -1.43313 1.51354 2.77156 0.582596 -2.66873 
1.08928 -1.84989 -1.67546 1.37162 -1.18554 -1.19936 2.11501 -1.82838 1.47127 -1.43185 1.50866 2.76804 0.589703 -2.6759 
1.0919 -1.84963 -1.67435 1.37603 -1.18347 -1.19968 2.11619 -1.82839 1.47109 -1.43131 1.50788 2.76537 0.59026 -2.6801 
1.09516 -1.85125 -1.67485 1.38387 -1.18416 -1.19827 2.12166 -1.82897 1.46676 -1.43472 1.50731 2.76893 0.588526 -2.67032 
1.10076 -1.85228 -1.67489 1.3948 -1.18427 -1.19614 2.12765 -1.82808 1.47279 -1.43419 1.50406 2.77844 0.589761 -2.66064 
1.10466 -1.85439 -1.67514 1.40349 -1.18294 -1.19718 2.13407 -1.82578 1.48339 -1.42926 1.49881 2.78087 0.594802 -2.66726 
1.10718 -1.85754 -1.67627 1.41138 -1.18116 -1.20096 2.14102 -1.82384 1.48231 -1.42991 1.49313 2.78243 0.601158 -2.66573 
1.10936 -1.8611 -1.67757 1.41895 -1.17952 -1.20604 2.14678 -1.82337 1.4802 -1.43081 1.49134 2.77928 0.601619 -2.66861 
1.12085 -1.85354 -1.67126 1.43172 -1.18138 -1.18776 2.1443 -1.82419 1.4916 -1.42309 1.49289 2.77252 0.59935 -2.68927 
1.12382 -1.85268 -1.66992 1.43594 -1.18069 -1.18546 2.14515 -1.82571 1.50697 -1.41412 1.49725 2.77015 0.592653 -2.70594 
1.12411 -1.8526 -1.66981 1.43635 -1.1805 -1.18519 2.14519 -1.82519 1.50666 -1.40928 1.4929 2.76301 0.602997 -2.72182 
1.32057 -1.83702 -1.77056 1.91827 -1.40934 -0.915327 2.38938 -1.8252 1.50655 -1.41009 1.49357 2.76427 0.60133 -2.71917 
1.31993 -1.8367 -1.7702 1.91723 -1.40999 -0.914947 2.38773 -1.86003 1.61529 -1.39101 1.58244 2.79625 0.45033 -2.71286 
1.31993 -1.83674 -1.77031 1.91723 -1.41006 -0.914732 2.38765 -1.86439 1.63414 -1.38741 1.5955 2.80461 0.429197 -2.7075 
1.31993 -1.83675 -1.77034 1.91723 -1.41009 -0.914692 2.38763 -1.86217 1.62814 -1.38423 1.59061 2.78843 0.440933 -2.72977 
1.31993 -1.83676 -1.77035 1.91723 -1.41008 -0.914678 2.38763 -1.8578 1.61148 -1.3877 1.58513 2.7776 0.448361 -2.7372 
1.31993 -1.83677 -1.77036 1.91723 -1.41007 -0.914669 2.38763 -1.85199 1.57864 -1.39974 1.57605 2.77327 0.458177 -2.72511 
1.31992 -1.83677 -1.77037 1.91723 -1.41007 -0.91466 2.38763 -1.84346 1.5465 -1.4128 1.56207 2.77909 0.47527 -2.7002 
1.31992 -1.83678 -1.77037 1.91723 -1.41006 -0.914655 2.38762 -1.83263 1.53353 -1.41348 1.54928 2.76366 0.491289 -2.71865 
1.31992 -1.83678 -1.77037 1.91723 -1.41006 -0.914652 2.38762 -1.82262 1.51425 -1.42175 1.53728 2.76575 0.503015 -2.70511 
1.31992 -1.83678 -1.77038 1.91723 -1.41006 -0.914651 2.38762 -1.81091 1.48971 -1.42904 1.52177 2.75391 0.522085 -2.71003 
1.31992 -1.83678 -1.77038 1.91723 -1.41006 -0.914649 2.38762 -1.79924 1.47243 -1.43361 1.50749 2.74322 0.540592 -2.71844 
1.31992 -1.83678 -1.77038 1.91723 -1.41006 -0.914648 2.38762 -1.78822 1.44269 -1.44814 1.49503 2.74064 0.552805 -2.70107 
1.31992 -1.83678 -1.77038 1.91723 -1.41006 -0.914645 2.38762 -1.77609 1.41847 -1.46135 1.47839 2.74689 0.57122 -2.67624 
1.31992 -1.83679 -1.77038 1.91723 -1.41006 -0.914643 2.38762 -1.76164 1.40191 -1.47218 1.45908 2.75871 0.591344 -2.64813 
1.31992 -1.83679 -1.77038 1.91723 -1.41006 -0.914642 2.38761 -1.75015 1.38472 -1.48061 1.44854 2.74994 0.598922 -2.64783 
1.31992 -1.83679 -1.77038 1.91723 -1.41005 -0.914641 2.38761 -1.73973 1.37363 -1.48863 1.43695 2.75427 0.607831 -2.63222 
1.31992 -1.83679 -1.77038 1.91723 -1.41005 -0.91464 2.38761 -1.73298 1.35873 -1.49882 1.4303 2.75309 0.612498 -2.61946 
1.31992 -1.83679 -1.77039 1.91723 -1.41005 -0.91464 2.38761 -1.72918 1.35924 -1.49839 1.42385 2.75119 0.621757 -2.6252 
1.31992 -1.83679 -1.77039 1.91723 -1.41005 -0.914639 2.38761 -1.7281 1.35833 -1.49875 1.42185 2.74863 0.624696 -2.62898 
1.31992 -1.83679 -1.77039 1.91723 -1.41005 -0.914638 2.38761 -1.72874 1.36126 -1.49842 1.42125 2.75445 0.625165 -2.62203 
1.31992 -1.83679 -1.77039 1.91723 -1.41005 -0.914638 2.38761 -1.73126 1.37077 -1.49467 1.42457 2.75941 0.61871 -2.62149 
1.31992 -1.83679 -1.77039 1.91723 -1.41005 -0.914637 2.38761 -1.73368 1.38096 -1.48859 1.42793 2.75809 0.613973 -2.63263 
1.31992 -1.83679 -1.77039 1.91723 -1.41005 -0.914637 2.38761 -1.73467 1.37918 -1.48823 1.42851 2.75394 0.614227 -2.63805 
1.31992 -1.83679 -1.77039 1.91723 -1.41005 -0.914637 2.38761 -1.73356 1.37143 -1.49214 1.42568 2.75396 0.619522 -2.63225 
1.14528 -1.85503 -1.68107 1.48888 -1.19043 -1.15733 2.18275 -1.67766 1.28146 -1.52477 1.33843 2.70566 0.773984 -2.67218 
1.12295 -1.85657 -1.67665 1.43913 -1.17652 -1.18309 2.16432 -1.68903 1.26606 -1.53468 1.36824 2.69965 0.733809 -2.64797 
1.1206 -1.85674 -1.67624 1.43401 -1.17504 -1.18573 2.16243 -1.69288 1.25462 -1.54231 1.37965 2.69873 0.71745 -2.6293 
1.12031 -1.85683 -1.67624 1.43345 -1.17485 -1.18609 2.16226 -1.69459 1.25326 -1.5433 1.38305 2.69885 0.71155 -2.62547 
1.12028 -1.85678 -1.67618 1.43333 -1.17473 -1.18619 2.16217 -1.69388 1.25106 -1.54442 1.38129 2.69812 0.714384 -2.62514 
1.12021 -1.85687 -1.67623 1.43326 -1.17471 -1.1863 2.16219 -1.69634 1.25445 -1.54245 1.385 2.698 0.708533 -2.62748 
1.12015 -1.85695 -1.67626 1.43321 -1.17473 -1.18645 2.16222 -1.69778 1.25619 -1.54112 1.3857 2.69949 0.708812 -2.62763 
1.12015 -1.85691 -1.67621 1.43317 -1.17467 -1.18652 2.16219 -1.69812 1.25228 -1.54263 1.38367 2.70248 0.71464 -2.62091 
1.12021 -1.85693 -1.67626 1.43336 -1.17502 -1.1862 2.16223 -1.7003 1.25357 -1.54096 1.38272 2.70821 0.721407 -2.61592 
1.12026 -1.8572 -1.67648 1.43377 -1.17575 -1.18569 2.16264 -1.70739 1.26042 -1.53431 1.39086 2.70388 0.716469 -2.6315 
1.12037 -1.8574 -1.67668 1.43424 -1.17641 -1.18506 2.16307 -1.71216 1.26491 -1.53097 1.39438 2.70524 0.716869 -2.63511 
1.12037 -1.85777 -1.67694 1.4347 -1.17703 -1.1847 2.16384 -1.7165 1.27112 -1.52689 1.39489 2.71027 0.723451 -2.63682 
1.12046 -1.85799 -1.67713 1.43512 -1.17757 -1.18418 2.16429 -1.72021 1.26993 -1.52676 1.39536 2.71379 0.730477 -2.63248 
1.12057 -1.85795 -1.67714 1.43534 -1.17784 -1.18378 2.16435 -1.72605 1.27369 -1.52335 1.40062 2.71328 0.729229 -2.63809 
1.1206 -1.85794 -1.67715 1.43535 -1.17782 -1.1837 2.16433 -1.73116 1.27972 -1.51826 1.40456 2.71236 0.729363 -2.64779 
1.12071 -1.85776 -1.67707 1.43539 -1.17773 -1.18348 2.16416 -1.73292 1.27918 -1.51643 1.40238 2.7113 0.739404 -2.65375 
1.1207 -1.85777 -1.67708 1.43537 -1.17772 -1.18352 2.16421 -1.73583 1.2808 -1.51369 1.40332 2.71015 0.743106 -2.66024 
1.12078 -1.85768 -1.67705 1.43545 -1.17778 -1.18332 2.16416 -1.74084 1.28816 -1.50863 1.40657 2.71228 0.743651 -2.66661 
1.12088 -1.8576 -1.67704 1.43557 -1.17785 -1.18302 2.16411 -1.74712 1.29463 -1.50437 1.41188 2.71375 0.74127 -2.67138 
1.12094 -1.85749 -1.67701 1.43561 -1.1778 -1.18283 2.16406 -1.75156 1.30093 -1.50037 1.416 2.71198 0.739262 -2.68099 
1.12105 -1.85747 -1.67705 1.43581 -1.17808 -1.18245 2.16405 -1.75361 1.30086 -1.50066 1.41697 2.71089 0.739811 -2.68221 
1.12106 -1.85731 -1.67693 1.43566 -1.17777 -1.1826 2.16387 -1.75443 1.2998 -1.50158 1.41654 2.7108 0.740718 -2.68089 
1.12109 -1.85696 -1.67669 1.43533 -1.17707 -1.18287 2.16338 -1.75442 1.29811 -1.50339 1.4154 2.7117 0.741296 -2.67683 
1.12107 -1.85662 -1.67645 1.43487 -1.17641 -1.18329 2.16271 -1.75257 1.29471 -1.50589 1.41199 2.71323 0.744111 -2.67073 
1.12111 -1.85614 -1.67614 1.43444 -1.17569 -1.18355 2.16189 -1.75172 1.29129 -1.50861 1.41096 2.71432 0.743172 -2.66382 
1.1211 -1.85593 -1.67601 1.43419 -1.17534 -1.18375 2.16149 -1.75211 1.29059 -1.50836 1.41261 2.70926 0.739687 -2.67022 
1.12111 -1.85602 -1.67609 1.43431 -1.17536 -1.18361 2.16173 -1.75192 1.29294 -1.50573 1.41202 2.70423 0.740858 -2.68241 
1.12126 -1.85597 -1.67612 1.43473 -1.17577 -1.18299 2.16226 -1.75305 1.29587 -1.50511 1.41294 2.70605 0.7393 -2.6818 
1.12136 -1.85602 -1.6762 1.43511 -1.17618 -1.18246 2.16272 -1.75184 1.29464 -1.50651 1.40945 2.70857 0.744379 -2.67739 
1.12148 -1.85595 -1.67619 1.43537 -1.17641 -1.18203 2.16292 -1.74975 1.29465 -1.50635 1.40415 2.70814 0.752955 -2.68112 
1.11883 -1.85709 -1.67705 1.42772 -1.18098 -1.18803 2.14164 -1.75841 1.2943 -1.51039 1.41849 2.7119 0.732625 -2.66454 
1.11858 -1.8572 -1.67714 1.42701 -1.18142 -1.18857 2.13964 -1.76172 1.29493 -1.51074 1.42449 2.7122 0.723535 -2.66144 
1.11559 -1.85978 -1.67959 1.42438 -1.18096 -1.18856 2.1553 -1.76145 1.28843 -1.51355 1.42513 2.70947 0.723153 -2.65885 
1.11098 -1.86287 -1.68264 1.41945 -1.17991 -1.19013 2.17258 -1.76011 1.28651 -1.51309 1.42347 2.70464 0.72647 -2.66654 
1.10524 -1.86595 -1.68609 1.41253 -1.17869 -1.19235 2.19019 -1.75954 1.2858 -1.51412 1.42193 2.70779 0.728388 -2.66086 
1.09884 -1.86919 -1.68981 1.40488 -1.17751 -1.19514 2.20815 -1.75943 1.2882 -1.51256 1.42146 2.70765 0.729336 -2.66425 
1.09233 -1.87248 -1.69366 1.39704 -1.17617 -1.19804 2.22642 -1.76005 1.28889 -1.51164 1.42317 2.7044 0.727306 -2.66996 
1.08614 -1.87565 -1.69743 1.38964 -1.17489 -1.20089 2.2446 -1.76031 1.29118 -1.51001 1.42349 2.70274 0.726596 -2.67557 
1.07059 -1.88379 -1.70561 1.37046 -1.16861 -1.2231 2.26244 -1.75879 1.28789 -1.51234 1.42046 2.70599 0.731023 -2.66774 
1.0609 -1.88825 -1.71074 1.35822 -1.16515 -1.23344 2.28001 -1.75891 1.28841 -1.51297 1.42044 2.70907 0.730875 -2.6625 
1.05556 -1.8906 -1.71316 1.35018 -1.16284 -1.2361 2.29662 -1.7592 1.29073 -1.51184 1.42087 2.70899 0.729896 -2.66473 
1.05243 -1.89169 -1.7144 1.34402 -1.16076 -1.23568 2.31189 -1.75837 1.28726 -1.5134 1.41973 2.70754 0.731958 -2.66377 
1.04839 -1.89358 -1.71643 1.3379 -1.15908 -1.23574 2.32854 -1.75703 1.28807 -1.51319 1.41684 2.70942 0.73635 -2.66308 
1.04539 -1.89574 -1.71811 1.33413 -1.15814 -1.23483 2.34451 -1.75846 1.29395 -1.50952 1.41958 2.70703 0.732429 -2.67274 
1.04769 -1.89544 -1.7159 1.33634 -1.15679 -1.23309 2.34427 -1.76047 1.29348 -1.50967 1.42414 2.70447 0.72512 -2.67394 
1.05232 -1.89501 -1.71294 1.34307 -1.15607 -1.22871 2.34415 -1.75985 1.29091 -1.51106 1.42301 2.70448 0.727165 -2.67164 
1.059 -1.89469 -1.70911 1.35373 -1.15529 -1.2227 2.34499 -1.7595 1.29114 -1.51057 1.42228 2.70318 0.72846 -2.67482 
1.06384 -1.89586 -1.70726 1.36262 -1.15542 -1.21902 2.34778 -1.7585 1.28742 -1.51333 1.4202 2.70675 0.731369 -2.66556 
1.06969 -1.89726 -1.70504 1.37375 -1.15566 -1.21463 2.35055 -1.75788 1.28631 -1.51403 1.41893 2.70791 0.733171 -2.66296 
1.07351 -1.90167 -1.70304 1.38623 -1.1534 -1.21134 2.36688 -1.75761 1.28603 -1.51369 1.41856 2.70627 0.733999 -2.66576 
1.07254 -1.91067 -1.70406 1.39835 -1.15112 -1.21022 2.39901 -1.75777 1.28706 -1.51313 1.41889 2.70609 0.73327 -2.66689 
1.0709 -1.91904 -1.70555 1.41036 -1.1498 -1.20523 2.4367 -1.75759 1.28275 -1.51686 1.41853 2.71133 0.733158 -2.65239 
1.06548 -1.92978 -1.70892 1.42058 -1.15002 -1.20335 2.4751 -1.75976 1.2869 -1.51489 1.42247 2.71145 0.726684 -2.65451 
1.0602 -1.94083 -1.71302 1.43221 -1.15376 -1.19891 2.51107 -1.76136 1.29192 -1.51195 1.4253 2.7102 0.722267 -2.66104 
1.05739 -1.94956 -1.71455 1.44354 -1.15643 -1.19439 2.53723 -1.76031 1.28923 -1.51252 1.42352 2.70799 0.725652 -2.6631 
1.05511 -1.95741 -1.71492 1.45425 -1.15869 -1.18953 2.56073 -1.75997 1.29012 -1.51281 1.42193 2.7118 0.727707 -2.65805 
1.04951 -1.96699 -1.71759 1.46155 -1.1621 -1.18854 2.58445 -1.76007 1.28849 -1.51263 1.42306 2.70696 0.726529 -2.66422 
1.04494 -1.96699 -1.71037 1.46637 -1.17933 -1.19779 2.60314 -1.7597 1.28729 -1.51367 1.42239 2.70847 0.72733 -2.66045 
1.04146 -1.96699 -1.70457 1.4667 -1.188 -1.21041 2.60145 -1.75999 1.28948 -1.51287 1.42259 2.71031 0.726558 -2.65953 
1.04075 -1.96699 -1.69884 1.4738 -1.20836 -1.21711 2.59982 -1.76074 1.29023 -1.51326 1.42391 2.71308 0.723765 -2.65446 
1.03913 -1.96699 -1.69292 1.48083 -1.23251 -1.22815 2.59505 -1.76046 1.29167 -1.51184 1.42317 2.71132 0.725226 -2.65979 
1.0389 -1.96699 -1.68702 1.48525 -1.24747 -1.23903 2.58033 -1.76089 1.29463 -1.50958 1.42392 2.70827 0.724325 -2.66835 
1.03858 -1.96699 -1.68636 1.48384 -1.26073 -1.25269 2.53926 -1.75918 1.29148 -1.51158 1.42082 2.70711 0.728617 -2.66752 
1.04481 -1.96585 -1.68657 1.48751 -1.27668 -1.25246 2.48682 -1.75872 1.29158 -1.51142 1.41998 2.70434 0.728464 -2.67197 
1.05533 -1.96277 -1.68425 1.49251 -1.28888 -1.24865 2.42948 -1.75712 1.2927 -1.51157 1.41633 2.70666 0.73274 -2.67034 
1.06524 -1.95862 -1.68088 1.49419 -1.29464 -1.24969 2.3722 -1.7546 1.29001 -1.5141 1.41094 2.71163 0.739874 -2.66072 
1.07803 -1.95405 -1.67793 1.5017 -1.30713 -1.241 2.32022 -1.75408 1.29267 -1.51347 1.40843 2.71614 0.742659 -2.65704 
1.08627 -1.95276 -1.67834 1.5066 -1.31957 -1.23753 2.27513 -1.75541 1.29568 -1.51155 1.41019 2.71609 0.740124 -2.66014 
1.09517 -1.95215 -1.6799 1.51352 -1.33538 -1.23083 2.23342 -1.75536 1.29426 -1.51138 1.41004 2.71361 0.740293 -2.66315 
1.10149 -1.95227 -1.68192 1.51665 -1.34746 -1.22929 2.19124 -1.75307 1.28974 -1.51356 1.40537 2.71485 0.747017 -2.65843 
1.10629 -1.9513 -1.68206 1.5166 -1.35291 -1.23003 2.15751 -1.75379 1.28646 -1.51547 1.40758 2.71525 0.742727 -2.65252 
1.11029 -1.95024 -1.68181 1.51664 -1.35793 -1.22924 2.12938 -1.75076 1.27965 -1.52017 1.40204 2.71961 0.749784 -2.63924 
1.11742 -1.94564 -1.67989 1.51699 -1.36402 -1.22313 2.09275 -1.74969 1.27844 -1.52088 1.40052 2.71995 0.750437 -2.63718 
1.12456 -1.94159 -1.67804 1.51665 -1.37095 -1.2177 2.05176 -1.74975 1.28018 -1.51969 1.40097 2.7191 0.748183 -2.63992 
1.12884 -1.93945 -1.67772 1.51299 -1.37641 -1.21781 2.00791 -1.74999 1.28184 -1.51976 1.4011 2.72299 0.74554 -2.63402 
1.14026 -1.93023 -1.67145 1.50505 -1.3815 -1.21244 1.92294 -1.7497 1.27642 -1.52249 1.40184 2.72085 0.743178 -2.63068 
1.13677 -1.93203 -1.67315 1.5005 -1.37954 -1.21953 1.91802 -1.73455 1.29483 -1.51073 1.36651 2.72361 0.791962 -2.66519 
