0.651554 -0.96835 -0.256894 1.48009 -2.47505 -1.9144 1.35211 -1.6644 1.91355 -0.851741 1.5355 1.86565 0.977967 -2.02091 
0.65143 -0.969038 -0.256913 1.4786 -2.47511 -1.91374 1.35164 -1.66117 1.91958 -0.845807 1.54447 1.85411 0.966929 -2.07223 
0.65143 -0.969038 -0.256913 1.4786 -2.47511 -1.91374 1.35164 -1.65415 1.93147 -0.837812 1.54547 1.84728 0.959561 -2.14491 
0.65143 -0.969038 -0.256913 1.4786 -2.47511 -1.91374 1.35164 -1.65623 1.92363 -0.84313 1.54529 1.84378 0.961341 -2.12145 
0.65143 -0.969038 -0.256913 1.4786 -2.47511 -1.91374 1.35164 -1.66344 1.93057 -0.853507 1.55717 1.8352 0.940253 -2.05096 
0.65143 -0.969038 -0.256913 1.4786 -2.47511 -1.91374 1.35164 -1.66222 1.92664 -0.850668 1.55672 1.82863 0.943941 -2.08949 
0.65143 -0.969038 -0.256913 1.4786 -2.47511 -1.91374 1.35164 -1.65773 1.92763 -0.845117 1.54872 1.83446 0.95168 -2.12699 
0.65143 -0.969038 -0.256913 1.4786 -2.47511 -1.91374 1.35164 -1.65701 1.92848 -0.84447 1.54639 1.83594 0.951867 -2.12856 
0.65143 -0.969038 -0.256913 1.4786 -2.47511 -1.91374 1.35164 -1.65545 1.93086 -0.843336 1.54402 1.83692 0.950746 -2.13592 
0.65143 -0.969038 -0.256913 1.4786 -2.47511 -1.91374 1.35164 -1.65578 1.92751 -0.846106 1.5418 1.83749 0.950615 -2.11468 
0.65143 -0.969038 -0.256913 1.4786 -2.47511 -1.91374 1.35164 -1.65502 1.92744 -0.845422 1.54147 1.83343 0.951224 -2.13482 
0.65143 -0.969038 -0.256913 1.4786 -2.47511 -1.91374 1.35164 -1.65236 1.93342 -0.84053 1.53993 1.83432 0.950779 -2.16899 
0.65143 -0.969038 -0.256913 1.4786 -2.47511 -1.91374 1.35164 -1.65138 1.93062 -0.84016 1.53382 1.84162 0.956379 -2.15678 
0.65143 -0.969038 -0.256913 1.4786 -2.47511 -1.91374 1.35164 -1.64578 1.94701 -0.82891 1.53281 1.84576 0.952125 -2.22069 
0.65143 -0.969038 -0.256913 1.4786 -2.47511 -1.91374 1.35164 -1.64702 1.9402 -0.831836 1.53054 1.84379 0.955553 -2.21036 
0.65143 -0.969038 -0.256913 1.4786 -2.47511 -1.91374 1.35164 -1.64626 1.94115 -0.830738 1.52773 1.8455 0.955291 -2.21143 
0.65143 -0.969038 -0.256913 1.4786 -2.47511 -1.91374 1.35164 -1.64564 1.93867 -0.830781 1.52293 1.84776 0.958778 -2.20887 
0.65143 -0.969038 -0.256913 1.4786 -2.47511 -1.91374 1.35164 -1.64461 1.93483 -0.831117 1.51573 1.85442 0.963894 -2.19249 
0.65143 -0.969038 -0.256913 1.4786 -2.47511 -1.91374 1.35164 -1.64587 1.92971 -0.833784 1.51426 1.85198 0.965806 -2.18295 
0.65143 -0.969038 -0.256913 1.4786 -2.47511 -1.91374 1.35164 -1.64678 1.93171 -0.833175 1.51549 1.85296 0.962145 -2.17425 
0.65143 -0.969038 -0.256913 1.4786 -2.47511 -1.91374 1.35164 -1.64372 1.94272 -0.824822 1.51622 1.8548 0.95839 -2.21815 
0.65143 -0.969038 -0.256913 1.4786 -2.47511 -1.91374 1.35164 -1.64196 1.94606 -0.819503 1.51506 1.85689 0.96008 -2.24741 
0.65143 -0.969038 -0.256913 1.4786 -2.47511 -1.91374 1.35164 -1.66536 1.82052 -1.02234 1.77779 1.16363 0.795079 -1.86749 
0.65143 -0.969038 -0.256913 1.4786 -2.47511 -1.91374 1.35164 -1.65919 1.80274 -1.02525 1.77253 1.16501 0.818203 -1.85677 
0.65143 -0.969038 -0.256913 1.4786 -2.47511 -1.91374 1.35164 -1.65417 1.79456 -1.02896 1.77 1.15572 0.826569 -1.85031 
0.65143 -0.969038 -0.256913 1.4786 -2.47511 -1.91374 1.35164 -1.65289 1.78933 -1.03135 1.7695 1.1507 0.830977 -1.85041 
0.65143 -0.969038 -0.256913 1.4786 -2.47511 -1.91374 1.35164 -1.65222 1.79497 -1.02872 1.76935 1.15125 0.828603 -1.84084 
0.65143 -0.969038 -0.256913 1.4786 -2.47511 -1.91374 1.35164 -1.65386 1.78724 -1.02741 1.75815 1.18739 0.8322 -1.87379 
0.65143 -0.969038 -0.256913 1.4786 -2.47511 -1.91374 1.35164 -1.65655 1.78475 -1.02887 1.75477 1.2021 0.829073 -1.90177 
0.65143 -0.969038 -0.256913 1.4786 -2.47511 -1.91374 1.35164 -1.65739 1.78486 -1.02842 1.75463 1.20331 0.828236 -1.9047 
0.65143 -0.969038 -0.256913 1.4786 -2.47511 -1.91374 1.35164 -1.65734 1.79456 -1.02716 1.76503 1.17467 0.823543 -1.87019 
0.65143 -0.969038 -0.256913 1.4786 -2.47511 -1.91374 1.35164 -1.65591 1.78942 -1.02696 1.76694 1.16534 0.833587 -1.85104 
0.65143 -0.969038 -0.256913 1.4786 -2.47511 -1.91374 1.35164 -1.65766 1.79341 -1.02761 1.76932 1.16234 0.827074 -1.85619 
0.65143 -0.969038 -0.256913 1.4786 -2.47511 -1.91374 1.35164 -1.65859 1.7937 -1.02453 1.762 1.18739 0.825883 -1.87305 
0.65143 -0.969038 -0.256913 1.4786 -2.47511 -1.91374 1.35164 -1.66029 1.797 -1.02308 1.76116 1.19718 0.821797 -1.88273 
0.65143 -0.969038 -0.256913 1.4786 -2.47511 -1.91374 1.35164 -1.66195 1.79936 -1.02318 1.76794 1.1856 0.822281 -1.87026 
0.65143 -0.969038 -0.256913 1.4786 -2.47511 -1.91374 1.35164 -1.66461 1.80437 -1.02398 1.77876 1.16564 0.820561 -1.85383 
0.65143 -0.969038 -0.256913 1.4786 -2.47511 -1.91374 1.35164 -1.66847 1.80971 -1.02384 1.78562 1.16068 0.818094 -1.84983 
0.65143 -0.969038 -0.256913 1.4786 -2.47511 -1.91374 1.35164 -1.67395 1.80261 -1.02255 1.77693 1.20495 0.823553 -1.88891 
0.65143 -0.969038 -0.256913 1.4786 -2.47511 -1.91374 1.35164 -1.67869 1.8184 -1.02361 1.79271 1.17756 0.809942 -1.87315 
0.65143 -0.969038 -0.256913 1.4786 -2.47511 -1.91374 1.35164 -1.68258 1.82492 -1.02153 1.79735 1.18112 0.80832 -1.86891 
0.65143 -0.969038 -0.256913 1.4786 -2.47511 -1.91374 1.35164 -1.68767 1.81858 -1.0215 1.79384 1.20517 0.815378 -1.89032 
0.65143 -0.969038 -0.256913 1.4786 -2.47511 -1.91374 1.35164 -1.692 1.81967 -1.02087 1.79568 1.21467 0.816636 -1.8971 
0.65143 -0.969038 -0.256913 1.4786 -2.47511 -1.91374 1.35164 -1.69629 1.82173 -1.02059 1.7986 1.22056 0.816261 -1.90355 
0.65143 -0.969038 -0.256913 1.4786 -2.47511 -1.91374 1.35164 -1.69948 1.8235 -1.01686 1.79631 1.2444 0.818381 -1.91476 
0.65143 -0.969038 -0.256913 1.4786 -2.47511 -1.91374 1.35164 -1.70484 1.82704 -1.01954 1.80447 1.23282 0.814547 -1.91663 
0.65143 -0.969038 -0.256913 1.4786 -2.47511 -1.91374 1.35164 -1.7084 1.82528 -1.02098 1.81183 1.22566 0.818811 -1.91137 
0.65143 -0.969038 -0.256913 1.4786 -2.47511 -1.91374 1.35164 -1.7143 1.8363 -1.02317 1.81837 1.22205 0.803306 -1.93075 
0.65143 -0.969038 -0.256913 1.4786 -2.47511 -1.91374 1.35164 -1.71707 1.8405 -1.02272 1.81784 1.22896 0.798532 -1.94117 
0.65143 -0.969038 -0.256913 1.4786 -2.47511 -1.91374 1.35164 -1.71734 1.83712 -1.0213 1.8151 1.23288 0.806844 -1.93099 
0.65143 -0.969038 -0.256913 1.4786 -2.47511 -1.91374 1.35164 -1.71761 1.83781 -1.02102 1.81485 1.23148 0.80675 -1.92901 
0.65143 -0.969038 -0.256913 1.4786 -2.47511 -1.91374 1.35164 -1.7175 1.8361 -1.02084 1.8132 1.23335 0.808511 -1.92884 
0.65143 -0.969038 -0.256913 1.4786 -2.47511 -1.91374 1.35164 -1.71629 1.83796 -1.01621 1.80761 1.25149 0.810702 -1.92702 
0.65143 -0.969038 -0.256913 1.4786 -2.47511 -1.91374 1.35164 -1.71842 1.84555 -1.02098 1.81943 1.21833 0.798021 -1.92162 
0.65143 -0.969038 -0.256913 1.4786 -2.47511 -1.91374 1.35164 -1.71778 1.84746 -1.02223 1.82747 1.19139 0.799123 -1.89761 
0.65143 -0.969038 -0.256913 1.4786 -2.47511 -1.91374 1.35164 -1.71645 1.83842 -1.02176 1.82618 1.19197 0.812679 -1.8853 
0.65143 -0.969038 -0.256913 1.4786 -2.47511 -1.91374 1.35164 -1.7188 1.83863 -1.02145 1.81661 1.22112 0.80659 -1.92042 
0.65143 -0.969038 -0.256913 1.4786 -2.47511 -1.91374 1.35164 -1.71921 1.83782 -1.02095 1.81402 1.22851 0.807433 -1.92638 
0.65143 -0.969038 -0.256913 1.4786 -2.47511 -1.91374 1.35164 -1.71942 1.83726 -1.0207 1.81297 1.23098 0.8085 -1.9275 
0.65143 -0.969038 -0.256913 1.4786 -2.47511 -1.91374 1.35164 -1.71957 1.83682 -1.02079 1.81193 1.23281 0.808593 -1.93015 
0.65143 -0.969038 -0.256913 1.4786 -2.47511 -1.91374 1.35164 -1.71953 1.83624 -1.02056 1.81021 1.23583 0.808902 -1.93287 
0.65143 -0.969038 -0.256913 1.4786 -2.47511 -1.91374 1.35164 -1.71998 1.83695 -1.02144 1.81352 1.22557 0.807722 -1.92672 
0.65143 -0.969038 -0.256913 1.4786 -2.47511 -1.91374 1.35164 -1.71682 1.82462 -1.01887 1.80842 1.23304 0.827622 -1.90568 
0.65143 -0.969038 -0.256913 1.4786 -2.47511 -1.91374 1.35164 -1.71936 1.84013 -1.02122 1.81779 1.21139 0.806656 -1.90929 
0.65143 -0.969038 -0.256913 1.4786 -2.47511 -1.91374 1.35164 -1.71932 1.83473 -1.01953 1.80962 1.23398 0.811272 -1.92529 
0.65143 -0.969038 -0.256913 1.4786 -2.47511 -1.91374 1.35164 -1.72198 1.83996 -1.02187 1.8137 1.22923 0.800189 -1.9417 
0.65143 -0.969038 -0.256913 1.4786 -2.47511 -1.91374 1.35164 -1.71973 1.83609 -1.01883 1.81033 1.23458 0.809342 -1.92616 
0.65143 -0.969038 -0.256913 1.4786 -2.47511 -1.91374 1.35164 -1.71913 1.83472 -1.01815 1.8099 1.23444 0.811407 -1.92215 
0.65143 -0.969038 -0.256913 1.4786 -2.47511 -1.91374 1.35164 -1.71798 1.82206 -1.01528 1.79589 1.27305 0.825361 -1.94825 
0.65143 -0.969038 -0.256913 1.4786 -2.47511 -1.91374 1.35164 -1.71577 1.81182 -1.01268 1.78627 1.2954 0.83887 -1.95524 
0.65143 -0.969038 -0.256913 1.4786 -2.47511 -1.91374 1.35164 -1.71565 1.82154 -1.01394 1.79884 1.25945 0.828775 -1.91716 
0.65143 -0.969038 -0.256913 1.4786 -2.47511 -1.91374 1.35164 -1.71803 1.83034 -1.01869 1.8093 1.23064 0.810819 -1.9235 
0.65143 -0.969038 -0.256913 1.4786 -2.47511 -1.91374 1.35164 -1.71583 1.82607 -1.01566 1.80464 1.24026 0.819 -1.91437 
0.65143 -0.969038 -0.256913 1.4786 -2.47511 -1.91374 1.35164 -1.71526 1.8296 -1.01653 1.80973 1.22449 0.814393 -1.90385 
0.65143 -0.969038 -0.256913 1.4786 -2.47511 -1.91374 1.35164 -1.71395 1.82634 -1.0182 1.81264 1.21045 0.81682 -1.89436 
0.65143 -0.969038 -0.256913 1.4786 -2.47511 -1.91374 1.35164 -1.71204 1.82592 -1.01667 1.81045 1.21174 0.817545 -1.88958 
0.65143 -0.969038 -0.256913 1.4786 -2.47511 -1.91374 1.35164 -1.71093 1.82528 -1.0136 1.79984 1.23954 0.816052 -1.91137 
0.65143 -0.969038 -0.256913 1.4786 -2.47511 -1.91374 1.35164 -1.70798 1.81928 -1.00918 1.78592 1.27378 0.8239 -1.92928 
0.65143 -0.969038 -0.256913 1.4786 -2.47511 -1.91374 1.35164 -1.70934 1.82833 -1.01593 1.80187 1.22688 0.806519 -1.91724 
0.65143 -0.969038 -0.256913 1.4786 -2.47511 -1.91374 1.35164 -1.70673 1.82285 -1.01414 1.79717 1.23439 0.814456 -1.91135 
0.65143 -0.969038 -0.256913 1.4786 -2.47511 -1.91374 1.35164 -1.70391 1.81808 -1.00978 1.78394 1.2668 0.821945 -1.92493 
0.65143 -0.969038 -0.256913 1.4786 -2.47511 -1.91374 1.35164 -1.70332 1.81709 -1.01438 1.7933 1.23528 0.819822 -1.90706 
0.65143 -0.969038 -0.256913 1.4786 -2.47511 -1.91374 1.35164 -1.70336 1.82453 -1.01387 1.79648 1.22843 0.809822 -1.90786 
0.65143 -0.969038 -0.256913 1.4786 -2.47511 -1.91374 1.35164 -1.70331 1.82701 -1.01317 1.79784 1.22555 0.80625 -1.90694 
0.65143 -0.969038 -0.256913 1.4786 -2.47511 -1.91374 1.35164 -1.7039 1.82913 -1.01191 1.7989 1.22608 0.803431 -1.90757 
0.65143 -0.969038 -0.256913 1.4786 -2.47511 -1.91374 1.35164 -1.70563 1.83891 -1.01206 1.80488 1.21391 0.790056 -1.90937 
0.65143 -0.969038 -0.256913 1.4786 -2.47511 -1.91374 1.35164 -1.70503 1.838 -1.01019 1.80688 1.21005 0.794288 -1.89523 
0.65143 -0.969038 -0.256913 1.4786 -2.47511 -1.91374 1.35164 -1.70543 1.83018 -1.00577 1.79445 1.25151 0.803082 -1.91964 
0.65143 -0.969038 -0.256913 1.4786 -2.47511 -1.91374 1.35164 -1.71009 1.83982 -1.00631 1.80888 1.22874 0.794568 -1.90477 
0.65143 -0.969038 -0.256913 1.4786 -2.47511 -1.91374 1.35164 -1.71885 1.8523 -1.00524 1.81938 1.23016 0.780724 -1.92022 
0.65143 -0.969038 -0.256913 1.4786 -2.47511 -1.91374 1.35164 -1.72691 1.86192 -1.00199 1.82692 1.24125 0.773584 -1.9297 
0.65143 -0.969038 -0.256913 1.4786 -2.47511 -1.91374 1.35164 -1.7354 1.85939 -0.996489 1.81751 1.30276 0.777217 -1.98611 
0.65143 -0.969038 -0.256913 1.4786 -2.47511 -1.91374 1.35164 -1.7438 1.87336 -0.997119 1.83601 1.28076 0.764468 -1.97721 
0.65143 -0.969038 -0.256913 1.4786 -2.47511 -1.91374 1.35164 -1.75133 1.8779 -0.993999 1.84202 1.29104 0.764098 -1.98279 
0.65143 -0.969038 -0.256913 1.4786 -2.47511 -1.91374 1.35164 -1.75749 1.87869 -0.986247 1.83369 1.34332 0.770686 -2.01791 
0.65143 -0.969038 -0.256913 1.4786 -2.47511 -1.91374 1.35164 -1.56581 1.70656 -0.929944 1.40168 1.8174 1.11655 -2.25771 
