0.651705 -0.96749 -0.256872 1.48195 -2.47499 -1.91523 1.35271 -0.888557 0.584345 -0.223871 -1.49859 1.54052 1.14496 2.62344 
0.65143 -0.969038 -0.256913 1.4786 -2.47511 -1.91374 1.35164 -0.893262 0.57893 -0.221741 -1.51531 1.55857 1.1417 2.60521 
0.65143 -0.969038 -0.256913 1.4786 -2.47511 -1.91374 1.35164 -0.896978 0.578466 -0.221601 -1.51222 1.54538 1.1623 2.60113 
0.65143 -0.969038 -0.256913 1.4786 -2.47511 -1.91374 1.35164 -0.902775 0.581987 -0.218665 -1.50934 1.54582 1.17812 2.59434 
0.65143 -0.969038 -0.256913 1.4786 -2.47511 -1.91374 1.35164 -0.906136 0.58534 -0.216837 -1.50659 1.5511 1.18231 2.59561 
0.65143 -0.969038 -0.256913 1.4786 -2.47511 -1.91374 1.35164 -0.908978 0.590652 -0.214469 -1.50218 1.55654 1.18609 2.5823 
0.65143 -0.969038 -0.256913 1.4786 -2.47511 -1.91374 1.35164 -0.912621 0.593746 -0.21103 -1.50367 1.56816 1.18778 2.56819 
0.65143 -0.969038 -0.256913 1.4786 -2.47511 -1.91374 1.35164 -0.914541 0.59828 -0.211468 -1.49486 1.56146 1.19561 2.57908 
0.65143 -0.969038 -0.256913 1.4786 -2.47511 -1.91374 1.35164 -0.918683 0.603627 -0.209362 -1.49047 1.56322 1.20486 2.57708 
0.65143 -0.969038 -0.256913 1.4786 -2.47511 -1.91374 1.35164 -0.917921 0.604071 -0.211063 -1.48676 1.55758 1.20538 2.58136 
0.65143 -0.969038 -0.256913 1.4786 -2.47511 -1.91374 1.35164 -0.920495 0.607011 -0.209866 -1.48357 1.55827 1.21125 2.58784 
0.65143 -0.969038 -0.256913 1.4786 -2.47511 -1.91374 1.35164 -0.920061 0.60856 -0.211822 -1.47683 1.54981 1.21473 2.61081 
0.65143 -0.969038 -0.256913 1.4786 -2.47511 -1.91374 1.35164 -0.918406 0.60748 -0.213823 -1.47564 1.54521 1.21232 2.61068 
0.65143 -0.969038 -0.256913 1.4786 -2.47511 -1.91374 1.35164 -0.918635 0.609085 -0.214856 -1.47153 1.54044 1.21534 2.62338 
0.65143 -0.969038 -0.256913 1.4786 -2.47511 -1.91374 1.35164 -0.916931 0.608702 -0.217193 -1.4678 1.53398 1.21382 2.62648 
0.65143 -0.969038 -0.256913 1.4786 -2.47511 -1.91374 1.35164 -0.918281 0.612273 -0.217755 -1.46121 1.52965 1.21897 2.63052 
0.65143 -0.969038 -0.256913 1.4786 -2.47511 -1.91374 1.35164 -0.921017 0.616312 -0.216741 -1.45708 1.52951 1.22514 2.62707 
0.65143 -0.969038 -0.256913 1.4786 -2.47511 -1.91374 1.35164 -0.92451 0.620661 -0.215295 -1.45337 1.52973 1.23308 2.62121 
0.65143 -0.969038 -0.256913 1.4786 -2.47511 -1.91374 1.35164 -0.925245 0.621244 -0.215806 -1.45292 1.52813 1.23453 2.6161 
0.65143 -0.969038 -0.256913 1.4786 -2.47511 -1.91374 1.35164 -0.930606 0.626652 -0.212697 -1.44958 1.53163 1.24528 2.60459 
0.65143 -0.969038 -0.256913 1.4786 -2.47511 -1.91374 1.35164 -0.929027 0.626693 -0.215855 -1.44423 1.52154 1.24732 2.6228 
0.65143 -0.969038 -0.256913 1.4786 -2.47511 -1.91374 1.35164 -0.92937 0.627939 -0.216878 -1.43938 1.51507 1.25217 2.62389 
0.65143 -0.969038 -0.256913 1.4786 -2.47511 -1.91374 1.35164 -0.930034 0.630906 -0.217313 -1.43214 1.5077 1.26064 2.63756 
0.65143 -0.969038 -0.256913 1.4786 -2.47511 -1.91374 1.35164 -0.93191 0.634992 -0.215542 -1.42576 1.50555 1.26958 2.64143 
0.65143 -0.969038 -0.256913 1.4786 -2.47511 -1.91374 1.35164 -0.926656 0.633441 -0.218929 -1.42002 1.49345 1.26815 2.6526 
0.65143 -0.969038 -0.256913 1.4786 -2.47511 -1.91374 1.35164 -0.923536 0.632157 -0.217947 -1.42209 1.49523 1.26394 2.6524 
0.65143 -0.969038 -0.256913 1.4786 -2.47511 -1.91374 1.35164 -0.91306 0.629933 -0.224075 -1.4115 1.47462 1.2584 2.6768 
0.65143 -0.969038 -0.256913 1.4786 -2.47511 -1.91374 1.35164 -0.908162 0.629021 -0.223902 -1.41292 1.47321 1.25107 2.66295 
0.65143 -0.969038 -0.256913 1.4786 -2.47511 -1.91374 1.35164 -0.902085 0.63018 -0.225656 -1.40669 1.46387 1.24823 2.66783 
0.65143 -0.969038 -0.256913 1.4786 -2.47511 -1.91374 1.35164 -0.893702 0.629309 -0.229207 -1.39964 1.4503 1.24275 2.67368 
0.65143 -0.969038 -0.256913 1.4786 -2.47511 -1.91374 1.35164 -0.885854 0.630199 -0.232446 -1.39146 1.43758 1.23989 2.695 
0.65143 -0.969038 -0.256913 1.4786 -2.47511 -1.91374 1.35164 -0.878005 0.630152 -0.235813 -1.38437 1.42517 1.23611 2.71047 
0.65143 -0.969038 -0.256913 1.4786 -2.47511 -1.91374 1.35164 -0.87017 0.628107 -0.237224 -1.38444 1.42087 1.22631 2.7149 
0.65143 -0.969038 -0.256913 1.4786 -2.47511 -1.91374 1.35164 -0.861586 0.627842 -0.240914 -1.37835 1.40936 1.2203 2.72968 
0.65143 -0.969038 -0.256913 1.4786 -2.47511 -1.91374 1.35164 -0.857121 0.630515 -0.2412 -1.37393 1.40675 1.21834 2.74726 
0.65143 -0.969038 -0.256913 1.4786 -2.47511 -1.91374 1.35164 -0.849076 0.629777 -0.244929 -1.37063 1.39808 1.20991 2.7647 
0.65143 -0.969038 -0.256913 1.4786 -2.47511 -1.91374 1.35164 -0.842024 0.633219 -0.250299 -1.35793 1.38091 1.21173 2.79274 
0.65143 -0.969038 -0.256913 1.4786 -2.47511 -1.91374 1.35164 -0.838318 0.630262 -0.249871 -1.36476 1.38531 1.19914 2.78075 
0.65143 -0.969038 -0.256913 1.4786 -2.47511 -1.91374 1.35164 -0.83234 0.631946 -0.255753 -1.35349 1.3674 1.20161 2.80107 
0.65143 -0.969038 -0.256913 1.4786 -2.47511 -1.91374 1.35164 -0.834462 0.632102 -0.253439 -1.35682 1.37373 1.20031 2.79154 
0.65143 -0.969038 -0.256913 1.4786 -2.47511 -1.91374 1.35164 -0.835184 0.633159 -0.253032 -1.35603 1.3748 1.20254 2.79988 
