0.671167 -0.937524 -0.344743 1.55568 -2.48468 -1.90445 1.75678 -1.11086 0.606574 0.0662724 -1.38227 -1.96056 -1.13133 -0.477166 
0.650563 -0.97587 -0.345868 1.49558 -2.48929 -1.88188 1.75706 -1.11086 0.606549 0.0662777 -1.38233 -1.96054 -1.13132 -0.4772 
0.649344 -0.981974 -0.345667 1.49008 -2.48817 -1.88825 1.75988 -1.11086 0.606549 0.0662777 -1.38233 -1.96054 -1.13132 -0.4772 
0.650127 -0.984379 -0.344882 1.48659 -2.48619 -1.88766 1.75616 -1.11086 0.606549 0.0662777 -1.38233 -1.96054 -1.13132 -0.4772 
0.653075 -0.983738 -0.342644 1.48637 -2.48232 -1.88602 1.74999 -1.11086 0.606549 0.0662777 -1.38233 -1.96054 -1.13132 -0.4772 
0.656492 -0.980108 -0.340887 1.49285 -2.47875 -1.88875 1.74682 -1.11086 0.606549 0.0662777 -1.38233 -1.96054 -1.13132 -0.4772 
0.659129 -0.976481 -0.340906 1.49914 -2.47726 -1.89193 1.74442 -1.11086 0.606549 0.0662777 -1.38233 -1.96054 -1.13132 -0.4772 
0.661045 -0.974123 -0.341419 1.50435 -2.47684 -1.89463 1.74344 -1.11086 0.606549 0.0662777 -1.38233 -1.96054 -1.13132 -0.4772 
0.662228 -0.972113 -0.338977 1.5069 -2.47223 -1.89583 1.74121 -1.11086 0.606549 0.0662777 -1.38233 -1.96054 -1.13132 -0.4772 
0.663435 -0.97003 -0.338295 1.51046 -2.47146 -1.89542 1.74049 -1.11086 0.606549 0.0662777 -1.38233 -1.96054 -1.13132 -0.4772 
0.664173 -0.969697 -0.338462 1.51213 -2.47103 -1.89732 1.74029 -1.11086 0.606549 0.0662777 -1.38233 -1.96054 -1.13132 -0.4772 
0.664798 -0.969872 -0.339197 1.51349 -2.4718 -1.89899 1.74006 -1.11086 0.606549 0.0662777 -1.38233 -1.96054 -1.13132 -0.4772 
0.665216 -0.968991 -0.339193 1.51472 -2.47169 -1.89916 1.73928 -1.11086 0.606549 0.0662777 -1.38233 -1.96054 -1.13132 -0.4772 
0.665468 -0.969313 -0.338865 1.5146 -2.47026 -1.90127 1.73894 -1.11086 0.606549 0.0662777 -1.38233 -1.96054 -1.13132 -0.4772 
0.666725 -0.967869 -0.338803 1.51671 -2.46929 -1.90157 1.73693 -1.11086 0.606549 0.0662777 -1.38233 -1.96054 -1.13132 -0.4772 
0.668519 -0.96702 -0.338698 1.51965 -2.46826 -1.90424 1.73549 -1.11086 0.606549 0.0662777 -1.38233 -1.96054 -1.13132 -0.4772 
0.669607 -0.966715 -0.338728 1.52175 -2.46703 -1.90885 1.73563 -1.11086 0.606549 0.0662777 -1.38233 -1.96054 -1.13132 -0.4772 
0.670068 -0.964182 -0.335869 1.52403 -2.46271 -1.90875 1.73483 -1.11086 0.606549 0.0662777 -1.38233 -1.96054 -1.13132 -0.4772 
0.670395 -0.964121 -0.336816 1.52535 -2.46388 -1.90921 1.73461 -1.11086 0.606549 0.0662777 -1.38233 -1.96054 -1.13132 -0.4772 
0.67028 -0.963954 -0.337163 1.52528 -2.46478 -1.90866 1.73479 -1.11086 0.606549 0.0662777 -1.38233 -1.96054 -1.13132 -0.4772 
0.670223 -0.965334 -0.337597 1.52514 -2.46469 -1.91075 1.7352 -1.11086 0.606549 0.0662777 -1.38233 -1.96054 -1.13132 -0.4772 
0.670292 -0.964263 -0.336841 1.52601 -2.46432 -1.90912 1.735 -1.11086 0.606549 0.0662777 -1.38233 -1.96054 -1.13132 -0.4772 
0.670045 -0.965363 -0.337505 1.52528 -2.4653 -1.91055 1.73629 -1.11086 0.606549 0.0662777 -1.38233 -1.96054 -1.13132 -0.4772 
0.67018 -0.964744 -0.337852 1.5261 -2.46662 -1.90919 1.7364 -1.11086 0.606549 0.0662777 -1.38233 -1.96054 -1.13132 -0.4772 
0.670363 -0.96443 -0.337661 1.52639 -2.46643 -1.90889 1.73594 -1.11086 0.606549 0.0662777 -1.38233 -1.96054 -1.13132 -0.4772 
0.670344 -0.96466 -0.338472 1.52617 -2.46747 -1.9092 1.73598 -1.11086 0.606549 0.0662777 -1.38233 -1.96054 -1.13132 -0.4772 
0.670147 -0.964335 -0.337789 1.52682 -2.46683 -1.9085 1.73627 -1.11086 0.606549 0.0662777 -1.38233 -1.96054 -1.13132 -0.4772 
0.670285 -0.964304 -0.338049 1.52617 -2.4667 -1.90879 1.73526 -1.11086 0.606549 0.0662777 -1.38233 -1.96054 -1.13132 -0.4772 
0.670135 -0.965324 -0.337487 1.52509 -2.4652 -1.90969 1.73517 -1.11086 0.606549 0.0662777 -1.38233 -1.96054 -1.13132 -0.4772 
0.670896 -0.962209 -0.336925 1.52747 -2.46528 -1.90423 1.73292 -1.11086 0.606549 0.0662777 -1.38233 -1.96054 -1.13132 -0.4772 
0.670913 -0.963697 -0.338161 1.52634 -2.46599 -1.90619 1.73228 -1.11086 0.606549 0.0662777 -1.38233 -1.96054 -1.13132 -0.4772 
0.671052 -0.964508 -0.338994 1.52583 -2.46689 -1.90731 1.73243 -1.11086 0.606549 0.0662777 -1.38233 -1.96054 -1.13132 -0.4772 
0.670858 -0.964387 -0.338387 1.52572 -2.46593 -1.90711 1.73217 -1.11086 0.606549 0.0662777 -1.38233 -1.96054 -1.13132 -0.4772 
0.671035 -0.964017 -0.337899 1.52575 -2.46558 -1.9064 1.73209 -1.11086 0.606549 0.0662777 -1.38233 -1.96054 -1.13132 -0.4772 
0.670772 -0.964868 -0.337603 1.52434 -2.46437 -1.90842 1.73237 -1.11086 0.606549 0.0662777 -1.38233 -1.96054 -1.13132 -0.4772 
0.670829 -0.964704 -0.337695 1.52464 -2.46466 -1.90844 1.7325 -1.11086 0.606549 0.0662777 -1.38233 -1.96054 -1.13132 -0.4772 
0.670747 -0.964303 -0.33738 1.52519 -2.4649 -1.90726 1.73241 -1.11086 0.606549 0.0662777 -1.38233 -1.96054 -1.13132 -0.4772 
0.670867 -0.964841 -0.338419 1.52486 -2.46571 -1.90832 1.73249 -1.11086 0.606549 0.0662777 -1.38233 -1.96054 -1.13132 -0.4772 
0.670766 -0.963826 -0.337011 1.52538 -2.46452 -1.90648 1.73223 -1.11086 0.606549 0.0662777 -1.38233 -1.96054 -1.13132 -0.4772 
0.670925 -0.963042 -0.336725 1.52638 -2.46458 -1.905 1.73195 -1.11086 0.606549 0.0662777 -1.38233 -1.96054 -1.13132 -0.4772 
0.670876 -0.962768 -0.336845 1.52635 -2.46463 -1.90477 1.73181 -1.11086 0.606549 0.0662777 -1.38233 -1.96054 -1.13132 -0.4772 
