0.570067 -0.783651 -0.127089 1.32043 -2.25577 -1.0211 1.18035 -1.11046 0.608541 0.0658396 -1.37776 -1.96175 -1.13253 -0.474404 
0.562603 -0.830277 -0.115606 1.26605 -2.20779 -0.938755 1.15096 -1.11057 0.607972 0.0659647 -1.37907 -1.96141 -1.13218 -0.475202 
0.562027 -0.837015 -0.116088 1.26375 -2.2159 -0.935997 1.15846 -1.11057 0.607972 0.0659647 -1.37907 -1.96141 -1.13218 -0.475202 
0.563406 -0.839815 -0.117785 1.26206 -2.22324 -0.937509 1.16066 -1.11057 0.607972 0.0659647 -1.37907 -1.96141 -1.13218 -0.475202 
0.562995 -0.838911 -0.117447 1.26383 -2.22717 -0.937751 1.16637 -1.11057 0.607972 0.0659647 -1.37907 -1.96141 -1.13218 -0.475202 
0.604732 -0.647518 -0.208198 1.85201 -2.59565 -1.97038 1.73959 -1.11007 0.610447 0.0654194 -1.37338 -1.9629 -1.13369 -0.471729 
0.811037 -0.676003 -0.489717 1.88966 -2.45276 -1.98966 1.90576 -1.11086 0.606549 0.0662777 -1.38233 -1.96054 -1.13132 -0.4772 
0.811037 -0.676003 -0.489717 1.88966 -2.45276 -1.98966 1.90577 -1.11086 0.606549 0.0662777 -1.38233 -1.96054 -1.13132 -0.4772 
0.811037 -0.676003 -0.489717 1.88966 -2.45276 -1.98966 1.90577 -1.11086 0.606549 0.0662777 -1.38233 -1.96054 -1.13132 -0.4772 
0.562146 -0.743589 -0.121054 1.36553 -2.2793 -1.009 1.24051 -1.11046 0.608541 0.0658396 -1.37776 -1.96175 -1.13253 -0.474404 
0.558962 -0.772557 -0.121235 1.27754 -2.16978 -0.901615 1.12236 -1.11057 0.607972 0.0659647 -1.37907 -1.96141 -1.13218 -0.475202 
0.551933 -0.773551 -0.111751 1.28252 -2.18542 -0.905009 1.16279 -1.11057 0.607972 0.0659647 -1.37907 -1.96141 -1.13218 -0.475202 
