1.07518 -1.84295 -1.66851 1.35772 -1.20452 -1.20672 2.1392 -1.84919 1.45486 -1.45729 1.56284 2.82074 0.512493 -2.59972 
1.0519 -1.84313 -1.66717 1.30676 -1.19684 -1.22943 2.11332 -1.83743 1.45702 -1.44713 1.53174 2.80769 0.565074 -2.63599 
1.05572 -1.83806 -1.66407 1.3073 -1.20014 -1.21692 2.1074 -1.82883 1.46434 -1.43844 1.51176 2.80077 0.595021 -2.66117 
1.05613 -1.83678 -1.66399 1.30613 -1.19975 -1.21878 2.10079 -1.82832 1.46843 -1.43506 1.50961 2.79643 0.599194 -2.67292 
1.05544 -1.83673 -1.66372 1.30276 -1.19782 -1.22358 2.09486 -1.82759 1.46792 -1.43474 1.5066 2.79452 0.602426 -2.67612 
1.05555 -1.83795 -1.66429 1.30328 -1.19746 -1.22494 2.09801 -1.82797 1.46354 -1.43789 1.50622 2.7964 0.600574 -2.66871 
1.05806 -1.84068 -1.66661 1.31136 -1.19934 -1.22356 2.10863 -1.82654 1.46313 -1.43853 1.50282 2.79557 0.60307 -2.66995 
1.0637 -1.84173 -1.66692 1.32299 -1.19946 -1.22166 2.11487 -1.82444 1.46464 -1.43776 1.4977 2.79489 0.60959 -2.67368 
1.07205 -1.8425 -1.66615 1.33986 -1.19973 -1.21608 2.12445 -1.82243 1.46311 -1.43921 1.49346 2.79502 0.613743 -2.67274 
1.08047 -1.84333 -1.66555 1.35689 -1.20103 -1.20944 2.13355 -1.82063 1.46574 -1.43872 1.49058 2.79547 0.615285 -2.67439 
1.08616 -1.84448 -1.66589 1.36927 -1.20397 -1.20345 2.14042 -1.8201 1.46959 -1.43826 1.49018 2.79912 0.613743 -2.67126 
1.0897 -1.84508 -1.6655 1.37627 -1.20362 -1.202 2.14438 -1.81842 1.4706 -1.43825 1.48602 2.80259 0.61836 -2.66786 
1.09278 -1.84545 -1.66508 1.38235 -1.20271 -1.20173 2.14704 -1.81794 1.47183 -1.43734 1.48438 2.80118 0.619356 -2.67136 
1.09508 -1.84663 -1.66533 1.38775 -1.20286 -1.20141 2.15041 -1.81697 1.4775 -1.434 1.48169 2.80072 0.621943 -2.67807 
1.0978 -1.84795 -1.66586 1.39427 -1.20313 -1.20107 2.15502 -1.81689 1.47893 -1.4335 1.48039 2.8007 0.621158 -2.67926 
1.10277 -1.84997 -1.66666 1.40533 -1.20443 -1.19914 2.16169 -1.81595 1.48218 -1.43201 1.47734 2.7994 0.623418 -2.68477 
1.10648 -1.85219 -1.66696 1.41435 -1.20272 -1.20097 2.16852 -1.81566 1.48411 -1.43183 1.4762 2.79947 0.622318 -2.68569 
1.10828 -1.85544 -1.66838 1.42178 -1.20113 -1.20484 2.17597 -1.81468 1.49266 -1.42678 1.4749 2.79521 0.621885 -2.70022 
1.1204 -1.8492 -1.66256 1.43678 -1.20177 -1.18954 2.17582 -1.81334 1.49486 -1.42472 1.47121 2.79136 0.625823 -2.70944 
1.12505 -1.84834 -1.66098 1.44435 -1.20121 -1.18612 2.17776 -1.81425 1.49516 -1.42215 1.47195 2.78362 0.625221 -2.72236 
1.12733 -1.84806 -1.66009 1.44804 -1.2003 -1.18505 2.17899 -1.81444 1.50266 -1.41639 1.4716 2.78169 0.626514 -2.7339 
1.12758 -1.84802 -1.65999 1.44841 -1.20015 -1.18496 2.1791 -1.81426 1.5076 -1.41231 1.46884 2.78594 0.631887 -2.73466 
1.32359 -1.82236 -1.75829 1.91927 -1.42323 -0.93071 2.39613 -1.81441 1.50607 -1.41353 1.46966 2.78484 0.630468 -2.73414 
1.32319 -1.82208 -1.75676 1.9182 -1.42047 -0.932042 2.39421 -1.85604 1.62428 -1.39118 1.57582 2.81058 0.454037 -2.73664 
1.32321 -1.82203 -1.75669 1.91819 -1.42032 -0.932072 2.39412 -1.86158 1.6323 -1.39112 1.58832 2.81153 0.434696 -2.73566 
1.3232 -1.82208 -1.75673 1.91819 -1.42023 -0.932013 2.3941 -1.85717 1.62964 -1.3893 1.58125 2.80891 0.444713 -2.74069 
1.32321 -1.82207 -1.75672 1.91819 -1.42023 -0.932029 2.3941 -1.85358 1.61215 -1.39255 1.5754 2.79878 0.454753 -2.74707 
1.32321 -1.82207 -1.75672 1.91819 -1.42023 -0.932031 2.3941 -1.84645 1.59417 -1.3962 1.56474 2.78999 0.470243 -2.75207 
1.32321 -1.82207 -1.75672 1.91819 -1.42023 -0.932032 2.3941 -1.83969 1.56811 -1.40615 1.55711 2.78495 0.477288 -2.7439 
1.32321 -1.82207 -1.75672 1.91819 -1.42023 -0.932032 2.3941 -1.82978 1.54677 -1.41276 1.54367 2.78231 0.493196 -2.73809 
1.32321 -1.82207 -1.75672 1.91819 -1.42023 -0.932032 2.3941 -1.82004 1.52016 -1.42205 1.53063 2.77352 0.508558 -2.73619 
1.32321 -1.82207 -1.75672 1.91819 -1.42023 -0.93203 2.39409 -1.80909 1.49554 -1.42918 1.51653 2.75942 0.526539 -2.74408 
1.32321 -1.82207 -1.75672 1.91819 -1.42023 -0.93203 2.39409 -1.79797 1.47709 -1.43744 1.50267 2.76331 0.541949 -2.7284 
1.32321 -1.82207 -1.75672 1.91819 -1.42023 -0.93203 2.39409 -1.78462 1.45507 -1.44683 1.48444 2.76104 0.564414 -2.71997 
1.32321 -1.82207 -1.75672 1.91819 -1.42023 -0.932032 2.39409 -1.77189 1.42345 -1.46314 1.46813 2.76064 0.581956 -2.69767 
1.32321 -1.82205 -1.7567 1.91819 -1.42024 -0.93205 2.39409 -1.76229 1.40668 -1.47198 1.46259 2.75198 0.580797 -2.69565 
1.32321 -1.82205 -1.75669 1.91819 -1.42025 -0.932056 2.3941 -1.74952 1.38805 -1.48173 1.44845 2.74752 0.593882 -2.68882 
1.32321 -1.82204 -1.75667 1.91819 -1.42025 -0.932067 2.3941 -1.73896 1.37271 -1.49297 1.43488 2.75604 0.606645 -2.66334 
1.32321 -1.82204 -1.75668 1.91819 -1.42025 -0.932066 2.3941 -1.7324 1.36139 -1.50083 1.42818 2.75586 0.611544 -2.65285 
1.32321 -1.82204 -1.75668 1.91819 -1.42025 -0.932066 2.3941 -1.72847 1.35821 -1.5035 1.42175 2.75848 0.619517 -2.64723 
1.32321 -1.82204 -1.75668 1.91819 -1.42025 -0.932066 2.3941 -1.72776 1.36274 -1.50291 1.42115 2.76329 0.618148 -2.64279 
1.32321 -1.82204 -1.75668 1.91819 -1.42025 -0.932066 2.3941 -1.72813 1.37355 -1.49822 1.42013 2.76988 0.618475 -2.6428 
1.32321 -1.82204 -1.75668 1.91819 -1.42025 -0.932066 2.3941 -1.72923 1.38283 -1.49237 1.4209 2.7679 0.617554 -2.65533 
1.32321 -1.82204 -1.75668 1.91819 -1.42025 -0.932066 2.3941 -1.72941 1.37959 -1.49395 1.41853 2.76952 0.622706 -2.65117 
1.32321 -1.82204 -1.75668 1.91819 -1.42025 -0.932066 2.3941 -1.73085 1.38238 -1.49204 1.41971 2.76918 0.621612 -2.65438 
1.32321 -1.82204 -1.75668 1.91819 -1.42025 -0.932066 2.3941 -1.73171 1.38617 -1.49019 1.42167 2.76992 0.618362 -2.65605 
1.15022 -1.84965 -1.67201 1.50485 -1.22148 -1.15035 2.21468 -1.67109 1.29652 -1.52135 1.32204 2.72382 0.792307 -2.69807 
1.12854 -1.85191 -1.66782 1.45707 -1.20875 -1.17343 2.19794 -1.68286 1.28718 -1.52826 1.35123 2.72086 0.752984 -2.67639 
1.12629 -1.85211 -1.66739 1.45216 -1.2074 -1.17585 2.19618 -1.6858 1.27216 -1.53633 1.36204 2.71296 0.738512 -2.66649 
1.12601 -1.85216 -1.66732 1.45164 -1.20731 -1.17621 2.19607 -1.68878 1.27158 -1.53771 1.36786 2.71423 0.728927 -2.65983 
1.12597 -1.85208 -1.6672 1.45149 -1.20726 -1.17635 2.196 -1.68843 1.26471 -1.54184 1.36726 2.7141 0.729881 -2.65187 
1.12589 -1.85217 -1.66724 1.45142 -1.20722 -1.17646 2.19601 -1.68906 1.26384 -1.54268 1.36783 2.71565 0.728828 -2.64778 
1.12583 -1.85224 -1.66726 1.45137 -1.20724 -1.17662 2.19604 -1.69194 1.27233 -1.53859 1.37045 2.72203 0.724588 -2.64547 
1.12583 -1.85219 -1.66721 1.45133 -1.20718 -1.1767 2.19601 -1.69284 1.27349 -1.5371 1.36898 2.72488 0.730227 -2.64472 
1.1259 -1.85222 -1.66727 1.45152 -1.20754 -1.17637 2.19606 -1.69652 1.27307 -1.53426 1.3724 2.71974 0.731436 -2.65536 
1.12595 -1.85248 -1.66749 1.45194 -1.20831 -1.1759 2.1965 -1.69778 1.2751 -1.53263 1.36834 2.72645 0.743561 -2.65083 
1.12604 -1.85269 -1.66769 1.45239 -1.20899 -1.17532 2.19696 -1.70166 1.27929 -1.52898 1.36974 2.72721 0.748164 -2.65707 
1.12604 -1.8531 -1.66801 1.45284 -1.20959 -1.17493 2.19774 -1.70767 1.28583 -1.52401 1.37397 2.72794 0.749533 -2.66539 
1.12614 -1.85329 -1.66818 1.45326 -1.21014 -1.17444 2.19822 -1.71323 1.29079 -1.52042 1.37875 2.72995 0.74881 -2.66858 
1.12625 -1.85327 -1.66822 1.45347 -1.2104 -1.17403 2.19828 -1.71968 1.29846 -1.51561 1.38501 2.73254 0.746011 -2.67305 
1.12627 -1.85326 -1.66823 1.45347 -1.21037 -1.17398 2.19825 -1.7233 1.30153 -1.51277 1.38546 2.735 0.751506 -2.67529 
1.12639 -1.85305 -1.66811 1.45352 -1.21033 -1.17378 2.1981 -1.72558 1.29648 -1.51255 1.38514 2.72828 0.759129 -2.68491 
1.12637 -1.85306 -1.66812 1.4535 -1.21032 -1.17383 2.19814 -1.72611 1.2949 -1.51159 1.38132 2.72783 0.770247 -2.68856 
1.12645 -1.85298 -1.66811 1.45358 -1.21037 -1.17359 2.19809 -1.73011 1.29532 -1.51095 1.38375 2.73158 0.770879 -2.68333 
1.12654 -1.8529 -1.66811 1.45369 -1.21045 -1.1733 2.19804 -1.73634 1.30235 -1.50548 1.38934 2.73029 0.768934 -2.69451 
1.1266 -1.85281 -1.66809 1.45375 -1.21039 -1.17309 2.19799 -1.74134 1.30944 -1.50153 1.39405 2.73007 0.76567 -2.70226 
1.12669 -1.85279 -1.66815 1.45393 -1.21068 -1.17271 2.19798 -1.74393 1.30924 -1.50128 1.39677 2.72628 0.763824 -2.70754 
1.1267 -1.85262 -1.66802 1.4538 -1.21037 -1.17284 2.19778 -1.74563 1.31053 -1.50102 1.39797 2.72508 0.761886 -2.70997 
1.12673 -1.85229 -1.6678 1.45346 -1.20962 -1.17306 2.19725 -1.74512 1.31484 -1.5001 1.39539 2.72945 0.763871 -2.70738 
1.12672 -1.85197 -1.66759 1.45302 -1.20891 -1.17342 2.19658 -1.74369 1.31161 -1.50183 1.39325 2.72702 0.765651 -2.70822 
1.12677 -1.8515 -1.66728 1.45259 -1.20821 -1.17365 2.19572 -1.74464 1.30794 -1.50332 1.39605 2.72281 0.760254 -2.70905 
1.12677 -1.8513 -1.66715 1.45236 -1.20783 -1.17383 2.19533 -1.74334 1.30103 -1.50732 1.39397 2.72173 0.76204 -2.70282 
1.12677 -1.85139 -1.66723 1.45245 -1.20785 -1.1737 2.19555 -1.74147 1.29734 -1.51022 1.38991 2.72288 0.767859 -2.69765 
1.12692 -1.85137 -1.66729 1.45288 -1.20826 -1.17307 2.1961 -1.74111 1.29814 -1.50994 1.3884 2.72285 0.770154 -2.69896 
1.12701 -1.8514 -1.66737 1.45323 -1.2087 -1.17257 2.19657 -1.74305 1.30754 -1.50529 1.39038 2.72404 0.766321 -2.70679 
1.12714 -1.85134 -1.66739 1.45351 -1.20895 -1.1721 2.19679 -1.74305 1.31104 -1.50324 1.38941 2.72304 0.767706 -2.71329 
1.12572 -1.85215 -1.66721 1.45061 -1.20608 -1.17756 2.19479 -1.74095 1.30404 -1.50733 1.38503 2.72321 0.77421 -2.7065 
1.12561 -1.85218 -1.66718 1.45039 -1.20589 -1.17804 2.19467 -1.74053 1.30169 -1.50838 1.3843 2.72255 0.776027 -2.70515 
1.12262 -1.85484 -1.66961 1.4477 -1.20521 -1.17813 2.21047 -1.74113 1.30429 -1.50734 1.38431 2.725 0.77569 -2.70373 
1.11806 -1.85797 -1.67255 1.44268 -1.20396 -1.17989 2.22769 -1.74239 1.30757 -1.5053 1.38703 2.72435 0.771267 -2.70777 
1.11242 -1.86104 -1.67582 1.43568 -1.20265 -1.18228 2.24515 -1.74166 1.30303 -1.5086 1.38602 2.72703 0.772244 -2.69759 
1.10614 -1.86433 -1.67943 1.42791 -1.20127 -1.18524 2.26291 -1.74111 1.30325 -1.50831 1.38505 2.72696 0.774008 -2.69875 
1.09971 -1.86761 -1.68308 1.41997 -1.19979 -1.18835 2.28101 -1.74179 1.30789 -1.5057 1.38576 2.72696 0.772685 -2.70383 
1.09361 -1.87082 -1.6867 1.41247 -1.19831 -1.19136 2.299 -1.74028 1.30117 -1.5102 1.383 2.72979 0.776724 -2.69165 
1.08782 -1.87403 -1.69003 1.40507 -1.19671 -1.19436 2.31654 -1.74108 1.30144 -1.5095 1.38492 2.72709 0.773983 -2.69598 
1.07222 -1.88279 -1.69848 1.38641 -1.19074 -1.2162 2.33653 -1.73961 1.30295 -1.5095 1.3815 2.7313 0.778864 -2.69187 
1.06235 -1.8882 -1.70409 1.37352 -1.18729 -1.22867 2.35321 -1.74059 1.30745 -1.5071 1.38282 2.73143 0.776529 -2.69634 
1.05585 -1.89194 -1.7079 1.36542 -1.18612 -1.23301 2.37014 -1.74062 1.30566 -1.5078 1.38353 2.72953 0.775393 -2.69729 
1.05231 -1.89322 -1.7092 1.35912 -1.18393 -1.23331 2.38514 -1.73925 1.30551 -1.5082 1.38052 2.73112 0.779806 -2.69591 
1.04922 -1.89431 -1.70986 1.35333 -1.18069 -1.23414 2.39931 -1.73927 1.30468 -1.50794 1.38051 2.72855 0.78027 -2.69963 
1.0503 -1.89395 -1.70768 1.35346 -1.17784 -1.23462 2.39953 -1.73871 1.30442 -1.50833 1.37927 2.72981 0.782247 -2.69784 
1.05495 -1.89347 -1.70426 1.35946 -1.17596 -1.23085 2.40022 -1.73867 1.30531 -1.50776 1.3795 2.72952 0.782053 -2.69932 
1.06278 -1.89305 -1.70077 1.37258 -1.17786 -1.22075 2.40266 -1.73858 1.3002 -1.51094 1.37996 2.72958 0.78146 -2.69235 
1.06694 -1.89448 -1.69935 1.38147 -1.17856 -1.21793 2.40438 -1.74024 1.30524 -1.50783 1.38281 2.72845 0.776859 -2.69898 
1.07215 -1.89527 -1.69701 1.3911 -1.17833 -1.21466 2.40551 -1.73852 1.30218 -1.5093 1.37967 2.72859 0.781587 -2.6967 
1.07461 -1.90097 -1.6963 1.40374 -1.17742 -1.21229 2.42425 -1.73795 1.30097 -1.50959 1.37875 2.72769 0.783299 -2.69772 
1.07382 -1.90927 -1.69694 1.41592 -1.17539 -1.21022 2.45664 -1.73647 1.29704 -1.51223 1.3759 2.72911 0.787614 -2.6916 
1.06896 -1.91937 -1.70009 1.42555 -1.17462 -1.20969 2.49491 -1.73757 1.29808 -1.51194 1.37793 2.73023 0.784477 -2.68983 
1.06537 -1.92766 -1.70156 1.43574 -1.17475 -1.205 2.53008 -1.74015 1.30407 -1.50927 1.38197 2.73251 0.777311 -2.69074 
1.06181 -1.93633 -1.70318 1.44658 -1.17681 -1.19943 2.56226 -1.74014 1.30444 -1.50966 1.38186 2.73492 0.777138 -2.6866 
1.05781 -1.94515 -1.7051 1.45671 -1.17903 -1.19622 2.59022 -1.74035 1.30385 -1.50863 1.38278 2.73049 0.776569 -2.69411 
1.05353 -1.95359 -1.70639 1.46548 -1.18104 -1.19416 2.61375 -1.74157 1.30685 -1.50595 1.38513 2.72665 0.773509 -2.70353 
1.04676 -1.96295 -1.70915 1.47084 -1.1827 -1.1958 2.63744 -1.74131 1.3041 -1.50721 1.38517 2.72466 0.774038 -2.70364 
1.04414 -1.96689 -1.7076 1.47308 -1.18173 -1.19714 2.64318 -1.74229 1.30758 -1.50588 1.38673 2.72659 0.771072 -2.7033 
1.03954 -1.96699 -1.70062 1.48156 -1.21073 -1.20627 2.65842 -1.74064 1.3042 -1.5078 1.38373 2.72706 0.775899 -2.69993 
1.03931 -1.96699 -1.69551 1.48528 -1.2225 -1.21442 2.6485 -1.74051 1.30753 -1.50647 1.38287 2.72986 0.776975 -2.69908 
1.03756 -1.96699 -1.69001 1.48625 -1.23075 -1.22761 2.6354 -1.73925 1.30218 -1.5097 1.3806 2.73084 0.780133 -2.69165 
1.03627 -1.96699 -1.68454 1.49317 -1.25367 -1.23892 2.62596 -1.74134 1.30713 -1.50569 1.38512 2.7239 0.773461 -2.70775 
1.0386 -1.96699 -1.68451 1.49553 -1.26936 -1.24515 2.588 -1.73886 1.30373 -1.50794 1.38044 2.7242 0.779536 -2.7048 
1.04319 -1.96652 -1.68513 1.49728 -1.28277 -1.24948 2.53678 -1.73837 1.30666 -1.50755 1.37838 2.72816 0.780734 -2.70145 
1.05482 -1.96326 -1.68211 1.50429 -1.29537 -1.24388 2.4811 -1.73484 1.30004 -1.51211 1.37198 2.7299 0.789101 -2.69255 
1.06568 -1.96191 -1.68145 1.51226 -1.30999 -1.23873 2.4285 -1.737 1.30769 -1.50858 1.37515 2.73187 0.782485 -2.69639 
1.07514 -1.95952 -1.68067 1.51725 -1.32026 -1.2363 2.3794 -1.73536 1.30287 -1.51153 1.37162 2.73372 0.787683 -2.68876 
1.08082 -1.95981 -1.68252 1.51942 -1.32994 -1.23916 2.33338 -1.73683 1.30688 -1.50952 1.37341 2.73572 0.78479 -2.68951 
1.08938 -1.95863 -1.683 1.52401 -1.3413 -1.23626 2.28808 -1.73608 1.30828 -1.50823 1.37145 2.7357 0.787382 -2.69281 
1.09809 -1.95665 -1.68258 1.52776 -1.35096 -1.23241 2.24549 -1.73528 1.30265 -1.51047 1.37042 2.73388 0.788771 -2.69008 
1.10442 -1.95547 -1.68276 1.5304 -1.35908 -1.22972 2.21179 -1.73502 1.30175 -1.51207 1.36971 2.73799 0.788635 -2.68135 
1.10684 -1.95653 -1.68459 1.53013 -1.36497 -1.2321 2.18511 -1.73381 1.30004 -1.51378 1.36756 2.74064 0.790207 -2.67507 
1.11387 -1.95462 -1.68523 1.53384 -1.37698 -1.22384 2.15301 -1.73395 1.30125 -1.51276 1.36805 2.7397 0.788027 -2.67771 
1.12099 -1.95099 -1.68342 1.53333 -1.38308 -1.21978 2.11046 -1.73263 1.29669 -1.51613 1.36589 2.7428 0.789043 -2.66666 
1.12601 -1.94842 -1.68259 1.52964 -1.38728 -1.2203 2.06409 -1.73331 1.2987 -1.51465 1.36741 2.74202 0.785186 -2.66968 
1.1375 -1.94328 -1.67825 1.52769 -1.39476 -1.21447 1.994 -1.72685 1.29526 -1.51704 1.35675 2.74389 0.798087 -2.66601 
1.13458 -1.94429 -1.6789 1.52288 -1.39051 -1.22205 1.98796 -1.70935 1.30931 -1.50939 1.31783 2.75127 0.849101 -2.68801 
1.13825 -1.9413 -1.6774 1.517 -1.39206 -1.22452 1.94012 -1.70186 1.31134 -1.50875 1.30232 2.75421 0.867921 -2.69141 
1.14766 -1.93417 -1.67219 1.51414 -1.39415 -1.21954 1.88193 -1.69847 1.31179 -1.50831 1.29659 2.75423 0.873357 -2.69384 
1.15214 -1.92649 -1.66529 1.50039 -1.38049 -1.23096 1.81985 -1.69744 1.31137 -1.50838 1.29637 2.75415 0.871719 -2.69302 
1.15987 -1.92095 -1.66165 1.49813 -1.38506 -1.2266 1.76485 -1.69527 1.30925 -1.50973 1.29471 2.75393 0.871231 -2.69033 
1.15987 -1.91836 -1.65945 1.48497 -1.37775 -1.24101 1.7086 -1.69672 1.31162 -1.50807 1.29955 2.75189 0.862364 -2.6943 
1.16255 -1.91307 -1.65551 1.4741 -1.37232 -1.24913 1.65049 -1.69613 1.31312 -1.50769 1.29968 2.75332 0.859991 -2.69252 
1.16367 -1.90865 -1.65203 1.46174 -1.36599 -1.26008 1.59352 -1.69358 1.31298 -1.50757 1.29642 2.75314 0.863689 -2.69422 
1.16484 -1.90482 -1.64916 1.45122 -1.36159 -1.26908 1.54226 -1.68972 1.31075 -1.50926 1.29042 2.75566 0.871132 -2.689 
1.16149 -1.90561 -1.64931 1.44026 -1.35586 -1.28462 1.50785 -1.69172 1.31051 -1.50827 1.29567 2.75242 0.862354 -2.69269 
1.16043 -1.90495 -1.64851 1.43324 -1.35089 -1.29484 1.48222 -1.69011 1.31178 -1.50672 1.29168 2.75464 0.866749 -2.69314 
1.17563 -1.89144 -1.63759 1.44212 -1.35051 -1.27248 1.46199 -1.69336 1.31846 -1.50113 1.29623 2.75451 0.859714 -2.7021 
1.1789 -1.88865 -1.63511 1.44349 -1.34773 -1.27176 1.45293 -1.69419 1.31924 -1.4987 1.29711 2.753 0.858797 -2.70725 
1.18131 -1.88755 -1.634 1.44591 -1.3466 -1.27146 1.44975 -1.69526 1.32365 -1.49509 1.29703 2.75633 0.858897 -2.70869 
1.18218 -1.88743 -1.63357 1.44689 -1.34537 -1.27238 1.44894 -1.69739 1.32719 -1.49094 1.29877 2.75688 0.857796 -2.71456 
1.18175 -1.88784 -1.63393 1.44653 -1.34486 -1.27358 1.44873 -1.70421 1.32967 -1.48637 1.30347 2.75901 0.857929 -2.7172 
1.18182 -1.88775 -1.63391 1.4466 -1.34484 -1.27351 1.44866 -1.71645 1.3468 -1.47339 1.3136 2.76465 0.851477 -2.73176 
1.18188 -1.88768 -1.63389 1.44661 -1.3447 -1.27345 1.44864 -1.7248 1.35837 -1.46481 1.31889 2.77266 0.850908 -2.73507 
1.18196 -1.88766 -1.63393 1.44672 -1.34473 -1.27321 1.44865 -1.7317 1.35888 -1.46201 1.31998 2.77851 0.857483 -2.72992 
1.17832 -1.88651 -1.63789 1.44467 -1.34293 -1.27266 1.47505 -1.74099 1.36869 -1.45269 1.32595 2.78034 0.85824 -2.74349 
1.17126 -1.88684 -1.64498 1.44224 -1.34039 -1.27277 1.52508 -1.74723 1.37128 -1.44843 1.32749 2.78374 0.863189 -2.745 
1.16248 -1.88813 -1.65265 1.43949 -1.33568 -1.27415 1.58729 -1.75465 1.37543 -1.4443 1.33216 2.78848 0.861442 -2.74319 
1.05567 -1.85003 -1.66741 1.3377 -1.23004 -1.23788 2.10244 -1.82014 1.46523 -1.43277 1.49588 2.81854 0.637156 -2.65514 
1.0617 -1.838 -1.65846 1.3433 -1.22795 -1.20818 2.12548 -1.82392 1.4677 -1.43173 1.50869 2.81105 0.618348 -2.66545 
1.05851 -1.83625 -1.65934 1.34107 -1.22806 -1.20144 2.14154 -1.82645 1.48093 -1.42782 1.51922 2.81018 0.600502 -2.67318 
1.05643 -1.83447 -1.65983 1.33729 -1.22691 -1.20121 2.14394 -1.82876 1.47595 -1.43004 1.52401 2.80315 0.594369 -2.67774 
1.05657 -1.83338 -1.65912 1.33471 -1.22578 -1.20188 2.14123 -1.83052 1.4733 -1.43118 1.52735 2.79588 0.588337 -2.68455 
1.0559 -1.83411 -1.65905 1.33332 -1.22288 -1.20572 2.14355 -1.83012 1.4752 -1.43056 1.52638 2.79645 0.588731 -2.68533 
1.05845 -1.83589 -1.66026 1.33949 -1.22274 -1.20623 2.15063 -1.82661 1.4727 -1.43153 1.51762 2.79726 0.600355 -2.68486 
1.06459 -1.83661 -1.66069 1.35258 -1.22518 -1.2008 2.15796 -1.82521 1.47661 -1.43027 1.51473 2.79675 0.602357 -2.68921 
1.07296 -1.83791 -1.66045 1.37045 -1.22702 -1.19443 2.16821 -1.82387 1.47579 -1.43179 1.51233 2.79753 0.603795 -2.68729 
1.08002 -1.83888 -1.66032 1.38503 -1.22858 -1.18925 2.17619 -1.82288 1.47835 -1.43304 1.51045 2.80496 0.602864 -2.67718 
1.08641 -1.83869 -1.65918 1.39697 -1.22896 -1.1841 2.18229 -1.8219 1.47468 -1.4365 1.5078 2.81021 0.604159 -2.66586 
1.09045 -1.83965 -1.65954 1.40594 -1.23079 -1.1807 2.18762 -1.82054 1.48374 -1.43006 1.50558 2.80233 0.60627 -2.68684 
1.09269 -1.84065 -1.66003 1.41134 -1.23137 -1.18034 2.19074 -1.82 1.49055 -1.42637 1.50486 2.80075 0.605943 -2.69544 
1.09497 -1.84116 -1.6598 1.41625 -1.23026 -1.18077 2.1935 -1.81938 1.49483 -1.42407 1.50322 2.80064 0.607385 -2.69985 
1.09759 -1.8429 -1.6609 1.42363 -1.23127 -1.17968 2.19998 -1.81879 1.49147 -1.42584 1.50037 2.80158 0.609769 -2.69607 
1.10281 -1.8435 -1.66045 1.4341 -1.23119 -1.1773 2.205 -1.81779 1.48959 -1.42723 1.49595 2.80339 0.613946 -2.69237 
1.1073 -1.8444 -1.65999 1.44322 -1.22903 -1.17748 2.21103 -1.81585 1.49188 -1.42582 1.49071 2.80166 0.61916 -2.69835 
1.10861 -1.84733 -1.66099 1.44892 -1.22586 -1.18357 2.21645 -1.81433 1.49475 -1.42476 1.48654 2.80373 0.623011 -2.6987 
1.11103 -1.84937 -1.66097 1.4556 -1.22206 -1.18904 2.22083 -1.81325 1.49767 -1.42228 1.48359 2.79865 0.625849 -2.71006 
1.12222 -1.84358 -1.65671 1.47049 -1.22808 -1.16888 2.22193 -1.81369 1.4983 -1.4209 1.4829 2.79757 0.627005 -2.71316 
1.12506 -1.84283 -1.65561 1.47488 -1.22784 -1.16631 2.22318 -1.81464 1.51435 -1.41111 1.48604 2.79374 0.62226 -2.73382 
1.12536 -1.84277 -1.65552 1.47532 -1.22771 -1.166 2.22326 -1.8152 1.51232 -1.4081 1.48456 2.787 0.627123 -2.7457 
1.3246 -1.81115 -1.74985 1.92135 -1.43592 -0.940631 2.40378 -1.81501 1.5125 -1.40876 1.48477 2.78819 0.626247 -2.74346 
1.306 -1.81532 -1.73257 1.87677 -1.40028 -0.966458 2.38097 -1.88391 1.68706 -1.40127 1.72514 2.69091 0.179827 -2.90018 
1.30599 -1.81534 -1.73248 1.87677 -1.39993 -0.966563 2.38096 -1.88893 1.69311 -1.402 1.73819 2.66977 0.160586 -2.90767 
1.30598 -1.81542 -1.73253 1.87677 -1.39979 -0.96649 2.38094 -1.89544 1.64995 -1.42193 1.74462 2.66859 0.148032 -2.8974 
1.30598 -1.8154 -1.73252 1.87677 -1.39981 -0.966509 2.38094 -1.89171 1.64088 -1.42378 1.74425 2.64514 0.144133 -2.90767 
1.30598 -1.81541 -1.73252 1.87677 -1.39981 -0.966508 2.38094 -1.88619 1.62015 -1.4287 1.73746 2.62126 0.151319 -2.90767 
1.30598 -1.81541 -1.73252 1.87677 -1.39981 -0.966508 2.38094 -1.88308 1.56692 -1.45347 1.73449 2.63703 0.143728 -2.87775 
1.30598 -1.81541 -1.73252 1.87677 -1.39981 -0.966508 2.38094 -1.87675 1.53022 -1.46914 1.72787 2.64509 0.144293 -2.86088 
1.30598 -1.81541 -1.73252 1.87677 -1.39981 -0.966507 2.38094 -1.86814 1.50606 -1.47784 1.71863 2.64389 0.150524 -2.85779 
1.30598 -1.81541 -1.73252 1.87677 -1.39981 -0.966508 2.38094 -1.85844 1.4842 -1.48523 1.70784 2.64624 0.159333 -2.8514 
1.30598 -1.81541 -1.73252 1.87677 -1.39981 -0.966508 2.38094 -1.84927 1.46763 -1.49229 1.69976 2.65123 0.163151 -2.8423 
1.30598 -1.81541 -1.73252 1.87677 -1.39981 -0.966508 2.38094 -1.8402 1.39844 -1.52276 1.68437 2.66394 0.181431 -2.81161 
1.30598 -1.81541 -1.73252 1.87677 -1.39981 -0.966508 2.38094 -1.82954 1.36578 -1.53946 1.67541 2.66433 0.184143 -2.80196 
1.30598 -1.81541 -1.73252 1.87677 -1.39981 -0.966508 2.38094 -1.81811 1.33503 -1.55693 1.66575 2.67921 0.185843 -2.77566 
1.30598 -1.81541 -1.73252 1.87677 -1.39981 -0.966508 2.38094 -1.80615 1.30255 -1.57325 1.65303 2.67868 0.196894 -2.76748 
1.30598 -1.81541 -1.73252 1.87677 -1.39981 -0.966508 2.38094 -1.79637 1.27935 -1.58863 1.6472 2.68748 0.192448 -2.74886 
1.30598 -1.81541 -1.73252 1.87677 -1.39981 -0.966508 2.38094 -1.79081 1.26702 -1.5985 1.64535 2.68872 0.185701 -2.74232 
1.30598 -1.81541 -1.73252 1.87677 -1.39981 -0.966508 2.38094 -1.78715 1.266 -1.59819 1.63657 2.69299 0.201794 -2.73853 
1.30598 -1.81541 -1.73252 1.87677 -1.39981 -0.966508 2.38094 -1.78553 1.26796 -1.59674 1.63095 2.69745 0.212409 -2.73516 
1.30598 -1.81541 -1.73252 1.87677 -1.39981 -0.966508 2.38094 -1.78475 1.26319 -1.59795 1.62663 2.69948 0.221801 -2.73235 
1.30598 -1.81541 -1.73252 1.87677 -1.39981 -0.966508 2.38094 -1.78616 1.27292 -1.5925 1.62779 2.6929 0.219715 -2.74362 
1.30598 -1.81541 -1.73252 1.87677 -1.39981 -0.966508 2.38094 -1.78751 1.2774 -1.5897 1.62727 2.69657 0.222641 -2.74115 
1.30598 -1.81541 -1.73252 1.87677 -1.39981 -0.966508 2.38094 -1.78963 1.28299 -1.58711 1.62947 2.69993 0.218819 -2.73866 
1.30598 -1.81541 -1.73252 1.87677 -1.39981 -0.966507 2.38094 -1.78987 1.28207 -1.58761 1.62967 2.70134 0.218733 -2.73665 
1.14463 -1.84235 -1.66154 1.51992 -1.2357 -1.14566 2.25711 -1.67774 1.23812 -1.56986 1.35789 2.76642 0.749035 -2.75004 
1.12552 -1.84468 -1.65757 1.47951 -1.2242 -1.16448 2.2452 -1.68213 1.23527 -1.57224 1.36925 2.77408 0.73497 -2.72888 
1.12355 -1.84492 -1.65719 1.47536 -1.22293 -1.16642 2.24393 -1.68878 1.24242 -1.56805 1.38244 2.77847 0.716015 -2.72544 
1.12329 -1.84501 -1.65715 1.47489 -1.2228 -1.16673 2.24384 -1.6906 1.24338 -1.56721 1.38553 2.77856 0.711315 -2.72532 
1.12326 -1.84497 -1.65709 1.47478 -1.2227 -1.16679 2.24376 -1.69471 1.24966 -1.56381 1.39221 2.78054 0.700174 -2.72671 
1.12319 -1.84503 -1.6571 1.47471 -1.2227 -1.16695 2.24381 -1.69572 1.25204 -1.56297 1.39237 2.78395 0.699535 -2.72382 
1.12314 -1.84508 -1.65709 1.47466 -1.22274 -1.16715 2.24383 -1.69665 1.25223 -1.56252 1.39285 2.78459 0.700182 -2.72359 
1.12314 -1.84504 -1.65704 1.47462 -1.22267 -1.16721 2.2438 -1.69632 1.25003 -1.5636 1.3892 2.78947 0.708403 -2.71557 
1.12321 -1.84504 -1.65708 1.4748 -1.22307 -1.16693 2.24387 -1.69601 1.24064 -1.5681 1.38527 2.79223 0.720512 -2.70435 
1.12323 -1.84533 -1.65733 1.47521 -1.22383 -1.16647 2.24431 -1.7 1.24273 -1.56608 1.38769 2.79389 0.722567 -2.70543 
1.12331 -1.84554 -1.65754 1.47565 -1.22449 -1.16591 2.24479 -1.70653 1.24883 -1.56045 1.39324 2.79223 0.721612 -2.71648 
1.12329 -1.84594 -1.65782 1.47608 -1.22515 -1.16559 2.24561 -1.71113 1.25719 -1.55505 1.39466 2.79586 0.725887 -2.72174 
1.12336 -1.84615 -1.65801 1.47647 -1.22571 -1.16513 2.24609 -1.71568 1.26038 -1.55244 1.39765 2.79748 0.727991 -2.72372 
1.12346 -1.84608 -1.65803 1.47667 -1.22603 -1.16478 2.24616 -1.72064 1.26412 -1.54959 1.39947 2.8008 0.732738 -2.72447 
1.12349 -1.84608 -1.65805 1.4767 -1.226 -1.16468 2.24614 -1.72598 1.2677 -1.54617 1.40295 2.80028 0.734276 -2.731 
1.12361 -1.84589 -1.65797 1.47675 -1.22594 -1.16444 2.24598 -1.73009 1.26689 -1.5451 1.40618 2.79862 0.734552 -2.7339 
1.12358 -1.84595 -1.65802 1.47673 -1.22589 -1.16445 2.24601 -1.73222 1.26373 -1.54523 1.40463 2.79826 0.743452 -2.73428 
1.12367 -1.84584 -1.65799 1.47681 -1.22597 -1.16424 2.24597 -1.73744 1.27171 -1.53913 1.40912 2.79651 0.741442 -2.74707 
1.12377 -1.84573 -1.65795 1.47693 -1.2261 -1.16398 2.24594 -1.74066 1.27646 -1.53534 1.40997 2.79676 0.745126 -2.75384 
1.12383 -1.84563 -1.65793 1.47698 -1.22605 -1.16377 2.24589 -1.7445 1.28101 -1.532 1.41154 2.79546 0.747459 -2.76238 
1.12391 -1.8456 -1.65798 1.47717 -1.22636 -1.1634 2.24589 -1.7479 1.28076 -1.53217 1.41601 2.7928 0.742458 -2.76488 
1.12394 -1.84542 -1.65784 1.47704 -1.22607 -1.16353 2.2457 -1.74638 1.27541 -1.53609 1.41125 2.79435 0.750012 -2.75752 
1.124 -1.84506 -1.65759 1.4767 -1.22534 -1.16373 2.24517 -1.74698 1.27943 -1.53358 1.41134 2.79156 0.748673 -2.76637 
1.124 -1.84474 -1.65736 1.47628 -1.22463 -1.16407 2.24449 -1.74482 1.27502 -1.5376 1.40715 2.79509 0.752509 -2.75562 
1.12407 -1.84419 -1.65699 1.47587 -1.22399 -1.16431 2.24363 -1.74601 1.27606 -1.53775 1.40923 2.79663 0.747387 -2.7524 
1.12407 -1.84394 -1.6568 1.47566 -1.2237 -1.16451 2.24325 -1.74513 1.27707 -1.53723 1.40738 2.79585 0.749075 -2.7552 
1.12407 -1.844 -1.65685 1.47578 -1.22378 -1.1644 2.24354 -1.74659 1.27954 -1.53596 1.41026 2.79428 0.744176 -2.75928 
1.1242 -1.844 -1.65693 1.47617 -1.22416 -1.16375 2.24408 -1.74614 1.27608 -1.53893 1.40842 2.79646 0.7466 -2.75176 
1.1243 -1.844 -1.65697 1.47655 -1.22468 -1.16331 2.24458 -1.74512 1.27471 -1.53913 1.40609 2.79269 0.750452 -2.75755 
1.12442 -1.8439 -1.65695 1.4768 -1.22498 -1.16293 2.24481 -1.7439 1.27353 -1.54066 1.40265 2.79587 0.754962 -2.75133 
1.12185 -1.84824 -1.65891 1.47512 -1.22557 -1.16816 2.24733 -1.7415 1.27609 -1.54034 1.39656 2.79594 0.763905 -2.75578 
1.12164 -1.84861 -1.65908 1.47499 -1.22562 -1.1686 2.24757 -1.74166 1.2769 -1.54042 1.39624 2.79776 0.764266 -2.75374 
1.11868 -1.85126 -1.66142 1.47226 -1.22502 -1.1688 2.26339 -1.74224 1.27576 -1.5417 1.39762 2.8002 0.76239 -2.74776 
1.11413 -1.85448 -1.66432 1.46715 -1.22364 -1.1707 2.28053 -1.74226 1.27654 -1.54109 1.39755 2.80016 0.762268 -2.74867 
1.10858 -1.8576 -1.66747 1.46009 -1.22218 -1.17326 2.29784 -1.74328 1.27494 -1.54202 1.40005 2.7999 0.758233 -2.74621 
1.1024 -1.86085 -1.67085 1.45225 -1.22068 -1.17643 2.31544 -1.74263 1.27364 -1.54386 1.39837 2.80461 0.7601 -2.73681 
1.0961 -1.8641 -1.6743 1.44425 -1.21908 -1.17975 2.33337 -1.74239 1.27275 -1.54373 1.39831 2.80222 0.760528 -2.74024 
1.09009 -1.86729 -1.67774 1.43667 -1.21748 -1.18296 2.35121 -1.74353 1.27417 -1.54251 1.40077 2.80001 0.756922 -2.74502 
1.0844 -1.87048 -1.68088 1.42923 -1.21578 -1.18611 2.36859 -1.74324 1.27337 -1.54295 1.40022 2.79943 0.757708 -2.74521 
1.10264 -1.86657 -1.68145 1.46107 -1.25108 -1.12011 2.40504 -1.74142 1.27263 -1.54365 1.3966 2.80071 0.763151 -2.74329 
1.07624 -1.87798 -1.6882 1.42141 -1.22063 -1.18039 2.40955 -1.7418 1.27373 -1.54373 1.39716 2.8026 0.762033 -2.74069 
1.06163 -1.88304 -1.69208 1.39774 -1.20474 -1.21023 2.41933 -1.74147 1.27767 -1.54096 1.39608 2.80104 0.763884 -2.74874 
1.05567 -1.88549 -1.69472 1.38821 -1.20119 -1.21535 2.43533 -1.74063 1.27193 -1.54458 1.39497 2.80194 0.765427 -2.74068 
1.05167 -1.88771 -1.69645 1.38179 -1.19861 -1.21805 2.44981 -1.74136 1.27586 -1.5418 1.39625 2.79936 0.763854 -2.7493 
1.0519 -1.88821 -1.69508 1.38192 -1.19622 -1.21994 2.45012 -1.74123 1.27623 -1.54275 1.39539 2.80409 0.764524 -2.74176 
1.05595 -1.88809 -1.6922 1.3882 -1.19514 -1.21655 2.45094 -1.74282 1.27762 -1.54181 1.3986 2.80354 0.759447 -2.74284 
1.06329 -1.88775 -1.68891 1.40095 -1.19746 -1.20637 2.45394 -1.74261 1.27776 -1.54124 1.39845 2.8016 0.759742 -2.7465 
1.06826 -1.88832 -1.68678 1.41025 -1.19804 -1.20214 2.45511 -1.7426 1.28059 -1.53899 1.39815 2.79989 0.760399 -2.75326 
1.07246 -1.88928 -1.685 1.41891 -1.19793 -1.19982 2.45699 -1.74333 1.28238 -1.53801 1.39933 2.79986 0.758436 -2.75498 
1.07419 -1.89487 -1.68415 1.43 -1.19593 -1.19963 2.47436 -1.74156 1.27796 -1.54135 1.39608 2.80263 0.76366 -2.74615 
1.07381 -1.90275 -1.68387 1.44223 -1.1939 -1.19635 2.50685 -1.74143 1.27391 -1.5426 1.39651 2.79851 0.763578 -2.74851 
1.06818 -1.91183 -1.68599 1.44937 -1.19012 -1.19832 2.54413 -1.7401 1.26868 -1.54579 1.3944 2.79941 0.766829 -2.74149 
1.06218 -1.92102 -1.68871 1.45656 -1.18993 -1.19776 2.57791 -1.74179 1.27755 -1.54102 1.39647 2.8007 0.763156 -2.749 
1.05554 -1.93149 -1.69177 1.4649 -1.1915 -1.19643 2.61307 -1.74225 1.27282 -1.54338 1.3982 2.79942 0.760772 -2.7451 
1.05029 -1.94039 -1.69398 1.47348 -1.19372 -1.19476 2.6399 -1.74249 1.27573 -1.54135 1.39821 2.79858 0.761078 -2.75023 
1.04671 -1.9465 -1.69284 1.47906 -1.19124 -1.19544 2.65872 -1.74168 1.27609 -1.54071 1.39636 2.79812 0.764167 -2.75235 
1.03784 -1.95684 -1.69699 1.48282 -1.19345 -1.19939 2.68227 -1.74236 1.27722 -1.54106 1.39729 2.80135 0.762203 -2.74743 
1.03484 -1.96416 -1.69918 1.49046 -1.20132 -1.19394 2.69661 -1.74213 1.27981 -1.53889 1.39674 2.79928 0.763088 -2.75456 
1.02772 -1.96699 -1.69715 1.4909 -1.21385 -1.20883 2.70041 -1.74257 1.28006 -1.53845 1.39776 2.79786 0.761805 -2.75725 
1.02711 -1.96699 -1.6912 1.49434 -1.22423 -1.21747 2.69053 -1.74336 1.28147 -1.5382 1.39913 2.79987 0.759357 -2.75477 
1.02625 -1.96699 -1.68542 1.50271 -1.24788 -1.22554 2.68648 -1.74356 1.28183 -1.53797 1.39951 2.79961 0.758826 -2.75546 
1.02767 -1.96699 -1.67998 1.50599 -1.25532 -1.23347 2.66645 -1.7424 1.28136 -1.53882 1.3969 2.80085 0.762437 -2.75332 
1.03016 -1.96699 -1.67995 1.50934 -1.27202 -1.23903 2.62925 -1.74161 1.27607 -1.54222 1.39642 2.80006 0.762252 -2.74785 
1.03638 -1.96658 -1.6807 1.51456 -1.28871 -1.23907 2.58062 -1.73994 1.27322 -1.54441 1.39343 2.80044 0.765076 -2.74412 
1.04556 -1.96469 -1.67936 1.51958 -1.30088 -1.23875 2.5249 -1.7382 1.2777 -1.54269 1.38904 2.80234 0.770066 -2.74702 
1.05517 -1.96337 -1.67885 1.52543 -1.31217 -1.23802 2.47198 -1.73812 1.27928 -1.54274 1.38854 2.8045 0.769862 -2.74482 
1.06516 -1.96142 -1.67818 1.53113 -1.32309 -1.23594 2.42083 -1.73853 1.27795 -1.54315 1.3889 2.80321 0.768772 -2.74536 
1.07572 -1.95882 -1.67698 1.53758 -1.33441 -1.23042 2.37467 -1.73686 1.27708 -1.54276 1.3852 2.80177 0.775309 -2.74886 
1.08371 -1.95828 -1.67822 1.54259 -1.34627 -1.22823 2.33141 -1.73505 1.27728 -1.54295 1.381 2.80421 0.78121 -2.74639 
1.09177 -1.95648 -1.67786 1.54586 -1.35423 -1.22626 2.29048 -1.73582 1.27956 -1.54176 1.38174 2.80614 0.779413 -2.74566 
1.09783 -1.95592 -1.67861 1.54857 -1.3625 -1.22426 2.25779 -1.73632 1.27822 -1.54249 1.38291 2.80652 0.776425 -2.74295 
1.10267 -1.95547 -1.67919 1.55046 -1.36984 -1.2221 2.23023 -1.73458 1.26887 -1.54815 1.38094 2.8074 0.778139 -2.73047 
1.10611 -1.95588 -1.68182 1.55121 -1.37956 -1.22123 2.19899 -1.7334 1.26816 -1.54882 1.37892 2.80787 0.779643 -2.72895 
1.11204 -1.95383 -1.68145 1.55058 -1.38603 -1.21956 2.15813 -1.73237 1.26618 -1.54964 1.37759 2.80728 0.780247 -2.72776 
1.11986 -1.94972 -1.67949 1.55006 -1.3926 -1.21462 2.11188 -1.73427 1.27308 -1.54476 1.38124 2.80475 0.773281 -2.73913 
1.13351 -1.94414 -1.67549 1.55116 -1.4032 -1.20498 2.04186 -1.7288 1.27072 -1.54847 1.37228 2.81161 0.783005 -2.72585 
1.13123 -1.94517 -1.67634 1.548 -1.40086 -1.21006 2.03737 -1.71343 1.28325 -1.54277 1.33778 2.81599 0.828586 -2.74433 
1.13687 -1.93984 -1.67258 1.54185 -1.3992 -1.21131 1.98696 -1.70601 1.29022 -1.53869 1.32222 2.81658 0.847758 -2.75717 
1.14436 -1.93424 -1.66825 1.5372 -1.39873 -1.21143 1.92906 -1.70072 1.29167 -1.53831 1.31202 2.8193 0.859514 -2.75731 
1.15176 -1.92525 -1.66056 1.52705 -1.38836 -1.21706 1.8639 -1.70085 1.29121 -1.53807 1.31413 2.81832 0.854515 -2.75762 
1.16334 -1.91689 -1.65538 1.52873 -1.3949 -1.2051 1.81179 -1.69846 1.28494 -1.54127 1.31287 2.81475 0.854172 -2.75548 
1.16023 -1.91958 -1.65721 1.51618 -1.39064 -1.22412 1.76119 -1.6974 1.28747 -1.53984 1.31252 2.81493 0.852496 -2.75812 
1.16441 -1.91208 -1.65108 1.50398 -1.38067 -1.23283 1.69968 -1.69627 1.28629 -1.54083 1.31204 2.81511 0.85124 -2.75551 
1.16574 -1.91067 -1.65044 1.49704 -1.38071 -1.23949 1.6534 -1.69386 1.28772 -1.54089 1.30889 2.81864 0.853602 -2.75147 
1.16695 -1.90446 -1.64528 1.48278 -1.36915 -1.25239 1.59531 -1.69218 1.28679 -1.54174 1.30673 2.82073 0.856061 -2.74601 
1.16734 -1.90036 -1.64166 1.47188 -1.36055 -1.26342 1.55124 -1.69334 1.28859 -1.53969 1.3098 2.81946 0.850217 -2.75101 
1.17977 -1.89008 -1.63377 1.47859 -1.36293 -1.24614 1.5273 -1.69632 1.29417 -1.53395 1.31511 2.81476 0.842005 -2.76637 
1.18296 -1.8866 -1.63096 1.47798 -1.35994 -1.24632 1.51016 -1.69844 1.29716 -1.53107 1.31716 2.81686 0.83866 -2.76737 
1.18517 -1.88464 -1.62918 1.47858 -1.35697 -1.24749 1.50135 -1.69675 1.29809 -1.52951 1.31268 2.81884 0.845075 -2.76817 
1.18742 -1.88361 -1.62819 1.4809 -1.35588 -1.24736 1.49823 -1.69721 1.29771 -1.52858 1.31122 2.82073 0.847802 -2.7614 
1.18826 -1.88342 -1.62769 1.48187 -1.3547 -1.24834 1.49737 -1.69857 1.30045 -1.52462 1.31099 2.82074 0.849686 -2.75757 
1.18784 -1.88379 -1.62798 1.48151 -1.35419 -1.2496 1.49718 -1.70596 1.3087 -1.51561 1.31628 2.82073 0.849498 -2.76411 
1.18791 -1.88365 -1.6279 1.48157 -1.35422 -1.2496 1.49711 -1.71643 1.32396 -1.50204 1.3246 2.82073 0.845872 -2.77615 
1.18796 -1.88357 -1.62787 1.48158 -1.3541 -1.24954 1.49708 -1.72515 1.32868 -1.49464 1.33012 2.82073 0.846838 -2.76615 
1.18804 -1.88351 -1.62787 1.48168 -1.3542 -1.24935 1.49712 -1.73429 1.34695 -1.47962 1.33581 2.82073 0.847337 -2.77539 
1.18428 -1.88233 -1.63179 1.47946 -1.35239 -1.24877 1.52342 -1.74182 1.35561 -1.47082 1.33951 2.82073 0.850226 -2.77749 
1.17695 -1.8827 -1.63876 1.47663 -1.3498 -1.24895 1.57328 -1.74708 1.35755 -1.46629 1.3397 2.82073 0.857151 -2.76327 
1.16788 -1.88402 -1.64627 1.47343 -1.34498 -1.25037 1.63525 -1.75546 1.36698 -1.45777 1.34684 2.82073 0.853046 -2.77013 
1.06519 -1.84257 -1.65753 1.37097 -1.24617 -1.20423 2.12366 -1.82468 1.4772 -1.42981 1.52482 2.82013 0.609043 -2.6618 
1.06747 -1.83328 -1.65262 1.37456 -1.2464 -1.17773 2.15416 -1.82893 1.48427 -1.42801 1.53937 2.81525 0.588235 -2.67084 
1.06488 -1.8305 -1.65292 1.3718 -1.24659 -1.17024 2.16774 -1.83141 1.49503 -1.42457 1.55007 2.80931 0.570233 -2.68379 
1.06167 -1.83045 -1.65456 1.36737 -1.24601 -1.17299 2.16862 -1.83286 1.5001 -1.42233 1.55431 2.80301 0.56399 -2.69545 
1.0609 -1.82999 -1.65391 1.36309 -1.24317 -1.17801 2.16267 -1.8345 1.49531 -1.42486 1.55702 2.79986 0.558516 -2.69472 
1.06044 -1.83041 -1.6536 1.36123 -1.23993 -1.18266 2.16271 -1.83597 1.49163 -1.428 1.55912 2.80139 0.552484 -2.68769 
1.063 -1.83204 -1.65479 1.36801 -1.24049 -1.18205 2.17057 -1.8338 1.4899 -1.42903 1.55309 2.80254 0.559523 -2.6859 
1.06913 -1.83396 -1.65645 1.38287 -1.2447 -1.17621 2.18087 -1.83118 1.49075 -1.42811 1.54655 2.79999 0.567962 -2.6921 
1.07658 -1.8356 -1.65708 1.3998 -1.24716 -1.1707 2.19171 -1.83042 1.49455 -1.42752 1.54654 2.79962 0.565389 -2.69451 
1.08453 -1.83517 -1.65613 1.41486 -1.24936 -1.16285 2.19924 -1.82855 1.49683 -1.42663 1.54349 2.79821 0.568141 -2.69893 
1.09116 -1.83424 -1.65483 1.42665 -1.2505 -1.1562 2.20425 -1.82579 1.4958 -1.42691 1.53683 2.79928 0.577245 -2.69879 
1.09509 -1.83446 -1.65475 1.43452 -1.25064 -1.15392 2.20899 -1.82587 1.49561 -1.4283 1.53624 2.80367 0.575482 -2.69131 
1.0983 -1.83514 -1.65482 1.44145 -1.25059 -1.15308 2.21287 -1.82435 1.49463 -1.42797 1.53146 2.80292 0.581947 -2.69321 
1.10156 -1.83526 -1.65432 1.44794 -1.25106 -1.15062 2.21581 -1.82358 1.50286 -1.42341 1.53083 2.80067 0.581963 -2.70356 
1.10318 -1.83662 -1.6549 1.4527 -1.25026 -1.15222 2.21971 -1.82415 1.50602 -1.42365 1.53124 2.80563 0.578225 -2.69755 
1.10757 -1.83767 -1.65511 1.46207 -1.2502 -1.15114 2.22513 -1.82325 1.50815 -1.42234 1.52824 2.80227 0.580345 -2.70464 
1.11038 -1.83991 -1.65619 1.47019 -1.25004 -1.15207 2.23282 -1.82286 1.50509 -1.42443 1.52577 2.8041 0.581579 -2.69945 
1.11232 -1.84261 -1.65704 1.47742 -1.24782 -1.15617 2.23971 -1.8204 1.50911 -1.42045 1.52021 2.79768 0.589066 -2.71476 
1.12344 -1.83745 -1.65315 1.49279 -1.25092 -1.14121 2.24103 -1.82037 1.51909 -1.41593 1.52127 2.79528 0.58392 -2.72552 
1.12775 -1.83651 -1.65185 1.50022 -1.25094 -1.13784 2.24315 -1.82016 1.52818 -1.40892 1.52066 2.78767 0.585923 -2.74607 
1.12992 -1.83615 -1.65109 1.50383 -1.2502 -1.13669 2.24439 -1.81955 1.53913 -1.40164 1.51925 2.78612 0.588923 -2.75969 
1.13016 -1.83606 -1.65095 1.50419 -1.25011 -1.13663 2.2445 -1.81958 1.5237 -1.40605 1.51308 2.786 0.601355 -2.75124 
1.32529 -1.80588 -1.74642 1.92359 -1.44312 -0.942909 2.40757 -1.81948 1.52612 -1.40544 1.51403 2.78611 0.599465 -2.75238 
1.31098 -1.82618 -1.74891 1.9808 -1.47265 -0.917468 2.5838 -1.82763 1.67904 -1.37658 1.67149 2.65853 0.244345 -2.90739 
1.30823 -1.82736 -1.74908 1.98383 -1.47521 -0.915796 2.60003 -1.82866 1.67958 -1.37591 1.67743 2.61962 0.231489 -2.90779 
1.30788 -1.82741 -1.74906 1.98399 -1.47547 -0.915695 2.60158 -1.82847 1.67337 -1.38069 1.68154 2.62389 0.220114 -2.89954 
1.30782 -1.82739 -1.74904 1.98397 -1.47551 -0.91572 2.60177 -1.82874 1.62712 -1.39898 1.67591 2.6148 0.227535 -2.89578 
1.30782 -1.82735 -1.74902 1.98398 -1.47555 -0.915739 2.60181 -1.82264 1.60728 -1.40434 1.66689 2.60941 0.238935 -2.89814 
1.30779 -1.82735 -1.74902 1.98397 -1.47555 -0.915747 2.60181 -1.8184 1.57221 -1.42154 1.66455 2.60423 0.231534 -2.89016 
1.30781 -1.82732 -1.749 1.98398 -1.47558 -0.915776 2.60182 -1.81241 1.53332 -1.43844 1.65614 2.60473 0.237178 -2.87648 
1.30782 -1.82728 -1.74898 1.98398 -1.47561 -0.915807 2.60183 -1.80528 1.50221 -1.45425 1.65109 2.61033 0.232572 -2.85727 
1.30781 -1.82726 -1.74897 1.98398 -1.47562 -0.915821 2.60183 -1.79803 1.46144 -1.47452 1.64374 2.62017 0.233796 -2.83017 
1.30782 -1.8273 -1.74898 1.98398 -1.47561 -0.915812 2.60182 -1.78802 1.43866 -1.48245 1.63008 2.61646 0.251596 -2.82949 
1.3078 -1.82734 -1.74901 1.98398 -1.47557 -0.915763 2.60181 -1.77851 1.40349 -1.50119 1.62211 2.61616 0.252019 -2.81521 
1.30782 -1.82728 -1.74898 1.98398 -1.47561 -0.915818 2.60182 -1.76701 1.36 -1.52391 1.60913 2.62478 0.262733 -2.78805 
1.30784 -1.82722 -1.74893 1.98398 -1.47565 -0.915893 2.60183 -1.75499 1.33151 -1.54003 1.59677 2.63156 0.271655 -2.76832 
1.30783 -1.8272 -1.74892 1.98398 -1.47565 -0.915917 2.60183 -1.74272 1.30378 -1.55605 1.58307 2.63926 0.283626 -2.7475 
1.30783 -1.82718 -1.7489 1.98397 -1.47567 -0.915939 2.60181 -1.7346 1.2956 -1.56359 1.57856 2.63822 0.278434 -2.74316 
1.30784 -1.82717 -1.74889 1.98397 -1.47568 -0.915948 2.60183 -1.72621 1.2776 -1.57504 1.56911 2.6464 0.286836 -2.72515 
1.30781 -1.82723 -1.74894 1.98397 -1.47564 -0.915882 2.60183 -1.72616 1.2749 -1.57997 1.57558 2.63857 0.268858 -2.72983 
