0.980511 -1.97293 -1.66461 1.30408 -1.13554 -1.53967 2.20729 -1.11046 0.608541 0.0658396 -1.37776 -1.96175 -1.13253 -0.474404 
0.937594 -1.96699 -1.6649 1.23199 -1.12938 -1.61296 2.19097 -1.11086 0.606549 0.0662777 -1.38233 -1.96054 -1.13132 -0.4772 
0.930374 -1.96699 -1.66394 1.21936 -1.13289 -1.62985 2.19017 -1.11086 0.606549 0.0662777 -1.38233 -1.96054 -1.13132 -0.4772 
0.931272 -1.96699 -1.66385 1.22465 -1.14213 -1.62649 2.19517 -1.11086 0.606549 0.0662777 -1.38233 -1.96054 -1.13132 -0.4772 
0.934089 -1.96699 -1.66318 1.23056 -1.14697 -1.62022 2.1968 -1.11086 0.606549 0.0662777 -1.38233 -1.96054 -1.13132 -0.4772 
0.934744 -1.96699 -1.66312 1.2331 -1.15037 -1.61784 2.19815 -1.11086 0.606549 0.0662777 -1.38233 -1.96054 -1.13132 -0.4772 
0.934938 -1.96607 -1.66176 1.23075 -1.14691 -1.61981 2.19641 -1.11086 0.606549 0.0662777 -1.38233 -1.96054 -1.13132 -0.4772 
0.932231 -1.96663 -1.66329 1.2273 -1.14597 -1.62449 2.19584 -1.11086 0.606549 0.0662777 -1.38233 -1.96054 -1.13132 -0.4772 
0.932991 -1.96637 -1.66284 1.22787 -1.14589 -1.62351 2.19601 -1.11086 0.606549 0.0662777 -1.38233 -1.96054 -1.13132 -0.4772 
0.933995 -1.96497 -1.66127 1.22729 -1.14404 -1.62314 2.19387 -1.11086 0.606549 0.0662777 -1.38233 -1.96054 -1.13132 -0.4772 
0.934626 -1.96455 -1.6609 1.22784 -1.14404 -1.6222 2.19319 -1.11086 0.606549 0.0662777 -1.38233 -1.96054 -1.13132 -0.4772 
0.933335 -1.96418 -1.66108 1.22498 -1.14191 -1.62527 2.19378 -1.11086 0.606549 0.0662777 -1.38233 -1.96054 -1.13132 -0.4772 
0.936888 -1.96321 -1.65894 1.22953 -1.14284 -1.61867 2.19451 -1.11086 0.606549 0.0662777 -1.38233 -1.96054 -1.13132 -0.4772 
0.936421 -1.96349 -1.65913 1.22898 -1.14281 -1.61948 2.19398 -1.11086 0.606549 0.0662777 -1.38233 -1.96054 -1.13132 -0.4772 
0.937181 -1.96302 -1.65859 1.22944 -1.14265 -1.6185 2.19367 -1.11086 0.606549 0.0662777 -1.38233 -1.96054 -1.13132 -0.4772 
0.934156 -1.96394 -1.66017 1.22525 -1.14118 -1.62445 2.19295 -1.11086 0.606549 0.0662777 -1.38233 -1.96054 -1.13132 -0.4772 
0.934285 -1.96398 -1.66052 1.22641 -1.14227 -1.62319 2.19415 -1.11086 0.606549 0.0662777 -1.38233 -1.96054 -1.13132 -0.4772 
0.934 -1.96541 -1.66196 1.22838 -1.14528 -1.62212 2.19511 -1.11086 0.606549 0.0662777 -1.38233 -1.96054 -1.13132 -0.4772 
0.932118 -1.96602 -1.66297 1.22608 -1.14454 -1.62563 2.1952 -1.11086 0.606549 0.0662777 -1.38233 -1.96054 -1.13132 -0.4772 
0.931477 -1.96597 -1.6632 1.22534 -1.14404 -1.62683 2.19549 -1.11086 0.606549 0.0662777 -1.38233 -1.96054 -1.13132 -0.4772 
0.930623 -1.96699 -1.66496 1.22696 -1.14793 -1.62631 2.19651 -1.11086 0.606549 0.0662777 -1.38233 -1.96054 -1.13132 -0.4772 
0.934059 -1.96611 -1.66293 1.23036 -1.14785 -1.62045 2.19675 -1.11086 0.606549 0.0662777 -1.38233 -1.96054 -1.13132 -0.4772 
0.936583 -1.96577 -1.6616 1.23392 -1.14883 -1.61554 2.19817 -1.11086 0.606549 0.0662777 -1.38233 -1.96054 -1.13132 -0.4772 
0.938282 -1.96404 -1.65903 1.23317 -1.14613 -1.61462 2.19548 -1.11086 0.606549 0.0662777 -1.38233 -1.96054 -1.13132 -0.4772 
