1.06545 -1.65762 -1.43765 1.33932 -1.43965 -1.39329 2.14339 -1.81727 1.67983 -1.22648 1.57754 2.30577 0.620959 -2.22468 
1.03119 -1.66948 -1.43327 1.26812 -1.42868 -1.41281 2.11234 -1.80338 1.6802 -1.2026 1.5508 2.29821 0.681996 -2.30423 
1.02913 -1.66739 -1.43082 1.25921 -1.42925 -1.40799 2.10308 -1.79842 1.67196 -1.19863 1.54094 2.29419 0.703525 -2.3263 
1.02899 -1.66631 -1.43051 1.25648 -1.42801 -1.40934 2.09498 -1.81452 1.67028 -1.22343 1.57046 2.29841 0.641578 -2.24468 
1.02873 -1.66757 -1.43176 1.25528 -1.42768 -1.41308 2.0913 -1.81773 1.66652 -1.22899 1.57502 2.29655 0.631301 -2.2306 
1.02974 -1.6689 -1.43288 1.25876 -1.42911 -1.4133 2.0985 -1.80316 1.67237 -1.20617 1.54749 2.29798 0.685183 -2.29572 
1.03356 -1.66897 -1.43399 1.26749 -1.43005 -1.41262 2.10822 -1.80178 1.66679 -1.20721 1.54269 2.29698 0.692549 -2.29844 
1.04136 -1.66642 -1.43327 1.28143 -1.43047 -1.40878 2.11429 -1.8101 1.6689 -1.22042 1.55775 2.29798 0.658121 -2.25901 
1.05016 -1.66505 -1.43338 1.2995 -1.43089 -1.40661 2.12397 -1.79532 1.6609 -1.20391 1.52752 2.29719 0.716292 -2.3158 
1.05844 -1.66261 -1.43231 1.31549 -1.43085 -1.40279 2.13183 -1.80417 1.67074 -1.21564 1.54678 2.29773 0.673241 -2.27775 
1.06387 -1.66198 -1.43306 1.32754 -1.43401 -1.3987 2.13938 -1.8035 1.67397 -1.21507 1.54648 2.29711 0.670771 -2.28043 
1.06788 -1.66057 -1.43211 1.33488 -1.43345 -1.39701 2.14227 -1.78914 1.68596 -1.19003 1.52434 2.28817 0.715133 -2.36847 
1.07274 -1.65944 -1.4319 1.34363 -1.4335 -1.3954 2.1473 -1.78818 1.67319 -1.19467 1.51613 2.29773 0.727286 -2.34742 
1.07612 -1.65803 -1.43124 1.3498 -1.43289 -1.3942 2.15 -1.79545 1.68158 -1.20173 1.53174 2.29516 0.694563 -2.32378 
1.08226 -1.65617 -1.4308 1.36133 -1.43454 -1.38988 2.1557 -1.79541 1.68204 -1.20197 1.53053 2.29581 0.693614 -2.3228 
1.0854 -1.65713 -1.43191 1.36931 -1.43462 -1.39173 2.1614 -1.79485 1.68365 -1.20137 1.52846 2.29599 0.693838 -2.32465 
1.09027 -1.65544 -1.43117 1.37776 -1.43479 -1.38922 2.16603 -1.78505 1.68251 -1.18854 1.50795 2.29624 0.730384 -2.36715 
1.09672 -1.65458 -1.43136 1.39096 -1.43393 -1.38928 2.17433 -1.77788 1.68436 -1.17993 1.4935 2.29894 0.754181 -2.39463 
1.1018 -1.65367 -1.43105 1.40082 -1.4333 -1.38917 2.17864 -1.7817 1.66815 -1.1913 1.49421 2.30192 0.749429 -2.3568 
1.10328 -1.65563 -1.43247 1.40613 -1.43174 -1.39406 2.18374 -1.78196 1.69021 -1.18242 1.50211 2.29606 0.732656 -2.38305 
1.10143 -1.65888 -1.43379 1.40501 -1.42762 -1.40288 2.18657 -1.77861 1.69298 -1.17306 1.49715 2.28911 0.747294 -2.42112 
1.09779 -1.66254 -1.43568 1.40089 -1.42494 -1.41092 2.18772 -1.7793 1.69955 -1.17078 1.49843 2.29408 0.741779 -2.41762 
1.34395 -1.54326 -1.54197 1.91563 -1.62176 -1.2277 2.40765 -1.77929 1.69642 -1.17263 1.49821 2.29245 0.74313 -2.41662 
1.36531 -1.53065 -1.559 1.95903 -1.65034 -1.21223 2.42784 -1.77928 1.6963 -1.17269 1.4982 2.29239 0.743179 -2.41661 
