1.15395 -1.82674 -1.71513 1.48855 -1.28771 -0.895745 2.03519 -1.11046 0.608541 0.0658396 -1.37776 -1.96175 -1.13253 -0.474404 
1.14702 -1.83248 -1.73339 1.50208 -1.31635 -0.857718 2.11518 -1.11086 0.60655 0.0662776 -1.38233 -1.96054 -1.13132 -0.4772 
1.14511 -1.83426 -1.73347 1.49975 -1.3127 -0.863277 2.12016 -1.11086 0.606549 0.0662777 -1.38233 -1.96054 -1.13132 -0.4772 
1.14441 -1.83663 -1.73433 1.49957 -1.31079 -0.868569 2.12219 -1.11086 0.606549 0.0662777 -1.38233 -1.96054 -1.13132 -0.4772 
1.14752 -1.83464 -1.73318 1.50035 -1.31072 -0.86702 2.11704 -1.11086 0.606549 0.0662777 -1.38233 -1.96054 -1.13132 -0.4772 
1.15329 -1.83254 -1.73081 1.5026 -1.31061 -0.863729 2.10976 -1.11086 0.606549 0.0662777 -1.38233 -1.96054 -1.13132 -0.4772 
1.15932 -1.83291 -1.72927 1.50882 -1.30942 -0.863791 2.10722 -1.11086 0.606549 0.0662777 -1.38233 -1.96054 -1.13132 -0.4772 
1.16616 -1.8306 -1.72641 1.51504 -1.30723 -0.861755 2.10241 -1.11086 0.606549 0.0662777 -1.38233 -1.96054 -1.13132 -0.4772 
1.17036 -1.83132 -1.727 1.52139 -1.30993 -0.858615 2.1035 -1.11086 0.606549 0.0662777 -1.38233 -1.96054 -1.13132 -0.4772 
1.17252 -1.83123 -1.72555 1.52335 -1.30781 -0.860488 2.10007 -1.11086 0.606549 0.0662777 -1.38233 -1.96054 -1.13132 -0.4772 
1.17378 -1.83265 -1.72573 1.52549 -1.30787 -0.861535 2.1001 -1.11086 0.606549 0.0662777 -1.38233 -1.96054 -1.13132 -0.4772 
1.17548 -1.83197 -1.72517 1.52728 -1.30787 -0.860751 2.09842 -1.11086 0.606549 0.0662777 -1.38233 -1.96054 -1.13132 -0.4772 
1.17695 -1.83149 -1.72491 1.52901 -1.30836 -0.859439 2.09775 -1.11086 0.606549 0.0662777 -1.38233 -1.96054 -1.13132 -0.4772 
1.17787 -1.83237 -1.72507 1.53046 -1.30901 -0.859073 2.09848 -1.11086 0.606549 0.0662777 -1.38233 -1.96054 -1.13132 -0.4772 
1.17905 -1.83176 -1.72444 1.53154 -1.30909 -0.857824 2.0976 -1.11086 0.606549 0.0662777 -1.38233 -1.96054 -1.13132 -0.4772 
1.18044 -1.83183 -1.72404 1.53269 -1.30759 -0.859299 2.09602 -1.11086 0.606549 0.0662777 -1.38233 -1.96054 -1.13132 -0.4772 
1.18336 -1.83211 -1.72362 1.53581 -1.30736 -0.859441 2.09428 -1.11086 0.606549 0.0662777 -1.38233 -1.96054 -1.13132 -0.4772 
1.18703 -1.83077 -1.72283 1.53973 -1.30821 -0.856298 2.09268 -1.11086 0.606549 0.0662777 -1.38233 -1.96054 -1.13132 -0.4772 
1.18868 -1.8315 -1.72258 1.54202 -1.30757 -0.857252 2.09206 -1.11086 0.606549 0.0662777 -1.38233 -1.96054 -1.13132 -0.4772 
1.18877 -1.83282 -1.72317 1.54365 -1.30887 -0.85657 2.0943 -1.11086 0.606549 0.0662777 -1.38233 -1.96054 -1.13132 -0.4772 
1.18815 -1.83338 -1.72232 1.54244 -1.30681 -0.858924 2.09374 -1.11086 0.606549 0.0662777 -1.38233 -1.96054 -1.13132 -0.4772 
1.18799 -1.83325 -1.72205 1.5418 -1.30591 -0.859985 2.09335 -1.11086 0.606549 0.0662777 -1.38233 -1.96054 -1.13132 -0.4772 
1.18821 -1.83343 -1.72199 1.54222 -1.30591 -0.85998 2.09347 -1.11086 0.606549 0.0662777 -1.38233 -1.96054 -1.13132 -0.4772 
1.18882 -1.83216 -1.72138 1.54205 -1.30533 -0.85907 2.09235 -1.11086 0.606549 0.0662777 -1.38233 -1.96054 -1.13132 -0.4772 
1.18797 -1.83464 -1.72345 1.54323 -1.30845 -0.858715 2.09604 -1.11086 0.606549 0.0662777 -1.38233 -1.96054 -1.13132 -0.4772 
1.18818 -1.83396 -1.72288 1.54287 -1.3075 -0.85898 2.09487 -1.11086 0.606549 0.0662777 -1.38233 -1.96054 -1.13132 -0.4772 
1.18852 -1.83359 -1.72263 1.54286 -1.30749 -0.858591 2.09398 -1.11086 0.606549 0.0662777 -1.38233 -1.96054 -1.13132 -0.4772 
1.18882 -1.83279 -1.72204 1.54297 -1.30687 -0.858064 2.09364 -1.11086 0.606549 0.0662777 -1.38233 -1.96054 -1.13132 -0.4772 
1.18889 -1.8325 -1.72165 1.54231 -1.306 -0.859045 2.09246 -1.11086 0.606549 0.0662777 -1.38233 -1.96054 -1.13132 -0.4772 
1.18925 -1.8312 -1.72058 1.54163 -1.30445 -0.85972 2.08957 -1.11086 0.606549 0.0662777 -1.38233 -1.96054 -1.13132 -0.4772 
1.18897 -1.83152 -1.72174 1.54217 -1.30691 -0.857708 2.09094 -1.11086 0.606549 0.0662777 -1.38233 -1.96054 -1.13132 -0.4772 
1.18881 -1.83221 -1.72222 1.54215 -1.3078 -0.857846 2.09103 -1.11086 0.606549 0.0662777 -1.38233 -1.96054 -1.13132 -0.4772 
1.18953 -1.83066 -1.72146 1.54254 -1.30784 -0.855683 2.09002 -1.11086 0.606549 0.0662777 -1.38233 -1.96054 -1.13132 -0.4772 
1.18868 -1.83199 -1.72201 1.54225 -1.30778 -0.85732 2.09133 -1.11086 0.606549 0.0662777 -1.38233 -1.96054 -1.13132 -0.4772 
1.1887 -1.83145 -1.72127 1.54164 -1.30611 -0.858781 2.08933 -1.11086 0.606549 0.0662777 -1.38233 -1.96054 -1.13132 -0.4772 
1.18899 -1.83081 -1.72101 1.54143 -1.30553 -0.858816 2.08829 -1.11086 0.606549 0.0662777 -1.38233 -1.96054 -1.13132 -0.4772 
1.18914 -1.83111 -1.72117 1.54171 -1.3063 -0.857946 2.08874 -1.11086 0.606549 0.0662777 -1.38233 -1.96054 -1.13132 -0.4772 
1.18917 -1.83163 -1.72284 1.54317 -1.31001 -0.854722 2.09201 -1.11086 0.606549 0.0662777 -1.38233 -1.96054 -1.13132 -0.4772 
1.18975 -1.83053 -1.72203 1.54316 -1.30945 -0.85399 2.09056 -1.11086 0.606549 0.0662777 -1.38233 -1.96054 -1.13132 -0.4772 
1.18919 -1.83117 -1.72181 1.54239 -1.30803 -0.856251 2.09004 -1.11086 0.606549 0.0662777 -1.38233 -1.96054 -1.13132 -0.4772 
1.18898 -1.83144 -1.72153 1.54209 -1.30686 -0.85785 2.08982 -1.11086 0.606549 0.0662777 -1.38233 -1.96054 -1.13132 -0.4772 
1.18954 -1.83057 -1.72124 1.54225 -1.30679 -0.856909 2.08931 -1.11086 0.606549 0.0662777 -1.38233 -1.96054 -1.13132 -0.4772 
1.18881 -1.83209 -1.72239 1.54255 -1.30787 -0.857498 2.09198 -1.11086 0.606549 0.0662777 -1.38233 -1.96054 -1.13132 -0.4772 
1.18829 -1.83306 -1.72254 1.54247 -1.30744 -0.858811 2.09326 -1.11086 0.606549 0.0662777 -1.38233 -1.96054 -1.13132 -0.4772 
1.18858 -1.83241 -1.72191 1.54243 -1.30648 -0.858828 2.09265 -1.11086 0.606549 0.0662777 -1.38233 -1.96054 -1.13132 -0.4772 
1.18823 -1.83295 -1.72184 1.5421 -1.30593 -0.860034 2.09279 -1.11086 0.606549 0.0662777 -1.38233 -1.96054 -1.13132 -0.4772 
1.18933 -1.83109 -1.72116 1.54265 -1.30606 -0.857562 2.09183 -1.11086 0.606549 0.0662777 -1.38233 -1.96054 -1.13132 -0.4772 
1.18917 -1.83184 -1.72224 1.54324 -1.30822 -0.856337 2.09346 -1.11086 0.606549 0.0662777 -1.38233 -1.96054 -1.13132 -0.4772 
1.18881 -1.83222 -1.72221 1.54279 -1.30769 -0.857544 2.09331 -1.11086 0.606549 0.0662777 -1.38233 -1.96054 -1.13132 -0.4772 
1.18829 -1.83347 -1.72265 1.54284 -1.30788 -0.858679 2.0948 -1.11086 0.606549 0.0662777 -1.38233 -1.96054 -1.13132 -0.4772 
1.18891 -1.83202 -1.72175 1.54276 -1.30717 -0.857645 2.09351 -1.11086 0.606549 0.0662777 -1.38233 -1.96054 -1.13132 -0.4772 
1.18938 -1.83066 -1.72055 1.54231 -1.30555 -0.857687 2.09128 -1.11086 0.606549 0.0662777 -1.38233 -1.96054 -1.13132 -0.4772 
1.18955 -1.8302 -1.7203 1.54231 -1.30537 -0.857195 2.09028 -1.11086 0.606549 0.0662777 -1.38233 -1.96054 -1.13132 -0.4772 
1.18925 -1.83113 -1.72108 1.54248 -1.30639 -0.857484 2.09186 -1.11086 0.606549 0.0662777 -1.38233 -1.96054 -1.13132 -0.4772 
1.18942 -1.83098 -1.72125 1.54246 -1.30685 -0.857138 2.09179 -1.11086 0.606549 0.0662777 -1.38233 -1.96054 -1.13132 -0.4772 
1.18925 -1.83145 -1.72162 1.54281 -1.30774 -0.856826 2.09201 -1.11086 0.606549 0.0662777 -1.38233 -1.96054 -1.13132 -0.4772 
1.18901 -1.83214 -1.72265 1.54318 -1.30965 -0.855882 2.0933 -1.11086 0.606549 0.0662777 -1.38233 -1.96054 -1.13132 -0.4772 
1.18913 -1.83123 -1.72173 1.54233 -1.30778 -0.856918 2.09195 -1.11086 0.606549 0.0662777 -1.38233 -1.96054 -1.13132 -0.4772 
1.18855 -1.83234 -1.72284 1.54305 -1.30959 -0.856341 2.09357 -1.11086 0.606549 0.0662777 -1.38233 -1.96054 -1.13132 -0.4772 
1.18913 -1.83113 -1.72116 1.54199 -1.30631 -0.858368 2.09088 -1.11086 0.606549 0.0662777 -1.38233 -1.96054 -1.13132 -0.4772 
1.18863 -1.83588 -1.7227 1.54526 -1.30711 -0.859613 2.10174 -1.11086 0.606549 0.0662777 -1.38233 -1.96054 -1.13132 -0.4772 
1.18769 -1.84486 -1.72443 1.55169 -1.30688 -0.862792 2.12331 -1.11086 0.606549 0.0662777 -1.38233 -1.96054 -1.13132 -0.4772 
1.18596 -1.85532 -1.72698 1.55864 -1.30816 -0.865538 2.14955 -1.11086 0.606549 0.0662777 -1.38233 -1.96054 -1.13132 -0.4772 
1.18318 -1.86773 -1.73056 1.56622 -1.31019 -0.868566 2.18066 -1.11086 0.606549 0.0662777 -1.38233 -1.96054 -1.13132 -0.4772 
1.1787 -1.88133 -1.73431 1.57211 -1.30975 -0.875152 2.21523 -1.11086 0.606549 0.0662777 -1.38233 -1.96054 -1.13132 -0.4772 
1.17329 -1.89471 -1.73622 1.57641 -1.30459 -0.884489 2.25269 -1.11086 0.606549 0.0662777 -1.38233 -1.96054 -1.13132 -0.4772 
1.1665 -1.90809 -1.73922 1.57891 -1.30009 -0.894911 2.28869 -1.11086 0.606549 0.0662777 -1.38233 -1.96054 -1.13132 -0.4772 
1.15902 -1.92151 -1.74177 1.58169 -1.29462 -0.903931 2.3301 -1.11086 0.606549 0.0662777 -1.38233 -1.96054 -1.13132 -0.4772 
1.15209 -1.93304 -1.74238 1.5826 -1.2856 -0.913849 2.36946 -1.11086 0.606549 0.0662777 -1.38233 -1.96054 -1.13132 -0.4772 
1.14184 -1.94756 -1.74597 1.58263 -1.27926 -0.925284 2.41354 -1.11086 0.606549 0.0662777 -1.38233 -1.96054 -1.13132 -0.4772 
1.13185 -1.96135 -1.74917 1.58239 -1.27296 -0.935818 2.45649 -1.11086 0.606549 0.0662777 -1.38233 -1.96054 -1.13132 -0.4772 
1.12444 -1.96699 -1.74418 1.58007 -1.26811 -0.952266 2.49361 -1.11086 0.606549 0.0662777 -1.38233 -1.96054 -1.13132 -0.4772 
1.11696 -1.96699 -1.73242 1.57876 -1.27655 -0.975833 2.53864 -1.11086 0.606549 0.0662777 -1.38233 -1.96054 -1.13132 -0.4772 
1.10852 -1.96699 -1.72651 1.57139 -1.2758 -0.994974 2.56384 -1.11086 0.606549 0.0662777 -1.38233 -1.96054 -1.13132 -0.4772 
1.10322 -1.96699 -1.72462 1.56669 -1.27615 -1.00073 2.57891 -1.11086 0.606549 0.0662777 -1.38233 -1.96054 -1.13132 -0.4772 
1.10094 -1.96699 -1.72387 1.56453 -1.27588 -0.998669 2.58738 -1.11086 0.606549 0.0662777 -1.38233 -1.96054 -1.13132 -0.4772 
1.09616 -1.96699 -1.72264 1.55731 -1.27171 -1.00887 2.58672 -1.11086 0.606549 0.0662777 -1.38233 -1.96054 -1.13132 -0.4772 
1.09488 -1.96699 -1.72295 1.55756 -1.2809 -1.00962 2.58455 -1.11086 0.606549 0.0662777 -1.38233 -1.96054 -1.13132 -0.4772 
1.09576 -1.96684 -1.72372 1.55827 -1.28722 -1.00827 2.57211 -1.11086 0.606549 0.0662777 -1.38233 -1.96054 -1.13132 -0.4772 
1.09916 -1.96575 -1.72461 1.56096 -1.29715 -1.00374 2.55309 -1.11086 0.606549 0.0662777 -1.38233 -1.96054 -1.13132 -0.4772 
1.10307 -1.96476 -1.72622 1.56369 -1.30856 -1.00127 2.52388 -1.11086 0.606549 0.0662777 -1.38233 -1.96054 -1.13132 -0.4772 
1.10985 -1.95981 -1.72324 1.56406 -1.31102 -1.00166 2.48385 -1.11086 0.606549 0.0662777 -1.38233 -1.96054 -1.13132 -0.4772 
1.11698 -1.95627 -1.72242 1.56547 -1.31768 -1.00175 2.43992 -1.11086 0.606549 0.0662777 -1.38233 -1.96054 -1.13132 -0.4772 
1.12525 -1.9518 -1.72107 1.5675 -1.32555 -0.999686 2.39243 -1.11086 0.606549 0.0662777 -1.38233 -1.96054 -1.13132 -0.4772 
1.13572 -1.94616 -1.72302 1.56836 -1.34349 -0.99599 2.31573 -1.11086 0.606549 0.0662777 -1.38233 -1.96054 -1.13132 -0.4772 
1.13566 -1.94618 -1.72355 1.56725 -1.34469 -0.997579 2.30649 -1.11086 0.606549 0.0662777 -1.38233 -1.96054 -1.13132 -0.4772 
1.14325 -1.94079 -1.72033 1.56515 -1.34637 -1.00025 2.25328 -1.11086 0.606549 0.0662777 -1.38233 -1.96054 -1.13132 -0.4772 
1.15035 -1.93651 -1.71796 1.56249 -1.34822 -1.00462 2.19914 -1.11086 0.606549 0.0662777 -1.38233 -1.96054 -1.13132 -0.4772 
1.15728 -1.93188 -1.71561 1.55952 -1.35024 -1.00799 2.14608 -1.11086 0.606549 0.0662777 -1.38233 -1.96054 -1.13132 -0.4772 
1.16286 -1.92866 -1.71358 1.55595 -1.35173 -1.01283 2.0971 -1.11086 0.606549 0.0662777 -1.38233 -1.96054 -1.13132 -0.4772 
1.16779 -1.92445 -1.71067 1.55021 -1.34967 -1.02003 2.04633 -1.11086 0.606549 0.0662777 -1.38233 -1.96054 -1.13132 -0.4772 
1.17149 -1.92082 -1.70765 1.54438 -1.3466 -1.02691 2.00493 -1.11086 0.606549 0.0662777 -1.38233 -1.96054 -1.13132 -0.4772 
1.17148 -1.91554 -1.70357 1.53275 -1.34141 -1.03852 1.94724 -1.11086 0.606549 0.0662777 -1.38233 -1.96054 -1.13132 -0.4772 
1.17418 -1.91056 -1.69885 1.52472 -1.33383 -1.04748 1.90722 -1.11086 0.606549 0.0662777 -1.38233 -1.96054 -1.13132 -0.4772 
1.17806 -1.90411 -1.69279 1.51785 -1.32579 -1.05335 1.87157 -1.11086 0.606549 0.0662777 -1.38233 -1.96054 -1.13132 -0.4772 
1.177 -1.90649 -1.69347 1.51369 -1.32461 -1.06276 1.85396 -1.11086 0.606549 0.0662777 -1.38233 -1.96054 -1.13132 -0.4772 
1.17924 -1.90505 -1.69178 1.51159 -1.32469 -1.06435 1.83544 -1.11086 0.606549 0.0662777 -1.38233 -1.96054 -1.13132 -0.4772 
1.17601 -1.90728 -1.69221 1.50383 -1.31922 -1.07878 1.81816 -1.11086 0.606549 0.0662777 -1.38233 -1.96054 -1.13132 -0.4772 
1.17704 -1.90158 -1.68677 1.495 -1.30885 -1.08742 1.79149 -1.11086 0.606549 0.0662777 -1.38233 -1.96054 -1.13132 -0.4772 
1.1801 -1.89665 -1.68322 1.49176 -1.30727 -1.08662 1.7693 -1.11086 0.606549 0.0662777 -1.38233 -1.96054 -1.13132 -0.4772 
1.17869 -1.89838 -1.68451 1.48796 -1.31041 -1.09157 1.75132 -1.11086 0.606549 0.0662777 -1.38233 -1.96054 -1.13132 -0.4772 
1.17883 -1.89976 -1.6858 1.48658 -1.31707 -1.09184 1.73258 -1.11086 0.606549 0.0662777 -1.38233 -1.96054 -1.13132 -0.4772 
1.17945 -1.89615 -1.68186 1.47842 -1.31105 -1.09971 1.70296 -1.11086 0.606549 0.0662777 -1.38233 -1.96054 -1.13132 -0.4772 
1.17561 -1.90045 -1.68453 1.47261 -1.31252 -1.11101 1.6846 -1.11086 0.606549 0.0662777 -1.38233 -1.96054 -1.13132 -0.4772 
1.17292 -1.90213 -1.68468 1.46546 -1.31054 -1.12264 1.66111 -1.11086 0.606549 0.0662777 -1.38233 -1.96054 -1.13132 -0.4772 
1.17678 -1.90209 -1.68398 1.46677 -1.30902 -1.12385 1.65924 -1.11086 0.606549 0.0662777 -1.38233 -1.96054 -1.13132 -0.4772 
1.17834 -1.90129 -1.68321 1.46401 -1.30946 -1.12781 1.63743 -1.11086 0.606549 0.0662777 -1.38233 -1.96054 -1.13132 -0.4772 
1.1764 -1.90286 -1.6843 1.46005 -1.31097 -1.13484 1.61731 -1.11086 0.606549 0.0662777 -1.38233 -1.96054 -1.13132 -0.4772 
1.17544 -1.90262 -1.68384 1.45579 -1.30982 -1.14197 1.59551 -1.11086 0.606549 0.0662777 -1.38233 -1.96054 -1.13132 -0.4772 
1.17529 -1.90098 -1.68208 1.45115 -1.30558 -1.14972 1.57397 -1.11086 0.606549 0.0662777 -1.38233 -1.96054 -1.13132 -0.4772 
1.1753 -1.90038 -1.68118 1.44873 -1.3035 -1.15545 1.55796 -1.11086 0.606549 0.0662777 -1.38233 -1.96054 -1.13132 -0.4772 
1.17431 -1.90049 -1.68064 1.44565 -1.29937 -1.16369 1.54556 -1.11086 0.606549 0.0662777 -1.38233 -1.96054 -1.13132 -0.4772 
1.17383 -1.90025 -1.67988 1.44388 -1.29576 -1.17029 1.53595 -1.11086 0.606549 0.0662777 -1.38233 -1.96054 -1.13132 -0.4772 
1.17408 -1.89955 -1.67887 1.44295 -1.29132 -1.17632 1.52844 -1.11086 0.606549 0.0662777 -1.38233 -1.96054 -1.13132 -0.4772 
1.17527 -1.89857 -1.67796 1.44432 -1.28847 -1.17916 1.52397 -1.11086 0.606549 0.0662777 -1.38233 -1.96054 -1.13132 -0.4772 
1.17582 -1.89842 -1.67752 1.44506 -1.28515 -1.1835 1.52142 -1.11086 0.606549 0.0662777 -1.38233 -1.96054 -1.13132 -0.4772 
1.17777 -1.896 -1.675 1.44519 -1.27922 -1.18678 1.51671 -1.11086 0.606549 0.0662777 -1.38233 -1.96054 -1.13132 -0.4772 
1.18065 -1.8939 -1.67223 1.44714 -1.2748 -1.18728 1.51482 -1.11086 0.606549 0.0662777 -1.38233 -1.96054 -1.13132 -0.4772 
1.18252 -1.89242 -1.66887 1.44753 -1.26716 -1.19182 1.51253 -1.11086 0.606549 0.0662777 -1.38233 -1.96054 -1.13132 -0.4772 
1.18384 -1.88665 -1.66195 1.44059 -1.25011 -1.2033 1.50041 -1.11086 0.606549 0.0662777 -1.38233 -1.96054 -1.13132 -0.4772 
1.18866 -1.87914 -1.65506 1.43958 -1.23996 -1.20336 1.49036 -1.11086 0.606549 0.0662777 -1.38233 -1.96054 -1.13132 -0.4772 
1.1918 -1.87254 -1.64871 1.43633 -1.2291 -1.2071 1.47941 -1.11086 0.606549 0.0662777 -1.38233 -1.96054 -1.13132 -0.4772 
1.19437 -1.86622 -1.64245 1.43224 -1.21735 -1.21222 1.46859 -1.11086 0.606549 0.0662777 -1.38233 -1.96054 -1.13132 -0.4772 
1.19642 -1.86005 -1.6362 1.42762 -1.20535 -1.21829 1.45822 -1.11086 0.606549 0.0662777 -1.38233 -1.96054 -1.13132 -0.4772 
1.19855 -1.85371 -1.63005 1.423 -1.19356 -1.22419 1.44743 -1.11086 0.606549 0.0662777 -1.38233 -1.96054 -1.13132 -0.4772 
1.20061 -1.8472 -1.62398 1.41835 -1.18179 -1.23002 1.43652 -1.11086 0.606549 0.0662777 -1.38233 -1.96054 -1.13132 -0.4772 
1.20238 -1.84106 -1.61805 1.41358 -1.17008 -1.23638 1.4267 -1.11086 0.606549 0.0662777 -1.38233 -1.96054 -1.13132 -0.4772 
1.20368 -1.83509 -1.61228 1.40832 -1.15843 -1.24318 1.41699 -1.11086 0.606549 0.0662777 -1.38233 -1.96054 -1.13132 -0.4772 
1.20416 -1.82982 -1.6072 1.40261 -1.14711 -1.25096 1.40807 -1.11086 0.606549 0.0662777 -1.38233 -1.96054 -1.13132 -0.4772 
1.20417 -1.8248 -1.60253 1.39628 -1.13584 -1.25951 1.39984 -1.11086 0.606549 0.0662777 -1.38233 -1.96054 -1.13132 -0.4772 
1.20486 -1.81931 -1.59824 1.39138 -1.12608 -1.26459 1.39457 -1.11086 0.606549 0.0662777 -1.38233 -1.96054 -1.13132 -0.4772 
1.20516 -1.81743 -1.59682 1.38992 -1.12287 -1.26595 1.39323 -1.11086 0.606549 0.0662777 -1.38233 -1.96054 -1.13132 -0.4772 
