1.06616 -1.89332 -1.75011 1.31664 -1.09981 -1.16336 2.02791 -1.11046 0.608541 0.0658396 -1.37776 -1.96175 -1.13253 -0.474404 
1.01606 -1.8834 -1.75419 1.22514 -1.08897 -1.205 1.99783 -1.11086 0.606549 0.0662777 -1.38233 -1.96054 -1.13132 -0.4772 
1.01528 -1.87921 -1.75001 1.21718 -1.08612 -1.20371 1.98952 -1.11086 0.606549 0.0662777 -1.38233 -1.96054 -1.13132 -0.4772 
1.01356 -1.87672 -1.74996 1.21131 -1.08454 -1.20932 1.98076 -1.11086 0.606549 0.0662777 -1.38233 -1.96054 -1.13132 -0.4772 
1.01413 -1.87539 -1.74968 1.21004 -1.08462 -1.2095 1.97657 -1.11086 0.606549 0.0662777 -1.38233 -1.96054 -1.13132 -0.4772 
1.0141 -1.87716 -1.7518 1.21232 -1.08644 -1.20862 1.98176 -1.11086 0.606549 0.0662777 -1.38233 -1.96054 -1.13132 -0.4772 
1.01647 -1.87939 -1.75367 1.21923 -1.08721 -1.20813 1.9896 -1.11086 0.606549 0.0662777 -1.38233 -1.96054 -1.13132 -0.4772 
1.02413 -1.87987 -1.75273 1.23341 -1.0881 -1.20122 1.99491 -1.11086 0.606549 0.0662777 -1.38233 -1.96054 -1.13132 -0.4772 
1.03271 -1.88186 -1.75229 1.25068 -1.08863 -1.1954 2.00345 -1.11086 0.606549 0.0662777 -1.38233 -1.96054 -1.13132 -0.4772 
1.04092 -1.88206 -1.75048 1.26509 -1.08753 -1.1895 2.00931 -1.11086 0.606549 0.0662777 -1.38233 -1.96054 -1.13132 -0.4772 
1.04693 -1.88319 -1.74948 1.27596 -1.0872 -1.18601 2.01397 -1.11086 0.606549 0.0662777 -1.38233 -1.96054 -1.13132 -0.4772 
1.05238 -1.88454 -1.74934 1.28702 -1.08908 -1.1801 2.01912 -1.11086 0.606549 0.0662777 -1.38233 -1.96054 -1.13132 -0.4772 
1.05664 -1.88569 -1.74927 1.29584 -1.09041 -1.1757 2.02378 -1.11086 0.606549 0.0662777 -1.38233 -1.96054 -1.13132 -0.4772 
1.05893 -1.88702 -1.74965 1.30151 -1.09039 -1.17505 2.02741 -1.11086 0.606549 0.0662777 -1.38233 -1.96054 -1.13132 -0.4772 
1.06436 -1.88786 -1.74948 1.31214 -1.09243 -1.16856 2.03204 -1.11086 0.606549 0.0662777 -1.38233 -1.96054 -1.13132 -0.4772 
1.0695 -1.88946 -1.74955 1.32233 -1.09251 -1.16606 2.03777 -1.11086 0.606549 0.0662777 -1.38233 -1.96054 -1.13132 -0.4772 
1.0749 -1.89095 -1.74848 1.33271 -1.09091 -1.16466 2.04287 -1.11086 0.606549 0.0662777 -1.38233 -1.96054 -1.13132 -0.4772 
1.08047 -1.89257 -1.74833 1.34442 -1.09114 -1.16114 2.04955 -1.11086 0.606549 0.0662777 -1.38233 -1.96054 -1.13132 -0.4772 
1.08489 -1.89446 -1.74858 1.35413 -1.09156 -1.15946 2.05369 -1.11086 0.606549 0.0662777 -1.38233 -1.96054 -1.13132 -0.4772 
1.08756 -1.89597 -1.74888 1.36046 -1.09135 -1.15979 2.05669 -1.11086 0.606549 0.0662777 -1.38233 -1.96054 -1.13132 -0.4772 
1.08864 -1.89689 -1.74876 1.36326 -1.09019 -1.16157 2.05781 -1.11086 0.606549 0.0662777 -1.38233 -1.96054 -1.13132 -0.4772 
1.08735 -1.89829 -1.75023 1.36271 -1.09069 -1.16374 2.05935 -1.11086 0.606549 0.0662777 -1.38233 -1.96054 -1.13132 -0.4772 
1.31277 -1.90087 -1.88159 1.92754 -1.44005 -0.710062 2.35803 -1.11086 0.606549 0.0662777 -1.38233 -1.96054 -1.13132 -0.4772 
1.12013 -1.89506 -1.75649 1.42836 -1.10208 -1.10388 2.07843 -1.11086 0.606549 0.0662777 -1.38233 -1.96054 -1.13132 -0.4772 
