1.04096 -1.84741 -1.6711 1.28459 -1.20422 -1.24753 2.03236 -1.86671 1.43503 -1.46591 1.58246 2.81605 0.496988 -2.54968 
1.03384 -1.83483 -1.66559 1.2636 -1.19322 -1.24186 2.03692 -1.86868 1.46396 -1.44507 1.57681 2.79786 0.516482 -2.60257 
1.02897 -1.833 -1.66738 1.25602 -1.19222 -1.24416 2.03772 -1.86569 1.46647 -1.43806 1.56715 2.78393 0.535638 -2.63075 
1.02696 -1.83002 -1.66623 1.24947 -1.18865 -1.24786 2.03068 -1.86643 1.4607 -1.44131 1.56637 2.78909 0.537688 -2.6194 
1.02503 -1.8308 -1.66754 1.24569 -1.18875 -1.25216 2.02665 -1.86701 1.45536 -1.44304 1.56613 2.78528 0.537873 -2.62095 
1.02586 -1.83163 -1.66781 1.24715 -1.18905 -1.25148 2.03037 -1.86823 1.45891 -1.44191 1.56968 2.78098 0.530183 -2.62771 
1.02955 -1.83299 -1.66849 1.25543 -1.18965 -1.24893 2.03885 -1.86729 1.45573 -1.44462 1.56756 2.78257 0.530142 -2.62249 
1.03632 -1.8345 -1.66896 1.26916 -1.19021 -1.24612 2.04729 -1.8642 1.45692 -1.44242 1.55997 2.77618 0.541747 -2.63538 
1.04705 -1.83439 -1.66727 1.28859 -1.19041 -1.23884 2.05502 -1.86134 1.46475 -1.43902 1.55475 2.77574 0.547901 -2.64349 
1.05577 -1.83408 -1.6654 1.30371 -1.18922 -1.23426 2.06051 -1.85925 1.45821 -1.44277 1.54956 2.777 0.554194 -2.63751 
1.06196 -1.83493 -1.66567 1.31639 -1.1918 -1.22792 2.0677 -1.85639 1.45395 -1.44339 1.5422 2.77419 0.565502 -2.64126 
1.06625 -1.83515 -1.66486 1.32426 -1.19174 -1.22477 2.07209 -1.85472 1.45668 -1.44125 1.53807 2.77228 0.57038 -2.64782 
1.07143 -1.83477 -1.66404 1.33369 -1.19258 -1.21955 2.07684 -1.85438 1.46506 -1.43873 1.53773 2.77705 0.568433 -2.64681 
1.07523 -1.83525 -1.66414 1.3415 -1.19465 -1.215 2.08124 -1.85342 1.48185 -1.42973 1.5367 2.77268 0.569494 -2.66748 
1.07803 -1.83553 -1.66364 1.34677 -1.19337 -1.21527 2.08332 -1.85166 1.47391 -1.43164 1.53025 2.76877 0.579729 -2.67006 
1.08327 -1.83731 -1.6644 1.3582 -1.19492 -1.21254 2.09021 -1.85201 1.46502 -1.436 1.52826 2.76759 0.580149 -2.66438 
1.08929 -1.83868 -1.66471 1.37094 -1.19673 -1.20803 2.09763 -1.85256 1.46775 -1.43779 1.52901 2.77627 0.574431 -2.65107 
1.09465 -1.83939 -1.66397 1.38082 -1.19524 -1.20689 2.10327 -1.852 1.47267 -1.43648 1.52741 2.77908 0.573243 -2.65026 
1.09996 -1.84056 -1.66407 1.39142 -1.19604 -1.20456 2.10808 -1.85337 1.47814 -1.43591 1.53044 2.78229 0.564694 -2.64728 
1.10229 -1.84202 -1.66414 1.39754 -1.19461 -1.20656 2.1113 -1.85442 1.48184 -1.43301 1.53143 2.77859 0.562779 -2.65594 
1.10127 -1.84443 -1.66522 1.39834 -1.19247 -1.21256 2.11418 -1.85549 1.50266 -1.42086 1.53555 2.77014 0.556637 -2.68485 
1.09955 -1.84503 -1.66604 1.39576 -1.1925 -1.21469 2.11376 -1.85491 1.49894 -1.41831 1.5311 2.76354 0.567438 -2.69611 
1.32088 -1.82561 -1.76111 1.91516 -1.41784 -0.929528 2.3884 -1.85497 1.49948 -1.41878 1.53181 2.76488 0.565533 -2.69391 
1.33872 -1.82827 -1.75869 1.87161 -1.40166 -0.967635 2.23877 -1.9076 1.54813 -1.44067 1.666 2.81299 0.325167 -2.60119 
1.34037 -1.82846 -1.75861 1.86732 -1.40064 -0.971107 2.22431 -1.91327 1.56189 -1.43947 1.68375 2.81563 0.293389 -2.59927 
1.34054 -1.82853 -1.75864 1.86687 -1.40049 -0.971435 2.22285 -1.91294 1.56624 -1.43904 1.69185 2.81984 0.274052 -2.59374 
1.34058 -1.82855 -1.75865 1.8668 -1.40047 -0.971483 2.22263 -1.90727 1.54037 -1.44367 1.67793 2.80221 0.29857 -2.60931 
1.34058 -1.82855 -1.75865 1.86678 -1.40046 -0.971497 2.22259 -1.89656 1.52693 -1.44303 1.65764 2.79424 0.331238 -2.61938 
1.34058 -1.82854 -1.75864 1.86677 -1.40047 -0.971507 2.22259 -1.88733 1.47596 -1.46152 1.63795 2.79569 0.360483 -2.59863 
1.34058 -1.82854 -1.75864 1.86677 -1.40047 -0.97151 2.22259 -1.87759 1.46687 -1.4646 1.62699 2.79937 0.370908 -2.5915 
1.34058 -1.82854 -1.75864 1.86677 -1.40047 -0.971511 2.22259 -1.86766 1.44591 -1.47214 1.61767 2.79064 0.377989 -2.59365 
1.34058 -1.82854 -1.75864 1.86677 -1.40047 -0.971511 2.22259 -1.85626 1.43823 -1.47411 1.6051 2.78826 0.390336 -2.59519 
1.34058 -1.82854 -1.75864 1.86677 -1.40047 -0.971512 2.22259 -1.84284 1.40242 -1.48865 1.58371 2.79287 0.419362 -2.57418 
1.34059 -1.82854 -1.75864 1.86677 -1.40047 -0.971512 2.22259 -1.82938 1.38209 -1.4968 1.56459 2.78954 0.44451 -2.571 
1.34059 -1.82854 -1.75864 1.86677 -1.40047 -0.971512 2.22259 -1.81334 1.35402 -1.50924 1.54098 2.7874 0.476257 -2.56142 
1.34059 -1.82854 -1.75864 1.86677 -1.40047 -0.971512 2.22259 -1.79995 1.33098 -1.52323 1.52545 2.79298 0.490602 -2.53893 
1.34059 -1.82854 -1.75864 1.86677 -1.40047 -0.971512 2.22259 -1.78648 1.32369 -1.52878 1.50922 2.79628 0.506303 -2.53105 
1.34059 -1.82854 -1.75864 1.86677 -1.40047 -0.971512 2.22259 -1.77605 1.31247 -1.53627 1.4989 2.79281 0.513463 -2.52775 
1.34059 -1.82854 -1.75864 1.86677 -1.40047 -0.971512 2.22259 -1.7705 1.30672 -1.54107 1.49352 2.79364 0.517018 -2.52166 
1.34059 -1.82854 -1.75864 1.86677 -1.40047 -0.971512 2.22259 -1.76452 1.30521 -1.54247 1.48347 2.79397 0.531635 -2.5224 
1.34059 -1.82854 -1.75864 1.86677 -1.40047 -0.971512 2.22259 -1.76478 1.30452 -1.5434 1.48544 2.79206 0.528197 -2.52369 
1.34059 -1.82854 -1.75864 1.86677 -1.40047 -0.971512 2.22259 -1.76706 1.3072 -1.54271 1.48866 2.79339 0.5225 -2.52249 
1.34059 -1.82854 -1.75864 1.86677 -1.40047 -0.971512 2.22259 -1.77075 1.31109 -1.54128 1.49591 2.7915 0.509331 -2.5257 
1.34059 -1.82854 -1.75864 1.86677 -1.40047 -0.971513 2.22259 -1.7707 1.31116 -1.53951 1.49306 2.78725 0.517161 -2.53419 
1.34059 -1.82854 -1.75864 1.86677 -1.40047 -0.971513 2.22259 -1.77123 1.31087 -1.53839 1.49225 2.78411 0.520508 -2.53969 
1.34059 -1.82854 -1.75864 1.86677 -1.40047 -0.971512 2.22259 -1.7709 1.31316 -1.53808 1.48991 2.79116 0.524263 -2.53184 
1.13251 -1.8445 -1.67692 1.45685 -1.2004 -1.17063 2.13772 -1.71013 1.27207 -1.53383 1.38283 2.72211 0.724652 -2.66175 
1.10809 -1.8458 -1.67248 1.40937 -1.18622 -1.19186 2.12947 -1.71702 1.25502 -1.5436 1.40406 2.71377 0.698929 -2.64727 
1.10561 -1.84585 -1.67196 1.40449 -1.18481 -1.19415 2.12862 -1.71928 1.24381 -1.55029 1.41177 2.71323 0.688119 -2.63181 
1.1053 -1.84588 -1.67188 1.40397 -1.18471 -1.1945 2.12859 -1.7192 1.23597 -1.55626 1.41248 2.71784 0.686739 -2.61404 
1.09761 -1.85129 -1.67626 1.39608 -1.18267 -1.20889 2.13012 -1.72088 1.24086 -1.55372 1.41408 2.7199 0.683598 -2.61514 
1.09301 -1.85449 -1.67889 1.39132 -1.18147 -1.21725 2.13161 -1.72226 1.23838 -1.55556 1.4163 2.72094 0.679762 -2.60917 
1.0914 -1.85562 -1.6798 1.38982 -1.18134 -1.22006 2.13153 -1.72345 1.24272 -1.55331 1.41596 2.72572 0.68066 -2.60674 
1.0921 -1.85511 -1.67942 1.39047 -1.18174 -1.21854 2.13155 -1.72604 1.24885 -1.54769 1.41708 2.72412 0.682506 -2.61816 
1.09252 -1.85526 -1.67946 1.39113 -1.18236 -1.21771 2.13202 -1.73049 1.25304 -1.54392 1.42156 2.7247 0.680562 -2.62238 
1.09304 -1.85479 -1.67899 1.3916 -1.18233 -1.21701 2.13151 -1.73474 1.25446 -1.54137 1.42382 2.72477 0.68519 -2.62641 
1.09368 -1.85448 -1.67855 1.39185 -1.18229 -1.21632 2.13095 -1.73817 1.25065 -1.5414 1.42377 2.72452 0.694618 -2.6268 
1.09448 -1.8539 -1.67804 1.39284 -1.18282 -1.21455 2.13089 -1.74181 1.25269 -1.53881 1.4245 2.72615 0.699649 -2.62895 
1.09382 -1.85448 -1.6787 1.39273 -1.18317 -1.21501 2.13205 -1.7482 1.26329 -1.53104 1.43027 2.72351 0.697659 -2.64568 
1.09416 -1.85474 -1.67913 1.39398 -1.18471 -1.21341 2.13288 -1.75291 1.27026 -1.52636 1.43342 2.72496 0.698778 -2.65192 
1.09357 -1.85535 -1.67961 1.39365 -1.18483 -1.21422 2.13345 -1.75779 1.27683 -1.52176 1.43549 2.72719 0.702947 -2.65779 
1.0941 -1.85448 -1.67882 1.39312 -1.18377 -1.21404 2.13259 -1.76292 1.27886 -1.51983 1.43898 2.73012 0.703774 -2.65637 
1.09365 -1.85546 -1.67976 1.39382 -1.18496 -1.2139 2.13412 -1.76562 1.27541 -1.52107 1.43789 2.73593 0.711365 -2.64605 
1.09427 -1.85422 -1.67859 1.39327 -1.1834 -1.2141 2.13238 -1.7711 1.27929 -1.5169 1.44443 2.73165 0.706478 -2.65698 
1.0943 -1.85355 -1.67788 1.39236 -1.18194 -1.21507 2.13081 -1.77471 1.27259 -1.51959 1.44687 2.73124 0.708962 -2.65146 
1.09442 -1.85375 -1.67836 1.39317 -1.18324 -1.21408 2.13126 -1.78034 1.27947 -1.51647 1.45274 2.73295 0.703198 -2.65424 
1.09482 -1.85344 -1.67809 1.39366 -1.18362 -1.21313 2.13126 -1.7809 1.2784 -1.51698 1.45 2.73356 0.70928 -2.6537 
1.09669 -1.85185 -1.6768 1.39506 -1.18362 -1.20965 2.13117 -1.78304 1.28989 -1.51023 1.45204 2.72817 0.705991 -2.67401 
1.09487 -1.85289 -1.6778 1.39293 -1.18272 -1.21362 2.13064 -1.78012 1.2837 -1.51407 1.44598 2.72967 0.714091 -2.6673 
1.09367 -1.85343 -1.67848 1.39192 -1.18234 -1.21556 2.1306 -1.77901 1.27464 -1.51953 1.44519 2.72829 0.71349 -2.65851 
1.09385 -1.8536 -1.67865 1.39252 -1.18316 -1.21466 2.13125 -1.77786 1.2705 -1.52282 1.44308 2.73023 0.714915 -2.6508 
1.09407 -1.85343 -1.67855 1.39274 -1.18328 -1.21424 2.13129 -1.77698 1.27559 -1.51944 1.44036 2.72807 0.718334 -2.66141 
1.09404 -1.85337 -1.67836 1.39217 -1.18256 -1.21502 2.13071 -1.77651 1.27264 -1.52107 1.43959 2.7268 0.719361 -2.66049 
1.09388 -1.85353 -1.67841 1.39211 -1.18232 -1.2151 2.13135 -1.77671 1.27535 -1.51967 1.43887 2.7262 0.720589 -2.66464 
1.09343 -1.85443 -1.67937 1.39293 -1.18386 -1.21459 2.133 -1.77574 1.27592 -1.51826 1.43642 2.72182 0.725419 -2.67434 
1.09356 -1.8541 -1.6791 1.39312 -1.18365 -1.21427 2.13305 -1.77493 1.2807 -1.51587 1.43328 2.72219 0.7303 -2.68063 
1.09251 -1.85495 -1.67884 1.39055 -1.18086 -1.21926 2.1318 -1.77467 1.27495 -1.52073 1.43229 2.7266 0.730304 -2.6661 
1.09204 -1.85527 -1.67901 1.38965 -1.18006 -1.22097 2.13165 -1.77555 1.27811 -1.51944 1.43346 2.72842 0.728292 -2.66581 
1.08932 -1.85713 -1.68086 1.38675 -1.17885 -1.2209 2.14645 -1.77812 1.28333 -1.51741 1.43808 2.73087 0.720409 -2.66501 
1.08383 -1.86076 -1.68454 1.38106 -1.17776 -1.22293 2.16652 -1.77816 1.28371 -1.51661 1.43872 2.72901 0.719669 -2.66844 
1.07895 -1.86322 -1.68772 1.3751 -1.17741 -1.22297 2.18392 -1.77705 1.28119 -1.51715 1.43701 2.72662 0.722944 -2.67102 
1.07537 -1.86475 -1.69056 1.37067 -1.17851 -1.21984 2.20106 -1.77589 1.27396 -1.51983 1.43587 2.72198 0.725728 -2.67188 
1.0694 -1.86695 -1.69333 1.36247 -1.17626 -1.22203 2.21922 -1.77597 1.27555 -1.51944 1.4355 2.72363 0.72606 -2.67074 
1.06332 -1.8695 -1.69671 1.35488 -1.17464 -1.2245 2.23725 -1.77682 1.28134 -1.51614 1.43658 2.72304 0.724287 -2.67796 
1.05995 -1.87028 -1.69788 1.34825 -1.17174 -1.22479 2.25217 -1.7769 1.28229 -1.51629 1.43658 2.72555 0.723755 -2.67455 
1.05469 -1.87262 -1.70048 1.34102 -1.1698 -1.22716 2.26861 -1.77654 1.28457 -1.51555 1.43519 2.72759 0.725722 -2.67411 
1.0485 -1.87608 -1.7043 1.33336 -1.16889 -1.23005 2.28741 -1.7756 1.2824 -1.51647 1.43395 2.72641 0.728126 -2.67471 
1.04374 -1.87922 -1.70722 1.32678 -1.16821 -1.23154 2.30419 -1.77586 1.28057 -1.51785 1.4344 2.72712 0.726983 -2.67098 
1.04029 -1.8797 -1.70756 1.31924 -1.1641 -1.23261 2.3188 -1.77546 1.28105 -1.51753 1.43368 2.7273 0.728021 -2.67156 
1.03584 -1.88206 -1.70959 1.31328 -1.16195 -1.23473 2.33513 -1.7768 1.28355 -1.51709 1.43603 2.73007 0.723613 -2.66794 
1.03641 -1.8828 -1.70867 1.31397 -1.16056 -1.23639 2.33497 -1.77542 1.28205 -1.51655 1.43359 2.72558 0.728431 -2.67569 
1.04059 -1.88237 -1.7057 1.31982 -1.15909 -1.23404 2.33364 -1.77578 1.28442 -1.51559 1.43402 2.72638 0.727553 -2.67679 
1.04623 -1.88321 -1.70337 1.33043 -1.15965 -1.22898 2.33557 -1.77616 1.28824 -1.51351 1.43398 2.72648 0.727636 -2.68098 
1.05157 -1.88342 -1.70059 1.33885 -1.1584 -1.22593 2.33653 -1.77675 1.28525 -1.51542 1.4357 2.72714 0.724847 -2.67518 
1.05881 -1.88291 -1.69675 1.35024 -1.15743 -1.22001 2.33747 -1.77685 1.28517 -1.51495 1.43604 2.72517 0.724498 -2.67828 
1.06166 -1.88843 -1.69603 1.36289 -1.15647 -1.21698 2.35579 -1.77611 1.28249 -1.51682 1.43476 2.72699 0.726123 -2.67247 
1.06242 -1.89661 -1.6964 1.37686 -1.15495 -1.21347 2.38713 -1.77607 1.28127 -1.517 1.43482 2.72545 0.726379 -2.6738 
1.06067 -1.90532 -1.69774 1.38927 -1.1528 -1.20972 2.42553 -1.77823 1.28806 -1.51377 1.43855 2.72629 0.720035 -2.67773 
1.05883 -1.91429 -1.6997 1.40316 -1.15522 -1.20047 2.46399 -1.77748 1.28474 -1.51508 1.43766 2.72476 0.722002 -2.67733 
1.05302 -1.92639 -1.70507 1.41466 -1.16048 -1.19687 2.49966 -1.77567 1.27671 -1.51891 1.43471 2.72372 0.727197 -2.67178 
1.0492 -1.93549 -1.70689 1.42485 -1.1618 -1.19505 2.52624 -1.77845 1.2821 -1.51684 1.43971 2.72608 0.718519 -2.6708 
1.04487 -1.94434 -1.70862 1.43323 -1.16328 -1.19416 2.54958 -1.77746 1.28191 -1.51681 1.43756 2.72644 0.721913 -2.671 
1.0387 -1.95458 -1.71231 1.44059 -1.16718 -1.19392 2.5739 -1.77625 1.28057 -1.51742 1.43508 2.72662 0.725862 -2.67047 
1.03547 -1.96176 -1.71418 1.44711 -1.17301 -1.19114 2.58583 -1.77828 1.28639 -1.51416 1.43913 2.72527 0.71959 -2.67746 
1.03074 -1.96699 -1.71482 1.44843 -1.17911 -1.19852 2.58579 -1.77722 1.28473 -1.51489 1.4372 2.72497 0.722695 -2.67735 
1.02627 -1.96699 -1.70703 1.45343 -1.20472 -1.21553 2.58661 -1.77831 1.2883 -1.51292 1.43919 2.72454 0.719334 -2.68083 
1.02488 -1.96699 -1.7016 1.45719 -1.22064 -1.22725 2.57661 -1.77549 1.2813 -1.51531 1.43423 2.7201 0.728046 -2.68369 
1.02477 -1.96699 -1.69645 1.46163 -1.23569 -1.23699 2.56271 -1.77641 1.28267 -1.51636 1.43529 2.7256 0.725334 -2.67435 
1.02717 -1.96699 -1.69644 1.46329 -1.24954 -1.24252 2.52362 -1.7754 1.28354 -1.5157 1.4334 2.72376 0.727451 -2.67915 
1.03294 -1.96518 -1.69599 1.46532 -1.26209 -1.24317 2.47336 -1.7738 1.28468 -1.51592 1.42935 2.72578 0.73226 -2.67834 
1.04165 -1.96327 -1.6949 1.4692 -1.27509 -1.24269 2.41381 -1.77144 1.28156 -1.5181 1.42459 2.72672 0.737933 -2.67472 
1.0507 -1.96062 -1.69298 1.4717 -1.28395 -1.24408 2.35635 -1.7726 1.28394 -1.51721 1.42681 2.72689 0.733236 -2.67552 
1.05971 -1.95799 -1.69163 1.47564 -1.29327 -1.24241 2.30735 -1.77117 1.28061 -1.51918 1.42338 2.72815 0.738357 -2.67111 
1.06842 -1.95583 -1.69097 1.47991 -1.30409 -1.23902 2.2614 -1.77379 1.28817 -1.51482 1.42752 2.72818 0.731785 -2.67769 
1.07662 -1.95524 -1.69227 1.48491 -1.31841 -1.23567 2.21284 -1.77305 1.28535 -1.51677 1.42576 2.73094 0.734063 -2.67048 
1.0863 -1.95289 -1.69173 1.49033 -1.33066 -1.22814 2.17164 -1.77412 1.28962 -1.51366 1.42763 2.72907 0.730831 -2.67797 
1.09355 -1.9497 -1.68984 1.49218 -1.33617 -1.22375 2.13917 -1.77322 1.28545 -1.51602 1.42624 2.73011 0.732064 -2.67189 
1.09644 -1.94978 -1.69126 1.49254 -1.34302 -1.22368 2.11271 -1.77389 1.28715 -1.5156 1.4273 2.73266 0.728663 -2.66849 
1.10275 -1.9476 -1.69151 1.4953 -1.35379 -1.21626 2.08143 -1.77275 1.28467 -1.51726 1.42571 2.73311 0.729587 -2.66513 
1.10882 -1.94474 -1.69077 1.49487 -1.36171 -1.21217 2.04075 -1.77059 1.2809 -1.51938 1.42203 2.73502 0.733925 -2.65919 
1.11641 -1.93899 -1.68731 1.49235 -1.36638 -1.20732 1.99222 -1.77162 1.28394 -1.51848 1.42385 2.73786 0.728751 -2.6561 
1.12565 -1.92964 -1.6804 1.48244 -1.36397 -1.20889 1.9146 -1.7673 1.27318 -1.52199 1.41837 2.73269 0.735486 -2.65606 
