1.21136 -1.81183 -1.59114 1.39602 -1.11689 -1.25946 1.39314 -1.11007 0.610447 0.0654194 -1.37338 -1.9629 -1.13369 -0.471729 
1.21178 -1.81069 -1.59036 1.39569 -1.11612 -1.25911 1.39119 -1.11086 0.606558 0.0662759 -1.38231 -1.96055 -1.13132 -0.477188 
1.21183 -1.81061 -1.59028 1.3957 -1.11604 -1.25908 1.39101 -1.11086 0.60655 0.0662776 -1.38233 -1.96054 -1.13132 -0.4772 
1.21185 -1.81054 -1.59024 1.39564 -1.11589 -1.25912 1.39095 -1.11086 0.606549 0.0662777 -1.38233 -1.96054 -1.13132 -0.4772 
1.21186 -1.81048 -1.59023 1.39562 -1.11581 -1.25909 1.39091 -1.11086 0.606549 0.0662777 -1.38233 -1.96054 -1.13132 -0.4772 
1.21187 -1.81047 -1.59022 1.39563 -1.1158 -1.25905 1.3909 -1.11086 0.606549 0.0662777 -1.38233 -1.96054 -1.13132 -0.4772 
1.21196 -1.81026 -1.59018 1.39565 -1.11593 -1.25875 1.39051 -1.11086 0.606549 0.0662777 -1.38233 -1.96054 -1.13132 -0.4772 
1.21179 -1.81071 -1.59032 1.39564 -1.11576 -1.2592 1.39117 -1.11086 0.606549 0.0662777 -1.38233 -1.96054 -1.13132 -0.4772 
1.21181 -1.8107 -1.59032 1.39562 -1.11574 -1.25922 1.39115 -1.11086 0.606549 0.0662777 -1.38233 -1.96054 -1.13132 -0.4772 
1.21173 -1.81092 -1.59038 1.39563 -1.11564 -1.25939 1.39148 -1.11086 0.606549 0.0662777 -1.38233 -1.96054 -1.13132 -0.4772 
1.2119 -1.8105 -1.5903 1.39567 -1.11586 -1.25884 1.39075 -1.11086 0.606549 0.0662777 -1.38233 -1.96054 -1.13132 -0.4772 
1.21191 -1.81053 -1.5903 1.3957 -1.11589 -1.25884 1.39083 -1.11086 0.606549 0.0662777 -1.38233 -1.96054 -1.13132 -0.4772 
