1.07752 -1.82028 -1.65986 1.32824 -1.20474 -1.21363 2.06699 -1.11046 0.608541 0.0658396 -1.37776 -1.96175 -1.13253 -0.474404 
1.04186 -1.82009 -1.65631 1.25155 -1.19246 -1.24463 2.0326 -1.11007 0.610447 0.0654194 -1.37338 -1.9629 -1.13369 -0.471729 
1.0326 -1.81296 -1.65503 1.2331 -1.19808 -1.23257 2.02037 -1.11007 0.610447 0.0654194 -1.37338 -1.9629 -1.13369 -0.471729 
1.02745 -1.8087 -1.65493 1.22341 -1.20053 -1.2289 2.01004 -1.11007 0.610447 0.0654194 -1.37338 -1.9629 -1.13369 -0.471729 
1.02498 -1.80804 -1.65498 1.21768 -1.19908 -1.23339 2.00439 -1.11007 0.610447 0.0654194 -1.37338 -1.9629 -1.13369 -0.471729 
1.02624 -1.80815 -1.65453 1.21929 -1.19844 -1.23257 2.00694 -1.11007 0.610447 0.0654194 -1.37338 -1.9629 -1.13369 -0.471729 
1.03024 -1.80896 -1.65518 1.22724 -1.19864 -1.23063 2.0145 -1.11007 0.610447 0.0654194 -1.37338 -1.9629 -1.13369 -0.471729 
1.03722 -1.81086 -1.65622 1.24181 -1.20007 -1.2272 2.02443 -1.11007 0.610447 0.0654194 -1.37338 -1.9629 -1.13369 -0.471729 
1.04777 -1.81214 -1.6564 1.26254 -1.20218 -1.22005 2.03541 -1.11007 0.610447 0.0654194 -1.37338 -1.9629 -1.13369 -0.471729 
1.05414 -1.81168 -1.65514 1.27445 -1.20118 -1.21722 2.03918 -1.11007 0.610447 0.0654194 -1.37338 -1.9629 -1.13369 -0.471729 
1.0609 -1.81184 -1.65471 1.28736 -1.20228 -1.21219 2.04463 -1.11007 0.610447 0.0654194 -1.37338 -1.9629 -1.13369 -0.471729 
1.06619 -1.81243 -1.65496 1.29787 -1.20451 -1.20694 2.05065 -1.11007 0.610447 0.0654194 -1.37338 -1.9629 -1.13369 -0.471729 
1.06981 -1.81309 -1.65494 1.30524 -1.20504 -1.20475 2.05445 -1.11007 0.610447 0.0654194 -1.37338 -1.9629 -1.13369 -0.471729 
1.07393 -1.81296 -1.65439 1.31264 -1.20542 -1.20158 2.05804 -1.11007 0.610447 0.0654194 -1.37338 -1.9629 -1.13369 -0.471729 
1.07728 -1.81417 -1.65514 1.32032 -1.20569 -1.20067 2.06352 -1.11007 0.610447 0.0654194 -1.37338 -1.9629 -1.13369 -0.471729 
