1.10913 -1.8687 -1.67294 1.45096 -1.19228 -1.1515 2.14672 -1.1103 0.609337 0.0656645 -1.37593 -1.96223 -1.13301 -0.473288 
1.09593 -1.85025 -1.67268 1.4182 -1.19567 -1.14919 2.09949 -1.11086 0.606551 0.0662772 -1.38233 -1.96054 -1.13132 -0.477197 
1.09398 -1.85313 -1.67463 1.41673 -1.19925 -1.14931 2.10017 -1.11086 0.606549 0.0662777 -1.38233 -1.96054 -1.13132 -0.4772 
1.09406 -1.85144 -1.67283 1.41277 -1.19387 -1.15556 2.09382 -1.11086 0.606549 0.0662777 -1.38233 -1.96054 -1.13132 -0.4772 
1.09703 -1.85046 -1.67263 1.41435 -1.19606 -1.15342 2.08877 -1.11086 0.606549 0.0662777 -1.38233 -1.96054 -1.13132 -0.4772 
1.10281 -1.84839 -1.6702 1.41679 -1.19612 -1.15022 2.08195 -1.11086 0.606549 0.0662777 -1.38233 -1.96054 -1.13132 -0.4772 
1.10926 -1.84885 -1.66778 1.42364 -1.19483 -1.14913 2.08049 -1.11086 0.606549 0.0662777 -1.38233 -1.96054 -1.13132 -0.4772 
1.11541 -1.84914 -1.66585 1.43097 -1.19451 -1.14743 2.07903 -1.11086 0.606549 0.0662777 -1.38233 -1.96054 -1.13132 -0.4772 
1.11904 -1.84975 -1.6647 1.43563 -1.19395 -1.14777 2.07765 -1.11086 0.606549 0.0662777 -1.38233 -1.96054 -1.13132 -0.4772 
1.12207 -1.8488 -1.6633 1.43806 -1.19249 -1.14792 2.07524 -1.11086 0.606549 0.0662777 -1.38233 -1.96054 -1.13132 -0.4772 
1.12446 -1.84912 -1.66177 1.44026 -1.19075 -1.14873 2.07443 -1.11086 0.606549 0.0662777 -1.38233 -1.96054 -1.13132 -0.4772 
1.12558 -1.84967 -1.66061 1.44141 -1.18921 -1.15 2.07381 -1.11086 0.606549 0.0662777 -1.38233 -1.96054 -1.13132 -0.4772 
1.12694 -1.848 -1.65913 1.44142 -1.18695 -1.15071 2.07101 -1.11086 0.606549 0.0662777 -1.38233 -1.96054 -1.13132 -0.4772 
1.12757 -1.84887 -1.65971 1.44335 -1.18858 -1.14962 2.07225 -1.11086 0.606549 0.0662777 -1.38233 -1.96054 -1.13132 -0.4772 
1.12887 -1.84884 -1.65941 1.4449 -1.18912 -1.14848 2.07159 -1.11086 0.606549 0.0662777 -1.38233 -1.96054 -1.13132 -0.4772 
1.1317 -1.84857 -1.65823 1.4479 -1.1891 -1.14669 2.07069 -1.11086 0.606549 0.0662777 -1.38233 -1.96054 -1.13132 -0.4772 
1.13435 -1.8487 -1.65701 1.44987 -1.1875 -1.14823 2.06802 -1.11086 0.606549 0.0662777 -1.38233 -1.96054 -1.13132 -0.4772 
1.13794 -1.84943 -1.65578 1.45463 -1.18769 -1.14694 2.06835 -1.11086 0.606549 0.0662777 -1.38233 -1.96054 -1.13132 -0.4772 
1.13892 -1.85005 -1.6558 1.45667 -1.18755 -1.14781 2.06823 -1.11086 0.606549 0.0662777 -1.38233 -1.96054 -1.13132 -0.4772 
1.13879 -1.85146 -1.65655 1.45827 -1.18888 -1.14781 2.07017 -1.11086 0.606549 0.0662777 -1.38233 -1.96054 -1.13132 -0.4772 
1.1387 -1.85086 -1.65615 1.45717 -1.18791 -1.14839 2.06972 -1.11086 0.606549 0.0662777 -1.38233 -1.96054 -1.13132 -0.4772 
1.13871 -1.85073 -1.65583 1.45683 -1.18697 -1.14922 2.06901 -1.11086 0.606549 0.0662777 -1.38233 -1.96054 -1.13132 -0.4772 
1.13936 -1.8505 -1.65531 1.45746 -1.18739 -1.14803 2.06888 -1.11086 0.606549 0.0662777 -1.38233 -1.96054 -1.13132 -0.4772 
1.13833 -1.85082 -1.65535 1.45581 -1.18578 -1.15094 2.06849 -1.11086 0.606549 0.0662777 -1.38233 -1.96054 -1.13132 -0.4772 
1.13818 -1.85128 -1.65574 1.45618 -1.18659 -1.15058 2.06947 -1.11086 0.606549 0.0662777 -1.38233 -1.96054 -1.13132 -0.4772 
1.13874 -1.84984 -1.65462 1.45525 -1.18469 -1.15134 2.06742 -1.11086 0.606549 0.0662777 -1.38233 -1.96054 -1.13132 -0.4772 
1.13842 -1.84978 -1.65452 1.45473 -1.18408 -1.15215 2.06658 -1.11086 0.606549 0.0662777 -1.38233 -1.96054 -1.13132 -0.4772 
1.13853 -1.85013 -1.65467 1.45504 -1.1845 -1.15175 2.06759 -1.11086 0.606549 0.0662777 -1.38233 -1.96054 -1.13132 -0.4772 
1.13775 -1.85106 -1.65535 1.45443 -1.18419 -1.15354 2.06733 -1.11086 0.606549 0.0662777 -1.38233 -1.96054 -1.13132 -0.4772 
1.1381 -1.8515 -1.65581 1.45579 -1.1863 -1.15144 2.06833 -1.11086 0.606549 0.0662777 -1.38233 -1.96054 -1.13132 -0.4772 
1.13844 -1.85012 -1.65508 1.45524 -1.18563 -1.15124 2.06638 -1.11086 0.606549 0.0662777 -1.38233 -1.96054 -1.13132 -0.4772 
1.13865 -1.84976 -1.65467 1.45513 -1.18547 -1.15102 2.06491 -1.11086 0.606549 0.0662777 -1.38233 -1.96054 -1.13132 -0.4772 
1.13907 -1.85012 -1.65528 1.45647 -1.18759 -1.1486 2.0667 -1.11086 0.606549 0.0662777 -1.38233 -1.96054 -1.13132 -0.4772 
1.13902 -1.8498 -1.65501 1.4559 -1.18683 -1.1493 2.06582 -1.11086 0.606549 0.0662777 -1.38233 -1.96054 -1.13132 -0.4772 
1.13988 -1.84983 -1.65545 1.45761 -1.18917 -1.14623 2.06653 -1.11086 0.606549 0.0662777 -1.38233 -1.96054 -1.13132 -0.4772 
1.14031 -1.84917 -1.65456 1.45705 -1.18775 -1.14689 2.06492 -1.11086 0.606549 0.0662777 -1.38233 -1.96054 -1.13132 -0.4772 
1.13885 -1.85068 -1.65574 1.45618 -1.18784 -1.14933 2.06593 -1.11086 0.606549 0.0662777 -1.38233 -1.96054 -1.13132 -0.4772 
1.1393 -1.85034 -1.65563 1.45678 -1.18808 -1.14834 2.06617 -1.11086 0.606549 0.0662777 -1.38233 -1.96054 -1.13132 -0.4772 
1.13926 -1.84967 -1.65488 1.45593 -1.18645 -1.1489 2.06508 -1.11086 0.606549 0.0662777 -1.38233 -1.96054 -1.13132 -0.4772 
1.13906 -1.84933 -1.65501 1.45574 -1.18606 -1.14913 2.0652 -1.11086 0.606549 0.0662777 -1.38233 -1.96054 -1.13132 -0.4772 
1.13904 -1.84976 -1.65469 1.45536 -1.18527 -1.15019 2.0656 -1.11086 0.606549 0.0662777 -1.38233 -1.96054 -1.13132 -0.4772 
1.13894 -1.84974 -1.65554 1.45626 -1.18684 -1.14868 2.06623 -1.11086 0.606549 0.0662777 -1.38233 -1.96054 -1.13132 -0.4772 
1.13838 -1.8497 -1.65481 1.45472 -1.18468 -1.1511 2.06553 -1.11086 0.606549 0.0662777 -1.38233 -1.96054 -1.13132 -0.4772 
1.13921 -1.85027 -1.6555 1.45683 -1.18695 -1.14817 2.06835 -1.11086 0.606549 0.0662777 -1.38233 -1.96054 -1.13132 -0.4772 
1.13912 -1.85019 -1.65496 1.45603 -1.18565 -1.14963 2.06753 -1.11086 0.606549 0.0662777 -1.38233 -1.96054 -1.13132 -0.4772 
1.1393 -1.84946 -1.6546 1.4557 -1.18451 -1.14982 2.06734 -1.11086 0.606549 0.0662777 -1.38233 -1.96054 -1.13132 -0.4772 
1.13774 -1.85152 -1.65601 1.45539 -1.18553 -1.15168 2.06915 -1.11086 0.606549 0.0662777 -1.38233 -1.96054 -1.13132 -0.4772 
1.13918 -1.8504 -1.65529 1.45699 -1.18667 -1.14806 2.06881 -1.11086 0.606549 0.0662777 -1.38233 -1.96054 -1.13132 -0.4772 
1.13848 -1.85124 -1.65562 1.45623 -1.18594 -1.15006 2.06903 -1.11086 0.606549 0.0662777 -1.38233 -1.96054 -1.13132 -0.4772 
1.13805 -1.85147 -1.65594 1.45599 -1.18585 -1.15074 2.06935 -1.11086 0.606549 0.0662777 -1.38233 -1.96054 -1.13132 -0.4772 
1.13878 -1.85029 -1.65483 1.45553 -1.18461 -1.15064 2.06732 -1.11086 0.606549 0.0662777 -1.38233 -1.96054 -1.13132 -0.4772 
1.14024 -1.84954 -1.65475 1.45806 -1.18705 -1.14586 2.06831 -1.11086 0.606549 0.0662777 -1.38233 -1.96054 -1.13132 -0.4772 
1.13871 -1.8503 -1.65548 1.45607 -1.1858 -1.14944 2.068 -1.11086 0.606549 0.0662777 -1.38233 -1.96054 -1.13132 -0.4772 
1.13856 -1.85122 -1.65637 1.45715 -1.18774 -1.14824 2.06937 -1.11086 0.606549 0.0662777 -1.38233 -1.96054 -1.13132 -0.4772 
1.13875 -1.85121 -1.65654 1.4578 -1.18872 -1.14718 2.06946 -1.11086 0.606549 0.0662777 -1.38233 -1.96054 -1.13132 -0.4772 
1.13962 -1.85059 -1.65613 1.45817 -1.18862 -1.14595 2.06926 -1.11086 0.606549 0.0662777 -1.38233 -1.96054 -1.13132 -0.4772 
1.13984 -1.85041 -1.65598 1.4582 -1.18834 -1.14565 2.06909 -1.11086 0.606549 0.0662777 -1.38233 -1.96054 -1.13132 -0.4772 
1.14025 -1.84938 -1.65553 1.45831 -1.18836 -1.14464 2.06807 -1.11086 0.606549 0.0662777 -1.38233 -1.96054 -1.13132 -0.4772 
1.13935 -1.84987 -1.65535 1.45655 -1.18639 -1.14767 2.06727 -1.11086 0.606549 0.0662777 -1.38233 -1.96054 -1.13132 -0.4772 
1.13791 -1.85072 -1.65582 1.45471 -1.18479 -1.1511 2.06728 -1.11086 0.606549 0.0662777 -1.38233 -1.96054 -1.13132 -0.4772 
1.13787 -1.85462 -1.65682 1.45826 -1.18594 -1.15073 2.07592 -1.11086 0.606549 0.0662777 -1.38233 -1.96054 -1.13132 -0.4772 
1.13568 -1.86278 -1.65798 1.46162 -1.18326 -1.15616 2.09417 -1.11086 0.606549 0.0662777 -1.38233 -1.96054 -1.13132 -0.4772 
1.13403 -1.87076 -1.65911 1.46656 -1.18175 -1.15855 2.11504 -1.11086 0.606549 0.0662777 -1.38233 -1.96054 -1.13132 -0.4772 
1.1307 -1.88044 -1.66133 1.47052 -1.18014 -1.16264 2.14018 -1.11086 0.606549 0.0662777 -1.38233 -1.96054 -1.13132 -0.4772 
1.12571 -1.89117 -1.66337 1.47216 -1.17532 -1.17019 2.16875 -1.11086 0.606549 0.0662777 -1.38233 -1.96054 -1.13132 -0.4772 
1.11853 -1.90411 -1.66802 1.47432 -1.17324 -1.17703 2.2035 -1.11086 0.606549 0.0662777 -1.38233 -1.96054 -1.13132 -0.4772 
1.10927 -1.91623 -1.67195 1.47217 -1.16611 -1.18932 2.23727 -1.11086 0.606549 0.0662777 -1.38233 -1.96054 -1.13132 -0.4772 
1.1011 -1.92672 -1.67416 1.47013 -1.1574 -1.19897 2.27295 -1.11086 0.606549 0.0662777 -1.38233 -1.96054 -1.13132 -0.4772 
1.09034 -1.93882 -1.67825 1.46646 -1.14924 -1.21026 2.31253 -1.11086 0.606549 0.0662777 -1.38233 -1.96054 -1.13132 -0.4772 
1.08081 -1.94938 -1.68142 1.46339 -1.14172 -1.21827 2.35108 -1.11086 0.606549 0.0662777 -1.38233 -1.96054 -1.13132 -0.4772 
1.06822 -1.96195 -1.68708 1.45838 -1.13514 -1.2298 2.39024 -1.11086 0.606549 0.0662777 -1.38233 -1.96054 -1.13132 -0.4772 
1.05572 -1.96699 -1.68387 1.45043 -1.13418 -1.25047 2.43081 -1.11086 0.606549 0.0662777 -1.38233 -1.96054 -1.13132 -0.4772 
1.04386 -1.96699 -1.67554 1.44259 -1.14057 -1.27539 2.47053 -1.11086 0.606549 0.0662777 -1.38233 -1.96054 -1.13132 -0.4772 
1.03577 -1.96699 -1.6727 1.43647 -1.1432 -1.28466 2.49556 -1.11086 0.606549 0.0662777 -1.38233 -1.96054 -1.13132 -0.4772 
1.02957 -1.96699 -1.67225 1.4304 -1.14327 -1.28831 2.51069 -1.11086 0.606549 0.0662777 -1.38233 -1.96054 -1.13132 -0.4772 
1.02333 -1.96698 -1.67268 1.42175 -1.13863 -1.2953 2.51645 -1.11086 0.606549 0.0662777 -1.38233 -1.96054 -1.13132 -0.4772 
1.0194 -1.96699 -1.67275 1.41864 -1.1426 -1.29829 2.52031 -1.11086 0.606549 0.0662777 -1.38233 -1.96054 -1.13132 -0.4772 
1.01822 -1.96699 -1.67328 1.41797 -1.14747 -1.29915 2.51381 -1.11086 0.606549 0.0662777 -1.38233 -1.96054 -1.13132 -0.4772 
1.01978 -1.96574 -1.67248 1.41755 -1.15031 -1.2987 2.49947 -1.11086 0.606549 0.0662777 -1.38233 -1.96054 -1.13132 -0.4772 
1.0244 -1.96334 -1.67073 1.41977 -1.15636 -1.2962 2.47536 -1.11086 0.606549 0.0662777 -1.38233 -1.96054 -1.13132 -0.4772 
1.02964 -1.96158 -1.67015 1.4237 -1.16604 -1.29371 2.44507 -1.11086 0.606549 0.0662777 -1.38233 -1.96054 -1.13132 -0.4772 
1.03792 -1.95776 -1.66721 1.42822 -1.17542 -1.29127 2.40172 -1.11086 0.606549 0.0662777 -1.38233 -1.96054 -1.13132 -0.4772 
1.0431 -1.95609 -1.66681 1.43009 -1.1835 -1.29446 2.36257 -1.11086 0.606549 0.0662777 -1.38233 -1.96054 -1.13132 -0.4772 
1.05329 -1.95077 -1.66234 1.43454 -1.19167 -1.29148 2.31481 -1.11086 0.606549 0.0662777 -1.38233 -1.96054 -1.13132 -0.4772 
1.05777 -1.95355 -1.66879 1.43684 -1.217 -1.29825 2.24187 -1.11086 0.606549 0.0662777 -1.38233 -1.96054 -1.13132 -0.4772 
1.05659 -1.95362 -1.66918 1.43472 -1.21625 -1.30127 2.23821 -1.11086 0.606549 0.0662777 -1.38233 -1.96054 -1.13132 -0.4772 
1.06352 -1.95049 -1.66681 1.43431 -1.22284 -1.30539 2.18701 -1.11086 0.606549 0.0662777 -1.38233 -1.96054 -1.13132 -0.4772 
1.07019 -1.9463 -1.6634 1.43094 -1.22646 -1.31198 2.13151 -1.11086 0.606549 0.0662777 -1.38233 -1.96054 -1.13132 -0.4772 
1.07678 -1.94315 -1.66122 1.42988 -1.23284 -1.3152 2.08166 -1.11086 0.606549 0.0662777 -1.38233 -1.96054 -1.13132 -0.4772 
1.08129 -1.94031 -1.6591 1.42562 -1.23589 -1.3221 2.03454 -1.11086 0.606549 0.0662777 -1.38233 -1.96054 -1.13132 -0.4772 
1.08647 -1.93498 -1.65454 1.41929 -1.2349 -1.32905 1.98563 -1.11086 0.606549 0.0662777 -1.38233 -1.96054 -1.13132 -0.4772 
1.09061 -1.93099 -1.65131 1.41354 -1.23546 -1.33511 1.94307 -1.11086 0.606549 0.0662777 -1.38233 -1.96054 -1.13132 -0.4772 
1.09049 -1.92388 -1.64666 1.40027 -1.23251 -1.34664 1.88459 -1.11086 0.606549 0.0662777 -1.38233 -1.96054 -1.13132 -0.4772 
1.09189 -1.92088 -1.64415 1.39297 -1.23039 -1.35471 1.85136 -1.11086 0.606549 0.0662777 -1.38233 -1.96054 -1.13132 -0.4772 
1.09258 -1.91601 -1.63985 1.3822 -1.22274 -1.36583 1.81864 -1.11086 0.606549 0.0662777 -1.38233 -1.96054 -1.13132 -0.4772 
1.09206 -1.9161 -1.63947 1.37726 -1.22222 -1.37278 1.80049 -1.11086 0.606549 0.0662777 -1.38233 -1.96054 -1.13132 -0.4772 
1.09501 -1.91628 -1.6393 1.37947 -1.22815 -1.36964 1.78726 -1.11086 0.606549 0.0662777 -1.38233 -1.96054 -1.13132 -0.4772 
1.08846 -1.9197 -1.64265 1.36843 -1.22565 -1.38709 1.77096 -1.11086 0.606549 0.0662777 -1.38233 -1.96054 -1.13132 -0.4772 
1.0892 -1.91922 -1.64248 1.36601 -1.22862 -1.38887 1.75326 -1.11086 0.606549 0.0662777 -1.38233 -1.96054 -1.13132 -0.4772 
1.09035 -1.91708 -1.64104 1.36241 -1.22949 -1.39042 1.73375 -1.11086 0.606549 0.0662777 -1.38233 -1.96054 -1.13132 -0.4772 
1.09153 -1.9116 -1.63649 1.35369 -1.2244 -1.39573 1.70497 -1.11086 0.606549 0.0662777 -1.38233 -1.96054 -1.13132 -0.4772 
1.0878 -1.91259 -1.63798 1.3448 -1.22523 -1.40616 1.68202 -1.11086 0.606549 0.0662777 -1.38233 -1.96054 -1.13132 -0.4772 
1.08758 -1.91457 -1.63997 1.34512 -1.23359 -1.40551 1.66591 -1.11086 0.606549 0.0662777 -1.38233 -1.96054 -1.13132 -0.4772 
1.08516 -1.91162 -1.63775 1.33291 -1.22817 -1.41768 1.6358 -1.11086 0.606549 0.0662777 -1.38233 -1.96054 -1.13132 -0.4772 
1.07989 -1.9165 -1.64256 1.32716 -1.23411 -1.4281 1.61722 -1.11086 0.606549 0.0662777 -1.38233 -1.96054 -1.13132 -0.4772 
1.08418 -1.91761 -1.64232 1.33076 -1.23551 -1.42678 1.61697 -1.11086 0.606549 0.0662777 -1.38233 -1.96054 -1.13132 -0.4772 
1.08225 -1.91743 -1.64281 1.32342 -1.23517 -1.43614 1.59274 -1.11086 0.606549 0.0662777 -1.38233 -1.96054 -1.13132 -0.4772 
1.08322 -1.91433 -1.64018 1.31815 -1.2333 -1.44079 1.56745 -1.11086 0.606549 0.0662777 -1.38233 -1.96054 -1.13132 -0.4772 
1.08144 -1.9141 -1.64029 1.31239 -1.23281 -1.44912 1.54567 -1.11086 0.606549 0.0662777 -1.38233 -1.96054 -1.13132 -0.4772 
1.08077 -1.91212 -1.63866 1.30652 -1.22962 -1.45685 1.52448 -1.11086 0.606549 0.0662777 -1.38233 -1.96054 -1.13132 -0.4772 
1.08046 -1.91091 -1.63764 1.30302 -1.22688 -1.46317 1.51011 -1.11086 0.606549 0.0662777 -1.38233 -1.96054 -1.13132 -0.4772 
1.08012 -1.91194 -1.63808 1.30307 -1.2276 -1.46734 1.5009 -1.11086 0.606549 0.0662777 -1.38233 -1.96054 -1.13132 -0.4772 
1.08037 -1.90992 -1.63615 1.30012 -1.22309 -1.47288 1.49028 -1.11086 0.606549 0.0662777 -1.38233 -1.96054 -1.13132 -0.4772 
1.08039 -1.90824 -1.6345 1.29709 -1.21717 -1.4796 1.48291 -1.11086 0.606549 0.0662777 -1.38233 -1.96054 -1.13132 -0.4772 
1.08128 -1.90787 -1.63385 1.29825 -1.21458 -1.48294 1.47972 -1.11086 0.606549 0.0662777 -1.38233 -1.96054 -1.13132 -0.4772 
1.08295 -1.9064 -1.63191 1.29862 -1.20976 -1.486 1.47719 -1.11086 0.606549 0.0662777 -1.38233 -1.96054 -1.13132 -0.4772 
1.08457 -1.90802 -1.6323 1.30352 -1.21074 -1.48522 1.48025 -1.11086 0.606549 0.0662777 -1.38233 -1.96054 -1.13132 -0.4772 
1.08631 -1.90909 -1.63196 1.30736 -1.20959 -1.48623 1.48271 -1.11086 0.606549 0.0662777 -1.38233 -1.96054 -1.13132 -0.4772 
1.08933 -1.90493 -1.6265 1.3057 -1.19864 -1.48991 1.48033 -1.11086 0.606549 0.0662777 -1.38233 -1.96054 -1.13132 -0.4772 
1.09219 -1.89961 -1.62012 1.30173 -1.18546 -1.49545 1.47602 -1.11086 0.606549 0.0662777 -1.38233 -1.96054 -1.13132 -0.4772 
1.09439 -1.8961 -1.61571 1.29975 -1.17639 -1.49908 1.474 -1.11086 0.606549 0.0662777 -1.38233 -1.96054 -1.13132 -0.4772 
1.09623 -1.89135 -1.61038 1.29508 -1.16557 -1.50421 1.46739 -1.11086 0.606549 0.0662777 -1.38233 -1.96054 -1.13132 -0.4772 
1.09851 -1.88559 -1.60431 1.29023 -1.15432 -1.50872 1.45995 -1.11086 0.606549 0.0662777 -1.38233 -1.96054 -1.13132 -0.4772 
1.10117 -1.8804 -1.59879 1.28733 -1.14497 -1.51096 1.45473 -1.11086 0.606549 0.0662777 -1.38233 -1.96054 -1.13132 -0.4772 
1.10336 -1.87426 -1.59253 1.28226 -1.13307 -1.51551 1.44829 -1.11086 0.606549 0.0662777 -1.38233 -1.96054 -1.13132 -0.4772 
1.10488 -1.86712 -1.58611 1.27457 -1.11936 -1.52274 1.43917 -1.11086 0.606549 0.0662777 -1.38233 -1.96054 -1.13132 -0.4772 
1.10557 -1.8634 -1.58191 1.26972 -1.10965 -1.52837 1.43545 -1.11086 0.606549 0.0662777 -1.38233 -1.96054 -1.13132 -0.4772 
1.10609 -1.86032 -1.57826 1.26549 -1.10113 -1.53368 1.43269 -1.11086 0.606549 0.0662777 -1.38233 -1.96054 -1.13132 -0.4772 
1.10639 -1.85658 -1.57442 1.26059 -1.09187 -1.53925 1.42943 -1.11086 0.606549 0.0662777 -1.38233 -1.96054 -1.13132 -0.4772 
1.10536 -1.85424 -1.57222 1.25495 -1.08324 -1.54679 1.42821 -1.11086 0.606549 0.0662777 -1.38233 -1.96054 -1.13132 -0.4772 
1.10614 -1.85106 -1.56938 1.25225 -1.07668 -1.54894 1.42838 -1.11086 0.606549 0.0662777 -1.38233 -1.96054 -1.13132 -0.4772 
1.10695 -1.84869 -1.56763 1.25081 -1.07328 -1.54913 1.4271 -1.11086 0.606549 0.0662777 -1.38233 -1.96054 -1.13132 -0.4772 
1.10861 -1.84564 -1.56457 1.25093 -1.06188 -1.55211 1.43847 -1.11086 0.606549 0.0662777 -1.38233 -1.96054 -1.13132 -0.4772 
1.11159 -1.84719 -1.56502 1.25846 -1.06765 -1.54367 1.44222 -1.11086 0.606549 0.0662777 -1.38233 -1.96054 -1.13132 -0.4772 
1.10928 -1.84487 -1.56394 1.25112 -1.0607 -1.55168 1.4396 -1.11086 0.606549 0.0662777 -1.38233 -1.96054 -1.13132 -0.4772 
1.11223 -1.84449 -1.56304 1.25647 -1.06372 -1.54476 1.44054 -1.11086 0.606549 0.0662777 -1.38233 -1.96054 -1.13132 -0.4772 
1.11091 -1.84814 -1.56575 1.25806 -1.06759 -1.54521 1.44343 -1.11086 0.606549 0.0662777 -1.38233 -1.96054 -1.13132 -0.4772 
1.11031 -1.84977 -1.56699 1.25878 -1.06962 -1.5452 1.44482 -1.11086 0.606549 0.0662777 -1.38233 -1.96054 -1.13132 -0.4772 
1.11324 -1.84593 -1.56356 1.25975 -1.06709 -1.54139 1.44212 -1.11086 0.606549 0.0662777 -1.38233 -1.96054 -1.13132 -0.4772 
1.11308 -1.84775 -1.56462 1.26176 -1.06971 -1.54017 1.44418 -1.11086 0.606549 0.0662777 -1.38233 -1.96054 -1.13132 -0.4772 
1.11123 -1.85113 -1.56729 1.26239 -1.07282 -1.54138 1.44713 -1.11086 0.606549 0.0662777 -1.38233 -1.96054 -1.13132 -0.4772 
1.10831 -1.84679 -1.56517 1.25144 -1.06219 -1.55285 1.44133 -1.11086 0.606549 0.0662777 -1.38233 -1.96054 -1.13132 -0.4772 
1.11014 -1.84494 -1.56364 1.25311 -1.06199 -1.54953 1.4403 -1.11086 0.606549 0.0662777 -1.38233 -1.96054 -1.13132 -0.4772 
1.0944 -1.85432 -1.6661 1.40419 -1.20405 -1.18564 2.03542 -1.11086 0.606549 0.0662777 -1.38233 -1.96054 -1.13132 -0.4772 
