0.801533 -1.02325 -0.570756 1.51488 -2.30772 -1.80136 1.86795 -1.11007 0.610447 0.0654194 -1.37338 -1.9629 -1.13369 -0.471729 
0.788979 -1.03949 -0.570119 1.48799 -2.30932 -1.79275 1.86805 -1.11086 0.606558 0.0662759 -1.38231 -1.96055 -1.13132 -0.477188 
0.787117 -1.04522 -0.568471 1.48249 -2.30509 -1.80081 1.87103 -1.11086 0.606549 0.0662777 -1.38233 -1.96054 -1.13132 -0.4772 
0.788352 -1.04625 -0.567742 1.48015 -2.30304 -1.80084 1.86658 -1.11086 0.606549 0.0662777 -1.38233 -1.96054 -1.13132 -0.4772 
0.791941 -1.04454 -0.565891 1.48173 -2.30062 -1.79808 1.85948 -1.11086 0.606549 0.0662777 -1.38233 -1.96054 -1.13132 -0.4772 
0.795903 -1.04151 -0.565222 1.48819 -2.2983 -1.80139 1.85752 -1.11086 0.606549 0.0662777 -1.38233 -1.96054 -1.13132 -0.4772 
0.799798 -1.03684 -0.563965 1.49488 -2.29517 -1.80258 1.85429 -1.11086 0.606549 0.0662777 -1.38233 -1.96054 -1.13132 -0.4772 
0.802626 -1.03306 -0.563679 1.5009 -2.29397 -1.80286 1.85223 -1.11086 0.606549 0.0662777 -1.38233 -1.96054 -1.13132 -0.4772 
0.803621 -1.03309 -0.563486 1.50274 -2.29249 -1.80631 1.85253 -1.11086 0.606549 0.0662777 -1.38233 -1.96054 -1.13132 -0.4772 
0.80436 -1.03309 -0.562528 1.50428 -2.29007 -1.80904 1.85239 -1.11086 0.606549 0.0662777 -1.38233 -1.96054 -1.13132 -0.4772 
0.805435 -1.03289 -0.562807 1.50597 -2.28935 -1.81106 1.8516 -1.11086 0.606549 0.0662777 -1.38233 -1.96054 -1.13132 -0.4772 
0.806606 -1.03143 -0.563299 1.50907 -2.29072 -1.81022 1.85133 -1.11086 0.606549 0.0662777 -1.38233 -1.96054 -1.13132 -0.4772 
0.807011 -1.03175 -0.563817 1.50975 -2.29089 -1.81158 1.85176 -1.11086 0.606549 0.0662777 -1.38233 -1.96054 -1.13132 -0.4772 
0.807797 -1.03062 -0.563926 1.51067 -2.29087 -1.81103 1.85052 -1.11086 0.606549 0.0662777 -1.38233 -1.96054 -1.13132 -0.4772 
0.808715 -1.0306 -0.562895 1.51143 -2.28801 -1.81373 1.84961 -1.11086 0.606549 0.0662777 -1.38233 -1.96054 -1.13132 -0.4772 
0.810878 -1.02897 -0.562857 1.51508 -2.28741 -1.81423 1.84776 -1.11086 0.606549 0.0662777 -1.38233 -1.96054 -1.13132 -0.4772 
0.812948 -1.02676 -0.562345 1.51848 -2.28547 -1.8159 1.84642 -1.11086 0.606549 0.0662777 -1.38233 -1.96054 -1.13132 -0.4772 
0.813925 -1.02515 -0.562315 1.52086 -2.28493 -1.81666 1.84617 -1.11086 0.606549 0.0662777 -1.38233 -1.96054 -1.13132 -0.4772 
0.814167 -1.02464 -0.562826 1.52231 -2.28595 -1.81628 1.84645 -1.11086 0.606549 0.0662777 -1.38233 -1.96054 -1.13132 -0.4772 
0.813884 -1.02501 -0.562826 1.52217 -2.28638 -1.81628 1.84712 -1.11086 0.606549 0.0662777 -1.38233 -1.96054 -1.13132 -0.4772 
0.813771 -1.02661 -0.56262 1.52095 -2.2846 -1.81938 1.84708 -1.11086 0.606549 0.0662777 -1.38233 -1.96054 -1.13132 -0.4772 
0.814093 -1.02539 -0.56295 1.52199 -2.28601 -1.81723 1.84679 -1.11086 0.606549 0.0662777 -1.38233 -1.96054 -1.13132 -0.4772 
0.813689 -1.02656 -0.562978 1.5211 -2.2857 -1.81875 1.84728 -1.11086 0.606549 0.0662777 -1.38233 -1.96054 -1.13132 -0.4772 
0.81366 -1.02647 -0.563046 1.52127 -2.28596 -1.81859 1.84738 -1.11086 0.606549 0.0662777 -1.38233 -1.96054 -1.13132 -0.4772 
0.81363 -1.02679 -0.563132 1.52167 -2.28624 -1.81873 1.84758 -1.11086 0.606549 0.0662777 -1.38233 -1.96054 -1.13132 -0.4772 
0.813872 -1.02569 -0.562852 1.52219 -2.28634 -1.81728 1.84717 -1.11086 0.606549 0.0662777 -1.38233 -1.96054 -1.13132 -0.4772 
0.813503 -1.02678 -0.56273 1.52146 -2.28559 -1.81885 1.84806 -1.11086 0.606549 0.0662777 -1.38233 -1.96054 -1.13132 -0.4772 
0.814157 -1.02556 -0.5634 1.52308 -2.28753 -1.81625 1.8473 -1.11086 0.606549 0.0662777 -1.38233 -1.96054 -1.13132 -0.4772 
0.813989 -1.02604 -0.563109 1.52189 -2.28625 -1.81712 1.84654 -1.11086 0.606549 0.0662777 -1.38233 -1.96054 -1.13132 -0.4772 
0.814361 -1.0252 -0.562526 1.52157 -2.28477 -1.81581 1.8445 -1.11086 0.606549 0.0662777 -1.38233 -1.96054 -1.13132 -0.4772 
0.814674 -1.02435 -0.563194 1.52292 -2.2865 -1.8137 1.84377 -1.11086 0.606549 0.0662777 -1.38233 -1.96054 -1.13132 -0.4772 
0.814939 -1.02416 -0.563238 1.52327 -2.28683 -1.81278 1.84325 -1.11086 0.606549 0.0662777 -1.38233 -1.96054 -1.13132 -0.4772 
0.814767 -1.02493 -0.563827 1.52254 -2.28706 -1.81416 1.8438 -1.11086 0.606549 0.0662777 -1.38233 -1.96054 -1.13132 -0.4772 
0.814801 -1.02588 -0.564721 1.52264 -2.28843 -1.81575 1.84494 -1.11086 0.606549 0.0662777 -1.38233 -1.96054 -1.13132 -0.4772 
0.814721 -1.02543 -0.564 1.52271 -2.28768 -1.81538 1.84465 -1.11086 0.606549 0.0662777 -1.38233 -1.96054 -1.13132 -0.4772 
0.814836 -1.02575 -0.564394 1.52243 -2.28778 -1.81542 1.84413 -1.11086 0.606549 0.0662777 -1.38233 -1.96054 -1.13132 -0.4772 
0.814582 -1.02507 -0.563538 1.52236 -2.28691 -1.81474 1.84469 -1.11086 0.606549 0.0662777 -1.38233 -1.96054 -1.13132 -0.4772 
0.814733 -1.02608 -0.564596 1.52219 -2.28774 -1.81576 1.84382 -1.11086 0.606549 0.0662777 -1.38233 -1.96054 -1.13132 -0.4772 
0.814432 -1.02523 -0.56347 1.52196 -2.28625 -1.81502 1.84436 -1.11086 0.606549 0.0662777 -1.38233 -1.96054 -1.13132 -0.4772 
0.81436 -1.02593 -0.563032 1.52128 -2.28513 -1.81629 1.84473 -1.11086 0.606549 0.0662777 -1.38233 -1.96054 -1.13132 -0.4772 
0.814284 -1.02448 -0.562021 1.52172 -2.28434 -1.81432 1.84432 -1.11086 0.606549 0.0662777 -1.38233 -1.96054 -1.13132 -0.4772 
1.08946 -0.673761 -0.596887 1.98604 -2.29432 -1.95884 1.78453 -1.11086 0.606549 0.0662777 -1.38233 -1.96054 -1.13132 -0.4772 
