1.01013 -1.12532 -0.903021 1.57045 -2.08907 -1.5563 2.0228 -1.11007 0.610447 0.0654194 -1.37338 -1.9629 -1.13369 -0.471729 
0.986846 -1.14223 -0.897533 1.53317 -2.0898 -1.54261 2.01968 -1.11086 0.606555 0.0662764 -1.38232 -1.96055 -1.13132 -0.477192 
0.974975 -1.16187 -0.898969 1.51384 -2.08086 -1.56698 2.02653 -1.11086 0.606549 0.0662777 -1.38233 -1.96054 -1.13132 -0.4772 
0.973537 -1.16505 -0.897851 1.5077 -2.07583 -1.56949 2.02002 -1.11086 0.606549 0.0662777 -1.38233 -1.96054 -1.13132 -0.4772 
0.976256 -1.16564 -0.897655 1.50784 -2.07488 -1.56957 2.01448 -1.11086 0.606549 0.0662777 -1.38233 -1.96054 -1.13132 -0.4772 
0.981355 -1.16332 -0.897955 1.51422 -2.07361 -1.57171 2.01132 -1.11086 0.606549 0.0662777 -1.38233 -1.96054 -1.13132 -0.4772 
0.985601 -1.15966 -0.897167 1.51937 -2.06966 -1.57329 2.00805 -1.11086 0.606549 0.0662777 -1.38233 -1.96054 -1.13132 -0.4772 
0.98978 -1.15548 -0.896861 1.52531 -2.06854 -1.57212 2.00503 -1.11086 0.606549 0.0662777 -1.38233 -1.96054 -1.13132 -0.4772 
0.99178 -1.1551 -0.898065 1.5291 -2.06959 -1.57405 2.0055 -1.11086 0.606549 0.0662777 -1.38233 -1.96054 -1.13132 -0.4772 
0.992512 -1.15519 -0.897225 1.52985 -2.0664 -1.57696 2.00552 -1.11086 0.606549 0.0662777 -1.38233 -1.96054 -1.13132 -0.4772 
0.993324 -1.15507 -0.896823 1.53131 -2.06509 -1.57818 2.00516 -1.11086 0.606549 0.0662777 -1.38233 -1.96054 -1.13132 -0.4772 
0.994337 -1.15471 -0.897106 1.53288 -2.06476 -1.57861 2.00444 -1.11086 0.606549 0.0662777 -1.38233 -1.96054 -1.13132 -0.4772 
0.994987 -1.15449 -0.897363 1.53374 -2.06437 -1.57969 2.00386 -1.11086 0.606549 0.0662777 -1.38233 -1.96054 -1.13132 -0.4772 
0.995586 -1.15503 -0.89713 1.53385 -2.06287 -1.58144 2.00282 -1.11086 0.606549 0.0662777 -1.38233 -1.96054 -1.13132 -0.4772 
0.997558 -1.15314 -0.897471 1.53653 -2.06343 -1.58034 2.00127 -1.11086 0.606549 0.0662777 -1.38233 -1.96054 -1.13132 -0.4772 
1.00006 -1.1519 -0.897073 1.53947 -2.06185 -1.58154 1.99943 -1.11086 0.606549 0.0662777 -1.38233 -1.96054 -1.13132 -0.4772 
1.00161 -1.15171 -0.896637 1.54103 -2.05855 -1.58504 1.99846 -1.11086 0.606549 0.0662777 -1.38233 -1.96054 -1.13132 -0.4772 
1.00322 -1.15058 -0.897145 1.54444 -2.05907 -1.58549 1.99858 -1.11086 0.606549 0.0662777 -1.38233 -1.96054 -1.13132 -0.4772 
1.00276 -1.15227 -0.897896 1.54405 -2.05908 -1.58885 2.00038 -1.11086 0.606549 0.0662777 -1.38233 -1.96054 -1.13132 -0.4772 
1.00234 -1.15316 -0.898026 1.54363 -2.05904 -1.5898 2.00109 -1.11086 0.606549 0.0662777 -1.38233 -1.96054 -1.13132 -0.4772 
1.00203 -1.15393 -0.898008 1.54309 -2.05808 -1.59151 2.00205 -1.11086 0.606549 0.0662777 -1.38233 -1.96054 -1.13132 -0.4772 
1.00182 -1.15453 -0.898 1.54295 -2.05804 -1.59243 2.00298 -1.11086 0.606549 0.0662777 -1.38233 -1.96054 -1.13132 -0.4772 
1.00166 -1.15454 -0.897704 1.54236 -2.05709 -1.59298 2.00285 -1.11086 0.606549 0.0662777 -1.38233 -1.96054 -1.13132 -0.4772 
1.00189 -1.15441 -0.898029 1.54311 -2.05831 -1.59188 2.00277 -1.11086 0.606549 0.0662777 -1.38233 -1.96054 -1.13132 -0.4772 
1.00189 -1.15429 -0.898 1.54336 -2.05874 -1.59187 2.00312 -1.11086 0.606549 0.0662777 -1.38233 -1.96054 -1.13132 -0.4772 
1.00149 -1.15533 -0.897631 1.54227 -2.05728 -1.59314 2.00284 -1.11086 0.606549 0.0662777 -1.38233 -1.96054 -1.13132 -0.4772 
1.00171 -1.15493 -0.898295 1.54293 -2.05863 -1.59257 2.00403 -1.11086 0.606549 0.0662777 -1.38233 -1.96054 -1.13132 -0.4772 
1.00176 -1.15514 -0.897797 1.54273 -2.05774 -1.59236 2.00231 -1.11086 0.606549 0.0662777 -1.38233 -1.96054 -1.13132 -0.4772 
1.00263 -1.15268 -0.897601 1.54384 -2.0585 -1.58878 2.00032 -1.11086 0.606549 0.0662777 -1.38233 -1.96054 -1.13132 -0.4772 
1.00296 -1.15254 -0.898048 1.5439 -2.05926 -1.58805 1.9992 -1.11086 0.606549 0.0662777 -1.38233 -1.96054 -1.13132 -0.4772 
1.00303 -1.15244 -0.898506 1.54429 -2.06038 -1.58756 1.99856 -1.11086 0.606549 0.0662777 -1.38233 -1.96054 -1.13132 -0.4772 
1.00256 -1.15362 -0.898289 1.54303 -2.05939 -1.58946 1.99865 -1.11086 0.606549 0.0662777 -1.38233 -1.96054 -1.13132 -0.4772 
1.00261 -1.15367 -0.89832 1.54336 -2.05975 -1.5897 1.99988 -1.11086 0.606549 0.0662777 -1.38233 -1.96054 -1.13132 -0.4772 
1.00256 -1.15373 -0.898092 1.54304 -2.05939 -1.58946 1.99879 -1.11086 0.606549 0.0662777 -1.38233 -1.96054 -1.13132 -0.4772 
1.00212 -1.15474 -0.898325 1.54246 -2.05921 -1.59109 1.99973 -1.11086 0.606549 0.0662777 -1.38233 -1.96054 -1.13132 -0.4772 
1.00235 -1.15428 -0.898811 1.54341 -2.06086 -1.59013 2.00013 -1.11086 0.606549 0.0662777 -1.38233 -1.96054 -1.13132 -0.4772 
1.00206 -1.15433 -0.898201 1.54267 -2.05945 -1.59061 1.99908 -1.11086 0.606549 0.0662777 -1.38233 -1.96054 -1.13132 -0.4772 
1.00259 -1.15388 -0.899076 1.54365 -2.06149 -1.5898 1.99939 -1.11086 0.606549 0.0662777 -1.38233 -1.96054 -1.13132 -0.4772 
1.00246 -1.154 -0.898361 1.54328 -2.06041 -1.58978 1.99912 -1.11086 0.606549 0.0662777 -1.38233 -1.96054 -1.13132 -0.4772 
1.00254 -1.15345 -0.898617 1.54326 -2.06068 -1.5895 1.99923 -1.11086 0.606549 0.0662777 -1.38233 -1.96054 -1.13132 -0.4772 
1.00211 -1.15433 -0.89817 1.54262 -2.0596 -1.59075 1.99936 -1.11086 0.606549 0.0662777 -1.38233 -1.96054 -1.13132 -0.4772 
1.36705 -0.870942 -0.995066 1.98693 -2.07551 -1.71705 1.95849 -1.11086 0.606549 0.0662777 -1.38233 -1.96054 -1.13132 -0.4772 
1.02045 -1.1403 -0.904943 1.5749 -2.06776 -1.6035 2.00892 -1.11086 0.606549 0.0662777 -1.38233 -1.96054 -1.13132 -0.4772 
1.00369 -1.15432 -0.901757 1.54829 -2.06766 -1.59725 2.0065 -1.11086 0.606549 0.0662777 -1.38233 -1.96054 -1.13132 -0.4772 
1.00176 -1.15612 -0.901343 1.54565 -2.06738 -1.59763 2.00767 -1.11086 0.606549 0.0662777 -1.38233 -1.96054 -1.13132 -0.4772 
0.999951 -1.15906 -0.901206 1.54343 -2.06574 -1.60131 2.00906 -1.11086 0.606549 0.0662777 -1.38233 -1.96054 -1.13132 -0.4772 
1.00024 -1.15851 -0.901307 1.54328 -2.06567 -1.6011 2.009 -1.11086 0.606549 0.0662777 -1.38233 -1.96054 -1.13132 -0.4772 
1.00061 -1.15749 -0.901559 1.54489 -2.06757 -1.59883 2.00895 -1.11086 0.606549 0.0662777 -1.38233 -1.96054 -1.13132 -0.4772 
1.00069 -1.15759 -0.901876 1.54544 -2.06815 -1.59857 2.00865 -1.11086 0.606549 0.0662777 -1.38233 -1.96054 -1.13132 -0.4772 
1.00098 -1.15629 -0.901116 1.54528 -2.0676 -1.5975 2.00862 -1.11086 0.606549 0.0662777 -1.38233 -1.96054 -1.13132 -0.4772 
1.00097 -1.15614 -0.900585 1.54476 -2.0662 -1.59755 2.00765 -1.11086 0.606549 0.0662777 -1.38233 -1.96054 -1.13132 -0.4772 
1.00141 -1.15546 -0.9008 1.5453 -2.06688 -1.59661 2.00754 -1.11086 0.606549 0.0662777 -1.38233 -1.96054 -1.13132 -0.4772 
1.00077 -1.15658 -0.900694 1.54443 -2.06589 -1.5985 2.00776 -1.11086 0.606549 0.0662777 -1.38233 -1.96054 -1.13132 -0.4772 
1.0017 -1.15556 -0.90151 1.54555 -2.06858 -1.59478 2.00481 -1.11086 0.606549 0.0662777 -1.38233 -1.96054 -1.13132 -0.4772 
1.00185 -1.15524 -0.901606 1.54564 -2.06864 -1.59426 2.00394 -1.11086 0.606549 0.0662777 -1.38233 -1.96054 -1.13132 -0.4772 
1.00215 -1.1551 -0.901504 1.54613 -2.0692 -1.59369 2.00441 -1.11086 0.606549 0.0662777 -1.38233 -1.96054 -1.13132 -0.4772 
1.00233 -1.15438 -0.901585 1.54634 -2.0694 -1.59227 2.00278 -1.11086 0.606549 0.0662777 -1.38233 -1.96054 -1.13132 -0.4772 
1.00214 -1.15509 -0.902022 1.54567 -2.06947 -1.59339 2.00324 -1.11086 0.606549 0.0662777 -1.38233 -1.96054 -1.13132 -0.4772 
1.00228 -1.15443 -0.900894 1.54533 -2.06761 -1.59342 2.00264 -1.11086 0.606549 0.0662777 -1.38233 -1.96054 -1.13132 -0.4772 
1.00202 -1.15459 -0.900493 1.54503 -2.06693 -1.59396 2.00301 -1.11086 0.606549 0.0662777 -1.38233 -1.96054 -1.13132 -0.4772 
1.00217 -1.15457 -0.901517 1.54549 -2.06874 -1.59355 2.00339 -1.11086 0.606549 0.0662777 -1.38233 -1.96054 -1.13132 -0.4772 
1.00189 -1.15464 -0.901305 1.54507 -2.06833 -1.59368 2.00355 -1.11086 0.606549 0.0662777 -1.38233 -1.96054 -1.13132 -0.4772 
1.0017 -1.15572 -0.902314 1.55173 -2.07259 -1.59813 2.01662 -1.11086 0.606549 0.0662777 -1.38233 -1.96054 -1.13132 -0.4772 
0.999249 -1.1594 -0.902251 1.55732 -2.07447 -1.6095 2.03875 -1.11086 0.606549 0.0662777 -1.38233 -1.96054 -1.13132 -0.4772 
0.996288 -1.16409 -0.902988 1.56391 -2.07818 -1.62202 2.06391 -1.11086 0.606549 0.0662777 -1.38233 -1.96054 -1.13132 -0.4772 
0.991758 -1.16987 -0.903073 1.56919 -2.08097 -1.63714 2.09378 -1.11086 0.606549 0.0662777 -1.38233 -1.96054 -1.13132 -0.4772 
0.986329 -1.17538 -0.90277 1.57465 -2.08453 -1.65181 2.12686 -1.11086 0.606549 0.0662777 -1.38233 -1.96054 -1.13132 -0.4772 
0.979369 -1.18211 -0.900257 1.57786 -2.08387 -1.66951 2.16279 -1.11086 0.606549 0.0662777 -1.38233 -1.96054 -1.13132 -0.4772 
0.971835 -1.18622 -0.898223 1.58135 -2.08658 -1.68352 2.20179 -1.11086 0.606549 0.0662777 -1.38233 -1.96054 -1.13132 -0.4772 
0.962089 -1.19449 -0.896586 1.58368 -2.08969 -1.70277 2.2457 -1.11086 0.606549 0.0662777 -1.38233 -1.96054 -1.13132 -0.4772 
0.951231 -1.20214 -0.892742 1.58466 -2.09084 -1.72131 2.29179 -1.11086 0.606549 0.0662777 -1.38233 -1.96054 -1.13132 -0.4772 
0.940241 -1.20805 -0.887991 1.5847 -2.09123 -1.73699 2.33727 -1.11086 0.606549 0.0662777 -1.38233 -1.96054 -1.13132 -0.4772 
