1.16769 -1.52967 -1.45113 1.54257 -1.61727 -1.08183 2.1227 -1.11046 0.608541 0.0658396 -1.37776 -1.96175 -1.13253 -0.474404 
1.15162 -1.5475 -1.42543 1.47161 -1.57795 -1.10645 2.0638 -1.11086 0.60655 0.0662776 -1.38233 -1.96054 -1.13132 -0.4772 
1.14786 -1.5526 -1.4241 1.46393 -1.57241 -1.11502 2.0659 -1.11086 0.606549 0.0662777 -1.38233 -1.96054 -1.13132 -0.4772 
1.14638 -1.55411 -1.421 1.45711 -1.56151 -1.12451 2.06034 -1.11086 0.606549 0.0662777 -1.38233 -1.96054 -1.13132 -0.4772 
1.14727 -1.55379 -1.42182 1.45862 -1.5644 -1.12228 2.06203 -1.11086 0.606549 0.0662777 -1.38233 -1.96054 -1.13132 -0.4772 
1.14748 -1.55583 -1.42429 1.46115 -1.56943 -1.12157 2.06656 -1.11086 0.606549 0.0662777 -1.38233 -1.96054 -1.13132 -0.4772 
1.15029 -1.55165 -1.42116 1.45973 -1.56477 -1.11956 2.05669 -1.11086 0.606549 0.0662777 -1.38233 -1.96054 -1.13132 -0.4772 
1.15167 -1.55182 -1.42073 1.45871 -1.56327 -1.1211 2.05068 -1.11086 0.606549 0.0662777 -1.38233 -1.96054 -1.13132 -0.4772 
1.15437 -1.55122 -1.4213 1.46184 -1.56667 -1.11773 2.05162 -1.11086 0.606549 0.0662777 -1.38233 -1.96054 -1.13132 -0.4772 
1.15651 -1.55246 -1.42122 1.46385 -1.56513 -1.1206 2.05243 -1.11086 0.606549 0.0662777 -1.38233 -1.96054 -1.13132 -0.4772 
1.16081 -1.54906 -1.41922 1.46757 -1.56243 -1.11861 2.04786 -1.11086 0.606549 0.0662777 -1.38233 -1.96054 -1.13132 -0.4772 
1.16438 -1.54634 -1.41765 1.47002 -1.559 -1.11862 2.04247 -1.11086 0.606549 0.0662777 -1.38233 -1.96054 -1.13132 -0.4772 
1.16698 -1.54625 -1.41845 1.474 -1.56074 -1.11773 2.04332 -1.11086 0.606549 0.0662777 -1.38233 -1.96054 -1.13132 -0.4772 
1.16975 -1.54515 -1.41891 1.47815 -1.56365 -1.11437 2.04492 -1.11086 0.606549 0.0662777 -1.38233 -1.96054 -1.13132 -0.4772 
1.17088 -1.54472 -1.41746 1.47871 -1.55998 -1.1164 2.04075 -1.11086 0.606549 0.0662777 -1.38233 -1.96054 -1.13132 -0.4772 
1.17187 -1.54609 -1.41819 1.48092 -1.56152 -1.11697 2.04281 -1.11086 0.606549 0.0662777 -1.38233 -1.96054 -1.13132 -0.4772 
1.17355 -1.54471 -1.41768 1.48253 -1.56143 -1.11528 2.04122 -1.11086 0.606549 0.0662777 -1.38233 -1.96054 -1.13132 -0.4772 
1.17402 -1.54603 -1.41895 1.4841 -1.56292 -1.11641 2.0432 -1.11086 0.606549 0.0662777 -1.38233 -1.96054 -1.13132 -0.4772 
1.17401 -1.54729 -1.41997 1.48471 -1.56315 -1.11839 2.04454 -1.11086 0.606549 0.0662777 -1.38233 -1.96054 -1.13132 -0.4772 
1.17497 -1.54658 -1.41947 1.48549 -1.56261 -1.11804 2.04326 -1.11086 0.606549 0.0662777 -1.38233 -1.96054 -1.13132 -0.4772 
1.17658 -1.54489 -1.4188 1.48708 -1.56267 -1.11581 2.04245 -1.11086 0.606549 0.0662777 -1.38233 -1.96054 -1.13132 -0.4772 
1.17741 -1.5442 -1.41829 1.4877 -1.56215 -1.11535 2.0408 -1.11086 0.606549 0.0662777 -1.38233 -1.96054 -1.13132 -0.4772 
1.17859 -1.54305 -1.41793 1.48853 -1.56218 -1.11392 2.0399 -1.11086 0.606549 0.0662777 -1.38233 -1.96054 -1.13132 -0.4772 
1.1789 -1.54299 -1.4173 1.48854 -1.56062 -1.11474 2.03821 -1.11086 0.606549 0.0662777 -1.38233 -1.96054 -1.13132 -0.4772 
1.17962 -1.54221 -1.41673 1.48935 -1.55985 -1.11437 2.03652 -1.11086 0.606549 0.0662777 -1.38233 -1.96054 -1.13132 -0.4772 
1.1796 -1.54266 -1.4168 1.48955 -1.55946 -1.11527 2.03717 -1.11086 0.606549 0.0662777 -1.38233 -1.96054 -1.13132 -0.4772 
1.17957 -1.54399 -1.41776 1.49014 -1.56091 -1.11605 2.0386 -1.11086 0.606549 0.0662777 -1.38233 -1.96054 -1.13132 -0.4772 
1.18044 -1.54255 -1.41657 1.49002 -1.55882 -1.11584 2.03558 -1.11086 0.606549 0.0662777 -1.38233 -1.96054 -1.13132 -0.4772 
1.18206 -1.54253 -1.41734 1.49281 -1.56117 -1.11431 2.03713 -1.11086 0.606549 0.0662777 -1.38233 -1.96054 -1.13132 -0.4772 
1.18272 -1.54429 -1.41812 1.49408 -1.56118 -1.11679 2.038 -1.11086 0.606549 0.0662777 -1.38233 -1.96054 -1.13132 -0.4772 
1.18464 -1.5433 -1.41751 1.49572 -1.56104 -1.11563 2.03677 -1.11086 0.606549 0.0662777 -1.38233 -1.96054 -1.13132 -0.4772 
1.18676 -1.54157 -1.41686 1.49738 -1.56014 -1.1144 2.03408 -1.11086 0.606549 0.0662777 -1.38233 -1.96054 -1.13132 -0.4772 
1.18746 -1.54124 -1.416 1.49766 -1.55702 -1.1167 2.032 -1.11086 0.606549 0.0662777 -1.38233 -1.96054 -1.13132 -0.4772 
1.18814 -1.54165 -1.4158 1.49889 -1.55646 -1.11749 2.03295 -1.11086 0.606549 0.0662777 -1.38233 -1.96054 -1.13132 -0.4772 
1.18878 -1.54188 -1.41619 1.49991 -1.55668 -1.11826 2.03281 -1.11086 0.606549 0.0662777 -1.38233 -1.96054 -1.13132 -0.4772 
1.18857 -1.54245 -1.41619 1.49948 -1.55608 -1.11946 2.0325 -1.11086 0.606549 0.0662777 -1.38233 -1.96054 -1.13132 -0.4772 
1.18921 -1.54124 -1.41571 1.5 -1.55569 -1.11845 2.03131 -1.11086 0.606549 0.0662777 -1.38233 -1.96054 -1.13132 -0.4772 
1.18939 -1.54266 -1.41683 1.50151 -1.55888 -1.11732 2.03428 -1.11086 0.606549 0.0662777 -1.38233 -1.96054 -1.13132 -0.4772 
1.18901 -1.54345 -1.41783 1.50212 -1.56153 -1.11665 2.03636 -1.11086 0.606549 0.0662777 -1.38233 -1.96054 -1.13132 -0.4772 
1.18874 -1.54257 -1.41689 1.50081 -1.55881 -1.11777 2.03458 -1.11086 0.606549 0.0662777 -1.38233 -1.96054 -1.13132 -0.4772 
1.18928 -1.54204 -1.41666 1.50123 -1.55886 -1.11721 2.03398 -1.11086 0.606549 0.0662777 -1.38233 -1.96054 -1.13132 -0.4772 
1.18887 -1.54276 -1.41697 1.50124 -1.55946 -1.11784 2.03455 -1.11086 0.606549 0.0662777 -1.38233 -1.96054 -1.13132 -0.4772 
1.18926 -1.54213 -1.41646 1.50099 -1.55809 -1.11784 2.03347 -1.11086 0.606549 0.0662777 -1.38233 -1.96054 -1.13132 -0.4772 
1.18891 -1.54267 -1.41654 1.50072 -1.55763 -1.11855 2.03351 -1.11086 0.606549 0.0662777 -1.38233 -1.96054 -1.13132 -0.4772 
1.189 -1.54201 -1.41599 1.50029 -1.55671 -1.11851 2.03282 -1.11086 0.606549 0.0662777 -1.38233 -1.96054 -1.13132 -0.4772 
1.18883 -1.54293 -1.41663 1.50081 -1.55774 -1.11868 2.03425 -1.11086 0.606549 0.0662777 -1.38233 -1.96054 -1.13132 -0.4772 
1.18918 -1.5426 -1.41661 1.50105 -1.55853 -1.11775 2.03365 -1.11086 0.606549 0.0662777 -1.38233 -1.96054 -1.13132 -0.4772 
1.18907 -1.54255 -1.41679 1.50111 -1.55851 -1.11787 2.03425 -1.11086 0.606549 0.0662777 -1.38233 -1.96054 -1.13132 -0.4772 
1.18904 -1.5427 -1.41637 1.50065 -1.55774 -1.11847 2.03396 -1.11086 0.606549 0.0662777 -1.38233 -1.96054 -1.13132 -0.4772 
1.18923 -1.54236 -1.41689 1.5015 -1.55952 -1.11686 2.03434 -1.11086 0.606549 0.0662777 -1.38233 -1.96054 -1.13132 -0.4772 
1.18894 -1.54239 -1.41632 1.50075 -1.558 -1.11778 2.03397 -1.11086 0.606549 0.0662777 -1.38233 -1.96054 -1.13132 -0.4772 
1.1895 -1.54144 -1.41616 1.50118 -1.55825 -1.11649 2.0331 -1.11086 0.606549 0.0662777 -1.38233 -1.96054 -1.13132 -0.4772 
1.18937 -1.54206 -1.41624 1.50137 -1.55836 -1.11688 2.0341 -1.11086 0.606549 0.0662777 -1.38233 -1.96054 -1.13132 -0.4772 
1.19006 -1.54077 -1.4161 1.50161 -1.55843 -1.11539 2.03246 -1.11086 0.606549 0.0662777 -1.38233 -1.96054 -1.13132 -0.4772 
1.1898 -1.54138 -1.41655 1.50147 -1.55886 -1.1159 2.03239 -1.11086 0.606549 0.0662777 -1.38233 -1.96054 -1.13132 -0.4772 
1.18936 -1.54221 -1.41713 1.50141 -1.55963 -1.11631 2.03364 -1.11086 0.606549 0.0662777 -1.38233 -1.96054 -1.13132 -0.4772 
1.18952 -1.54153 -1.41641 1.501 -1.55843 -1.11609 2.0321 -1.11086 0.606549 0.0662777 -1.38233 -1.96054 -1.13132 -0.4772 
1.18963 -1.54168 -1.41681 1.50199 -1.56021 -1.11482 2.03276 -1.11086 0.606549 0.0662777 -1.38233 -1.96054 -1.13132 -0.4772 
