1.08708 -1.54217 -1.3171 1.36635 -1.58481 -1.40893 2.13804 -1.1103 0.609337 0.0656645 -1.37593 -1.96223 -1.13301 -0.473288 
1.05597 -1.55433 -1.31426 1.31227 -1.57702 -1.4185 2.12295 -1.11086 0.60655 0.0662775 -1.38233 -1.96054 -1.13132 -0.477199 
1.05353 -1.5537 -1.31351 1.30665 -1.57667 -1.41684 2.11935 -1.11086 0.606549 0.0662777 -1.38233 -1.96054 -1.13132 -0.4772 
1.05378 -1.55117 -1.31152 1.30379 -1.57387 -1.41553 2.11105 -1.11086 0.606549 0.0662777 -1.38233 -1.96054 -1.13132 -0.4772 
1.05328 -1.55203 -1.3122 1.30156 -1.57365 -1.41733 2.10705 -1.11086 0.606549 0.0662777 -1.38233 -1.96054 -1.13132 -0.4772 
1.05372 -1.55245 -1.31244 1.30275 -1.57365 -1.41799 2.11127 -1.11086 0.606549 0.0662777 -1.38233 -1.96054 -1.13132 -0.4772 
1.05663 -1.55203 -1.31398 1.30966 -1.5746 -1.41908 2.11999 -1.11086 0.606549 0.0662777 -1.38233 -1.96054 -1.13132 -0.4772 
1.06266 -1.54953 -1.31531 1.322 -1.57632 -1.41776 2.12605 -1.11086 0.606549 0.0662777 -1.38233 -1.96054 -1.13132 -0.4772 
1.07071 -1.5459 -1.31643 1.33894 -1.57842 -1.41547 2.13559 -1.11086 0.606549 0.0662777 -1.38233 -1.96054 -1.13132 -0.4772 
1.07791 -1.54265 -1.31645 1.35361 -1.57867 -1.41383 2.14299 -1.11086 0.606549 0.0662777 -1.38233 -1.96054 -1.13132 -0.4772 
1.08234 -1.54128 -1.31728 1.3629 -1.57943 -1.41387 2.14843 -1.11086 0.606549 0.0662777 -1.38233 -1.96054 -1.13132 -0.4772 
1.08612 -1.54014 -1.31795 1.37136 -1.58017 -1.41371 2.15285 -1.11086 0.606549 0.0662777 -1.38233 -1.96054 -1.13132 -0.4772 
1.08911 -1.54007 -1.3193 1.37887 -1.58169 -1.41421 2.15915 -1.11086 0.606549 0.0662777 -1.38233 -1.96054 -1.13132 -0.4772 
1.09171 -1.53899 -1.31943 1.38397 -1.58118 -1.41451 2.16198 -1.11086 0.606549 0.0662777 -1.38233 -1.96054 -1.13132 -0.4772 
1.09475 -1.53844 -1.32028 1.39058 -1.58123 -1.41578 2.16589 -1.11086 0.606549 0.0662777 -1.38233 -1.96054 -1.13132 -0.4772 
1.09852 -1.53866 -1.32226 1.39959 -1.58175 -1.41848 2.17278 -1.11086 0.606549 0.0662777 -1.38233 -1.96054 -1.13132 -0.4772 
1.10273 -1.53802 -1.32367 1.4098 -1.58216 -1.42024 2.18041 -1.11086 0.606549 0.0662777 -1.38233 -1.96054 -1.13132 -0.4772 
1.10399 -1.54078 -1.32599 1.41564 -1.57963 -1.42892 2.18768 -1.11086 0.606549 0.0662777 -1.38233 -1.96054 -1.13132 -0.4772 
1.11554 -1.52924 -1.32102 1.43159 -1.57979 -1.41484 2.18782 -1.11086 0.606549 0.0662777 -1.38233 -1.96054 -1.13132 -0.4772 
1.11978 -1.52635 -1.32017 1.43913 -1.57912 -1.41298 2.19 -1.11086 0.606549 0.0662777 -1.38233 -1.96054 -1.13132 -0.4772 
1.12182 -1.52512 -1.31969 1.44279 -1.57816 -1.4127 2.1915 -1.11086 0.606549 0.0662777 -1.38233 -1.96054 -1.13132 -0.4772 
1.122 -1.52497 -1.31959 1.44312 -1.57805 -1.41273 2.19161 -1.11086 0.606549 0.0662777 -1.38233 -1.96054 -1.13132 -0.4772 
1.55168 -1.33062 -1.42885 1.98324 -1.76636 -1.25795 2.14719 -1.11086 0.606549 0.0662777 -1.38233 -1.96054 -1.13132 -0.4772 
1.1466 -1.51233 -1.32385 1.48147 -1.58924 -1.40056 2.19697 -1.11086 0.606549 0.0662777 -1.38233 -1.96054 -1.13132 -0.4772 
1.12529 -1.52103 -1.32107 1.44849 -1.58148 -1.40874 2.19364 -1.11086 0.606549 0.0662777 -1.38233 -1.96054 -1.13132 -0.4772 
1.12317 -1.52177 -1.32068 1.44516 -1.58056 -1.40949 2.19325 -1.11086 0.606549 0.0662777 -1.38233 -1.96054 -1.13132 -0.4772 
1.12296 -1.52178 -1.3206 1.44489 -1.58052 -1.40956 2.19336 -1.11086 0.606549 0.0662777 -1.38233 -1.96054 -1.13132 -0.4772 
1.12294 -1.52175 -1.32058 1.44488 -1.58059 -1.40948 2.19342 -1.11086 0.606549 0.0662777 -1.38233 -1.96054 -1.13132 -0.4772 
1.1229 -1.52183 -1.32061 1.44485 -1.5806 -1.40957 2.19351 -1.11086 0.606549 0.0662777 -1.38233 -1.96054 -1.13132 -0.4772 
1.1229 -1.52182 -1.32061 1.44486 -1.58061 -1.40955 2.19349 -1.11086 0.606549 0.0662777 -1.38233 -1.96054 -1.13132 -0.4772 
1.12115 -1.52334 -1.32123 1.44374 -1.58251 -1.40935 2.21016 -1.11086 0.606549 0.0662777 -1.38233 -1.96054 -1.13132 -0.4772 
1.11824 -1.52558 -1.32172 1.44075 -1.58363 -1.41043 2.22785 -1.11086 0.606549 0.0662777 -1.38233 -1.96054 -1.13132 -0.4772 
1.11406 -1.52874 -1.32245 1.43552 -1.58447 -1.41249 2.24594 -1.11086 0.606549 0.0662777 -1.38233 -1.96054 -1.13132 -0.4772 
1.10889 -1.53239 -1.32322 1.42848 -1.58519 -1.41496 2.26409 -1.11086 0.606549 0.0662777 -1.38233 -1.96054 -1.13132 -0.4772 
1.10347 -1.53612 -1.32405 1.42112 -1.58602 -1.41763 2.28245 -1.11086 0.606549 0.0662777 -1.38233 -1.96054 -1.13132 -0.4772 
1.09794 -1.53995 -1.32493 1.41357 -1.58674 -1.42037 2.30115 -1.11086 0.606549 0.0662777 -1.38233 -1.96054 -1.13132 -0.4772 
1.0928 -1.54352 -1.32573 1.40654 -1.58737 -1.42317 2.31962 -1.11086 0.606549 0.0662777 -1.38233 -1.96054 -1.13132 -0.4772 
1.08784 -1.54721 -1.32644 1.39966 -1.58812 -1.42579 2.33773 -1.11086 0.606549 0.0662777 -1.38233 -1.96054 -1.13132 -0.4772 
1.08299 -1.55104 -1.32701 1.39274 -1.58862 -1.42856 2.35552 -1.11086 0.606549 0.0662777 -1.38233 -1.96054 -1.13132 -0.4772 
1.06746 -1.5675 -1.33416 1.37242 -1.58325 -1.45536 2.37475 -1.11086 0.606549 0.0662777 -1.38233 -1.96054 -1.13132 -0.4772 
1.05907 -1.57504 -1.33652 1.36011 -1.58089 -1.46643 2.39225 -1.11086 0.606549 0.0662777 -1.38233 -1.96054 -1.13132 -0.4772 
1.05364 -1.5787 -1.33669 1.35158 -1.57967 -1.4705 2.40911 -1.11086 0.606549 0.0662777 -1.38233 -1.96054 -1.13132 -0.4772 
1.05113 -1.58076 -1.33651 1.34821 -1.58028 -1.47103 2.42276 -1.11086 0.606549 0.0662777 -1.38233 -1.96054 -1.13132 -0.4772 
1.05381 -1.5794 -1.33489 1.35293 -1.58047 -1.4681 2.42445 -1.11086 0.606549 0.0662777 -1.38233 -1.96054 -1.13132 -0.4772 
1.05838 -1.57684 -1.33204 1.36073 -1.57921 -1.46461 2.42507 -1.11086 0.606549 0.0662777 -1.38233 -1.96054 -1.13132 -0.4772 
1.06224 -1.57508 -1.32995 1.36848 -1.5771 -1.46378 2.42675 -1.11086 0.606549 0.0662777 -1.38233 -1.96054 -1.13132 -0.4772 
1.06835 -1.57198 -1.32757 1.37914 -1.5766 -1.46022 2.42836 -1.11086 0.606549 0.0662777 -1.38233 -1.96054 -1.13132 -0.4772 
1.07173 -1.57117 -1.32678 1.38676 -1.57487 -1.46127 2.42997 -1.11086 0.606549 0.0662777 -1.38233 -1.96054 -1.13132 -0.4772 
1.07157 -1.57614 -1.32767 1.39955 -1.57434 -1.46746 2.45663 -1.11086 0.606549 0.0662777 -1.38233 -1.96054 -1.13132 -0.4772 
1.07108 -1.57935 -1.32726 1.41235 -1.57515 -1.46914 2.49067 -1.11086 0.606549 0.0662777 -1.38233 -1.96054 -1.13132 -0.4772 
1.0713 -1.57977 -1.32512 1.42763 -1.57788 -1.46393 2.52982 -1.11086 0.606549 0.0662777 -1.38233 -1.96054 -1.13132 -0.4772 
1.06753 -1.58439 -1.32591 1.43854 -1.58126 -1.46476 2.56579 -1.11086 0.606549 0.0662777 -1.38233 -1.96054 -1.13132 -0.4772 
1.06651 -1.58763 -1.32673 1.45356 -1.58821 -1.46127 2.60014 -1.11086 0.606549 0.0662777 -1.38233 -1.96054 -1.13132 -0.4772 
1.06391 -1.59092 -1.32551 1.46271 -1.58795 -1.46309 2.62462 -1.11086 0.606549 0.0662777 -1.38233 -1.96054 -1.13132 -0.4772 
1.06164 -1.59471 -1.32531 1.47457 -1.59231 -1.46143 2.65193 -1.11086 0.606549 0.0662777 -1.38233 -1.96054 -1.13132 -0.4772 
1.05655 -1.60079 -1.3261 1.47913 -1.5929 -1.4666 2.67007 -1.11086 0.606549 0.0662777 -1.38233 -1.96054 -1.13132 -0.4772 
1.05423 -1.60639 -1.32966 1.48731 -1.60293 -1.46501 2.68269 -1.11086 0.606549 0.0662777 -1.38233 -1.96054 -1.13132 -0.4772 
1.05254 -1.61253 -1.33301 1.49337 -1.6099 -1.46672 2.68132 -1.11086 0.606549 0.0662777 -1.38233 -1.96054 -1.13132 -0.4772 
1.05014 -1.62127 -1.33908 1.49938 -1.61865 -1.47162 2.67481 -1.11086 0.606549 0.0662777 -1.38233 -1.96054 -1.13132 -0.4772 
1.05059 -1.62663 -1.34171 1.5048 -1.62304 -1.47441 2.66087 -1.11086 0.606549 0.0662777 -1.38233 -1.96054 -1.13132 -0.4772 
1.05134 -1.63375 -1.34772 1.51072 -1.63205 -1.47724 2.63974 -1.11086 0.606549 0.0662777 -1.38233 -1.96054 -1.13132 -0.4772 
1.05647 -1.6369 -1.35251 1.51304 -1.63904 -1.47642 2.59422 -1.11086 0.606549 0.0662777 -1.38233 -1.96054 -1.13132 -0.4772 
1.06323 -1.63999 -1.35859 1.51616 -1.64812 -1.47407 2.53974 -1.11086 0.606549 0.0662777 -1.38233 -1.96054 -1.13132 -0.4772 
1.07307 -1.64037 -1.36223 1.52037 -1.65414 -1.46953 2.48084 -1.11086 0.606549 0.0662777 -1.38233 -1.96054 -1.13132 -0.4772 
1.08328 -1.63967 -1.36529 1.52509 -1.65952 -1.4641 2.42669 -1.11086 0.606549 0.0662777 -1.38233 -1.96054 -1.13132 -0.4772 
1.09206 -1.64079 -1.36987 1.52843 -1.6657 -1.4607 2.37463 -1.11086 0.606549 0.0662777 -1.38233 -1.96054 -1.13132 -0.4772 
1.10142 -1.64056 -1.37384 1.53319 -1.67365 -1.45402 2.32678 -1.11086 0.606549 0.0662777 -1.38233 -1.96054 -1.13132 -0.4772 
1.10929 -1.64157 -1.37762 1.53457 -1.6773 -1.45174 2.27779 -1.11086 0.606549 0.0662777 -1.38233 -1.96054 -1.13132 -0.4772 
1.11693 -1.64236 -1.38187 1.5377 -1.68472 -1.44675 2.23741 -1.11086 0.606549 0.0662777 -1.38233 -1.96054 -1.13132 -0.4772 
1.12173 -1.64415 -1.38535 1.53817 -1.68882 -1.44512 2.20467 -1.11086 0.606549 0.0662777 -1.38233 -1.96054 -1.13132 -0.4772 
1.12605 -1.64571 -1.38844 1.53745 -1.69222 -1.44302 2.16958 -1.11086 0.606549 0.0662777 -1.38233 -1.96054 -1.13132 -0.4772 
1.13044 -1.64721 -1.39276 1.53722 -1.69864 -1.4391 2.13632 -1.11086 0.606549 0.0662777 -1.38233 -1.96054 -1.13132 -0.4772 
1.13649 -1.64833 -1.39626 1.53654 -1.70448 -1.43322 2.09243 -1.11086 0.606549 0.0662777 -1.38233 -1.96054 -1.13132 -0.4772 
1.14193 -1.64759 -1.39692 1.53255 -1.70451 -1.42784 2.04639 -1.11086 0.606549 0.0662777 -1.38233 -1.96054 -1.13132 -0.4772 
1.14708 -1.64699 -1.39714 1.52595 -1.70225 -1.42301 1.99022 -1.11086 0.606549 0.0662777 -1.38233 -1.96054 -1.13132 -0.4772 
1.15232 -1.64584 -1.39673 1.51932 -1.69961 -1.41799 1.936 -1.11086 0.606549 0.0662777 -1.38233 -1.96054 -1.13132 -0.4772 
1.15856 -1.645 -1.39717 1.51492 -1.69837 -1.41298 1.88265 -1.11086 0.606549 0.0662777 -1.38233 -1.96054 -1.13132 -0.4772 
1.16308 -1.64327 -1.39463 1.50335 -1.68582 -1.41364 1.81635 -1.11086 0.606549 0.0662777 -1.38233 -1.96054 -1.13132 -0.4772 
1.16694 -1.64494 -1.39642 1.49698 -1.68404 -1.41299 1.76058 -1.11086 0.606549 0.0662777 -1.38233 -1.96054 -1.13132 -0.4772 
1.1696 -1.6455 -1.3962 1.4879 -1.6775 -1.41461 1.70901 -1.11086 0.606549 0.0662777 -1.38233 -1.96054 -1.13132 -0.4772 
1.16705 -1.65094 -1.39771 1.47173 -1.66518 -1.42785 1.65415 -1.11086 0.606549 0.0662777 -1.38233 -1.96054 -1.13132 -0.4772 
1.18141 -1.63642 -1.38974 1.47357 -1.66429 -1.4033 1.59517 -1.11086 0.606549 0.0662777 -1.38233 -1.96054 -1.13132 -0.4772 
1.18544 -1.63312 -1.3872 1.46545 -1.65751 -1.4002 1.54227 -1.11086 0.606549 0.0662777 -1.38233 -1.96054 -1.13132 -0.4772 
1.18695 -1.6317 -1.38485 1.45621 -1.64813 -1.40282 1.49906 -1.11086 0.606549 0.0662777 -1.38233 -1.96054 -1.13132 -0.4772 
1.18806 -1.63042 -1.38291 1.44997 -1.64034 -1.40566 1.46946 -1.11086 0.606549 0.0662777 -1.38233 -1.96054 -1.13132 -0.4772 
1.18954 -1.62876 -1.38141 1.44716 -1.63508 -1.40708 1.45041 -1.11086 0.606549 0.0662777 -1.38233 -1.96054 -1.13132 -0.4772 
1.19115 -1.62729 -1.38031 1.44667 -1.63108 -1.40832 1.43966 -1.11086 0.606549 0.0662777 -1.38233 -1.96054 -1.13132 -0.4772 
1.19311 -1.62609 -1.37981 1.44854 -1.62919 -1.40867 1.43567 -1.11086 0.606549 0.0662777 -1.38233 -1.96054 -1.13132 -0.4772 
1.1944 -1.62549 -1.37953 1.45014 -1.6279 -1.40923 1.43477 -1.11086 0.606549 0.0662777 -1.38233 -1.96054 -1.13132 -0.4772 
1.19393 -1.62628 -1.37995 1.44964 -1.62718 -1.41091 1.43446 -1.11086 0.606549 0.0662777 -1.38233 -1.96054 -1.13132 -0.4772 
1.194 -1.62605 -1.37982 1.44971 -1.62717 -1.41091 1.43431 -1.11086 0.606549 0.0662777 -1.38233 -1.96054 -1.13132 -0.4772 
1.19407 -1.62606 -1.37988 1.44972 -1.62701 -1.41087 1.43429 -1.11086 0.606549 0.0662777 -1.38233 -1.96054 -1.13132 -0.4772 
1.19417 -1.62584 -1.37981 1.4498 -1.62705 -1.41059 1.43421 -1.11086 0.606549 0.0662777 -1.38233 -1.96054 -1.13132 -0.4772 
1.19204 -1.62433 -1.38097 1.44804 -1.627 -1.41101 1.45103 -1.11086 0.606549 0.0662777 -1.38233 -1.96054 -1.13132 -0.4772 
1.18628 -1.62247 -1.38401 1.44524 -1.62806 -1.41308 1.497 -1.11086 0.606549 0.0662777 -1.38233 -1.96054 -1.13132 -0.4772 
1.1787 -1.62125 -1.3871 1.4423 -1.62805 -1.41749 1.55758 -1.11086 0.606549 0.0662777 -1.38233 -1.96054 -1.13132 -0.4772 
