1.1475 -1.90433 -1.84594 1.49517 -1.18139 -0.724144 2.00948 -1.11057 0.607972 0.0659647 -1.37907 -1.96141 -1.13218 -0.475202 
1.12168 -1.90831 -1.84381 1.45864 -1.15855 -0.772782 2.0049 -1.11086 0.606549 0.0662777 -1.38233 -1.96054 -1.13132 -0.4772 
1.1168 -1.90295 -1.83936 1.44502 -1.14724 -0.789727 1.99264 -1.11086 0.606549 0.0662777 -1.38233 -1.96054 -1.13132 -0.4772 
1.11857 -1.89857 -1.83602 1.44118 -1.14427 -0.791919 1.9823 -1.11086 0.606549 0.0662777 -1.38233 -1.96054 -1.13132 -0.4772 
1.12172 -1.89842 -1.83563 1.44224 -1.14562 -0.790722 1.97834 -1.11086 0.606549 0.0662777 -1.38233 -1.96054 -1.13132 -0.4772 
1.12815 -1.89863 -1.83374 1.44811 -1.14493 -0.79028 1.97427 -1.11086 0.606549 0.0662777 -1.38233 -1.96054 -1.13132 -0.4772 
1.13472 -1.89625 -1.82979 1.45333 -1.14142 -0.790906 1.96757 -1.11086 0.606549 0.0662777 -1.38233 -1.96054 -1.13132 -0.4772 
1.13926 -1.89482 -1.82797 1.45824 -1.14113 -0.788574 1.96391 -1.11086 0.606549 0.0662777 -1.38233 -1.96054 -1.13132 -0.4772 
1.1424 -1.89485 -1.82711 1.46169 -1.14143 -0.787197 1.96219 -1.11086 0.606549 0.0662777 -1.38233 -1.96054 -1.13132 -0.4772 
1.14382 -1.8959 -1.82736 1.46403 -1.14166 -0.78753 1.96256 -1.11086 0.606549 0.0662777 -1.38233 -1.96054 -1.13132 -0.4772 
1.14546 -1.89665 -1.82746 1.46673 -1.14246 -0.785921 1.96365 -1.11086 0.606549 0.0662777 -1.38233 -1.96054 -1.13132 -0.4772 
1.14691 -1.89674 -1.82752 1.46921 -1.14367 -0.783616 1.96403 -1.11086 0.606549 0.0662777 -1.38233 -1.96054 -1.13132 -0.4772 
1.14869 -1.89614 -1.8262 1.47022 -1.14286 -0.783613 1.96194 -1.11086 0.606549 0.0662777 -1.38233 -1.96054 -1.13132 -0.4772 
1.14977 -1.89609 -1.82639 1.47127 -1.14382 -0.782126 1.96162 -1.11086 0.606549 0.0662777 -1.38233 -1.96054 -1.13132 -0.4772 
1.15116 -1.89643 -1.82635 1.47328 -1.14432 -0.781675 1.96112 -1.11086 0.606549 0.0662777 -1.38233 -1.96054 -1.13132 -0.4772 
1.15482 -1.89475 -1.82382 1.47582 -1.14215 -0.782911 1.95546 -1.11086 0.606549 0.0662777 -1.38233 -1.96054 -1.13132 -0.4772 
1.15813 -1.8945 -1.82271 1.4793 -1.14219 -0.78126 1.95383 -1.11086 0.606549 0.0662777 -1.38233 -1.96054 -1.13132 -0.4772 
1.16015 -1.89437 -1.82138 1.48124 -1.14047 -0.782654 1.95243 -1.11086 0.606549 0.0662777 -1.38233 -1.96054 -1.13132 -0.4772 
1.15969 -1.89562 -1.82221 1.48178 -1.141 -0.783447 1.95378 -1.11086 0.606549 0.0662777 -1.38233 -1.96054 -1.13132 -0.4772 
1.1607 -1.8937 -1.82123 1.48177 -1.14044 -0.78231 1.95145 -1.11086 0.606549 0.0662777 -1.38233 -1.96054 -1.13132 -0.4772 
1.15996 -1.89613 -1.82426 1.48394 -1.14527 -0.777464 1.95702 -1.11086 0.606549 0.0662777 -1.38233 -1.96054 -1.13132 -0.4772 
1.16053 -1.89538 -1.82281 1.4837 -1.14378 -0.778325 1.95559 -1.11086 0.606549 0.0662777 -1.38233 -1.96054 -1.13132 -0.4772 
1.15994 -1.89635 -1.8234 1.4837 -1.14428 -0.778967 1.95631 -1.11086 0.606549 0.0662777 -1.38233 -1.96054 -1.13132 -0.4772 
1.16053 -1.89584 -1.82294 1.48377 -1.14405 -0.778409 1.95559 -1.11086 0.606549 0.0662777 -1.38233 -1.96054 -1.13132 -0.4772 
1.1601 -1.89639 -1.82316 1.48364 -1.14385 -0.779174 1.95623 -1.11086 0.606549 0.0662777 -1.38233 -1.96054 -1.13132 -0.4772 
1.15982 -1.89706 -1.82409 1.48404 -1.1451 -0.778415 1.95772 -1.11086 0.606549 0.0662777 -1.38233 -1.96054 -1.13132 -0.4772 
1.16053 -1.89524 -1.82191 1.48269 -1.14192 -0.780903 1.95432 -1.11086 0.606549 0.0662777 -1.38233 -1.96054 -1.13132 -0.4772 
1.1605 -1.89554 -1.8224 1.48311 -1.1429 -0.780037 1.95463 -1.11086 0.606549 0.0662777 -1.38233 -1.96054 -1.13132 -0.4772 
1.16088 -1.89421 -1.82152 1.48261 -1.14194 -0.780013 1.95295 -1.11086 0.606549 0.0662777 -1.38233 -1.96054 -1.13132 -0.4772 
1.16075 -1.89433 -1.82187 1.48273 -1.1428 -0.779201 1.9527 -1.11086 0.606549 0.0662777 -1.38233 -1.96054 -1.13132 -0.4772 
1.16116 -1.89466 -1.82278 1.48402 -1.14512 -0.775789 1.95413 -1.11086 0.606549 0.0662777 -1.38233 -1.96054 -1.13132 -0.4772 
1.16159 -1.89361 -1.82221 1.48363 -1.14471 -0.775902 1.95226 -1.11086 0.606549 0.0662777 -1.38233 -1.96054 -1.13132 -0.4772 
1.15985 -1.89624 -1.82389 1.48344 -1.14579 -0.777749 1.95495 -1.11086 0.606549 0.0662777 -1.38233 -1.96054 -1.13132 -0.4772 
1.15924 -1.89713 -1.82445 1.48327 -1.14593 -0.778638 1.95551 -1.11086 0.606549 0.0662777 -1.38233 -1.96054 -1.13132 -0.4772 
1.15946 -1.89684 -1.82465 1.48361 -1.14666 -0.777566 1.95561 -1.11086 0.606549 0.0662777 -1.38233 -1.96054 -1.13132 -0.4772 
1.15979 -1.89668 -1.82427 1.48343 -1.14587 -0.778003 1.95523 -1.11086 0.606549 0.0662777 -1.38233 -1.96054 -1.13132 -0.4772 
1.15949 -1.89653 -1.82429 1.48313 -1.146 -0.778399 1.95488 -1.11086 0.606549 0.0662777 -1.38233 -1.96054 -1.13132 -0.4772 
1.16048 -1.89541 -1.82399 1.48399 -1.14652 -0.775808 1.95487 -1.11086 0.606549 0.0662777 -1.38233 -1.96054 -1.13132 -0.4772 
1.16083 -1.89469 -1.82311 1.48373 -1.1457 -0.775937 1.9537 -1.11086 0.606549 0.0662777 -1.38233 -1.96054 -1.13132 -0.4772 
1.16126 -1.89367 -1.8219 1.48311 -1.14377 -0.777803 1.95207 -1.11086 0.606549 0.0662777 -1.38233 -1.96054 -1.13132 -0.4772 
1.16077 -1.89434 -1.82221 1.48274 -1.14344 -0.778951 1.95245 -1.11086 0.606549 0.0662777 -1.38233 -1.96054 -1.13132 -0.4772 
1.16016 -1.89564 -1.82292 1.48283 -1.14369 -0.779686 1.95443 -1.11086 0.606549 0.0662777 -1.38233 -1.96054 -1.13132 -0.4772 
1.1603 -1.89572 -1.8231 1.4832 -1.14407 -0.778819 1.9554 -1.11086 0.606549 0.0662777 -1.38233 -1.96054 -1.13132 -0.4772 
1.15998 -1.89625 -1.82344 1.48335 -1.1441 -0.77936 1.95614 -1.11086 0.606549 0.0662777 -1.38233 -1.96054 -1.13132 -0.4772 
1.1599 -1.89628 -1.8233 1.48343 -1.14409 -0.779396 1.95677 -1.11086 0.606549 0.0662777 -1.38233 -1.96054 -1.13132 -0.4772 
1.16062 -1.89529 -1.82299 1.48389 -1.1442 -0.777659 1.9561 -1.11086 0.606549 0.0662777 -1.38233 -1.96054 -1.13132 -0.4772 
1.16038 -1.89556 -1.82303 1.48379 -1.1442 -0.777775 1.95564 -1.11086 0.606549 0.0662777 -1.38233 -1.96054 -1.13132 -0.4772 
1.16029 -1.89624 -1.82383 1.48438 -1.14528 -0.77693 1.95699 -1.11086 0.606549 0.0662777 -1.38233 -1.96054 -1.13132 -0.4772 
1.15994 -1.89642 -1.82351 1.48385 -1.14496 -0.777912 1.95619 -1.11086 0.606549 0.0662777 -1.38233 -1.96054 -1.13132 -0.4772 
1.16044 -1.89594 -1.82332 1.48419 -1.14469 -0.777215 1.95677 -1.11086 0.606549 0.0662777 -1.38233 -1.96054 -1.13132 -0.4772 
1.15977 -1.89652 -1.82321 1.48331 -1.14381 -0.779767 1.9561 -1.11086 0.606549 0.0662777 -1.38233 -1.96054 -1.13132 -0.4772 
1.16022 -1.8953 -1.82347 1.48387 -1.14492 -0.777419 1.95543 -1.11086 0.606549 0.0662777 -1.38233 -1.96054 -1.13132 -0.4772 
1.16088 -1.89409 -1.82211 1.48354 -1.14384 -0.777174 1.9538 -1.11086 0.606549 0.0662777 -1.38233 -1.96054 -1.13132 -0.4772 
1.16071 -1.89478 -1.8232 1.48432 -1.14535 -0.776013 1.95542 -1.11086 0.606549 0.0662777 -1.38233 -1.96054 -1.13132 -0.4772 
1.16014 -1.89575 -1.82406 1.48419 -1.14577 -0.776761 1.95633 -1.11086 0.606549 0.0662777 -1.38233 -1.96054 -1.13132 -0.4772 
1.16019 -1.89573 -1.82388 1.48415 -1.14606 -0.776511 1.95615 -1.11086 0.606549 0.0662777 -1.38233 -1.96054 -1.13132 -0.4772 
1.16026 -1.89583 -1.82463 1.48487 -1.1474 -0.774486 1.95709 -1.11086 0.606549 0.0662777 -1.38233 -1.96054 -1.13132 -0.4772 
1.16039 -1.89518 -1.82386 1.4839 -1.14587 -0.776217 1.95556 -1.11086 0.606549 0.0662777 -1.38233 -1.96054 -1.13132 -0.4772 
1.16044 -1.89535 -1.82374 1.48411 -1.14562 -0.775989 1.95634 -1.11086 0.606549 0.0662777 -1.38233 -1.96054 -1.13132 -0.4772 
1.16021 -1.89925 -1.82445 1.48679 -1.14426 -0.778036 1.96422 -1.11086 0.606549 0.0662777 -1.38233 -1.96054 -1.13132 -0.4772 
1.16071 -1.90722 -1.82523 1.49337 -1.14134 -0.780096 1.98253 -1.11086 0.606549 0.0662777 -1.38233 -1.96054 -1.13132 -0.4772 
1.15778 -1.92175 -1.83207 1.50233 -1.14476 -0.779499 2.01279 -1.11086 0.606549 0.0662777 -1.38233 -1.96054 -1.13132 -0.4772 
1.15455 -1.93604 -1.83764 1.5101 -1.14451 -0.781731 2.0448 -1.11086 0.606549 0.0662777 -1.38233 -1.96054 -1.13132 -0.4772 
1.14977 -1.95163 -1.84394 1.51736 -1.14422 -0.784925 2.07998 -1.11086 0.606549 0.0662777 -1.38233 -1.96054 -1.13132 -0.4772 
1.14433 -1.96683 -1.84998 1.52355 -1.14236 -0.788796 2.1171 -1.11086 0.606549 0.0662777 -1.38233 -1.96054 -1.13132 -0.4772 
1.1427 -1.96699 -1.83715 1.52803 -1.15809 -0.808485 2.16204 -1.11086 0.606549 0.0662777 -1.38233 -1.96054 -1.13132 -0.4772 
1.13913 -1.96699 -1.82266 1.53075 -1.1728 -0.834018 2.21155 -1.11086 0.606549 0.0662777 -1.38233 -1.96054 -1.13132 -0.4772 
1.13443 -1.96699 -1.80872 1.53334 -1.18991 -0.858811 2.26501 -1.11086 0.606549 0.0662777 -1.38233 -1.96054 -1.13132 -0.4772 
1.12966 -1.96699 -1.79568 1.53532 -1.20255 -0.879828 2.31551 -1.11086 0.606549 0.0662777 -1.38233 -1.96054 -1.13132 -0.4772 
1.12409 -1.96699 -1.78242 1.53448 -1.21066 -0.90517 2.3611 -1.11086 0.606549 0.0662777 -1.38233 -1.96054 -1.13132 -0.4772 
1.11758 -1.96699 -1.76994 1.53306 -1.22003 -0.93101 2.40546 -1.11086 0.606549 0.0662777 -1.38233 -1.96054 -1.13132 -0.4772 
1.1101 -1.96699 -1.75768 1.53124 -1.23037 -0.957393 2.45003 -1.11086 0.606549 0.0662777 -1.38233 -1.96054 -1.13132 -0.4772 
1.10294 -1.96699 -1.75151 1.52663 -1.234 -0.972178 2.47952 -1.11086 0.606549 0.0662777 -1.38233 -1.96054 -1.13132 -0.4772 
1.09667 -1.96699 -1.7487 1.52218 -1.23755 -0.979769 2.50038 -1.11086 0.606549 0.0662777 -1.38233 -1.96054 -1.13132 -0.4772 
1.09224 -1.96699 -1.7472 1.5169 -1.23515 -0.985932 2.50797 -1.11086 0.606549 0.0662777 -1.38233 -1.96054 -1.13132 -0.4772 
1.08937 -1.96691 -1.74645 1.51245 -1.23296 -0.988507 2.50801 -1.11086 0.606549 0.0662777 -1.38233 -1.96054 -1.13132 -0.4772 
1.08814 -1.96699 -1.74709 1.51133 -1.23929 -0.98931 2.50266 -1.11086 0.606549 0.0662777 -1.38233 -1.96054 -1.13132 -0.4772 
1.08729 -1.96696 -1.74749 1.50907 -1.24396 -0.994656 2.48807 -1.11086 0.606549 0.0662777 -1.38233 -1.96054 -1.13132 -0.4772 
1.09169 -1.96402 -1.74619 1.51035 -1.24946 -0.991635 2.46357 -1.11086 0.606549 0.0662777 -1.38233 -1.96054 -1.13132 -0.4772 
1.09633 -1.96195 -1.74668 1.5132 -1.25945 -0.987454 2.43527 -1.11086 0.606549 0.0662777 -1.38233 -1.96054 -1.13132 -0.4772 
1.103 -1.95876 -1.74651 1.51688 -1.27084 -0.98206 2.39938 -1.11086 0.606549 0.0662777 -1.38233 -1.96054 -1.13132 -0.4772 
1.10963 -1.95418 -1.74424 1.51651 -1.27525 -0.984435 2.35431 -1.11086 0.606549 0.0662777 -1.38233 -1.96054 -1.13132 -0.4772 
1.11788 -1.9491 -1.74236 1.51838 -1.28384 -0.98161 2.30714 -1.11086 0.606549 0.0662777 -1.38233 -1.96054 -1.13132 -0.4772 
1.12435 -1.94809 -1.74701 1.51957 -1.30351 -0.981357 2.24551 -1.11086 0.606549 0.0662777 -1.38233 -1.96054 -1.13132 -0.4772 
1.12399 -1.9476 -1.74643 1.51772 -1.3016 -0.984359 2.24026 -1.11086 0.606549 0.0662777 -1.38233 -1.96054 -1.13132 -0.4772 
1.13025 -1.94386 -1.74477 1.51563 -1.30665 -0.988233 2.18872 -1.11086 0.606549 0.0662777 -1.38233 -1.96054 -1.13132 -0.4772 
1.13716 -1.93891 -1.74177 1.51235 -1.30961 -0.992937 2.13239 -1.11086 0.606549 0.0662777 -1.38233 -1.96054 -1.13132 -0.4772 
1.14334 -1.9339 -1.73852 1.50822 -1.31111 -0.99791 2.07952 -1.11086 0.606549 0.0662777 -1.38233 -1.96054 -1.13132 -0.4772 
1.14898 -1.92937 -1.73541 1.50387 -1.31207 -1.003 2.02965 -1.11086 0.606549 0.0662777 -1.38233 -1.96054 -1.13132 -0.4772 
1.15392 -1.925 -1.73227 1.49864 -1.31208 -1.00867 1.98237 -1.11086 0.606549 0.0662777 -1.38233 -1.96054 -1.13132 -0.4772 
1.15722 -1.92045 -1.72856 1.4913 -1.30851 -1.01754 1.93691 -1.11086 0.606549 0.0662777 -1.38233 -1.96054 -1.13132 -0.4772 
1.15819 -1.91238 -1.72201 1.47823 -1.30132 -1.03003 1.87505 -1.11086 0.606549 0.0662777 -1.38233 -1.96054 -1.13132 -0.4772 
1.16161 -1.90555 -1.71551 1.47001 -1.29374 -1.03786 1.83415 -1.11086 0.606549 0.0662777 -1.38233 -1.96054 -1.13132 -0.4772 
1.16347 -1.90036 -1.71021 1.46084 -1.28516 -1.04875 1.79809 -1.11086 0.606549 0.0662777 -1.38233 -1.96054 -1.13132 -0.4772 
1.16466 -1.89736 -1.70677 1.45526 -1.27981 -1.05596 1.77502 -1.11086 0.606549 0.0662777 -1.38233 -1.96054 -1.13132 -0.4772 
1.16157 -1.90418 -1.712 1.45392 -1.28682 -1.06275 1.76783 -1.11086 0.606549 0.0662777 -1.38233 -1.96054 -1.13132 -0.4772 
1.15999 -1.90598 -1.7126 1.44897 -1.2861 -1.07176 1.75187 -1.11086 0.606549 0.0662777 -1.38233 -1.96054 -1.13132 -0.4772 
1.16193 -1.90287 -1.71011 1.44532 -1.28567 -1.07276 1.73132 -1.11086 0.606549 0.0662777 -1.38233 -1.96054 -1.13132 -0.4772 
1.16262 -1.9013 -1.70891 1.44207 -1.28634 -1.07477 1.71368 -1.11086 0.606549 0.0662777 -1.38233 -1.96054 -1.13132 -0.4772 
1.16196 -1.90063 -1.70823 1.43685 -1.28576 -1.08041 1.69472 -1.11086 0.606549 0.0662777 -1.38233 -1.96054 -1.13132 -0.4772 
1.16093 -1.89774 -1.70498 1.42723 -1.27937 -1.09115 1.66728 -1.11086 0.606549 0.0662777 -1.38233 -1.96054 -1.13132 -0.4772 
1.16105 -1.89826 -1.70526 1.42467 -1.28388 -1.09298 1.64672 -1.11086 0.606549 0.0662777 -1.38233 -1.96054 -1.13132 -0.4772 
1.15879 -1.89886 -1.70497 1.41775 -1.28261 -1.10276 1.62413 -1.11086 0.606549 0.0662777 -1.38233 -1.96054 -1.13132 -0.4772 
1.15767 -1.89836 -1.70381 1.41168 -1.28138 -1.11055 1.59951 -1.11086 0.606549 0.0662777 -1.38233 -1.96054 -1.13132 -0.4772 
1.16053 -1.90129 -1.70567 1.41491 -1.2847 -1.11056 1.60113 -1.11086 0.606549 0.0662777 -1.38233 -1.96054 -1.13132 -0.4772 
1.1603 -1.90209 -1.7062 1.41144 -1.28736 -1.11527 1.58079 -1.11086 0.606549 0.0662777 -1.38233 -1.96054 -1.13132 -0.4772 
1.15943 -1.90212 -1.70613 1.40709 -1.2874 -1.12223 1.55859 -1.11086 0.606549 0.0662777 -1.38233 -1.96054 -1.13132 -0.4772 
1.15921 -1.90064 -1.70471 1.40251 -1.28528 -1.12926 1.53556 -1.11086 0.606549 0.0662777 -1.38233 -1.96054 -1.13132 -0.4772 
1.15828 -1.90044 -1.70426 1.39861 -1.28342 -1.13699 1.51686 -1.11086 0.606549 0.0662777 -1.38233 -1.96054 -1.13132 -0.4772 
1.15835 -1.89921 -1.70259 1.39524 -1.27992 -1.1436 1.50015 -1.11086 0.606549 0.0662777 -1.38233 -1.96054 -1.13132 -0.4772 
1.15796 -1.89736 -1.70027 1.39065 -1.27359 -1.15275 1.48364 -1.11086 0.606549 0.0662777 -1.38233 -1.96054 -1.13132 -0.4772 
1.15749 -1.89835 -1.70079 1.39026 -1.27301 -1.15783 1.47628 -1.11086 0.606549 0.0662777 -1.38233 -1.96054 -1.13132 -0.4772 
1.15818 -1.89778 -1.69997 1.39052 -1.27076 -1.16146 1.46965 -1.11086 0.606549 0.0662777 -1.38233 -1.96054 -1.13132 -0.4772 
1.15958 -1.89503 -1.69737 1.38982 -1.26461 -1.16575 1.4625 -1.11086 0.606549 0.0662777 -1.38233 -1.96054 -1.13132 -0.4772 
1.16095 -1.89331 -1.69576 1.3903 -1.26043 -1.16866 1.45865 -1.11086 0.606549 0.0662777 -1.38233 -1.96054 -1.13132 -0.4772 
1.16242 -1.89103 -1.69291 1.38919 -1.25378 -1.17351 1.45266 -1.11086 0.606549 0.0662777 -1.38233 -1.96054 -1.13132 -0.4772 
1.16441 -1.89165 -1.69269 1.39324 -1.25354 -1.17341 1.45371 -1.11086 0.606549 0.0662777 -1.38233 -1.96054 -1.13132 -0.4772 
1.1671 -1.88895 -1.68873 1.39316 -1.24523 -1.17781 1.44951 -1.11086 0.606549 0.0662777 -1.38233 -1.96054 -1.13132 -0.4772 
1.16906 -1.88416 -1.68301 1.38954 -1.23272 -1.18565 1.44018 -1.11086 0.606549 0.0662777 -1.38233 -1.96054 -1.13132 -0.4772 
1.17103 -1.87773 -1.67596 1.3837 -1.21794 -1.19441 1.42876 -1.11086 0.606549 0.0662777 -1.38233 -1.96054 -1.13132 -0.4772 
1.17328 -1.87034 -1.66833 1.37731 -1.20318 -1.20294 1.41437 -1.11086 0.606549 0.0662777 -1.38233 -1.96054 -1.13132 -0.4772 
1.17521 -1.86436 -1.66201 1.37233 -1.19062 -1.21 1.40329 -1.11086 0.606549 0.0662777 -1.38233 -1.96054 -1.13132 -0.4772 
1.17651 -1.85968 -1.65712 1.36803 -1.18096 -1.21597 1.39478 -1.11086 0.606549 0.0662777 -1.38233 -1.96054 -1.13132 -0.4772 
1.17885 -1.85417 -1.65156 1.36447 -1.17122 -1.22068 1.38564 -1.11086 0.606549 0.0662777 -1.38233 -1.96054 -1.13132 -0.4772 
1.18112 -1.84725 -1.645 1.35937 -1.15935 -1.22716 1.37396 -1.11086 0.606549 0.0662777 -1.38233 -1.96054 -1.13132 -0.4772 
1.18184 -1.84301 -1.6402 1.35489 -1.14923 -1.23447 1.3658 -1.11086 0.606549 0.0662777 -1.38233 -1.96054 -1.13132 -0.4772 
1.1821 -1.83902 -1.63554 1.34936 -1.13943 -1.2429 1.35694 -1.11086 0.606549 0.0662777 -1.38233 -1.96054 -1.13132 -0.4772 
1.18199 -1.83366 -1.6301 1.34176 -1.12687 -1.25353 1.34671 -1.11086 0.606549 0.0662777 -1.38233 -1.96054 -1.13132 -0.4772 
1.1832 -1.82884 -1.6255 1.33802 -1.11822 -1.25873 1.33916 -1.11086 0.606549 0.0662777 -1.38233 -1.96054 -1.13132 -0.4772 
1.18355 -1.82355 -1.6214 1.33252 -1.1087 -1.26454 1.33347 -1.11086 0.606549 0.0662777 -1.38233 -1.96054 -1.13132 -0.4772 
1.18406 -1.82261 -1.62059 1.33202 -1.1073 -1.26454 1.33337 -1.11086 0.606549 0.0662777 -1.38233 -1.96054 -1.13132 -0.4772 
1.18807 -1.8141 -1.61602 1.33502 -1.09709 -1.26061 1.33961 -1.11086 0.606549 0.0662777 -1.38233 -1.96054 -1.13132 -0.4772 
1.18781 -1.81376 -1.61604 1.33435 -1.09654 -1.26156 1.33929 -1.11086 0.606549 0.0662777 -1.38233 -1.96054 -1.13132 -0.4772 
1.18826 -1.81351 -1.61588 1.33495 -1.09703 -1.26058 1.33892 -1.11086 0.606549 0.0662777 -1.38233 -1.96054 -1.13132 -0.4772 
1.18855 -1.8143 -1.61673 1.33694 -1.09881 -1.25828 1.34109 -1.11086 0.606549 0.0662777 -1.38233 -1.96054 -1.13132 -0.4772 
1.18896 -1.81418 -1.61635 1.33735 -1.09851 -1.25757 1.34135 -1.11086 0.606549 0.0662777 -1.38233 -1.96054 -1.13132 -0.4772 
1.18913 -1.81509 -1.61738 1.33845 -1.10051 -1.25614 1.34257 -1.11086 0.606549 0.0662777 -1.38233 -1.96054 -1.13132 -0.4772 
1.18881 -1.81377 -1.61648 1.33678 -1.09833 -1.25804 1.34062 -1.11086 0.606549 0.0662777 -1.38233 -1.96054 -1.13132 -0.4772 
1.18942 -1.8147 -1.61705 1.33843 -1.09987 -1.25609 1.34266 -1.11086 0.606549 0.0662777 -1.38233 -1.96054 -1.13132 -0.4772 
1.1883 -1.81521 -1.61714 1.33681 -1.09871 -1.25898 1.34249 -1.11086 0.606549 0.0662777 -1.38233 -1.96054 -1.13132 -0.4772 
1.18901 -1.81451 -1.61674 1.33775 -1.09932 -1.25711 1.34187 -1.11086 0.606549 0.0662777 -1.38233 -1.96054 -1.13132 -0.4772 
1.18896 -1.81416 -1.6165 1.33765 -1.09888 -1.2572 1.34176 -1.11086 0.606549 0.0662777 -1.38233 -1.96054 -1.13132 -0.4772 
1.13297 -1.83289 -1.74692 1.45405 -1.26219 -0.862868 1.99061 -1.11086 0.606549 0.0662777 -1.38233 -1.96054 -1.13132 -0.4772 
1.12715 -1.83156 -1.75423 1.4586 -1.27264 -0.836959 2.04054 -1.11086 0.606549 0.0662777 -1.38233 -1.96054 -1.13132 -0.4772 
1.12743 -1.83029 -1.75348 1.45884 -1.26906 -0.83641 2.04896 -1.11086 0.606549 0.0662777 -1.38233 -1.96054 -1.13132 -0.4772 
1.13046 -1.82786 -1.75229 1.46002 -1.26929 -0.832508 2.04664 -1.11086 0.606549 0.0662777 -1.38233 -1.96054 -1.13132 -0.4772 
1.1353 -1.8258 -1.7498 1.46118 -1.2678 -0.831452 2.04041 -1.11086 0.606549 0.0662777 -1.38233 -1.96054 -1.13132 -0.4772 
1.14093 -1.82664 -1.7486 1.46734 -1.26687 -0.831947 2.03804 -1.11086 0.606549 0.0662777 -1.38233 -1.96054 -1.13132 -0.4772 
1.14654 -1.82637 -1.74784 1.47407 -1.26721 -0.829691 2.03705 -1.11086 0.606549 0.0662777 -1.38233 -1.96054 -1.13132 -0.4772 
1.15094 -1.82623 -1.74719 1.47948 -1.26823 -0.826752 2.03636 -1.11086 0.606549 0.0662777 -1.38233 -1.96054 -1.13132 -0.4772 
1.15498 -1.82486 -1.74543 1.48331 -1.26737 -0.825275 2.03276 -1.11086 0.606549 0.0662777 -1.38233 -1.96054 -1.13132 -0.4772 
1.15762 -1.82466 -1.745 1.48644 -1.26787 -0.824101 2.03128 -1.11086 0.606549 0.0662777 -1.38233 -1.96054 -1.13132 -0.4772 
1.15886 -1.82561 -1.7451 1.48822 -1.26763 -0.825432 2.03054 -1.11086 0.606549 0.0662777 -1.38233 -1.96054 -1.13132 -0.4772 
1.15998 -1.82445 -1.7439 1.48922 -1.26699 -0.824558 2.02888 -1.11086 0.606549 0.0662777 -1.38233 -1.96054 -1.13132 -0.4772 
1.16087 -1.82493 -1.74451 1.49085 -1.26846 -0.82308 2.02975 -1.11086 0.606549 0.0662777 -1.38233 -1.96054 -1.13132 -0.4772 
1.16253 -1.82404 -1.74391 1.49247 -1.26894 -0.821292 2.02879 -1.11086 0.606549 0.0662777 -1.38233 -1.96054 -1.13132 -0.4772 
1.16476 -1.82359 -1.7431 1.49431 -1.26831 -0.820881 2.02709 -1.11086 0.606549 0.0662777 -1.38233 -1.96054 -1.13132 -0.4772 
1.16865 -1.82181 -1.74071 1.49659 -1.26571 -0.821465 2.02165 -1.11086 0.606549 0.0662777 -1.38233 -1.96054 -1.13132 -0.4772 
1.17151 -1.82218 -1.74038 1.5005 -1.26633 -0.820303 2.02137 -1.11086 0.606549 0.0662777 -1.38233 -1.96054 -1.13132 -0.4772 
1.17328 -1.82227 -1.74028 1.50345 -1.26655 -0.81963 2.02146 -1.11086 0.606549 0.0662777 -1.38233 -1.96054 -1.13132 -0.4772 
1.174 -1.82176 -1.74015 1.50422 -1.26706 -0.818379 2.02126 -1.11086 0.606549 0.0662777 -1.38233 -1.96054 -1.13132 -0.4772 
1.17317 -1.82379 -1.74178 1.50496 -1.26923 -0.817999 2.02423 -1.11086 0.606549 0.0662777 -1.38233 -1.96054 -1.13132 -0.4772 
1.17265 -1.82414 -1.74236 1.50487 -1.27021 -0.817104 2.02575 -1.11086 0.606549 0.0662777 -1.38233 -1.96054 -1.13132 -0.4772 
1.17267 -1.82415 -1.74212 1.50456 -1.26964 -0.817765 2.02542 -1.11086 0.606549 0.0662777 -1.38233 -1.96054 -1.13132 -0.4772 
1.17228 -1.82438 -1.74259 1.50454 -1.27031 -0.817343 2.02612 -1.11086 0.606549 0.0662777 -1.38233 -1.96054 -1.13132 -0.4772 
1.17279 -1.82283 -1.74058 1.50345 -1.26677 -0.820052 2.02259 -1.11086 0.606549 0.0662777 -1.38233 -1.96054 -1.13132 -0.4772 
1.17335 -1.82172 -1.73976 1.50318 -1.26595 -0.820086 2.02038 -1.11086 0.606549 0.0662777 -1.38233 -1.96054 -1.13132 -0.4772 
1.17314 -1.82189 -1.7399 1.50317 -1.26639 -0.819927 2.02052 -1.11086 0.606549 0.0662777 -1.38233 -1.96054 -1.13132 -0.4772 
1.17354 -1.822 -1.74041 1.5041 -1.26751 -0.818427 2.022 -1.11086 0.606549 0.0662777 -1.38233 -1.96054 -1.13132 -0.4772 
1.17273 -1.82289 -1.74108 1.50381 -1.26819 -0.81883 2.02307 -1.11086 0.606549 0.0662777 -1.38233 -1.96054 -1.13132 -0.4772 
1.17325 -1.82233 -1.74117 1.50437 -1.26925 -0.817466 2.02259 -1.11086 0.606549 0.0662777 -1.38233 -1.96054 -1.13132 -0.4772 
1.17326 -1.82198 -1.74109 1.50424 -1.26951 -0.817015 2.02187 -1.11086 0.606549 0.0662777 -1.38233 -1.96054 -1.13132 -0.4772 
1.1732 -1.82286 -1.74226 1.50497 -1.2719 -0.815488 2.02322 -1.11086 0.606549 0.0662777 -1.38233 -1.96054 -1.13132 -0.4772 
1.17304 -1.82264 -1.74208 1.50455 -1.27127 -0.816054 2.02278 -1.11086 0.606549 0.0662777 -1.38233 -1.96054 -1.13132 -0.4772 
1.17287 -1.82232 -1.74133 1.50361 -1.26992 -0.817653 2.02137 -1.11086 0.606549 0.0662777 -1.38233 -1.96054 -1.13132 -0.4772 
1.17294 -1.82255 -1.74168 1.50393 -1.27082 -0.816948 2.02171 -1.11086 0.606549 0.0662777 -1.38233 -1.96054 -1.13132 -0.4772 
1.17253 -1.8232 -1.74236 1.5042 -1.27179 -0.81631 2.02342 -1.11086 0.606549 0.0662777 -1.38233 -1.96054 -1.13132 -0.4772 
1.17227 -1.82328 -1.74181 1.50325 -1.26991 -0.818863 2.02289 -1.11086 0.606549 0.0662777 -1.38233 -1.96054 -1.13132 -0.4772 
1.17273 -1.82276 -1.74162 1.50399 -1.27061 -0.81737 2.02261 -1.11086 0.606549 0.0662777 -1.38233 -1.96054 -1.13132 -0.4772 
1.17332 -1.82196 -1.74143 1.50435 -1.27105 -0.816021 2.02241 -1.11086 0.606549 0.0662777 -1.38233 -1.96054 -1.13132 -0.4772 
1.17269 -1.82228 -1.74111 1.50329 -1.26944 -0.818187 2.02168 -1.11086 0.606549 0.0662777 -1.38233 -1.96054 -1.13132 -0.4772 
1.1715 -1.82447 -1.74285 1.50363 -1.27118 -0.818968 2.02472 -1.11086 0.606549 0.0662777 -1.38233 -1.96054 -1.13132 -0.4772 
1.17246 -1.8228 -1.74183 1.50415 -1.27095 -0.81698 2.02296 -1.11086 0.606549 0.0662777 -1.38233 -1.96054 -1.13132 -0.4772 
1.17281 -1.82246 -1.7416 1.50429 -1.2708 -0.816468 2.02302 -1.11086 0.606549 0.0662777 -1.38233 -1.96054 -1.13132 -0.4772 
1.17264 -1.82337 -1.74195 1.50475 -1.27102 -0.81677 2.02489 -1.11086 0.606549 0.0662777 -1.38233 -1.96054 -1.13132 -0.4772 
1.17281 -1.82323 -1.74181 1.50487 -1.27078 -0.816806 2.02523 -1.11086 0.606549 0.0662777 -1.38233 -1.96054 -1.13132 -0.4772 
1.17222 -1.82408 -1.74184 1.50446 -1.26962 -0.818791 2.02587 -1.11086 0.606549 0.0662777 -1.38233 -1.96054 -1.13132 -0.4772 
1.17245 -1.82372 -1.74223 1.50476 -1.27057 -0.817821 2.02598 -1.11086 0.606549 0.0662777 -1.38233 -1.96054 -1.13132 -0.4772 
1.17259 -1.82305 -1.74104 1.50406 -1.26863 -0.818861 2.02429 -1.11086 0.606549 0.0662777 -1.38233 -1.96054 -1.13132 -0.4772 
1.17331 -1.82199 -1.7406 1.50453 -1.26872 -0.817201 2.0236 -1.11086 0.606549 0.0662777 -1.38233 -1.96054 -1.13132 -0.4772 
1.17325 -1.82226 -1.74094 1.50469 -1.26923 -0.816777 2.02467 -1.11086 0.606549 0.0662777 -1.38233 -1.96054 -1.13132 -0.4772 
1.17317 -1.82184 -1.7404 1.50417 -1.268 -0.817962 2.02306 -1.11086 0.606549 0.0662777 -1.38233 -1.96054 -1.13132 -0.4772 
1.17311 -1.82212 -1.74064 1.50423 -1.2681 -0.817963 2.02321 -1.11086 0.606549 0.0662777 -1.38233 -1.96054 -1.13132 -0.4772 
1.17316 -1.82187 -1.74079 1.50422 -1.26872 -0.817455 2.02266 -1.11086 0.606549 0.0662777 -1.38233 -1.96054 -1.13132 -0.4772 
1.17332 -1.82165 -1.7408 1.50441 -1.26903 -0.81674 2.02307 -1.11086 0.606549 0.0662777 -1.38233 -1.96054 -1.13132 -0.4772 
1.17322 -1.82182 -1.74102 1.50439 -1.26971 -0.816388 2.02253 -1.11086 0.606549 0.0662777 -1.38233 -1.96054 -1.13132 -0.4772 
1.17325 -1.82167 -1.74136 1.50465 -1.27028 -0.815497 2.02362 -1.11086 0.606549 0.0662777 -1.38233 -1.96054 -1.13132 -0.4772 
1.17253 -1.82315 -1.7421 1.50431 -1.27097 -0.816798 2.02409 -1.11086 0.606549 0.0662777 -1.38233 -1.96054 -1.13132 -0.4772 
1.17246 -1.82353 -1.74298 1.50502 -1.27255 -0.815623 2.02595 -1.11086 0.606549 0.0662777 -1.38233 -1.96054 -1.13132 -0.4772 
1.17234 -1.8229 -1.74224 1.50435 -1.27084 -0.817279 2.02479 -1.11086 0.606549 0.0662777 -1.38233 -1.96054 -1.13132 -0.4772 
1.17259 -1.82188 -1.74121 1.50369 -1.26882 -0.818225 2.02304 -1.11086 0.606549 0.0662777 -1.38233 -1.96054 -1.13132 -0.4772 
1.17282 -1.82614 -1.74217 1.50761 -1.26972 -0.818171 2.03299 -1.11086 0.606549 0.0662777 -1.38233 -1.96054 -1.13132 -0.4772 
1.17268 -1.83537 -1.74434 1.51501 -1.27019 -0.820304 2.05423 -1.11086 0.606549 0.0662777 -1.38233 -1.96054 -1.13132 -0.4772 
1.17121 -1.84722 -1.74866 1.52305 -1.27321 -0.821198 2.08287 -1.11086 0.606549 0.0662777 -1.38233 -1.96054 -1.13132 -0.4772 
1.16871 -1.85943 -1.7522 1.52981 -1.27259 -0.825838 2.11308 -1.11086 0.606549 0.0662777 -1.38233 -1.96054 -1.13132 -0.4772 
1.16477 -1.87392 -1.75701 1.53709 -1.27346 -0.830326 2.14893 -1.11086 0.606549 0.0662777 -1.38233 -1.96054 -1.13132 -0.4772 
1.16024 -1.88709 -1.76019 1.5425 -1.27012 -0.837182 2.18479 -1.11086 0.606549 0.0662777 -1.38233 -1.96054 -1.13132 -0.4772 
1.15417 -1.90231 -1.76407 1.54773 -1.2666 -0.845235 2.22613 -1.11086 0.606549 0.0662777 -1.38233 -1.96054 -1.13132 -0.4772 
1.14732 -1.91764 -1.76815 1.55228 -1.2627 -0.852275 2.27182 -1.11086 0.606549 0.0662777 -1.38233 -1.96054 -1.13132 -0.4772 
1.1383 -1.93319 -1.77183 1.5539 -1.25494 -0.86449 2.31727 -1.11086 0.606549 0.0662777 -1.38233 -1.96054 -1.13132 -0.4772 
1.12957 -1.94664 -1.77483 1.55405 -1.24723 -0.87591 2.35706 -1.11086 0.606549 0.0662777 -1.38233 -1.96054 -1.13132 -0.4772 
1.12078 -1.96052 -1.77822 1.55493 -1.24098 -0.885215 2.39869 -1.11086 0.606549 0.0662777 -1.38233 -1.96054 -1.13132 -0.4772 
1.11358 -1.96699 -1.77333 1.55479 -1.24207 -0.901614 2.44066 -1.11086 0.606549 0.0662777 -1.38233 -1.96054 -1.13132 -0.4772 
1.1076 -1.96699 -1.76184 1.55482 -1.25299 -0.923361 2.48533 -1.11086 0.606549 0.0662777 -1.38233 -1.96054 -1.13132 -0.4772 
1.10105 -1.96699 -1.75529 1.54923 -1.252 -0.93877 2.51101 -1.11086 0.606549 0.0662777 -1.38233 -1.96054 -1.13132 -0.4772 
1.09388 -1.96699 -1.75178 1.54222 -1.25103 -0.950961 2.52879 -1.11086 0.606549 0.0662777 -1.38233 -1.96054 -1.13132 -0.4772 
1.08846 -1.96699 -1.75015 1.53757 -1.25542 -0.960448 2.53942 -1.11086 0.606549 0.0662777 -1.38233 -1.96054 -1.13132 -0.4772 
1.0856 -1.96699 -1.7495 1.53347 -1.25345 -0.963898 2.53997 -1.11086 0.606549 0.0662777 -1.38233 -1.96054 -1.13132 -0.4772 
1.08487 -1.96676 -1.74994 1.53205 -1.25691 -0.963609 2.53277 -1.11086 0.606549 0.0662777 -1.38233 -1.96054 -1.13132 -0.4772 
1.08616 -1.96621 -1.75062 1.53265 -1.26376 -0.961816 2.51823 -1.11086 0.606549 0.0662777 -1.38233 -1.96054 -1.13132 -0.4772 
1.09069 -1.96341 -1.74987 1.53456 -1.27082 -0.956963 2.4958 -1.11086 0.606549 0.0662777 -1.38233 -1.96054 -1.13132 -0.4772 
1.09511 -1.96083 -1.74966 1.53582 -1.27812 -0.955646 2.46468 -1.11086 0.606549 0.0662777 -1.38233 -1.96054 -1.13132 -0.4772 
1.10073 -1.95842 -1.75006 1.53834 -1.28786 -0.953101 2.42991 -1.11086 0.606549 0.0662777 -1.38233 -1.96054 -1.13132 -0.4772 
1.1061 -1.95502 -1.7492 1.53798 -1.29347 -0.956142 2.3867 -1.11086 0.606549 0.0662777 -1.38233 -1.96054 -1.13132 -0.4772 
1.11372 -1.94981 -1.74704 1.5386 -1.29994 -0.955345 2.33869 -1.11086 0.606549 0.0662777 -1.38233 -1.96054 -1.13132 -0.4772 
1.1215 -1.94299 -1.74305 1.52961 -1.30258 -0.968194 2.25187 -1.11086 0.606549 0.0662777 -1.38233 -1.96054 -1.13132 -0.4772 
1.12136 -1.94258 -1.74304 1.52878 -1.30275 -0.968995 2.24734 -1.11086 0.606549 0.0662777 -1.38233 -1.96054 -1.13132 -0.4772 
1.12813 -1.93748 -1.74018 1.52607 -1.30589 -0.97302 2.19444 -1.11086 0.606549 0.0662777 -1.38233 -1.96054 -1.13132 -0.4772 
1.13351 -1.93349 -1.73778 1.52134 -1.3071 -0.981503 2.13917 -1.11086 0.606549 0.0662777 -1.38233 -1.96054 -1.13132 -0.4772 
1.13973 -1.92895 -1.73533 1.51764 -1.31038 -0.986287 2.08516 -1.11086 0.606549 0.0662777 -1.38233 -1.96054 -1.13132 -0.4772 
1.14562 -1.92401 -1.73187 1.51262 -1.31074 -0.992456 2.03234 -1.11086 0.606549 0.0662777 -1.38233 -1.96054 -1.13132 -0.4772 
1.1495 -1.92012 -1.72889 1.50691 -1.30988 -0.999965 1.98643 -1.11086 0.606549 0.0662777 -1.38233 -1.96054 -1.13132 -0.4772 
1.15421 -1.91452 -1.72476 1.50153 -1.30822 -1.0044 1.94352 -1.11086 0.606549 0.0662777 -1.38233 -1.96054 -1.13132 -0.4772 
1.15455 -1.90708 -1.71883 1.4885 -1.3017 -1.01768 1.88176 -1.11086 0.606549 0.0662777 -1.38233 -1.96054 -1.13132 -0.4772 
1.15646 -1.90313 -1.71488 1.48084 -1.29676 -1.02691 1.8441 -1.11086 0.606549 0.0662777 -1.38233 -1.96054 -1.13132 -0.4772 
1.15805 -1.89931 -1.7109 1.47366 -1.29075 -1.03585 1.81295 -1.11086 0.606549 0.0662777 -1.38233 -1.96054 -1.13132 -0.4772 
1.15805 -1.89776 -1.7079 1.46646 -1.28347 -1.04765 1.79028 -1.11086 0.606549 0.0662777 -1.38233 -1.96054 -1.13132 -0.4772 
1.15842 -1.89755 -1.70746 1.46309 -1.284 -1.05215 1.77296 -1.11086 0.606549 0.0662777 -1.38233 -1.96054 -1.13132 -0.4772 
1.1593 -1.89413 -1.70363 1.45638 -1.27776 -1.05992 1.74888 -1.11086 0.606549 0.0662777 -1.38233 -1.96054 -1.13132 -0.4772 
1.16012 -1.89208 -1.70202 1.45224 -1.27755 -1.06301 1.72849 -1.11086 0.606549 0.0662777 -1.38233 -1.96054 -1.13132 -0.4772 
1.15964 -1.89199 -1.70186 1.44824 -1.27782 -1.06748 1.71289 -1.11086 0.606549 0.0662777 -1.38233 -1.96054 -1.13132 -0.4772 
1.15975 -1.88935 -1.69924 1.44162 -1.27411 -1.07389 1.69101 -1.11086 0.606549 0.0662777 -1.38233 -1.96054 -1.13132 -0.4772 
1.15938 -1.88878 -1.69877 1.43674 -1.27589 -1.07835 1.66758 -1.11086 0.606549 0.0662777 -1.38233 -1.96054 -1.13132 -0.4772 
1.15863 -1.89025 -1.69979 1.43363 -1.28052 -1.0818 1.64784 -1.11086 0.606549 0.0662777 -1.38233 -1.96054 -1.13132 -0.4772 
1.15541 -1.89332 -1.70147 1.42759 -1.28154 -1.09217 1.629 -1.11086 0.606549 0.0662777 -1.38233 -1.96054 -1.13132 -0.4772 
1.1541 -1.89213 -1.69931 1.41993 -1.27741 -1.10242 1.6035 -1.11086 0.606549 0.0662777 -1.38233 -1.96054 -1.13132 -0.4772 
1.15813 -1.89287 -1.69949 1.42278 -1.27867 -1.1015 1.60222 -1.11086 0.606549 0.0662777 -1.38233 -1.96054 -1.13132 -0.4772 
1.15747 -1.89607 -1.70198 1.42123 -1.28456 -1.10616 1.5849 -1.11086 0.606549 0.0662777 -1.38233 -1.96054 -1.13132 -0.4772 
1.15733 -1.89466 -1.70096 1.41743 -1.28484 -1.11048 1.56259 -1.11086 0.606549 0.0662777 -1.38233 -1.96054 -1.13132 -0.4772 
1.15702 -1.89227 -1.69857 1.41119 -1.28056 -1.11904 1.53704 -1.11086 0.606549 0.0662777 -1.38233 -1.96054 -1.13132 -0.4772 
1.15599 -1.89076 -1.69671 1.4053 -1.27564 -1.12896 1.51468 -1.11086 0.606549 0.0662777 -1.38233 -1.96054 -1.13132 -0.4772 
1.15587 -1.88944 -1.69514 1.40179 -1.27206 -1.13606 1.49793 -1.11086 0.606549 0.0662777 -1.38233 -1.96054 -1.13132 -0.4772 
1.15586 -1.88951 -1.69483 1.40078 -1.27082 -1.14108 1.48669 -1.11086 0.606549 0.0662777 -1.38233 -1.96054 -1.13132 -0.4772 
1.15535 -1.88779 -1.69278 1.39656 -1.26415 -1.15035 1.47334 -1.11086 0.606549 0.0662777 -1.38233 -1.96054 -1.13132 -0.4772 
1.15643 -1.88727 -1.69209 1.39793 -1.26322 -1.1522 1.46799 -1.11086 0.606549 0.0662777 -1.38233 -1.96054 -1.13132 -0.4772 
1.1578 -1.88742 -1.6922 1.40107 -1.2635 -1.15248 1.46619 -1.11086 0.606549 0.0662777 -1.38233 -1.96054 -1.13132 -0.4772 
1.16 -1.8851 -1.68985 1.40169 -1.259 -1.15463 1.46136 -1.11086 0.606549 0.0662777 -1.38233 -1.96054 -1.13132 -0.4772 
1.16149 -1.88265 -1.68727 1.40093 -1.25208 -1.1594 1.45661 -1.11086 0.606549 0.0662777 -1.38233 -1.96054 -1.13132 -0.4772 
1.16316 -1.88121 -1.68513 1.40183 -1.24674 -1.16329 1.45357 -1.11086 0.606549 0.0662777 -1.38233 -1.96054 -1.13132 -0.4772 
1.16572 -1.87844 -1.68094 1.40159 -1.23845 -1.16777 1.44844 -1.11086 0.606549 0.0662777 -1.38233 -1.96054 -1.13132 -0.4772 
1.16738 -1.87359 -1.67526 1.39763 -1.22558 -1.17633 1.43937 -1.11086 0.606549 0.0662777 -1.38233 -1.96054 -1.13132 -0.4772 
1.17029 -1.86943 -1.67048 1.39687 -1.21755 -1.17916 1.43271 -1.11086 0.606549 0.0662777 -1.38233 -1.96054 -1.13132 -0.4772 
1.17345 -1.86173 -1.66295 1.39248 -1.205 -1.18406 1.41917 -1.11086 0.606549 0.0662777 -1.38233 -1.96054 -1.13132 -0.4772 
1.17466 -1.8557 -1.65696 1.3865 -1.19182 -1.19306 1.40794 -1.11086 0.606549 0.0662777 -1.38233 -1.96054 -1.13132 -0.4772 
1.17545 -1.84869 -1.64934 1.37781 -1.17524 -1.20482 1.39488 -1.11086 0.606549 0.0662777 -1.38233 -1.96054 -1.13132 -0.4772 
1.17786 -1.84126 -1.64242 1.37209 -1.16221 -1.21172 1.38274 -1.11086 0.606549 0.0662777 -1.38233 -1.96054 -1.13132 -0.4772 
1.17823 -1.83775 -1.63863 1.36799 -1.15387 -1.21826 1.37541 -1.11086 0.606549 0.0662777 -1.38233 -1.96054 -1.13132 -0.4772 
1.18141 -1.83022 -1.63181 1.36497 -1.14369 -1.22119 1.36455 -1.11086 0.606549 0.0662777 -1.38233 -1.96054 -1.13132 -0.4772 
1.18162 -1.8278 -1.62848 1.36072 -1.13603 -1.22878 1.35838 -1.11086 0.606549 0.0662777 -1.38233 -1.96054 -1.13132 -0.4772 
1.18193 -1.82258 -1.62318 1.35481 -1.12481 -1.23724 1.34907 -1.11086 0.606549 0.0662777 -1.38233 -1.96054 -1.13132 -0.4772 
1.18219 -1.81747 -1.61833 1.34876 -1.11436 -1.24546 1.34033 -1.11086 0.606549 0.0662777 -1.38233 -1.96054 -1.13132 -0.4772 
1.18227 -1.81168 -1.61358 1.34224 -1.10303 -1.25285 1.33416 -1.11086 0.606549 0.0662777 -1.38233 -1.96054 -1.13132 -0.4772 
1.18262 -1.8105 -1.61264 1.34145 -1.101 -1.25381 1.33297 -1.11086 0.606549 0.0662777 -1.38233 -1.96054 -1.13132 -0.4772 
1.19089 -1.81091 -1.61319 1.3607 -1.10678 -1.23444 1.35401 -1.11086 0.606549 0.0662777 -1.38233 -1.96054 -1.13132 -0.4772 
1.19244 -1.81222 -1.61429 1.36522 -1.11102 -1.22885 1.35797 -1.11086 0.606549 0.0662777 -1.38233 -1.96054 -1.13132 -0.4772 
1.19148 -1.81244 -1.61434 1.36348 -1.10948 -1.23181 1.35762 -1.11086 0.606549 0.0662777 -1.38233 -1.96054 -1.13132 -0.4772 
1.19127 -1.81343 -1.61523 1.3643 -1.11049 -1.23133 1.35975 -1.11086 0.606549 0.0662777 -1.38233 -1.96054 -1.13132 -0.4772 
1.19203 -1.81258 -1.61499 1.36545 -1.11151 -1.22895 1.35921 -1.11086 0.606549 0.0662777 -1.38233 -1.96054 -1.13132 -0.4772 
1.19191 -1.81069 -1.61364 1.36336 -1.10884 -1.23099 1.35544 -1.11086 0.606549 0.0662777 -1.38233 -1.96054 -1.13132 -0.4772 
1.19225 -1.81326 -1.61497 1.36613 -1.11208 -1.22894 1.35919 -1.11086 0.606549 0.0662777 -1.38233 -1.96054 -1.13132 -0.4772 
1.19237 -1.81268 -1.61484 1.3657 -1.11162 -1.22895 1.35895 -1.11086 0.606549 0.0662777 -1.38233 -1.96054 -1.13132 -0.4772 
1.19232 -1.81347 -1.61496 1.36644 -1.11219 -1.22851 1.36039 -1.11086 0.606549 0.0662777 -1.38233 -1.96054 -1.13132 -0.4772 
1.19164 -1.81189 -1.61411 1.36361 -1.1094 -1.23162 1.35747 -1.11086 0.606549 0.0662777 -1.38233 -1.96054 -1.13132 -0.4772 
1.1923 -1.81247 -1.6144 1.36558 -1.11121 -1.22924 1.35836 -1.11086 0.606549 0.0662777 -1.38233 -1.96054 -1.13132 -0.4772 
1.13606 -1.82684 -1.74857 1.48488 -1.28711 -0.814207 2.01906 -1.11086 0.606549 0.0662777 -1.38233 -1.96054 -1.13132 -0.4772 
1.13311 -1.82498 -1.75192 1.48818 -1.29223 -0.797715 2.05055 -1.11086 0.606549 0.0662777 -1.38233 -1.96054 -1.13132 -0.4772 
1.13 -1.82647 -1.75558 1.4886 -1.29272 -0.794538 2.07291 -1.11086 0.606549 0.0662777 -1.38233 -1.96054 -1.13132 -0.4772 
1.13238 -1.82441 -1.75575 1.49027 -1.29489 -0.787853 2.07684 -1.11086 0.606549 0.0662777 -1.38233 -1.96054 -1.13132 -0.4772 
1.13722 -1.82162 -1.75289 1.49124 -1.29251 -0.78632 2.07085 -1.11086 0.606549 0.0662777 -1.38233 -1.96054 -1.13132 -0.4772 
1.14397 -1.8213 -1.75249 1.49939 -1.29512 -0.781045 2.07008 -1.11086 0.606549 0.0662777 -1.38233 -1.96054 -1.13132 -0.4772 
1.14957 -1.81936 -1.74981 1.50445 -1.29189 -0.781561 2.06436 -1.11086 0.606549 0.0662777 -1.38233 -1.96054 -1.13132 -0.4772 
1.15223 -1.82205 -1.75207 1.5098 -1.29576 -0.779837 2.06736 -1.11086 0.606549 0.0662777 -1.38233 -1.96054 -1.13132 -0.4772 
1.15641 -1.81981 -1.75005 1.51371 -1.29499 -0.777261 2.06315 -1.11086 0.606549 0.0662777 -1.38233 -1.96054 -1.13132 -0.4772 
1.1588 -1.81972 -1.75001 1.51675 -1.29614 -0.77517 2.06308 -1.11086 0.606549 0.0662777 -1.38233 -1.96054 -1.13132 -0.4772 
1.16092 -1.81873 -1.7496 1.51914 -1.29738 -0.772152 2.06167 -1.11086 0.606549 0.0662777 -1.38233 -1.96054 -1.13132 -0.4772 
1.16295 -1.81727 -1.74764 1.51989 -1.29452 -0.773251 2.05828 -1.11086 0.606549 0.0662777 -1.38233 -1.96054 -1.13132 -0.4772 
1.16295 -1.81904 -1.74825 1.52068 -1.29467 -0.775173 2.05935 -1.11086 0.606549 0.0662777 -1.38233 -1.96054 -1.13132 -0.4772 
1.1635 -1.81847 -1.74787 1.52135 -1.29408 -0.775285 2.05822 -1.11086 0.606549 0.0662777 -1.38233 -1.96054 -1.13132 -0.4772 
1.16687 -1.81689 -1.74635 1.5238 -1.29364 -0.773458 2.05472 -1.11086 0.606549 0.0662777 -1.38233 -1.96054 -1.13132 -0.4772 
1.17062 -1.81554 -1.74513 1.52723 -1.29343 -0.771563 2.05089 -1.11086 0.606549 0.0662777 -1.38233 -1.96054 -1.13132 -0.4772 
1.17217 -1.81852 -1.74684 1.5309 -1.29558 -0.772029 2.05357 -1.11086 0.606549 0.0662777 -1.38233 -1.96054 -1.13132 -0.4772 
1.17328 -1.82042 -1.74814 1.53412 -1.29748 -0.771335 2.05653 -1.11086 0.606549 0.0662777 -1.38233 -1.96054 -1.13132 -0.4772 
1.17378 -1.81955 -1.74739 1.53447 -1.29612 -0.771749 2.05564 -1.11086 0.606549 0.0662777 -1.38233 -1.96054 -1.13132 -0.4772 
1.17436 -1.81936 -1.74765 1.53547 -1.29769 -0.76923 2.05642 -1.11086 0.606549 0.0662777 -1.38233 -1.96054 -1.13132 -0.4772 
1.17386 -1.81984 -1.7483 1.53503 -1.29855 -0.768774 2.05716 -1.11086 0.606549 0.0662777 -1.38233 -1.96054 -1.13132 -0.4772 
1.17398 -1.81989 -1.74817 1.53544 -1.29838 -0.768994 2.05756 -1.11086 0.606549 0.0662777 -1.38233 -1.96054 -1.13132 -0.4772 
1.17305 -1.82088 -1.74916 1.53481 -1.2995 -0.768987 2.05892 -1.11086 0.606549 0.0662777 -1.38233 -1.96054 -1.13132 -0.4772 
1.17376 -1.8196 -1.7481 1.53511 -1.29802 -0.769086 2.05748 -1.11086 0.606549 0.0662777 -1.38233 -1.96054 -1.13132 -0.4772 
1.17413 -1.81857 -1.74705 1.53465 -1.29671 -0.769525 2.05515 -1.11086 0.606549 0.0662777 -1.38233 -1.96054 -1.13132 -0.4772 
1.17325 -1.8202 -1.74825 1.53486 -1.2981 -0.769887 2.05742 -1.11086 0.606549 0.0662777 -1.38233 -1.96054 -1.13132 -0.4772 
1.17291 -1.82055 -1.74827 1.5343 -1.29709 -0.77154 2.05737 -1.11086 0.606549 0.0662777 -1.38233 -1.96054 -1.13132 -0.4772 
1.17332 -1.82015 -1.74807 1.5345 -1.2974 -0.771092 2.05597 -1.11086 0.606549 0.0662777 -1.38233 -1.96054 -1.13132 -0.4772 
1.17367 -1.8191 -1.74736 1.53423 -1.29681 -0.770343 2.05478 -1.11086 0.606549 0.0662777 -1.38233 -1.96054 -1.13132 -0.4772 
1.17388 -1.81881 -1.74759 1.53428 -1.2975 -0.769887 2.05331 -1.11086 0.606549 0.0662777 -1.38233 -1.96054 -1.13132 -0.4772 
1.17399 -1.81864 -1.74774 1.53425 -1.29808 -0.768967 2.05349 -1.11086 0.606549 0.0662777 -1.38233 -1.96054 -1.13132 -0.4772 
1.17447 -1.81749 -1.74749 1.53471 -1.29876 -0.767193 2.05224 -1.11086 0.606549 0.0662777 -1.38233 -1.96054 -1.13132 -0.4772 
1.17544 -1.81561 -1.74609 1.53435 -1.29716 -0.766813 2.04912 -1.11086 0.606549 0.0662777 -1.38233 -1.96054 -1.13132 -0.4772 
1.17552 -1.81539 -1.74577 1.53409 -1.29658 -0.767013 2.04891 -1.11086 0.606549 0.0662777 -1.38233 -1.96054 -1.13132 -0.4772 
1.17529 -1.81575 -1.74583 1.53421 -1.29689 -0.766997 2.04899 -1.11086 0.606549 0.0662777 -1.38233 -1.96054 -1.13132 -0.4772 
1.17549 -1.81567 -1.74587 1.53423 -1.29675 -0.766661 2.04966 -1.11086 0.606549 0.0662777 -1.38233 -1.96054 -1.13132 -0.4772 
1.17526 -1.81562 -1.74565 1.53401 -1.29622 -0.767207 2.04909 -1.11086 0.606549 0.0662777 -1.38233 -1.96054 -1.13132 -0.4772 
1.17505 -1.81659 -1.74665 1.53427 -1.29779 -0.766665 2.05104 -1.11086 0.606549 0.0662777 -1.38233 -1.96054 -1.13132 -0.4772 
1.17471 -1.81728 -1.74715 1.53455 -1.29886 -0.766036 2.0527 -1.11086 0.606549 0.0662777 -1.38233 -1.96054 -1.13132 -0.4772 
1.17441 -1.81773 -1.74756 1.53467 -1.29907 -0.766481 2.05365 -1.11086 0.606549 0.0662777 -1.38233 -1.96054 -1.13132 -0.4772 
1.17362 -1.81894 -1.7479 1.53414 -1.29824 -0.768782 2.05459 -1.11086 0.606549 0.0662777 -1.38233 -1.96054 -1.13132 -0.4772 
1.17416 -1.81778 -1.74728 1.53412 -1.29683 -0.769253 2.05321 -1.11086 0.606549 0.0662777 -1.38233 -1.96054 -1.13132 -0.4772 
1.1734 -1.81933 -1.74732 1.53361 -1.2955 -0.771999 2.05426 -1.11086 0.606549 0.0662777 -1.38233 -1.96054 -1.13132 -0.4772 
1.17418 -1.81794 -1.74665 1.53403 -1.29555 -0.770296 2.053 -1.11086 0.606549 0.0662777 -1.38233 -1.96054 -1.13132 -0.4772 
1.17433 -1.81705 -1.74611 1.53393 -1.29481 -0.770112 2.0525 -1.11086 0.606549 0.0662777 -1.38233 -1.96054 -1.13132 -0.4772 
1.17483 -1.81681 -1.74576 1.53397 -1.29489 -0.769573 2.05165 -1.11086 0.606549 0.0662777 -1.38233 -1.96054 -1.13132 -0.4772 
1.17426 -1.81697 -1.74619 1.53425 -1.29527 -0.769511 2.0528 -1.11086 0.606549 0.0662777 -1.38233 -1.96054 -1.13132 -0.4772 
1.17512 -1.8171 -1.74614 1.53446 -1.29603 -0.768256 2.05248 -1.11086 0.606549 0.0662777 -1.38233 -1.96054 -1.13132 -0.4772 
1.1749 -1.81703 -1.74685 1.53531 -1.29753 -0.766365 2.05423 -1.11086 0.606549 0.0662777 -1.38233 -1.96054 -1.13132 -0.4772 
1.17433 -1.81716 -1.74635 1.53443 -1.29558 -0.76882 2.05324 -1.11086 0.606549 0.0662777 -1.38233 -1.96054 -1.13132 -0.4772 
1.17466 -1.81747 -1.74672 1.53478 -1.29639 -0.768201 2.0537 -1.11086 0.606549 0.0662777 -1.38233 -1.96054 -1.13132 -0.4772 
1.17408 -1.81772 -1.74698 1.53449 -1.29678 -0.768708 2.05339 -1.11086 0.606549 0.0662777 -1.38233 -1.96054 -1.13132 -0.4772 
1.17489 -1.81758 -1.74721 1.53514 -1.29813 -0.766412 2.05428 -1.11086 0.606549 0.0662777 -1.38233 -1.96054 -1.13132 -0.4772 
1.17517 -1.81666 -1.74632 1.53466 -1.29651 -0.767255 2.05243 -1.11086 0.606549 0.0662777 -1.38233 -1.96054 -1.13132 -0.4772 
1.17486 -1.81655 -1.74621 1.53442 -1.29583 -0.768013 2.05188 -1.11086 0.606549 0.0662777 -1.38233 -1.96054 -1.13132 -0.4772 
1.17482 -1.81668 -1.74661 1.53452 -1.29689 -0.767306 2.05229 -1.11086 0.606549 0.0662777 -1.38233 -1.96054 -1.13132 -0.4772 
1.17475 -1.81641 -1.74647 1.53412 -1.29574 -0.768295 2.05142 -1.11086 0.606549 0.0662777 -1.38233 -1.96054 -1.13132 -0.4772 
1.17473 -1.81651 -1.74655 1.53415 -1.29642 -0.7676 2.05162 -1.11086 0.606549 0.0662777 -1.38233 -1.96054 -1.13132 -0.4772 
1.17493 -1.81662 -1.74719 1.53484 -1.29759 -0.7664 2.05222 -1.11086 0.606549 0.0662777 -1.38233 -1.96054 -1.13132 -0.4772 
1.17466 -1.82136 -1.7481 1.53823 -1.29759 -0.768134 2.06253 -1.11086 0.606549 0.0662777 -1.38233 -1.96054 -1.13132 -0.4772 
1.17316 -1.83356 -1.75294 1.54644 -1.3015 -0.769379 2.09019 -1.11086 0.606549 0.0662777 -1.38233 -1.96054 -1.13132 -0.4772 
1.17197 -1.84458 -1.75634 1.55425 -1.30359 -0.770689 2.11761 -1.11086 0.606549 0.0662777 -1.38233 -1.96054 -1.13132 -0.4772 
1.17051 -1.85579 -1.75882 1.56206 -1.3033 -0.773405 2.14745 -1.11086 0.606549 0.0662777 -1.38233 -1.96054 -1.13132 -0.4772 
1.16686 -1.86974 -1.76247 1.56858 -1.3026 -0.779206 2.18168 -1.11086 0.606549 0.0662777 -1.38233 -1.96054 -1.13132 -0.4772 
1.16131 -1.88569 -1.76742 1.57497 -1.3024 -0.786001 2.2223 -1.11086 0.606549 0.0662777 -1.38233 -1.96054 -1.13132 -0.4772 
1.15535 -1.90094 -1.77138 1.58015 -1.29956 -0.793949 2.26342 -1.11086 0.606549 0.0662777 -1.38233 -1.96054 -1.13132 -0.4772 
1.1479 -1.91668 -1.775 1.584 -1.29416 -0.804312 2.30731 -1.11086 0.606549 0.0662777 -1.38233 -1.96054 -1.13132 -0.4772 
1.1407 -1.93041 -1.77677 1.58641 -1.28627 -0.814444 2.3495 -1.11086 0.606549 0.0662777 -1.38233 -1.96054 -1.13132 -0.4772 
1.13273 -1.94453 -1.77831 1.58803 -1.27748 -0.824624 2.39444 -1.11086 0.606549 0.0662777 -1.38233 -1.96054 -1.13132 -0.4772 
1.12454 -1.95796 -1.781 1.58891 -1.27084 -0.834487 2.43411 -1.11086 0.606549 0.0662777 -1.38233 -1.96054 -1.13132 -0.4772 
1.11783 -1.96699 -1.77909 1.58979 -1.26792 -0.845583 2.47357 -1.11086 0.606549 0.0662777 -1.38233 -1.96054 -1.13132 -0.4772 
1.11102 -1.96699 -1.76582 1.5873 -1.27425 -0.874638 2.5151 -1.11086 0.606549 0.0662777 -1.38233 -1.96054 -1.13132 -0.4772 
1.10563 -1.96699 -1.75987 1.58487 -1.27841 -0.885235 2.54474 -1.11086 0.606549 0.0662777 -1.38233 -1.96054 -1.13132 -0.4772 
1.09848 -1.96699 -1.75624 1.57779 -1.27776 -0.899429 2.56087 -1.11086 0.606549 0.0662777 -1.38233 -1.96054 -1.13132 -0.4772 
1.09392 -1.96699 -1.75417 1.57291 -1.27721 -0.907261 2.56883 -1.11086 0.606549 0.0662777 -1.38233 -1.96054 -1.13132 -0.4772 
1.0916 -1.96699 -1.75364 1.57119 -1.28139 -0.908628 2.57344 -1.11086 0.606549 0.0662777 -1.38233 -1.96054 -1.13132 -0.4772 
1.09129 -1.96658 -1.75344 1.56944 -1.28201 -0.908758 2.5664 -1.11086 0.606549 0.0662777 -1.38233 -1.96054 -1.13132 -0.4772 
1.0918 -1.96615 -1.75419 1.569 -1.28775 -0.9079 2.55374 -1.11086 0.606549 0.0662777 -1.38233 -1.96054 -1.13132 -0.4772 
1.09528 -1.96503 -1.75544 1.57193 -1.29852 -0.902321 2.53448 -1.11086 0.606549 0.0662777 -1.38233 -1.96054 -1.13132 -0.4772 
1.09982 -1.96172 -1.75488 1.57244 -1.30464 -0.90107 2.50333 -1.11086 0.606549 0.0662777 -1.38233 -1.96054 -1.13132 -0.4772 
1.10511 -1.95793 -1.75368 1.57207 -1.30899 -0.903212 2.46409 -1.11086 0.606549 0.0662777 -1.38233 -1.96054 -1.13132 -0.4772 
1.10999 -1.95615 -1.75484 1.57297 -1.31791 -0.90469 2.42326 -1.11086 0.606549 0.0662777 -1.38233 -1.96054 -1.13132 -0.4772 
1.11662 -1.95267 -1.75455 1.57382 -1.32612 -0.904464 2.37746 -1.11086 0.606549 0.0662777 -1.38233 -1.96054 -1.13132 -0.4772 
1.12447 -1.94949 -1.75342 1.57088 -1.33283 -0.912489 2.30623 -1.11086 0.606549 0.0662777 -1.38233 -1.96054 -1.13132 -0.4772 
1.12482 -1.94861 -1.75222 1.56956 -1.3307 -0.914232 2.30069 -1.11086 0.606549 0.0662777 -1.38233 -1.96054 -1.13132 -0.4772 
1.1318 -1.944 -1.7502 1.56797 -1.33495 -0.916929 2.24954 -1.11086 0.606549 0.0662777 -1.38233 -1.96054 -1.13132 -0.4772 
1.13729 -1.94064 -1.74824 1.56366 -1.33585 -0.925726 2.19501 -1.11086 0.606549 0.0662777 -1.38233 -1.96054 -1.13132 -0.4772 
1.14345 -1.9362 -1.74608 1.56016 -1.33814 -0.930845 2.14167 -1.11086 0.606549 0.0662777 -1.38233 -1.96054 -1.13132 -0.4772 
1.149 -1.93179 -1.74309 1.55549 -1.3377 -0.937373 2.09024 -1.11086 0.606549 0.0662777 -1.38233 -1.96054 -1.13132 -0.4772 
1.15545 -1.92498 -1.73811 1.55008 -1.33471 -0.942532 2.0386 -1.11086 0.606549 0.0662777 -1.38233 -1.96054 -1.13132 -0.4772 
1.16074 -1.91844 -1.73313 1.54408 -1.33042 -0.948348 1.99241 -1.11086 0.606549 0.0662777 -1.38233 -1.96054 -1.13132 -0.4772 
1.1612 -1.91322 -1.72942 1.53412 -1.32826 -0.958538 1.93524 -1.11086 0.606549 0.0662777 -1.38233 -1.96054 -1.13132 -0.4772 
1.16202 -1.911 -1.72664 1.5264 -1.32283 -0.970218 1.89931 -1.11086 0.606549 0.0662777 -1.38233 -1.96054 -1.13132 -0.4772 
1.16523 -1.90344 -1.71897 1.51663 -1.30988 -0.981776 1.85923 -1.11086 0.606549 0.0662777 -1.38233 -1.96054 -1.13132 -0.4772 
1.16554 -1.90006 -1.71414 1.50757 -1.29834 -0.996207 1.83014 -1.11086 0.606549 0.0662777 -1.38233 -1.96054 -1.13132 -0.4772 
1.16683 -1.90021 -1.71432 1.50675 -1.3017 -0.996942 1.81577 -1.11086 0.606549 0.0662777 -1.38233 -1.96054 -1.13132 -0.4772 
1.16672 -1.9014 -1.7145 1.50412 -1.30221 -1.00189 1.80281 -1.11086 0.606549 0.0662777 -1.38233 -1.96054 -1.13132 -0.4772 
1.16819 -1.89922 -1.71288 1.50115 -1.30187 -1.00352 1.78637 -1.11086 0.606549 0.0662777 -1.38233 -1.96054 -1.13132 -0.4772 
1.16762 -1.90021 -1.7138 1.49841 -1.30479 -1.0072 1.77046 -1.11086 0.606549 0.0662777 -1.38233 -1.96054 -1.13132 -0.4772 
1.16738 -1.89998 -1.71347 1.49396 -1.30593 -1.01218 1.74857 -1.11086 0.606549 0.0662777 -1.38233 -1.96054 -1.13132 -0.4772 
1.16577 -1.90142 -1.71412 1.48864 -1.30683 -1.01973 1.72857 -1.11086 0.606549 0.0662777 -1.38233 -1.96054 -1.13132 -0.4772 
1.16489 -1.90198 -1.71376 1.48367 -1.30695 -1.02668 1.70652 -1.11086 0.606549 0.0662777 -1.38233 -1.96054 -1.13132 -0.4772 
1.16442 -1.89871 -1.70972 1.47461 -1.29875 -1.03793 1.67745 -1.11086 0.606549 0.0662777 -1.38233 -1.96054 -1.13132 -0.4772 
1.16301 -1.90094 -1.71071 1.47086 -1.30171 -1.04448 1.65647 -1.11086 0.606549 0.0662777 -1.38233 -1.96054 -1.13132 -0.4772 
1.1664 -1.90183 -1.7109 1.47257 -1.30136 -1.0456 1.6559 -1.11086 0.606549 0.0662777 -1.38233 -1.96054 -1.13132 -0.4772 
1.16693 -1.90019 -1.70937 1.46796 -1.30012 -1.05108 1.63178 -1.11086 0.606549 0.0662777 -1.38233 -1.96054 -1.13132 -0.4772 
1.1671 -1.89949 -1.70868 1.46459 -1.30048 -1.05604 1.60937 -1.11086 0.606549 0.0662777 -1.38233 -1.96054 -1.13132 -0.4772 
1.16677 -1.89875 -1.70764 1.46032 -1.29869 -1.06348 1.58657 -1.11086 0.606549 0.0662777 -1.38233 -1.96054 -1.13132 -0.4772 
1.16675 -1.89779 -1.70637 1.45703 -1.29635 -1.07009 1.56757 -1.11086 0.606549 0.0662777 -1.38233 -1.96054 -1.13132 -0.4772 
1.1667 -1.89648 -1.70464 1.4536 -1.29247 -1.07738 1.54979 -1.11086 0.606549 0.0662777 -1.38233 -1.96054 -1.13132 -0.4772 
1.16714 -1.89372 -1.70161 1.44972 -1.28544 -1.08521 1.5335 -1.11086 0.606549 0.0662777 -1.38233 -1.96054 -1.13132 -0.4772 
1.1668 -1.895 -1.70214 1.44961 -1.2852 -1.09004 1.52544 -1.11086 0.606549 0.0662777 -1.38233 -1.96054 -1.13132 -0.4772 
1.16681 -1.89562 -1.70221 1.45005 -1.2838 -1.09427 1.52027 -1.11086 0.606549 0.0662777 -1.38233 -1.96054 -1.13132 -0.4772 
1.16814 -1.89433 -1.70104 1.45123 -1.28072 -1.09649 1.5166 -1.11086 0.606549 0.0662777 -1.38233 -1.96054 -1.13132 -0.4772 
1.16992 -1.88957 -1.6965 1.44813 -1.26999 -1.10312 1.50656 -1.11086 0.606549 0.0662777 -1.38233 -1.96054 -1.13132 -0.4772 
1.17135 -1.89016 -1.69698 1.45166 -1.27063 -1.10288 1.50724 -1.11086 0.606549 0.0662777 -1.38233 -1.96054 -1.13132 -0.4772 
1.1733 -1.88997 -1.69603 1.45481 -1.26884 -1.10346 1.50729 -1.11086 0.606549 0.0662777 -1.38233 -1.96054 -1.13132 -0.4772 
1.17677 -1.88399 -1.68933 1.45246 -1.25569 -1.10957 1.49654 -1.11086 0.606549 0.0662777 -1.38233 -1.96054 -1.13132 -0.4772 
1.17886 -1.87944 -1.68381 1.44959 -1.244 -1.11692 1.48706 -1.11086 0.606549 0.0662777 -1.38233 -1.96054 -1.13132 -0.4772 
1.18162 -1.874 -1.67794 1.44704 -1.23307 -1.1218 1.47818 -1.11086 0.606549 0.0662777 -1.38233 -1.96054 -1.13132 -0.4772 
1.18467 -1.86556 -1.66989 1.44183 -1.21859 -1.12835 1.46367 -1.11086 0.606549 0.0662777 -1.38233 -1.96054 -1.13132 -0.4772 
1.18728 -1.8576 -1.66266 1.43635 -1.205 -1.13541 1.4486 -1.11086 0.606549 0.0662777 -1.38233 -1.96054 -1.13132 -0.4772 
1.18925 -1.85175 -1.6565 1.43201 -1.19334 -1.14198 1.43773 -1.11086 0.606549 0.0662777 -1.38233 -1.96054 -1.13132 -0.4772 
1.19193 -1.84594 -1.65072 1.42945 -1.18426 -1.14547 1.42736 -1.11086 0.606549 0.0662777 -1.38233 -1.96054 -1.13132 -0.4772 
1.19403 -1.83876 -1.64408 1.42459 -1.1722 -1.15212 1.41512 -1.11086 0.606549 0.0662777 -1.38233 -1.96054 -1.13132 -0.4772 
1.19533 -1.8339 -1.63878 1.42024 -1.16155 -1.15932 1.40611 -1.11086 0.606549 0.0662777 -1.38233 -1.96054 -1.13132 -0.4772 
1.19597 -1.82817 -1.63288 1.41396 -1.14871 -1.16901 1.39555 -1.11086 0.606549 0.0662777 -1.38233 -1.96054 -1.13132 -0.4772 
1.19616 -1.82345 -1.62822 1.40828 -1.13799 -1.17796 1.38608 -1.11086 0.606549 0.0662777 -1.38233 -1.96054 -1.13132 -0.4772 
1.19669 -1.81712 -1.62278 1.40172 -1.12595 -1.18676 1.37561 -1.11086 0.606549 0.0662777 -1.38233 -1.96054 -1.13132 -0.4772 
1.19771 -1.81131 -1.61803 1.39767 -1.11713 -1.19076 1.36888 -1.11086 0.606549 0.0662777 -1.38233 -1.96054 -1.13132 -0.4772 
1.19799 -1.80653 -1.6146 1.39319 -1.10977 -1.19534 1.36266 -1.11086 0.606549 0.0662777 -1.38233 -1.96054 -1.13132 -0.4772 
1.20277 -1.80729 -1.61713 1.40545 -1.12212 -1.17726 1.36996 -1.11086 0.606549 0.0662777 -1.38233 -1.96054 -1.13132 -0.4772 
1.20324 -1.80572 -1.6161 1.4048 -1.12097 -1.1771 1.36756 -1.11086 0.606549 0.0662777 -1.38233 -1.96054 -1.13132 -0.4772 
1.20377 -1.80545 -1.6162 1.40578 -1.12216 -1.17546 1.3676 -1.11086 0.606549 0.0662777 -1.38233 -1.96054 -1.13132 -0.4772 
1.20356 -1.80543 -1.61616 1.4056 -1.12177 -1.17597 1.36785 -1.11086 0.606549 0.0662777 -1.38233 -1.96054 -1.13132 -0.4772 
1.20334 -1.80501 -1.61599 1.4048 -1.12082 -1.17716 1.36674 -1.11086 0.606549 0.0662777 -1.38233 -1.96054 -1.13132 -0.4772 
1.20342 -1.80497 -1.61609 1.40499 -1.12137 -1.17638 1.36647 -1.11086 0.606549 0.0662777 -1.38233 -1.96054 -1.13132 -0.4772 
1.20334 -1.80549 -1.61606 1.40509 -1.12072 -1.17735 1.36779 -1.11086 0.606549 0.0662777 -1.38233 -1.96054 -1.13132 -0.4772 
1.20334 -1.80562 -1.61634 1.40547 -1.12144 -1.17698 1.3673 -1.11086 0.606549 0.0662777 -1.38233 -1.96054 -1.13132 -0.4772 
1.20311 -1.806 -1.61614 1.40487 -1.12031 -1.17818 1.36847 -1.11086 0.606549 0.0662777 -1.38233 -1.96054 -1.13132 -0.4772 
1.2033 -1.80576 -1.61657 1.40549 -1.12136 -1.17664 1.36854 -1.11086 0.606549 0.0662777 -1.38233 -1.96054 -1.13132 -0.4772 
1.20351 -1.80562 -1.61654 1.40624 -1.12252 -1.1751 1.3683 -1.11086 0.606549 0.0662777 -1.38233 -1.96054 -1.13132 -0.4772 
1.14459 -1.83258 -1.7577 1.48197 -1.29758 -0.803785 2.00725 -1.11086 0.606549 0.0662777 -1.38233 -1.96054 -1.13132 -0.4772 
1.13938 -1.83466 -1.76317 1.48148 -1.30059 -0.799392 2.03469 -1.11086 0.606549 0.0662777 -1.38233 -1.96054 -1.13132 -0.4772 
1.13843 -1.83216 -1.76383 1.4806 -1.29872 -0.793417 2.05315 -1.11086 0.606549 0.0662777 -1.38233 -1.96054 -1.13132 -0.4772 
1.13914 -1.83314 -1.76728 1.48291 -1.30511 -0.785956 2.06317 -1.11086 0.606549 0.0662777 -1.38233 -1.96054 -1.13132 -0.4772 
1.14382 -1.8316 -1.76614 1.48499 -1.30617 -0.781784 2.06076 -1.11086 0.606549 0.0662777 -1.38233 -1.96054 -1.13132 -0.4772 
1.14979 -1.83116 -1.76384 1.49087 -1.30374 -0.782119 2.05751 -1.11086 0.606549 0.0662777 -1.38233 -1.96054 -1.13132 -0.4772 
1.15786 -1.82741 -1.76015 1.49758 -1.30114 -0.778788 2.05091 -1.11086 0.606549 0.0662777 -1.38233 -1.96054 -1.13132 -0.4772 
1.1605 -1.82859 -1.76031 1.50141 -1.30206 -0.778841 2.04996 -1.11086 0.606549 0.0662777 -1.38233 -1.96054 -1.13132 -0.4772 
1.1641 -1.82838 -1.7599 1.50548 -1.30274 -0.777312 2.04838 -1.11086 0.606549 0.0662777 -1.38233 -1.96054 -1.13132 -0.4772 
1.16561 -1.82912 -1.76023 1.50786 -1.30338 -0.776794 2.04964 -1.11086 0.606549 0.0662777 -1.38233 -1.96054 -1.13132 -0.4772 
1.16726 -1.82935 -1.76029 1.51032 -1.30423 -0.775567 2.05016 -1.11086 0.606549 0.0662777 -1.38233 -1.96054 -1.13132 -0.4772 
1.16879 -1.8282 -1.75904 1.51115 -1.30269 -0.775935 2.04762 -1.11086 0.606549 0.0662777 -1.38233 -1.96054 -1.13132 -0.4772 
1.17042 -1.82678 -1.75753 1.51173 -1.30121 -0.776148 2.04409 -1.11086 0.606549 0.0662777 -1.38233 -1.96054 -1.13132 -0.4772 
1.17075 -1.8279 -1.75896 1.51367 -1.3044 -0.773753 2.04631 -1.11086 0.606549 0.0662777 -1.38233 -1.96054 -1.13132 -0.4772 
1.17251 -1.82795 -1.75862 1.51594 -1.30486 -0.772898 2.04542 -1.11086 0.606549 0.0662777 -1.38233 -1.96054 -1.13132 -0.4772 
1.1765 -1.82698 -1.7578 1.51987 -1.30546 -0.770609 2.04228 -1.11086 0.606549 0.0662777 -1.38233 -1.96054 -1.13132 -0.4772 
1.17873 -1.82788 -1.75788 1.52285 -1.30543 -0.771315 2.04239 -1.11086 0.606549 0.0662777 -1.38233 -1.96054 -1.13132 -0.4772 
1.18089 -1.82718 -1.75749 1.52558 -1.30591 -0.769607 2.04158 -1.11086 0.606549 0.0662777 -1.38233 -1.96054 -1.13132 -0.4772 
1.18168 -1.82575 -1.75628 1.52586 -1.30455 -0.7697 2.03899 -1.11086 0.606549 0.0662777 -1.38233 -1.96054 -1.13132 -0.4772 
1.18036 -1.82771 -1.75756 1.52582 -1.30589 -0.77047 2.04228 -1.11086 0.606549 0.0662777 -1.38233 -1.96054 -1.13132 -0.4772 
1.18103 -1.82673 -1.75653 1.52544 -1.30442 -0.770705 2.04059 -1.11086 0.606549 0.0662777 -1.38233 -1.96054 -1.13132 -0.4772 
1.18194 -1.82578 -1.75574 1.52545 -1.3035 -0.770287 2.03919 -1.11086 0.606549 0.0662777 -1.38233 -1.96054 -1.13132 -0.4772 
1.18195 -1.82494 -1.75459 1.52457 -1.30145 -0.771922 2.0366 -1.11086 0.606549 0.0662777 -1.38233 -1.96054 -1.13132 -0.4772 
1.18148 -1.82646 -1.75647 1.52556 -1.30466 -0.770138 2.03956 -1.11086 0.606549 0.0662777 -1.38233 -1.96054 -1.13132 -0.4772 
1.18146 -1.82674 -1.75667 1.52602 -1.3054 -0.769544 2.0404 -1.11086 0.606549 0.0662777 -1.38233 -1.96054 -1.13132 -0.4772 
1.18169 -1.82598 -1.75611 1.5255 -1.30426 -0.770152 2.03924 -1.11086 0.606549 0.0662777 -1.38233 -1.96054 -1.13132 -0.4772 
1.18131 -1.82706 -1.75703 1.52633 -1.30607 -0.769129 2.04179 -1.11086 0.606549 0.0662777 -1.38233 -1.96054 -1.13132 -0.4772 
1.18199 -1.82497 -1.75495 1.52477 -1.30219 -0.771586 2.03665 -1.11086 0.606549 0.0662777 -1.38233 -1.96054 -1.13132 -0.4772 
1.18201 -1.82503 -1.75561 1.52529 -1.30395 -0.769489 2.0372 -1.11086 0.606549 0.0662777 -1.38233 -1.96054 -1.13132 -0.4772 
1.18205 -1.82518 -1.75663 1.52589 -1.3066 -0.767096 2.03813 -1.11086 0.606549 0.0662777 -1.38233 -1.96054 -1.13132 -0.4772 
1.18238 -1.82318 -1.75461 1.52417 -1.30255 -0.769855 2.03389 -1.11086 0.606549 0.0662777 -1.38233 -1.96054 -1.13132 -0.4772 
1.18184 -1.82511 -1.75646 1.52536 -1.30591 -0.768028 2.03732 -1.11086 0.606549 0.0662777 -1.38233 -1.96054 -1.13132 -0.4772 
1.18162 -1.82521 -1.75651 1.5252 -1.30565 -0.768835 2.03751 -1.11086 0.606549 0.0662777 -1.38233 -1.96054 -1.13132 -0.4772 
1.18139 -1.82612 -1.75722 1.52563 -1.30725 -0.768007 2.039 -1.11086 0.606549 0.0662777 -1.38233 -1.96054 -1.13132 -0.4772 
1.18174 -1.82534 -1.75663 1.52532 -1.30651 -0.768138 2.03814 -1.11086 0.606549 0.0662777 -1.38233 -1.96054 -1.13132 -0.4772 
1.18133 -1.82635 -1.75732 1.52544 -1.30711 -0.76847 2.03913 -1.11086 0.606549 0.0662777 -1.38233 -1.96054 -1.13132 -0.4772 
1.18157 -1.82503 -1.75634 1.52534 -1.30569 -0.768464 2.03805 -1.11086 0.606549 0.0662777 -1.38233 -1.96054 -1.13132 -0.4772 
1.18156 -1.82496 -1.75662 1.52573 -1.30643 -0.767427 2.03857 -1.11086 0.606549 0.0662777 -1.38233 -1.96054 -1.13132 -0.4772 
1.18133 -1.82555 -1.75664 1.52522 -1.30581 -0.769143 2.03828 -1.11086 0.606549 0.0662777 -1.38233 -1.96054 -1.13132 -0.4772 
1.18105 -1.82639 -1.75761 1.52571 -1.30676 -0.76923 2.03986 -1.11086 0.606549 0.0662777 -1.38233 -1.96054 -1.13132 -0.4772 
1.18172 -1.82526 -1.75646 1.52552 -1.30601 -0.76826 2.03866 -1.11086 0.606549 0.0662777 -1.38233 -1.96054 -1.13132 -0.4772 
1.18155 -1.82603 -1.75738 1.52657 -1.30792 -0.76683 2.0408 -1.11086 0.606549 0.0662777 -1.38233 -1.96054 -1.13132 -0.4772 
1.18121 -1.82663 -1.75744 1.52636 -1.30637 -0.768884 2.04194 -1.11086 0.606549 0.0662777 -1.38233 -1.96054 -1.13132 -0.4772 
1.18159 -1.8261 -1.7572 1.52628 -1.30645 -0.768307 2.04106 -1.11086 0.606549 0.0662777 -1.38233 -1.96054 -1.13132 -0.4772 
1.18135 -1.82579 -1.75595 1.52527 -1.30331 -0.77137 2.0393 -1.11086 0.606549 0.0662777 -1.38233 -1.96054 -1.13132 -0.4772 
1.18186 -1.82445 -1.75462 1.52462 -1.30168 -0.771477 2.03658 -1.11086 0.606549 0.0662777 -1.38233 -1.96054 -1.13132 -0.4772 
1.18261 -1.82286 -1.75363 1.52454 -1.30088 -0.770461 2.03476 -1.11086 0.606549 0.0662777 -1.38233 -1.96054 -1.13132 -0.4772 
1.1829 -1.82215 -1.75303 1.5242 -1.3 -0.770626 2.03309 -1.11086 0.606549 0.0662777 -1.38233 -1.96054 -1.13132 -0.4772 
1.18177 -1.82475 -1.75518 1.52474 -1.30206 -0.771053 2.03704 -1.11086 0.606549 0.0662777 -1.38233 -1.96054 -1.13132 -0.4772 
1.18168 -1.8247 -1.75506 1.5243 -1.30123 -0.772142 2.03701 -1.11086 0.606549 0.0662777 -1.38233 -1.96054 -1.13132 -0.4772 
1.18247 -1.82297 -1.75368 1.52421 -1.30017 -0.771203 2.03417 -1.11086 0.606549 0.0662777 -1.38233 -1.96054 -1.13132 -0.4772 
1.18257 -1.82276 -1.75383 1.5246 -1.30142 -0.769636 2.0336 -1.11086 0.606549 0.0662777 -1.38233 -1.96054 -1.13132 -0.4772 
1.18227 -1.8235 -1.75443 1.52434 -1.30151 -0.770458 2.03522 -1.11086 0.606549 0.0662777 -1.38233 -1.96054 -1.13132 -0.4772 
1.18214 -1.82434 -1.75529 1.52504 -1.30341 -0.769331 2.03717 -1.11086 0.606549 0.0662777 -1.38233 -1.96054 -1.13132 -0.4772 
1.1826 -1.82364 -1.75492 1.52537 -1.30379 -0.76797 2.0364 -1.11086 0.606549 0.0662777 -1.38233 -1.96054 -1.13132 -0.4772 
1.18222 -1.82334 -1.75457 1.52469 -1.30223 -0.769389 2.03531 -1.11086 0.606549 0.0662777 -1.38233 -1.96054 -1.13132 -0.4772 
1.18193 -1.82433 -1.75585 1.5255 -1.30438 -0.768204 2.03726 -1.11086 0.606549 0.0662777 -1.38233 -1.96054 -1.13132 -0.4772 
1.18193 -1.82463 -1.7564 1.52561 -1.30531 -0.767752 2.03834 -1.11086 0.606549 0.0662777 -1.38233 -1.96054 -1.13132 -0.4772 
1.18165 -1.825 -1.75632 1.52542 -1.30462 -0.768684 2.03809 -1.11086 0.606549 0.0662777 -1.38233 -1.96054 -1.13132 -0.4772 
1.18198 -1.8296 -1.75854 1.53013 -1.30817 -0.766385 2.05019 -1.11086 0.606549 0.0662777 -1.38233 -1.96054 -1.13132 -0.4772 
1.18052 -1.84162 -1.76293 1.5383 -1.31147 -0.768396 2.07725 -1.11086 0.606549 0.0662777 -1.38233 -1.96054 -1.13132 -0.4772 
1.17898 -1.85329 -1.76697 1.54687 -1.31448 -0.769652 2.10677 -1.11086 0.606549 0.0662777 -1.38233 -1.96054 -1.13132 -0.4772 
1.17656 -1.86618 -1.77119 1.55488 -1.31664 -0.772541 2.13887 -1.11086 0.606549 0.0662777 -1.38233 -1.96054 -1.13132 -0.4772 
1.17308 -1.87885 -1.77407 1.56113 -1.31424 -0.779456 2.17193 -1.11086 0.606549 0.0662777 -1.38233 -1.96054 -1.13132 -0.4772 
1.16892 -1.89216 -1.77725 1.56735 -1.31212 -0.785617 2.20874 -1.11086 0.606549 0.0662777 -1.38233 -1.96054 -1.13132 -0.4772 
1.16407 -1.90561 -1.7801 1.57318 -1.30862 -0.792315 2.24853 -1.11086 0.606549 0.0662777 -1.38233 -1.96054 -1.13132 -0.4772 
1.15644 -1.92138 -1.78387 1.57722 -1.30353 -0.803233 2.29227 -1.11086 0.606549 0.0662777 -1.38233 -1.96054 -1.13132 -0.4772 
1.14868 -1.93605 -1.78674 1.58034 -1.29733 -0.812903 2.33738 -1.11086 0.606549 0.0662777 -1.38233 -1.96054 -1.13132 -0.4772 
1.13949 -1.95159 -1.79072 1.58302 -1.29246 -0.822682 2.3839 -1.11086 0.606549 0.0662777 -1.38233 -1.96054 -1.13132 -0.4772 
1.13155 -1.96447 -1.79242 1.58403 -1.28424 -0.833163 2.425 -1.11086 0.606549 0.0662777 -1.38233 -1.96054 -1.13132 -0.4772 
1.12528 -1.96699 -1.7826 1.58406 -1.28965 -0.855222 2.46769 -1.11086 0.606549 0.0662777 -1.38233 -1.96054 -1.13132 -0.4772 
1.11831 -1.96699 -1.76971 1.58295 -1.29863 -0.882973 2.51252 -1.11086 0.606549 0.0662777 -1.38233 -1.96054 -1.13132 -0.4772 
1.11152 -1.96699 -1.76345 1.57922 -1.30364 -0.898862 2.54246 -1.11086 0.606549 0.0662777 -1.38233 -1.96054 -1.13132 -0.4772 
1.10662 -1.96699 -1.76054 1.57474 -1.30247 -0.905056 2.55778 -1.11086 0.606549 0.0662777 -1.38233 -1.96054 -1.13132 -0.4772 
1.10223 -1.96699 -1.75829 1.56973 -1.30054 -0.912318 2.56601 -1.11086 0.606549 0.0662777 -1.38233 -1.96054 -1.13132 -0.4772 
1.09951 -1.96699 -1.75751 1.5672 -1.30374 -0.914919 2.5699 -1.11086 0.606549 0.0662777 -1.38233 -1.96054 -1.13132 -0.4772 
1.09847 -1.96699 -1.75782 1.56608 -1.30847 -0.915947 2.56521 -1.11086 0.606549 0.0662777 -1.38233 -1.96054 -1.13132 -0.4772 
1.09976 -1.9663 -1.75832 1.56617 -1.31379 -0.914241 2.55189 -1.11086 0.606549 0.0662777 -1.38233 -1.96054 -1.13132 -0.4772 
1.10233 -1.96496 -1.75868 1.56666 -1.3206 -0.912914 2.52961 -1.11086 0.606549 0.0662777 -1.38233 -1.96054 -1.13132 -0.4772 
1.10626 -1.96366 -1.76015 1.56819 -1.33023 -0.91084 2.49982 -1.11086 0.606549 0.0662777 -1.38233 -1.96054 -1.13132 -0.4772 
1.1115 -1.96062 -1.75949 1.56856 -1.33557 -0.911076 2.46228 -1.11086 0.606549 0.0662777 -1.38233 -1.96054 -1.13132 -0.4772 
1.11917 -1.95531 -1.75777 1.56948 -1.34136 -0.909101 2.41668 -1.11086 0.606549 0.0662777 -1.38233 -1.96054 -1.13132 -0.4772 
1.12646 -1.95091 -1.75675 1.56934 -1.34752 -0.909715 2.36503 -1.11086 0.606549 0.0662777 -1.38233 -1.96054 -1.13132 -0.4772 
1.14024 -1.93782 -1.75083 1.56691 -1.35122 -0.905506 2.28714 -1.11086 0.606549 0.0662777 -1.38233 -1.96054 -1.13132 -0.4772 
1.14072 -1.93579 -1.74896 1.56487 -1.3475 -0.907636 2.27874 -1.11086 0.606549 0.0662777 -1.38233 -1.96054 -1.13132 -0.4772 
1.14792 -1.93001 -1.74592 1.5618 -1.34861 -0.911197 2.22528 -1.11086 0.606549 0.0662777 -1.38233 -1.96054 -1.13132 -0.4772 
1.15277 -1.92806 -1.74568 1.55876 -1.35308 -0.917482 2.17303 -1.11086 0.606549 0.0662777 -1.38233 -1.96054 -1.13132 -0.4772 
1.15989 -1.92205 -1.74234 1.55496 -1.3538 -0.920672 2.11835 -1.11086 0.606549 0.0662777 -1.38233 -1.96054 -1.13132 -0.4772 
1.16511 -1.91858 -1.74043 1.55086 -1.35484 -0.925908 2.07001 -1.11086 0.606549 0.0662777 -1.38233 -1.96054 -1.13132 -0.4772 
1.16968 -1.91449 -1.73758 1.54566 -1.35365 -0.932168 2.02249 -1.11086 0.606549 0.0662777 -1.38233 -1.96054 -1.13132 -0.4772 
1.17407 -1.90957 -1.73365 1.53934 -1.35006 -0.938888 1.97674 -1.11086 0.606549 0.0662777 -1.38233 -1.96054 -1.13132 -0.4772 
1.176 -1.90043 -1.726 1.52643 -1.34036 -0.951085 1.91019 -1.11086 0.606549 0.0662777 -1.38233 -1.96054 -1.13132 -0.4772 
1.17788 -1.89587 -1.72143 1.51819 -1.33271 -0.96146 1.87107 -1.11086 0.606549 0.0662777 -1.38233 -1.96054 -1.13132 -0.4772 
1.18179 -1.8879 -1.71361 1.50991 -1.32158 -0.969633 1.83086 -1.11086 0.606549 0.0662777 -1.38233 -1.96054 -1.13132 -0.4772 
1.18321 -1.88433 -1.70957 1.5036 -1.31381 -0.978347 1.8058 -1.11086 0.606549 0.0662777 -1.38233 -1.96054 -1.13132 -0.4772 
1.18155 -1.88601 -1.70923 1.49715 -1.30985 -0.990546 1.78673 -1.11086 0.606549 0.0662777 -1.38233 -1.96054 -1.13132 -0.4772 
1.18087 -1.88877 -1.71131 1.49598 -1.31384 -0.993604 1.77737 -1.11086 0.606549 0.0662777 -1.38233 -1.96054 -1.13132 -0.4772 
1.18207 -1.88726 -1.7101 1.49285 -1.31449 -0.995465 1.75887 -1.11086 0.606549 0.0662777 -1.38233 -1.96054 -1.13132 -0.4772 
1.18141 -1.88738 -1.7101 1.48853 -1.31481 -1.00065 1.74077 -1.11086 0.606549 0.0662777 -1.38233 -1.96054 -1.13132 -0.4772 
1.18116 -1.88545 -1.70801 1.48194 -1.31165 -1.00822 1.71532 -1.11086 0.606549 0.0662777 -1.38233 -1.96054 -1.13132 -0.4772 
1.18076 -1.88502 -1.707 1.4769 -1.31116 -1.01362 1.69473 -1.11086 0.606549 0.0662777 -1.38233 -1.96054 -1.13132 -0.4772 
1.18037 -1.8853 -1.70681 1.4729 -1.31274 -1.01804 1.67394 -1.11086 0.606549 0.0662777 -1.38233 -1.96054 -1.13132 -0.4772 
1.17886 -1.88576 -1.70612 1.4667 -1.31121 -1.02698 1.65126 -1.11086 0.606549 0.0662777 -1.38233 -1.96054 -1.13132 -0.4772 
1.17705 -1.88729 -1.70617 1.46129 -1.31072 -1.03622 1.62942 -1.11086 0.606549 0.0662777 -1.38233 -1.96054 -1.13132 -0.4772 
1.18004 -1.88964 -1.70762 1.46441 -1.31317 -1.03621 1.63148 -1.11086 0.606549 0.0662777 -1.38233 -1.96054 -1.13132 -0.4772 
1.18081 -1.88848 -1.70637 1.46085 -1.31353 -1.04019 1.60853 -1.11086 0.606549 0.0662777 -1.38233 -1.96054 -1.13132 -0.4772 
1.17965 -1.88945 -1.70692 1.45649 -1.3142 -1.04767 1.58581 -1.11086 0.606549 0.0662777 -1.38233 -1.96054 -1.13132 -0.4772 
1.1793 -1.88849 -1.70575 1.45173 -1.31174 -1.05548 1.56196 -1.11086 0.606549 0.0662777 -1.38233 -1.96054 -1.13132 -0.4772 
1.17909 -1.8873 -1.70403 1.44764 -1.30817 -1.06321 1.54099 -1.11086 0.606549 0.0662777 -1.38233 -1.96054 -1.13132 -0.4772 
1.17961 -1.88535 -1.70199 1.44447 -1.30389 -1.06923 1.52453 -1.11086 0.606549 0.0662777 -1.38233 -1.96054 -1.13132 -0.4772 
1.17923 -1.88359 -1.69966 1.44027 -1.29721 -1.07828 1.50854 -1.11086 0.606549 0.0662777 -1.38233 -1.96054 -1.13132 -0.4772 
1.17948 -1.88305 -1.69899 1.43947 -1.29471 -1.0831 1.4991 -1.11086 0.606549 0.0662777 -1.38233 -1.96054 -1.13132 -0.4772 
1.18032 -1.88248 -1.69818 1.44007 -1.29259 -1.08605 1.4936 -1.11086 0.606549 0.0662777 -1.38233 -1.96054 -1.13132 -0.4772 
1.18067 -1.88171 -1.69725 1.43994 -1.28879 -1.09114 1.48745 -1.11086 0.606549 0.0662777 -1.38233 -1.96054 -1.13132 -0.4772 
1.1815 -1.88088 -1.69606 1.44007 -1.28458 -1.09559 1.48297 -1.11086 0.606549 0.0662777 -1.38233 -1.96054 -1.13132 -0.4772 
1.1833 -1.87881 -1.69395 1.4406 -1.2799 -1.09795 1.47918 -1.11086 0.606549 0.0662777 -1.38233 -1.96054 -1.13132 -0.4772 
1.18546 -1.8776 -1.69233 1.44268 -1.27644 -1.09939 1.47766 -1.11086 0.606549 0.0662777 -1.38233 -1.96054 -1.13132 -0.4772 
1.18758 -1.87535 -1.68848 1.44267 -1.26787 -1.10451 1.47331 -1.11086 0.606549 0.0662777 -1.38233 -1.96054 -1.13132 -0.4772 
1.19031 -1.86999 -1.682 1.4393 -1.25503 -1.11212 1.46184 -1.11086 0.606549 0.0662777 -1.38233 -1.96054 -1.13132 -0.4772 
1.19298 -1.86367 -1.6753 1.43545 -1.2416 -1.11894 1.45018 -1.11086 0.606549 0.0662777 -1.38233 -1.96054 -1.13132 -0.4772 
