1.0601 -1.78438 -1.6096 1.27894 -1.23766 -1.27105 2.06295 -1.11046 0.608541 0.0658396 -1.37776 -1.96175 -1.13253 -0.474404 
1.04813 -1.78637 -1.60854 1.2587 -1.23503 -1.27968 2.05517 -1.11086 0.60655 0.0662775 -1.38233 -1.96054 -1.13132 -0.477199 
1.03516 -1.78282 -1.60717 1.23257 -1.23029 -1.28656 2.04272 -1.11086 0.606549 0.0662777 -1.38233 -1.96054 -1.13132 -0.4772 
1.03039 -1.78037 -1.606 1.22026 -1.22673 -1.29155 2.03336 -1.11086 0.606549 0.0662777 -1.38233 -1.96054 -1.13132 -0.4772 
1.02734 -1.78086 -1.60695 1.21399 -1.22609 -1.29621 2.02898 -1.11086 0.606549 0.0662777 -1.38233 -1.96054 -1.13132 -0.4772 
1.02733 -1.78079 -1.60676 1.21377 -1.22538 -1.29652 2.03066 -1.11086 0.606549 0.0662777 -1.38233 -1.96054 -1.13132 -0.4772 
1.03064 -1.78123 -1.60723 1.22025 -1.22484 -1.29624 2.03649 -1.11086 0.606549 0.0662777 -1.38233 -1.96054 -1.13132 -0.4772 
1.03753 -1.7817 -1.60826 1.23435 -1.22688 -1.29198 2.04449 -1.11086 0.606549 0.0662777 -1.38233 -1.96054 -1.13132 -0.4772 
1.04673 -1.78185 -1.60859 1.25319 -1.22898 -1.28526 2.05417 -1.11086 0.606549 0.0662777 -1.38233 -1.96054 -1.13132 -0.4772 
1.05447 -1.78204 -1.60792 1.26849 -1.22964 -1.28025 2.06201 -1.11086 0.606549 0.0662777 -1.38233 -1.96054 -1.13132 -0.4772 
1.0608 -1.78194 -1.60709 1.27999 -1.23 -1.27595 2.06728 -1.11086 0.606549 0.0662777 -1.38233 -1.96054 -1.13132 -0.4772 
1.06685 -1.78139 -1.60604 1.29079 -1.23008 -1.27145 2.07287 -1.11086 0.606549 0.0662777 -1.38233 -1.96054 -1.13132 -0.4772 
1.07046 -1.78196 -1.60648 1.29851 -1.23125 -1.269 2.07809 -1.11086 0.606549 0.0662777 -1.38233 -1.96054 -1.13132 -0.4772 
1.07334 -1.78186 -1.60572 1.3035 -1.22996 -1.26888 2.08001 -1.11086 0.606549 0.0662777 -1.38233 -1.96054 -1.13132 -0.4772 
1.07776 -1.78255 -1.60621 1.31293 -1.23158 -1.2657 2.08546 -1.11086 0.606549 0.0662777 -1.38233 -1.96054 -1.13132 -0.4772 
1.0835 -1.78327 -1.60646 1.32473 -1.23289 -1.26247 2.0915 -1.11086 0.606549 0.0662777 -1.38233 -1.96054 -1.13132 -0.4772 
1.08938 -1.78397 -1.60633 1.33627 -1.23284 -1.26017 2.09842 -1.11086 0.606549 0.0662777 -1.38233 -1.96054 -1.13132 -0.4772 
1.09436 -1.78513 -1.60676 1.34734 -1.23307 -1.25849 2.10598 -1.11086 0.606549 0.0662777 -1.38233 -1.96054 -1.13132 -0.4772 
1.09801 -1.78646 -1.60727 1.35545 -1.2323 -1.25989 2.10997 -1.11086 0.606549 0.0662777 -1.38233 -1.96054 -1.13132 -0.4772 
1.10181 -1.78723 -1.60796 1.36448 -1.23444 -1.25671 2.11488 -1.11086 0.606549 0.0662777 -1.38233 -1.96054 -1.13132 -0.4772 
1.10114 -1.78868 -1.60793 1.36397 -1.23061 -1.26322 2.11538 -1.11086 0.606549 0.0662777 -1.38233 -1.96054 -1.13132 -0.4772 
1.09778 -1.79172 -1.60973 1.36026 -1.22857 -1.27101 2.11659 -1.11086 0.606549 0.0662777 -1.38233 -1.96054 -1.13132 -0.4772 
1.55258 -1.69716 -1.68695 1.98069 -1.54336 -0.887795 2.18308 -1.11086 0.606549 0.0662777 -1.38233 -1.96054 -1.13132 -0.4772 
