1.07591 -1.84653 -1.70467 1.26406 -1.13522 -1.21097 2.0035 -1.787 1.69282 -1.20391 1.46802 2.34718 0.692021 -2.32458 
1.05023 -1.84341 -1.70294 1.1986 -1.12544 -1.24045 1.97244 -1.78621 1.68621 -1.20742 1.46328 2.35259 0.695578 -2.30757 
1.04595 -1.84432 -1.70571 1.19187 -1.12827 -1.24176 1.97196 -1.78482 1.68637 -1.20608 1.46133 2.34886 0.698213 -2.31748 
1.04388 -1.84431 -1.70714 1.18811 -1.12914 -1.24496 1.96821 -1.78607 1.68472 -1.20749 1.46257 2.34657 0.697258 -2.31745 
1.04244 -1.84492 -1.70811 1.18484 -1.12939 -1.24841 1.96518 -1.78784 1.68169 -1.21061 1.46451 2.34442 0.693047 -2.31192 
1.04247 -1.84631 -1.70911 1.18602 -1.12975 -1.24884 1.96976 -1.78819 1.67997 -1.21228 1.46382 2.345 0.692407 -2.30708 
1.04567 -1.84827 -1.71064 1.1939 -1.13079 -1.247 1.9778 -1.78636 1.68143 -1.21102 1.46012 2.34516 0.695586 -2.31185 
1.05231 -1.84965 -1.71087 1.20694 -1.13176 -1.24298 1.98418 -1.78332 1.67779 -1.19278 1.44018 2.34337 0.743471 -2.36503 
1.06179 -1.85069 -1.70955 1.22442 -1.13109 -1.23772 1.99202 -1.78217 1.68182 -1.20578 1.4486 2.34548 0.712922 -2.32986 
1.06972 -1.85141 -1.70821 1.23875 -1.13032 -1.23356 1.99817 -1.7803 1.684 -1.20587 1.44684 2.34559 0.711562 -2.33076 
1.07598 -1.85192 -1.70711 1.25002 -1.12969 -1.23018 2.00293 -1.77896 1.68656 -1.20446 1.44521 2.34504 0.711849 -2.33595 
1.081 -1.85229 -1.70622 1.25899 -1.12908 -1.22751 2.0067 -1.77771 1.68922 -1.20232 1.44347 2.34411 0.712751 -2.34327 
1.08507 -1.8526 -1.70548 1.26626 -1.12865 -1.22536 2.00975 -1.77674 1.69148 -1.20055 1.44183 2.34401 0.713584 -2.34845 
1.08845 -1.85288 -1.70491 1.27233 -1.12826 -1.22358 2.01234 -1.77624 1.69322 -1.19943 1.44067 2.34442 0.713707 -2.35098 
1.09286 -1.8534 -1.7044 1.28043 -1.12805 -1.22129 2.01598 -1.77571 1.69362 -1.19903 1.4386 2.34487 0.714577 -2.35169 
1.09902 -1.85414 -1.70371 1.2915 -1.12752 -1.21837 2.02084 -1.77481 1.6949 -1.19808 1.4359 2.34513 0.715833 -2.3546 
1.10542 -1.85502 -1.70285 1.30334 -1.12696 -1.21484 2.02701 -1.77339 1.69687 -1.19655 1.43254 2.3457 0.717835 -2.35892 
1.11203 -1.85548 -1.70185 1.31547 -1.12652 -1.21072 2.03287 -1.77186 1.69961 -1.19449 1.42942 2.34629 0.719485 -2.36402 
1.11819 -1.85566 -1.70066 1.32608 -1.1261 -1.2075 2.0361 -1.77066 1.7016 -1.19279 1.42672 2.34593 0.721016 -2.36956 
1.1226 -1.85558 -1.69945 1.33352 -1.12517 -1.20515 2.03815 -1.77045 1.70651 -1.18895 1.42702 2.34458 0.720039 -2.37985 
1.125 -1.85549 -1.69857 1.33734 -1.12415 -1.20431 2.03938 -1.77022 1.71315 -1.18387 1.42823 2.34269 0.718047 -2.39334 
1.12525 -1.85545 -1.69842 1.33771 -1.12404 -1.2043 2.03951 -1.76869 1.71629 -1.17787 1.42489 2.34234 0.725267 -2.40888 
1.31561 -1.87374 -1.80238 1.91077 -1.36949 -0.877018 2.36659 -1.769 1.71572 -1.17897 1.42537 2.34248 0.724086 -2.40631 
1.31473 -1.87395 -1.80209 1.91047 -1.36946 -0.877271 2.36774 -1.89011 1.80328 -1.39257 1.77603 2.02821 0.0116314 -2.61091 
1.31469 -1.874 -1.80213 1.91049 -1.36949 -0.877219 2.36791 -1.89379 1.86897 -1.33918 1.78384 1.96135 0.0587445 -2.68972 
1.31468 -1.87403 -1.80215 1.9105 -1.36948 -0.877194 2.36792 -1.89997 1.7844 -1.43022 1.79992 2.00666 -0.0645879 -2.64968 
1.31468 -1.87405 -1.80216 1.9105 -1.36947 -0.87718 2.36793 -1.91734 1.69964 -1.45346 1.79988 2.01844 -0.0379972 -2.64429 
1.31468 -1.87405 -1.80217 1.9105 -1.36947 -0.877173 2.36793 -1.90337 1.66043 -1.50177 1.80302 2.06211 -0.121617 -2.63575 
1.31467 -1.87406 -1.80218 1.9105 -1.36946 -0.877158 2.36792 -1.89831 1.59536 -1.54146 1.80416 2.10405 -0.158583 -2.6366 
1.31467 -1.87407 -1.80219 1.9105 -1.36945 -0.877147 2.36792 -1.8918 1.53058 -1.57724 1.8046 2.14708 -0.186439 -2.63933 
1.31467 -1.87408 -1.80219 1.9105 -1.36945 -0.87714 2.36792 -1.88308 1.47157 -1.60902 1.80396 2.188 -0.209135 -2.64317 
1.31467 -1.87409 -1.8022 1.9105 -1.36944 -0.877135 2.36792 -1.87309 1.41661 -1.63789 1.80265 2.22616 -0.226486 -2.64738 
1.31467 -1.87409 -1.8022 1.9105 -1.36944 -0.87713 2.36792 -1.86202 1.36529 -1.66429 1.80064 2.26266 -0.238831 -2.6505 
1.31467 -1.8741 -1.8022 1.9105 -1.36944 -0.877126 2.36792 -1.84891 1.31265 -1.69132 1.79701 2.30376 -0.247455 -2.64981 
1.31466 -1.8741 -1.80221 1.9105 -1.36943 -0.877118 2.36791 -1.83445 1.26066 -1.71841 1.79274 2.34613 -0.253388 -2.64726 
1.31466 -1.87411 -1.80222 1.9105 -1.36942 -0.877113 2.36791 -1.81911 1.21843 -1.74231 1.78782 2.38353 -0.259723 -2.6442 
1.31467 -1.87409 -1.8022 1.9105 -1.36944 -0.87713 2.36792 -1.80469 1.1846 -1.76173 1.78217 2.41484 -0.262243 -2.64049 
1.31467 -1.87409 -1.8022 1.9105 -1.36944 -0.877132 2.36792 -1.79256 1.15871 -1.77727 1.77697 2.43913 -0.263216 -2.63744 
1.31467 -1.87408 -1.8022 1.9105 -1.36944 -0.877133 2.36792 -1.78416 1.14101 -1.78858 1.77334 2.45579 -0.263406 -2.63536 
1.31467 -1.87408 -1.8022 1.9105 -1.36944 -0.877133 2.36792 -1.78026 1.13203 -1.79407 1.77125 2.46402 -0.261327 -2.63389 
1.31467 -1.87408 -1.8022 1.9105 -1.36944 -0.877134 2.36792 -1.77977 1.13488 -1.79266 1.76986 2.46241 -0.259773 -2.63353 
1.31467 -1.87408 -1.8022 1.9105 -1.36944 -0.877134 2.36792 -1.78151 1.14192 -1.78843 1.76942 2.45688 -0.25882 -2.63367 
1.31467 -1.87408 -1.8022 1.9105 -1.36944 -0.877134 2.36792 -1.78315 1.14766 -1.78496 1.76902 2.4522 -0.257518 -2.63371 
1.31467 -1.87408 -1.8022 1.9105 -1.36944 -0.877134 2.36792 -1.78548 1.15162 -1.78117 1.76892 2.44929 -0.253711 -2.63243 
1.31467 -1.87408 -1.8022 1.9105 -1.36944 -0.877134 2.36792 -1.78721 1.15477 -1.77872 1.76939 2.44703 -0.253204 -2.63215 
1.31467 -1.87408 -1.8022 1.9105 -1.36944 -0.877134 2.36792 -1.80628 1.18591 -1.74813 1.76225 2.3843 -0.212654 -2.65032 
1.16884 -1.84434 -1.705 1.43101 -1.17016 -1.10033 2.07289 -1.71436 1.40067 -1.44284 1.35789 2.56521 0.69266 -2.63753 
1.14693 -1.84181 -1.69919 1.37455 -1.15776 -1.12379 2.04586 -1.69481 1.40076 -1.43533 1.30756 2.59404 0.769078 -2.63045 
1.14465 -1.84159 -1.69867 1.36877 -1.15641 -1.12618 2.04312 -1.69361 1.4015 -1.43417 1.3028 2.59755 0.775743 -2.62888 
1.14438 -1.84162 -1.69863 1.36822 -1.1563 -1.12649 2.04291 -1.69412 1.40202 -1.43415 1.30263 2.59922 0.775312 -2.62611 
1.14435 -1.84153 -1.69854 1.36804 -1.15621 -1.12661 2.0428 -1.69508 1.40308 -1.43368 1.3036 2.59972 0.773748 -2.62559 
1.14428 -1.84164 -1.69861 1.36799 -1.15617 -1.12671 2.04283 -1.69587 1.40332 -1.43376 1.3043 2.60046 0.772677 -2.62371 
1.14423 -1.84169 -1.6986 1.36795 -1.15625 -1.12688 2.04287 -1.69678 1.40451 -1.43273 1.30476 2.60165 0.773109 -2.62302 
1.14423 -1.84165 -1.69856 1.36789 -1.15618 -1.12697 2.04284 -1.69861 1.40599 -1.43119 1.30577 2.60345 0.774324 -2.62315 
1.14431 -1.84165 -1.69858 1.36808 -1.15654 -1.12662 2.04289 -1.70133 1.40848 -1.4289 1.30725 2.60541 0.776745 -2.62468 
1.14438 -1.84192 -1.69884 1.36853 -1.15726 -1.12599 2.04335 -1.70491 1.41124 -1.42654 1.3095 2.60682 0.77927 -2.6276 
1.1445 -1.84207 -1.699 1.36901 -1.15793 -1.12532 2.04381 -1.70879 1.41493 -1.42381 1.31193 2.60814 0.782019 -2.6315 
1.14454 -1.8425 -1.69936 1.36954 -1.15852 -1.12477 2.04464 -1.7128 1.41932 -1.42068 1.31418 2.61015 0.785248 -2.63576 
1.14464 -1.84272 -1.69959 1.36997 -1.15902 -1.12416 2.04509 -1.71687 1.42389 -1.41749 1.31676 2.61151 0.787739 -2.64058 
1.14475 -1.84269 -1.69965 1.37018 -1.15923 -1.12372 2.04513 -1.72041 1.42714 -1.41516 1.318 2.61363 0.792229 -2.64352 
1.14478 -1.84271 -1.69969 1.37021 -1.15917 -1.12364 2.04511 -1.74016 1.40673 -1.41993 1.34386 2.59286 0.779323 -2.65052 
1.14488 -1.84256 -1.69963 1.37021 -1.159 -1.12341 2.04489 -1.73003 1.42685 -1.41231 1.32389 2.61178 0.799585 -2.65119 
1.14486 -1.84259 -1.69966 1.3702 -1.15897 -1.12344 2.04492 -1.73247 1.43117 -1.40951 1.32413 2.61389 0.803475 -2.65546 
1.14494 -1.84249 -1.69962 1.37027 -1.15901 -1.12324 2.04486 -1.74987 1.41904 -1.41159 1.34577 2.60178 0.791817 -2.6572 
1.14502 -1.84239 -1.6996 1.37037 -1.15906 -1.12295 2.04479 -1.76193 1.4067 -1.41362 1.36091 2.58854 0.785898 -2.66397 
1.14508 -1.84229 -1.69957 1.37041 -1.15898 -1.12277 2.0447 -1.74888 1.42991 -1.40592 1.33735 2.60706 0.806594 -2.66879 
1.14517 -1.84226 -1.69962 1.37059 -1.15923 -1.12236 2.04468 -1.7496 1.43361 -1.40483 1.33618 2.60853 0.808314 -2.67083 
1.14517 -1.84208 -1.69947 1.37042 -1.15893 -1.12258 2.04448 -1.75095 1.43479 -1.40476 1.33697 2.60791 0.80714 -2.67207 
1.14517 -1.84173 -1.69922 1.37002 -1.15817 -1.12297 2.04389 -1.75136 1.43516 -1.40511 1.337 2.60745 0.805703 -2.67214 
1.14511 -1.84143 -1.69898 1.36954 -1.15747 -1.12348 2.04318 -1.7506 1.43377 -1.40603 1.33508 2.60716 0.807208 -2.67141 
1.14511 -1.84096 -1.69865 1.36903 -1.15674 -1.12391 2.04227 -1.74998 1.43141 -1.40758 1.33363 2.60642 0.808054 -2.66972 
1.14508 -1.84079 -1.69853 1.36876 -1.15637 -1.12414 2.04186 -1.74991 1.43099 -1.40803 1.33327 2.60536 0.807526 -2.67065 
1.1451 -1.84078 -1.69851 1.36887 -1.1565 -1.12405 2.04214 -1.7499 1.43149 -1.408 1.33277 2.60501 0.8076 -2.67186 
1.14526 -1.84076 -1.6986 1.36929 -1.15678 -1.12335 2.04263 -1.75005 1.43217 -1.40774 1.33252 2.60441 0.807717 -2.674 
1.14537 -1.84082 -1.69871 1.36969 -1.15713 -1.12275 2.04307 -1.74971 1.43323 -1.40723 1.33132 2.60444 0.809044 -2.67609 
1.14549 -1.84071 -1.69866 1.36993 -1.1574 -1.12233 2.04327 -1.7487 1.43356 -1.40708 1.32839 2.60535 0.812972 -2.67681 
1.14327 -1.84059 -1.69825 1.36402 -1.15636 -1.12865 2.03255 -1.75185 1.42986 -1.41075 1.33276 2.60527 0.807897 -2.66759 
1.14307 -1.8406 -1.69824 1.36346 -1.15627 -1.12922 2.03156 -1.75211 1.42957 -1.41106 1.33306 2.60526 0.807537 -2.6668 
1.14021 -1.84329 -1.70079 1.36113 -1.15563 -1.12892 2.04764 -1.75213 1.42951 -1.41106 1.33311 2.60514 0.807531 -2.66664 
1.13571 -1.84656 -1.70389 1.35647 -1.15451 -1.1303 2.06534 -1.75212 1.42944 -1.41111 1.33306 2.60519 0.807593 -2.66655 
1.13004 -1.84981 -1.70734 1.34981 -1.15323 -1.13237 2.08341 -1.75215 1.42938 -1.41113 1.33313 2.60513 0.807528 -2.66654 
1.12373 -1.85325 -1.71104 1.34244 -1.15204 -1.13498 2.10196 -1.75211 1.42932 -1.41117 1.33304 2.60518 0.807659 -2.66646 
1.11732 -1.85674 -1.71486 1.33488 -1.15069 -1.13771 2.12077 -1.75207 1.42925 -1.41122 1.33294 2.60524 0.807801 -2.66635 
1.11124 -1.86005 -1.71856 1.32776 -1.14944 -1.14043 2.13946 -1.75207 1.4292 -1.41124 1.33295 2.60519 0.807805 -2.66634 
1.10544 -1.86342 -1.72202 1.32073 -1.14799 -1.14311 2.15769 -1.75211 1.42953 -1.41111 1.33302 2.60528 0.807654 -2.66641 
1.09977 -1.86693 -1.72544 1.3138 -1.14667 -1.14588 2.17573 -1.75201 1.43012 -1.4109 1.33281 2.60563 0.807842 -2.66654 
1.09419 -1.87016 -1.7285 1.30652 -1.14496 -1.14885 2.19324 -1.75191 1.43073 -1.41065 1.33262 2.60593 0.80798 -2.66682 
1.08855 -1.87351 -1.73166 1.29904 -1.14307 -1.15207 2.21071 -1.76309 1.41555 -1.4148 1.35111 2.59126 0.792881 -2.66774 
1.08302 -1.87654 -1.73458 1.29159 -1.141 -1.15518 2.22789 -1.76947 1.41551 -1.41377 1.3626 2.58619 0.780602 -2.671 
1.0786 -1.87937 -1.73698 1.286 -1.13908 -1.15757 2.24378 -1.7574 1.42319 -1.41138 1.3399 2.59822 0.804751 -2.67109 
1.07895 -1.88002 -1.73587 1.2863 -1.13736 -1.15892 2.24487 -1.75631 1.4239 -1.41114 1.3378 2.59927 0.80697 -2.67112 
1.0823 -1.88026 -1.73393 1.29169 -1.13652 -1.15657 2.24614 -1.75629 1.42399 -1.41112 1.33783 2.59932 0.806823 -2.67134 
1.08714 -1.88058 -1.73161 1.29977 -1.13607 -1.15267 2.24752 -1.75622 1.42399 -1.41112 1.33769 2.59937 0.80699 -2.67131 
1.09319 -1.88078 -1.729 1.30975 -1.13572 -1.14785 2.24866 -1.75627 1.4241 -1.41107 1.33779 2.59937 0.806814 -2.67144 
1.0995 -1.88082 -1.72624 1.31995 -1.13543 -1.14269 2.24948 -1.75634 1.42427 -1.411 1.33792 2.59936 0.806601 -2.67161 
1.10506 -1.88508 -1.72434 1.33496 -1.13422 -1.13697 2.26604 -1.75639 1.42431 -1.411 1.33806 2.59936 0.806398 -2.67181 
1.10841 -1.89261 -1.72413 1.35161 -1.13281 -1.13049 2.29632 -1.75647 1.42459 -1.4109 1.33821 2.59947 0.806149 -2.67195 
1.10855 -1.90187 -1.72625 1.36679 -1.13229 -1.12395 2.33451 -1.75653 1.42436 -1.41098 1.33834 2.59928 0.806005 -2.67193 
1.10608 -1.91197 -1.72917 1.37961 -1.13302 -1.11902 2.37153 -1.75671 1.42388 -1.41115 1.33872 2.59888 0.805556 -2.67192 
1.05967 -1.94116 -1.76155 1.35377 -1.13931 -1.17558 2.40755 -1.75693 1.42333 -1.41138 1.33919 2.59854 0.805036 -2.67173 
1.04747 -1.9487 -1.76616 1.35238 -1.13645 -1.18563 2.43072 -1.76507 1.41541 -1.41373 1.35373 2.58975 0.79161 -2.67125 
1.06256 -1.94549 -1.75442 1.37554 -1.13701 -1.15195 2.44957 -1.7709 1.41876 -1.41 1.36532 2.58106 0.77892 -2.68603 
1.07096 -1.94732 -1.74786 1.39523 -1.13956 -1.12685 2.47343 -1.76262 1.41632 -1.41293 1.34856 2.59089 0.797594 -2.67397 
1.07286 -1.95239 -1.74676 1.40676 -1.1444 -1.11556 2.48789 -1.76179 1.41658 -1.41291 1.34688 2.59185 0.799464 -2.67344 
1.07267 -1.95841 -1.74786 1.41424 -1.15166 -1.1114 2.48968 -1.76161 1.41695 -1.41275 1.34651 2.59218 0.799827 -2.67374 
1.06916 -1.96699 -1.75132 1.4199 -1.16336 -1.11628 2.48414 -1.7616 1.41723 -1.41261 1.3465 2.59228 0.799803 -2.67402 
1.07132 -1.96699 -1.74463 1.42801 -1.18206 -1.1212 2.47521 -1.76154 1.4174 -1.41251 1.34643 2.59235 0.799877 -2.67427 
1.07262 -1.96699 -1.7398 1.43321 -1.19827 -1.12819 2.46471 -1.76127 1.4176 -1.41246 1.34577 2.59211 0.800518 -2.67534 
1.07655 -1.96623 -1.73969 1.43495 -1.21026 -1.12876 2.4261 -1.76023 1.4181 -1.41228 1.34353 2.59231 0.80275 -2.6767 
1.0815 -1.96431 -1.74005 1.43615 -1.22601 -1.12943 2.37266 -1.75911 1.41827 -1.4125 1.34084 2.59331 0.805055 -2.67593 
1.08878 -1.96221 -1.73954 1.43956 -1.23962 -1.12694 2.3218 -1.7574 1.41737 -1.41316 1.33726 2.59434 0.808618 -2.67465 
1.0958 -1.96093 -1.74021 1.44285 -1.25326 -1.12618 2.27077 -1.75644 1.41722 -1.41333 1.33506 2.595 0.810895 -2.67419 
1.10645 -1.95604 -1.73776 1.44742 -1.26504 -1.11984 2.21845 -1.75584 1.41757 -1.41302 1.33323 2.59612 0.813103 -2.67373 
1.11283 -1.95502 -1.7393 1.45056 -1.27863 -1.11699 2.1747 -1.75685 1.4187 -1.41248 1.33483 2.59659 0.81077 -2.67357 
1.11902 -1.95443 -1.74131 1.45376 -1.29271 -1.11388 2.1322 -1.75607 1.41791 -1.41268 1.33282 2.59811 0.813302 -2.67128 
1.12574 -1.95347 -1.74307 1.45594 -1.30626 -1.11086 2.08673 -1.75594 1.4163 -1.41343 1.33235 2.59855 0.813479 -2.66859 
1.12865 -1.95428 -1.7455 1.45699 -1.31614 -1.11002 2.05861 -1.76195 1.41495 -1.41375 1.34335 2.59635 0.800427 -2.66469 
1.12821 -1.95737 -1.74982 1.45611 -1.32525 -1.11328 2.03618 -1.75739 1.41181 -1.41617 1.3353 2.5983 0.808875 -2.66067 
1.1303 -1.95796 -1.75333 1.45626 -1.33736 -1.11056 2.00759 -1.75616 1.41049 -1.41692 1.3331 2.59922 0.810388 -2.65802 
1.13292 -1.95663 -1.75392 1.45196 -1.3434 -1.11275 1.9661 -1.75528 1.40964 -1.4174 1.3316 2.6002 0.811019 -2.65558 
1.13578 -1.95423 -1.75364 1.44577 -1.3485 -1.11537 1.91831 -1.75476 1.40943 -1.41752 1.33088 2.60104 0.810366 -2.65352 
1.13108 -1.95394 -1.73627 1.40472 -1.3085 -1.17152 1.81261 -1.73781 1.36046 -1.44098 1.30029 2.60123 0.853202 -2.61018 
