0.544855 -0.774415 -0.169201 1.47573 -2.46933 -1.22211 1.41245 -1.11007 0.610447 0.0654194 -1.37338 -1.9629 -1.13369 -0.471729 
0.526969 -0.759171 -0.15569 1.45848 -2.46253 -1.1356 1.40675 -1.11084 0.606645 0.0662567 -1.38211 -1.9606 -1.13137 -0.477066 
0.526952 -0.759382 -0.155669 1.458 -2.46241 -1.1354 1.40655 -1.11086 0.606554 0.0662767 -1.38232 -1.96054 -1.13132 -0.477194 
0.528338 -0.75934 -0.155763 1.45809 -2.45959 -1.13843 1.404 -1.11086 0.606549 0.0662777 -1.38233 -1.96054 -1.13132 -0.4772 
0.52852 -0.759039 -0.155854 1.45821 -2.45964 -1.1388 1.40385 -1.11086 0.606549 0.0662777 -1.38233 -1.96054 -1.13132 -0.4772 
0.528647 -0.758159 -0.155955 1.4587 -2.46008 -1.1376 1.40304 -1.11086 0.606549 0.0662777 -1.38233 -1.96054 -1.13132 -0.4772 
0.530429 -0.758093 -0.155461 1.45738 -2.45568 -1.13651 1.39694 -1.11086 0.606549 0.0662777 -1.38233 -1.96054 -1.13132 -0.4772 
0.532585 -0.75787 -0.155078 1.45621 -2.45115 -1.13569 1.39006 -1.11086 0.606549 0.0662777 -1.38233 -1.96054 -1.13132 -0.4772 
0.533775 -0.756589 -0.154396 1.45698 -2.44879 -1.13491 1.38749 -1.11086 0.606549 0.0662777 -1.38233 -1.96054 -1.13132 -0.4772 
0.535148 -0.754411 -0.154018 1.45922 -2.44691 -1.13601 1.38583 -1.11086 0.606549 0.0662777 -1.38233 -1.96054 -1.13132 -0.4772 
0.536683 -0.751681 -0.153995 1.4616 -2.44464 -1.13672 1.38249 -1.11086 0.606549 0.0662777 -1.38233 -1.96054 -1.13132 -0.4772 
0.53809 -0.749279 -0.153993 1.46348 -2.44195 -1.13742 1.37888 -1.11086 0.606549 0.0662777 -1.38233 -1.96054 -1.13132 -0.4772 
0.539234 -0.747304 -0.154007 1.46508 -2.43987 -1.13805 1.37603 -1.11086 0.606549 0.0662777 -1.38233 -1.96054 -1.13132 -0.4772 
0.540191 -0.745694 -0.154036 1.46642 -2.43823 -1.13864 1.37373 -1.11086 0.606549 0.0662777 -1.38233 -1.96054 -1.13132 -0.4772 
0.540973 -0.744333 -0.154037 1.46751 -2.43677 -1.13907 1.37177 -1.11086 0.606549 0.0662777 -1.38233 -1.96054 -1.13132 -0.4772 
0.541663 -0.743192 -0.154064 1.46846 -2.43562 -1.13948 1.3701 -1.11086 0.606549 0.0662777 -1.38233 -1.96054 -1.13132 -0.4772 
0.542246 -0.742213 -0.154062 1.46922 -2.43449 -1.13982 1.36861 -1.11086 0.606549 0.0662777 -1.38233 -1.96054 -1.13132 -0.4772 
0.542767 -0.74136 -0.154084 1.46993 -2.43363 -1.14016 1.36737 -1.11086 0.606549 0.0662777 -1.38233 -1.96054 -1.13132 -0.4772 
0.543206 -0.740596 -0.154093 1.47058 -2.43289 -1.14044 1.36634 -1.11086 0.606549 0.0662777 -1.38233 -1.96054 -1.13132 -0.4772 
0.543593 -0.739917 -0.154112 1.47115 -2.43229 -1.14065 1.36542 -1.11086 0.606549 0.0662777 -1.38233 -1.96054 -1.13132 -0.4772 
0.543943 -0.739322 -0.154113 1.47163 -2.43164 -1.14086 1.36455 -1.11086 0.606549 0.0662777 -1.38233 -1.96054 -1.13132 -0.4772 
0.544247 -0.738785 -0.15411 1.47204 -2.43106 -1.14103 1.36378 -1.11086 0.606549 0.0662777 -1.38233 -1.96054 -1.13132 -0.4772 
0.544533 -0.738302 -0.154117 1.47243 -2.43058 -1.14118 1.36307 -1.11086 0.606549 0.0662777 -1.38233 -1.96054 -1.13132 -0.4772 
0.544807 -0.73787 -0.154146 1.47283 -2.43023 -1.14136 1.36246 -1.11086 0.606549 0.0662777 -1.38233 -1.96054 -1.13132 -0.4772 
0.545046 -0.737459 -0.154189 1.47323 -2.43005 -1.14146 1.36195 -1.11086 0.606549 0.0662777 -1.38233 -1.96054 -1.13132 -0.4772 
0.545266 -0.737099 -0.154206 1.47354 -2.42973 -1.14159 1.36143 -1.11086 0.606549 0.0662777 -1.38233 -1.96054 -1.13132 -0.4772 
0.54548 -0.736754 -0.154208 1.47367 -2.42921 -1.14141 1.36054 -1.11086 0.606549 0.0662777 -1.38233 -1.96054 -1.13132 -0.4772 
0.545658 -0.736465 -0.154213 1.47389 -2.4289 -1.14152 1.3601 -1.11086 0.606549 0.0662777 -1.38233 -1.96054 -1.13132 -0.4772 
0.546454 -0.735366 -0.154151 1.47468 -2.42746 -1.14182 1.35812 -1.11086 0.606549 0.0662777 -1.38233 -1.96054 -1.13132 -0.4772 
0.547258 -0.734192 -0.154061 1.47548 -2.42593 -1.14199 1.35603 -1.11086 0.606549 0.0662777 -1.38233 -1.96054 -1.13132 -0.4772 
0.548127 -0.733079 -0.153967 1.47624 -2.42428 -1.14228 1.35382 -1.11086 0.606549 0.0662777 -1.38233 -1.96054 -1.13132 -0.4772 
0.548814 -0.732013 -0.153969 1.47717 -2.42334 -1.14269 1.35237 -1.11086 0.606549 0.0662777 -1.38233 -1.96054 -1.13132 -0.4772 
0.549204 -0.730852 -0.154028 1.47839 -2.42293 -1.14324 1.35184 -1.11086 0.606549 0.0662777 -1.38233 -1.96054 -1.13132 -0.4772 
0.549543 -0.729835 -0.154085 1.4794 -2.42252 -1.14359 1.35121 -1.11086 0.606549 0.0662777 -1.38233 -1.96054 -1.13132 -0.4772 
0.549886 -0.729247 -0.154241 1.47982 -2.4219 -1.14397 1.3501 -1.11086 0.606549 0.0662777 -1.38233 -1.96054 -1.13132 -0.4772 
0.550058 -0.728985 -0.154298 1.47996 -2.4214 -1.14411 1.3494 -1.11086 0.606549 0.0662777 -1.38233 -1.96054 -1.13132 -0.4772 
0.550076 -0.728974 -0.154315 1.47997 -2.42142 -1.14415 1.34937 -1.11086 0.606549 0.0662777 -1.38233 -1.96054 -1.13132 -0.4772 
0.550081 -0.728971 -0.154323 1.48001 -2.42149 -1.14417 1.34942 -1.11086 0.606549 0.0662777 -1.38233 -1.96054 -1.13132 -0.4772 
0.550076 -0.728962 -0.154326 1.48004 -2.42154 -1.14419 1.34947 -1.11086 0.606549 0.0662777 -1.38233 -1.96054 -1.13132 -0.4772 
0.550083 -0.728958 -0.154351 1.48009 -2.42168 -1.1442 1.34952 -1.11086 0.606549 0.0662777 -1.38233 -1.96054 -1.13132 -0.4772 
0.550072 -0.728954 -0.154338 1.48009 -2.42161 -1.14423 1.34955 -1.11086 0.606549 0.0662777 -1.38233 -1.96054 -1.13132 -0.4772 
0.550079 -0.728953 -0.154363 1.48015 -2.42178 -1.14425 1.34964 -1.11086 0.606549 0.0662777 -1.38233 -1.96054 -1.13132 -0.4772 
0.550084 -0.72895 -0.154372 1.48017 -2.42183 -1.14424 1.34964 -1.11086 0.606549 0.0662777 -1.38233 -1.96054 -1.13132 -0.4772 
0.550079 -0.728946 -0.15436 1.48015 -2.42175 -1.14425 1.34961 -1.11086 0.606549 0.0662777 -1.38233 -1.96054 -1.13132 -0.4772 
0.550079 -0.728945 -0.154361 1.48015 -2.42177 -1.14423 1.34962 -1.11086 0.606549 0.0662777 -1.38233 -1.96054 -1.13132 -0.4772 
0.550072 -0.72894 -0.154358 1.48015 -2.42176 -1.14421 1.34961 -1.11086 0.606549 0.0662777 -1.38233 -1.96054 -1.13132 -0.4772 
0.550089 -0.728951 -0.154384 1.48017 -2.42187 -1.14422 1.34962 -1.11086 0.606549 0.0662777 -1.38233 -1.96054 -1.13132 -0.4772 
0.550094 -0.728953 -0.154394 1.48019 -2.42193 -1.14422 1.34963 -1.11086 0.606549 0.0662777 -1.38233 -1.96054 -1.13132 -0.4772 
0.550086 -0.728945 -0.154391 1.48019 -2.42192 -1.14421 1.34964 -1.11086 0.606549 0.0662777 -1.38233 -1.96054 -1.13132 -0.4772 
0.550078 -0.72894 -0.154369 1.48016 -2.4218 -1.1442 1.3496 -1.11086 0.606549 0.0662777 -1.38233 -1.96054 -1.13132 -0.4772 
0.550074 -0.728947 -0.154336 1.48008 -2.42159 -1.14419 1.3495 -1.11086 0.606549 0.0662777 -1.38233 -1.96054 -1.13132 -0.4772 
0.55008 -0.728957 -0.15434 1.48007 -2.42158 -1.1442 1.34948 -1.11086 0.606549 0.0662777 -1.38233 -1.96054 -1.13132 -0.4772 
0.550069 -0.728959 -0.154358 1.48024 -2.42185 -1.14446 1.34989 -1.11086 0.606549 0.0662777 -1.38233 -1.96054 -1.13132 -0.4772 
0.550087 -0.728951 -0.154358 1.48011 -2.42167 -1.14418 1.34949 -1.11086 0.606549 0.0662777 -1.38233 -1.96054 -1.13132 -0.4772 
0.550111 -0.728961 -0.154395 1.48012 -2.42182 -1.14411 1.34941 -1.11086 0.606549 0.0662777 -1.38233 -1.96054 -1.13132 -0.4772 
0.550163 -0.728981 -0.154407 1.47979 -2.42147 -1.14352 1.34852 -1.11086 0.606549 0.0662777 -1.38233 -1.96054 -1.13132 -0.4772 
0.55019 -0.728998 -0.154398 1.47954 -2.42117 -1.14315 1.34794 -1.11086 0.606549 0.0662777 -1.38233 -1.96054 -1.13132 -0.4772 
0.550211 -0.729005 -0.154404 1.47937 -2.42102 -1.14281 1.34749 -1.11086 0.606549 0.0662777 -1.38233 -1.96054 -1.13132 -0.4772 
0.550252 -0.729036 -0.154374 1.47894 -2.42044 -1.1422 1.34651 -1.11086 0.606549 0.0662777 -1.38233 -1.96054 -1.13132 -0.4772 
0.550271 -0.729033 -0.154373 1.47873 -2.42022 -1.14179 1.34597 -1.11086 0.606549 0.0662777 -1.38233 -1.96054 -1.13132 -0.4772 
0.550283 -0.729038 -0.154403 1.47875 -2.42038 -1.14173 1.34595 -1.11086 0.606549 0.0662777 -1.38233 -1.96054 -1.13132 -0.4772 
0.5503 -0.729027 -0.154413 1.47862 -2.42025 -1.14139 1.34553 -1.11086 0.606549 0.0662777 -1.38233 -1.96054 -1.13132 -0.4772 
0.550301 -0.729029 -0.15441 1.47857 -2.4202 -1.14132 1.34543 -1.11086 0.606549 0.0662777 -1.38233 -1.96054 -1.13132 -0.4772 
0.550317 -0.72904 -0.154427 1.47857 -2.42025 -1.1413 1.34538 -1.11086 0.606549 0.0662777 -1.38233 -1.96054 -1.13132 -0.4772 
0.550315 -0.729043 -0.15441 1.47852 -2.42012 -1.14128 1.34531 -1.11086 0.606549 0.0662777 -1.38233 -1.96054 -1.13132 -0.4772 
0.550319 -0.729043 -0.154422 1.47853 -2.42019 -1.14123 1.34529 -1.11086 0.606549 0.0662777 -1.38233 -1.96054 -1.13132 -0.4772 
0.550327 -0.729047 -0.154435 1.47854 -2.42026 -1.14122 1.34529 -1.11086 0.606549 0.0662777 -1.38233 -1.96054 -1.13132 -0.4772 
0.550313 -0.729035 -0.154423 1.47853 -2.4202 -1.1412 1.34528 -1.11086 0.606549 0.0662777 -1.38233 -1.96054 -1.13132 -0.4772 
0.550307 -0.729027 -0.154414 1.47852 -2.42016 -1.14115 1.34524 -1.11086 0.606549 0.0662777 -1.38233 -1.96054 -1.13132 -0.4772 
0.550314 -0.729026 -0.154423 1.47852 -2.4202 -1.14112 1.34522 -1.11086 0.606549 0.0662777 -1.38233 -1.96054 -1.13132 -0.4772 
0.550319 -0.729032 -0.154431 1.47852 -2.42021 -1.14113 1.3452 -1.11086 0.606549 0.0662777 -1.38233 -1.96054 -1.13132 -0.4772 
0.550309 -0.729021 -0.154419 1.47851 -2.42017 -1.14109 1.34518 -1.11086 0.606549 0.0662777 -1.38233 -1.96054 -1.13132 -0.4772 
0.550305 -0.729021 -0.154409 1.47849 -2.42011 -1.14109 1.34516 -1.11086 0.606549 0.0662777 -1.38233 -1.96054 -1.13132 -0.4772 
0.550301 -0.729022 -0.1544 1.47848 -2.42007 -1.14111 1.34518 -1.11086 0.606549 0.0662777 -1.38233 -1.96054 -1.13132 -0.4772 
0.550293 -0.729015 -0.154386 1.47846 -2.42001 -1.14108 1.34516 -1.11086 0.606549 0.0662777 -1.38233 -1.96054 -1.13132 -0.4772 
0.550291 -0.729014 -0.154381 1.47845 -2.41998 -1.14107 1.34513 -1.11086 0.606549 0.0662777 -1.38233 -1.96054 -1.13132 -0.4772 
0.550295 -0.729019 -0.154383 1.47844 -2.41999 -1.14108 1.34514 -1.11086 0.606549 0.0662777 -1.38233 -1.96054 -1.13132 -0.4772 
0.550291 -0.729017 -0.154378 1.47844 -2.41997 -1.14107 1.34514 -1.11086 0.606549 0.0662777 -1.38233 -1.96054 -1.13132 -0.4772 
0.550261 -0.729013 -0.154359 1.47856 -2.42007 -1.14134 1.34554 -1.11086 0.606549 0.0662777 -1.38233 -1.96054 -1.13132 -0.4772 
0.550269 -0.729002 -0.154337 1.47841 -2.4198 -1.14109 1.34515 -1.11086 0.606549 0.0662777 -1.38233 -1.96054 -1.13132 -0.4772 
0.550247 -0.729012 -0.154328 1.47852 -2.41992 -1.14137 1.34554 -1.11086 0.606549 0.0662777 -1.38233 -1.96054 -1.13132 -0.4772 
0.550201 -0.728993 -0.154327 1.47889 -2.42032 -1.14202 1.34648 -1.11086 0.606549 0.0662777 -1.38233 -1.96054 -1.13132 -0.4772 
0.55019 -0.728998 -0.154285 1.47886 -2.4201 -1.14212 1.34651 -1.11086 0.606549 0.0662777 -1.38233 -1.96054 -1.13132 -0.4772 
0.550138 -0.728974 -0.154276 1.47917 -2.42045 -1.14266 1.34735 -1.11086 0.606549 0.0662777 -1.38233 -1.96054 -1.13132 -0.4772 
0.550087 -0.72895 -0.154271 1.47956 -2.42085 -1.14333 1.34833 -1.11086 0.606549 0.0662777 -1.38233 -1.96054 -1.13132 -0.4772 
0.550068 -0.728936 -0.154248 1.47957 -2.42081 -1.14338 1.34843 -1.11086 0.606549 0.0662777 -1.38233 -1.96054 -1.13132 -0.4772 
0.550061 -0.728934 -0.154231 1.47956 -2.42071 -1.14341 1.34843 -1.11086 0.606549 0.0662777 -1.38233 -1.96054 -1.13132 -0.4772 
0.550033 -0.728935 -0.154212 1.47969 -2.42081 -1.14372 1.34885 -1.11086 0.606549 0.0662777 -1.38233 -1.96054 -1.13132 -0.4772 
0.550015 -0.728922 -0.154188 1.47969 -2.42073 -1.14375 1.34891 -1.11086 0.606549 0.0662777 -1.38233 -1.96054 -1.13132 -0.4772 
0.550011 -0.728913 -0.154186 1.47971 -2.42077 -1.14373 1.34894 -1.11086 0.606549 0.0662777 -1.38233 -1.96054 -1.13132 -0.4772 
0.550015 -0.728896 -0.154165 1.47952 -2.42048 -1.14338 1.34846 -1.11086 0.606549 0.0662777 -1.38233 -1.96054 -1.13132 -0.4772 
0.550002 -0.728889 -0.154134 1.47945 -2.42031 -1.14331 1.34837 -1.11086 0.606549 0.0662777 -1.38233 -1.96054 -1.13132 -0.4772 
0.549991 -0.728889 -0.154119 1.47942 -2.42024 -1.14332 1.34837 -1.11086 0.606549 0.0662777 -1.38233 -1.96054 -1.13132 -0.4772 
0.549981 -0.728886 -0.154101 1.4794 -2.42018 -1.14332 1.34839 -1.11086 0.606549 0.0662777 -1.38233 -1.96054 -1.13132 -0.4772 
0.549973 -0.728884 -0.154088 1.47939 -2.42013 -1.14333 1.3484 -1.11086 0.606549 0.0662777 -1.38233 -1.96054 -1.13132 -0.4772 
0.549963 -0.728883 -0.154068 1.47937 -2.42004 -1.14335 1.3484 -1.11086 0.606549 0.0662777 -1.38233 -1.96054 -1.13132 -0.4772 
0.549961 -0.728882 -0.154055 1.47934 -2.41996 -1.14333 1.34836 -1.11086 0.606549 0.0662777 -1.38233 -1.96054 -1.13132 -0.4772 
0.549954 -0.728878 -0.154046 1.47933 -2.41994 -1.14332 1.34838 -1.11086 0.606549 0.0662777 -1.38233 -1.96054 -1.13132 -0.4772 
0.549953 -0.728879 -0.154045 1.47933 -2.41993 -1.14331 1.34836 -1.11086 0.606549 0.0662777 -1.38233 -1.96054 -1.13132 -0.4772 
0.549956 -0.728883 -0.154055 1.47934 -2.42 -1.14333 1.3484 -1.11086 0.606549 0.0662777 -1.38233 -1.96054 -1.13132 -0.4772 
0.549962 -0.728885 -0.154075 1.47938 -2.42012 -1.14336 1.34846 -1.11086 0.606549 0.0662777 -1.38233 -1.96054 -1.13132 -0.4772 
0.54999 -0.728869 -0.154068 1.47908 -2.41975 -1.14272 1.34761 -1.11086 0.606549 0.0662777 -1.38233 -1.96054 -1.13132 -0.4772 
0.54999 -0.728871 -0.154063 1.47904 -2.4197 -1.14267 1.34754 -1.11086 0.606549 0.0662777 -1.38233 -1.96054 -1.13132 -0.4772 
0.550016 -0.728864 -0.154045 1.47867 -2.41927 -1.14197 1.34662 -1.11086 0.606549 0.0662777 -1.38233 -1.96054 -1.13132 -0.4772 
0.549996 -0.728869 -0.154039 1.47878 -2.4194 -1.14221 1.34696 -1.11086 0.606549 0.0662777 -1.38233 -1.96054 -1.13132 -0.4772 
0.550001 -0.728874 -0.154049 1.47883 -2.41948 -1.14231 1.34708 -1.11086 0.606549 0.0662777 -1.38233 -1.96054 -1.13132 -0.4772 
0.550019 -0.728875 -0.154035 1.47866 -2.4192 -1.14204 1.34664 -1.11086 0.606549 0.0662777 -1.38233 -1.96054 -1.13132 -0.4772 
0.550014 -0.728876 -0.15402 1.47862 -2.41911 -1.14201 1.34657 -1.11086 0.606549 0.0662777 -1.38233 -1.96054 -1.13132 -0.4772 
0.550017 -0.728879 -0.154022 1.47862 -2.41915 -1.14201 1.3466 -1.11086 0.606549 0.0662777 -1.38233 -1.96054 -1.13132 -0.4772 
0.550035 -0.728877 -0.154029 1.47848 -2.419 -1.14171 1.34618 -1.11086 0.606549 0.0662777 -1.38233 -1.96054 -1.13132 -0.4772 
0.550036 -0.728881 -0.15403 1.47847 -2.41899 -1.1417 1.34616 -1.11086 0.606549 0.0662777 -1.38233 -1.96054 -1.13132 -0.4772 
0.550038 -0.728892 -0.154014 1.47842 -2.41888 -1.14172 1.34611 -1.11086 0.606549 0.0662777 -1.38233 -1.96054 -1.13132 -0.4772 
0.550059 -0.7289 -0.154006 1.47823 -2.41865 -1.14142 1.34566 -1.11086 0.606549 0.0662777 -1.38233 -1.96054 -1.13132 -0.4772 
0.550066 -0.72891 -0.154014 1.47823 -2.41866 -1.14141 1.34563 -1.11086 0.606549 0.0662777 -1.38233 -1.96054 -1.13132 -0.4772 
0.550065 -0.728917 -0.154008 1.47821 -2.41863 -1.14146 1.34566 -1.11086 0.606549 0.0662777 -1.38233 -1.96054 -1.13132 -0.4772 
0.550074 -0.72893 -0.154026 1.47825 -2.41874 -1.14151 1.34573 -1.11086 0.606549 0.0662777 -1.38233 -1.96054 -1.13132 -0.4772 
0.550052 -0.728926 -0.154028 1.47844 -2.41894 -1.14186 1.34622 -1.11086 0.606549 0.0662777 -1.38233 -1.96054 -1.13132 -0.4772 
0.550064 -0.728912 -0.154023 1.47832 -2.41878 -1.14161 1.34588 -1.11086 0.606549 0.0662777 -1.38233 -1.96054 -1.13132 -0.4772 
0.549068 -0.726536 -0.153963 1.48452 -2.42479 -1.14467 1.35573 -1.11086 0.606549 0.0662777 -1.38233 -1.96054 -1.13132 -0.4772 
0.547833 -0.723875 -0.153803 1.49135 -2.43145 -1.14788 1.36686 -1.11086 0.606549 0.0662777 -1.38233 -1.96054 -1.13132 -0.4772 
0.546417 -0.721287 -0.153583 1.49838 -2.43851 -1.15157 1.37905 -1.11086 0.606549 0.0662777 -1.38233 -1.96054 -1.13132 -0.4772 
0.544838 -0.718803 -0.153363 1.50562 -2.44605 -1.15562 1.39205 -1.11086 0.606549 0.0662777 -1.38233 -1.96054 -1.13132 -0.4772 
0.543022 -0.716321 -0.153056 1.51296 -2.45397 -1.15966 1.40582 -1.11086 0.606549 0.0662777 -1.38233 -1.96054 -1.13132 -0.4772 
0.540999 -0.713963 -0.152691 1.52052 -2.46241 -1.16437 1.42084 -1.11086 0.606549 0.0662777 -1.38233 -1.96054 -1.13132 -0.4772 
0.53879 -0.711785 -0.152233 1.52816 -2.47117 -1.16974 1.43698 -1.11086 0.606549 0.0662777 -1.38233 -1.96054 -1.13132 -0.4772 
0.536323 -0.709852 -0.151688 1.53591 -2.48028 -1.17589 1.45439 -1.11086 0.606549 0.0662777 -1.38233 -1.96054 -1.13132 -0.4772 
0.533607 -0.70813 -0.151122 1.54371 -2.48996 -1.18239 1.47276 -1.11086 0.606549 0.0662777 -1.38233 -1.96054 -1.13132 -0.4772 
0.530609 -0.706623 -0.150454 1.55171 -2.49999 -1.18989 1.4926 -1.11086 0.606549 0.0662777 -1.38233 -1.96054 -1.13132 -0.4772 
0.527426 -0.705238 -0.149677 1.55962 -2.50996 -1.19755 1.51287 -1.11086 0.606549 0.0662777 -1.38233 -1.96054 -1.13132 -0.4772 
0.523957 -0.704045 -0.148794 1.5677 -2.52032 -1.20601 1.53451 -1.11086 0.606549 0.0662777 -1.38233 -1.96054 -1.13132 -0.4772 
0.520231 -0.703033 -0.147755 1.57546 -2.53039 -1.21419 1.5563 -1.11086 0.606549 0.0662777 -1.38233 -1.96054 -1.13132 -0.4772 
0.516153 -0.702387 -0.146567 1.58349 -2.54087 -1.22373 1.58001 -1.11086 0.606549 0.0662777 -1.38233 -1.96054 -1.13132 -0.4772 
0.511907 -0.70195 -0.145207 1.59133 -2.55095 -1.23345 1.604 -1.11086 0.606549 0.0662777 -1.38233 -1.96054 -1.13132 -0.4772 
0.50752 -0.701662 -0.143702 1.59885 -2.56063 -1.24296 1.62793 -1.11086 0.606549 0.0662777 -1.38233 -1.96054 -1.13132 -0.4772 
0.50286 -0.70169 -0.142073 1.6064 -2.57038 -1.25315 1.65287 -1.11086 0.606549 0.0662777 -1.38233 -1.96054 -1.13132 -0.4772 
0.498104 -0.701757 -0.140396 1.61357 -2.57986 -1.26243 1.67715 -1.11086 0.606549 0.0662777 -1.38233 -1.96054 -1.13132 -0.4772 
0.493332 -0.702121 -0.138768 1.6206 -2.5893 -1.27221 1.7014 -1.11086 0.606549 0.0662777 -1.38233 -1.96054 -1.13132 -0.4772 
0.488582 -0.702696 -0.137301 1.62756 -2.59903 -1.28239 1.7255 -1.11086 0.606549 0.0662777 -1.38233 -1.96054 -1.13132 -0.4772 
0.483908 -0.703362 -0.135862 1.63411 -2.60833 -1.29205 1.74861 -1.11086 0.606549 0.0662777 -1.38233 -1.96054 -1.13132 -0.4772 
0.479286 -0.704263 -0.134511 1.6405 -2.61756 -1.30209 1.77143 -1.11086 0.606549 0.0662777 -1.38233 -1.96054 -1.13132 -0.4772 
0.47462 -0.705274 -0.133143 1.64662 -2.62649 -1.31201 1.79392 -1.11086 0.606549 0.0662777 -1.38233 -1.96054 -1.13132 -0.4772 
0.469976 -0.706481 -0.13178 1.65263 -2.63509 -1.32218 1.8161 -1.11086 0.606549 0.0662777 -1.38233 -1.96054 -1.13132 -0.4772 
0.465403 -0.707809 -0.130438 1.65842 -2.64336 -1.33243 1.83778 -1.11086 0.606549 0.0662777 -1.38233 -1.96054 -1.13132 -0.4772 
0.461506 -0.709872 -0.129105 1.66177 -2.64932 -1.34065 1.85541 -1.11086 0.606549 0.0662777 -1.38233 -1.96054 -1.13132 -0.4772 
0.458526 -0.712512 -0.127843 1.66251 -2.65252 -1.34609 1.86781 -1.11086 0.606549 0.0662777 -1.38233 -1.96054 -1.13132 -0.4772 
0.455816 -0.714821 -0.126873 1.66288 -2.65579 -1.34981 1.8783 -1.11086 0.606549 0.0662777 -1.38233 -1.96054 -1.13132 -0.4772 
0.453535 -0.71694 -0.126115 1.66305 -2.65871 -1.35294 1.88708 -1.11086 0.606549 0.0662777 -1.38233 -1.96054 -1.13132 -0.4772 
0.45175 -0.719063 -0.125571 1.66314 -2.66108 -1.35651 1.8944 -1.11086 0.606549 0.0662777 -1.38233 -1.96054 -1.13132 -0.4772 
0.450563 -0.720772 -0.125313 1.66287 -2.66275 -1.35852 1.89888 -1.11086 0.606549 0.0662777 -1.38233 -1.96054 -1.13132 -0.4772 
0.449831 -0.722056 -0.125312 1.66254 -2.66396 -1.35933 1.90118 -1.11086 0.606549 0.0662777 -1.38233 -1.96054 -1.13132 -0.4772 
0.44953 -0.723232 -0.125624 1.66224 -2.66513 -1.36004 1.90204 -1.11086 0.606549 0.0662777 -1.38233 -1.96054 -1.13132 -0.4772 
0.449971 -0.723879 -0.126326 1.66179 -2.66569 -1.35945 1.89984 -1.11086 0.606549 0.0662777 -1.38233 -1.96054 -1.13132 -0.4772 
0.451084 -0.724113 -0.127368 1.66119 -2.66575 -1.35778 1.895 -1.11086 0.606549 0.0662777 -1.38233 -1.96054 -1.13132 -0.4772 
0.452549 -0.724326 -0.128804 1.66064 -2.66625 -1.35611 1.88907 -1.11086 0.606549 0.0662777 -1.38233 -1.96054 -1.13132 -0.4772 
0.45456 -0.724358 -0.130645 1.65992 -2.6666 -1.35371 1.88095 -1.11086 0.606549 0.0662777 -1.38233 -1.96054 -1.13132 -0.4772 
0.457067 -0.724142 -0.132975 1.65901 -2.66723 -1.35025 1.87072 -1.11086 0.606549 0.0662777 -1.38233 -1.96054 -1.13132 -0.4772 
0.460397 -0.723517 -0.135658 1.65794 -2.66703 -1.34584 1.85742 -1.11086 0.606549 0.0662777 -1.38233 -1.96054 -1.13132 -0.4772 
0.464193 -0.72279 -0.138852 1.65683 -2.66722 -1.34126 1.84249 -1.11086 0.606549 0.0662777 -1.38233 -1.96054 -1.13132 -0.4772 
0.468541 -0.721809 -0.142419 1.65539 -2.66711 -1.33553 1.82516 -1.11086 0.606549 0.0662777 -1.38233 -1.96054 -1.13132 -0.4772 
0.473236 -0.72118 -0.146156 1.65403 -2.66666 -1.33128 1.80737 -1.11086 0.606549 0.0662777 -1.38233 -1.96054 -1.13132 -0.4772 
0.478599 -0.720393 -0.150099 1.65229 -2.66522 -1.3264 1.78709 -1.11086 0.606549 0.0662777 -1.38233 -1.96054 -1.13132 -0.4772 
0.484393 -0.719719 -0.15437 1.65046 -2.66376 -1.32188 1.76558 -1.11086 0.606549 0.0662777 -1.38233 -1.96054 -1.13132 -0.4772 
0.490507 -0.719142 -0.158561 1.6483 -2.66127 -1.31724 1.74293 -1.11086 0.606549 0.0662777 -1.38233 -1.96054 -1.13132 -0.4772 
0.49684 -0.718705 -0.16288 1.64611 -2.65856 -1.31294 1.71963 -1.11086 0.606549 0.0662777 -1.38233 -1.96054 -1.13132 -0.4772 
0.503362 -0.718379 -0.167295 1.6437 -2.65569 -1.30841 1.69555 -1.11086 0.606549 0.0662777 -1.38233 -1.96054 -1.13132 -0.4772 
0.510179 -0.718357 -0.171807 1.64124 -2.65244 -1.30477 1.67092 -1.11086 0.606549 0.0662777 -1.38233 -1.96054 -1.13132 -0.4772 
