1.18354 -1.69211 -1.57712 1.68719 -1.77429 -0.880591 2.44552 -1.1103 0.609337 0.0656645 -1.37593 -1.96223 -1.13301 -0.473288 
1.16076 -1.69227 -1.57728 1.6527 -1.75954 -0.885743 2.42331 -1.11086 0.606551 0.0662773 -1.38233 -1.96054 -1.13132 -0.477198 
1.15669 -1.69786 -1.57771 1.64907 -1.75667 -0.895488 2.43003 -1.11086 0.606549 0.0662777 -1.38233 -1.96054 -1.13132 -0.4772 
1.15497 -1.6992 -1.57716 1.64627 -1.75298 -0.899375 2.43104 -1.11086 0.606549 0.0662777 -1.38233 -1.96054 -1.13132 -0.4772 
1.15471 -1.69905 -1.57643 1.64517 -1.75047 -0.900299 2.43021 -1.11086 0.606549 0.0662777 -1.38233 -1.96054 -1.13132 -0.4772 
1.15467 -1.69878 -1.57583 1.64442 -1.74782 -0.900931 2.4287 -1.11086 0.606549 0.0662777 -1.38233 -1.96054 -1.13132 -0.4772 
1.15504 -1.69842 -1.57534 1.64451 -1.7467 -0.900547 2.42773 -1.11086 0.606549 0.0662777 -1.38233 -1.96054 -1.13132 -0.4772 
1.15462 -1.69906 -1.57568 1.64421 -1.74679 -0.901407 2.42783 -1.11086 0.606549 0.0662777 -1.38233 -1.96054 -1.13132 -0.4772 
1.15473 -1.69885 -1.57579 1.6441 -1.74623 -0.901424 2.42742 -1.11086 0.606549 0.0662777 -1.38233 -1.96054 -1.13132 -0.4772 
1.15469 -1.6984 -1.57559 1.64434 -1.74698 -0.900721 2.42802 -1.11086 0.606549 0.0662777 -1.38233 -1.96054 -1.13132 -0.4772 
1.15492 -1.69856 -1.57612 1.64449 -1.74811 -0.900499 2.42747 -1.11086 0.606549 0.0662777 -1.38233 -1.96054 -1.13132 -0.4772 
1.15456 -1.69882 -1.57559 1.6439 -1.74601 -0.9019 2.42689 -1.11086 0.606549 0.0662777 -1.38233 -1.96054 -1.13132 -0.4772 
1.15446 -1.6993 -1.57623 1.64435 -1.74759 -0.902067 2.42776 -1.11086 0.606549 0.0662777 -1.38233 -1.96054 -1.13132 -0.4772 
1.15472 -1.69828 -1.5752 1.64377 -1.74554 -0.901457 2.42622 -1.11086 0.606549 0.0662777 -1.38233 -1.96054 -1.13132 -0.4772 
1.15436 -1.69908 -1.57587 1.64431 -1.74724 -0.902011 2.42786 -1.11086 0.606549 0.0662777 -1.38233 -1.96054 -1.13132 -0.4772 
1.15469 -1.69877 -1.57548 1.64434 -1.74722 -0.901603 2.42767 -1.11086 0.606549 0.0662777 -1.38233 -1.96054 -1.13132 -0.4772 
1.15454 -1.69863 -1.57569 1.6442 -1.74685 -0.901785 2.4273 -1.11086 0.606549 0.0662777 -1.38233 -1.96054 -1.13132 -0.4772 
1.15451 -1.69897 -1.57586 1.64459 -1.74842 -0.901595 2.4286 -1.11086 0.606549 0.0662777 -1.38233 -1.96054 -1.13132 -0.4772 
1.15462 -1.6987 -1.57595 1.64457 -1.74871 -0.901034 2.42727 -1.11086 0.606549 0.0662777 -1.38233 -1.96054 -1.13132 -0.4772 
1.15441 -1.69908 -1.57572 1.6444 -1.7478 -0.901814 2.42721 -1.11086 0.606549 0.0662777 -1.38233 -1.96054 -1.13132 -0.4772 
1.1545 -1.69887 -1.5758 1.6443 -1.74748 -0.901682 2.42638 -1.11086 0.606549 0.0662777 -1.38233 -1.96054 -1.13132 -0.4772 
1.15473 -1.69861 -1.57547 1.644 -1.7463 -0.901732 2.42522 -1.11086 0.606549 0.0662777 -1.38233 -1.96054 -1.13132 -0.4772 
1.1543 -1.69924 -1.57596 1.64412 -1.74743 -0.902406 2.42709 -1.11086 0.606549 0.0662777 -1.38233 -1.96054 -1.13132 -0.4772 
1.15472 -1.69851 -1.57588 1.6445 -1.74898 -0.900875 2.42809 -1.11086 0.606549 0.0662777 -1.38233 -1.96054 -1.13132 -0.4772 
1.15477 -1.69834 -1.57559 1.64415 -1.74758 -0.900963 2.42714 -1.11086 0.606549 0.0662777 -1.38233 -1.96054 -1.13132 -0.4772 
1.15439 -1.69892 -1.57606 1.64429 -1.74805 -0.901783 2.42829 -1.11086 0.606549 0.0662777 -1.38233 -1.96054 -1.13132 -0.4772 
1.15404 -1.69956 -1.57646 1.64427 -1.74874 -0.902603 2.42893 -1.11086 0.606549 0.0662777 -1.38233 -1.96054 -1.13132 -0.4772 
1.15416 -1.69906 -1.57602 1.6441 -1.74758 -0.902317 2.42859 -1.11086 0.606549 0.0662777 -1.38233 -1.96054 -1.13132 -0.4772 
1.15373 -1.70026 -1.57655 1.64406 -1.74819 -0.903816 2.42928 -1.11086 0.606549 0.0662777 -1.38233 -1.96054 -1.13132 -0.4772 
1.15427 -1.69902 -1.5757 1.64418 -1.74766 -0.90222 2.42802 -1.11086 0.606549 0.0662777 -1.38233 -1.96054 -1.13132 -0.4772 
1.15394 -1.699 -1.57624 1.64444 -1.74931 -0.901831 2.42976 -1.11086 0.606549 0.0662777 -1.38233 -1.96054 -1.13132 -0.4772 
1.15442 -1.69867 -1.5756 1.64401 -1.74732 -0.902105 2.42776 -1.11086 0.606549 0.0662777 -1.38233 -1.96054 -1.13132 -0.4772 
1.15428 -1.699 -1.57582 1.64443 -1.74777 -0.902276 2.42794 -1.11086 0.606549 0.0662777 -1.38233 -1.96054 -1.13132 -0.4772 
1.15429 -1.69915 -1.57598 1.64409 -1.7476 -0.902661 2.42758 -1.11086 0.606549 0.0662777 -1.38233 -1.96054 -1.13132 -0.4772 
1.15359 -1.70027 -1.57631 1.64419 -1.74796 -0.903865 2.42886 -1.11086 0.606549 0.0662777 -1.38233 -1.96054 -1.13132 -0.4772 
