1.14323 -1.86226 -1.73677 1.53026 -1.26036 -0.884514 2.13059 -1.11066 0.607565 0.0660542 -1.38 -1.96116 -1.13193 -0.475773 
1.10448 -1.85845 -1.73558 1.46869 -1.23014 -0.936664 2.10809 -1.11086 0.606549 0.0662777 -1.38233 -1.96054 -1.13132 -0.4772 
1.09878 -1.86149 -1.7366 1.46063 -1.22612 -0.946508 2.11096 -1.11086 0.606549 0.0662777 -1.38233 -1.96054 -1.13132 -0.4772 
1.09833 -1.86164 -1.73535 1.45776 -1.22071 -0.954489 2.10668 -1.11086 0.606549 0.0662777 -1.38233 -1.96054 -1.13132 -0.4772 
1.10265 -1.85865 -1.73322 1.45914 -1.22024 -0.951908 2.09988 -1.11086 0.606549 0.0662777 -1.38233 -1.96054 -1.13132 -0.4772 
1.1073 -1.8578 -1.73134 1.46063 -1.21959 -0.951355 2.0938 -1.11086 0.606549 0.0662777 -1.38233 -1.96054 -1.13132 -0.4772 
1.11468 -1.85687 -1.72841 1.46734 -1.21782 -0.949789 2.08989 -1.11086 0.606549 0.0662777 -1.38233 -1.96054 -1.13132 -0.4772 
1.12026 -1.85789 -1.72808 1.4749 -1.21913 -0.94803 2.08891 -1.11086 0.606549 0.0662777 -1.38233 -1.96054 -1.13132 -0.4772 
1.12429 -1.85804 -1.72759 1.48082 -1.22031 -0.945361 2.08864 -1.11086 0.606549 0.0662777 -1.38233 -1.96054 -1.13132 -0.4772 
1.12698 -1.85829 -1.72698 1.48455 -1.22077 -0.943842 2.08865 -1.11086 0.606549 0.0662777 -1.38233 -1.96054 -1.13132 -0.4772 
1.13033 -1.856 -1.7238 1.48566 -1.2167 -0.94482 2.08366 -1.11086 0.606549 0.0662777 -1.38233 -1.96054 -1.13132 -0.4772 
1.1321 -1.85621 -1.72338 1.48805 -1.21714 -0.943223 2.08398 -1.11086 0.606549 0.0662777 -1.38233 -1.96054 -1.13132 -0.4772 
1.13308 -1.85707 -1.72356 1.49014 -1.21822 -0.942531 2.08422 -1.11086 0.606549 0.0662777 -1.38233 -1.96054 -1.13132 -0.4772 
1.13338 -1.85862 -1.72455 1.49227 -1.22028 -0.941506 2.08653 -1.11086 0.606549 0.0662777 -1.38233 -1.96054 -1.13132 -0.4772 
1.13431 -1.8588 -1.72458 1.49374 -1.22108 -0.940382 2.0865 -1.11086 0.606549 0.0662777 -1.38233 -1.96054 -1.13132 -0.4772 
1.13662 -1.85751 -1.72296 1.49481 -1.21878 -0.94146 2.08265 -1.11086 0.606549 0.0662777 -1.38233 -1.96054 -1.13132 -0.4772 
1.14057 -1.85692 -1.72098 1.49775 -1.21743 -0.941201 2.07967 -1.11086 0.606549 0.0662777 -1.38233 -1.96054 -1.13132 -0.4772 
1.14328 -1.85657 -1.71997 1.5004 -1.21628 -0.941816 2.07742 -1.11086 0.606549 0.0662777 -1.38233 -1.96054 -1.13132 -0.4772 
1.14563 -1.85598 -1.71849 1.50248 -1.2147 -0.942375 2.07526 -1.11086 0.606549 0.0662777 -1.38233 -1.96054 -1.13132 -0.4772 
1.14602 -1.85739 -1.71994 1.50539 -1.21841 -0.938793 2.07876 -1.11086 0.606549 0.0662777 -1.38233 -1.96054 -1.13132 -0.4772 
1.14601 -1.85711 -1.71891 1.50469 -1.21694 -0.939946 2.07785 -1.11086 0.606549 0.0662777 -1.38233 -1.96054 -1.13132 -0.4772 
1.1448 -1.85936 -1.72125 1.50506 -1.21942 -0.939974 2.08149 -1.11086 0.606549 0.0662777 -1.38233 -1.96054 -1.13132 -0.4772 
1.14537 -1.85846 -1.72086 1.50558 -1.21975 -0.938272 2.08101 -1.11086 0.606549 0.0662777 -1.38233 -1.96054 -1.13132 -0.4772 
1.14587 -1.8574 -1.71963 1.50508 -1.21803 -0.938644 2.07934 -1.11086 0.606549 0.0662777 -1.38233 -1.96054 -1.13132 -0.4772 
1.14618 -1.85709 -1.71915 1.50511 -1.21754 -0.938709 2.07814 -1.11086 0.606549 0.0662777 -1.38233 -1.96054 -1.13132 -0.4772 
1.14654 -1.85624 -1.71837 1.50436 -1.21597 -0.939349 2.07675 -1.11086 0.606549 0.0662777 -1.38233 -1.96054 -1.13132 -0.4772 
1.14683 -1.85617 -1.71848 1.50478 -1.21626 -0.938774 2.07663 -1.11086 0.606549 0.0662777 -1.38233 -1.96054 -1.13132 -0.4772 
1.14578 -1.85782 -1.71971 1.50487 -1.21744 -0.939372 2.07924 -1.11086 0.606549 0.0662777 -1.38233 -1.96054 -1.13132 -0.4772 
1.1456 -1.85833 -1.72045 1.50509 -1.21846 -0.939209 2.07974 -1.11086 0.606549 0.0662777 -1.38233 -1.96054 -1.13132 -0.4772 
1.1453 -1.85868 -1.72061 1.50511 -1.21913 -0.938698 2.08001 -1.11086 0.606549 0.0662777 -1.38233 -1.96054 -1.13132 -0.4772 
1.1462 -1.85718 -1.72022 1.50522 -1.21937 -0.937755 2.07781 -1.11086 0.606549 0.0662777 -1.38233 -1.96054 -1.13132 -0.4772 
1.14584 -1.85753 -1.71996 1.50465 -1.2189 -0.939019 2.07719 -1.11086 0.606549 0.0662777 -1.38233 -1.96054 -1.13132 -0.4772 
1.14652 -1.85725 -1.72132 1.50675 -1.22287 -0.934141 2.0786 -1.11086 0.606549 0.0662777 -1.38233 -1.96054 -1.13132 -0.4772 
1.1475 -1.85526 -1.71977 1.50638 -1.22128 -0.933331 2.07624 -1.11086 0.606549 0.0662777 -1.38233 -1.96054 -1.13132 -0.4772 
1.14646 -1.85677 -1.72028 1.50596 -1.22133 -0.935162 2.07764 -1.11086 0.606549 0.0662777 -1.38233 -1.96054 -1.13132 -0.4772 
1.14667 -1.85641 -1.71994 1.5062 -1.22103 -0.934739 2.07743 -1.11086 0.606549 0.0662777 -1.38233 -1.96054 -1.13132 -0.4772 
1.14529 -1.85829 -1.72065 1.50489 -1.22024 -0.938367 2.07846 -1.11086 0.606549 0.0662777 -1.38233 -1.96054 -1.13132 -0.4772 
1.1454 -1.85822 -1.72124 1.50529 -1.22123 -0.937505 2.07848 -1.11086 0.606549 0.0662777 -1.38233 -1.96054 -1.13132 -0.4772 
1.14542 -1.85817 -1.7204 1.50487 -1.22004 -0.938391 2.0777 -1.11086 0.606549 0.0662777 -1.38233 -1.96054 -1.13132 -0.4772 
1.14584 -1.85708 -1.72003 1.50459 -1.21932 -0.938503 2.07621 -1.11086 0.606549 0.0662777 -1.38233 -1.96054 -1.13132 -0.4772 
1.14572 -1.85717 -1.71996 1.50439 -1.2188 -0.939023 2.07669 -1.11086 0.606549 0.0662777 -1.38233 -1.96054 -1.13132 -0.4772 
1.14673 -1.85615 -1.71985 1.50557 -1.22007 -0.935873 2.07665 -1.11086 0.606549 0.0662777 -1.38233 -1.96054 -1.13132 -0.4772 
1.14616 -1.85706 -1.72011 1.50546 -1.21968 -0.936812 2.07792 -1.11086 0.606549 0.0662777 -1.38233 -1.96054 -1.13132 -0.4772 
1.14679 -1.85655 -1.71934 1.50572 -1.21892 -0.936213 2.07815 -1.11086 0.606549 0.0662777 -1.38233 -1.96054 -1.13132 -0.4772 
1.14589 -1.857 -1.71926 1.5045 -1.21709 -0.938728 2.0784 -1.11086 0.606549 0.0662777 -1.38233 -1.96054 -1.13132 -0.4772 
1.14577 -1.85722 -1.71973 1.5048 -1.21773 -0.938202 2.07909 -1.11086 0.606549 0.0662777 -1.38233 -1.96054 -1.13132 -0.4772 
1.14587 -1.85719 -1.71947 1.5048 -1.21736 -0.9385 2.07895 -1.11086 0.606549 0.0662777 -1.38233 -1.96054 -1.13132 -0.4772 
1.14594 -1.85758 -1.7202 1.50559 -1.21867 -0.937152 2.08025 -1.11086 0.606549 0.0662777 -1.38233 -1.96054 -1.13132 -0.4772 
1.14628 -1.85661 -1.71937 1.50523 -1.21766 -0.937526 2.07872 -1.11086 0.606549 0.0662777 -1.38233 -1.96054 -1.13132 -0.4772 
1.14651 -1.85624 -1.71916 1.50547 -1.21781 -0.936817 2.07827 -1.11086 0.606549 0.0662777 -1.38233 -1.96054 -1.13132 -0.4772 
1.14651 -1.8562 -1.71896 1.505 -1.21701 -0.937766 2.07806 -1.11086 0.606549 0.0662777 -1.38233 -1.96054 -1.13132 -0.4772 
1.146 -1.85721 -1.71984 1.50551 -1.2183 -0.937553 2.07892 -1.11086 0.606549 0.0662777 -1.38233 -1.96054 -1.13132 -0.4772 
1.14699 -1.8552 -1.71834 1.50479 -1.21678 -0.937511 2.07566 -1.11086 0.606549 0.0662777 -1.38233 -1.96054 -1.13132 -0.4772 
1.14689 -1.8557 -1.71879 1.50517 -1.21776 -0.93694 2.07604 -1.11086 0.606549 0.0662777 -1.38233 -1.96054 -1.13132 -0.4772 
1.14715 -1.85519 -1.71867 1.50536 -1.21787 -0.936503 2.07576 -1.11086 0.606549 0.0662777 -1.38233 -1.96054 -1.13132 -0.4772 
1.14608 -1.85688 -1.71966 1.50496 -1.21809 -0.937804 2.07779 -1.11086 0.606549 0.0662777 -1.38233 -1.96054 -1.13132 -0.4772 
1.14664 -1.85568 -1.71897 1.50494 -1.21756 -0.937276 2.07654 -1.11086 0.606549 0.0662777 -1.38233 -1.96054 -1.13132 -0.4772 
1.14717 -1.85504 -1.71852 1.50529 -1.21782 -0.936041 2.07592 -1.11086 0.606549 0.0662777 -1.38233 -1.96054 -1.13132 -0.4772 
1.14732 -1.85579 -1.71971 1.50672 -1.22055 -0.933356 2.07783 -1.11086 0.606549 0.0662777 -1.38233 -1.96054 -1.13132 -0.4772 
1.1467 -1.85678 -1.72051 1.50688 -1.22127 -0.93365 2.07895 -1.11086 0.606549 0.0662777 -1.38233 -1.96054 -1.13132 -0.4772 
1.14656 -1.85972 -1.7202 1.50857 -1.21911 -0.936312 2.08562 -1.11086 0.606549 0.0662777 -1.38233 -1.96054 -1.13132 -0.4772 
1.14502 -1.86926 -1.72247 1.51426 -1.21848 -0.939887 2.10764 -1.11086 0.606549 0.0662777 -1.38233 -1.96054 -1.13132 -0.4772 
1.14219 -1.88013 -1.72474 1.51891 -1.21631 -0.945766 2.13166 -1.11086 0.606549 0.0662777 -1.38233 -1.96054 -1.13132 -0.4772 
1.13908 -1.89078 -1.72657 1.52314 -1.21292 -0.951893 2.15761 -1.11086 0.606549 0.0662777 -1.38233 -1.96054 -1.13132 -0.4772 
1.1341 -1.90346 -1.73025 1.52741 -1.211 -0.958015 2.18887 -1.11086 0.606549 0.0662777 -1.38233 -1.96054 -1.13132 -0.4772 
1.12862 -1.91548 -1.73229 1.5295 -1.20495 -0.96718 2.22061 -1.11086 0.606549 0.0662777 -1.38233 -1.96054 -1.13132 -0.4772 
1.12163 -1.92927 -1.73655 1.53248 -1.20155 -0.974163 2.25913 -1.11086 0.606549 0.0662777 -1.38233 -1.96054 -1.13132 -0.4772 
1.11333 -1.94267 -1.73956 1.53276 -1.19389 -0.984795 2.29778 -1.11086 0.606549 0.0662777 -1.38233 -1.96054 -1.13132 -0.4772 
1.10341 -1.95718 -1.74379 1.5324 -1.18682 -0.995234 2.34127 -1.11086 0.606549 0.0662777 -1.38233 -1.96054 -1.13132 -0.4772 
1.09308 -1.96699 -1.743 1.52933 -1.1821 -1.01176 2.3843 -1.11086 0.606549 0.0662777 -1.38233 -1.96054 -1.13132 -0.4772 
1.0843 -1.96699 -1.7318 1.52605 -1.19143 -1.03722 2.42916 -1.11086 0.606549 0.0662777 -1.38233 -1.96054 -1.13132 -0.4772 
1.07661 -1.96699 -1.72173 1.52318 -1.19815 -1.05773 2.47102 -1.11086 0.606549 0.0662777 -1.38233 -1.96054 -1.13132 -0.4772 
1.06701 -1.96699 -1.71119 1.5174 -1.20356 -1.08372 2.51139 -1.11086 0.606549 0.0662777 -1.38233 -1.96054 -1.13132 -0.4772 
1.05985 -1.96699 -1.70692 1.51023 -1.20095 -1.0959 2.53433 -1.11086 0.606549 0.0662777 -1.38233 -1.96054 -1.13132 -0.4772 
1.0532 -1.96699 -1.70531 1.5048 -1.20361 -1.10282 2.55106 -1.11086 0.606549 0.0662777 -1.38233 -1.96054 -1.13132 -0.4772 
1.04887 -1.96699 -1.70444 1.50091 -1.20533 -1.1061 2.56102 -1.11086 0.606549 0.0662777 -1.38233 -1.96054 -1.13132 -0.4772 
1.04647 -1.96699 -1.70425 1.49871 -1.20821 -1.10651 2.56398 -1.11086 0.606549 0.0662777 -1.38233 -1.96054 -1.13132 -0.4772 
1.04407 -1.96699 -1.70441 1.49531 -1.21071 -1.11166 2.55716 -1.11086 0.606549 0.0662777 -1.38233 -1.96054 -1.13132 -0.4772 
1.04506 -1.96698 -1.70515 1.49708 -1.21898 -1.1094 2.54609 -1.11086 0.606549 0.0662777 -1.38233 -1.96054 -1.13132 -0.4772 
1.04916 -1.96393 -1.70336 1.49772 -1.22304 -1.10792 2.52237 -1.11086 0.606549 0.0662777 -1.38233 -1.96054 -1.13132 -0.4772 
1.05427 -1.96163 -1.70289 1.50057 -1.23142 -1.10551 2.49209 -1.11086 0.606549 0.0662777 -1.38233 -1.96054 -1.13132 -0.4772 
1.06039 -1.95888 -1.70214 1.50316 -1.24005 -1.10512 2.45251 -1.11086 0.606549 0.0662777 -1.38233 -1.96054 -1.13132 -0.4772 
1.06626 -1.95581 -1.70092 1.50422 -1.2462 -1.1078 2.41133 -1.11086 0.606549 0.0662777 -1.38233 -1.96054 -1.13132 -0.4772 
1.07456 -1.95182 -1.69926 1.50739 -1.25514 -1.1064 2.36542 -1.11086 0.606549 0.0662777 -1.38233 -1.96054 -1.13132 -0.4772 
1.07335 -1.95651 -1.70435 1.49489 -1.26599 -1.13461 2.27799 -1.11086 0.606549 0.0662777 -1.38233 -1.96054 -1.13132 -0.4772 
1.07117 -1.95779 -1.70568 1.49204 -1.26578 -1.13919 2.27454 -1.11086 0.606549 0.0662777 -1.38233 -1.96054 -1.13132 -0.4772 
1.07854 -1.95378 -1.703 1.49099 -1.2707 -1.14268 2.2227 -1.11086 0.606549 0.0662777 -1.38233 -1.96054 -1.13132 -0.4772 
1.08537 -1.95031 -1.70064 1.48912 -1.27531 -1.14761 2.16872 -1.11086 0.606549 0.0662777 -1.38233 -1.96054 -1.13132 -0.4772 
1.09168 -1.9464 -1.69809 1.48609 -1.27868 -1.15264 2.11696 -1.11086 0.606549 0.0662777 -1.38233 -1.96054 -1.13132 -0.4772 
1.09678 -1.94235 -1.69468 1.48051 -1.27814 -1.16124 2.06539 -1.11086 0.606549 0.0662777 -1.38233 -1.96054 -1.13132 -0.4772 
