1.15624 -1.8511 -1.76409 1.53083 -1.31787 -0.764658 2.08631 -1.1103 0.609337 0.0656645 -1.37593 -1.96223 -1.13301 -0.473288 
1.12843 -1.82793 -1.76141 1.48346 -1.30967 -0.762426 2.06995 -1.11086 0.60655 0.0662776 -1.38233 -1.96054 -1.13132 -0.4772 
1.12147 -1.82662 -1.76003 1.47127 -1.30135 -0.772698 2.06952 -1.11086 0.606549 0.0662777 -1.38233 -1.96054 -1.13132 -0.4772 
1.12148 -1.82706 -1.75653 1.46791 -1.28958 -0.788014 2.06298 -1.11086 0.606549 0.0662777 -1.38233 -1.96054 -1.13132 -0.4772 
1.12649 -1.82397 -1.75424 1.47041 -1.29024 -0.783012 2.05606 -1.11086 0.606549 0.0662777 -1.38233 -1.96054 -1.13132 -0.4772 
1.13045 -1.82234 -1.75076 1.46982 -1.28483 -0.788079 2.04673 -1.11086 0.606549 0.0662777 -1.38233 -1.96054 -1.13132 -0.4772 
1.13692 -1.8226 -1.74961 1.477 -1.2854 -0.786102 2.04431 -1.11086 0.606549 0.0662777 -1.38233 -1.96054 -1.13132 -0.4772 
1.14244 -1.82167 -1.74787 1.48247 -1.28382 -0.786075 2.04058 -1.11086 0.606549 0.0662777 -1.38233 -1.96054 -1.13132 -0.4772 
1.14721 -1.81943 -1.74516 1.48658 -1.28113 -0.785822 2.03478 -1.11086 0.606549 0.0662777 -1.38233 -1.96054 -1.13132 -0.4772 
1.14957 -1.82132 -1.74678 1.49074 -1.28412 -0.783887 2.03728 -1.11086 0.606549 0.0662777 -1.38233 -1.96054 -1.13132 -0.4772 
1.15233 -1.82184 -1.74836 1.49618 -1.28997 -0.776882 2.03993 -1.11086 0.606549 0.0662777 -1.38233 -1.96054 -1.13132 -0.4772 
1.1534 -1.82221 -1.74779 1.49709 -1.28808 -0.779466 2.03859 -1.11086 0.606549 0.0662777 -1.38233 -1.96054 -1.13132 -0.4772 
1.15639 -1.819 -1.74546 1.49898 -1.28732 -0.776034 2.03391 -1.11086 0.606549 0.0662777 -1.38233 -1.96054 -1.13132 -0.4772 
1.15761 -1.81912 -1.74497 1.5 -1.28653 -0.777096 2.03278 -1.11086 0.606549 0.0662777 -1.38233 -1.96054 -1.13132 -0.4772 
1.15854 -1.8196 -1.74566 1.5017 -1.28838 -0.775047 2.03423 -1.11086 0.606549 0.0662777 -1.38233 -1.96054 -1.13132 -0.4772 
1.16203 -1.81489 -1.7416 1.50242 -1.28413 -0.774289 2.02561 -1.11086 0.606549 0.0662777 -1.38233 -1.96054 -1.13132 -0.4772 
1.16463 -1.81686 -1.74301 1.50675 -1.28727 -0.771963 2.02814 -1.11086 0.606549 0.0662777 -1.38233 -1.96054 -1.13132 -0.4772 
1.1677 -1.81596 -1.74199 1.51026 -1.28718 -0.770543 2.02615 -1.11086 0.606549 0.0662777 -1.38233 -1.96054 -1.13132 -0.4772 
1.1682 -1.81869 -1.74394 1.51317 -1.28932 -0.770786 2.02943 -1.11086 0.606549 0.0662777 -1.38233 -1.96054 -1.13132 -0.4772 
1.16778 -1.82092 -1.74582 1.51424 -1.29133 -0.77116 2.03282 -1.11086 0.606549 0.0662777 -1.38233 -1.96054 -1.13132 -0.4772 
1.16787 -1.82088 -1.74594 1.51478 -1.2923 -0.769939 2.03311 -1.11086 0.606549 0.0662777 -1.38233 -1.96054 -1.13132 -0.4772 
1.1669 -1.82362 -1.7486 1.51597 -1.29579 -0.768521 2.0385 -1.11086 0.606549 0.0662777 -1.38233 -1.96054 -1.13132 -0.4772 
1.16734 -1.82268 -1.74767 1.51553 -1.29411 -0.769297 2.0368 -1.11086 0.606549 0.0662777 -1.38233 -1.96054 -1.13132 -0.4772 
1.16779 -1.82054 -1.74556 1.51434 -1.29088 -0.770962 2.03261 -1.11086 0.606549 0.0662777 -1.38233 -1.96054 -1.13132 -0.4772 
1.16783 -1.81999 -1.74488 1.51363 -1.28943 -0.77246 2.03094 -1.11086 0.606549 0.0662777 -1.38233 -1.96054 -1.13132 -0.4772 
1.16814 -1.81906 -1.74404 1.51304 -1.28783 -0.773396 2.02883 -1.11086 0.606549 0.0662777 -1.38233 -1.96054 -1.13132 -0.4772 
1.16819 -1.81895 -1.74396 1.51324 -1.28801 -0.772924 2.0288 -1.11086 0.606549 0.0662777 -1.38233 -1.96054 -1.13132 -0.4772 
1.16847 -1.81817 -1.74271 1.51228 -1.28603 -0.774772 2.02625 -1.11086 0.606549 0.0662777 -1.38233 -1.96054 -1.13132 -0.4772 
1.16841 -1.81799 -1.74273 1.51217 -1.28611 -0.774798 2.02569 -1.11086 0.606549 0.0662777 -1.38233 -1.96054 -1.13132 -0.4772 
1.1689 -1.8166 -1.7417 1.51166 -1.28516 -0.774658 2.02343 -1.11086 0.606549 0.0662777 -1.38233 -1.96054 -1.13132 -0.4772 
1.1693 -1.81521 -1.74099 1.51143 -1.28511 -0.773536 2.02152 -1.11086 0.606549 0.0662777 -1.38233 -1.96054 -1.13132 -0.4772 
1.16787 -1.8195 -1.74549 1.51384 -1.29216 -0.769575 2.03047 -1.11086 0.606549 0.0662777 -1.38233 -1.96054 -1.13132 -0.4772 
1.16968 -1.81599 -1.74301 1.51344 -1.29039 -0.768073 2.02457 -1.11086 0.606549 0.0662777 -1.38233 -1.96054 -1.13132 -0.4772 
1.16872 -1.81887 -1.74567 1.51475 -1.29425 -0.766839 2.02979 -1.11086 0.606549 0.0662777 -1.38233 -1.96054 -1.13132 -0.4772 
1.16849 -1.81929 -1.74568 1.51473 -1.29414 -0.767406 2.02998 -1.11086 0.606549 0.0662777 -1.38233 -1.96054 -1.13132 -0.4772 
1.16909 -1.81759 -1.74443 1.51419 -1.29233 -0.767558 2.02762 -1.11086 0.606549 0.0662777 -1.38233 -1.96054 -1.13132 -0.4772 
1.17035 -1.81421 -1.7417 1.51344 -1.28899 -0.767585 2.02207 -1.11086 0.606549 0.0662777 -1.38233 -1.96054 -1.13132 -0.4772 
1.16924 -1.81765 -1.74466 1.51473 -1.29305 -0.76649 2.0284 -1.11086 0.606549 0.0662777 -1.38233 -1.96054 -1.13132 -0.4772 
1.16899 -1.81803 -1.74482 1.51451 -1.29276 -0.767003 2.02896 -1.11086 0.606549 0.0662777 -1.38233 -1.96054 -1.13132 -0.4772 
1.17019 -1.81497 -1.74218 1.5135 -1.28944 -0.767734 2.02268 -1.11086 0.606549 0.0662777 -1.38233 -1.96054 -1.13132 -0.4772 
1.17055 -1.81389 -1.74106 1.51298 -1.28773 -0.768556 2.02035 -1.11086 0.606549 0.0662777 -1.38233 -1.96054 -1.13132 -0.4772 
1.17025 -1.81524 -1.74221 1.5137 -1.2896 -0.767826 2.02296 -1.11086 0.606549 0.0662777 -1.38233 -1.96054 -1.13132 -0.4772 
1.17101 -1.8135 -1.74063 1.51306 -1.28717 -0.768348 2.02025 -1.11086 0.606549 0.0662777 -1.38233 -1.96054 -1.13132 -0.4772 
1.17001 -1.81507 -1.74121 1.51279 -1.28625 -0.770998 2.02309 -1.11086 0.606549 0.0662777 -1.38233 -1.96054 -1.13132 -0.4772 
1.1689 -1.81797 -1.74388 1.51408 -1.28999 -0.76977 2.02836 -1.11086 0.606549 0.0662777 -1.38233 -1.96054 -1.13132 -0.4772 
1.16764 -1.82083 -1.74616 1.51486 -1.29243 -0.769592 2.03423 -1.11086 0.606549 0.0662777 -1.38233 -1.96054 -1.13132 -0.4772 
1.16749 -1.82157 -1.74737 1.51555 -1.29454 -0.768307 2.03594 -1.11086 0.606549 0.0662777 -1.38233 -1.96054 -1.13132 -0.4772 
1.16679 -1.8234 -1.74928 1.51635 -1.29763 -0.767125 2.03952 -1.11086 0.606549 0.0662777 -1.38233 -1.96054 -1.13132 -0.4772 
1.16952 -1.81757 -1.74419 1.51502 -1.29181 -0.766958 2.03004 -1.11086 0.606549 0.0662777 -1.38233 -1.96054 -1.13132 -0.4772 
1.16899 -1.81897 -1.74559 1.5157 -1.29362 -0.766509 2.03277 -1.11086 0.606549 0.0662777 -1.38233 -1.96054 -1.13132 -0.4772 
1.16747 -1.82209 -1.74799 1.51643 -1.29656 -0.766464 2.03801 -1.11086 0.606549 0.0662777 -1.38233 -1.96054 -1.13132 -0.4772 
1.16701 -1.82269 -1.74811 1.51597 -1.29583 -0.767957 2.03853 -1.11086 0.606549 0.0662777 -1.38233 -1.96054 -1.13132 -0.4772 
1.16837 -1.82014 -1.74651 1.51591 -1.2949 -0.766383 2.03458 -1.11086 0.606549 0.0662777 -1.38233 -1.96054 -1.13132 -0.4772 
1.16839 -1.81979 -1.74644 1.51611 -1.29522 -0.765642 2.0343 -1.11086 0.606549 0.0662777 -1.38233 -1.96054 -1.13132 -0.4772 
1.16831 -1.81996 -1.74654 1.51568 -1.29487 -0.766526 2.03426 -1.11086 0.606549 0.0662777 -1.38233 -1.96054 -1.13132 -0.4772 
1.16852 -1.819 -1.74561 1.51529 -1.2937 -0.766896 2.03213 -1.11086 0.606549 0.0662777 -1.38233 -1.96054 -1.13132 -0.4772 
1.17023 -1.81508 -1.74241 1.51452 -1.29048 -0.766031 2.02556 -1.11086 0.606549 0.0662777 -1.38233 -1.96054 -1.13132 -0.4772 
1.17091 -1.81316 -1.7408 1.51337 -1.28785 -0.767458 2.02101 -1.11086 0.606549 0.0662777 -1.38233 -1.96054 -1.13132 -0.4772 
1.1712 -1.81274 -1.7403 1.51335 -1.28729 -0.767309 2.02061 -1.11086 0.606549 0.0662777 -1.38233 -1.96054 -1.13132 -0.4772 
1.17043 -1.81534 -1.74294 1.51501 -1.29162 -0.764993 2.02571 -1.11086 0.606549 0.0662777 -1.38233 -1.96054 -1.13132 -0.4772 
1.17111 -1.81765 -1.7422 1.51748 -1.28907 -0.767351 2.03145 -1.11086 0.606549 0.0662777 -1.38233 -1.96054 -1.13132 -0.4772 
1.16888 -1.83295 -1.75018 1.52772 -1.29757 -0.766277 2.06613 -1.11086 0.606549 0.0662777 -1.38233 -1.96054 -1.13132 -0.4772 
1.16778 -1.84364 -1.75301 1.53495 -1.29739 -0.769726 2.09298 -1.11086 0.606549 0.0662777 -1.38233 -1.96054 -1.13132 -0.4772 
1.16547 -1.85662 -1.75742 1.54297 -1.29887 -0.772599 2.12527 -1.11086 0.606549 0.0662777 -1.38233 -1.96054 -1.13132 -0.4772 
1.16165 -1.87286 -1.76235 1.55121 -1.29938 -0.778275 2.16503 -1.11086 0.606549 0.0662777 -1.38233 -1.96054 -1.13132 -0.4772 
1.1574 -1.88675 -1.76637 1.55763 -1.29851 -0.783656 2.20212 -1.11086 0.606549 0.0662777 -1.38233 -1.96054 -1.13132 -0.4772 
1.15224 -1.90072 -1.7704 1.56335 -1.29663 -0.789214 2.24247 -1.11086 0.606549 0.0662777 -1.38233 -1.96054 -1.13132 -0.4772 
1.1448 -1.91625 -1.77375 1.5666 -1.29005 -0.801026 2.28545 -1.11086 0.606549 0.0662777 -1.38233 -1.96054 -1.13132 -0.4772 
1.13696 -1.9322 -1.77777 1.56996 -1.28489 -0.810923 2.3307 -1.11086 0.606549 0.0662777 -1.38233 -1.96054 -1.13132 -0.4772 
1.12912 -1.94648 -1.78093 1.57256 -1.27933 -0.819604 2.37437 -1.11086 0.606549 0.0662777 -1.38233 -1.96054 -1.13132 -0.4772 
1.12068 -1.96095 -1.78446 1.57431 -1.27384 -0.829227 2.41683 -1.11086 0.606549 0.0662777 -1.38233 -1.96054 -1.13132 -0.4772 
1.11354 -1.96699 -1.77833 1.57433 -1.27492 -0.848103 2.45871 -1.11086 0.606549 0.0662777 -1.38233 -1.96054 -1.13132 -0.4772 
1.10729 -1.96699 -1.76501 1.57248 -1.28076 -0.875685 2.50165 -1.11086 0.606549 0.0662777 -1.38233 -1.96054 -1.13132 -0.4772 
1.10159 -1.96699 -1.7587 1.56877 -1.28206 -0.888553 2.52817 -1.11086 0.606549 0.0662777 -1.38233 -1.96054 -1.13132 -0.4772 
1.09634 -1.96699 -1.75572 1.56482 -1.28489 -0.895667 2.54708 -1.11086 0.606549 0.0662777 -1.38233 -1.96054 -1.13132 -0.4772 
1.09178 -1.96699 -1.75341 1.55939 -1.28285 -0.90457 2.55347 -1.11086 0.606549 0.0662777 -1.38233 -1.96054 -1.13132 -0.4772 
1.08984 -1.96699 -1.75288 1.55691 -1.28297 -0.905784 2.55543 -1.11086 0.606549 0.0662777 -1.38233 -1.96054 -1.13132 -0.4772 
1.08899 -1.96587 -1.75132 1.55247 -1.2796 -0.910631 2.54414 -1.11086 0.606549 0.0662777 -1.38233 -1.96054 -1.13132 -0.4772 
1.08927 -1.96692 -1.75364 1.55422 -1.28937 -0.907029 2.53636 -1.11086 0.606549 0.0662777 -1.38233 -1.96054 -1.13132 -0.4772 
1.09072 -1.96663 -1.75526 1.55496 -1.2984 -0.90654 2.5179 -1.11086 0.606549 0.0662777 -1.38233 -1.96054 -1.13132 -0.4772 
1.095 -1.96474 -1.75639 1.55769 -1.30969 -0.90197 2.49137 -1.11086 0.606549 0.0662777 -1.38233 -1.96054 -1.13132 -0.4772 
1.09997 -1.96185 -1.7563 1.5585 -1.31691 -0.901346 2.4549 -1.11086 0.606549 0.0662777 -1.38233 -1.96054 -1.13132 -0.4772 
1.10711 -1.95691 -1.7547 1.55882 -1.32255 -0.901328 2.40896 -1.11086 0.606549 0.0662777 -1.38233 -1.96054 -1.13132 -0.4772 
1.11496 -1.95264 -1.75434 1.56083 -1.33256 -0.897756 2.36294 -1.11086 0.606549 0.0662777 -1.38233 -1.96054 -1.13132 -0.4772 
1.11475 -1.95549 -1.75408 1.54396 -1.32515 -0.936416 2.27095 -1.11086 0.606549 0.0662777 -1.38233 -1.96054 -1.13132 -0.4772 
1.11397 -1.95545 -1.75387 1.54203 -1.32376 -0.939561 2.26599 -1.11086 0.606549 0.0662777 -1.38233 -1.96054 -1.13132 -0.4772 
1.12047 -1.952 -1.75271 1.54057 -1.32974 -0.942162 2.21444 -1.11086 0.606549 0.0662777 -1.38233 -1.96054 -1.13132 -0.4772 
1.12748 -1.94617 -1.7484 1.53555 -1.32827 -0.949433 2.15538 -1.11086 0.606549 0.0662777 -1.38233 -1.96054 -1.13132 -0.4772 
1.13169 -1.94379 -1.74731 1.53048 -1.33017 -0.957769 2.10391 -1.11086 0.606549 0.0662777 -1.38233 -1.96054 -1.13132 -0.4772 
1.13785 -1.93752 -1.74217 1.5243 -1.32647 -0.965149 2.04996 -1.11086 0.606549 0.0662777 -1.38233 -1.96054 -1.13132 -0.4772 
