1.06323 -1.68353 -1.47317 1.33177 -1.40419 -1.36339 2.13289 -1.87295 1.47104 -1.44779 1.58584 2.8096 0.494565 -2.56532 
1.02848 -1.69332 -1.46884 1.2599 -1.39347 -1.38391 2.10082 -1.86591 1.48694 -1.43045 1.56847 2.7892 0.528764 -2.61506 
1.0295 -1.69008 -1.46592 1.25643 -1.39467 -1.37627 2.09512 -1.86254 1.48565 -1.425 1.56066 2.77209 0.545837 -2.64492 
1.02895 -1.68778 -1.46449 1.25172 -1.39208 -1.37727 2.08437 -1.86286 1.46769 -1.43248 1.55763 2.77117 0.552808 -2.63455 
1.02746 -1.68906 -1.46535 1.2487 -1.39115 -1.38185 2.07987 -1.86499 1.46291 -1.43795 1.56097 2.78058 0.544829 -2.61398 
1.02763 -1.69082 -1.46673 1.25099 -1.39225 -1.38268 2.08523 -1.86455 1.45454 -1.44354 1.55764 2.78888 0.548166 -2.59547 
1.03124 -1.69124 -1.46787 1.25895 -1.39317 -1.38215 2.09283 -1.86149 1.4563 -1.44048 1.55098 2.77936 0.557802 -2.61335 
1.03778 -1.69022 -1.46833 1.27169 -1.39397 -1.38033 2.09983 -1.8593 1.46247 -1.43632 1.54674 2.77188 0.563582 -2.631 
1.04774 -1.68776 -1.46673 1.28969 -1.39288 -1.3767 2.10786 -1.85588 1.46348 -1.43544 1.53924 2.77026 0.573811 -2.63679 
1.05471 -1.68692 -1.46674 1.30355 -1.39372 -1.37421 2.11579 -1.85392 1.47809 -1.42931 1.53793 2.76916 0.572799 -2.64982 
1.0616 -1.68482 -1.46586 1.31702 -1.39458 -1.36912 2.12355 -1.85224 1.47874 -1.42857 1.53433 2.76693 0.576792 -2.6549 
