1.1919 -1.7043 -1.7563 1.55905 1.45589 0.500274 -0.878944 -1.11007 0.610447 0.0654194 -1.37338 -1.9629 -1.13369 -0.471729 
1.15475 -1.66241 -1.75041 1.50838 1.4274 0.423787 -0.926342 -1.11086 0.606549 0.0662777 -1.38233 -1.96054 -1.13132 -0.4772 
1.1509 -1.65827 -1.74974 1.50294 1.42576 0.415949 -0.932257 -1.11086 0.606549 0.0662777 -1.38233 -1.96054 -1.13132 -0.4772 
1.15199 -1.65721 -1.74878 1.50242 1.43471 0.416349 -0.943579 -1.11086 0.606549 0.0662777 -1.38233 -1.96054 -1.13132 -0.4772 
1.15209 -1.65708 -1.74901 1.50258 1.43476 0.41641 -0.943845 -1.11086 0.606549 0.0662777 -1.38233 -1.96054 -1.13132 -0.4772 
1.15245 -1.65697 -1.74966 1.50326 1.43135 0.415425 -0.941422 -1.11086 0.606549 0.0662777 -1.38233 -1.96054 -1.13132 -0.4772 
1.15438 -1.65536 -1.74886 1.50229 1.43715 0.413361 -0.951983 -1.11086 0.606549 0.0662777 -1.38233 -1.96054 -1.13132 -0.4772 
1.15668 -1.65388 -1.74831 1.50156 1.44316 0.411292 -0.963376 -1.11086 0.606549 0.0662777 -1.38233 -1.96054 -1.13132 -0.4772 
1.15893 -1.65301 -1.74814 1.50269 1.44351 0.409393 -0.965458 -1.11086 0.606549 0.0662777 -1.38233 -1.96054 -1.13132 -0.4772 
1.16171 -1.65249 -1.74825 1.5053 1.44443 0.408588 -0.967226 -1.11086 0.606549 0.0662777 -1.38233 -1.96054 -1.13132 -0.4772 
1.16461 -1.65165 -1.74869 1.50826 1.44473 0.407262 -0.970054 -1.11086 0.606549 0.0662777 -1.38233 -1.96054 -1.13132 -0.4772 
1.16723 -1.6506 -1.7489 1.51073 1.44635 0.406048 -0.974324 -1.11086 0.606549 0.0662777 -1.38233 -1.96054 -1.13132 -0.4772 
1.16937 -1.64983 -1.74919 1.51286 1.44753 0.405053 -0.977603 -1.11086 0.606549 0.0662777 -1.38233 -1.96054 -1.13132 -0.4772 
1.17114 -1.6492 -1.74937 1.51461 1.4485 0.404349 -0.980327 -1.11086 0.606549 0.0662777 -1.38233 -1.96054 -1.13132 -0.4772 
1.17263 -1.64864 -1.74953 1.51605 1.4494 0.403674 -0.982667 -1.11086 0.606549 0.0662777 -1.38233 -1.96054 -1.13132 -0.4772 
1.17387 -1.64822 -1.74968 1.51728 1.45011 0.403155 -0.984629 -1.11086 0.606549 0.0662777 -1.38233 -1.96054 -1.13132 -0.4772 
1.17494 -1.64778 -1.74981 1.5183 1.45096 0.402658 -0.986561 -1.11086 0.606549 0.0662777 -1.38233 -1.96054 -1.13132 -0.4772 
1.1759 -1.64745 -1.7499 1.51922 1.45147 0.402323 -0.988065 -1.11086 0.606549 0.0662777 -1.38233 -1.96054 -1.13132 -0.4772 
1.1767 -1.64719 -1.75001 1.52004 1.4519 0.401988 -0.989243 -1.11086 0.606549 0.0662777 -1.38233 -1.96054 -1.13132 -0.4772 
1.17743 -1.64698 -1.75015 1.52079 1.45214 0.401678 -0.99017 -1.11086 0.606549 0.0662777 -1.38233 -1.96054 -1.13132 -0.4772 
1.17808 -1.64673 -1.75022 1.52142 1.45261 0.40139 -0.991271 -1.11086 0.606549 0.0662777 -1.38233 -1.96054 -1.13132 -0.4772 
1.17865 -1.6465 -1.75029 1.52198 1.45294 0.401127 -0.992199 -1.11086 0.606549 0.0662777 -1.38233 -1.96054 -1.13132 -0.4772 
1.17917 -1.64635 -1.75039 1.52249 1.45325 0.400861 -0.993007 -1.11086 0.606549 0.0662777 -1.38233 -1.96054 -1.13132 -0.4772 
1.17964 -1.64625 -1.7505 1.52298 1.45341 0.400663 -0.993627 -1.11086 0.606549 0.0662777 -1.38233 -1.96054 -1.13132 -0.4772 
1.18006 -1.64625 -1.75066 1.52347 1.45323 0.40047 -0.993831 -1.11086 0.606549 0.0662777 -1.38233 -1.96054 -1.13132 -0.4772 
1.18046 -1.64609 -1.75068 1.52386 1.45338 0.400357 -0.994409 -1.11086 0.606549 0.0662777 -1.38233 -1.96054 -1.13132 -0.4772 
1.1808 -1.64587 -1.75077 1.5241 1.45351 0.399942 -0.995269 -1.11086 0.606549 0.0662777 -1.38233 -1.96054 -1.13132 -0.4772 
1.18113 -1.64578 -1.75083 1.52444 1.45374 0.399822 -0.995774 -1.11086 0.606549 0.0662777 -1.38233 -1.96054 -1.13132 -0.4772 
1.18252 -1.64518 -1.75087 1.5255 1.45485 0.399178 -0.99845 -1.11086 0.606549 0.0662777 -1.38233 -1.96054 -1.13132 -0.4772 
1.1839 -1.6446 -1.75098 1.5266 1.4558 0.398393 -1.00094 -1.11086 0.606549 0.0662777 -1.38233 -1.96054 -1.13132 -0.4772 
1.18541 -1.64392 -1.75097 1.52768 1.45722 0.397726 -1.00406 -1.11086 0.606549 0.0662777 -1.38233 -1.96054 -1.13132 -0.4772 
1.18663 -1.64363 -1.75117 1.52887 1.45766 0.397275 -1.0056 -1.11086 0.606549 0.0662777 -1.38233 -1.96054 -1.13132 -0.4772 
1.18683 -1.64567 -1.74757 1.52949 1.47712 0.409122 -1.01047 -1.11086 0.606549 0.0662777 -1.38233 -1.96054 -1.13132 -0.4772 
1.18741 -1.64689 -1.7457 1.53025 1.48759 0.416364 -1.01215 -1.11086 0.606549 0.0662777 -1.38233 -1.96054 -1.13132 -0.4772 
1.18744 -1.6481 -1.74591 1.53119 1.48811 0.418612 -1.01012 -1.11086 0.606549 0.0662777 -1.38233 -1.96054 -1.13132 -0.4772 
1.18785 -1.64782 -1.74549 1.53118 1.49087 0.419619 -1.01312 -1.11086 0.606549 0.0662777 -1.38233 -1.96054 -1.13132 -0.4772 
1.18777 -1.64812 -1.74606 1.53135 1.48934 0.419359 -1.01229 -1.11086 0.606549 0.0662777 -1.38233 -1.96054 -1.13132 -0.4772 
1.18868 -1.64527 -1.74858 1.53201 1.47466 0.408147 -1.01098 -1.11086 0.606549 0.0662777 -1.38233 -1.96054 -1.13132 -0.4772 
1.18877 -1.64505 -1.74887 1.53211 1.47317 0.407119 -1.01073 -1.11086 0.606549 0.0662777 -1.38233 -1.96054 -1.13132 -0.4772 
1.18878 -1.64507 -1.74888 1.53216 1.47276 0.407115 -1.01049 -1.11086 0.606549 0.0662777 -1.38233 -1.96054 -1.13132 -0.4772 
1.18811 -1.64734 -1.74678 1.53161 1.4842 0.415473 -1.01285 -1.11086 0.606549 0.0662777 -1.38233 -1.96054 -1.13132 -0.4772 
1.1886 -1.64578 -1.74831 1.53206 1.47608 0.409557 -1.0109 -1.11086 0.606549 0.0662777 -1.38233 -1.96054 -1.13132 -0.4772 
1.18831 -1.6471 -1.74692 1.53172 1.48355 0.415183 -1.01226 -1.11086 0.606549 0.0662777 -1.38233 -1.96054 -1.13132 -0.4772 
1.1878 -1.64849 -1.74665 1.53187 1.48501 0.41804 -1.00927 -1.11086 0.606549 0.0662777 -1.38233 -1.96054 -1.13132 -0.4772 
1.18832 -1.64673 -1.74733 1.53188 1.48106 0.413461 -1.01116 -1.11086 0.606549 0.0662777 -1.38233 -1.96054 -1.13132 -0.4772 
1.1878 -1.6485 -1.74686 1.53193 1.48442 0.417567 -1.00973 -1.11086 0.606549 0.0662777 -1.38233 -1.96054 -1.13132 -0.4772 
1.18763 -1.64919 -1.74681 1.53187 1.48551 0.419141 -1.00847 -1.11086 0.606549 0.0662777 -1.38233 -1.96054 -1.13132 -0.4772 
1.18793 -1.64803 -1.74658 1.53173 1.48581 0.417459 -1.01089 -1.11086 0.606549 0.0662777 -1.38233 -1.96054 -1.13132 -0.4772 
1.18785 -1.64844 -1.74648 1.53185 1.48673 0.418848 -1.00961 -1.11086 0.606549 0.0662777 -1.38233 -1.96054 -1.13132 -0.4772 
1.18791 -1.64804 -1.74628 1.53169 1.48667 0.418339 -1.01091 -1.11086 0.606549 0.0662777 -1.38233 -1.96054 -1.13132 -0.4772 
1.18768 -1.64897 -1.74666 1.53176 1.4862 0.419474 -1.01 -1.11086 0.606549 0.0662777 -1.38233 -1.96054 -1.13132 -0.4772 
1.18786 -1.64819 -1.74631 1.53168 1.48674 0.418536 -1.01091 -1.11086 0.606549 0.0662777 -1.38233 -1.96054 -1.13132 -0.4772 
1.18783 -1.64845 -1.74642 1.53182 1.48668 0.418717 -1.01039 -1.11086 0.606549 0.0662777 -1.38233 -1.96054 -1.13132 -0.4772 
1.18782 -1.64829 -1.74641 1.53169 1.48663 0.418442 -1.01078 -1.11086 0.606549 0.0662777 -1.38233 -1.96054 -1.13132 -0.4772 
1.18769 -1.64874 -1.74558 1.53137 1.49053 0.420954 -1.01211 -1.11086 0.606549 0.0662777 -1.38233 -1.96054 -1.13132 -0.4772 
1.18779 -1.64817 -1.74634 1.53134 1.48689 0.418434 -1.01174 -1.11086 0.606549 0.0662777 -1.38233 -1.96054 -1.13132 -0.4772 
1.18787 -1.64748 -1.74567 1.53092 1.48956 0.418822 -1.01417 -1.11086 0.606549 0.0662777 -1.38233 -1.96054 -1.13132 -0.4772 
1.18777 -1.64771 -1.74552 1.53087 1.49011 0.419479 -1.01434 -1.11086 0.606549 0.0662777 -1.38233 -1.96054 -1.13132 -0.4772 
1.18775 -1.6474 -1.74621 1.53074 1.48708 0.417424 -1.01384 -1.11086 0.606549 0.0662777 -1.38233 -1.96054 -1.13132 -0.4772 
1.18773 -1.64727 -1.74626 1.53062 1.48673 0.417095 -1.01406 -1.11086 0.606549 0.0662777 -1.38233 -1.96054 -1.13132 -0.4772 
1.18789 -1.64681 -1.74542 1.53031 1.49021 0.417886 -1.0163 -1.11086 0.606549 0.0662777 -1.38233 -1.96054 -1.13132 -0.4772 
1.18769 -1.64726 -1.74627 1.53048 1.48695 0.417082 -1.01423 -1.11086 0.606549 0.0662777 -1.38233 -1.96054 -1.13132 -0.4772 
1.18746 -1.64797 -1.74676 1.53056 1.48514 0.417369 -1.01202 -1.11086 0.606549 0.0662777 -1.38233 -1.96054 -1.13132 -0.4772 
1.18737 -1.64822 -1.74676 1.53056 1.48526 0.417841 -1.01133 -1.11086 0.606549 0.0662777 -1.38233 -1.96054 -1.13132 -0.4772 
1.18758 -1.64727 -1.74576 1.53011 1.48938 0.418346 -1.01556 -1.11086 0.606549 0.0662777 -1.38233 -1.96054 -1.13132 -0.4772 
1.18747 -1.64754 -1.74593 1.53035 1.48864 0.418507 -1.01381 -1.11086 0.606549 0.0662777 -1.38233 -1.96054 -1.13132 -0.4772 
1.18734 -1.64803 -1.74637 1.53046 1.48672 0.418424 -1.01167 -1.11086 0.606549 0.0662777 -1.38233 -1.96054 -1.13132 -0.4772 
1.1874 -1.648 -1.74642 1.53051 1.48619 0.418336 -1.01108 -1.11086 0.606549 0.0662777 -1.38233 -1.96054 -1.13132 -0.4772 
1.18733 -1.64808 -1.74638 1.53049 1.4867 0.418649 -1.01168 -1.11086 0.606549 0.0662777 -1.38233 -1.96054 -1.13132 -0.4772 
1.18743 -1.64786 -1.74622 1.53047 1.48674 0.418384 -1.01162 -1.11086 0.606549 0.0662777 -1.38233 -1.96054 -1.13132 -0.4772 
1.18745 -1.64777 -1.7462 1.53046 1.48692 0.418237 -1.01238 -1.11086 0.606549 0.0662777 -1.38233 -1.96054 -1.13132 -0.4772 
1.18727 -1.64815 -1.74629 1.53057 1.48647 0.41871 -1.01058 -1.11086 0.606549 0.0662777 -1.38233 -1.96054 -1.13132 -0.4772 
1.18744 -1.64781 -1.74625 1.53048 1.48688 0.418187 -1.01206 -1.11086 0.606549 0.0662777 -1.38233 -1.96054 -1.13132 -0.4772 
1.18723 -1.64823 -1.74654 1.53067 1.4855 0.418101 -1.01061 -1.11086 0.606549 0.0662777 -1.38233 -1.96054 -1.13132 -0.4772 
1.18722 -1.64831 -1.74649 1.53063 1.48567 0.418543 -1.01062 -1.11086 0.606549 0.0662777 -1.38233 -1.96054 -1.13132 -0.4772 
1.18729 -1.6482 -1.74651 1.53064 1.48559 0.418241 -1.01042 -1.11086 0.606549 0.0662777 -1.38233 -1.96054 -1.13132 -0.4772 
1.18751 -1.64745 -1.74584 1.53033 1.4886 0.418477 -1.01409 -1.11086 0.606549 0.0662777 -1.38233 -1.96054 -1.13132 -0.4772 
1.18729 -1.64781 -1.74614 1.53049 1.48769 0.418471 -1.01323 -1.11086 0.606549 0.0662777 -1.38233 -1.96054 -1.13132 -0.4772 
1.18736 -1.64785 -1.74589 1.53048 1.48866 0.419045 -1.01321 -1.11086 0.606549 0.0662777 -1.38233 -1.96054 -1.13132 -0.4772 
1.18732 -1.64786 -1.74637 1.53045 1.4868 0.418016 -1.01235 -1.11086 0.606549 0.0662777 -1.38233 -1.96054 -1.13132 -0.4772 
1.1873 -1.64819 -1.7463 1.53057 1.48686 0.418774 -1.0117 -1.11086 0.606549 0.0662777 -1.38233 -1.96054 -1.13132 -0.4772 
1.1875 -1.64783 -1.74609 1.53071 1.48781 0.418575 -1.01201 -1.11086 0.606549 0.0662777 -1.38233 -1.96054 -1.13132 -0.4772 
1.18759 -1.64744 -1.74562 1.53044 1.489 0.418621 -1.01346 -1.11086 0.606549 0.0662777 -1.38233 -1.96054 -1.13132 -0.4772 
1.1873 -1.64866 -1.7465 1.53118 1.48593 0.418882 -1.00971 -1.11086 0.606549 0.0662777 -1.38233 -1.96054 -1.13132 -0.4772 
1.18753 -1.64836 -1.74572 1.53122 1.48915 0.420003 -1.01114 -1.11086 0.606549 0.0662777 -1.38233 -1.96054 -1.13132 -0.4772 
1.1876 -1.64798 -1.74586 1.53129 1.4882 0.418839 -1.01202 -1.11086 0.606549 0.0662777 -1.38233 -1.96054 -1.13132 -0.4772 
1.1878 -1.64738 -1.74502 1.5309 1.49182 0.420026 -1.01498 -1.11086 0.606549 0.0662777 -1.38233 -1.96054 -1.13132 -0.4772 
1.1876 -1.64819 -1.74558 1.53125 1.48951 0.420134 -1.01171 -1.11086 0.606549 0.0662777 -1.38233 -1.96054 -1.13132 -0.4772 
1.18761 -1.64812 -1.74552 1.53124 1.48954 0.420169 -1.0117 -1.11086 0.606549 0.0662777 -1.38233 -1.96054 -1.13132 -0.4772 
1.18758 -1.6482 -1.7456 1.53128 1.48937 0.420118 -1.01145 -1.11086 0.606549 0.0662777 -1.38233 -1.96054 -1.13132 -0.4772 
1.18757 -1.64796 -1.74555 1.53115 1.48934 0.419859 -1.01189 -1.11086 0.606549 0.0662777 -1.38233 -1.96054 -1.13132 -0.4772 
1.18766 -1.64758 -1.74526 1.5311 1.49043 0.41984 -1.0126 -1.11086 0.606549 0.0662777 -1.38233 -1.96054 -1.13132 -0.4772 
1.18758 -1.64785 -1.74553 1.53114 1.48961 0.419697 -1.01206 -1.11086 0.606549 0.0662777 -1.38233 -1.96054 -1.13132 -0.4772 
1.1876 -1.64771 -1.74541 1.53108 1.48983 0.419755 -1.01233 -1.11086 0.606549 0.0662777 -1.38233 -1.96054 -1.13132 -0.4772 
1.1876 -1.64779 -1.74549 1.5311 1.48993 0.419659 -1.0123 -1.11086 0.606549 0.0662777 -1.38233 -1.96054 -1.13132 -0.4772 
1.18761 -1.64766 -1.74538 1.53109 1.48991 0.419732 -1.01237 -1.11086 0.606549 0.0662777 -1.38233 -1.96054 -1.13132 -0.4772 
1.1878 -1.6472 -1.74524 1.53085 1.49101 0.419199 -1.01515 -1.11086 0.606549 0.0662777 -1.38233 -1.96054 -1.13132 -0.4772 
1.18762 -1.64762 -1.74546 1.53099 1.49031 0.419435 -1.01301 -1.11086 0.606549 0.0662777 -1.38233 -1.96054 -1.13132 -0.4772 
1.18797 -1.64676 -1.74496 1.53077 1.49165 0.418778 -1.01552 -1.11086 0.606549 0.0662777 -1.38233 -1.96054 -1.13132 -0.4772 
1.18787 -1.64703 -1.74529 1.53087 1.49145 0.419029 -1.01558 -1.11086 0.606549 0.0662777 -1.38233 -1.96054 -1.13132 -0.4772 
1.18814 -1.64615 -1.74437 1.53062 1.49416 0.419092 -1.01776 -1.11086 0.606549 0.0662777 -1.38233 -1.96054 -1.13132 -0.4772 
1.18776 -1.64691 -1.74517 1.53066 1.49101 0.418793 -1.01501 -1.11086 0.606549 0.0662777 -1.38233 -1.96054 -1.13132 -0.4772 
1.18786 -1.64683 -1.74491 1.53054 1.49185 0.419219 -1.01558 -1.11086 0.606549 0.0662777 -1.38233 -1.96054 -1.13132 -0.4772 
1.1876 -1.64713 -1.74571 1.53067 1.48824 0.417956 -1.01284 -1.11086 0.606549 0.0662777 -1.38233 -1.96054 -1.13132 -0.4772 
1.1877 -1.64694 -1.74552 1.53072 1.48836 0.41782 -1.01311 -1.11086 0.606549 0.0662777 -1.38233 -1.96054 -1.13132 -0.4772 
1.18741 -1.64767 -1.7462 1.53091 1.4869 0.417997 -1.0116 -1.11086 0.606549 0.0662777 -1.38233 -1.96054 -1.13132 -0.4772 
1.18743 -1.64761 -1.74613 1.53082 1.48687 0.418215 -1.01067 -1.11086 0.606549 0.0662777 -1.38233 -1.96054 -1.13132 -0.4772 
1.18717 -1.64816 -1.7466 1.53106 1.48547 0.418051 -1.00921 -1.11086 0.606549 0.0662777 -1.38233 -1.96054 -1.13132 -0.4772 
1.18742 -1.64749 -1.74581 1.53069 1.48831 0.418281 -1.01231 -1.11086 0.606549 0.0662777 -1.38233 -1.96054 -1.13132 -0.4772 
1.18738 -1.64732 -1.74598 1.53069 1.48783 0.41786 -1.01244 -1.11086 0.606549 0.0662777 -1.38233 -1.96054 -1.13132 -0.4772 
1.18766 -1.64676 -1.74509 1.53035 1.49136 0.418978 -1.0156 -1.11086 0.606549 0.0662777 -1.38233 -1.96054 -1.13132 -0.4772 
1.18742 -1.64728 -1.74584 1.53064 1.48808 0.418077 -1.01295 -1.11086 0.606549 0.0662777 -1.38233 -1.96054 -1.13132 -0.4772 
1.18752 -1.64684 -1.74542 1.53032 1.49 0.418568 -1.01457 -1.11086 0.606549 0.0662777 -1.38233 -1.96054 -1.13132 -0.4772 
1.18738 -1.64726 -1.7457 1.53048 1.48912 0.41874 -1.01353 -1.11086 0.606549 0.0662777 -1.38233 -1.96054 -1.13132 -0.4772 
1.18754 -1.64676 -1.74525 1.53027 1.4905 0.418839 -1.01487 -1.11086 0.606549 0.0662777 -1.38233 -1.96054 -1.13132 -0.4772 
1.18731 -1.64733 -1.74575 1.53053 1.48892 0.418808 -1.0125 -1.11086 0.606549 0.0662777 -1.38233 -1.96054 -1.13132 -0.4772 
1.18762 -1.64676 -1.74512 1.53025 1.49147 0.419175 -1.01529 -1.11086 0.606549 0.0662777 -1.38233 -1.96054 -1.13132 -0.4772 
1.18746 -1.64662 -1.74519 1.53035 1.49119 0.41885 -1.01492 -1.11086 0.606549 0.0662777 -1.38233 -1.96054 -1.13132 -0.4772 
1.1882 -1.65133 -1.74752 1.53606 1.47854 0.420373 -0.993111 -1.11086 0.606549 0.0662777 -1.38233 -1.96054 -1.13132 -0.4772 
1.18901 -1.65512 -1.7493 1.54197 1.46628 0.421322 -0.971519 -1.11086 0.606549 0.0662777 -1.38233 -1.96054 -1.13132 -0.4772 
1.18992 -1.65881 -1.75043 1.54766 1.45655 0.423725 -0.952008 -1.11086 0.606549 0.0662777 -1.38233 -1.96054 -1.13132 -0.4772 
1.19075 -1.66272 -1.75161 1.55387 1.44381 0.42612 -0.928739 -1.11086 0.606549 0.0662777 -1.38233 -1.96054 -1.13132 -0.4772 
1.19108 -1.66711 -1.75234 1.56048 1.43159 0.430651 -0.902791 -1.11086 0.606549 0.0662777 -1.38233 -1.96054 -1.13132 -0.4772 
1.19179 -1.6704 -1.75222 1.56655 1.42232 0.435185 -0.879574 -1.11086 0.606549 0.0662777 -1.38233 -1.96054 -1.13132 -0.4772 
1.19294 -1.67265 -1.7513 1.57224 1.41699 0.43878 -0.861693 -1.11086 0.606549 0.0662777 -1.38233 -1.96054 -1.13132 -0.4772 
1.19314 -1.67691 -1.75137 1.57886 1.40352 0.444487 -0.83424 -1.11086 0.606549 0.0662777 -1.38233 -1.96054 -1.13132 -0.4772 
1.19276 -1.68141 -1.75174 1.58622 1.3833 0.45138 -0.799602 -1.11086 0.606549 0.0662777 -1.38233 -1.96054 -1.13132 -0.4772 
1.19251 -1.68588 -1.7508 1.59257 1.373 0.460289 -0.773198 -1.11086 0.606549 0.0662777 -1.38233 -1.96054 -1.13132 -0.4772 
1.19209 -1.69014 -1.74922 1.59914 1.36334 0.470346 -0.744107 -1.11086 0.606549 0.0662777 -1.38233 -1.96054 -1.13132 -0.4772 
1.19118 -1.69467 -1.74756 1.60559 1.35297 0.481198 -0.71429 -1.11086 0.606549 0.0662777 -1.38233 -1.96054 -1.13132 -0.4772 
1.19126 -1.69692 -1.74511 1.61108 1.34798 0.488106 -0.693187 -1.11086 0.606549 0.0662777 -1.38233 -1.96054 -1.13132 -0.4772 
1.19008 -1.70174 -1.74268 1.61656 1.3456 0.500336 -0.669057 -1.11086 0.606549 0.0662777 -1.38233 -1.96054 -1.13132 -0.4772 
1.18947 -1.70493 -1.73957 1.62278 1.33825 0.51035 -0.639827 -1.11086 0.606549 0.0662777 -1.38233 -1.96054 -1.13132 -0.4772 
1.18766 -1.70938 -1.73681 1.6278 1.33452 0.522811 -0.613431 -1.11086 0.606549 0.0662777 -1.38233 -1.96054 -1.13132 -0.4772 
1.18587 -1.71356 -1.73462 1.63407 1.32135 0.534382 -0.58024 -1.11086 0.606549 0.0662777 -1.38233 -1.96054 -1.13132 -0.4772 
1.18573 -1.715 -1.73056 1.63898 1.32001 0.541087 -0.559722 -1.11086 0.606549 0.0662777 -1.38233 -1.96054 -1.13132 -0.4772 
1.18387 -1.71894 -1.72748 1.64409 1.3148 0.552797 -0.532479 -1.11086 0.606549 0.0662777 -1.38233 -1.96054 -1.13132 -0.4772 
1.18287 -1.72136 -1.72369 1.64859 1.31354 0.561923 -0.509867 -1.11086 0.606549 0.0662777 -1.38233 -1.96054 -1.13132 -0.4772 
1.18068 -1.72571 -1.72085 1.65363 1.30716 0.5737 -0.482989 -1.11086 0.606549 0.0662777 -1.38233 -1.96054 -1.13132 -0.4772 
1.17917 -1.72878 -1.71719 1.65772 1.30633 0.58366 -0.460936 -1.11086 0.606549 0.0662777 -1.38233 -1.96054 -1.13132 -0.4772 
1.17683 -1.7328 -1.71424 1.66189 1.30306 0.595579 -0.435964 -1.11086 0.606549 0.0662777 -1.38233 -1.96054 -1.13132 -0.4772 
1.17469 -1.73677 -1.71132 1.66583 1.30101 0.606488 -0.413786 -1.11086 0.606549 0.0662777 -1.38233 -1.96054 -1.13132 -0.4772 
1.17293 -1.73979 -1.70814 1.66968 1.2994 0.616049 -0.39244 -1.11086 0.606549 0.0662777 -1.38233 -1.96054 -1.13132 -0.4772 
1.17057 -1.74277 -1.70519 1.67104 1.30189 0.625004 -0.376951 -1.11086 0.606549 0.0662777 -1.38233 -1.96054 -1.13132 -0.4772 
1.16826 -1.74448 -1.70263 1.67032 1.30623 0.63066 -0.368228 -1.11086 0.606549 0.0662777 -1.38233 -1.96054 -1.13132 -0.4772 
1.16584 -1.7461 -1.70078 1.66978 1.30708 0.635501 -0.358759 -1.11086 0.606549 0.0662777 -1.38233 -1.96054 -1.13132 -0.4772 
1.1638 -1.74768 -1.69901 1.66867 1.31086 0.639799 -0.353845 -1.11086 0.606549 0.0662777 -1.38233 -1.96054 -1.13132 -0.4772 
1.16213 -1.74895 -1.69754 1.66774 1.31311 0.643347 -0.348306 -1.11086 0.606549 0.0662777 -1.38233 -1.96054 -1.13132 -0.4772 
1.16046 -1.75056 -1.69673 1.66657 1.3152 0.646735 -0.345677 -1.11086 0.606549 0.0662777 -1.38233 -1.96054 -1.13132 -0.4772 
1.15922 -1.75132 -1.69615 1.66566 1.31598 0.648045 -0.344449 -1.11086 0.606549 0.0662777 -1.38233 -1.96054 -1.13132 -0.4772 
1.1589 -1.75154 -1.69624 1.66559 1.31292 0.647598 -0.342932 -1.11086 0.606549 0.0662777 -1.38233 -1.96054 -1.13132 -0.4772 
1.15847 -1.75264 -1.69694 1.6648 1.31417 0.648613 -0.346445 -1.11086 0.606549 0.0662777 -1.38233 -1.96054 -1.13132 -0.4772 
1.15871 -1.75238 -1.69807 1.66473 1.31095 0.646446 -0.349779 -1.11086 0.606549 0.0662777 -1.38233 -1.96054 -1.13132 -0.4772 
1.15898 -1.75298 -1.69901 1.66419 1.30989 0.644916 -0.355259 -1.11086 0.606549 0.0662777 -1.38233 -1.96054 -1.13132 -0.4772 
1.15889 -1.75474 -1.70042 1.66345 1.3083 0.64456 -0.361123 -1.11086 0.606549 0.0662777 -1.38233 -1.96054 -1.13132 -0.4772 
1.1597 -1.75511 -1.70201 1.66282 1.3056 0.641259 -0.369036 -1.11086 0.606549 0.0662777 -1.38233 -1.96054 -1.13132 -0.4772 
1.1602 -1.75657 -1.70478 1.6623 1.30204 0.638895 -0.378781 -1.11086 0.606549 0.0662777 -1.38233 -1.96054 -1.13132 -0.4772 
1.16118 -1.75755 -1.70784 1.66215 1.29703 0.635646 -0.388073 -1.11086 0.606549 0.0662777 -1.38233 -1.96054 -1.13132 -0.4772 
1.16222 -1.75908 -1.71239 1.66202 1.28908 0.632042 -0.3989 -1.11086 0.606549 0.0662777 -1.38233 -1.96054 -1.13132 -0.4772 
1.16376 -1.76027 -1.7158 1.6612 1.28878 0.627726 -0.416331 -1.11086 0.606549 0.0662777 -1.38233 -1.96054 -1.13132 -0.4772 
1.16561 -1.76143 -1.71987 1.66047 1.28592 0.622675 -0.433395 -1.11086 0.606549 0.0662777 -1.38233 -1.96054 -1.13132 -0.4772 
1.16755 -1.7633 -1.72412 1.65923 1.28721 0.617907 -0.455311 -1.11086 0.606549 0.0662777 -1.38233 -1.96054 -1.13132 -0.4772 
1.16935 -1.76512 -1.72852 1.65788 1.28701 0.613145 -0.476305 -1.11086 0.606549 0.0662777 -1.38233 -1.96054 -1.13132 -0.4772 
1.17173 -1.76638 -1.73251 1.65634 1.28981 0.607193 -0.499904 -1.11086 0.606549 0.0662777 -1.38233 -1.96054 -1.13132 -0.4772 
1.17371 -1.76876 -1.73724 1.65472 1.29096 0.602367 -0.523601 -1.11086 0.606549 0.0662777 -1.38233 -1.96054 -1.13132 -0.4772 
1.17565 -1.77149 -1.7425 1.65345 1.29033 0.597395 -0.547322 -1.11086 0.606549 0.0662777 -1.38233 -1.96054 -1.13132 -0.4772 
