1.05266 -1.92238 -1.79312 1.33783 -1.07241 -1.12723 2.04688 -1.76559 1.79406 -1.08282 1.57981 2.07089 0.733911 -2.08282 
1.02388 -1.91828 -1.79112 1.27493 -1.0628 -1.15887 2.02162 -1.75034 1.8013 -1.05646 1.55654 2.08019 0.78308 -2.18476 
1.03205 -1.91492 -1.78864 1.28493 -1.06683 -1.14327 2.02 -1.74271 1.79401 -1.04734 1.54244 2.08079 0.814091 -2.2357 
1.02564 -1.91309 -1.78858 1.27081 -1.06523 -1.15203 2.00926 -1.74454 1.78111 -1.0532 1.53914 2.08344 0.821843 -2.21316 
1.0239 -1.91268 -1.7883 1.26514 -1.06462 -1.1554 2.00458 -1.76296 1.79058 -1.07658 1.57349 2.0665 0.754707 -2.12366 
1.02235 -1.91276 -1.78802 1.26081 -1.06168 -1.16028 2.00456 -1.75354 1.76816 -1.06887 1.54967 2.07371 0.800759 -2.15923 
1.02436 -1.91495 -1.7892 1.2665 -1.06139 -1.16034 2.01216 -1.76106 1.78798 -1.07596 1.56715 2.06792 0.761512 -2.1277 
1.03174 -1.91642 -1.78943 1.28135 -1.06336 -1.15268 2.01928 -1.74939 1.78347 -1.06155 1.5454 2.07619 0.800321 -2.18638 
1.04019 -1.91921 -1.7889 1.29896 -1.06349 -1.14755 2.02743 -1.75516 1.78846 -1.07069 1.5553 2.07238 0.776819 -2.15143 
1.0477 -1.92083 -1.78777 1.31384 -1.06348 -1.14208 2.03343 -1.754 1.79045 -1.07052 1.55375 2.07258 0.775867 -2.15301 
1.05141 -1.92111 -1.78709 1.32093 -1.06392 -1.1378 2.03643 -1.74142 1.77494 -1.05861 1.5272 2.07819 0.824556 -2.21397 
1.06089 -1.92151 -1.78471 1.33675 -1.06361 -1.12904 2.04246 -1.73693 1.79277 -1.04638 1.52599 2.07983 0.825711 -2.25844 
1.06437 -1.92322 -1.78514 1.34482 -1.06544 -1.12443 2.04726 -1.73472 1.78236 -1.04663 1.51811 2.0804 0.839324 -2.26462 
1.06774 -1.92376 -1.78458 1.35109 -1.06515 -1.12184 2.05016 -1.73226 1.77965 -1.04389 1.5126 2.07997 0.847839 -2.28007 
1.07097 -1.92502 -1.7847 1.35787 -1.0653 -1.12027 2.05307 -1.73076 1.78509 -1.04 1.51101 2.07985 0.847912 -2.29585 
1.07495 -1.92841 -1.78615 1.36879 -1.0679 -1.1169 2.0601 -1.73051 1.78744 -1.03972 1.50909 2.0819 0.846352 -2.29333 
1.07957 -1.92925 -1.78513 1.37734 -1.067 -1.114 2.06462 -1.73119 1.78599 -1.04246 1.50725 2.08455 0.844058 -2.27721 
1.08392 -1.93207 -1.78563 1.38771 -1.06647 -1.11319 2.07163 -1.73088 1.78932 -1.04217 1.50706 2.08507 0.839393 -2.27453 
1.08736 -1.93359 -1.7859 1.39527 -1.0682 -1.11026 2.07413 -1.72546 1.80579 -1.02946 1.50368 2.08443 0.841753 -2.32631 
1.09054 -1.93564 -1.78562 1.40239 -1.06568 -1.11339 2.07747 -1.72803 1.79977 -1.03393 1.50333 2.08959 0.842471 -2.30042 
1.09232 -1.93665 -1.78559 1.40609 -1.06466 -1.11408 2.07961 -1.72955 1.80153 -1.0332 1.50449 2.09079 0.838929 -2.29569 
1.08908 -1.93898 -1.78731 1.40264 -1.06242 -1.12274 2.08081 -1.73134 1.79046 -1.03599 1.50349 2.08679 0.844157 -2.29129 
1.28294 -1.96699 -1.88409 1.91568 -1.28912 -0.779638 2.346 -1.73006 1.7969 -1.03435 1.50404 2.08901 0.841524 -2.29447 
1.12084 -1.93298 -1.7863 1.46391 -1.06741 -1.08003 2.10159 -1.59395 1.67318 -1.04222 1.28829 2.18211 1.06277 -2.30792 
