0.545311 -0.774315 -0.169997 1.47573 -2.46991 -1.22014 1.41062 -1.11007 0.610447 0.0654194 -1.37338 -1.9629 -1.13369 -0.471729 
0.527447 -0.759086 -0.156533 1.45838 -2.46309 -1.1334 1.40467 -1.11084 0.606645 0.0662567 -1.38211 -1.9606 -1.13137 -0.477066 
0.52743 -0.759298 -0.156512 1.4579 -2.46298 -1.13319 1.40447 -1.11086 0.606554 0.0662767 -1.38232 -1.96054 -1.13132 -0.477194 
0.528818 -0.759257 -0.15661 1.45799 -2.46015 -1.13623 1.40192 -1.11086 0.606549 0.0662777 -1.38233 -1.96054 -1.13132 -0.4772 
0.529 -0.758958 -0.1567 1.45811 -2.4602 -1.1366 1.40177 -1.11086 0.606549 0.0662777 -1.38233 -1.96054 -1.13132 -0.4772 
0.529128 -0.758078 -0.156801 1.4586 -2.46064 -1.13539 1.40095 -1.11086 0.606549 0.0662777 -1.38233 -1.96054 -1.13132 -0.4772 
0.530913 -0.758019 -0.156312 1.45728 -2.45623 -1.13431 1.39485 -1.11086 0.606549 0.0662777 -1.38233 -1.96054 -1.13132 -0.4772 
0.533073 -0.757802 -0.155934 1.4561 -2.45168 -1.13349 1.38796 -1.11086 0.606549 0.0662777 -1.38233 -1.96054 -1.13132 -0.4772 
0.534266 -0.756523 -0.155254 1.45688 -2.44932 -1.13272 1.38539 -1.11086 0.606549 0.0662777 -1.38233 -1.96054 -1.13132 -0.4772 
0.535641 -0.754349 -0.154878 1.45911 -2.44743 -1.13381 1.38372 -1.11086 0.606549 0.0662777 -1.38233 -1.96054 -1.13132 -0.4772 
0.537182 -0.75162 -0.154858 1.46148 -2.44515 -1.13452 1.38037 -1.11086 0.606549 0.0662777 -1.38233 -1.96054 -1.13132 -0.4772 
0.538593 -0.749222 -0.154859 1.46335 -2.44246 -1.13522 1.37675 -1.11086 0.606549 0.0662777 -1.38233 -1.96054 -1.13132 -0.4772 
0.539741 -0.747251 -0.154875 1.46494 -2.44037 -1.13585 1.3739 -1.11086 0.606549 0.0662777 -1.38233 -1.96054 -1.13132 -0.4772 
0.5407 -0.745644 -0.154907 1.46628 -2.43873 -1.13643 1.37159 -1.11086 0.606549 0.0662777 -1.38233 -1.96054 -1.13132 -0.4772 
0.541485 -0.744283 -0.154909 1.46736 -2.43727 -1.13686 1.36962 -1.11086 0.606549 0.0662777 -1.38233 -1.96054 -1.13132 -0.4772 
0.542176 -0.743143 -0.154938 1.46831 -2.43611 -1.13728 1.36795 -1.11086 0.606549 0.0662777 -1.38233 -1.96054 -1.13132 -0.4772 
0.542762 -0.742166 -0.154937 1.46907 -2.43497 -1.13761 1.36646 -1.11086 0.606549 0.0662777 -1.38233 -1.96054 -1.13132 -0.4772 
0.543283 -0.741316 -0.15496 1.46978 -2.43412 -1.13795 1.36521 -1.11086 0.606549 0.0662777 -1.38233 -1.96054 -1.13132 -0.4772 
0.543723 -0.740552 -0.154971 1.47042 -2.43338 -1.13823 1.36418 -1.11086 0.606549 0.0662777 -1.38233 -1.96054 -1.13132 -0.4772 
0.544112 -0.739875 -0.15499 1.47099 -2.43278 -1.13844 1.36326 -1.11086 0.606549 0.0662777 -1.38233 -1.96054 -1.13132 -0.4772 
0.544465 -0.73928 -0.154992 1.47147 -2.43213 -1.13865 1.36238 -1.11086 0.606549 0.0662777 -1.38233 -1.96054 -1.13132 -0.4772 
0.544769 -0.738742 -0.154989 1.47188 -2.43155 -1.13882 1.36162 -1.11086 0.606549 0.0662777 -1.38233 -1.96054 -1.13132 -0.4772 
0.545055 -0.738261 -0.154997 1.47227 -2.43106 -1.13897 1.3609 -1.11086 0.606549 0.0662777 -1.38233 -1.96054 -1.13132 -0.4772 
0.545329 -0.73783 -0.155027 1.47266 -2.43071 -1.13914 1.36029 -1.11086 0.606549 0.0662777 -1.38233 -1.96054 -1.13132 -0.4772 
0.545569 -0.73742 -0.15507 1.47306 -2.43053 -1.13925 1.35978 -1.11086 0.606549 0.0662777 -1.38233 -1.96054 -1.13132 -0.4772 
0.545789 -0.73706 -0.155087 1.47337 -2.43021 -1.13938 1.35926 -1.11086 0.606549 0.0662777 -1.38233 -1.96054 -1.13132 -0.4772 
0.546004 -0.736716 -0.15509 1.4735 -2.42969 -1.1392 1.35837 -1.11086 0.606549 0.0662777 -1.38233 -1.96054 -1.13132 -0.4772 
0.546183 -0.736427 -0.155096 1.47372 -2.42938 -1.13931 1.35793 -1.11086 0.606549 0.0662777 -1.38233 -1.96054 -1.13132 -0.4772 
0.546982 -0.735329 -0.155034 1.4745 -2.42793 -1.1396 1.35594 -1.11086 0.606549 0.0662777 -1.38233 -1.96054 -1.13132 -0.4772 
0.547787 -0.73416 -0.154946 1.4753 -2.42639 -1.13978 1.35385 -1.11086 0.606549 0.0662777 -1.38233 -1.96054 -1.13132 -0.4772 
0.548658 -0.733047 -0.154854 1.47606 -2.42474 -1.14006 1.35163 -1.11086 0.606549 0.0662777 -1.38233 -1.96054 -1.13132 -0.4772 
0.549347 -0.731984 -0.154858 1.47698 -2.42381 -1.14048 1.35018 -1.11086 0.606549 0.0662777 -1.38233 -1.96054 -1.13132 -0.4772 
0.549739 -0.730823 -0.154918 1.47821 -2.42339 -1.14103 1.34964 -1.11086 0.606549 0.0662777 -1.38233 -1.96054 -1.13132 -0.4772 
0.550079 -0.729807 -0.154975 1.47921 -2.42298 -1.14137 1.34902 -1.11086 0.606549 0.0662777 -1.38233 -1.96054 -1.13132 -0.4772 
0.550424 -0.72922 -0.155131 1.47962 -2.42236 -1.14175 1.3479 -1.11086 0.606549 0.0662777 -1.38233 -1.96054 -1.13132 -0.4772 
0.550594 -0.728957 -0.155189 1.47976 -2.42186 -1.14189 1.3472 -1.11086 0.606549 0.0662777 -1.38233 -1.96054 -1.13132 -0.4772 
0.550614 -0.728947 -0.155206 1.47978 -2.42188 -1.14193 1.34717 -1.11086 0.606549 0.0662777 -1.38233 -1.96054 -1.13132 -0.4772 
0.550618 -0.72894 -0.155215 1.47982 -2.42195 -1.14196 1.34723 -1.11086 0.606549 0.0662777 -1.38233 -1.96054 -1.13132 -0.4772 
0.550613 -0.728933 -0.155218 1.47984 -2.422 -1.14197 1.34727 -1.11086 0.606549 0.0662777 -1.38233 -1.96054 -1.13132 -0.4772 
0.55062 -0.728931 -0.155242 1.4799 -2.42213 -1.14198 1.34733 -1.11086 0.606549 0.0662777 -1.38233 -1.96054 -1.13132 -0.4772 
0.55061 -0.728926 -0.155228 1.47989 -2.42206 -1.14201 1.34735 -1.11086 0.606549 0.0662777 -1.38233 -1.96054 -1.13132 -0.4772 
0.550617 -0.728925 -0.155254 1.47995 -2.42224 -1.14203 1.34744 -1.11086 0.606549 0.0662777 -1.38233 -1.96054 -1.13132 -0.4772 
0.550622 -0.728922 -0.155263 1.47997 -2.42228 -1.14203 1.34744 -1.11086 0.606549 0.0662777 -1.38233 -1.96054 -1.13132 -0.4772 
0.550616 -0.728917 -0.155252 1.47996 -2.42221 -1.14203 1.34741 -1.11086 0.606549 0.0662777 -1.38233 -1.96054 -1.13132 -0.4772 
0.550617 -0.728917 -0.155252 1.47996 -2.42223 -1.14202 1.34742 -1.11086 0.606549 0.0662777 -1.38233 -1.96054 -1.13132 -0.4772 
0.55061 -0.728912 -0.155248 1.47996 -2.42222 -1.14199 1.34741 -1.11086 0.606549 0.0662777 -1.38233 -1.96054 -1.13132 -0.4772 
0.550627 -0.728924 -0.155275 1.47998 -2.42233 -1.142 1.34741 -1.11086 0.606549 0.0662777 -1.38233 -1.96054 -1.13132 -0.4772 
0.550631 -0.728924 -0.155285 1.47999 -2.42239 -1.142 1.34743 -1.11086 0.606549 0.0662777 -1.38233 -1.96054 -1.13132 -0.4772 
0.550624 -0.728917 -0.155281 1.48 -2.42238 -1.142 1.34744 -1.11086 0.606549 0.0662777 -1.38233 -1.96054 -1.13132 -0.4772 
0.550616 -0.728911 -0.15526 1.47997 -2.42226 -1.14199 1.3474 -1.11086 0.606549 0.0662777 -1.38233 -1.96054 -1.13132 -0.4772 
0.550612 -0.728919 -0.155227 1.47989 -2.42204 -1.14198 1.3473 -1.11086 0.606549 0.0662777 -1.38233 -1.96054 -1.13132 -0.4772 
0.550618 -0.728928 -0.155231 1.47988 -2.42203 -1.14198 1.34728 -1.11086 0.606549 0.0662777 -1.38233 -1.96054 -1.13132 -0.4772 
0.550606 -0.728931 -0.155249 1.48005 -2.42231 -1.14225 1.34769 -1.11086 0.606549 0.0662777 -1.38233 -1.96054 -1.13132 -0.4772 
0.550624 -0.728921 -0.155249 1.47992 -2.42213 -1.14196 1.34729 -1.11086 0.606549 0.0662777 -1.38233 -1.96054 -1.13132 -0.4772 
0.550648 -0.728931 -0.155286 1.47993 -2.42228 -1.14189 1.34721 -1.11086 0.606549 0.0662777 -1.38233 -1.96054 -1.13132 -0.4772 
0.550702 -0.728954 -0.155298 1.47959 -2.42193 -1.1413 1.34632 -1.11086 0.606549 0.0662777 -1.38233 -1.96054 -1.13132 -0.4772 
0.550728 -0.72897 -0.15529 1.47935 -2.42163 -1.14093 1.34574 -1.11086 0.606549 0.0662777 -1.38233 -1.96054 -1.13132 -0.4772 
0.55075 -0.728978 -0.155297 1.47917 -2.42147 -1.14059 1.34529 -1.11086 0.606549 0.0662777 -1.38233 -1.96054 -1.13132 -0.4772 
0.55079 -0.729011 -0.155266 1.47874 -2.42089 -1.13998 1.34431 -1.11086 0.606549 0.0662777 -1.38233 -1.96054 -1.13132 -0.4772 
0.55081 -0.729011 -0.155265 1.47853 -2.42067 -1.13957 1.34376 -1.11086 0.606549 0.0662777 -1.38233 -1.96054 -1.13132 -0.4772 
0.550822 -0.729016 -0.155295 1.47855 -2.42083 -1.13951 1.34375 -1.11086 0.606549 0.0662777 -1.38233 -1.96054 -1.13132 -0.4772 
0.550838 -0.729004 -0.155306 1.47842 -2.4207 -1.13918 1.34332 -1.11086 0.606549 0.0662777 -1.38233 -1.96054 -1.13132 -0.4772 
0.550841 -0.729005 -0.155302 1.47838 -2.42064 -1.13911 1.34322 -1.11086 0.606549 0.0662777 -1.38233 -1.96054 -1.13132 -0.4772 
