0.651554 -0.96835 -0.256894 1.48009 -2.47505 -1.9144 1.35211 -1.82317 1.69578 -1.2064 1.61306 2.19855 0.614137 -2.13882 
0.65143 -0.969038 -0.256913 1.4786 -2.47511 -1.91374 1.35164 -1.80194 1.6981 -1.17548 1.57304 2.20548 0.689801 -2.23346 
0.65143 -0.969038 -0.256913 1.4786 -2.47511 -1.91374 1.35164 -1.78917 1.71078 -1.15875 1.5518 2.2211 0.721469 -2.26908 
0.65143 -0.969038 -0.256913 1.4786 -2.47511 -1.91374 1.35164 -1.78278 1.71211 -1.14981 1.53996 2.22228 0.743989 -2.30136 
0.65143 -0.969038 -0.256913 1.4786 -2.47511 -1.91374 1.35164 -1.80426 1.70587 -1.1821 1.57606 2.21608 0.670039 -2.19737 
0.65143 -0.969038 -0.256913 1.4786 -2.47511 -1.91374 1.35164 -1.80667 1.70343 -1.18681 1.57872 2.2162 0.662268 -2.18247 
0.65143 -0.969038 -0.256913 1.4786 -2.47511 -1.91374 1.35164 -1.7902 1.70711 -1.16263 1.54958 2.21668 0.719512 -2.26653 
0.65143 -0.969038 -0.256913 1.4786 -2.47511 -1.91374 1.35164 -1.78161 1.7141 -1.15035 1.5347 2.22111 0.744788 -2.30615 
0.65143 -0.969038 -0.256913 1.4786 -2.47511 -1.91374 1.35164 -1.79489 1.70923 -1.1726 1.5562 2.21857 0.698196 -2.23369 
0.65143 -0.969038 -0.256913 1.4786 -2.47511 -1.91374 1.35164 -1.79443 1.71058 -1.1737 1.5558 2.21838 0.695237 -2.2311 
0.65143 -0.969038 -0.256913 1.4786 -2.47511 -1.91374 1.35164 -1.78093 1.70454 -1.15855 1.52947 2.22208 0.74332 -2.28349 
0.65143 -0.969038 -0.256913 1.4786 -2.47511 -1.91374 1.35164 -1.7741 1.71044 -1.14622 1.52046 2.21462 0.762769 -2.33928 
0.65143 -0.969038 -0.256913 1.4786 -2.47511 -1.91374 1.35164 -1.77253 1.70826 -1.1454 1.51546 2.21821 0.769119 -2.33846 
0.65143 -0.969038 -0.256913 1.4786 -2.47511 -1.91374 1.35164 -1.77183 1.71466 -1.14223 1.5152 2.21944 0.767096 -2.34469 
0.65143 -0.969038 -0.256913 1.4786 -2.47511 -1.91374 1.35164 -1.77774 1.71679 -1.15009 1.52508 2.21846 0.74464 -2.31563 
0.65143 -0.969038 -0.256913 1.4786 -2.47511 -1.91374 1.35164 -1.77743 1.71824 -1.14983 1.52349 2.21871 0.743633 -2.31582 
0.65143 -0.969038 -0.256913 1.4786 -2.47511 -1.91374 1.35164 -1.77065 1.70875 -1.14515 1.50583 2.22327 0.771994 -2.33234 
0.65143 -0.969038 -0.256913 1.4786 -2.47511 -1.91374 1.35164 -1.77113 1.71957 -1.14298 1.51041 2.22117 0.759627 -2.33801 
0.65143 -0.969038 -0.256913 1.4786 -2.47511 -1.91374 1.35164 -1.76932 1.72459 -1.13852 1.50684 2.22244 0.763819 -2.35083 
0.65143 -0.969038 -0.256913 1.4786 -2.47511 -1.91374 1.35164 -1.7713 1.71241 -1.14393 1.50419 2.22447 0.767855 -2.33086 
0.65143 -0.969038 -0.256913 1.4786 -2.47511 -1.91374 1.35164 -1.77056 1.7103 -1.14189 1.50096 2.22526 0.773828 -2.33524 
0.65143 -0.969038 -0.256913 1.4786 -2.47511 -1.91374 1.35164 -1.76696 1.70823 -1.13465 1.49331 2.22272 0.790877 -2.36451 
0.65143 -0.969038 -0.256913 1.4786 -2.47511 -1.91374 1.35164 -1.63395 1.64284 -1.13676 1.29813 2.33067 0.97669 -2.32185 
