0.651836 -0.966714 -0.256854 1.48363 -2.47493 -1.91598 1.35325 -1.16555 0.644331 0.0676468 -1.55377 1.58884 1.2467 2.64664 
0.65143 -0.969037 -0.256913 1.4786 -2.47511 -1.91374 1.35164 -1.16972 0.646233 0.076814 -1.56381 1.61978 1.24841 2.57664 
0.65143 -0.969038 -0.256913 1.4786 -2.47511 -1.91374 1.35164 -1.17134 0.651776 0.083917 -1.5698 1.64598 1.24606 2.52506 
0.65143 -0.969038 -0.256913 1.4786 -2.47511 -1.91374 1.35164 -1.17112 0.651891 0.0845122 -1.5707 1.64953 1.2435 2.52803 
0.65143 -0.969038 -0.256913 1.4786 -2.47511 -1.91374 1.35164 -1.17136 0.653284 0.0849768 -1.57073 1.65261 1.24286 2.51867 
0.65143 -0.969038 -0.256913 1.4786 -2.47511 -1.91374 1.35164 -1.16742 0.649623 0.0795384 -1.56848 1.63619 1.23432 2.58408 
0.65143 -0.969038 -0.256913 1.4786 -2.47511 -1.91374 1.35164 -1.16755 0.651635 0.0793797 -1.56349 1.63651 1.23548 2.56339 
0.65143 -0.969038 -0.256913 1.4786 -2.47511 -1.91374 1.35164 -1.16878 0.65581 0.080287 -1.56015 1.63894 1.23899 2.54232 
0.65143 -0.969038 -0.256913 1.4786 -2.47511 -1.91374 1.35164 -1.17278 0.664989 0.0852561 -1.55827 1.64983 1.24907 2.51547 
0.65143 -0.969038 -0.256913 1.4786 -2.47511 -1.91374 1.35164 -1.16985 0.662747 0.0819032 -1.55521 1.64343 1.24343 2.51254 
0.65143 -0.969038 -0.256913 1.4786 -2.47511 -1.91374 1.35164 -1.16912 0.663868 0.0809874 -1.55202 1.64066 1.24331 2.50594 
0.65143 -0.969038 -0.256913 1.4786 -2.47511 -1.91374 1.35164 -1.17052 0.667293 0.082359 -1.55018 1.64363 1.24672 2.49666 
0.65143 -0.969038 -0.256913 1.4786 -2.47511 -1.91374 1.35164 -1.17227 0.670547 0.0839459 -1.54943 1.64767 1.25023 2.48824 
0.65143 -0.969038 -0.256913 1.4786 -2.47511 -1.91374 1.35164 -1.17195 0.67006 0.0834197 -1.54855 1.64651 1.24833 2.50393 
0.65143 -0.969038 -0.256913 1.4786 -2.47511 -1.91374 1.35164 -1.17654 0.677434 0.0884557 -1.54899 1.65902 1.25695 2.48413 
0.65143 -0.969038 -0.256913 1.4786 -2.47511 -1.91374 1.35164 -1.17692 0.678776 0.0882871 -1.54843 1.66197 1.25604 2.46842 
0.65143 -0.969038 -0.256913 1.4786 -2.47511 -1.91374 1.35164 -1.17569 0.678866 0.0853401 -1.54163 1.65178 1.25451 2.50014 
0.65143 -0.969038 -0.256913 1.4786 -2.47511 -1.91374 1.35164 -1.17549 0.680979 0.0848281 -1.53778 1.65031 1.2548 2.49634 
0.65143 -0.969038 -0.256913 1.4786 -2.47511 -1.91374 1.35164 -1.1724 0.67915 0.0792555 -1.52918 1.63565 1.25151 2.49757 
0.65143 -0.969038 -0.256913 1.4786 -2.47511 -1.91374 1.35164 -1.1766 0.685968 0.0825265 -1.52543 1.63985 1.26281 2.48218 
0.65143 -0.969038 -0.256913 1.4786 -2.47511 -1.91374 1.35164 -1.17821 0.686299 0.0835496 -1.52638 1.64363 1.26492 2.46566 
0.65143 -0.969038 -0.256913 1.4786 -2.47511 -1.91374 1.35164 -1.17838 0.687442 0.0807488 -1.51672 1.6302 1.27202 2.47115 
0.65143 -0.969038 -0.256913 1.4786 -2.47511 -1.91374 1.35164 -1.03519 0.636564 0.00643161 -1.40861 1.39092 1.14303 2.57957 
0.65143 -0.969038 -0.256913 1.4786 -2.47511 -1.91374 1.35164 -1.01934 0.644112 -0.00466623 -1.37785 1.35201 1.14782 2.63088 
0.65143 -0.969038 -0.256913 1.4786 -2.47511 -1.91374 1.35164 -1.02111 0.651555 -0.00215386 -1.3751 1.35623 1.1543 2.6438 
0.65143 -0.969038 -0.256913 1.4786 -2.47511 -1.91374 1.35164 -1.0184 0.654718 -0.00619556 -1.36699 1.34602 1.15955 2.67023 
