0.651705 -0.96749 -0.256872 1.48195 -2.47499 -1.91523 1.35271 -1.00848 0.583566 -0.0722217 -1.48638 1.46069 1.15032 2.65734 
0.65143 -0.969037 -0.256913 1.4786 -2.47511 -1.91374 1.35164 -1.00745 0.577573 -0.0712514 -1.49761 1.46835 1.14353 2.64388 
0.65143 -0.969038 -0.256913 1.4786 -2.47511 -1.91374 1.35164 -1.00412 0.575075 -0.0731076 -1.49732 1.46358 1.137 2.63317 
0.65143 -0.969038 -0.256913 1.4786 -2.47511 -1.91374 1.35164 -1.00122 0.571534 -0.0740212 -1.50129 1.46746 1.1258 2.63387 
0.65143 -0.969038 -0.256913 1.4786 -2.47511 -1.91374 1.35164 -1.00623 0.575222 -0.0693569 -1.50427 1.48496 1.12479 2.60957 
0.65143 -0.969038 -0.256913 1.4786 -2.47511 -1.91374 1.35164 -1.00362 0.579617 -0.072379 -1.49199 1.47291 1.12664 2.62264 
0.65143 -0.969038 -0.256913 1.4786 -2.47511 -1.91374 1.35164 -1.00646 0.583416 -0.0702409 -1.48883 1.47699 1.12915 2.59645 
0.65143 -0.969038 -0.256913 1.4786 -2.47511 -1.91374 1.35164 -1.00755 0.585235 -0.0698382 -1.487 1.47753 1.12992 2.58381 
0.65143 -0.969038 -0.256913 1.4786 -2.47511 -1.91374 1.35164 -1.01052 0.59012 -0.0690524 -1.48035 1.47485 1.13958 2.58219 
0.65143 -0.969038 -0.256913 1.4786 -2.47511 -1.91374 1.35164 -1.01339 0.59339 -0.0674194 -1.47883 1.47811 1.14496 2.58172 
0.65143 -0.969038 -0.256913 1.4786 -2.47511 -1.91374 1.35164 -1.01251 0.59559 -0.0696909 -1.47198 1.46945 1.14992 2.60288 
0.65143 -0.969038 -0.256913 1.4786 -2.47511 -1.91374 1.35164 -1.01626 0.599295 -0.0669467 -1.4713 1.47553 1.15585 2.60215 
0.65143 -0.969038 -0.256913 1.4786 -2.47511 -1.91374 1.35164 -1.02029 0.603893 -0.0643368 -1.46928 1.48043 1.16291 2.59566 
0.65143 -0.969038 -0.256913 1.4786 -2.47511 -1.91374 1.35164 -1.01538 0.601314 -0.0695353 -1.46422 1.4661 1.15951 2.60979 
0.65143 -0.969038 -0.256913 1.4786 -2.47511 -1.91374 1.35164 -1.01476 0.601628 -0.0708093 -1.4619 1.46353 1.15915 2.61834 
0.65143 -0.969038 -0.256913 1.4786 -2.47511 -1.91374 1.35164 -1.01395 0.603321 -0.0728988 -1.45477 1.45509 1.16129 2.61609 
0.65143 -0.969038 -0.256913 1.4786 -2.47511 -1.91374 1.35164 -1.01954 0.610921 -0.0695511 -1.44991 1.46007 1.17382 2.62427 
0.65143 -0.969038 -0.256913 1.4786 -2.47511 -1.91374 1.35164 -1.02046 0.612485 -0.0697968 -1.44761 1.45761 1.17651 2.61711 
0.65143 -0.969038 -0.256913 1.4786 -2.47511 -1.91374 1.35164 -1.02193 0.614358 -0.069991 -1.44487 1.45468 1.18153 2.61502 
0.65143 -0.969038 -0.256913 1.4786 -2.47511 -1.91374 1.35164 -1.02208 0.616814 -0.0718199 -1.43783 1.44566 1.18783 2.61985 
0.65143 -0.969038 -0.256913 1.4786 -2.47511 -1.91374 1.35164 -1.02263 0.618804 -0.0727602 -1.43363 1.44147 1.19268 2.62987 
0.65143 -0.969038 -0.256913 1.4786 -2.47511 -1.91374 1.35164 -1.02169 0.620791 -0.0751938 -1.42556 1.42985 1.1998 2.63925 
0.65143 -0.969038 -0.256913 1.4786 -2.47511 -1.91374 1.35164 -1.02595 0.625621 -0.0712978 -1.42351 1.435 1.20961 2.63425 
0.65143 -0.969038 -0.256913 1.4786 -2.47511 -1.91374 1.35164 -1.02271 0.625399 -0.0740111 -1.41683 1.42377 1.21232 2.64731 
0.65143 -0.969038 -0.256913 1.4786 -2.47511 -1.91374 1.35164 -1.01718 0.622489 -0.0771952 -1.41371 1.41244 1.20852 2.64356 
0.65143 -0.969038 -0.256913 1.4786 -2.47511 -1.91374 1.35164 -1.01475 0.621598 -0.0755664 -1.41615 1.41498 1.20395 2.63368 
0.65143 -0.969038 -0.256913 1.4786 -2.47511 -1.91374 1.35164 -1.00737 0.621063 -0.0785316 -1.41087 1.40409 1.20034 2.65027 
0.65143 -0.969038 -0.256913 1.4786 -2.47511 -1.91374 1.35164 -1.0014 0.622619 -0.0799866 -1.40448 1.39516 1.19878 2.65878 
0.65143 -0.969038 -0.256913 1.4786 -2.47511 -1.91374 1.35164 -0.993265 0.621439 -0.0832647 -1.39926 1.38351 1.19289 2.66934 
0.65143 -0.969038 -0.256913 1.4786 -2.47511 -1.91374 1.35164 -0.984708 0.619104 -0.0859694 -1.39694 1.37443 1.1843 2.6753 
0.65143 -0.969038 -0.256913 1.4786 -2.47511 -1.91374 1.35164 -0.975743 0.618611 -0.0905481 -1.38737 1.35785 1.18391 2.7005 
0.65143 -0.969038 -0.256913 1.4786 -2.47511 -1.91374 1.35164 -0.966535 0.619951 -0.0948789 -1.37777 1.343 1.18149 2.72461 
0.65143 -0.969038 -0.256913 1.4786 -2.47511 -1.91374 1.35164 -0.960925 0.621169 -0.0953231 -1.37479 1.33934 1.17767 2.73299 
0.65143 -0.969038 -0.256913 1.4786 -2.47511 -1.91374 1.35164 -0.954045 0.621759 -0.0968026 -1.37117 1.3336 1.17274 2.74532 
0.65143 -0.969038 -0.256913 1.4786 -2.47511 -1.91374 1.35164 -0.945099 0.619865 -0.100434 -1.36861 1.32476 1.16241 2.75374 
0.65143 -0.969038 -0.256913 1.4786 -2.47511 -1.91374 1.35164 -0.93666 0.621244 -0.104697 -1.35999 1.31115 1.15898 2.76991 
0.65143 -0.969038 -0.256913 1.4786 -2.47511 -1.91374 1.35164 -0.930318 0.620919 -0.107433 -1.35716 1.30334 1.15286 2.77423 
0.65143 -0.969038 -0.256913 1.4786 -2.47511 -1.91374 1.35164 -0.927248 0.622209 -0.108422 -1.35493 1.30019 1.15019 2.77846 
0.65143 -0.969038 -0.256913 1.4786 -2.47511 -1.91374 1.35164 -0.92158 0.62396 -0.113584 -1.34653 1.28708 1.15287 2.80394 
0.65143 -0.969038 -0.256913 1.4786 -2.47511 -1.91374 1.35164 -0.924376 0.624527 -0.110625 -1.34972 1.29499 1.15223 2.79716 
0.65143 -0.969038 -0.256913 1.4786 -2.47511 -1.91374 1.35164 -0.923682 0.624231 -0.111153 -1.34851 1.2928 1.15151 2.79409 
0.65143 -0.969038 -0.256913 1.4786 -2.47511 -1.91374 1.35164 -0.925807 0.624287 -0.110675 -1.34884 1.29585 1.15519 2.80264 
0.65143 -0.969038 -0.256913 1.4786 -2.47511 -1.91374 1.35164 -0.926908 0.623874 -0.109298 -1.35187 1.30072 1.15229 2.79573 
0.65143 -0.969038 -0.256913 1.4786 -2.47511 -1.91374 1.35164 -0.924518 0.624577 -0.111967 -1.34728 1.29369 1.15394 2.80691 
0.65143 -0.969038 -0.256913 1.4786 -2.47511 -1.91374 1.35164 -0.926138 0.627513 -0.111353 -1.34423 1.29464 1.15969 2.81765 
0.65143 -0.969038 -0.256913 1.4786 -2.47511 -1.91374 1.35164 -0.92589 0.62395 -0.110326 -1.35104 1.29895 1.15182 2.80241 
0.65143 -0.969038 -0.256913 1.4786 -2.47511 -1.91374 1.35164 -0.923292 0.624865 -0.113447 -1.34515 1.29036 1.15508 2.81591 
0.65143 -0.969038 -0.256913 1.4786 -2.47511 -1.91374 1.35164 -0.925792 0.626942 -0.111484 -1.34503 1.29503 1.15875 2.81915 
0.65143 -0.969038 -0.256913 1.4786 -2.47511 -1.91374 1.35164 -0.925448 0.623967 -0.110484 -1.3511 1.29826 1.15124 2.80079 
0.65143 -0.969038 -0.256913 1.4786 -2.47511 -1.91374 1.35164 -0.926004 0.624107 -0.110115 -1.3515 1.30072 1.15187 2.80716 
0.65143 -0.969038 -0.256913 1.4786 -2.47511 -1.91374 1.35164 -0.927888 0.625065 -0.108519 -1.35211 1.30402 1.15292 2.80151 
0.65143 -0.969038 -0.256913 1.4786 -2.47511 -1.91374 1.35164 -0.925225 0.625075 -0.111491 -1.34755 1.29615 1.15462 2.81174 
0.65143 -0.969038 -0.256913 1.4786 -2.47511 -1.91374 1.35164 -0.92429 0.625595 -0.111671 -1.34483 1.2921 1.15614 2.80472 
0.65143 -0.969038 -0.256913 1.4786 -2.47511 -1.91374 1.35164 -0.918182 0.603067 -0.110093 -1.38587 1.31574 1.11204 2.77909 
0.65143 -0.969038 -0.256913 1.4786 -2.47511 -1.91374 1.35164 -0.910894 0.597532 -0.117249 -1.3854 1.29914 1.10756 2.79528 
0.65143 -0.969038 -0.256913 1.4786 -2.47511 -1.91374 1.35164 -0.911374 0.597937 -0.118819 -1.3824 1.29158 1.11324 2.79251 
0.65143 -0.969038 -0.256913 1.4786 -2.47511 -1.91374 1.35164 -0.908751 0.596465 -0.126187 -1.3652 1.26555 1.12745 2.80306 
0.65143 -0.969038 -0.256913 1.4786 -2.47511 -1.91374 1.35164 -0.911867 0.596911 -0.125943 -1.36501 1.26401 1.13373 2.79897 
0.65143 -0.969038 -0.256913 1.4786 -2.47511 -1.91374 1.35164 -0.915492 0.597746 -0.125679 -1.36334 1.26115 1.14133 2.78878 
0.65143 -0.969038 -0.256913 1.4786 -2.47511 -1.91374 1.35164 -0.916864 0.601322 -0.128851 -1.35377 1.24967 1.15566 2.80248 
0.65143 -0.969038 -0.256913 1.4786 -2.47511 -1.91374 1.35164 -0.914819 0.602141 -0.134301 -1.34486 1.23263 1.16547 2.81461 
0.65143 -0.969038 -0.256913 1.4786 -2.47511 -1.91374 1.35164 -0.916734 0.605319 -0.136283 -1.3356 1.22113 1.17933 2.81451 
0.65143 -0.969038 -0.256913 1.4786 -2.47511 -1.91374 1.35164 -0.91462 0.605099 -0.14121 -1.3292 1.20617 1.18629 2.82184 
0.65143 -0.969038 -0.256913 1.4786 -2.47511 -1.91374 1.35164 -0.915706 0.607717 -0.144234 -1.32071 1.19468 1.19937 2.8297 
0.65143 -0.969038 -0.256913 1.4786 -2.47511 -1.91374 1.35164 -0.919555 0.609581 -0.144275 -1.31773 1.19141 1.20856 2.8242 
0.65143 -0.969038 -0.256913 1.4786 -2.47511 -1.91374 1.35164 -0.921629 0.611311 -0.146036 -1.31141 1.18117 1.21907 2.81736 
0.65143 -0.969038 -0.256913 1.4786 -2.47511 -1.91374 1.35164 -0.921146 0.614902 -0.150417 -1.29929 1.16686 1.2337 2.83272 
0.65143 -0.969038 -0.256913 1.4786 -2.47511 -1.91374 1.35164 -0.926375 0.613092 -0.146887 -1.30817 1.17653 1.23115 2.81512 
0.65143 -0.969038 -0.256913 1.4786 -2.47511 -1.91374 1.35164 -0.928418 0.613439 -0.14644 -1.30899 1.17736 1.23336 2.81131 
0.65143 -0.969038 -0.256913 1.4786 -2.47511 -1.91374 1.35164 -0.930072 0.612677 -0.146065 -1.31107 1.17823 1.23403 2.80634 
0.65143 -0.969038 -0.256913 1.4786 -2.47511 -1.91374 1.35164 -0.930128 0.610346 -0.146962 -1.31246 1.17601 1.23403 2.80278 
0.65143 -0.969038 -0.256913 1.4786 -2.47511 -1.91374 1.35164 -0.928493 0.607795 -0.14875 -1.31422 1.17228 1.23159 2.80102 
0.65143 -0.969038 -0.256913 1.4786 -2.47511 -1.91374 1.35164 -0.929278 0.607513 -0.148811 -1.31462 1.17048 1.2331 2.79639 
0.65143 -0.969038 -0.256913 1.4786 -2.47511 -1.91374 1.35164 -0.931828 0.608313 -0.147378 -1.31649 1.17401 1.23514 2.79375 
0.65143 -0.969038 -0.256913 1.4786 -2.47511 -1.91374 1.35164 -0.929347 0.6064 -0.149957 -1.31686 1.16848 1.23362 2.79726 
0.65143 -0.969038 -0.256913 1.4786 -2.47511 -1.91374 1.35164 -0.928783 0.60557 -0.151051 -1.31689 1.16574 1.23374 2.79745 
0.65143 -0.969038 -0.256913 1.4786 -2.47511 -1.91374 1.35164 -0.934658 0.607046 -0.146233 -1.32212 1.17666 1.2353 2.78393 
0.65143 -0.969038 -0.256913 1.4786 -2.47511 -1.91374 1.35164 -0.937602 0.607373 -0.144067 -1.32492 1.18084 1.23635 2.77491 
0.65143 -0.969038 -0.256913 1.4786 -2.47511 -1.91374 1.35164 -0.937896 0.606144 -0.144103 -1.32735 1.18153 1.23493 2.77355 
0.65143 -0.969038 -0.256913 1.4786 -2.47511 -1.91374 1.35164 -0.938778 0.603974 -0.142881 -1.33251 1.1837 1.23086 2.75998 
0.65143 -0.969038 -0.256913 1.4786 -2.47511 -1.91374 1.35164 -0.941422 0.605445 -0.141348 -1.33362 1.18903 1.23371 2.76449 
0.65143 -0.969038 -0.256913 1.4786 -2.47511 -1.91374 1.35164 -0.94535 0.607309 -0.138429 -1.33562 1.19615 1.23663 2.75945 
0.65143 -0.969038 -0.256913 1.4786 -2.47511 -1.91374 1.35164 -0.945884 0.606545 -0.137521 -1.33719 1.19727 1.23525 2.75124 
0.65143 -0.969038 -0.256913 1.4786 -2.47511 -1.91374 1.35164 -0.944925 0.606202 -0.138484 -1.33789 1.19651 1.23415 2.75632 
0.65143 -0.969038 -0.256913 1.4786 -2.47511 -1.91374 1.35164 -0.947242 0.607763 -0.136716 -1.33923 1.20155 1.23561 2.75639 
0.65143 -0.969038 -0.256913 1.4786 -2.47511 -1.91374 1.35164 -0.9464 0.606457 -0.134782 -1.35535 1.21178 1.22071 2.74493 
0.65143 -0.969038 -0.256913 1.4786 -2.47511 -1.91374 1.35164 -0.94464 0.60856 -0.137152 -1.34938 1.20495 1.22542 2.75814 
0.65143 -0.969038 -0.256913 1.4786 -2.47511 -1.91374 1.35164 -0.946343 0.607627 -0.135245 -1.35479 1.2109 1.22056 2.7456 
0.65143 -0.969038 -0.256913 1.4786 -2.47511 -1.91374 1.35164 -0.948021 0.609709 -0.134565 -1.35457 1.21393 1.22294 2.75083 
0.65143 -0.969038 -0.256913 1.4786 -2.47511 -1.91374 1.35164 -0.946456 0.606131 -0.135303 -1.3599 1.21444 1.21462 2.74199 
0.65143 -0.969038 -0.256913 1.4786 -2.47511 -1.91374 1.35164 -0.945906 0.605934 -0.136108 -1.36082 1.21496 1.21351 2.74995 
0.65143 -0.969038 -0.256913 1.4786 -2.47511 -1.91374 1.35164 -0.946992 0.604779 -0.13506 -1.36563 1.22049 1.20947 2.74751 
0.65143 -0.969038 -0.256913 1.4786 -2.47511 -1.91374 1.35164 -0.94776 0.604302 -0.134371 -1.36816 1.22294 1.20758 2.74269 
0.65143 -0.969038 -0.256913 1.4786 -2.47511 -1.91374 1.35164 -0.946592 0.604213 -0.135926 -1.36779 1.22104 1.20668 2.74876 
0.65143 -0.969038 -0.256913 1.4786 -2.47511 -1.91374 1.35164 -0.948866 0.602081 -0.133503 -1.37611 1.23063 1.19997 2.73682 
0.65143 -0.969038 -0.256913 1.4786 -2.47511 -1.91374 1.35164 -0.948871 0.60178 -0.133353 -1.3772 1.23222 1.19949 2.74023 
0.65143 -0.969038 -0.256913 1.4786 -2.47511 -1.91374 1.35164 -0.948431 0.600431 -0.133482 -1.3806 1.23469 1.1948 2.73935 
0.65143 -0.969038 -0.256913 1.4786 -2.47511 -1.91374 1.35164 -0.948039 0.600419 -0.133938 -1.38129 1.23491 1.19351 2.74278 
0.65143 -0.969038 -0.256913 1.4786 -2.47511 -1.91374 1.35164 -0.947581 0.600682 -0.134298 -1.38109 1.2343 1.19268 2.7435 
0.65143 -0.969038 -0.256913 1.4786 -2.47511 -1.91374 1.35164 -0.949181 0.601865 -0.133447 -1.38165 1.23882 1.19421 2.74995 
0.65143 -0.969038 -0.256913 1.4786 -2.47511 -1.91374 1.35164 -0.951672 0.603697 -0.131247 -1.38193 1.24325 1.19584 2.74304 
0.65143 -0.969038 -0.256913 1.4786 -2.47511 -1.91374 1.35164 -0.947568 0.602783 -0.13482 -1.37911 1.23545 1.19416 2.75455 
0.65143 -0.969038 -0.256913 1.4786 -2.47511 -1.91374 1.35164 -0.942619 0.603878 -0.139526 -1.3712 1.22327 1.19701 2.77434 
0.65143 -0.969038 -0.256913 1.4786 -2.47511 -1.91374 1.35164 -0.946567 0.604988 -0.13527 -1.37431 1.23148 1.19622 2.75298 
