1.05562 -1.77003 -1.58472 1.31038 -1.28246 -1.28696 2.10247 -1.86423 1.44559 -1.45991 1.57911 2.81657 0.499746 -2.55501 
1.02854 -1.7732 -1.58249 1.25467 -1.27424 -1.30701 2.07766 -1.86543 1.47409 -1.43882 1.57268 2.79476 0.521429 -2.61284 
1.02773 -1.77057 -1.58049 1.24895 -1.27568 -1.30211 2.06965 -1.86275 1.46652 -1.43529 1.55914 2.78276 0.549921 -2.63332 
1.02909 -1.76806 -1.57887 1.24809 -1.27342 -1.30294 2.06235 -1.8649 1.45958 -1.43856 1.56004 2.78466 0.550491 -2.6252 
1.02761 -1.76891 -1.57969 1.24431 -1.27258 -1.30837 2.05556 -1.86629 1.45573 -1.44068 1.56193 2.78432 0.546672 -2.62145 
1.02785 -1.77011 -1.58058 1.2456 -1.27254 -1.30943 2.06016 -1.8657 1.44887 -1.44399 1.55898 2.78564 0.550118 -2.61488 
1.03136 -1.77211 -1.58274 1.25486 -1.27481 -1.30742 2.07211 -1.86388 1.45095 -1.443 1.55506 2.78291 0.553425 -2.62105 
1.03856 -1.77251 -1.58318 1.2694 -1.27716 -1.30246 2.08045 -1.86168 1.45722 -1.44074 1.55064 2.78369 0.559098 -2.62587 
1.04865 -1.77107 -1.58137 1.28723 -1.2767 -1.29687 2.08739 -1.86063 1.45554 -1.44272 1.54843 2.78502 0.559284 -2.62196 
1.05651 -1.76982 -1.57956 1.30129 -1.27578 -1.29245 2.09355 -1.85839 1.46513 -1.43776 1.54572 2.78086 0.561992 -2.63633 
1.06348 -1.76927 -1.57873 1.31448 -1.2762 -1.28816 2.10042 -1.85638 1.47518 -1.43124 1.54379 2.76971 0.563996 -2.66174 
1.06829 -1.76989 -1.57936 1.32499 -1.27889 -1.28368 2.10715 -1.8551 1.47352 -1.4309 1.54009 2.7655 0.568813 -2.6682 
1.07227 -1.77001 -1.57946 1.33268 -1.28026 -1.28082 2.11131 -1.85433 1.46916 -1.43304 1.5363 2.76844 0.573848 -2.66165 
1.07578 -1.77002 -1.57917 1.33944 -1.27983 -1.28002 2.11477 -1.85401 1.47133 -1.43231 1.53476 2.76972 0.574558 -2.66159 
1.08126 -1.76905 -1.57815 1.34919 -1.27983 -1.27615 2.11955 -1.85388 1.47433 -1.43173 1.53331 2.77228 0.574264 -2.66006 
1.08657 -1.76836 -1.57716 1.35821 -1.27836 -1.27499 2.1236 -1.85249 1.48379 -1.42589 1.53024 2.76651 0.576983 -2.6776 
1.09233 -1.76888 -1.57715 1.36943 -1.27944 -1.27219 2.13031 -1.85219 1.48507 -1.42668 1.52912 2.7698 0.575956 -2.673 
1.09829 -1.76908 -1.57709 1.38181 -1.2799 -1.26953 2.13751 -1.85066 1.48419 -1.42747 1.52576 2.77003 0.577379 -2.67215 
1.10297 -1.77053 -1.57818 1.39279 -1.28159 -1.26808 2.14453 -1.85156 1.48326 -1.42883 1.52636 2.77081 0.573722 -2.66876 
1.10487 -1.7718 -1.57842 1.39807 -1.2807 -1.26962 2.14746 -1.85232 1.49156 -1.4232 1.5267 2.76678 0.573323 -2.68231 
1.10434 -1.77321 -1.57883 1.39858 -1.27876 -1.2736 2.14927 -1.85324 1.49153 -1.42112 1.52674 2.76268 0.574165 -2.68936 
1.10177 -1.77514 -1.58004 1.39577 -1.27751 -1.2785 2.15022 -1.85278 1.49285 -1.41602 1.52231 2.75734 0.584364 -2.70329 
1.33654 -1.72183 -1.6786 1.91513 -1.49771 -1.03828 2.40442 -1.85278 1.49266 -1.41684 1.52309 2.75839 0.582595 -2.70076 
1.33505 -1.72554 -1.67956 1.91432 -1.50095 -1.04055 2.40453 -1.88177 1.57938 -1.40748 1.59083 2.80842 0.464284 -2.65771 
1.335 -1.72582 -1.67971 1.91433 -1.50133 -1.04068 2.40462 -1.8872 1.58926 -1.40694 1.6038 2.81018 0.443437 -2.65636 
1.335 -1.72588 -1.67974 1.91433 -1.50139 -1.04069 2.40463 -1.88585 1.57711 -1.40899 1.6001 2.80556 0.450876 -2.65754 
1.33499 -1.7259 -1.67976 1.91434 -1.50139 -1.04067 2.40463 -1.87871 1.57074 -1.40732 1.59057 2.79883 0.464589 -2.66717 
1.33499 -1.7259 -1.67976 1.91434 -1.50139 -1.04067 2.40463 -1.87159 1.53829 -1.41929 1.57853 2.79949 0.479866 -2.64912 
1.33499 -1.72591 -1.67976 1.91434 -1.50139 -1.04067 2.40463 -1.85865 1.53255 -1.41593 1.56021 2.78839 0.506595 -2.6689 
1.33499 -1.72591 -1.67976 1.91434 -1.50139 -1.04067 2.40463 -1.85027 1.5078 -1.42725 1.5508 2.79283 0.514139 -2.64691 
1.33499 -1.72591 -1.67976 1.91434 -1.50139 -1.04067 2.40463 -1.83849 1.47621 -1.43703 1.53455 2.77867 0.535268 -2.65028 
1.33499 -1.72591 -1.67976 1.91434 -1.50139 -1.04067 2.40463 -1.82744 1.4598 -1.44373 1.52257 2.77858 0.546947 -2.64136 
1.33499 -1.72591 -1.67976 1.91434 -1.50139 -1.04067 2.40463 -1.81427 1.44166 -1.44981 1.50615 2.77247 0.568133 -2.64211 
1.33499 -1.72591 -1.67976 1.91434 -1.50139 -1.04067 2.40463 -1.79973 1.42118 -1.45902 1.48622 2.77207 0.593442 -2.63211 
1.33499 -1.72591 -1.67976 1.91434 -1.50139 -1.04067 2.40463 -1.78619 1.3946 -1.47298 1.46868 2.77353 0.613033 -2.61096 
1.33499 -1.72591 -1.67976 1.91434 -1.50139 -1.04067 2.40463 -1.77406 1.37946 -1.48175 1.45642 2.77172 0.623689 -2.60184 
1.33499 -1.7259 -1.67976 1.91434 -1.50139 -1.04067 2.40463 -1.76228 1.37038 -1.48786 1.44436 2.77223 0.633306 -2.59429 
1.33499 -1.7259 -1.67976 1.91434 -1.50139 -1.04067 2.40463 -1.75223 1.35548 -1.49786 1.43537 2.77213 0.638133 -2.57984 
1.33499 -1.7259 -1.67976 1.91434 -1.50139 -1.04067 2.40463 -1.74608 1.34968 -1.50219 1.42988 2.76853 0.641203 -2.57955 
1.33499 -1.7259 -1.67976 1.91434 -1.50139 -1.04067 2.40463 -1.74171 1.34847 -1.5046 1.42381 2.77107 0.647612 -2.57488 
1.33499 -1.7259 -1.67976 1.91434 -1.50139 -1.04067 2.40463 -1.73647 1.3447 -1.50701 1.41186 2.77487 0.666751 -2.56973 
1.33499 -1.7259 -1.67976 1.91434 -1.50139 -1.04067 2.40463 -1.74126 1.35609 -1.49963 1.42058 2.76928 0.653795 -2.58773 
1.33499 -1.7259 -1.67976 1.91434 -1.50139 -1.04067 2.40463 -1.74449 1.36441 -1.49538 1.42616 2.7686 0.645046 -2.59511 
1.33499 -1.7259 -1.67976 1.91434 -1.50139 -1.04067 2.40463 -1.7442 1.35938 -1.49873 1.42276 2.77438 0.651467 -2.58237 
1.33499 -1.7259 -1.67976 1.91434 -1.50139 -1.04067 2.40463 -1.74365 1.35646 -1.49976 1.41936 2.77461 0.65718 -2.58095 
1.33499 -1.7259 -1.67976 1.91434 -1.50139 -1.04067 2.40463 -1.74174 1.35223 -1.50141 1.41423 2.77494 0.665937 -2.57864 
1.13349 -1.77205 -1.58955 1.46263 -1.29484 -1.24071 2.19259 -1.70335 1.2869 -1.51865 1.36545 2.70861 0.759091 -2.65295 
