1.20323 -1.96702 -1.62837 1.64042 1.99275 1.15373 -0.894815 -1.15674 0.538455 0.0746972 -1.19245 -1.97133 -1.29557 -0.179922 
1.20312 -1.96702 -1.62816 1.64006 1.99254 1.1539 -0.895104 -1.13606 0.560699 0.0570382 -1.1967 -2.03369 -1.27732 -0.232438 
1.20129 -1.96696 -1.62794 1.63712 1.9882 1.15094 -0.899649 -1.1276 0.581995 0.0542353 -1.20254 -2.04613 -1.25933 -0.26055 
1.2002 -1.96546 -1.62812 1.63398 1.98468 1.1476 -0.908151 -1.12316 0.598277 0.055614 -1.20699 -2.04518 -1.24333 -0.281136 
1.19955 -1.96173 -1.62979 1.62888 1.98096 1.14324 -0.918855 -1.1203 0.611051 0.0579506 -1.21108 -2.04101 -1.22972 -0.297927 
1.1984 -1.9569 -1.6316 1.62306 1.97696 1.13789 -0.930168 -1.11826 0.621186 0.0603297 -1.21516 -2.03638 -1.21824 -0.312212 
1.19789 -1.95096 -1.63328 1.61831 1.97318 1.1339 -0.939686 -1.11676 0.629224 0.0625179 -1.21932 -2.032 -1.20854 -0.324585 
1.19766 -1.94539 -1.63609 1.61353 1.9701 1.13013 -0.949581 -1.11567 0.635557 0.0644752 -1.22356 -2.02803 -1.20031 -0.335404 
1.19779 -1.9391 -1.63874 1.60776 1.96649 1.12707 -0.957695 -1.11488 0.64049 0.0662137 -1.22786 -2.02446 -1.19329 -0.344931 
1.19799 -1.93419 -1.64145 1.60299 1.9648 1.12509 -0.965272 -1.11434 0.644272 0.0677572 -1.23221 -2.02125 -1.18728 -0.353369 
1.19744 -1.92778 -1.64423 1.59756 1.9617 1.12298 -0.973564 -1.11399 0.647106 0.0691305 -1.23658 -2.01837 -1.18209 -0.360885 
1.19731 -1.92337 -1.64626 1.59373 1.96055 1.12145 -0.980551 -1.1138 0.649159 0.0703563 -1.24095 -2.01576 -1.17759 -0.367617 
1.19688 -1.91787 -1.64839 1.58881 1.95845 1.12023 -0.988004 -1.11373 0.650571 0.0714547 -1.2453 -2.01341 -1.17367 -0.373678 
1.19671 -1.9139 -1.65039 1.58512 1.9573 1.119 -0.994272 -1.11375 0.651456 0.0724429 -1.24961 -2.01126 -1.17022 -0.379164 
1.19632 -1.90923 -1.65208 1.58024 1.95589 1.11838 -1.0012 -1.11385 0.65191 0.0733361 -1.25387 -2.0093 -1.16718 -0.384153 
1.19612 -1.90584 -1.6538 1.57679 1.95489 1.11744 -1.00663 -1.11401 0.652012 0.0741469 -1.25807 -2.00751 -1.16447 -0.388714 
1.19587 -1.90217 -1.65502 1.57252 1.9541 1.11723 -1.01268 -1.11421 0.651829 0.0748862 -1.2622 -2.00585 -1.16205 -0.392901 
1.19541 -1.89899 -1.65654 1.56881 1.95319 1.11664 -1.01766 -1.11444 0.651415 0.0755636 -1.26625 -2.00432 -1.15987 -0.396762 
1.19521 -1.8958 -1.65768 1.56464 1.95267 1.11659 -1.02338 -1.1147 0.650817 0.0761868 -1.27021 -2.0029 -1.15789 -0.400338 
1.19468 -1.89317 -1.65886 1.56119 1.95197 1.11635 -1.02767 -1.11497 0.650072 0.0767627 -1.27408 -2.00157 -1.1561 -0.403663 
1.19453 -1.8906 -1.65969 1.5573 1.95186 1.1166 -1.0329 -1.11525 0.649213 0.0772969 -1.27786 -2.00033 -1.15445 -0.406765 
1.19387 -1.88838 -1.66074 1.55399 1.95144 1.11642 -1.03671 -1.11555 0.648265 0.0777945 -1.28154 -1.99916 -1.15294 -0.40967 
1.19362 -1.88586 -1.66142 1.55023 1.95118 1.11682 -1.04144 -1.11584 0.647251 0.0782596 -1.28512 -1.99806 -1.15154 -0.412397 
1.19298 -1.88393 -1.66224 1.54702 1.95091 1.11692 -1.04505 -1.11614 0.646189 0.0786958 -1.28859 -1.99702 -1.15024 -0.414966 
1.19253 -1.88187 -1.66284 1.54338 1.9507 1.11746 -1.04931 -1.11643 0.645094 0.079106 -1.29197 -1.99604 -1.14903 -0.417392 
1.19192 -1.88028 -1.66348 1.54052 1.95057 1.11766 -1.05244 -1.11672 0.643978 0.079493 -1.29524 -1.9951 -1.1479 -0.419688 
1.19138 -1.87854 -1.66394 1.53715 1.95057 1.11807 -1.05631 -1.11701 0.642852 0.0798589 -1.29842 -1.99421 -1.14684 -0.421865 
1.19078 -1.87704 -1.66441 1.53424 1.95055 1.11848 -1.05933 -1.11729 0.641723 0.0802057 -1.30149 -1.99336 -1.14583 -0.423934 
1.19017 -1.8754 -1.66462 1.53127 1.95074 1.11887 -1.06299 -1.11757 0.6406 0.080535 -1.30447 -1.99255 -1.14489 -0.425904 
1.1896 -1.87395 -1.66464 1.52873 1.95086 1.11925 -1.06606 -1.11784 0.639487 0.0808484 -1.30734 -1.99178 -1.14399 -0.427782 
1.18906 -1.87244 -1.66476 1.52586 1.95116 1.11964 -1.0697 -1.1181 0.63839 0.081147 -1.31013 -1.99104 -1.14315 -0.429574 
1.18859 -1.87128 -1.66472 1.52356 1.9514 1.12032 -1.07251 -1.11836 0.63731 0.0814319 -1.31282 -1.99032 -1.14234 -0.431287 
1.18812 -1.87004 -1.66497 1.52099 1.95184 1.12092 -1.07543 -1.1186 0.636253 0.0817042 -1.31542 -1.98964 -1.14157 -0.432926 
1.18777 -1.86887 -1.66503 1.51842 1.95221 1.12166 -1.07852 -1.11884 0.635218 0.0819646 -1.31792 -1.98899 -1.14084 -0.434495 
1.18732 -1.86784 -1.66501 1.5165 1.95258 1.12239 -1.0811 -1.11908 0.634209 0.0822139 -1.32035 -1.98836 -1.14014 -0.435999 
1.18683 -1.86683 -1.66501 1.51411 1.953 1.12312 -1.0837 -1.1193 0.633227 0.0824528 -1.32268 -1.98775 -1.13948 -0.437442 
1.1865 -1.86592 -1.66514 1.51156 1.95337 1.12385 -1.08642 -1.11952 0.632271 0.0826819 -1.32494 -1.98717 -1.13884 -0.438826 
1.1862 -1.86516 -1.66517 1.50944 1.95365 1.1246 -1.08859 -1.11973 0.631344 0.0829017 -1.32711 -1.98661 -1.13823 -0.440155 
1.18577 -1.86445 -1.66518 1.50715 1.95398 1.12541 -1.09067 -1.11993 0.630445 0.0831127 -1.32921 -1.98607 -1.13764 -0.441431 
1.18542 -1.8637 -1.6652 1.50477 1.95423 1.12625 -1.09301 -1.12013 0.629574 0.0833154 -1.33123 -1.98555 -1.13708 -0.442657 
1.18506 -1.86307 -1.6652 1.50261 1.95469 1.12696 -1.09502 -1.12032 0.62873 0.08351 -1.33318 -1.98505 -1.13655 -0.443836 
1.1847 -1.8625 -1.66524 1.50052 1.95497 1.12774 -1.09707 -1.1205 0.627915 0.0836971 -1.33506 -1.98457 -1.13603 -0.444969 
1.18425 -1.86195 -1.66524 1.4984 1.95532 1.12849 -1.09896 -1.12068 0.627127 0.083877 -1.33687 -1.9841 -1.13554 -0.446059 
1.18382 -1.86137 -1.6652 1.49632 1.95568 1.12922 -1.10081 -1.12085 0.626367 0.08405 -1.33861 -1.98366 -1.13506 -0.447107 
1.18338 -1.8609 -1.6652 1.49432 1.95603 1.12995 -1.10257 -1.12102 0.625633 0.0842163 -1.34029 -1.98322 -1.13461 -0.448116 
1.18295 -1.86039 -1.66516 1.49233 1.95637 1.13066 -1.10429 -1.12117 0.624924 0.0843763 -1.3419 -1.98281 -1.13417 -0.449086 
1.18259 -1.85997 -1.66514 1.49047 1.95668 1.13143 -1.106 -1.12133 0.624241 0.0845302 -1.34346 -1.98241 -1.13375 -0.450019 
1.18213 -1.85957 -1.66515 1.48866 1.95699 1.13208 -1.10752 -1.12147 0.623583 0.0846783 -1.34495 -1.98202 -1.13335 -0.450918 
1.1817 -1.85913 -1.66509 1.4868 1.9573 1.13279 -1.10909 -1.12162 0.622949 0.0848207 -1.3464 -1.98165 -1.13296 -0.451782 
1.18121 -1.8587 -1.66505 1.48501 1.95765 1.13341 -1.11051 -1.12175 0.622338 0.0849578 -1.34778 -1.98129 -1.13259 -0.452614 
1.18075 -1.85825 -1.66498 1.48321 1.95802 1.13403 -1.11197 -1.12188 0.62175 0.0850897 -1.34912 -1.98094 -1.13223 -0.453414 
1.18022 -1.85787 -1.6649 1.4814 1.95833 1.13474 -1.11335 -1.12201 0.621183 0.0852166 -1.3504 -1.98061 -1.13188 -0.454185 
1.1798 -1.85754 -1.66494 1.47963 1.95871 1.13552 -1.11468 -1.12213 0.620638 0.0853387 -1.35164 -1.98029 -1.13155 -0.454927 
1.17926 -1.85723 -1.6648 1.47795 1.95897 1.13607 -1.11608 -1.12225 0.620114 0.0854563 -1.35283 -1.97998 -1.13123 -0.45564 
1.1787 -1.857 -1.66479 1.47625 1.95922 1.13677 -1.11738 -1.12237 0.619609 0.0855693 -1.35398 -1.97968 -1.13093 -0.456327 
1.17819 -1.85673 -1.6646 1.47467 1.95937 1.13718 -1.11888 -1.12247 0.619123 0.0856782 -1.35508 -1.9794 -1.13063 -0.456988 
1.17761 -1.85649 -1.66448 1.47306 1.95963 1.1377 -1.12016 -1.12258 0.618656 0.0857829 -1.35614 -1.97912 -1.13035 -0.457624 
1.17726 -1.85624 -1.66431 1.47186 1.95973 1.13808 -1.12128 -1.12268 0.618207 0.0858836 -1.35716 -1.97885 -1.13008 -0.458236 
1.17652 -1.85583 -1.66408 1.46985 1.95997 1.13855 -1.12292 -1.12278 0.617775 0.0859805 -1.35813 -1.9786 -1.12982 -0.458825 
1.17628 -1.85575 -1.66391 1.46946 1.95994 1.13866 -1.12327 -1.12287 0.61736 0.0860738 -1.35908 -1.97835 -1.12956 -0.459392 
1.17556 -1.85526 -1.66395 1.46682 1.96023 1.13947 -1.12544 -1.12296 0.616961 0.0861635 -1.35998 -1.97811 -1.12932 -0.459937 
1.17547 -1.85529 -1.66379 1.46668 1.96019 1.13951 -1.12561 -1.12305 0.616577 0.0862498 -1.36086 -1.97788 -1.12909 -0.460462 
1.17473 -1.85476 -1.66382 1.46422 1.96057 1.14028 -1.12761 -1.12313 0.616208 0.0863329 -1.36169 -1.97766 -1.12887 -0.460967 
1.17463 -1.85476 -1.66378 1.4641 1.96055 1.14036 -1.12774 -1.12321 0.615853 0.0864127 -1.3625 -1.97745 -1.12865 -0.461453 
1.17398 -1.85419 -1.66373 1.46161 1.96096 1.14117 -1.12968 -1.12329 0.615513 0.0864896 -1.36327 -1.97724 -1.12845 -0.46192 
1.17397 -1.8542 -1.66364 1.46143 1.96094 1.14137 -1.12988 -1.12336 0.615185 0.0865635 -1.36402 -1.97705 -1.12825 -0.46237 
1.17328 -1.85378 -1.66368 1.45929 1.96126 1.14206 -1.1315 -1.12344 0.61487 0.0866346 -1.36473 -1.97686 -1.12806 -0.462802 
1.1732 -1.85372 -1.66366 1.45902 1.96134 1.14216 -1.13176 -1.1235 0.614568 0.086703 -1.36542 -1.97667 -1.12787 -0.463218 
1.17241 -1.85328 -1.66364 1.45671 1.96166 1.14292 -1.1333 -1.12357 0.614277 0.0867687 -1.36608 -1.9765 -1.1277 -0.463618 
1.17235 -1.85323 -1.66359 1.45656 1.96162 1.14306 -1.13343 -1.12363 0.613997 0.086832 -1.36672 -1.97633 -1.12753 -0.464003 
1.17175 -1.85292 -1.66361 1.45487 1.96191 1.14363 -1.13464 -1.1237 0.613729 0.0868928 -1.36733 -1.97617 -1.12736 -0.464373 
1.17163 -1.85277 -1.66353 1.45433 1.96194 1.14388 -1.13508 -1.12375 0.613471 0.0869513 -1.36792 -1.97601 -1.12721 -0.464729 
1.171 -1.85243 -1.66356 1.45254 1.96224 1.14442 -1.13627 -1.12381 0.613223 0.0870075 -1.36848 -1.97586 -1.12706 -0.465071 
1.17078 -1.85232 -1.66348 1.45206 1.96232 1.14471 -1.13649 -1.12387 0.612985 0.0870616 -1.36903 -1.97571 -1.12691 -0.4654 
1.17007 -1.85201 -1.66352 1.45009 1.96261 1.14525 -1.13777 -1.12392 0.612756 0.0871136 -1.36955 -1.97557 -1.12677 -0.465717 
1.16987 -1.85191 -1.66352 1.44968 1.96269 1.14537 -1.13804 -1.12397 0.612537 0.0871636 -1.37005 -1.97544 -1.12664 -0.466021 
1.16919 -1.8516 -1.6635 1.44784 1.96295 1.14603 -1.13917 -1.12402 0.612325 0.0872117 -1.37053 -1.97531 -1.12651 -0.466314 
1.16906 -1.85148 -1.66348 1.44754 1.96295 1.14612 -1.13938 -1.12406 0.612123 0.0872579 -1.371 -1.97519 -1.12639 -0.466595 
1.16843 -1.85115 -1.66352 1.44567 1.96336 1.1469 -1.14052 -1.12411 0.611928 0.0873024 -1.37144 -1.97507 -1.12627 -0.466866 
1.16834 -1.85107 -1.66335 1.44557 1.96332 1.14693 -1.14068 -1.12415 0.611741 0.0873451 -1.37187 -1.97495 -1.12616 -0.467126 
1.16772 -1.85075 -1.66343 1.44379 1.9637 1.14765 -1.14168 -1.12419 0.611561 0.0873862 -1.37228 -1.97484 -1.12605 -0.467376 
1.16776 -1.85068 -1.66353 1.44362 1.96383 1.14795 -1.14157 -1.12423 0.611388 0.0874256 -1.37267 -1.97474 -1.12594 -0.467616 
1.16726 -1.85039 -1.66344 1.4423 1.96417 1.14844 -1.14235 -1.12427 0.611222 0.0874636 -1.37305 -1.97463 -1.12584 -0.467847 
1.16703 -1.85023 -1.66357 1.44151 1.96432 1.14893 -1.14253 -1.12431 0.611062 0.0875001 -1.37342 -1.97454 -1.12574 -0.46807 
1.16687 -1.85009 -1.66371 1.44075 1.96468 1.14943 -1.14283 -1.12434 0.610909 0.0875351 -1.37377 -1.97444 -1.12565 -0.468283 
1.16635 -1.84996 -1.66368 1.43953 1.96492 1.14985 -1.14337 -1.12438 0.610762 0.0875688 -1.37411 -1.97435 -1.12556 -0.468488 
1.16618 -1.84982 -1.66374 1.43931 1.96497 1.14987 -1.14344 -1.12441 0.610621 0.0876012 -1.37443 -1.97426 -1.12547 -0.468686 
1.16567 -1.84964 -1.66365 1.43795 1.96528 1.15069 -1.14398 -1.12444 0.610485 0.0876324 -1.37474 -1.97418 -1.12539 -0.468875 
1.16545 -1.8496 -1.66363 1.4374 1.96549 1.15089 -1.14427 -1.12447 0.610355 0.0876623 -1.37504 -1.9741 -1.12531 -0.469058 
1.16489 -1.84947 -1.66357 1.43614 1.96569 1.15144 -1.14486 -1.1245 0.610229 0.087691 -1.37533 -1.97402 -1.12523 -0.469233 
1.16478 -1.84952 -1.66349 1.43605 1.96579 1.15134 -1.14504 -1.12453 0.610109 0.0877187 -1.3756 -1.97395 -1.12516 -0.469401 
1.16433 -1.84936 -1.66341 1.43506 1.966 1.15174 -1.14551 -1.12455 0.609994 0.0877452 -1.37587 -1.97388 -1.12509 -0.469563 
1.16395 -1.84925 -1.66339 1.43423 1.9661 1.15202 -1.14587 -1.12458 0.609883 0.0877708 -1.37612 -1.97381 -1.12502 -0.469718 
1.16388 -1.84926 -1.6633 1.43393 1.96629 1.15225 -1.1461 -1.1246 0.609776 0.0877953 -1.37637 -1.97374 -1.12496 -0.469868 
1.16345 -1.84906 -1.66327 1.43298 1.96642 1.15259 -1.14663 -1.12463 0.609674 0.0878189 -1.3766 -1.97368 -1.12489 -0.470012 
1.16316 -1.84904 -1.66323 1.43217 1.96664 1.15288 -1.14701 -1.12465 0.609575 0.0878415 -1.37683 -1.97362 -1.12483 -0.47015 
1.16294 -1.84889 -1.66318 1.4317 1.96671 1.15306 -1.14731 -1.12467 0.609481 0.0878633 -1.37704 -1.97356 -1.12478 -0.470282 
1.16265 -1.84891 -1.66316 1.43108 1.96694 1.15331 -1.14761 -1.12469 0.60939 0.0878842 -1.37725 -1.9735 -1.12472 -0.47041 
1.16227 -1.84874 -1.66309 1.43018 1.96698 1.15363 -1.14807 -1.12471 0.609303 0.0879043 -1.37745 -1.97345 -1.12467 -0.470532 
1.16221 -1.84873 -1.66309 1.42996 1.96703 1.15375 -1.14828 -1.12473 0.609219 0.0879236 -1.37765 -1.97339 -1.12462 -0.47065 
1.1619 -1.84866 -1.66309 1.42932 1.9671 1.15403 -1.14867 -1.12475 0.609138 0.0879422 -1.37783 -1.97334 -1.12457 -0.470763 
1.1615 -1.84861 -1.66289 1.42858 1.96712 1.15411 -1.14926 -1.12477 0.609061 0.08796 -1.37801 -1.97329 -1.12452 -0.470872 
1.16132 -1.84855 -1.66283 1.42812 1.96721 1.15437 -1.14953 -1.12479 0.608987 0.0879772 -1.37818 -1.97325 -1.12447 -0.470976 
1.16097 -1.84849 -1.66264 1.42742 1.96721 1.15438 -1.15024 -1.1248 0.608916 0.0879936 -1.37834 -1.9732 -1.12443 -0.471076 
1.1607 -1.84838 -1.66269 1.42672 1.96738 1.15473 -1.15046 -1.12482 0.608847 0.0880094 -1.3785 -1.97316 -1.12439 -0.471173 
1.16051 -1.8483 -1.66272 1.42624 1.96743 1.15486 -1.15082 -1.12484 0.608781 0.0880246 -1.37865 -1.97312 -1.12435 -0.471265 
1.16019 -1.84821 -1.66262 1.42566 1.96747 1.15496 -1.15126 -1.12485 0.608718 0.0880392 -1.3788 -1.97308 -1.12431 -0.471354 
1.15988 -1.84809 -1.66258 1.42489 1.96756 1.15523 -1.15162 -1.12486 0.608658 0.0880533 -1.37894 -1.97304 -1.12427 -0.47144 
1.16038 -1.84792 -1.6657 1.42493 1.96808 1.15886 -1.15011 -1.12488 0.608599 0.0880667 -1.37907 -1.97301 -1.12424 -0.471522 
1.16008 -1.84863 -1.66711 1.42414 1.96747 1.16051 -1.15026 -1.12489 0.608543 0.0880797 -1.3792 -1.97297 -1.1242 -0.471601 
1.1605 -1.84792 -1.6648 1.42296 1.96753 1.15662 -1.15021 -1.1249 0.60849 0.0880921 -1.37932 -1.97294 -1.12417 -0.471677 
1.15887 -1.84855 -1.66403 1.4228 1.96811 1.15812 -1.1516 -1.12492 0.608438 0.0881041 -1.37944 -1.9729 -1.12414 -0.47175 
1.15878 -1.84807 -1.66398 1.42256 1.96779 1.15683 -1.15183 -1.12493 0.608389 0.0881155 -1.37955 -1.97287 -1.12411 -0.47182 
1.15845 -1.84826 -1.66375 1.42194 1.9681 1.15731 -1.15228 -1.12494 0.608341 0.0881265 -1.37966 -1.97284 -1.12408 -0.471887 
1.15814 -1.84796 -1.66381 1.42154 1.968 1.15722 -1.15256 -1.12495 0.608296 0.0881371 -1.37977 -1.97282 -1.12405 -0.471951 
1.1578 -1.84647 -1.66605 1.42183 1.97039 1.16111 -1.15137 -1.12496 0.608252 0.0881472 -1.37987 -1.97279 -1.12402 -0.472013 
1.15818 -1.84902 -1.66788 1.42075 1.96756 1.16224 -1.15142 -1.12497 0.608209 0.088157 -1.37997 -1.97276 -1.124 -0.472073 
1.15828 -1.84816 -1.66462 1.41928 1.96815 1.15984 -1.15167 -1.12498 0.608169 0.0881664 -1.38006 -1.97274 -1.12397 -0.47213 
1.15805 -1.84913 -1.66647 1.41857 1.96868 1.16182 -1.15023 -1.12499 0.60813 0.0881754 -1.38015 -1.97271 -1.12395 -0.472185 
1.15899 -1.84932 -1.66702 1.41695 1.96844 1.1627 -1.14828 -1.125 0.608092 0.0881841 -1.38024 -1.97269 -1.12392 -0.472238 
1.1596 -1.85059 -1.66846 1.41534 1.96904 1.16468 -1.14531 -1.125 0.608056 0.0881924 -1.38032 -1.97266 -1.1239 -0.472289 
1.16045 -1.85165 -1.66995 1.41378 1.96921 1.16661 -1.14197 -1.12501 0.608022 0.0882004 -1.3804 -1.97264 -1.12388 -0.472338 
1.16076 -1.85325 -1.67145 1.41177 1.96967 1.169 -1.13764 -1.12502 0.607989 0.0882081 -1.38047 -1.97262 -1.12386 -0.472385 
1.16138 -1.85491 -1.67319 1.40994 1.97028 1.17158 -1.13288 -1.12503 0.607957 0.0882155 -1.38055 -1.9726 -1.12384 -0.47243 
1.16155 -1.85683 -1.67501 1.40781 1.97103 1.17463 -1.12706 -1.12503 0.607926 0.0882226 -1.38062 -1.97258 -1.12382 -0.472473 
1.16192 -1.85893 -1.67698 1.40577 1.97221 1.17798 -1.12055 -1.12504 0.607897 0.0882294 -1.38069 -1.97256 -1.1238 -0.472514 
1.16177 -1.86125 -1.67907 1.4035 1.97327 1.18163 -1.11317 -1.12505 0.607869 0.088236 -1.38075 -1.97255 -1.12379 -0.472554 
1.16171 -1.86362 -1.68125 1.40143 1.97468 1.18555 -1.10479 -1.12505 0.607842 0.0882423 -1.38081 -1.97253 -1.12377 -0.472593 
1.16134 -1.86625 -1.68357 1.39893 1.97631 1.18974 -1.09594 -1.12506 0.607816 0.0882483 -1.38087 -1.97251 -1.12375 -0.47263 
1.16107 -1.86876 -1.6859 1.39678 1.97791 1.19402 -1.08602 -1.12507 0.607791 0.0882541 -1.38093 -1.9725 -1.12374 -0.472665 
1.16031 -1.87174 -1.68817 1.39414 1.97997 1.19854 -1.07543 -1.12507 0.607767 0.0882597 -1.38099 -1.97248 -1.12372 -0.472699 
1.15983 -1.87456 -1.69072 1.39157 1.98217 1.20344 -1.06386 -1.12508 0.607743 0.088265 -1.38104 -1.97247 -1.12371 -0.472732 
1.15894 -1.87751 -1.69307 1.38889 1.98468 1.20825 -1.05156 -1.12508 0.607721 0.0882702 -1.38109 -1.97245 -1.1237 -0.472763 
1.15765 -1.88099 -1.69539 1.38581 1.98761 1.21367 -1.03834 -1.12509 0.6077 0.0882751 -1.38114 -1.97244 -1.12368 -0.472793 
1.15673 -1.88374 -1.69774 1.38321 1.99022 1.21824 -1.025 -1.12509 0.60768 0.0882799 -1.38119 -1.97243 -1.12367 -0.472822 
1.15883 -1.88413 -1.7003 1.3801 1.99188 1.22087 -1.01812 -1.1251 0.60766 0.0882844 -1.38123 -1.97242 -1.12366 -0.47285 
1.16153 -1.88401 -1.70304 1.3771 1.99334 1.22334 -1.01207 -1.1251 0.607641 0.0882888 -1.38128 -1.9724 -1.12365 -0.472877 
1.16417 -1.88403 -1.70591 1.37419 1.99463 1.22595 -1.00611 -1.12511 0.607623 0.088293 -1.38132 -1.97239 -1.12364 -0.472902 
1.16673 -1.88408 -1.70861 1.37134 1.99582 1.22836 -1.00037 -1.12511 0.607606 0.0882971 -1.38136 -1.97238 -1.12363 -0.472927 
1.16923 -1.88417 -1.7114 1.36857 1.99697 1.2309 -0.994693 -1.12511 0.607589 0.0883009 -1.3814 -1.97237 -1.12362 -0.472951 
1.17172 -1.88423 -1.71412 1.3658 1.99813 1.23335 -0.989037 -1.12512 0.607573 0.0883047 -1.38143 -1.97236 -1.12361 -0.472973 
1.17416 -1.88426 -1.7168 1.36308 1.99933 1.23581 -0.983424 -1.12512 0.607557 0.0883083 -1.38147 -1.97235 -1.1236 -0.472995 
1.17655 -1.88428 -1.71946 1.36042 2.00051 1.23827 -0.977904 -1.12512 0.607543 0.0883117 -1.3815 -1.97234 -1.12359 -0.473016 
1.17849 -1.88401 -1.72153 1.35817 2.0017 1.24013 -0.973349 -1.12513 0.607528 0.088315 -1.38154 -1.97233 -1.12358 -0.473036 
1.17985 -1.88346 -1.72282 1.35644 2.00283 1.24123 -0.970023 -1.12513 0.607515 0.0883182 -1.38157 -1.97232 -1.12357 -0.473056 
1.18101 -1.88326 -1.7239 1.35488 2.0035 1.24199 -0.967225 -1.12513 0.607502 0.0883212 -1.3816 -1.97232 -1.12356 -0.473074 
1.18195 -1.88314 -1.72483 1.35359 2.00399 1.24267 -0.964924 -1.12514 0.607489 0.0883242 -1.38163 -1.97231 -1.12355 -0.473092 
1.18265 -1.88298 -1.72578 1.35264 2.00448 1.24352 -0.963035 -1.12514 0.607477 0.088327 -1.38165 -1.9723 -1.12355 -0.473109 
1.183 -1.88299 -1.72628 1.35206 2.00464 1.24394 -0.962 -1.12514 0.607465 0.0883297 -1.38168 -1.97229 -1.12354 -0.473126 
1.18307 -1.88314 -1.72647 1.35177 2.00456 1.24405 -0.961593 -1.12514 0.607454 0.0883323 -1.38171 -1.97229 -1.12353 -0.473141 
