1.04163 -1.13403 -0.869986 1.57611 -2.06602 -1.62427 1.98907 -1.1103 0.609337 0.0656645 -1.37593 -1.96223 -1.13301 -0.473288 
0.966977 -1.15188 -0.880249 1.50851 -2.09635 -1.57347 2.00619 -1.11086 0.606552 0.0662771 -1.38232 -1.96054 -1.13132 -0.477196 
0.955939 -1.16245 -0.880874 1.49859 -2.09659 -1.58123 2.01607 -1.11086 0.606549 0.0662777 -1.38233 -1.96054 -1.13132 -0.4772 
0.958576 -1.15939 -0.878997 1.49701 -2.0923 -1.57769 2.00702 -1.11086 0.606549 0.0662777 -1.38233 -1.96054 -1.13132 -0.4772 
0.963 -1.15711 -0.878098 1.49808 -2.09072 -1.57538 1.99956 -1.11086 0.606549 0.0662777 -1.38233 -1.96054 -1.13132 -0.4772 
0.967986 -1.15395 -0.876367 1.50329 -2.08545 -1.57791 1.99602 -1.11086 0.606549 0.0662777 -1.38233 -1.96054 -1.13132 -0.4772 
0.972945 -1.15136 -0.877 1.51083 -2.08416 -1.58141 1.99472 -1.11086 0.606549 0.0662777 -1.38233 -1.96054 -1.13132 -0.4772 
0.976137 -1.14858 -0.876166 1.51565 -2.08159 -1.58171 1.99193 -1.11086 0.606549 0.0662777 -1.38233 -1.96054 -1.13132 -0.4772 
0.978314 -1.14644 -0.876214 1.51955 -2.08161 -1.58134 1.99142 -1.11086 0.606549 0.0662777 -1.38233 -1.96054 -1.13132 -0.4772 
0.979638 -1.14526 -0.875903 1.52214 -2.08097 -1.58189 1.9919 -1.11086 0.606549 0.0662777 -1.38233 -1.96054 -1.13132 -0.4772 
0.98059 -1.14494 -0.876226 1.52352 -2.08075 -1.58262 1.99094 -1.11086 0.606549 0.0662777 -1.38233 -1.96054 -1.13132 -0.4772 
0.981732 -1.14389 -0.875264 1.52425 -2.07857 -1.58224 1.98801 -1.11086 0.606549 0.0662777 -1.38233 -1.96054 -1.13132 -0.4772 
0.982649 -1.14341 -0.875963 1.52642 -2.08039 -1.58142 1.98808 -1.11086 0.606549 0.0662777 -1.38233 -1.96054 -1.13132 -0.4772 
0.983344 -1.14297 -0.876726 1.52796 -2.08188 -1.58127 1.9892 -1.11086 0.606549 0.0662777 -1.38233 -1.96054 -1.13132 -0.4772 
0.98485 -1.14167 -0.876038 1.52949 -2.07972 -1.58206 1.98803 -1.11086 0.606549 0.0662777 -1.38233 -1.96054 -1.13132 -0.4772 
0.987578 -1.14017 -0.875666 1.53262 -2.07805 -1.58342 1.98588 -1.11086 0.606549 0.0662777 -1.38233 -1.96054 -1.13132 -0.4772 
0.989813 -1.13941 -0.875796 1.53595 -2.07685 -1.58581 1.98545 -1.11086 0.606549 0.0662777 -1.38233 -1.96054 -1.13132 -0.4772 
0.991537 -1.13844 -0.875859 1.53887 -2.07627 -1.58687 1.98453 -1.11086 0.606549 0.0662777 -1.38233 -1.96054 -1.13132 -0.4772 
0.991477 -1.13839 -0.875605 1.53855 -2.075 -1.58748 1.98356 -1.11086 0.606549 0.0662777 -1.38233 -1.96054 -1.13132 -0.4772 
0.991566 -1.13821 -0.87572 1.539 -2.07525 -1.58717 1.98364 -1.11086 0.606549 0.0662777 -1.38233 -1.96054 -1.13132 -0.4772 
0.991244 -1.138 -0.875664 1.53857 -2.07526 -1.58685 1.98381 -1.11086 0.606549 0.0662777 -1.38233 -1.96054 -1.13132 -0.4772 
0.991399 -1.13842 -0.876633 1.53942 -2.07728 -1.58669 1.9848 -1.11086 0.606549 0.0662777 -1.38233 -1.96054 -1.13132 -0.4772 
0.991063 -1.13891 -0.87651 1.53868 -2.07702 -1.58758 1.98548 -1.11086 0.606549 0.0662777 -1.38233 -1.96054 -1.13132 -0.4772 
0.991299 -1.13894 -0.877427 1.53944 -2.07879 -1.58707 1.98517 -1.11086 0.606549 0.0662777 -1.38233 -1.96054 -1.13132 -0.4772 
0.99126 -1.13841 -0.876529 1.53916 -2.0775 -1.58625 1.9844 -1.11086 0.606549 0.0662777 -1.38233 -1.96054 -1.13132 -0.4772 
0.990939 -1.13914 -0.876716 1.5386 -2.07736 -1.58773 1.98529 -1.11086 0.606549 0.0662777 -1.38233 -1.96054 -1.13132 -0.4772 
0.991028 -1.13908 -0.877234 1.53882 -2.0783 -1.58792 1.9856 -1.11086 0.606549 0.0662777 -1.38233 -1.96054 -1.13132 -0.4772 
0.991035 -1.1388 -0.876969 1.53891 -2.07795 -1.58696 1.98471 -1.11086 0.606549 0.0662777 -1.38233 -1.96054 -1.13132 -0.4772 
0.990985 -1.13883 -0.876392 1.53765 -2.07602 -1.58759 1.98316 -1.11086 0.606549 0.0662777 -1.38233 -1.96054 -1.13132 -0.4772 
0.991232 -1.13794 -0.875704 1.53714 -2.07464 -1.58642 1.98156 -1.11086 0.606549 0.0662777 -1.38233 -1.96054 -1.13132 -0.4772 
0.991291 -1.13752 -0.875552 1.53719 -2.07468 -1.58532 1.9807 -1.11086 0.606549 0.0662777 -1.38233 -1.96054 -1.13132 -0.4772 
0.991467 -1.1373 -0.875526 1.53761 -2.07532 -1.58447 1.98046 -1.11086 0.606549 0.0662777 -1.38233 -1.96054 -1.13132 -0.4772 
0.991765 -1.13707 -0.876052 1.53811 -2.0764 -1.58389 1.98026 -1.11086 0.606549 0.0662777 -1.38233 -1.96054 -1.13132 -0.4772 
0.991715 -1.13743 -0.875999 1.53808 -2.07662 -1.58346 1.97986 -1.11086 0.606549 0.0662777 -1.38233 -1.96054 -1.13132 -0.4772 
0.991589 -1.13743 -0.876144 1.53818 -2.07644 -1.58391 1.98038 -1.11086 0.606549 0.0662777 -1.38233 -1.96054 -1.13132 -0.4772 
0.991785 -1.13705 -0.876088 1.53839 -2.07737 -1.58264 1.98027 -1.11086 0.606549 0.0662777 -1.38233 -1.96054 -1.13132 -0.4772 
0.991543 -1.13733 -0.875285 1.5374 -2.07499 -1.58351 1.97974 -1.11086 0.606549 0.0662777 -1.38233 -1.96054 -1.13132 -0.4772 
0.991551 -1.13758 -0.875738 1.53744 -2.07516 -1.58447 1.98032 -1.11086 0.606549 0.0662777 -1.38233 -1.96054 -1.13132 -0.4772 
0.991809 -1.13713 -0.875853 1.53802 -2.07576 -1.58319 1.97979 -1.11086 0.606549 0.0662777 -1.38233 -1.96054 -1.13132 -0.4772 
0.991546 -1.13771 -0.876177 1.53791 -2.07596 -1.58416 1.98103 -1.11086 0.606549 0.0662777 -1.38233 -1.96054 -1.13132 -0.4772 
0.991993 -1.13713 -0.876879 1.5389 -2.07782 -1.58302 1.98085 -1.11086 0.606549 0.0662777 -1.38233 -1.96054 -1.13132 -0.4772 
1.35339 -0.85445 -0.9727 1.98664 -2.08912 -1.73248 1.94743 -1.11086 0.606549 0.0662777 -1.38233 -1.96054 -1.13132 -0.4772 
