1.10646 -1.73095 -1.53106 1.39528 1.86354 1.26655 -1.1096 1.53012 -1.67902 -0.920313 -1.3831 -1.29176 1.21154 -2.28391 
1.10647 -1.73103 -1.53119 1.39534 1.86356 1.26636 -1.10972 1.53011 -1.67901 -0.920316 -1.3831 -1.29176 1.21154 -2.28391 
1.11627 -1.73786 -1.53467 1.41786 1.84529 1.25124 -1.09604 1.53013 -1.67904 -0.920273 -1.3831 -1.2918 1.21157 -2.2839 
1.11722 -1.74099 -1.53641 1.42197 1.83616 1.24838 -1.09619 1.53014 -1.67904 -0.920268 -1.3831 -1.29181 1.21157 -2.2839 
1.11839 -1.73945 -1.5349 1.42119 1.83999 1.24972 -1.09712 1.53012 -1.67902 -0.920306 -1.3831 -1.29177 1.21154 -2.28391 
1.11963 -1.74127 -1.53732 1.42926 1.83094 1.2451 -1.09321 1.53012 -1.67902 -0.920309 -1.3831 -1.29176 1.21154 -2.28391 
1.12122 -1.74235 -1.53819 1.43258 1.82721 1.24292 -1.09097 1.53011 -1.67901 -0.920317 -1.3831 -1.29176 1.21154 -2.28391 
1.12164 -1.74099 -1.53734 1.43308 1.82728 1.24266 -1.09157 1.53011 -1.679 -0.920332 -1.3831 -1.29174 1.21152 -2.28391 
1.12295 -1.74198 -1.53837 1.43688 1.82262 1.23961 -1.08857 1.53011 -1.679 -0.920333 -1.3831 -1.29174 1.21152 -2.28391 
1.12365 -1.74041 -1.53695 1.4355 1.82571 1.24022 -1.09024 1.5301 -1.679 -0.920339 -1.3831 -1.29174 1.21152 -2.28392 
1.12363 -1.74152 -1.53792 1.43774 1.82153 1.239 -1.08738 1.5301 -1.679 -0.920339 -1.3831 -1.29173 1.21152 -2.28392 
1.12387 -1.74057 -1.53669 1.43538 1.82477 1.24123 -1.08971 1.5301 -1.679 -0.92034 -1.3831 -1.29173 1.21152 -2.28392 
1.12406 -1.74052 -1.53615 1.43644 1.8245 1.24017 -1.08801 1.5301 -1.679 -0.92034 -1.3831 -1.29173 1.21152 -2.28392 
1.12416 -1.73955 -1.53545 1.43447 1.82774 1.24154 -1.09022 1.5301 -1.679 -0.92034 -1.3831 -1.29173 1.21152 -2.28392 
1.12324 -1.74115 -1.53577 1.43402 1.82731 1.24323 -1.08815 1.5301 -1.679 -0.92034 -1.3831 -1.29173 1.21152 -2.28392 
1.1248 -1.73881 -1.53465 1.4347 1.82909 1.24021 -1.09034 1.5301 -1.679 -0.92034 -1.3831 -1.29173 1.21152 -2.28392 
1.12328 -1.74089 -1.53525 1.43347 1.82861 1.24417 -1.08882 1.5301 -1.679 -0.92034 -1.3831 -1.29173 1.21152 -2.28392 
1.12453 -1.73979 -1.53569 1.43565 1.82656 1.23888 -1.08827 1.5301 -1.679 -0.92034 -1.3831 -1.29173 1.21152 -2.28392 
1.12279 -1.74157 -1.5347 1.43228 1.83066 1.24674 -1.08915 1.5301 -1.679 -0.92034 -1.3831 -1.29173 1.21152 -2.28392 
1.12439 -1.74018 -1.53644 1.43609 1.82514 1.23825 -1.0879 1.5301 -1.679 -0.92034 -1.3831 -1.29173 1.21152 -2.28392 
1.12287 -1.74143 -1.53442 1.43226 1.83118 1.24582 -1.09045 1.5301 -1.679 -0.92034 -1.3831 -1.29173 1.21152 -2.28392 
1.124 -1.74017 -1.53621 1.43501 1.82638 1.23989 -1.08851 1.5301 -1.679 -0.92034 -1.3831 -1.29173 1.21152 -2.28392 
1.12251 -1.74242 -1.53527 1.43241 1.83035 1.24588 -1.08997 1.5301 -1.679 -0.920339 -1.3831 -1.29173 1.21152 -2.28392 
1.12491 -1.73938 -1.53642 1.43623 1.8252 1.23768 -1.08875 1.5301 -1.679 -0.92034 -1.3831 -1.29173 1.21152 -2.28392 
1.12366 -1.74137 -1.53566 1.43448 1.828 1.24418 -1.08911 1.5301 -1.679 -0.92034 -1.3831 -1.29173 1.21152 -2.28392 
1.12654 -1.73772 -1.53599 1.43832 1.82359 1.23527 -1.08899 1.53011 -1.679 -0.920337 -1.3831 -1.29174 1.21152 -2.28391 
1.12338 -1.74116 -1.53506 1.43374 1.82865 1.24426 -1.08858 1.5301 -1.679 -0.92034 -1.3831 -1.29173 1.21152 -2.28392 
1.12518 -1.73917 -1.53574 1.43679 1.8251 1.23627 -1.08916 1.5301 -1.679 -0.92034 -1.3831 -1.29173 1.21152 -2.28392 
1.12253 -1.74313 -1.53582 1.43385 1.82811 1.24345 -1.08748 1.5301 -1.679 -0.920338 -1.3831 -1.29174 1.21152 -2.28392 
1.126 -1.73833 -1.53526 1.43691 1.82602 1.23541 -1.09009 1.5301 -1.679 -0.92034 -1.3831 -1.29173 1.21152 -2.28392 
1.12235 -1.74257 -1.53559 1.43274 1.82929 1.24727 -1.0889 1.5301 -1.679 -0.920339 -1.3831 -1.29173 1.21152 -2.28392 
1.12498 -1.73834 -1.53577 1.43565 1.82626 1.24003 -1.09042 1.5301 -1.679 -0.92034 -1.3831 -1.29173 1.21152 -2.28392 
1.12257 -1.74212 -1.53523 1.43255 1.82922 1.24756 -1.08899 1.5301 -1.679 -0.92034 -1.3831 -1.29173 1.21152 -2.28392 
1.12532 -1.73776 -1.53477 1.4352 1.82715 1.24002 -1.0909 1.5301 -1.679 -0.920339 -1.3831 -1.29173 1.21152 -2.28392 
1.12221 -1.74139 -1.534 1.43093 1.8315 1.24932 -1.09043 1.5301 -1.679 -0.92034 -1.3831 -1.29173 1.21152 -2.28392 
1.12487 -1.73817 -1.53467 1.43484 1.82737 1.24079 -1.09009 1.5301 -1.679 -0.92034 -1.3831 -1.29173 1.21152 -2.28392 
1.1227 -1.74212 -1.53507 1.43343 1.82802 1.24591 -1.08765 1.5301 -1.679 -0.92034 -1.3831 -1.29173 1.21152 -2.28392 
1.12522 -1.73834 -1.53488 1.43598 1.82605 1.23822 -1.08949 1.5301 -1.679 -0.920339 -1.3831 -1.29173 1.21152 -2.28392 
1.12178 -1.7429 -1.53476 1.43155 1.83038 1.24883 -1.08821 1.5301 -1.679 -0.920339 -1.3831 -1.29173 1.21152 -2.28392 
1.12566 -1.7382 -1.53518 1.43682 1.82499 1.2363 -1.08926 1.5301 -1.679 -0.920339 -1.3831 -1.29173 1.21152 -2.28392 
1.12312 -1.74137 -1.53432 1.43301 1.82973 1.24385 -1.08928 1.5301 -1.679 -0.92034 -1.3831 -1.29173 1.21152 -2.28392 
1.12508 -1.73902 -1.53581 1.43656 1.82485 1.23652 -1.0886 1.5301 -1.679 -0.92034 -1.3831 -1.29173 1.21152 -2.28392 
1.12252 -1.74193 -1.53472 1.43214 1.83075 1.2459 -1.0895 1.5301 -1.679 -0.920339 -1.3831 -1.29174 1.21152 -2.28392 
1.12493 -1.7395 -1.53615 1.43661 1.82483 1.23621 -1.08867 1.5301 -1.679 -0.92034 -1.3831 -1.29173 1.21152 -2.28392 
1.12259 -1.74239 -1.53523 1.43279 1.83006 1.24432 -1.08873 1.5301 -1.679 -0.920339 -1.3831 -1.29173 1.21152 -2.28392 
1.12468 -1.73978 -1.53637 1.43595 1.82616 1.23821 -1.08862 1.5301 -1.679 -0.92034 -1.3831 -1.29173 1.21152 -2.28392 
1.12233 -1.74283 -1.53591 1.43293 1.82944 1.24512 -1.08875 1.5301 -1.679 -0.920339 -1.3831 -1.29174 1.21152 -2.28392 
1.12569 -1.73851 -1.53612 1.43689 1.82607 1.23577 -1.08962 1.5301 -1.679 -0.92034 -1.3831 -1.29173 1.21152 -2.28392 
1.12225 -1.74205 -1.53531 1.43167 1.83116 1.24857 -1.08982 1.5301 -1.679 -0.920339 -1.3831 -1.29173 1.21152 -2.28392 
1.12626 -1.7381 -1.5363 1.43795 1.82389 1.23673 -1.089 1.5301 -1.679 -0.920337 -1.3831 -1.29174 1.21152 -2.28391 
1.12276 -1.74197 -1.53574 1.43299 1.8287 1.24651 -1.08873 1.5301 -1.679 -0.92034 -1.3831 -1.29173 1.21152 -2.28392 
1.12535 -1.73851 -1.53551 1.43633 1.82576 1.23954 -1.08951 1.5301 -1.679 -0.920338 -1.3831 -1.29174 1.21152 -2.28392 
1.12281 -1.74229 -1.53544 1.43389 1.82762 1.24524 -1.08805 1.5301 -1.679 -0.92034 -1.3831 -1.29173 1.21152 -2.28392 
1.12633 -1.73713 -1.53409 1.43676 1.82687 1.23514 -1.09054 1.5301 -1.679 -0.920339 -1.3831 -1.29173 1.21152 -2.28392 
1.12302 -1.74219 -1.53483 1.43332 1.82943 1.24373 -1.0887 1.5301 -1.679 -0.920339 -1.3831 -1.29173 1.21152 -2.28392 
1.12567 -1.73885 -1.53561 1.43709 1.82535 1.2351 -1.08867 1.5301 -1.679 -0.92034 -1.3831 -1.29173 1.21152 -2.28392 
1.12299 -1.7417 -1.53471 1.43235 1.83113 1.24466 -1.09023 1.5301 -1.679 -0.920338 -1.3831 -1.29174 1.21152 -2.28391 
1.12538 -1.73951 -1.53653 1.43732 1.82423 1.23589 -1.08818 1.5301 -1.679 -0.92034 -1.3831 -1.29173 1.21152 -2.28392 
1.12335 -1.7422 -1.53588 1.43406 1.82814 1.24309 -1.08912 1.5301 -1.679 -0.920339 -1.3831 -1.29173 1.21152 -2.28392 
1.12599 -1.73876 -1.53628 1.438 1.82383 1.23462 -1.08855 1.5301 -1.679 -0.92034 -1.3831 -1.29173 1.21152 -2.28392 
1.1229 -1.74111 -1.53476 1.43207 1.83098 1.24612 -1.09135 1.5301 -1.679 -0.920339 -1.3831 -1.29174 1.21152 -2.28392 
1.12496 -1.73935 -1.53624 1.43649 1.82514 1.2388 -1.08923 1.5301 -1.679 -0.92034 -1.3831 -1.29173 1.21152 -2.28392 
1.12279 -1.74181 -1.53553 1.43289 1.82968 1.24685 -1.08917 1.5301 -1.679 -0.92034 -1.3831 -1.29173 1.21152 -2.28392 
1.12594 -1.73724 -1.53494 1.43637 1.82619 1.23813 -1.09112 1.5301 -1.679 -0.920338 -1.3831 -1.29174 1.21152 -2.28391 
1.12222 -1.74256 -1.53519 1.43285 1.82895 1.24692 -1.0887 1.5301 -1.679 -0.92034 -1.3831 -1.29173 1.21152 -2.28392 
1.12605 -1.73779 -1.53475 1.43706 1.82598 1.23526 -1.08959 1.5301 -1.679 -0.920339 -1.3831 -1.29173 1.21152 -2.28392 
1.12305 -1.7418 -1.53413 1.43271 1.83095 1.24425 -1.08997 1.5301 -1.679 -0.920339 -1.3831 -1.29173 1.21152 -2.28392 
1.12545 -1.73854 -1.5353 1.43624 1.82688 1.23629 -1.09021 1.5301 -1.679 -0.92034 -1.3831 -1.29173 1.21152 -2.28392 
1.12328 -1.742 -1.53553 1.43407 1.82886 1.24143 -1.08832 1.5301 -1.679 -0.920339 -1.3831 -1.29173 1.21152 -2.28392 
1.12653 -1.73816 -1.53605 1.43772 1.82536 1.23411 -1.09015 1.5301 -1.679 -0.92034 -1.3831 -1.29173 1.21152 -2.28392 
1.12242 -1.74286 -1.536 1.43275 1.82964 1.24588 -1.08921 1.5301 -1.679 -0.920339 -1.3831 -1.29173 1.21152 -2.28392 
1.12477 -1.73968 -1.53598 1.43543 1.82728 1.23972 -1.08991 1.5301 -1.679 -0.92034 -1.3831 -1.29173 1.21152 -2.28392 
1.12339 -1.74187 -1.53609 1.43446 1.8275 1.24356 -1.08858 1.5301 -1.679 -0.92034 -1.3831 -1.29173 1.21152 -2.28392 
1.12542 -1.73848 -1.53558 1.4362 1.82626 1.23847 -1.09043 1.5301 -1.679 -0.920339 -1.3831 -1.29174 1.21152 -2.28392 
1.12296 -1.74241 -1.53607 1.43432 1.82721 1.24403 -1.08807 1.5301 -1.679 -0.92034 -1.3831 -1.29173 1.21152 -2.28392 
1.124 -1.74032 -1.53539 1.43473 1.82777 1.24179 -1.08941 1.5301 -1.679 -0.92034 -1.3831 -1.29173 1.21152 -2.28392 
1.12336 -1.74116 -1.53582 1.43433 1.8276 1.24297 -1.08888 1.5301 -1.679 -0.92034 -1.3831 -1.29173 1.21152 -2.28392 
1.12379 -1.74044 -1.53521 1.43432 1.82835 1.24248 -1.08963 1.5301 -1.679 -0.92034 -1.3831 -1.29173 1.21152 -2.28392 
1.12373 -1.74035 -1.535 1.43396 1.82892 1.2429 -1.08991 1.5301 -1.679 -0.92034 -1.3831 -1.29173 1.21152 -2.28392 
1.12358 -1.74102 -1.53573 1.43465 1.82745 1.24247 -1.08877 1.5301 -1.679 -0.92034 -1.3831 -1.29173 1.21152 -2.28392 
1.12364 -1.74101 -1.53573 1.43476 1.82734 1.24233 -1.08881 1.5301 -1.679 -0.92034 -1.3831 -1.29173 1.21152 -2.28392 
1.12368 -1.74041 -1.5351 1.43397 1.82879 1.24299 -1.09011 1.5301 -1.679 -0.92034 -1.3831 -1.29173 1.21152 -2.28392 
