1.07179 -1.83269 -1.66938 1.34425 -1.20034 -1.20664 2.08824 -1.86356 1.47034 -1.4579 1.59916 2.82073 0.444956 -2.58592 
1.04698 -1.83479 -1.66485 1.2864 -1.18825 -1.2343 2.06166 -1.85638 1.47637 -1.4445 1.57578 2.80245 0.491962 -2.62736 
1.04746 -1.83163 -1.66199 1.28125 -1.1883 -1.23005 2.05389 -1.86021 1.46336 -1.45722 1.58531 2.82073 0.473222 -2.58617 
1.04781 -1.83008 -1.6617 1.27978 -1.18826 -1.23128 2.04663 -1.85295 1.4649 -1.44706 1.56202 2.80324 0.518732 -2.62315 
1.04771 -1.82995 -1.66197 1.27849 -1.18786 -1.2337 2.04264 -1.85023 1.46727 -1.44057 1.55377 2.78645 0.535066 -2.65423 
1.04776 -1.83142 -1.66298 1.27971 -1.18793 -1.23461 2.04738 -1.84947 1.46352 -1.44165 1.55063 2.78514 0.539263 -2.65447 
1.05049 -1.8341 -1.66564 1.288 -1.18996 -1.23319 2.05784 -1.84727 1.46092 -1.44359 1.54432 2.78899 0.546403 -2.64823 
1.05693 -1.83456 -1.66524 1.29979 -1.19057 -1.22947 2.06314 -1.84555 1.46658 -1.442 1.54067 2.79177 0.549631 -2.64876 
1.06769 -1.83452 -1.66382 1.31949 -1.19155 -1.22107 2.07254 -1.84351 1.46471 -1.44264 1.53656 2.78828 0.554652 -2.65345 
1.07489 -1.83523 -1.66314 1.33348 -1.19185 -1.21665 2.07939 -1.84241 1.46534 -1.4417 1.53591 2.78046 0.553725 -2.66525 
1.0816 -1.83609 -1.66309 1.34756 -1.19438 -1.21019 2.08678 -1.84152 1.46854 -1.44073 1.53475 2.77918 0.552802 -2.66911 
1.08648 -1.83611 -1.6625 1.35647 -1.19521 -1.20573 2.09135 -1.84041 1.4669 -1.44249 1.53097 2.78509 0.557193 -2.65989 
1.08951 -1.83748 -1.66317 1.36354 -1.19596 -1.20465 2.09593 -1.83948 1.47375 -1.43851 1.52864 2.78361 0.559315 -2.6683 
1.09368 -1.83777 -1.66276 1.37141 -1.19686 -1.20103 2.10019 -1.83951 1.48062 -1.436 1.5286 2.78624 0.557373 -2.66947 
1.09742 -1.83707 -1.66143 1.37724 -1.19479 -1.20043 2.10184 -1.83996 1.47676 -1.43848 1.52792 2.78744 0.556464 -2.66377 
1.10208 -1.83821 -1.66139 1.38659 -1.1935 -1.20081 2.10667 -1.83806 1.47774 -1.43645 1.52169 2.7823 0.564324 -2.67418 
1.10502 -1.84184 -1.66365 1.39614 -1.19515 -1.2009 2.11556 -1.8364 1.47867 -1.43473 1.5172 2.77748 0.569564 -2.68395 
1.10916 -1.8446 -1.66499 1.40697 -1.19618 -1.2 2.12349 -1.83517 1.47867 -1.43441 1.51341 2.77628 0.573586 -2.68661 
1.11127 -1.84648 -1.66541 1.41233 -1.19365 -1.20455 2.12642 -1.8346 1.48403 -1.4322 1.5119 2.77704 0.573646 -2.68987 
1.11411 -1.84752 -1.66507 1.41865 -1.19054 -1.20799 2.12882 -1.83391 1.49219 -1.42641 1.50975 2.77343 0.576832 -2.70388 
1.12339 -1.8412 -1.65963 1.42804 -1.1921 -1.19209 2.12724 -1.83526 1.50458 -1.42024 1.51231 2.77699 0.572158 -2.7084 
1.12427 -1.84062 -1.65913 1.42896 -1.1921 -1.1907 2.12711 -1.83488 1.50406 -1.41723 1.51015 2.77049 0.576881 -2.72031 
1.32293 -1.82558 -1.7615 1.91762 -1.41839 -0.926698 2.38944 -1.83501 1.5039 -1.41779 1.51054 2.77173 0.57613 -2.71815 
1.30574 -1.82619 -1.74325 1.86947 -1.38088 -0.954229 2.35662 -1.87017 1.62317 -1.39723 1.60169 2.80886 0.420838 -2.71001 
1.30573 -1.82609 -1.74322 1.8695 -1.38074 -0.954108 2.35673 -1.87181 1.65123 -1.38501 1.61019 2.79759 0.410358 -2.73907 
1.30572 -1.8261 -1.74323 1.8695 -1.3807 -0.954056 2.35673 -1.872 1.64532 -1.38634 1.61097 2.79729 0.410172 -2.73692 
1.30572 -1.8261 -1.74324 1.8695 -1.38069 -0.954044 2.35673 -1.86927 1.62604 -1.3931 1.60959 2.79736 0.408579 -2.72649 
1.30572 -1.82613 -1.74326 1.8695 -1.38066 -0.954013 2.35673 -1.86343 1.58796 -1.40727 1.59602 2.79769 0.426319 -2.708 
