1.05786 -1.89316 -1.7432 1.33563 -1.12468 -1.16588 2.07697 -1.80047 1.6539 -1.23767 1.55923 2.31824 0.633429 -2.22263 
1.03441 -1.89169 -1.7418 1.28511 -1.11693 -1.19034 2.05606 -1.80163 1.68684 -1.2109 1.55513 2.31772 0.662506 -2.29235 
1.0292 -1.88408 -1.74188 1.27644 -1.12609 -1.17172 2.04978 -1.80447 1.69981 -1.19817 1.55494 2.31332 0.677027 -2.33199 
1.02653 -1.87884 -1.74019 1.26861 -1.12616 -1.16938 2.03921 -1.80603 1.70372 -1.19265 1.55517 2.30923 0.685743 -2.35355 
1.02503 -1.87815 -1.7404 1.26482 -1.12569 -1.1725 2.03429 -1.80742 1.69835 -1.19437 1.55384 2.31026 0.689238 -2.34764 
1.02379 -1.8798 -1.74171 1.26414 -1.12558 -1.17517 2.03701 -1.80813 1.69516 -1.19656 1.55168 2.31567 0.691028 -2.33486 
1.02731 -1.88136 -1.74291 1.27206 -1.12629 -1.17239 2.0452 -1.80683 1.69178 -1.19712 1.5483 2.31304 0.694761 -2.33912 
1.03339 -1.88364 -1.74403 1.28563 -1.12839 -1.16819 2.05315 -1.80453 1.69615 -1.19463 1.54467 2.31449 0.69782 -2.34585 
1.04285 -1.88368 -1.74141 1.30153 -1.12676 -1.16219 2.05929 -1.80334 1.69513 -1.19562 1.5415 2.31663 0.699696 -2.34197 
1.05045 -1.88585 -1.74209 1.3182 -1.13005 -1.15373 2.06893 -1.80214 1.69293 -1.19699 1.53836 2.31813 0.701278 -2.33748 
1.05616 -1.88722 -1.74189 1.32967 -1.13121 -1.14898 2.07496 -1.80145 1.69861 -1.19494 1.53891 2.3166 0.698145 -2.34497 
1.06136 -1.88744 -1.74064 1.33932 -1.13127 -1.14418 2.07888 -1.80054 1.6941 -1.19467 1.53641 2.31028 0.70274 -2.35594 
1.06349 -1.88974 -1.74196 1.34619 -1.13277 -1.14275 2.08487 -1.79827 1.69601 -1.19181 1.53199 2.31167 0.708752 -2.36323 
1.06721 -1.88963 -1.74081 1.35235 -1.13145 -1.1412 2.08686 -1.79647 1.69799 -1.18846 1.5292 2.30801 0.713566 -2.37879 
1.07173 -1.8902 -1.74049 1.36085 -1.13233 -1.13768 2.09005 -1.79656 1.6947 -1.18955 1.52677 2.30808 0.715735 -2.37667 
1.07645 -1.89197 -1.741 1.37137 -1.13295 -1.13513 2.09634 -1.79448 1.69625 -1.18637 1.52258 2.30568 0.721639 -2.3909 
1.08034 -1.89487 -1.74181 1.38121 -1.13299 -1.13469 2.1037 -1.79315 1.70018 -1.18506 1.51877 2.31089 0.722766 -2.38792 
1.08448 -1.897 -1.74211 1.39129 -1.13232 -1.13425 2.11021 -1.79172 1.70732 -1.18172 1.51678 2.31252 0.721913 -2.39461 
1.08681 -1.89971 -1.74313 1.39826 -1.13087 -1.13793 2.11425 -1.78942 1.71794 -1.17676 1.51424 2.31709 0.721122 -2.40147 
1.08774 -1.90259 -1.74414 1.40258 -1.12906 -1.14304 2.11774 -1.78714 1.72296 -1.17051 1.51041 2.3168 0.727911 -2.4187 
1.09763 -1.89602 -1.73783 1.41216 -1.12977 -1.12632 2.11501 -1.78914 1.7309 -1.16793 1.51632 2.31427 0.717931 -2.42497 
1.09855 -1.89543 -1.73724 1.41306 -1.12975 -1.12487 2.11478 -1.78819 1.72691 -1.16459 1.51133 2.31413 0.72961 -2.43413 
1.30051 -1.91023 -1.8339 1.91628 -1.34691 -0.836228 2.36991 -1.78833 1.72745 -1.16527 1.51216 2.31433 0.727527 -2.43224 
1.29978 -1.91022 -1.83203 1.91542 -1.34337 -0.838646 2.36914 -1.83249 1.77484 -1.19561 1.5991 2.29621 0.569972 -2.35334 
1.2998 -1.91021 -1.83192 1.91542 -1.34315 -0.838809 2.36915 -1.83852 1.78263 -1.19977 1.61285 2.29259 0.544205 -2.34436 
1.29981 -1.91019 -1.83188 1.91542 -1.34313 -0.838851 2.36916 -1.83508 1.78084 -1.19421 1.60922 2.28399 0.556128 -2.36966 
1.29982 -1.91017 -1.83185 1.91542 -1.34315 -0.838892 2.36917 -1.83171 1.76508 -1.19904 1.60439 2.2833 0.561552 -2.35965 
1.29982 -1.91016 -1.83184 1.91542 -1.34316 -0.838897 2.36917 -1.8221 1.74866 -1.19791 1.5889 2.28587 0.585963 -2.36256 
1.29982 -1.91016 -1.83184 1.91542 -1.34316 -0.838901 2.36917 -1.81654 1.71757 -1.20819 1.579 2.28166 0.599278 -2.34696 
1.29982 -1.91016 -1.83184 1.91542 -1.34316 -0.838902 2.36917 -1.80559 1.6987 -1.20696 1.56604 2.26642 0.621927 -2.37744 
1.29982 -1.91015 -1.83184 1.91542 -1.34316 -0.838904 2.36917 -1.79536 1.68554 -1.20972 1.55357 2.2713 0.634929 -2.36838 
1.29982 -1.91015 -1.83184 1.91542 -1.34316 -0.838905 2.36917 -1.7844 1.66167 -1.21418 1.5377 2.26955 0.656923 -2.36622 
1.29982 -1.91015 -1.83184 1.91542 -1.34316 -0.838905 2.36917 -1.77303 1.64495 -1.21605 1.52451 2.26391 0.675302 -2.37708 
1.29982 -1.91015 -1.83183 1.91542 -1.34316 -0.838906 2.36917 -1.76105 1.63477 -1.21841 1.50958 2.27144 0.690104 -2.3675 
1.29982 -1.91015 -1.83183 1.91542 -1.34316 -0.838906 2.36917 -1.74844 1.60691 -1.22727 1.49006 2.27373 0.715093 -2.35222 
1.29982 -1.91015 -1.83183 1.91542 -1.34316 -0.838907 2.36917 -1.73923 1.58197 -1.23845 1.47922 2.26864 0.725061 -2.33657 
1.29982 -1.91015 -1.83183 1.91542 -1.34316 -0.838907 2.36917 -1.72665 1.57017 -1.24283 1.46193 2.27758 0.741409 -2.32141 
1.29982 -1.91015 -1.83183 1.91542 -1.34316 -0.838908 2.36917 -1.71865 1.56202 -1.24637 1.45487 2.27149 0.745963 -2.32675 
1.29982 -1.91015 -1.83183 1.91542 -1.34316 -0.838908 2.36917 -1.7125 1.54885 -1.25326 1.44815 2.2669 0.752091 -2.32158 
1.29982 -1.91015 -1.83183 1.91542 -1.34316 -0.838909 2.36917 -1.70912 1.54486 -1.25508 1.4419 2.27081 0.759378 -2.31523 
1.29983 -1.91015 -1.83183 1.91541 -1.34316 -0.83891 2.36917 -1.70879 1.54425 -1.25616 1.44128 2.27085 0.759537 -2.31334 
1.29982 -1.91015 -1.83183 1.91542 -1.34316 -0.838909 2.36917 -1.70929 1.54688 -1.25622 1.44096 2.27565 0.757766 -2.30501 
1.29982 -1.91015 -1.83183 1.91542 -1.34316 -0.838909 2.36917 -1.71007 1.55298 -1.25235 1.44307 2.27146 0.755686 -2.3215 
1.29982 -1.91015 -1.83183 1.91542 -1.34316 -0.83891 2.36917 -1.71015 1.55559 -1.25045 1.44072 2.27745 0.758869 -2.31749 
1.29983 -1.91015 -1.83183 1.91542 -1.34316 -0.83891 2.36917 -1.71069 1.5589 -1.24841 1.44011 2.27992 0.759321 -2.319 
1.29983 -1.91015 -1.83183 1.91542 -1.34316 -0.83891 2.36917 -1.71163 1.56037 -1.24818 1.44226 2.27865 0.756097 -2.3204 
1.12354 -1.89921 -1.74705 1.4765 -1.1426 -1.0864 2.16722 -1.66001 1.5127 -1.23527 1.36071 2.27678 0.907635 -2.44306 
1.10063 -1.89795 -1.74307 1.42554 -1.13014 -1.11197 2.14901 -1.67497 1.50522 -1.24787 1.3943 2.25782 0.865285 -2.41058 
1.09823 -1.89782 -1.7427 1.42029 -1.12879 -1.1146 2.1471 -1.67804 1.49989 -1.25211 1.40123 2.25373 0.857501 -2.39914 
1.09796 -1.89787 -1.74271 1.41979 -1.12863 -1.11492 2.14696 -1.67824 1.49857 -1.25254 1.402 2.25163 0.857666 -2.40131 
1.09793 -1.89779 -1.74263 1.41965 -1.12855 -1.11504 2.14686 -1.67982 1.50267 -1.25085 1.4046 2.25084 0.85348 -2.40503 
1.09785 -1.89787 -1.74267 1.41954 -1.12852 -1.1152 2.14688 -1.68105 1.50657 -1.24964 1.40608 2.25353 0.849669 -2.40185 
1.09779 -1.89796 -1.74271 1.41949 -1.12853 -1.11534 2.14691 -1.68295 1.50317 -1.25141 1.40872 2.25078 0.847973 -2.39914 
1.09777 -1.89792 -1.74267 1.41944 -1.12847 -1.11542 2.14688 -1.68385 1.49902 -1.25295 1.40695 2.25583 0.852955 -2.3864 
1.09783 -1.89796 -1.74274 1.41964 -1.12881 -1.11506 2.14694 -1.68574 1.50089 -1.25011 1.40758 2.25686 0.857513 -2.39363 
1.09786 -1.89829 -1.74302 1.42006 -1.12951 -1.11449 2.14739 -1.68871 1.50886 -1.2441 1.40879 2.26047 0.862231 -2.40665 
1.09795 -1.89853 -1.74324 1.42054 -1.13017 -1.11383 2.14787 -1.69136 1.51145 -1.24216 1.40885 2.26528 0.867721 -2.40696 
1.09793 -1.89893 -1.74355 1.421 -1.1308 -1.11341 2.14868 -1.69478 1.51237 -1.24017 1.40984 2.26729 0.873851 -2.41077 
1.098 -1.89917 -1.74377 1.42141 -1.13131 -1.11285 2.14916 -1.70157 1.51942 -1.23793 1.41758 2.27023 0.868331 -2.40786 
1.09811 -1.89915 -1.74381 1.42162 -1.13157 -1.11243 2.14924 -1.70559 1.52289 -1.23552 1.42088 2.27175 0.870064 -2.41212 
1.09814 -1.89913 -1.7438 1.42164 -1.13157 -1.11237 2.14922 -1.70887 1.52482 -1.23267 1.42321 2.2702 0.87419 -2.42355 
1.09826 -1.89893 -1.74369 1.42167 -1.13149 -1.11216 2.14905 -1.71094 1.52366 -1.23234 1.42276 2.27243 0.879248 -2.42243 
1.09823 -1.89896 -1.74371 1.42166 -1.13148 -1.11221 2.14909 -1.71259 1.52426 -1.23006 1.42013 2.27657 0.889262 -2.42642 
1.09832 -1.89885 -1.74366 1.42173 -1.13155 -1.112 2.14904 -1.7178 1.53052 -1.22727 1.42655 2.27599 0.884491 -2.4318 
1.09841 -1.89876 -1.74364 1.42184 -1.13164 -1.11172 2.149 -1.72271 1.53413 -1.22548 1.43119 2.27664 0.883318 -2.43385 
1.09849 -1.89866 -1.7436 1.4219 -1.13158 -1.11152 2.14894 -1.72627 1.53361 -1.22581 1.43312 2.27819 0.884907 -2.42983 
1.09856 -1.89867 -1.74369 1.42207 -1.13182 -1.11109 2.14892 -1.7276 1.53286 -1.22643 1.43203 2.27955 0.887636 -2.4277 
1.09859 -1.89847 -1.74351 1.42192 -1.13157 -1.11128 2.14873 -1.72869 1.5336 -1.22557 1.4328 2.27532 0.888834 -2.43846 
1.09864 -1.89808 -1.74323 1.42157 -1.13084 -1.1116 2.14817 -1.72968 1.53707 -1.22554 1.43418 2.27657 0.883479 -2.4346 
1.09865 -1.89772 -1.74295 1.42115 -1.13018 -1.11204 2.14747 -1.72946 1.54067 -1.2235 1.43524 2.27305 0.880801 -2.44568 
1.09872 -1.89715 -1.74254 1.42067 -1.12951 -1.11241 2.14659 -1.72808 1.53555 -1.22591 1.43096 2.27544 0.884827 -2.43662 
1.09872 -1.89694 -1.7424 1.42043 -1.12915 -1.11262 2.14617 -1.7266 1.53311 -1.22612 1.42768 2.27453 0.889397 -2.44033 
1.09872 -1.89703 -1.74248 1.42056 -1.1292 -1.11249 2.14642 -1.72832 1.53464 -1.22612 1.43146 2.27051 0.884004 -2.44417 
1.09886 -1.89705 -1.74256 1.42098 -1.12955 -1.1118 2.14696 -1.72824 1.53606 -1.22541 1.43059 2.27103 0.884915 -2.44614 
1.09895 -1.89711 -1.74264 1.42136 -1.12998 -1.11123 2.14745 -1.72725 1.5341 -1.22521 1.4282 2.26852 0.88975 -2.45441 
1.09907 -1.89707 -1.74268 1.42164 -1.13019 -1.11074 2.14766 -1.72558 1.5265 -1.22906 1.42223 2.27305 0.898127 -2.44033 
1.09609 -1.89895 -1.74396 1.41452 -1.13404 -1.1186 2.13036 -1.73272 1.53258 -1.23129 1.43277 2.27343 0.882623 -2.42634 
1.09581 -1.89915 -1.74412 1.41385 -1.13438 -1.1193 2.12875 -1.73387 1.5322 -1.23273 1.43434 2.27502 0.879989 -2.41829 
1.09267 -1.90177 -1.74686 1.41119 -1.13363 -1.11934 2.14441 -1.73597 1.53823 -1.22988 1.4403 2.26998 0.871999 -2.43042 
1.08792 -1.90482 -1.75019 1.40622 -1.13224 -1.12105 2.16166 -1.73531 1.54203 -1.22809 1.43878 2.27332 0.872773 -2.43099 
1.08205 -1.90776 -1.75392 1.39925 -1.13068 -1.12351 2.17926 -1.73518 1.54469 -1.22731 1.4383 2.2761 0.872251 -2.4288 
1.07554 -1.91081 -1.75789 1.39149 -1.12913 -1.12663 2.1972 -1.73458 1.5406 -1.22753 1.4379 2.2704 0.875532 -2.43854 
1.05954 -1.91913 -1.76723 1.37366 -1.12439 -1.1474 2.21868 -1.73601 1.5423 -1.22761 1.4407 2.26935 0.871035 -2.43765 
1.04999 -1.92351 -1.77295 1.36252 -1.12177 -1.15685 2.23718 -1.73593 1.54345 -1.22709 1.44052 2.27016 0.87104 -2.43773 
1.04425 -1.92512 -1.77539 1.35346 -1.11754 -1.16209 2.25187 -1.73601 1.54475 -1.22645 1.44129 2.26908 0.870404 -2.44143 
1.04042 -1.92691 -1.77806 1.34847 -1.11672 -1.1608 2.26968 -1.73592 1.54613 -1.22629 1.44079 2.27155 0.870041 -2.43821 
1.03727 -1.92828 -1.77972 1.34307 -1.11497 -1.15989 2.28507 -1.73552 1.54215 -1.22752 1.43999 2.26946 0.872401 -2.43861 
1.03166 -1.93087 -1.78271 1.33477 -1.11204 -1.1643 2.30091 -1.73431 1.541 -1.22777 1.43705 2.27199 0.876446 -2.43653 
1.028 -1.93193 -1.78405 1.3277 -1.10856 -1.16509 2.3168 -1.7338 1.54215 -1.22715 1.43588 2.27391 0.877309 -2.43567 
1.02494 -1.93354 -1.78555 1.32293 -1.10623 -1.16559 2.33125 -1.73353 1.53885 -1.22894 1.43449 2.27503 0.879138 -2.42931 
1.02634 -1.93357 -1.78378 1.3246 -1.10477 -1.16506 2.33133 -1.73395 1.53912 -1.22871 1.43618 2.2724 0.877403 -2.43305 
1.03117 -1.93325 -1.78044 1.33137 -1.10355 -1.16035 2.33176 -1.7345 1.53972 -1.22882 1.43744 2.27137 0.875614 -2.43379 
1.03708 -1.93438 -1.77762 1.34132 -1.10378 -1.1547 2.33354 -1.73359 1.53828 -1.22915 1.43533 2.2733 0.878527 -2.43091 
1.04158 -1.93554 -1.77566 1.34991 -1.10344 -1.15186 2.33532 -1.73289 1.54045 -1.22786 1.43409 2.27516 0.879931 -2.43283 
1.04706 -1.93689 -1.77395 1.36065 -1.10528 -1.14531 2.33788 -1.73406 1.54069 -1.22814 1.43657 2.27341 0.876276 -2.43214 
1.05131 -1.94214 -1.77235 1.37431 -1.10392 -1.14023 2.3545 -1.73348 1.54039 -1.22752 1.43551 2.27232 0.878384 -2.43676 
1.05047 -1.95103 -1.77312 1.3862 -1.0999 -1.14 2.38491 -1.73377 1.54257 -1.22708 1.43573 2.27463 0.877247 -2.43416 
1.04668 -1.963 -1.77814 1.40023 -1.10216 -1.13422 2.42658 -1.73376 1.54164 -1.22786 1.43519 2.27615 0.877572 -2.42969 
1.04324 -1.96699 -1.7727 1.41146 -1.11407 -1.13619 2.46907 -1.73341 1.54087 -1.22823 1.43398 2.27816 0.878886 -2.4259 
1.04256 -1.96699 -1.76277 1.42367 -1.12927 -1.13675 2.50532 -1.73511 1.54137 -1.22829 1.43832 2.27313 0.873623 -2.43087 
1.04139 -1.96699 -1.75301 1.43541 -1.14547 -1.14016 2.53743 -1.73596 1.54211 -1.22814 1.44018 2.27178 0.871059 -2.43186 
1.03951 -1.96699 -1.74332 1.44598 -1.1616 -1.14448 2.56781 -1.73645 1.54432 -1.22697 1.44192 2.2698 0.868952 -2.43751 
1.03493 -1.96699 -1.73374 1.45176 -1.17513 -1.15547 2.59547 -1.73611 1.54362 -1.22734 1.44098 2.27073 0.87013 -2.43565 
1.03153 -1.96699 -1.72689 1.45665 -1.19057 -1.16311 2.61054 -1.7348 1.54126 -1.22709 1.43858 2.26906 0.875016 -2.44135 
1.02699 -1.96699 -1.72057 1.45823 -1.20497 -1.1774 2.61414 -1.73498 1.543 -1.2265 1.43913 2.26967 0.87411 -2.44205 
1.02623 -1.96699 -1.71485 1.46424 -1.22204 -1.18435 2.61153 -1.73488 1.5457 -1.22505 1.43926 2.27011 0.873529 -2.44571 
1.02518 -1.96699 -1.7091 1.4695 -1.24025 -1.19514 2.60415 -1.73561 1.54563 -1.22529 1.44111 2.26775 0.871283 -2.44758 
1.02172 -1.96699 -1.70321 1.47129 -1.25819 -1.21415 2.59156 -1.73475 1.54268 -1.22768 1.43754 2.27387 0.874257 -2.43237 
1.02389 -1.96699 -1.70304 1.47243 -1.27133 -1.22096 2.55259 -1.73254 1.54045 -1.22753 1.4326 2.2742 0.881119 -2.43641 
1.02979 -1.96516 -1.70209 1.47362 -1.28201 -1.22302 2.49942 -1.73305 1.54376 -1.22676 1.43359 2.2743 0.877564 -2.43725 
1.03828 -1.96416 -1.70164 1.47893 -1.29641 -1.22169 2.44278 -1.73096 1.53868 -1.22905 1.42827 2.27776 0.883491 -2.42818 
1.04905 -1.96201 -1.7005 1.48556 -1.30895 -1.21699 2.3904 -1.73132 1.54297 -1.22719 1.42956 2.27651 0.880561 -2.43502 
1.06063 -1.95854 -1.69821 1.49179 -1.31996 -1.21058 2.33936 -1.72959 1.54432 -1.22573 1.42508 2.28073 0.885832 -2.43551 
1.0689 -1.95731 -1.69902 1.49653 -1.33206 -1.2069 2.29484 -1.7306 1.54323 -1.22706 1.42597 2.28293 0.883789 -2.42636 
1.0776 -1.9553 -1.69899 1.50079 -1.34281 -1.2027 2.24977 -1.73073 1.54222 -1.22816 1.42509 2.28623 0.883445 -2.41748 
1.08363 -1.95516 -1.70063 1.50338 -1.35308 -1.20158 2.20984 -1.73168 1.54566 -1.22635 1.42782 2.28394 0.879051 -2.42388 
1.09012 -1.95341 -1.70023 1.50472 -1.35944 -1.19958 2.17349 -1.73219 1.54588 -1.22694 1.42842 2.28542 0.876295 -2.41775 
1.09407 -1.95387 -1.70185 1.50669 -1.36821 -1.19726 2.14713 -1.73035 1.54267 -1.22713 1.42489 2.28486 0.88143 -2.42048 
1.09869 -1.95345 -1.70424 1.50913 -1.38043 -1.19166 2.11718 -1.72981 1.54106 -1.22808 1.42334 2.2866 0.881778 -2.41453 
1.1052 -1.94936 -1.70189 1.50667 -1.38372 -1.18913 2.07409 -1.72874 1.54119 -1.22756 1.42173 2.28681 0.882616 -2.41586 
1.11205 -1.94446 -1.69891 1.50294 -1.38662 -1.18669 2.0247 -1.72868 1.53924 -1.22943 1.42094 2.28976 0.881035 -2.4042 
1.12314 -1.94119 -1.68856 1.49644 -1.38823 -1.18375 1.94758 -1.72791 1.53507 -1.23063 1.42064 2.28666 0.880855 -2.40416 
1.12319 -1.94013 -1.68704 1.49398 -1.38556 -1.18506 1.94121 -1.70919 1.53675 -1.2195 1.38272 2.30123 0.930244 -2.44363 
1.12832 -1.93636 -1.68519 1.49036 -1.39015 -1.18269 1.89551 -1.70038 1.53341 -1.21757 1.36425 2.30903 0.952718 -2.45083 
1.1336 -1.93238 -1.6825 1.48488 -1.39081 -1.18478 1.84273 -1.69719 1.53119 -1.21861 1.35776 2.31337 0.957426 -2.44347 
1.1412 -1.92374 -1.67582 1.47798 -1.38702 -1.18424 1.78128 -1.69737 1.53555 -1.21678 1.36028 2.31344 0.951199 -2.44522 
1.14406 -1.92058 -1.67372 1.47014 -1.38584 -1.19036 1.72828 -1.69438 1.53301 -1.21839 1.35454 2.31918 0.954655 -2.43274 
1.14898 -1.91421 -1.66863 1.46143 -1.38176 -1.19384 1.67088 -1.69469 1.53765 -1.21723 1.35709 2.31956 0.947746 -2.43221 
1.15304 -1.90755 -1.66361 1.45184 -1.37721 -1.19828 1.61311 -1.69202 1.53137 -1.21962 1.35263 2.31943 0.953168 -2.42807 
1.15667 -1.90128 -1.65918 1.44241 -1.37419 -1.20237 1.55406 -1.69143 1.52885 -1.2206 1.35469 2.31442 0.95018 -2.43162 
1.15771 -1.89555 -1.65456 1.42991 -1.36602 -1.21234 1.50074 -1.69139 1.53311 -1.21808 1.35666 2.31347 0.94628 -2.43839 
1.15712 -1.89196 -1.65076 1.41793 -1.35661 -1.22506 1.45813 -1.69245 1.53517 -1.21775 1.36003 2.31295 0.939249 -2.4355 
1.15827 -1.88797 -1.64702 1.4114 -1.3492 -1.23169 1.4311 -1.69326 1.5378 -1.21616 1.36154 2.3137 0.935713 -2.43568 
1.15718 -1.88558 -1.64462 1.40406 -1.34032 -1.24262 1.40957 -1.69502 1.54291 -1.21308 1.36499 2.31364 0.929462 -2.43979 
1.15475 -1.88699 -1.64535 1.39963 -1.3347 -1.25442 1.40004 -1.69289 1.5385 -1.21311 1.35886 2.31747 0.938211 -2.43629 
1.15628 -1.88812 -1.646 1.4032 -1.33597 -1.25445 1.40065 -1.693 1.5399 -1.21001 1.35879 2.31631 0.939589 -2.4455 
1.15581 -1.88934 -1.64677 1.40321 -1.3345 -1.25859 1.39954 -1.69363 1.54336 -1.2067 1.35881 2.31929 0.939903 -2.44813 
1.15357 -1.88976 -1.64716 1.3992 -1.33055 -1.26501 1.39714 -1.70059 1.55811 -1.19747 1.36684 2.32397 0.933575 -2.45937 
1.15196 -1.89079 -1.64764 1.3969 -1.32887 -1.26884 1.39724 -1.70706 1.57081 -1.18886 1.37145 2.33141 0.933802 -2.46762 
1.14912 -1.89325 -1.64962 1.39477 -1.32877 -1.27372 1.39851 -1.713 1.56836 -1.18742 1.37145 2.33843 0.941505 -2.45729 
1.14879 -1.89328 -1.6494 1.39411 -1.32788 -1.27476 1.39827 -1.72381 1.58149 -1.17975 1.38467 2.33989 0.930523 -2.46479 
1.14708 -1.89127 -1.65314 1.39499 -1.32889 -1.26936 1.42588 -1.72933 1.58748 -1.17241 1.38751 2.34177 0.935041 -2.47876 
1.1378 -1.89201 -1.66032 1.38841 -1.32239 -1.27592 1.47304 -1.73515 1.59488 -1.16655 1.39087 2.34655 0.937216 -2.4846 
1.12795 -1.89467 -1.66982 1.38682 -1.32015 -1.27668 1.53999 -1.74133 1.60212 -1.16134 1.39502 2.35132 0.936656 -2.48689 
1.02208 -1.85046 -1.68605 1.28233 -1.20848 -1.24783 2.05074 -1.8064 1.67107 -1.20218 1.54757 2.34434 0.715447 -2.32781 
1.0319 -1.83586 -1.67312 1.29069 -1.2036 -1.21163 2.07423 -1.8107 1.66631 -1.20813 1.55821 2.33818 0.700976 -2.31724 
1.03219 -1.82996 -1.66991 1.28948 -1.20142 -1.1997 2.08551 -1.81182 1.67851 -1.20502 1.568 2.32527 0.685812 -2.341 
1.0302 -1.82907 -1.6704 1.28588 -1.20083 -1.20131 2.084 -1.81306 1.67902 -1.20532 1.57081 2.32002 0.683654 -2.34808 
1.02877 -1.82924 -1.67101 1.28257 -1.20014 -1.20445 2.08178 -1.81575 1.67568 -1.20917 1.57449 2.3165 0.67686 -2.34218 
1.02771 -1.83134 -1.67257 1.2824 -1.20027 -1.20693 2.08652 -1.81729 1.67066 -1.21312 1.57463 2.31756 0.674073 -2.33003 
1.03015 -1.83414 -1.67513 1.29067 -1.20313 -1.20485 2.0965 -1.81547 1.67175 -1.21199 1.57126 2.31693 0.677296 -2.3358 
1.03698 -1.83475 -1.6752 1.30379 -1.20446 -1.20024 2.10306 -1.81196 1.67565 -1.2075 1.56489 2.31729 0.686692 -2.35025 
1.04647 -1.83517 -1.67381 1.32161 -1.20443 -1.19424 2.1118 -1.81129 1.67167 -1.21062 1.56156 2.32024 0.687779 -2.33985 
1.05332 -1.83683 -1.67477 1.33714 -1.20767 -1.18784 2.12153 -1.80917 1.6828 -1.20652 1.56067 2.32224 0.685601 -2.34908 
1.05974 -1.83664 -1.67374 1.34907 -1.20797 -1.18293 2.12672 -1.80791 1.69002 -1.20475 1.55954 2.32715 0.682959 -2.34724 
1.06439 -1.83627 -1.67296 1.35721 -1.20815 -1.1794 2.12949 -1.80726 1.69297 -1.20292 1.55888 2.3262 0.682261 -2.35267 
1.06858 -1.83647 -1.67241 1.36507 -1.20856 -1.17595 2.13387 -1.80501 1.691 -1.20052 1.55411 2.32282 0.690543 -2.36521 
1.071 -1.8377 -1.67319 1.37178 -1.21012 -1.17378 2.13879 -1.80462 1.69606 -1.19827 1.55409 2.32232 0.689052 -2.37147 
1.07487 -1.83839 -1.6732 1.37998 -1.21064 -1.17157 2.1433 -1.80521 1.69192 -1.20057 1.55252 2.32283 0.689061 -2.36467 
1.07977 -1.83892 -1.67246 1.38854 -1.2087 -1.17179 2.14707 -1.80379 1.69036 -1.19992 1.54759 2.32383 0.695103 -2.36681 
1.0853 -1.83982 -1.67221 1.39963 -1.20853 -1.16907 2.15359 -1.79943 1.70187 -1.19145 1.54154 2.32363 0.702739 -2.39185 
1.08941 -1.84117 -1.67267 1.40938 -1.20832 -1.16791 2.16087 -1.79798 1.70342 -1.18991 1.53835 2.32343 0.70519 -2.39754 
1.09214 -1.84363 -1.67396 1.4172 -1.20855 -1.16937 2.16581 -1.79888 1.70432 -1.19155 1.53846 2.32691 0.700891 -2.3877 
1.09381 -1.84559 -1.67409 1.42215 -1.20501 -1.17461 2.16904 -1.79674 1.71354 -1.18329 1.53676 2.32163 0.704848 -2.41617 
1.10158 -1.84025 -1.6697 1.43057 -1.20691 -1.16105 2.16729 -1.79612 1.71327 -1.17967 1.53519 2.31794 0.709927 -2.43001 
1.10231 -1.83972 -1.66923 1.43135 -1.20704 -1.15996 2.16716 -1.79674 1.71539 -1.17706 1.53545 2.31913 0.710985 -2.4328 
1.31919 -1.8287 -1.76533 1.91762 -1.41915 -0.920786 2.39476 -1.79663 1.71472 -1.17815 1.53531 2.31879 0.710507 -2.43146 
1.31884 -1.83054 -1.76183 1.91572 -1.41082 -0.927538 2.39048 -1.88583 1.71099 -1.32966 1.75525 2.11414 0.228007 -2.37219 
1.31888 -1.8307 -1.7616 1.91563 -1.41016 -0.928066 2.39017 -1.8892 1.70636 -1.33316 1.76027 2.09747 0.224422 -2.39015 
1.31888 -1.83073 -1.76157 1.91562 -1.41003 -0.928142 2.39012 -1.89453 1.66911 -1.3543 1.76517 2.09085 0.205869 -2.3683 
1.31888 -1.83073 -1.76156 1.91562 -1.41 -0.928165 2.39011 -1.89703 1.62046 -1.38241 1.76843 2.08851 0.181076 -2.3351 
1.31888 -1.83071 -1.76154 1.91562 -1.41002 -0.928191 2.39011 -1.89143 1.59914 -1.38922 1.76248 2.09054 0.183577 -2.32429 
1.31888 -1.8307 -1.76154 1.91562 -1.41002 -0.928203 2.39011 -1.88301 1.57934 -1.38965 1.75168 2.08545 0.204384 -2.33109 
1.31889 -1.8307 -1.76153 1.91562 -1.41003 -0.928213 2.39011 -1.87779 1.53868 -1.40896 1.74714 2.07964 0.197923 -2.31387 
1.31889 -1.83069 -1.76152 1.91562 -1.41004 -0.928226 2.39011 -1.86901 1.51424 -1.41244 1.73584 2.07598 0.21763 -2.31609 
1.31889 -1.83068 -1.76151 1.91562 -1.41004 -0.928231 2.39011 -1.85999 1.48726 -1.42012 1.72557 2.07342 0.231061 -2.31081 
1.31889 -1.83068 -1.76151 1.91562 -1.41004 -0.928234 2.39011 -1.85147 1.45674 -1.43297 1.71713 2.08246 0.235213 -2.28165 
1.31889 -1.83068 -1.76151 1.91562 -1.41004 -0.928236 2.39011 -1.83971 1.42353 -1.4406 1.70183 2.08302 0.261862 -2.2742 
1.31889 -1.83068 -1.76151 1.91562 -1.41005 -0.928237 2.39012 -1.82786 1.40577 -1.44559 1.68889 2.08512 0.27759 -2.26818 
1.31889 -1.83068 -1.76151 1.91562 -1.41005 -0.928238 2.39011 -1.81646 1.37709 -1.45829 1.6764 2.09094 0.289518 -2.24434 
1.31889 -1.83068 -1.76151 1.91562 -1.41005 -0.928239 2.39011 -1.80534 1.36409 -1.46339 1.66486 2.09435 0.30062 -2.23599 
1.31889 -1.83068 -1.76151 1.91562 -1.41005 -0.928239 2.39011 -1.79706 1.34565 -1.47496 1.65777 2.096 0.299984 -2.21715 
1.31889 -1.83068 -1.76151 1.91562 -1.41005 -0.92824 2.39011 -1.79073 1.33169 -1.483 1.65202 2.09286 0.302681 -2.21126 
1.31889 -1.83067 -1.76151 1.91562 -1.41005 -0.928241 2.39011 -1.78599 1.33154 -1.47832 1.64288 2.10085 0.32363 -2.21337 
1.31889 -1.83067 -1.76151 1.91562 -1.41005 -0.928241 2.39011 -1.78639 1.3327 -1.4808 1.64507 2.09683 0.314814 -2.21377 
1.31889 -1.83067 -1.76151 1.91562 -1.41005 -0.928241 2.39011 -1.78725 1.33104 -1.48318 1.64642 2.09625 0.309282 -2.20936 
1.31889 -1.83067 -1.76151 1.91562 -1.41005 -0.928241 2.39011 -1.78901 1.33312 -1.48448 1.64939 2.09353 0.301452 -2.20977 
1.31889 -1.83067 -1.76151 1.91562 -1.41005 -0.928241 2.39012 -1.7904 1.33523 -1.48314 1.65007 2.09602 0.30167 -2.20801 
1.31889 -1.83067 -1.76151 1.91562 -1.41005 -0.928241 2.39011 -1.78949 1.34837 -1.47086 1.64499 2.09958 0.319349 -2.22628 
1.31889 -1.83067 -1.76151 1.91562 -1.41005 -0.928242 2.39011 -1.78875 1.3486 -1.46841 1.64215 2.10592 0.327096 -2.22269 
1.13424 -1.84025 -1.67552 1.51935 -1.21551 -1.10783 2.29657 -1.65158 1.45662 -1.27896 1.35569 2.32131 0.908427 -2.54106 
1.11224 -1.84114 -1.67054 1.4741 -1.20165 -1.12675 2.28796 -1.65662 1.46466 -1.27747 1.3655 2.32965 0.901674 -2.52735 
1.10997 -1.84118 -1.66998 1.46946 -1.20023 -1.12876 2.28706 -1.66105 1.45991 -1.28166 1.37452 2.32716 0.889498 -2.51006 
1.10969 -1.84127 -1.66997 1.46898 -1.20004 -1.12904 2.28701 -1.66472 1.46357 -1.28139 1.38157 2.32631 0.877695 -2.50493 
1.10965 -1.84118 -1.66987 1.46881 -1.19998 -1.12917 2.28694 -1.66647 1.46707 -1.28006 1.3846 2.32574 0.872568 -2.50666 
1.1096 -1.84127 -1.66991 1.46876 -1.19993 -1.12928 2.28696 -1.66683 1.46769 -1.28007 1.38415 2.32757 0.872517 -2.50356 
1.10954 -1.84134 -1.66993 1.46871 -1.19994 -1.12945 2.28698 -1.6686 1.46872 -1.2803 1.38589 2.33065 0.869535 -2.49554 
1.10954 -1.84132 -1.6699 1.46866 -1.19983 -1.12951 2.28693 -1.6695 1.46548 -1.28014 1.38521 2.3301 0.874524 -2.49709 
1.10959 -1.84136 -1.66998 1.46885 -1.2002 -1.1292 2.28701 -1.67406 1.468 -1.27852 1.39146 2.32885 0.87047 -2.4995 
1.1096 -1.84165 -1.67023 1.46922 -1.20097 -1.12878 2.28748 -1.67681 1.46952 -1.2766 1.39128 2.33322 0.876656 -2.49951 
1.10967 -1.84187 -1.67044 1.46967 -1.2017 -1.12825 2.28802 -1.67746 1.47336 -1.27238 1.38581 2.34117 0.890625 -2.50472 
1.10962 -1.8423 -1.67076 1.47008 -1.20232 -1.12793 2.28883 -1.68201 1.48079 -1.2683 1.3902 2.34307 0.888892 -2.51143 
1.10967 -1.84249 -1.67093 1.47043 -1.20291 -1.12752 2.28934 -1.68606 1.48758 -1.26412 1.39281 2.34622 0.891204 -2.51798 
1.10977 -1.84244 -1.67095 1.47066 -1.20326 -1.12715 2.28947 -1.68965 1.48181 -1.26612 1.39491 2.34507 0.895437 -2.51394 
1.10978 -1.84246 -1.67099 1.47067 -1.20321 -1.12707 2.28943 -1.69364 1.48526 -1.26357 1.39694 2.34763 0.89849 -2.51703 
1.10991 -1.84229 -1.67093 1.47074 -1.20313 -1.12679 2.28928 -1.69606 1.4905 -1.25977 1.3962 2.35169 0.904429 -2.52338 
1.10989 -1.84234 -1.67098 1.47072 -1.20308 -1.1268 2.2893 -1.69924 1.49573 -1.2555 1.39817 2.35239 0.907668 -2.53475 
1.10998 -1.84223 -1.67094 1.4708 -1.20318 -1.12659 2.28927 -1.7016 1.49892 -1.25256 1.39907 2.3526 0.910823 -2.5433 
1.11005 -1.84215 -1.67095 1.47093 -1.20329 -1.1263 2.28925 -1.70442 1.49432 -1.25381 1.39943 2.35238 0.915842 -2.54035 
1.11012 -1.84208 -1.67095 1.471 -1.20323 -1.12605 2.2892 -1.70778 1.4901 -1.2552 1.40093 2.34969 0.919349 -2.54101 
1.11019 -1.84209 -1.67104 1.47118 -1.20351 -1.12566 2.28921 -1.71049 1.4909 -1.25564 1.40228 2.3508 0.918778 -2.53777 
1.11023 -1.84189 -1.67087 1.47106 -1.20326 -1.1258 2.28902 -1.7117 1.49463 -1.25451 1.40252 2.35125 0.917471 -2.54069 
1.11031 -1.84148 -1.67058 1.47076 -1.20258 -1.12599 2.28847 -1.71202 1.50284 -1.25139 1.40343 2.35267 0.912346 -2.54617 
1.11033 -1.84114 -1.67034 1.47036 -1.20185 -1.12628 2.28775 -1.71086 1.50039 -1.25202 1.40153 2.35057 0.914336 -2.54887 
1.11042 -1.84062 -1.67 1.46997 -1.20117 -1.12644 2.28687 -1.70924 1.49097 -1.25549 1.39825 2.34652 0.919608 -2.54717 
1.11044 -1.84035 -1.6698 1.46975 -1.20086 -1.12662 2.28646 -1.71045 1.49615 -1.25435 1.40038 2.34771 0.914205 -2.547 
1.11043 -1.84043 -1.66984 1.46986 -1.20094 -1.12653 2.28674 -1.71037 1.49419 -1.25636 1.39868 2.35029 0.915195 -2.53823 
1.11054 -1.84043 -1.66994 1.47025 -1.20136 -1.1259 2.28731 -1.71165 1.49955 -1.25341 1.40173 2.34696 0.911397 -2.55025 
1.11062 -1.84049 -1.67005 1.47063 -1.20183 -1.12539 2.28784 -1.71035 1.49881 -1.25393 1.39756 2.35108 0.916262 -2.54525 
1.11072 -1.84044 -1.67009 1.47089 -1.20211 -1.12493 2.28808 -1.70731 1.49716 -1.25336 1.39081 2.35255 0.92632 -2.55078 
1.10296 -1.84042 -1.66937 1.43733 -1.2086 -1.15472 2.19729 -1.74298 1.49197 -1.27581 1.44532 2.3405 0.854792 -2.47076 
1.10215 -1.84047 -1.6694 1.43404 -1.20931 -1.15746 2.18834 -1.74942 1.49104 -1.2798 1.4567 2.33732 0.838867 -2.45612 
1.09916 -1.84303 -1.67169 1.43104 -1.20886 -1.15788 2.20335 -1.74984 1.48983 -1.27945 1.45788 2.33461 0.837615 -2.45928 
1.09464 -1.84617 -1.67457 1.42597 -1.20763 -1.15969 2.22044 -1.75059 1.49602 -1.27678 1.45995 2.33489 0.833731 -2.46452 
1.08904 -1.84931 -1.67781 1.41894 -1.20619 -1.16213 2.23791 -1.74993 1.49901 -1.27465 1.45896 2.3348 0.835335 -2.47195 
1.08282 -1.85261 -1.68125 1.41115 -1.20478 -1.1652 2.25572 -1.7503 1.49858 -1.27451 1.46016 2.33228 0.834376 -2.47565 
1.07647 -1.85595 -1.68481 1.40318 -1.20321 -1.16837 2.27383 -1.7502 1.49433 -1.27747 1.45893 2.33554 0.835356 -2.46318 
1.06319 -1.86308 -1.69161 1.38683 -1.19747 -1.18595 2.29308 -1.75031 1.49625 -1.27633 1.4595 2.33482 0.83466 -2.46737 
1.05553 -1.86745 -1.69619 1.37716 -1.19552 -1.1922 2.31235 -1.75054 1.49376 -1.27826 1.45937 2.33629 0.834252 -2.45972 
1.05281 -1.86865 -1.69729 1.37228 -1.19413 -1.19066 2.32778 -1.74975 1.49367 -1.27721 1.45853 2.33369 0.836621 -2.46772 
1.04885 -1.87071 -1.69916 1.36583 -1.19261 -1.19107 2.34391 -1.75014 1.49696 -1.27663 1.45901 2.33618 0.834729 -2.46577 
1.04396 -1.87321 -1.70158 1.35848 -1.19043 -1.19358 2.36064 -1.749 1.50073 -1.27414 1.4569 2.33726 0.837788 -2.47301 
1.03738 -1.87684 -1.70502 1.34953 -1.18795 -1.19861 2.37888 -1.74906 1.49778 -1.27556 1.45721 2.33606 0.837883 -2.47095 
1.03408 -1.87843 -1.7061 1.34395 -1.18506 -1.20106 2.39171 -1.74905 1.49619 -1.2761 1.45719 2.33479 0.838336 -2.47178 
1.03539 -1.87864 -1.70466 1.34587 -1.18411 -1.19958 2.39305 -1.74806 1.49363 -1.27737 1.45421 2.33903 0.842045 -2.46318 
1.04125 -1.87749 -1.70115 1.3541 -1.1844 -1.19198 2.3939 -1.75045 1.49375 -1.27757 1.4599 2.3329 0.834442 -2.46745 
1.04651 -1.87737 -1.69768 1.36245 -1.18246 -1.189 2.39433 -1.75114 1.50178 -1.27348 1.46306 2.32964 0.829511 -2.48171 
1.05106 -1.87824 -1.69623 1.37148 -1.18349 -1.18452 2.39716 -1.75036 1.49922 -1.27482 1.46097 2.33202 0.832729 -2.47625 
1.05635 -1.87859 -1.69356 1.38034 -1.1825 -1.18174 2.39789 -1.74839 1.49554 -1.27644 1.45577 2.33699 0.840047 -2.46813 
1.06059 -1.88299 -1.69137 1.39416 -1.18088 -1.17785 2.41457 -1.74953 1.50078 -1.27483 1.45821 2.33791 0.835722 -2.46954 
1.05999 -1.89209 -1.69237 1.40773 -1.17929 -1.17626 2.44754 -1.74953 1.49858 -1.27549 1.4582 2.3367 0.835848 -2.46872 
1.05735 -1.90082 -1.69477 1.4189 -1.17949 -1.17174 2.48563 -1.7488 1.49459 -1.27718 1.45625 2.33705 0.838869 -2.46476 
1.0524 -1.91086 -1.69794 1.42874 -1.18031 -1.16893 2.52307 -1.74982 1.49434 -1.27722 1.45879 2.33442 0.83561 -2.46624 
1.04747 -1.92092 -1.70117 1.4385 -1.18318 -1.16582 2.55568 -1.74865 1.49479 -1.27676 1.45552 2.33781 0.839997 -2.46456 
1.04261 -1.93064 -1.70412 1.44756 -1.18622 -1.16443 2.58197 -1.74983 1.49841 -1.2756 1.45834 2.33682 0.835854 -2.46764 
1.03802 -1.93944 -1.70547 1.45644 -1.18808 -1.16248 2.60729 -1.74835 1.49474 -1.27671 1.4543 2.3399 0.841663 -2.46232 
1.03424 -1.94722 -1.70657 1.46429 -1.19073 -1.15956 2.62871 -1.75002 1.49828 -1.27613 1.45839 2.33913 0.834985 -2.46201 
1.02791 -1.95568 -1.71015 1.46766 -1.19516 -1.16264 2.64091 -1.74933 1.49333 -1.27755 1.45711 2.33643 0.837855 -2.463 
1.02008 -1.96512 -1.71514 1.46821 -1.2003 -1.17186 2.64288 -1.74801 1.49561 -1.27601 1.45397 2.33931 0.842188 -2.46562 
1.01859 -1.96699 -1.71092 1.47431 -1.21734 -1.17859 2.64155 -1.74952 1.49916 -1.27467 1.45802 2.33607 0.836579 -2.47175 
1.01583 -1.96699 -1.70524 1.47622 -1.23209 -1.19437 2.6323 -1.75056 1.50318 -1.27366 1.4603 2.3364 0.832197 -2.47281 
1.01405 -1.96699 -1.69993 1.4789 -1.24692 -1.20848 2.61973 -1.74925 1.50304 -1.27314 1.45743 2.33718 0.836462 -2.47591 
1.01723 -1.96691 -1.69958 1.47972 -1.25676 -1.21423 2.57816 -1.7484 1.49727 -1.2761 1.45484 2.33813 0.839449 -2.4674 
1.02466 -1.96438 -1.69808 1.48321 -1.26898 -1.21315 2.52537 -1.7488 1.49158 -1.27916 1.45529 2.33525 0.838225 -2.46244 
1.03416 -1.9634 -1.69814 1.4907 -1.2854 -1.20912 2.47184 -1.74667 1.49091 -1.27956 1.45036 2.33911 0.843133 -2.45855 
1.04254 -1.96324 -1.69909 1.49651 -1.29916 -1.20807 2.42056 -1.74575 1.49344 -1.27777 1.44853 2.3394 0.844993 -2.46448 
1.05238 -1.96044 -1.69756 1.50084 -1.30865 -1.206 2.36902 -1.74634 1.49315 -1.27866 1.44872 2.34092 0.843535 -2.4591 
1.06081 -1.95895 -1.69797 1.50602 -1.32062 -1.20237 2.32421 -1.74751 1.4918 -1.27975 1.45032 2.3415 0.841033 -2.45353 
1.07136 -1.95581 -1.69673 1.51191 -1.33209 -1.19558 2.2786 -1.746 1.49515 -1.27714 1.44733 2.34372 0.844777 -2.45928 
1.07891 -1.95564 -1.6986 1.51723 -1.34538 -1.19081 2.24158 -1.74653 1.49498 -1.27762 1.44789 2.34495 0.842887 -2.45472 
1.08543 -1.95375 -1.69797 1.5191 -1.35202 -1.18833 2.20666 -1.74685 1.49769 -1.27659 1.4486 2.34584 0.840187 -2.45488 
1.09074 -1.95232 -1.69786 1.52066 -1.35898 -1.18544 2.1763 -1.74596 1.49545 -1.27706 1.44712 2.34501 0.841859 -2.45535 
1.09601 -1.95114 -1.69965 1.52298 -1.37005 -1.18005 2.14545 -1.74338 1.49075 -1.27825 1.44149 2.34738 0.848788 -2.45095 
1.10174 -1.94943 -1.70012 1.52353 -1.37945 -1.17589 2.10801 -1.74269 1.49101 -1.27869 1.43987 2.35084 0.848463 -2.444 
1.10757 -1.94583 -1.69845 1.52074 -1.38405 -1.17407 2.06294 -1.7432 1.49448 -1.27786 1.44109 2.35287 0.844059 -2.4414 
1.1198 -1.94451 -1.69013 1.51723 -1.39316 -1.16797 1.98237 -1.74481 1.49362 -1.28079 1.44481 2.35163 0.836751 -2.43348 
1.12011 -1.94275 -1.68755 1.51334 -1.38803 -1.17092 1.97141 -1.72639 1.50302 -1.26824 1.4058 2.37169 0.887684 -2.46465 
1.1254 -1.93868 -1.68551 1.50955 -1.39156 -1.16919 1.92604 -1.7204 1.50506 -1.2642 1.3951 2.37331 0.900121 -2.47952 
1.13371 -1.9301 -1.67881 1.50303 -1.38767 -1.16867 1.8647 -1.71671 1.49752 -1.2669 1.38806 2.37424 0.908597 -2.4748 
1.14182 -1.92194 -1.67297 1.4978 -1.38633 -1.16672 1.80513 -1.71471 1.49781 -1.26685 1.3858 2.3759 0.908649 -2.47272 
1.1488 -1.91222 -1.66525 1.48877 -1.37839 -1.1692 1.74507 -1.71299 1.50055 -1.26613 1.38371 2.37977 0.907594 -2.46871 
1.15154 -1.90909 -1.66314 1.4806 -1.37802 -1.17565 1.68973 -1.71207 1.50322 -1.26467 1.3837 2.37926 0.905549 -2.47307 
1.1555 -1.90533 -1.66091 1.47546 -1.38063 -1.17653 1.63844 -1.71106 1.50387 -1.26413 1.38362 2.378 0.903646 -2.47574 
1.1576 -1.89887 -1.6559 1.46293 -1.37192 -1.18662 1.57967 -1.70955 1.5029 -1.26415 1.38294 2.37675 0.903718 -2.47793 
1.15891 -1.89273 -1.65103 1.45026 -1.36256 -1.19712 1.52633 -1.70924 1.50212 -1.26516 1.38364 2.37746 0.900958 -2.4723 
1.16028 -1.89084 -1.64931 1.44488 -1.3616 -1.20225 1.49031 -1.70853 1.50205 -1.2647 1.38362 2.37687 0.899361 -2.47263 
1.16079 -1.88806 -1.64638 1.43866 -1.35493 -1.21009 1.46363 -1.70887 1.50371 -1.26349 1.38348 2.37961 0.897441 -2.46936 
1.15987 -1.88691 -1.64502 1.4329 -1.34774 -1.22009 1.44604 -1.71135 1.50964 -1.25967 1.38877 2.37688 0.889479 -2.47883 
1.16123 -1.88708 -1.64535 1.4351 -1.34845 -1.22077 1.44169 -1.71172 1.51025 -1.25779 1.38862 2.37766 0.889807 -2.48034 
1.16316 -1.88531 -1.64303 1.43509 -1.3436 -1.22424 1.43353 -1.71165 1.51538 -1.25247 1.38801 2.37791 0.891835 -2.49285 
1.15998 -1.88559 -1.64244 1.42828 -1.33434 -1.23681 1.42782 -1.7122 1.51584 -1.25139 1.38769 2.38039 0.893106 -2.49083 
1.15595 -1.88955 -1.64584 1.42603 -1.33501 -1.24356 1.4312 -1.7178 1.5235 -1.24558 1.3917 2.38565 0.893142 -2.49418 
1.1528 -1.89253 -1.64772 1.42363 -1.33404 -1.25028 1.4326 -1.72511 1.53553 -1.23647 1.39718 2.39061 0.893169 -2.50573 
1.15271 -1.89436 -1.64933 1.42603 -1.338 -1.2483 1.43672 -1.73277 1.54692 -1.22843 1.40282 2.39653 0.891996 -2.51257 
1.15385 -1.89246 -1.64796 1.42606 -1.33677 -1.24645 1.43511 -1.74116 1.55857 -1.2205 1.41167 2.39772 0.888096 -2.52555 
1.15091 -1.8906 -1.65146 1.4244 -1.33504 -1.24428 1.46153 -1.74773 1.56525 -1.21506 1.41479 2.40441 0.890806 -2.52589 
1.14271 -1.89162 -1.6593 1.42094 -1.33238 -1.24585 1.51257 -1.75334 1.56639 -1.21134 1.41546 2.40908 0.897209 -2.52562 
1.13614 -1.88988 -1.66424 1.41848 -1.32592 -1.2436 1.57202 -1.76084 1.5739 -1.20692 1.42263 2.41224 0.892328 -2.52641 
1.03623 -1.84497 -1.68007 1.32734 -1.22878 -1.19211 2.07649 -1.82495 1.66444 -1.24307 1.58471 2.41335 0.648119 -2.39763 
1.04243 -1.83238 -1.67068 1.33314 -1.22569 -1.16065 2.10427 -1.8294 1.66074 -1.2487 1.59652 2.40638 0.631716 -2.39139 
1.04113 -1.82937 -1.67038 1.33259 -1.22721 -1.15096 2.11479 -1.83136 1.66678 -1.24811 1.60593 2.39139 0.617252 -2.41121 
1.03913 -1.82834 -1.67093 1.32863 -1.22617 -1.1528 2.11424 -1.83216 1.67426 -1.24616 1.61053 2.38483 0.610696 -2.42463 
1.03865 -1.82698 -1.66976 1.32479 -1.22331 -1.15581 2.1098 -1.83338 1.67684 -1.24772 1.61239 2.38807 0.604968 -2.41674 
1.03821 -1.82845 -1.6707 1.32498 -1.22302 -1.1574 2.11391 -1.83437 1.67035 -1.25138 1.61119 2.38952 0.605025 -2.40677 
1.04085 -1.83075 -1.67284 1.3328 -1.22527 -1.15543 2.12325 -1.83315 1.67017 -1.25109 1.60823 2.38877 0.607448 -2.40984 
1.04683 -1.83156 -1.67341 1.34525 -1.22622 -1.15223 2.13064 -1.83205 1.66352 -1.25326 1.60312 2.39048 0.613996 -2.4045 
1.05517 -1.83192 -1.67273 1.3613 -1.22646 -1.14704 2.1387 -1.83245 1.66423 -1.25587 1.60388 2.39246 0.607927 -2.39664 
1.06231 -1.83237 -1.67238 1.37524 -1.22818 -1.14125 2.14563 -1.83072 1.66609 -1.25539 1.60106 2.39429 0.609334 -2.39648 
1.06825 -1.8326 -1.67234 1.38742 -1.23012 -1.13562 2.15195 -1.82843 1.67166 -1.25209 1.59813 2.39414 0.61203 -2.4053 
1.07284 -1.83296 -1.67279 1.39733 -1.23325 -1.12961 2.15727 -1.8263 1.67436 -1.24897 1.59414 2.39422 0.617934 -2.41325 
1.07659 -1.83294 -1.67249 1.40433 -1.23363 -1.12678 2.16136 -1.82513 1.67854 -1.24557 1.593 2.38949 0.619756 -2.42783 
1.07977 -1.83314 -1.67235 1.41063 -1.23456 -1.12391 2.16484 -1.82359 1.6842 -1.24194 1.5908 2.3898 0.622286 -2.43604 
1.08358 -1.83346 -1.67224 1.41866 -1.23496 -1.12152 2.16909 -1.82399 1.68553 -1.2421 1.59087 2.38919 0.619521 -2.43604 
1.08925 -1.83351 -1.67209 1.4292 -1.23552 -1.1182 2.17392 -1.82312 1.6879 -1.24048 1.58851 2.38824 0.620944 -2.44159 
1.09283 -1.83548 -1.67273 1.43812 -1.23514 -1.11823 2.18091 -1.82164 1.68793 -1.24028 1.58343 2.39385 0.625628 -2.43595 
1.0978 -1.83636 -1.6726 1.44872 -1.23416 -1.11765 2.18704 -1.81908 1.68787 -1.23801 1.57655 2.395 0.634515 -2.44173 
1.10006 -1.83735 -1.67224 1.45363 -1.23075 -1.12156 2.18916 -1.81784 1.69336 -1.23517 1.57428 2.39581 0.635182 -2.44748 
1.10062 -1.84003 -1.67302 1.45775 -1.22754 -1.12758 2.1936 -1.81797 1.6969 -1.23267 1.57426 2.39538 0.63433 -2.45242 
1.10877 -1.83489 -1.66993 1.46772 -1.23259 -1.11145 2.19294 -1.81941 1.70274 -1.22963 1.57839 2.39113 0.628709 -2.46247 
1.10955 -1.83449 -1.6697 1.46869 -1.23288 -1.11005 2.1929 -1.81807 1.71001 -1.22174 1.57707 2.38694 0.634859 -2.48462 
1.31894 -1.8286 -1.76659 1.92045 -1.42368 -0.91578 2.39871 -1.81821 1.70883 -1.22302 1.57727 2.38767 0.633948 -2.48143 
1.27872 -1.83085 -1.73732 1.82933 -1.36683 -0.958032 2.34993 -1.92847 1.58414 -1.46963 1.8351 2.24692 0.00637619 -2.36144 
1.2787 -1.83086 -1.73729 1.82932 -1.36671 -0.958062 2.34991 -1.93523 1.54739 -1.4951 1.8473 2.24746 -0.0270146 -2.36194 
1.2787 -1.83085 -1.73727 1.82932 -1.36673 -0.95809 2.34991 -1.93589 1.52475 -1.50754 1.8512 2.23674 -0.0440041 -2.37469 
1.2787 -1.83087 -1.73729 1.82932 -1.36669 -0.958069 2.34991 -1.93304 1.48047 -1.52681 1.85115 2.25089 -0.0570529 -2.36598 
1.2787 -1.83085 -1.73728 1.82932 -1.3667 -0.958088 2.34991 -1.92694 1.44729 -1.53911 1.8464 2.26343 -0.0589658 -2.35773 
1.2787 -1.83085 -1.73728 1.82932 -1.3667 -0.958089 2.34991 -1.91896 1.42063 -1.54908 1.84012 2.27368 -0.058559 -2.35091 
1.2787 -1.83085 -1.73728 1.82932 -1.3667 -0.95809 2.34991 -1.91013 1.38597 -1.55928 1.8302 2.28317 -0.0472182 -2.34424 
1.2787 -1.83085 -1.73728 1.82932 -1.3667 -0.95809 2.34991 -1.90059 1.35584 -1.5697 1.82103 2.28736 -0.0399782 -2.34212 
1.2787 -1.83085 -1.73728 1.82932 -1.3667 -0.958091 2.34991 -1.89105 1.33329 -1.5727 1.80765 2.2856 -0.0159126 -2.34429 
1.2787 -1.83085 -1.73728 1.82932 -1.3667 -0.958091 2.34991 -1.88043 1.29722 -1.58463 1.7965 2.29043 -0.00182788 -2.33977 
1.2787 -1.83085 -1.73727 1.82932 -1.3667 -0.958091 2.34991 -1.86875 1.2714 -1.58935 1.7808 2.29913 0.0268608 -2.33113 
1.2787 -1.83085 -1.73727 1.82932 -1.3667 -0.958091 2.34991 -1.85549 1.23694 -1.59951 1.76366 2.32289 0.0565248 -2.30502 
1.2787 -1.83085 -1.73727 1.82932 -1.3667 -0.958091 2.34991 -1.84218 1.20049 -1.6222 1.75706 2.33868 0.0483932 -2.28326 
1.2787 -1.83085 -1.73727 1.82932 -1.3667 -0.958091 2.34991 -1.82893 1.17814 -1.62803 1.73896 2.34831 0.0794021 -2.27255 
1.2787 -1.83085 -1.73727 1.82932 -1.3667 -0.958091 2.34991 -1.81973 1.18335 -1.62471 1.72675 2.34629 0.0952178 -2.27705 
1.2787 -1.83085 -1.73727 1.82932 -1.3667 -0.958094 2.34991 -1.81333 1.17645 -1.63146 1.72183 2.36346 0.0947134 -2.25632 
1.2787 -1.83085 -1.73727 1.82932 -1.36671 -0.958095 2.34991 -1.80948 1.16216 -1.63933 1.71895 2.36087 0.0973468 -2.25661 
1.2787 -1.83085 -1.73727 1.82932 -1.36671 -0.958096 2.34991 -1.80835 1.15979 -1.64171 1.7185 2.35784 0.095505 -2.25919 
1.2787 -1.83085 -1.73727 1.82932 -1.36671 -0.958095 2.34991 -1.80931 1.16858 -1.63506 1.71607 2.35416 0.103418 -2.26586 
1.2787 -1.83085 -1.73727 1.82932 -1.36671 -0.958095 2.34991 -1.81031 1.17378 -1.63106 1.71461 2.35489 0.108216 -2.26695 
1.2787 -1.83085 -1.73727 1.82932 -1.36671 -0.958095 2.34991 -1.81188 1.18116 -1.62268 1.71056 2.35584 0.123886 -2.27022 
1.2787 -1.83085 -1.73727 1.82932 -1.36671 -0.958095 2.34991 -1.81329 1.18332 -1.62098 1.7114 2.35598 0.123744 -2.27062 
1.2787 -1.83085 -1.73727 1.82932 -1.36671 -0.958095 2.34991 -1.8146 1.18485 -1.62592 1.71876 2.35373 0.101702 -2.27027 
1.12924 -1.83335 -1.67427 1.5152 -1.24016 -1.08695 2.24499 -1.71149 1.39353 -1.38108 1.4459 2.44253 0.745473 -2.54139 
1.11221 -1.83356 -1.66987 1.48035 -1.23056 -1.10032 2.23457 -1.69731 1.39744 -1.37116 1.41512 2.45775 0.800358 -2.56257 
1.11044 -1.83354 -1.66938 1.47678 -1.22952 -1.10178 2.23347 -1.71272 1.4017 -1.37683 1.44775 2.45544 0.74983 -2.53257 
1.11019 -1.83362 -1.66935 1.47636 -1.22937 -1.10199 2.23339 -1.72121 1.40215 -1.38114 1.46649 2.45164 0.718353 -2.51669 
1.11017 -1.83353 -1.66926 1.47625 -1.22932 -1.10209 2.23332 -1.72306 1.40124 -1.38258 1.46965 2.4522 0.712981 -2.51068 
1.11012 -1.8336 -1.66927 1.47621 -1.22931 -1.10225 2.23336 -1.72387 1.39871 -1.3845 1.47004 2.45435 0.711807 -2.50239 
1.11006 -1.83368 -1.6693 1.47616 -1.22932 -1.1024 2.2334 -1.72555 1.4017 -1.38284 1.4725 2.45368 0.708904 -2.50583 
1.11006 -1.83364 -1.66925 1.47612 -1.22926 -1.10247 2.23335 -1.72695 1.39943 -1.38361 1.47233 2.45746 0.711924 -2.49871 
1.11012 -1.83366 -1.66932 1.47629 -1.22963 -1.10215 2.23343 -1.73003 1.40263 -1.3805 1.47448 2.45875 0.714165 -2.50225 
1.11015 -1.83396 -1.66958 1.4767 -1.23043 -1.10167 2.23396 -1.7361 1.40936 -1.37596 1.48229 2.45449 0.70942 -2.51505 
1.11022 -1.83417 -1.6698 1.47715 -1.23116 -1.10109 2.2345 -1.73858 1.41474 -1.3726 1.48136 2.46043 0.716889 -2.51608 
1.1102 -1.83459 -1.67011 1.47758 -1.23183 -1.10074 2.23538 -1.74457 1.42543 -1.36663 1.48803 2.45737 0.715068 -2.53293 
1.11027 -1.83476 -1.67027 1.47796 -1.23247 -1.10031 2.23593 -1.74795 1.42252 -1.36676 1.48968 2.45673 0.719437 -2.53329 
1.11036 -1.83474 -1.67035 1.47817 -1.23272 -1.09989 2.236 -1.75155 1.42748 -1.36355 1.48973 2.4614 0.726303 -2.53571 
1.11038 -1.83474 -1.67037 1.47818 -1.2327 -1.09981 2.23597 -1.75567 1.43211 -1.36046 1.49253 2.46221 0.728363 -2.54134 
1.11049 -1.83454 -1.67028 1.47822 -1.23265 -1.09957 2.23581 -1.7582 1.43569 -1.35745 1.49077 2.46743 0.737519 -2.54275 
1.11048 -1.83456 -1.6703 1.4782 -1.23263 -1.09963 2.23585 -1.76068 1.4385 -1.35479 1.49089 2.46986 0.742997 -2.54605 
1.11055 -1.83447 -1.67027 1.47827 -1.2327 -1.09941 2.2358 -1.76427 1.44363 -1.35154 1.49249 2.47281 0.746164 -2.54939 
1.11063 -1.83438 -1.67028 1.47837 -1.2328 -1.09912 2.23576 -1.76997 1.44948 -1.34897 1.49908 2.4714 0.741352 -2.55484 
1.1107 -1.8343 -1.67027 1.47842 -1.23274 -1.09889 2.23569 -1.77457 1.44642 -1.35131 1.50338 2.4715 0.738194 -2.54764 
1.11079 -1.8343 -1.67037 1.4786 -1.23302 -1.09848 2.23571 -1.77742 1.44601 -1.35155 1.50661 2.46702 0.735398 -2.55206 
1.11081 -1.83408 -1.67018 1.47847 -1.23276 -1.09867 2.2355 -1.7782 1.44797 -1.35073 1.50698 2.4643 0.735479 -2.55881 
1.11085 -1.8337 -1.66991 1.47813 -1.23198 -1.09888 2.23487 -1.77736 1.44319 -1.35138 1.50527 2.45778 0.738285 -2.56672 
1.11086 -1.83334 -1.66964 1.47772 -1.23126 -1.09926 2.23412 -1.77623 1.43516 -1.35494 1.50207 2.45732 0.741825 -2.55995 
1.11093 -1.83281 -1.66928 1.47729 -1.23055 -1.0995 2.23317 -1.77527 1.43472 -1.35607 1.49945 2.46189 0.743618 -2.55235 
1.11094 -1.83257 -1.66909 1.47705 -1.23021 -1.09972 2.23272 -1.77476 1.43684 -1.35535 1.49817 2.46187 0.744162 -2.55508 
1.11094 -1.83264 -1.66914 1.47718 -1.23033 -1.0996 2.23304 -1.77211 1.43616 -1.35473 1.49194 2.46418 0.754286 -2.55728 
1.11105 -1.83261 -1.66921 1.47756 -1.23076 -1.09898 2.23361 -1.77367 1.43849 -1.35289 1.4959 2.45627 0.749199 -2.57108 
1.11112 -1.83267 -1.66933 1.47791 -1.2312 -1.09846 2.23411 -1.77357 1.43806 -1.35383 1.49433 2.45974 0.750846 -2.56523 
1.11122 -1.8326 -1.66936 1.47816 -1.23149 -1.09803 2.23434 -1.7716 1.44164 -1.3521 1.48846 2.4653 0.758872 -2.56517 
1.10788 -1.83664 -1.67128 1.46969 -1.23517 -1.10854 2.21247 -1.78016 1.43723 -1.36015 1.50171 2.46452 0.738381 -2.54278 
1.10756 -1.83705 -1.67152 1.4689 -1.2355 -1.10949 2.2104 -1.78179 1.44201 -1.35928 1.50383 2.46724 0.734143 -2.54021 
1.10465 -1.83979 -1.67377 1.46629 -1.23495 -1.1097 2.22627 -1.78142 1.44811 -1.35571 1.5034 2.46745 0.735431 -2.54864 
1.10027 -1.84301 -1.67638 1.46142 -1.23369 -1.1116 2.24365 -1.78094 1.44361 -1.35755 1.50263 2.4669 0.736851 -2.54527 
1.09484 -1.84626 -1.67931 1.45462 -1.23217 -1.11414 2.26134 -1.78047 1.44192 -1.35799 1.50152 2.46694 0.738907 -2.54452 
1.08881 -1.84973 -1.68252 1.44711 -1.23055 -1.11725 2.27935 -1.77973 1.43842 -1.35991 1.49926 2.47037 0.741637 -2.53609 
1.07626 -1.85693 -1.68834 1.43178 -1.22444 -1.13345 2.29938 -1.78008 1.44326 -1.35699 1.50099 2.4667 0.739752 -2.54714 
1.06905 -1.86101 -1.69216 1.42277 -1.22169 -1.13969 2.31762 -1.78004 1.44311 -1.35713 1.50089 2.46696 0.73975 -2.54637 
1.06403 -1.86457 -1.69574 1.41712 -1.22198 -1.14062 2.33633 -1.77929 1.44 -1.35791 1.49954 2.46557 0.742493 -2.54733 
1.06064 -1.86589 -1.6968 1.41087 -1.21929 -1.14117 2.35201 -1.77928 1.44177 -1.35702 1.49992 2.46506 0.742228 -2.55002 
1.05817 -1.86712 -1.69781 1.40637 -1.21847 -1.13919 2.36737 -1.77912 1.43894 -1.35907 1.49895 2.46778 0.742806 -2.54193 
1.05352 -1.87004 -1.70013 1.3996 -1.21699 -1.14028 2.3864 -1.77933 1.43761 -1.36048 1.49875 2.46987 0.742013 -2.53565 
1.04808 -1.87342 -1.70254 1.39167 -1.21379 -1.14559 2.40186 -1.78026 1.44283 -1.35912 1.50096 2.47176 0.737448 -2.53556 
1.04345 -1.87641 -1.7047 1.38537 -1.21133 -1.14932 2.41741 -1.77948 1.44322 -1.35776 1.49966 2.46923 0.740786 -2.54317 
1.04543 -1.87593 -1.70226 1.38717 -1.20971 -1.14762 2.41737 -1.77989 1.44258 -1.358 1.50069 2.46741 0.739462 -2.54476 
1.04945 -1.87542 -1.69973 1.39361 -1.20977 -1.14253 2.41917 -1.78113 1.44407 -1.35862 1.50326 2.4691 0.734414 -2.53971 
1.05463 -1.87499 -1.6966 1.402 -1.20858 -1.13876 2.41967 -1.78016 1.44753 -1.35611 1.50133 2.4683 0.737906 -2.54798 
1.0584 -1.87626 -1.69542 1.41 -1.20812 -1.13838 2.42038 -1.78092 1.45253 -1.35346 1.50362 2.46565 0.734698 -2.55717 
1.06419 -1.87713 -1.69381 1.42149 -1.21002 -1.1325 2.42333 -1.78039 1.45332 -1.35246 1.50292 2.46411 0.736297 -2.56181 
1.06798 -1.88132 -1.6923 1.43414 -1.20959 -1.12777 2.44111 -1.7802 1.44667 -1.35666 1.50131 2.46906 0.737935 -2.54572 
1.06732 -1.8904 -1.69371 1.44768 -1.20985 -1.12432 2.47494 -1.78016 1.44878 -1.35632 1.50066 2.47242 0.738439 -2.54238 
1.0621 -1.90114 -1.69689 1.45678 -1.2081 -1.12585 2.51404 -1.78082 1.44515 -1.35738 1.50259 2.46781 0.736193 -2.54467 
1.05833 -1.90963 -1.69801 1.46653 -1.20741 -1.12213 2.55029 -1.78141 1.44732 -1.35601 1.50455 2.46484 0.733422 -2.55075 
1.05279 -1.92014 -1.70179 1.47617 -1.21116 -1.11947 2.58393 -1.78075 1.4474 -1.3554 1.50323 2.4648 0.735847 -2.55296 
1.04746 -1.93028 -1.70436 1.48524 -1.21352 -1.11876 2.61249 -1.78136 1.44256 -1.35821 1.50405 2.46528 0.734725 -2.54503 
1.04169 -1.94029 -1.70712 1.49237 -1.21547 -1.12015 2.63756 -1.78097 1.44254 -1.3576 1.50326 2.46468 0.736377 -2.54735 
1.03557 -1.94966 -1.70974 1.49795 -1.21773 -1.1214 2.66003 -1.77992 1.44371 -1.35668 1.5012 2.46573 0.739622 -2.54916 
1.03037 -1.95804 -1.7127 1.50327 -1.22341 -1.12102 2.67504 -1.77845 1.44316 -1.35664 1.4972 2.46919 0.74543 -2.54648 
1.02452 -1.96698 -1.71716 1.50702 -1.23127 -1.1249 2.67975 -1.78137 1.44425 -1.35817 1.50322 2.46902 0.734967 -2.54003 
1.0209 -1.96699 -1.71085 1.50841 -1.24504 -1.14138 2.6747 -1.78063 1.44487 -1.35758 1.50167 2.46991 0.737576 -2.54096 
1.01924 -1.96699 -1.70517 1.51285 -1.26272 -1.15441 2.66739 -1.77956 1.44376 -1.35761 1.49948 2.47091 0.741049 -2.54051 
1.02031 -1.96699 -1.70005 1.51804 -1.27653 -1.16227 2.65123 -1.77972 1.44339 -1.35712 1.50077 2.46632 0.739622 -2.54726 
1.02235 -1.96689 -1.69983 1.51702 -1.2843 -1.17104 2.60857 -1.77877 1.44746 -1.35458 1.49925 2.46403 0.741362 -2.55785 
1.0286 -1.9647 -1.69881 1.5179 -1.29338 -1.1739 2.55626 -1.77805 1.44391 -1.35651 1.49722 2.46476 0.74345 -2.55324 
1.03982 -1.96276 -1.69828 1.5268 -1.31098 -1.16602 2.50238 -1.77599 1.44659 -1.35569 1.49241 2.4691 0.748384 -2.5521 
1.0482 -1.9621 -1.69889 1.53177 -1.32295 -1.1656 2.4511 -1.77622 1.44565 -1.3567 1.49238 2.4699 0.747407 -2.54857 
1.05694 -1.96229 -1.70152 1.53941 -1.34017 -1.16065 2.40443 -1.77534 1.44586 -1.35696 1.48877 2.47592 0.751261 -2.54083 
1.06542 -1.95965 -1.70056 1.54197 -1.34746 -1.16007 2.35602 -1.77711 1.44765 -1.35653 1.49214 2.47511 0.746274 -2.5411 
1.07425 -1.95813 -1.70142 1.5472 -1.35945 -1.15555 2.31212 -1.77785 1.44707 -1.35631 1.49396 2.47217 0.743651 -2.54435 
1.08074 -1.95807 -1.7033 1.55025 -1.37016 -1.15379 2.27318 -1.77736 1.44208 -1.35915 1.4921 2.47607 0.745094 -2.5321 
1.08636 -1.95761 -1.70478 1.55284 -1.37917 -1.15125 2.24085 -1.77572 1.44015 -1.35927 1.48823 2.4779 0.750544 -2.5305 
1.09141 -1.95635 -1.70488 1.55439 -1.38575 -1.14816 2.21357 -1.77721 1.4365 -1.36249 1.49085 2.47919 0.744134 -2.51893 
1.09694 -1.95541 -1.70694 1.5578 -1.39853 -1.1407 2.18503 -1.77678 1.43798 -1.36103 1.49141 2.4757 0.742051 -2.52596 
1.10399 -1.95157 -1.70523 1.55663 -1.40344 -1.13703 2.14257 -1.77677 1.43815 -1.36163 1.49144 2.47809 0.739818 -2.52034 
1.11045 -1.94796 -1.7038 1.55412 -1.40769 -1.1348 2.09718 -1.77491 1.43386 -1.36241 1.48815 2.47727 0.744365 -2.52023 
1.11935 -1.95269 -1.6993 1.55319 -1.41775 -1.13397 2.0309 -1.76917 1.44 -1.35989 1.47711 2.48751 0.756631 -2.51814 
1.11896 -1.95279 -1.69841 1.55093 -1.4153 -1.13647 2.02562 -1.75156 1.45367 -1.34679 1.43924 2.50323 0.809323 -2.547 
1.12566 -1.94754 -1.69532 1.54738 -1.41772 -1.13308 1.97779 -1.74424 1.45454 -1.34438 1.42451 2.50839 0.827897 -2.55281 
1.1341 -1.94041 -1.69004 1.5429 -1.41563 -1.13111 1.92072 -1.74198 1.45291 -1.34486 1.42058 2.51007 0.829932 -2.54949 
1.13872 -1.9327 -1.68348 1.52945 -1.40186 -1.14251 1.85258 -1.74266 1.4557 -1.34422 1.4243 2.50942 0.821549 -2.54883 
1.14167 -1.93279 -1.68452 1.52631 -1.40713 -1.1456 1.808 -1.75471 1.44343 -1.35439 1.45236 2.49678 0.781937 -2.52622 
1.15227 -1.91974 -1.67438 1.51857 -1.39878 -1.14213 1.73971 -1.74664 1.45212 -1.34777 1.43779 2.50048 0.798622 -2.54399 
1.15736 -1.91346 -1.67008 1.51198 -1.39646 -1.14347 1.68671 -1.73762 1.44624 -1.34921 1.41885 2.5107 0.823842 -2.53593 
1.16206 -1.90768 -1.66613 1.50515 -1.39492 -1.14533 1.63102 -1.73514 1.44793 -1.34837 1.41568 2.51299 0.825949 -2.53592 
1.16409 -1.90526 -1.66435 1.49823 -1.39417 -1.15063 1.58353 -1.73369 1.44702 -1.3474 1.41508 2.50948 0.82682 -2.5431 
1.16517 -1.89987 -1.65904 1.4871 -1.38162 -1.16224 1.54001 -1.7357 1.45286 -1.34352 1.42183 2.50227 0.816123 -2.55803 
1.16577 -1.8938 -1.65359 1.47672 -1.36769 -1.17352 1.50551 -1.7373 1.45885 -1.34058 1.42466 2.50437 0.809759 -2.55894 
1.16533 -1.89423 -1.6535 1.47417 -1.36502 -1.18011 1.48964 -1.73662 1.45793 -1.33941 1.4223 2.50512 0.813517 -2.56035 
1.16613 -1.8932 -1.65225 1.47301 -1.36066 -1.18476 1.48036 -1.73721 1.46098 -1.33658 1.42253 2.50657 0.812932 -2.56273 
1.1659 -1.89278 -1.65149 1.47084 -1.3547 -1.19187 1.47512 -1.7382 1.46347 -1.33388 1.42325 2.50826 0.812205 -2.56417 
1.16414 -1.89408 -1.65171 1.46842 -1.3498 -1.19983 1.47334 -1.73824 1.46231 -1.33383 1.42053 2.51459 0.816641 -2.55495 
1.16219 -1.89623 -1.65296 1.467 -1.34892 -1.20455 1.47461 -1.74457 1.47208 -1.32698 1.42553 2.51885 0.815888 -2.56144 
1.16108 -1.89643 -1.65306 1.46516 -1.34729 -1.20706 1.47371 -1.75349 1.49065 -1.31561 1.43353 2.5234 0.81204 -2.57672 
1.16128 -1.89675 -1.65346 1.46659 -1.34926 -1.20509 1.4757 -1.75926 1.49069 -1.31188 1.43461 2.52662 0.819557 -2.57777 
1.16054 -1.89765 -1.65433 1.46654 -1.35014 -1.20581 1.47651 -1.76742 1.50466 -1.30121 1.44085 2.52814 0.81994 -2.59559 
1.15684 -1.89581 -1.65753 1.46317 -1.34681 -1.2061 1.50093 -1.77426 1.5113 -1.29601 1.44453 2.53222 0.822898 -2.59955 
1.14924 -1.89658 -1.66543 1.46134 -1.34595 -1.20471 1.55375 -1.78084 1.51764 -1.28991 1.44783 2.53433 0.825845 -2.6071 
1.13917 -1.89814 -1.6734 1.45763 -1.34119 -1.20669 1.61778 -1.78706 1.52381 -1.28669 1.45189 2.54103 0.824253 -2.6021 
1.04777 -1.84567 -1.68502 1.32798 -1.23065 -1.17815 2.06557 -1.83256 1.6102 -1.30926 1.55658 2.56806 0.619429 -2.50684 
1.05443 -1.83326 -1.67616 1.33252 -1.22959 -1.14826 2.08426 -1.83519 1.6206 -1.30559 1.56561 2.5632 0.605732 -2.51774 
1.05451 -1.82807 -1.6751 1.33105 -1.2302 -1.1351 2.09851 -1.83672 1.6299 -1.30395 1.57082 2.5605 0.596058 -2.52516 
1.05126 -1.82766 -1.67646 1.32531 -1.22856 -1.13898 2.09952 -1.83824 1.63726 -1.30138 1.57543 2.55338 0.590059 -2.5394 
1.04993 -1.82817 -1.67683 1.32171 -1.22703 -1.14397 2.0958 -1.84127 1.62782 -1.30803 1.57779 2.55536 0.584551 -2.52384 
1.05025 -1.82865 -1.67684 1.32214 -1.2261 -1.14511 2.09816 -1.8429 1.61926 -1.31275 1.57848 2.55441 0.581833 -2.51561 
1.05288 -1.83032 -1.6784 1.32887 -1.22709 -1.14394 2.10655 -1.84204 1.61519 -1.31443 1.5749 2.55341 0.585164 -2.51497 
1.05887 -1.83156 -1.67937 1.3414 -1.22882 -1.14 2.11449 -1.83865 1.6205 -1.31053 1.56875 2.55301 0.594181 -2.52542 
1.06696 -1.83301 -1.68016 1.35891 -1.2317 -1.13362 2.124 -1.83838 1.62359 -1.31209 1.56948 2.55747 0.588012 -2.5174 
1.07372 -1.83395 -1.68077 1.37378 -1.23493 -1.12681 2.13246 -1.83714 1.62079 -1.31303 1.56673 2.55556 0.590069 -2.51885 
1.07901 -1.8349 -1.6814 1.38571 -1.23766 -1.12131 2.13964 -1.83446 1.62359 -1.30848 1.56215 2.54744 0.598029 -2.53902 
1.08425 -1.83351 -1.67938 1.39367 -1.23615 -1.11813 2.14138 -1.83375 1.6259 -1.30655 1.56138 2.54331 0.598168 -2.54822 
1.08712 -1.8343 -1.68008 1.40026 -1.23733 -1.11592 2.14642 -1.83273 1.63437 -1.30297 1.56102 2.5437 0.596508 -2.55491 
1.09056 -1.83495 -1.68074 1.40801 -1.23953 -1.11254 2.15078 -1.831 1.6379 -1.30011 1.55671 2.54545 0.602429 -2.5592 
1.09431 -1.83518 -1.68074 1.41552 -1.2404 -1.10965 2.15453 -1.83154 1.63467 -1.30176 1.55596 2.54524 0.60121 -2.55577 
1.09823 -1.83665 -1.68132 1.42415 -1.23964 -1.11045 2.15989 -1.82871 1.64066 -1.29738 1.54979 2.54628 0.609227 -2.56444 
1.10256 -1.8385 -1.68197 1.43415 -1.2392 -1.11063 2.16662 -1.8265 1.64193 -1.29484 1.54435 2.54366 0.616052 -2.57428 
1.1068 -1.83877 -1.68104 1.4426 -1.2367 -1.11069 2.17178 -1.82516 1.64321 -1.29442 1.54035 2.54753 0.618953 -2.57098 
1.10893 -1.84125 -1.68189 1.44892 -1.23459 -1.11498 2.17593 -1.82512 1.64171 -1.29578 1.53835 2.54999 0.619573 -2.56554 
1.11778 -1.83659 -1.67894 1.46093 -1.23854 -1.10026 2.17654 -1.82495 1.64248 -1.29286 1.53648 2.54499 0.623163 -2.57701 
1.1204 -1.83591 -1.67805 1.46501 -1.23817 -1.09824 2.1776 -1.82528 1.65543 -1.28576 1.54049 2.54068 0.617376 -2.5946 
1.12068 -1.83582 -1.67795 1.46544 -1.23808 -1.09802 2.17769 -1.82338 1.66358 -1.27718 1.53727 2.53789 0.62599 -2.61456 
1.31926 -1.83392 -1.77166 1.92005 -1.42036 -0.909221 2.39611 -1.82373 1.66215 -1.27863 1.53768 2.53833 0.624777 -2.61154 
