1.06184 -1.82324 -1.66012 1.29667 -1.19912 -1.22823 2.05257 -1.1103 0.609337 0.0656645 -1.37593 -1.96223 -1.13301 -0.473288 
1.02979 -1.82122 -1.66116 1.23108 -1.20504 -1.23309 2.02646 -1.11007 0.610447 0.0654194 -1.37338 -1.9629 -1.13369 -0.471729 
1.02587 -1.81412 -1.65795 1.22151 -1.2035 -1.22805 2.01527 -1.11007 0.610447 0.0654194 -1.37338 -1.9629 -1.13369 -0.471729 
1.02623 -1.80917 -1.65534 1.22039 -1.20031 -1.22806 2.00608 -1.11007 0.610447 0.0654194 -1.37338 -1.9629 -1.13369 -0.471729 
1.02605 -1.80824 -1.65479 1.2183 -1.19828 -1.23221 2.00001 -1.11007 0.610447 0.0654194 -1.37338 -1.9629 -1.13369 -0.471729 
1.02615 -1.81029 -1.65648 1.22013 -1.19897 -1.23346 2.00548 -1.11007 0.610447 0.0654194 -1.37338 -1.9629 -1.13369 -0.471729 
1.02921 -1.81352 -1.65953 1.22945 -1.20229 -1.23085 2.01698 -1.11007 0.610447 0.0654194 -1.37338 -1.9629 -1.13369 -0.471729 
1.03615 -1.81472 -1.66012 1.24326 -1.20367 -1.22678 2.02497 -1.11007 0.610447 0.0654194 -1.37338 -1.9629 -1.13369 -0.471729 
1.04567 -1.81377 -1.65785 1.25935 -1.20232 -1.22133 2.03042 -1.11007 0.610447 0.0654194 -1.37338 -1.9629 -1.13369 -0.471729 
1.05434 -1.81306 -1.65615 1.27451 -1.20156 -1.21579 2.03665 -1.11007 0.610447 0.0654194 -1.37338 -1.9629 -1.13369 -0.471729 
1.06119 -1.81414 -1.65664 1.28902 -1.20426 -1.20986 2.04428 -1.11007 0.610447 0.0654194 -1.37338 -1.9629 -1.13369 -0.471729 
1.06496 -1.81489 -1.65683 1.29673 -1.20483 -1.20793 2.04865 -1.11007 0.610447 0.0654194 -1.37338 -1.9629 -1.13369 -0.471729 
1.0688 -1.81488 -1.65646 1.30434 -1.20538 -1.20455 2.05245 -1.11007 0.610447 0.0654194 -1.37338 -1.9629 -1.13369 -0.471729 
1.07303 -1.81504 -1.65622 1.31218 -1.2058 -1.20144 2.05674 -1.11007 0.610447 0.0654194 -1.37338 -1.9629 -1.13369 -0.471729 
1.0777 -1.8157 -1.65637 1.32082 -1.20644 -1.1989 2.06141 -1.11007 0.610447 0.0654194 -1.37338 -1.9629 -1.13369 -0.471729 
1.08274 -1.81608 -1.65605 1.33023 -1.20567 -1.19787 2.06572 -1.11007 0.610447 0.0654194 -1.37338 -1.9629 -1.13369 -0.471729 
