1.113 -1.85923 -1.68227 1.35361 2.01478 1.19641 -1.19871 1.53396 -1.68411 -0.911869 -1.38324 -1.30022 1.21795 -2.28189 
1.09656 -1.85554 -1.69612 1.34039 2.00009 1.16924 -1.1489 1.53016 -1.67907 -0.920226 -1.3831 -1.29185 1.2116 -2.28389 
1.09289 -1.85399 -1.69559 1.33201 2.00645 1.17499 -1.14462 1.53011 -1.679 -0.920336 -1.3831 -1.29174 1.21152 -2.28391 
1.093 -1.85515 -1.69683 1.33259 2.00586 1.17776 -1.14558 1.5301 -1.679 -0.92034 -1.3831 -1.29173 1.21152 -2.28392 
1.09351 -1.85464 -1.69652 1.33283 2.00694 1.1793 -1.14762 1.5301 -1.679 -0.92034 -1.3831 -1.29173 1.21152 -2.28392 
1.09363 -1.85633 -1.69792 1.3349 2.00428 1.17845 -1.14618 1.5301 -1.679 -0.92034 -1.3831 -1.29173 1.21152 -2.28392 
1.09627 -1.8543 -1.69568 1.33416 2.00616 1.17778 -1.15194 1.5301 -1.679 -0.920339 -1.3831 -1.29174 1.21152 -2.28392 
1.09921 -1.85264 -1.69405 1.33408 2.00694 1.17703 -1.15852 1.5301 -1.679 -0.920339 -1.3831 -1.29174 1.21152 -2.28392 
1.10328 -1.85139 -1.69221 1.33689 2.00695 1.17274 -1.16084 1.5301 -1.679 -0.920339 -1.3831 -1.29174 1.21152 -2.28392 
1.106 -1.8528 -1.69176 1.34047 2.00686 1.17235 -1.15936 1.5301 -1.679 -0.92034 -1.3831 -1.29173 1.21152 -2.28392 
1.10795 -1.8545 -1.69117 1.34256 2.00892 1.17661 -1.15965 1.5301 -1.679 -0.920339 -1.3831 -1.29173 1.21152 -2.28392 
1.11163 -1.85414 -1.6894 1.34615 2.0101 1.17556 -1.16175 1.5301 -1.679 -0.920339 -1.3831 -1.29173 1.21152 -2.28392 
1.11321 -1.85468 -1.68893 1.34788 2.01093 1.17769 -1.16399 1.5301 -1.679 -0.92034 -1.3831 -1.29173 1.21152 -2.28392 
1.11688 -1.85472 -1.68842 1.35351 2.00874 1.17218 -1.16272 1.5301 -1.679 -0.920338 -1.3831 -1.29174 1.21152 -2.28392 
1.11833 -1.8545 -1.68688 1.3535 2.01172 1.17496 -1.1651 1.5301 -1.679 -0.92034 -1.3831 -1.29173 1.21152 -2.28392 
1.11942 -1.85562 -1.6872 1.35587 2.01079 1.17461 -1.16442 1.5301 -1.679 -0.92034 -1.3831 -1.29173 1.21152 -2.28392 
1.12012 -1.85635 -1.68728 1.35694 2.01074 1.17551 -1.16457 1.5301 -1.679 -0.92034 -1.3831 -1.29173 1.21152 -2.28392 
1.12216 -1.85526 -1.68568 1.35847 2.01218 1.17433 -1.16622 1.5301 -1.679 -0.92034 -1.3831 -1.29173 1.21152 -2.28392 
1.12045 -1.85924 -1.68859 1.35985 2.00868 1.17658 -1.16184 1.5301 -1.679 -0.920338 -1.3831 -1.29174 1.21152 -2.28392 
1.12245 -1.85738 -1.68646 1.35983 2.01158 1.17667 -1.16458 1.5301 -1.679 -0.920339 -1.3831 -1.29173 1.21152 -2.28392 
1.12349 -1.85784 -1.68674 1.36196 2.01006 1.17509 -1.16417 1.5301 -1.679 -0.92034 -1.3831 -1.29173 1.21152 -2.28392 
1.12393 -1.85711 -1.68549 1.36102 2.01272 1.17738 -1.16564 1.5301 -1.679 -0.92034 -1.3831 -1.29173 1.21152 -2.28392 
1.12496 -1.8576 -1.68562 1.3632 2.01138 1.17548 -1.16513 1.5301 -1.679 -0.92034 -1.3831 -1.29173 1.21152 -2.28392 
1.12523 -1.85733 -1.68512 1.3627 2.01243 1.1768 -1.1661 1.5301 -1.679 -0.92034 -1.3831 -1.29173 1.21152 -2.28392 
1.12406 -1.85967 -1.68698 1.36326 2.01025 1.17835 -1.16387 1.5301 -1.679 -0.92034 -1.3831 -1.29173 1.21152 -2.28392 
1.12559 -1.8584 -1.68557 1.36392 2.01169 1.17726 -1.16549 1.5301 -1.679 -0.92034 -1.3831 -1.29173 1.21152 -2.28392 
1.12628 -1.85713 -1.68441 1.36322 2.01357 1.1782 -1.16856 1.5301 -1.679 -0.92034 -1.3831 -1.29173 1.21152 -2.28392 
1.1277 -1.85704 -1.6841 1.36571 2.01247 1.17488 -1.16734 1.5301 -1.679 -0.92034 -1.3831 -1.29173 1.21152 -2.28392 
1.12893 -1.85763 -1.68392 1.3669 2.01241 1.17539 -1.16796 1.5301 -1.679 -0.92034 -1.3831 -1.29173 1.21152 -2.28392 
1.13002 -1.85688 -1.68229 1.36597 2.01636 1.17915 -1.17037 1.5301 -1.679 -0.920339 -1.3831 -1.29173 1.21152 -2.28392 
1.13192 -1.85751 -1.68217 1.36887 2.01508 1.17743 -1.1707 1.5301 -1.679 -0.92034 -1.3831 -1.29173 1.21152 -2.28392 
1.13362 -1.85845 -1.68244 1.37204 2.0133 1.17522 -1.1692 1.5301 -1.679 -0.92034 -1.3831 -1.29173 1.21152 -2.28392 
1.13529 -1.85791 -1.68118 1.37346 2.01472 1.17507 -1.16994 1.5301 -1.679 -0.92034 -1.3831 -1.29173 1.21152 -2.28392 
1.13637 -1.8582 -1.68089 1.37496 2.01466 1.17472 -1.17023 1.5301 -1.679 -0.92034 -1.3831 -1.29173 1.21152 -2.28392 
1.13538 -1.86002 -1.68205 1.3749 2.01408 1.17781 -1.16972 1.5301 -1.679 -0.92034 -1.3831 -1.29173 1.21152 -2.28392 
1.1362 -1.85959 -1.68168 1.37605 2.01417 1.17655 -1.1694 1.5301 -1.679 -0.92034 -1.3831 -1.29173 1.21152 -2.28392 
1.1355 -1.86102 -1.68279 1.37648 2.01267 1.17708 -1.16783 1.5301 -1.679 -0.92034 -1.3831 -1.29173 1.21152 -2.28392 
