0.95123 -1.97297 -1.76189 1.21256 -0.948876 -1.57986 2.12474 -1.11057 0.607972 0.0659647 -1.37907 -1.96141 -1.13218 -0.475202 
0.930867 -1.96669 -1.75936 1.17789 -0.947974 -1.60864 2.11035 -1.11086 0.606549 0.0662777 -1.38233 -1.96054 -1.13132 -0.4772 
0.931418 -1.96699 -1.75778 1.17909 -0.952829 -1.60798 2.10892 -1.11086 0.606549 0.0662777 -1.38233 -1.96054 -1.13132 -0.4772 
0.931269 -1.96699 -1.75564 1.18035 -0.96004 -1.61212 2.1098 -1.11086 0.606549 0.0662777 -1.38233 -1.96054 -1.13132 -0.4772 
0.93441 -1.96689 -1.75496 1.18164 -0.960183 -1.61062 2.10427 -1.11086 0.606549 0.0662777 -1.38233 -1.96054 -1.13132 -0.4772 
0.941872 -1.9664 -1.75095 1.186 -0.960126 -1.60482 2.09837 -1.11086 0.606549 0.0662777 -1.38233 -1.96054 -1.13132 -0.4772 
0.948367 -1.96699 -1.74559 1.19056 -0.957462 -1.6062 2.09649 -1.11086 0.606549 0.0662777 -1.38233 -1.96054 -1.13132 -0.4772 
0.952089 -1.96699 -1.74001 1.19465 -0.958075 -1.61069 2.09723 -1.11086 0.606549 0.0662777 -1.38233 -1.96054 -1.13132 -0.4772 
0.952702 -1.96699 -1.73736 1.19463 -0.958206 -1.61758 2.09771 -1.11086 0.606549 0.0662777 -1.38233 -1.96054 -1.13132 -0.4772 
0.956559 -1.96699 -1.73361 1.19928 -0.959167 -1.61675 2.09877 -1.11086 0.606549 0.0662777 -1.38233 -1.96054 -1.13132 -0.4772 
0.961582 -1.96699 -1.72974 1.20483 -0.95847 -1.61198 2.09887 -1.11086 0.606549 0.0662777 -1.38233 -1.96054 -1.13132 -0.4772 
0.96408 -1.96699 -1.72666 1.2094 -0.962533 -1.61025 2.10088 -1.11086 0.606549 0.0662777 -1.38233 -1.96054 -1.13132 -0.4772 
0.966632 -1.96699 -1.72465 1.21145 -0.961472 -1.60882 2.10044 -1.11086 0.606549 0.0662777 -1.38233 -1.96054 -1.13132 -0.4772 
0.965894 -1.96699 -1.72395 1.20942 -0.960552 -1.61396 2.0998 -1.11086 0.606549 0.0662777 -1.38233 -1.96054 -1.13132 -0.4772 
0.965601 -1.9661 -1.72347 1.20735 -0.958068 -1.61701 2.09758 -1.11086 0.606549 0.0662777 -1.38233 -1.96054 -1.13132 -0.4772 
0.967641 -1.96656 -1.72225 1.20929 -0.957468 -1.61665 2.09709 -1.11086 0.606549 0.0662777 -1.38233 -1.96054 -1.13132 -0.4772 
0.970642 -1.96699 -1.71909 1.21334 -0.959536 -1.61667 2.09751 -1.11086 0.606549 0.0662777 -1.38233 -1.96054 -1.13132 -0.4772 
0.972154 -1.96699 -1.71615 1.21478 -0.960532 -1.62043 2.09829 -1.11086 0.606549 0.0662777 -1.38233 -1.96054 -1.13132 -0.4772 
0.975107 -1.96699 -1.71377 1.21711 -0.957592 -1.6198 2.09714 -1.11086 0.606549 0.0662777 -1.38233 -1.96054 -1.13132 -0.4772 
0.977487 -1.96699 -1.71209 1.22125 -0.959796 -1.6153 2.09774 -1.11086 0.606549 0.0662777 -1.38233 -1.96054 -1.13132 -0.4772 
0.978131 -1.96699 -1.71111 1.22309 -0.962563 -1.61402 2.09969 -1.11086 0.606549 0.0662777 -1.38233 -1.96054 -1.13132 -0.4772 
0.977006 -1.96673 -1.71158 1.22076 -0.960564 -1.61638 2.09862 -1.11086 0.606549 0.0662777 -1.38233 -1.96054 -1.13132 -0.4772 
0.977573 -1.96632 -1.7111 1.22124 -0.960513 -1.61519 2.09804 -1.11086 0.606549 0.0662777 -1.38233 -1.96054 -1.13132 -0.4772 
0.97849 -1.96608 -1.71055 1.22139 -0.960006 -1.61478 2.09806 -1.11086 0.606549 0.0662777 -1.38233 -1.96054 -1.13132 -0.4772 
0.977104 -1.96699 -1.71149 1.22161 -0.961895 -1.61596 2.09914 -1.11086 0.606549 0.0662777 -1.38233 -1.96054 -1.13132 -0.4772 
0.975263 -1.96689 -1.71253 1.21863 -0.960314 -1.61952 2.09875 -1.11086 0.606549 0.0662777 -1.38233 -1.96054 -1.13132 -0.4772 
0.976895 -1.9665 -1.71132 1.22003 -0.9601 -1.61748 2.09821 -1.11086 0.606549 0.0662777 -1.38233 -1.96054 -1.13132 -0.4772 
0.976365 -1.96644 -1.71156 1.21875 -0.959205 -1.61864 2.09909 -1.11086 0.606549 0.0662777 -1.38233 -1.96054 -1.13132 -0.4772 
0.975832 -1.96586 -1.71136 1.21743 -0.958566 -1.62019 2.09715 -1.11086 0.606549 0.0662777 -1.38233 -1.96054 -1.13132 -0.4772 
0.975355 -1.96699 -1.71221 1.21947 -0.962713 -1.61938 2.09898 -1.11086 0.606549 0.0662777 -1.38233 -1.96054 -1.13132 -0.4772 
0.977493 -1.96654 -1.71149 1.22137 -0.962701 -1.61565 2.09761 -1.11086 0.606549 0.0662777 -1.38233 -1.96054 -1.13132 -0.4772 
0.977577 -1.96587 -1.71086 1.22077 -0.961729 -1.616 2.09672 -1.11086 0.606549 0.0662777 -1.38233 -1.96054 -1.13132 -0.4772 
0.977373 -1.96693 -1.71192 1.22209 -0.963645 -1.61482 2.09824 -1.11086 0.606549 0.0662777 -1.38233 -1.96054 -1.13132 -0.4772 
0.975809 -1.96695 -1.71268 1.2199 -0.963266 -1.61809 2.09802 -1.11086 0.606549 0.0662777 -1.38233 -1.96054 -1.13132 -0.4772 
0.975872 -1.9658 -1.71158 1.21826 -0.960718 -1.61975 2.09608 -1.11086 0.606549 0.0662777 -1.38233 -1.96054 -1.13132 -0.4772 
0.977983 -1.9645 -1.70953 1.21903 -0.959306 -1.61795 2.09475 -1.11086 0.606549 0.0662777 -1.38233 -1.96054 -1.13132 -0.4772 
0.978419 -1.96474 -1.70936 1.21973 -0.959863 -1.61684 2.09497 -1.11086 0.606549 0.0662777 -1.38233 -1.96054 -1.13132 -0.4772 
0.979873 -1.9634 -1.70815 1.22067 -0.959499 -1.61491 2.09352 -1.11086 0.606549 0.0662777 -1.38233 -1.96054 -1.13132 -0.4772 
0.976124 -1.96368 -1.71028 1.21596 -0.958438 -1.62151 2.09389 -1.11086 0.606549 0.0662777 -1.38233 -1.96054 -1.13132 -0.4772 
0.976109 -1.9654 -1.71125 1.2182 -0.96106 -1.61974 2.09598 -1.11086 0.606549 0.0662777 -1.38233 -1.96054 -1.13132 -0.4772 
0.977291 -1.96562 -1.71057 1.21996 -0.961599 -1.61742 2.09651 -1.11086 0.606549 0.0662777 -1.38233 -1.96054 -1.13132 -0.4772 
0.976722 -1.96662 -1.71155 1.22093 -0.962654 -1.6169 2.09852 -1.11086 0.606549 0.0662777 -1.38233 -1.96054 -1.13132 -0.4772 
0.977705 -1.96627 -1.71079 1.22161 -0.96235 -1.61554 2.09843 -1.11086 0.606549 0.0662777 -1.38233 -1.96054 -1.13132 -0.4772 
0.976618 -1.96676 -1.71158 1.22095 -0.9625 -1.6167 2.09903 -1.11086 0.606549 0.0662777 -1.38233 -1.96054 -1.13132 -0.4772 
0.978009 -1.96658 -1.71079 1.22262 -0.962641 -1.61443 2.09988 -1.11086 0.606549 0.0662777 -1.38233 -1.96054 -1.13132 -0.4772 
0.975307 -1.96699 -1.71197 1.21947 -0.962593 -1.61949 2.10106 -1.11086 0.606549 0.0662777 -1.38233 -1.96054 -1.13132 -0.4772 
0.978369 -1.966 -1.71044 1.2228 -0.962782 -1.6139 2.10016 -1.11086 0.606549 0.0662777 -1.38233 -1.96054 -1.13132 -0.4772 
0.977654 -1.96588 -1.71046 1.2213 -0.961612 -1.61612 2.09942 -1.11086 0.606549 0.0662777 -1.38233 -1.96054 -1.13132 -0.4772 
0.977159 -1.96566 -1.71029 1.22045 -0.960873 -1.61703 2.0996 -1.11086 0.606549 0.0662777 -1.38233 -1.96054 -1.13132 -0.4772 
0.978095 -1.96591 -1.71047 1.22224 -0.96203 -1.61478 2.10038 -1.11086 0.606549 0.0662777 -1.38233 -1.96054 -1.13132 -0.4772 
0.978257 -1.96499 -1.70946 1.22116 -0.960549 -1.61576 2.0986 -1.11086 0.606549 0.0662777 -1.38233 -1.96054 -1.13132 -0.4772 
0.978341 -1.96519 -1.70959 1.22146 -0.960898 -1.61535 2.09881 -1.11086 0.606549 0.0662777 -1.38233 -1.96054 -1.13132 -0.4772 
0.978531 -1.9647 -1.70895 1.22123 -0.960128 -1.61564 2.09775 -1.11086 0.606549 0.0662777 -1.38233 -1.96054 -1.13132 -0.4772 
0.977988 -1.96586 -1.7104 1.22169 -0.961671 -1.6154 2.09953 -1.11086 0.606549 0.0662777 -1.38233 -1.96054 -1.13132 -0.4772 
0.977804 -1.96537 -1.7102 1.22016 -0.96056 -1.61684 2.09863 -1.11086 0.606549 0.0662777 -1.38233 -1.96054 -1.13132 -0.4772 
0.978708 -1.96539 -1.70988 1.2223 -0.96156 -1.61436 2.09882 -1.11086 0.606549 0.0662777 -1.38233 -1.96054 -1.13132 -0.4772 
0.97833 -1.96509 -1.7098 1.22191 -0.961056 -1.61459 2.09906 -1.11086 0.606549 0.0662777 -1.38233 -1.96054 -1.13132 -0.4772 
0.978724 -1.96496 -1.70951 1.22173 -0.96066 -1.61497 2.09785 -1.11086 0.606549 0.0662777 -1.38233 -1.96054 -1.13132 -0.4772 
0.977487 -1.96577 -1.71046 1.22105 -0.960949 -1.61678 2.09867 -1.11086 0.606549 0.0662777 -1.38233 -1.96054 -1.13132 -0.4772 
0.976607 -1.96565 -1.71086 1.21924 -0.960134 -1.61907 2.09865 -1.11086 0.606549 0.0662777 -1.38233 -1.96054 -1.13132 -0.4772 
0.976027 -1.96699 -1.7098 1.22012 -0.960507 -1.6199 2.10465 -1.11086 0.606549 0.0662777 -1.38233 -1.96054 -1.13132 -0.4772 
0.972408 -1.96699 -1.70248 1.21874 -0.965246 -1.63024 2.12157 -1.11086 0.606549 0.0662777 -1.38233 -1.96054 -1.13132 -0.4772 
0.966422 -1.96699 -1.69565 1.21679 -0.973756 -1.64255 2.14354 -1.11086 0.606549 0.0662777 -1.38233 -1.96054 -1.13132 -0.4772 
0.958946 -1.96699 -1.68839 1.21378 -0.98277 -1.65702 2.16998 -1.11086 0.606549 0.0662777 -1.38233 -1.96054 -1.13132 -0.4772 
0.950544 -1.96699 -1.6832 1.20676 -0.985068 -1.67192 2.19305 -1.11086 0.606549 0.0662777 -1.38233 -1.96054 -1.13132 -0.4772 
0.940262 -1.96699 -1.67792 1.1991 -0.990226 -1.68871 2.2223 -1.11086 0.606549 0.0662777 -1.38233 -1.96054 -1.13132 -0.4772 
0.929226 -1.96699 -1.67149 1.19404 -1.0004 -1.7035 2.25902 -1.11086 0.606549 0.0662777 -1.38233 -1.96054 -1.13132 -0.4772 
0.914809 -1.96699 -1.66791 1.18225 -1.00521 -1.72336 2.29584 -1.11086 0.606549 0.0662777 -1.38233 -1.96054 -1.13132 -0.4772 
0.898842 -1.96699 -1.66577 1.16729 -1.00655 -1.74359 2.33289 -1.11086 0.606549 0.0662777 -1.38233 -1.96054 -1.13132 -0.4772 
0.883008 -1.96699 -1.6636 1.15354 -1.00984 -1.76101 2.37051 -1.11086 0.606549 0.0662777 -1.38233 -1.96054 -1.13132 -0.4772 
0.868357 -1.96699 -1.6619 1.1384 -1.00924 -1.77721 2.40308 -1.11086 0.606549 0.0662777 -1.38233 -1.96054 -1.13132 -0.4772 
0.84873 -1.96699 -1.66136 1.12174 -1.01879 -1.79982 2.44087 -1.11086 0.606549 0.0662777 -1.38233 -1.96054 -1.13132 -0.4772 
0.830617 -1.96699 -1.66229 1.10266 -1.02027 -1.82025 2.47192 -1.11086 0.606549 0.0662777 -1.38233 -1.96054 -1.13132 -0.4772 
0.820202 -1.96697 -1.66492 1.08892 -1.01466 -1.82575 2.49133 -1.11086 0.606549 0.0662777 -1.38233 -1.96054 -1.13132 -0.4772 
0.812971 -1.96699 -1.66792 1.08282 -1.01879 -1.82738 2.50353 -1.11086 0.606549 0.0662777 -1.38233 -1.96054 -1.13132 -0.4772 
0.804359 -1.96643 -1.672 1.07146 -1.01704 -1.83353 2.51086 -1.11086 0.606549 0.0662777 -1.38233 -1.96054 -1.13132 -0.4772 
0.802817 -1.96699 -1.67341 1.07291 -1.02263 -1.82905 2.51236 -1.11086 0.606549 0.0662777 -1.38233 -1.96054 -1.13132 -0.4772 
0.804715 -1.96663 -1.67247 1.07549 -1.02717 -1.82456 2.50226 -1.11086 0.606549 0.0662777 -1.38233 -1.96054 -1.13132 -0.4772 
0.806512 -1.96605 -1.67143 1.07632 -1.03137 -1.82398 2.48641 -1.11086 0.606549 0.0662777 -1.38233 -1.96054 -1.13132 -0.4772 
0.807077 -1.96562 -1.67194 1.0753 -1.0375 -1.82875 2.46183 -1.11086 0.606549 0.0662777 -1.38233 -1.96054 -1.13132 -0.4772 
0.812916 -1.96535 -1.67002 1.08138 -1.04655 -1.82803 2.42965 -1.11086 0.606549 0.0662777 -1.38233 -1.96054 -1.13132 -0.4772 
0.817092 -1.96378 -1.66792 1.08131 -1.0527 -1.83489 2.38966 -1.11086 0.606549 0.0662777 -1.38233 -1.96054 -1.13132 -0.4772 
0.826259 -1.96232 -1.66335 1.08738 -1.06124 -1.83595 2.343 -1.11086 0.606549 0.0662777 -1.38233 -1.96054 -1.13132 -0.4772 
0.836806 -1.95944 -1.65645 1.09261 -1.06693 -1.83617 2.2958 -1.11086 0.606549 0.0662777 -1.38233 -1.96054 -1.13132 -0.4772 
