1.11865 -1.86792 -1.70941 1.50027 -1.26163 -0.994243 2.16565 -1.1103 0.609337 0.0656645 -1.37593 -1.96223 -1.13301 -0.473288 
1.10177 -1.8495 -1.71066 1.46739 -1.26437 -0.986214 2.13959 -1.11086 0.606551 0.0662772 -1.38233 -1.96054 -1.13132 -0.477197 
1.10045 -1.85107 -1.71133 1.46529 -1.26506 -0.986562 2.14244 -1.11086 0.606549 0.0662777 -1.38233 -1.96054 -1.13132 -0.4772 
1.09951 -1.85024 -1.71017 1.46107 -1.25943 -0.993942 2.13769 -1.11086 0.606549 0.0662777 -1.38233 -1.96054 -1.13132 -0.4772 
1.09935 -1.85023 -1.70998 1.46059 -1.25844 -0.995316 2.13729 -1.11086 0.606549 0.0662777 -1.38233 -1.96054 -1.13132 -0.4772 
1.10031 -1.84952 -1.70949 1.46131 -1.25771 -0.995273 2.13614 -1.11086 0.606549 0.0662777 -1.38233 -1.96054 -1.13132 -0.4772 
1.10232 -1.84902 -1.7095 1.46204 -1.25956 -0.993152 2.133 -1.11086 0.606549 0.0662777 -1.38233 -1.96054 -1.13132 -0.4772 
1.10602 -1.84687 -1.70716 1.46253 -1.25858 -0.992018 2.12491 -1.11086 0.606549 0.0662777 -1.38233 -1.96054 -1.13132 -0.4772 
1.10819 -1.84688 -1.70677 1.46385 -1.25864 -0.991559 2.12409 -1.11086 0.606549 0.0662777 -1.38233 -1.96054 -1.13132 -0.4772 
1.11177 -1.84674 -1.70543 1.46726 -1.25776 -0.990409 2.12443 -1.11086 0.606549 0.0662777 -1.38233 -1.96054 -1.13132 -0.4772 
1.11596 -1.84572 -1.70361 1.47129 -1.25627 -0.98951 2.12201 -1.11086 0.606549 0.0662777 -1.38233 -1.96054 -1.13132 -0.4772 
1.11912 -1.8461 -1.70368 1.47628 -1.25816 -0.987098 2.12231 -1.11086 0.606549 0.0662777 -1.38233 -1.96054 -1.13132 -0.4772 
1.12224 -1.84579 -1.70241 1.47933 -1.25764 -0.986075 2.12066 -1.11086 0.606549 0.0662777 -1.38233 -1.96054 -1.13132 -0.4772 
1.1233 -1.8461 -1.70133 1.48024 -1.25535 -0.988701 2.11864 -1.11086 0.606549 0.0662777 -1.38233 -1.96054 -1.13132 -0.4772 
1.1248 -1.84624 -1.70078 1.48256 -1.25566 -0.987649 2.11861 -1.11086 0.606549 0.0662777 -1.38233 -1.96054 -1.13132 -0.4772 
1.12596 -1.84724 -1.70112 1.48495 -1.25695 -0.986976 2.11927 -1.11086 0.606549 0.0662777 -1.38233 -1.96054 -1.13132 -0.4772 
1.127 -1.84821 -1.70148 1.48705 -1.25804 -0.986784 2.11972 -1.11086 0.606549 0.0662777 -1.38233 -1.96054 -1.13132 -0.4772 
1.12818 -1.84856 -1.70146 1.48891 -1.25869 -0.985732 2.12056 -1.11086 0.606549 0.0662777 -1.38233 -1.96054 -1.13132 -0.4772 
1.12924 -1.84845 -1.70117 1.48999 -1.25867 -0.985326 2.12043 -1.11086 0.606549 0.0662777 -1.38233 -1.96054 -1.13132 -0.4772 
1.13032 -1.84752 -1.7 1.49007 -1.25699 -0.986255 2.11745 -1.11086 0.606549 0.0662777 -1.38233 -1.96054 -1.13132 -0.4772 
1.13106 -1.84806 -1.69956 1.49097 -1.25659 -0.98654 2.11782 -1.11086 0.606549 0.0662777 -1.38233 -1.96054 -1.13132 -0.4772 
1.13136 -1.84806 -1.69995 1.49163 -1.25696 -0.986294 2.11812 -1.11086 0.606549 0.0662777 -1.38233 -1.96054 -1.13132 -0.4772 
1.13254 -1.848 -1.69891 1.49219 -1.25573 -0.986883 2.11675 -1.11086 0.606549 0.0662777 -1.38233 -1.96054 -1.13132 -0.4772 
1.13391 -1.84713 -1.69836 1.49369 -1.25572 -0.985046 2.1166 -1.11086 0.606549 0.0662777 -1.38233 -1.96054 -1.13132 -0.4772 
1.1335 -1.84771 -1.69898 1.49363 -1.25591 -0.98603 2.11684 -1.11086 0.606549 0.0662777 -1.38233 -1.96054 -1.13132 -0.4772 
1.13501 -1.84668 -1.69827 1.49507 -1.25608 -0.983665 2.11636 -1.11086 0.606549 0.0662777 -1.38233 -1.96054 -1.13132 -0.4772 
1.13488 -1.84743 -1.699 1.49553 -1.2572 -0.983479 2.1171 -1.11086 0.606549 0.0662777 -1.38233 -1.96054 -1.13132 -0.4772 
1.13542 -1.84778 -1.69912 1.49638 -1.25799 -0.983153 2.11706 -1.11086 0.606549 0.0662777 -1.38233 -1.96054 -1.13132 -0.4772 
1.13683 -1.84781 -1.69762 1.49717 -1.25558 -0.984947 2.11489 -1.11086 0.606549 0.0662777 -1.38233 -1.96054 -1.13132 -0.4772 
1.13834 -1.84741 -1.6969 1.4985 -1.25486 -0.984945 2.11359 -1.11086 0.606549 0.0662777 -1.38233 -1.96054 -1.13132 -0.4772 
1.14053 -1.84682 -1.69618 1.50037 -1.25459 -0.983992 2.11195 -1.11086 0.606549 0.0662777 -1.38233 -1.96054 -1.13132 -0.4772 
1.1413 -1.84872 -1.69724 1.50276 -1.25664 -0.983647 2.11334 -1.11086 0.606549 0.0662777 -1.38233 -1.96054 -1.13132 -0.4772 
1.14326 -1.84852 -1.697 1.50578 -1.25807 -0.980489 2.11411 -1.11086 0.606549 0.0662777 -1.38233 -1.96054 -1.13132 -0.4772 
1.1448 -1.84686 -1.69511 1.50616 -1.25475 -0.981482 2.11163 -1.11086 0.606549 0.0662777 -1.38233 -1.96054 -1.13132 -0.4772 
1.14494 -1.84745 -1.6951 1.50669 -1.2543 -0.982467 2.11193 -1.11086 0.606549 0.0662777 -1.38233 -1.96054 -1.13132 -0.4772 
1.14649 -1.84636 -1.69508 1.50844 -1.25579 -0.979269 2.11157 -1.11086 0.606549 0.0662777 -1.38233 -1.96054 -1.13132 -0.4772 
1.14623 -1.84657 -1.69478 1.5077 -1.25496 -0.98054 2.11056 -1.11086 0.606549 0.0662777 -1.38233 -1.96054 -1.13132 -0.4772 
1.14612 -1.84693 -1.69523 1.50797 -1.25506 -0.981021 2.11091 -1.11086 0.606549 0.0662777 -1.38233 -1.96054 -1.13132 -0.4772 
1.14514 -1.84865 -1.69563 1.50728 -1.25508 -0.982946 2.112 -1.11086 0.606549 0.0662777 -1.38233 -1.96054 -1.13132 -0.4772 
1.14579 -1.84767 -1.69511 1.508 -1.25551 -0.980969 2.11142 -1.11086 0.606549 0.0662777 -1.38233 -1.96054 -1.13132 -0.4772 
1.14673 -1.846 -1.69399 1.50788 -1.25424 -0.980201 2.10962 -1.11086 0.606549 0.0662777 -1.38233 -1.96054 -1.13132 -0.4772 
1.14584 -1.84779 -1.69528 1.50841 -1.25585 -0.980642 2.1116 -1.11086 0.606549 0.0662777 -1.38233 -1.96054 -1.13132 -0.4772 
1.14527 -1.84857 -1.6956 1.50791 -1.25556 -0.981932 2.11226 -1.11086 0.606549 0.0662777 -1.38233 -1.96054 -1.13132 -0.4772 
1.14563 -1.84797 -1.69527 1.50778 -1.2549 -0.981727 2.11192 -1.11086 0.606549 0.0662777 -1.38233 -1.96054 -1.13132 -0.4772 
1.14469 -1.84904 -1.69571 1.50716 -1.25479 -0.983723 2.11233 -1.11086 0.606549 0.0662777 -1.38233 -1.96054 -1.13132 -0.4772 
1.14658 -1.84635 -1.69412 1.50817 -1.2547 -0.980316 2.11002 -1.11086 0.606549 0.0662777 -1.38233 -1.96054 -1.13132 -0.4772 
1.14694 -1.84618 -1.69435 1.50877 -1.25569 -0.978941 2.10995 -1.11086 0.606549 0.0662777 -1.38233 -1.96054 -1.13132 -0.4772 
1.14672 -1.8468 -1.69495 1.50892 -1.25665 -0.978588 2.111 -1.11086 0.606549 0.0662777 -1.38233 -1.96054 -1.13132 -0.4772 
1.14587 -1.84763 -1.6949 1.50769 -1.25469 -0.981962 2.11089 -1.11086 0.606549 0.0662777 -1.38233 -1.96054 -1.13132 -0.4772 
1.14599 -1.84717 -1.69462 1.50749 -1.25437 -0.98216 2.11 -1.11086 0.606549 0.0662777 -1.38233 -1.96054 -1.13132 -0.4772 
1.14526 -1.84771 -1.69458 1.50662 -1.25317 -0.984061 2.11025 -1.11086 0.606549 0.0662777 -1.38233 -1.96054 -1.13132 -0.4772 
1.14567 -1.84755 -1.69516 1.50785 -1.25519 -0.98182 2.11097 -1.11086 0.606549 0.0662777 -1.38233 -1.96054 -1.13132 -0.4772 
1.14592 -1.84773 -1.69539 1.50857 -1.25641 -0.980446 2.11172 -1.11086 0.606549 0.0662777 -1.38233 -1.96054 -1.13132 -0.4772 
1.14653 -1.84594 -1.69405 1.50758 -1.25398 -0.981086 2.10889 -1.11086 0.606549 0.0662777 -1.38233 -1.96054 -1.13132 -0.4772 
1.14659 -1.84563 -1.69363 1.50688 -1.25292 -0.982147 2.10812 -1.11086 0.606549 0.0662777 -1.38233 -1.96054 -1.13132 -0.4772 
1.14698 -1.84616 -1.69461 1.50884 -1.25628 -0.978524 2.11011 -1.11086 0.606549 0.0662777 -1.38233 -1.96054 -1.13132 -0.4772 
1.14691 -1.84587 -1.69427 1.50841 -1.25588 -0.978687 2.10913 -1.11086 0.606549 0.0662777 -1.38233 -1.96054 -1.13132 -0.4772 
1.14613 -1.84745 -1.69547 1.50843 -1.25683 -0.979606 2.11114 -1.11086 0.606549 0.0662777 -1.38233 -1.96054 -1.13132 -0.4772 
1.1464 -1.84712 -1.69531 1.50865 -1.25716 -0.97865 2.11087 -1.11086 0.606549 0.0662777 -1.38233 -1.96054 -1.13132 -0.4772 
1.14607 -1.84679 -1.69521 1.50783 -1.25613 -0.980142 2.10936 -1.11086 0.606549 0.0662777 -1.38233 -1.96054 -1.13132 -0.4772 
1.14587 -1.84738 -1.69535 1.50753 -1.25588 -0.981131 2.10988 -1.11086 0.606549 0.0662777 -1.38233 -1.96054 -1.13132 -0.4772 
1.14536 -1.84795 -1.69613 1.50781 -1.25709 -0.980885 2.11041 -1.11086 0.606549 0.0662777 -1.38233 -1.96054 -1.13132 -0.4772 
1.14569 -1.84785 -1.69589 1.50771 -1.25682 -0.981094 2.11056 -1.11086 0.606549 0.0662777 -1.38233 -1.96054 -1.13132 -0.4772 
1.14541 -1.84886 -1.6974 1.50926 -1.26006 -0.978158 2.11297 -1.11086 0.606549 0.0662777 -1.38233 -1.96054 -1.13132 -0.4772 
1.14499 -1.84892 -1.69698 1.50824 -1.25857 -0.980263 2.11197 -1.11086 0.606549 0.0662777 -1.38233 -1.96054 -1.13132 -0.4772 
1.14563 -1.84808 -1.69613 1.50783 -1.25719 -0.980733 2.11002 -1.11086 0.606549 0.0662777 -1.38233 -1.96054 -1.13132 -0.4772 
1.14599 -1.84752 -1.69584 1.50805 -1.25722 -0.979912 2.10963 -1.11086 0.606549 0.0662777 -1.38233 -1.96054 -1.13132 -0.4772 
1.14596 -1.8476 -1.6961 1.50815 -1.25753 -0.979835 2.10995 -1.11086 0.606549 0.0662777 -1.38233 -1.96054 -1.13132 -0.4772 
1.14595 -1.84729 -1.69558 1.50791 -1.2566 -0.980356 2.10988 -1.11086 0.606549 0.0662777 -1.38233 -1.96054 -1.13132 -0.4772 
1.14563 -1.84832 -1.69691 1.50857 -1.25881 -0.979187 2.11132 -1.11086 0.606549 0.0662777 -1.38233 -1.96054 -1.13132 -0.4772 
1.14553 -1.84831 -1.69659 1.50786 -1.25786 -0.980262 2.11039 -1.11086 0.606549 0.0662777 -1.38233 -1.96054 -1.13132 -0.4772 
1.14583 -1.84795 -1.69661 1.50857 -1.2587 -0.978754 2.11082 -1.11086 0.606549 0.0662777 -1.38233 -1.96054 -1.13132 -0.4772 
1.14547 -1.84814 -1.69642 1.50816 -1.25802 -0.979483 2.11093 -1.11086 0.606549 0.0662777 -1.38233 -1.96054 -1.13132 -0.4772 
1.14641 -1.84705 -1.6963 1.5091 -1.25886 -0.977238 2.1104 -1.11086 0.606549 0.0662777 -1.38233 -1.96054 -1.13132 -0.4772 
1.1465 -1.84667 -1.69539 1.5084 -1.25704 -0.978579 2.10971 -1.11086 0.606549 0.0662777 -1.38233 -1.96054 -1.13132 -0.4772 
1.14572 -1.84818 -1.69668 1.50873 -1.25844 -0.979032 2.11116 -1.11086 0.606549 0.0662777 -1.38233 -1.96054 -1.13132 -0.4772 
1.14544 -1.84809 -1.69642 1.50784 -1.25701 -0.980916 2.10991 -1.11086 0.606549 0.0662777 -1.38233 -1.96054 -1.13132 -0.4772 
1.14542 -1.84829 -1.69654 1.50784 -1.25709 -0.980897 2.11094 -1.11086 0.606549 0.0662777 -1.38233 -1.96054 -1.13132 -0.4772 
1.14488 -1.84821 -1.69562 1.50654 -1.2549 -0.983396 2.1091 -1.11086 0.606549 0.0662777 -1.38233 -1.96054 -1.13132 -0.4772 
1.14487 -1.84848 -1.69599 1.50708 -1.25605 -0.982415 2.1098 -1.11086 0.606549 0.0662777 -1.38233 -1.96054 -1.13132 -0.4772 
1.14485 -1.84828 -1.69586 1.50681 -1.25557 -0.982839 2.11024 -1.11086 0.606549 0.0662777 -1.38233 -1.96054 -1.13132 -0.4772 
1.14561 -1.84821 -1.6963 1.50842 -1.2573 -0.980247 2.11152 -1.11086 0.606549 0.0662777 -1.38233 -1.96054 -1.13132 -0.4772 
1.14583 -1.84775 -1.69556 1.50799 -1.25613 -0.980739 2.11037 -1.11086 0.606549 0.0662777 -1.38233 -1.96054 -1.13132 -0.4772 
1.14584 -1.8477 -1.69594 1.50825 -1.25657 -0.980062 2.1115 -1.11086 0.606549 0.0662777 -1.38233 -1.96054 -1.13132 -0.4772 
1.14562 -1.84787 -1.69556 1.50796 -1.25565 -0.981134 2.11136 -1.11086 0.606549 0.0662777 -1.38233 -1.96054 -1.13132 -0.4772 
1.14655 -1.84659 -1.69506 1.50845 -1.2556 -0.979053 2.11106 -1.11086 0.606549 0.0662777 -1.38233 -1.96054 -1.13132 -0.4772 
1.14629 -1.84662 -1.69472 1.50788 -1.25478 -0.980012 2.11039 -1.11086 0.606549 0.0662777 -1.38233 -1.96054 -1.13132 -0.4772 
1.1466 -1.84669 -1.69509 1.50873 -1.25583 -0.978804 2.11146 -1.11086 0.606549 0.0662777 -1.38233 -1.96054 -1.13132 -0.4772 
1.1459 -1.84751 -1.69496 1.50792 -1.25495 -0.980567 2.11159 -1.11086 0.606549 0.0662777 -1.38233 -1.96054 -1.13132 -0.4772 
1.14654 -1.84718 -1.69557 1.50885 -1.25661 -0.978399 2.11236 -1.11086 0.606549 0.0662777 -1.38233 -1.96054 -1.13132 -0.4772 
1.1459 -1.84779 -1.69542 1.50781 -1.25531 -0.98091 2.11172 -1.11086 0.606549 0.0662777 -1.38233 -1.96054 -1.13132 -0.4772 
1.14659 -1.84658 -1.69455 1.50797 -1.25461 -0.979899 2.11059 -1.11086 0.606549 0.0662777 -1.38233 -1.96054 -1.13132 -0.4772 
1.14594 -1.84726 -1.69493 1.50775 -1.25444 -0.98123 2.11122 -1.11086 0.606549 0.0662777 -1.38233 -1.96054 -1.13132 -0.4772 
1.14614 -1.84719 -1.69501 1.50798 -1.25475 -0.981005 2.1111 -1.11086 0.606549 0.0662777 -1.38233 -1.96054 -1.13132 -0.4772 
1.14601 -1.84694 -1.69473 1.50754 -1.25387 -0.981731 2.1102 -1.11086 0.606549 0.0662777 -1.38233 -1.96054 -1.13132 -0.4772 
1.14701 -1.84547 -1.69402 1.50797 -1.25384 -0.979702 2.10878 -1.11086 0.606549 0.0662777 -1.38233 -1.96054 -1.13132 -0.4772 
1.14668 -1.84551 -1.69395 1.50757 -1.25327 -0.980415 2.10905 -1.11086 0.606549 0.0662777 -1.38233 -1.96054 -1.13132 -0.4772 
1.14664 -1.84627 -1.69468 1.50831 -1.25486 -0.979516 2.11024 -1.11086 0.606549 0.0662777 -1.38233 -1.96054 -1.13132 -0.4772 
1.14597 -1.84714 -1.69503 1.50806 -1.25511 -0.980328 2.11135 -1.11086 0.606549 0.0662777 -1.38233 -1.96054 -1.13132 -0.4772 
1.14648 -1.84674 -1.69511 1.5085 -1.25568 -0.979138 2.11141 -1.11086 0.606549 0.0662777 -1.38233 -1.96054 -1.13132 -0.4772 
1.14561 -1.84731 -1.695 1.50754 -1.25436 -0.98153 2.11117 -1.11086 0.606549 0.0662777 -1.38233 -1.96054 -1.13132 -0.4772 
1.14497 -1.84805 -1.69532 1.50706 -1.25415 -0.9829 2.11121 -1.11086 0.606549 0.0662777 -1.38233 -1.96054 -1.13132 -0.4772 
1.14579 -1.84659 -1.69467 1.50725 -1.25404 -0.981378 2.11029 -1.11086 0.606549 0.0662777 -1.38233 -1.96054 -1.13132 -0.4772 
1.14593 -1.84637 -1.69498 1.50748 -1.25487 -0.98033 2.11029 -1.11086 0.606549 0.0662777 -1.38233 -1.96054 -1.13132 -0.4772 
1.14646 -1.84601 -1.6948 1.50803 -1.25521 -0.979156 2.11065 -1.11086 0.606549 0.0662777 -1.38233 -1.96054 -1.13132 -0.4772 
1.14625 -1.84645 -1.69471 1.50769 -1.25505 -0.980207 2.10996 -1.11086 0.606549 0.0662777 -1.38233 -1.96054 -1.13132 -0.4772 
1.1456 -1.84748 -1.69546 1.50768 -1.25536 -0.981387 2.11145 -1.11086 0.606549 0.0662777 -1.38233 -1.96054 -1.13132 -0.4772 
1.14544 -1.8476 -1.69521 1.50726 -1.2549 -0.982112 2.11105 -1.11086 0.606549 0.0662777 -1.38233 -1.96054 -1.13132 -0.4772 
1.14605 -1.84654 -1.69481 1.50784 -1.25523 -0.980371 2.11061 -1.11086 0.606549 0.0662777 -1.38233 -1.96054 -1.13132 -0.4772 
1.14618 -1.84691 -1.69543 1.50876 -1.25714 -0.978581 2.11125 -1.11086 0.606549 0.0662777 -1.38233 -1.96054 -1.13132 -0.4772 
1.14563 -1.84755 -1.69546 1.50788 -1.25626 -0.980437 2.11131 -1.11086 0.606549 0.0662777 -1.38233 -1.96054 -1.13132 -0.4772 
1.14551 -1.84773 -1.69606 1.50796 -1.25672 -0.980362 2.11215 -1.11086 0.606549 0.0662777 -1.38233 -1.96054 -1.13132 -0.4772 
1.14535 -1.84801 -1.69613 1.50788 -1.25691 -0.980549 2.11204 -1.11086 0.606549 0.0662777 -1.38233 -1.96054 -1.13132 -0.4772 
1.14568 -1.84724 -1.69547 1.50727 -1.25535 -0.981647 2.1108 -1.11086 0.606549 0.0662777 -1.38233 -1.96054 -1.13132 -0.4772 
1.14535 -1.84812 -1.69647 1.50843 -1.25751 -0.979713 2.11289 -1.11086 0.606549 0.0662777 -1.38233 -1.96054 -1.13132 -0.4772 
1.14535 -1.84779 -1.69613 1.5085 -1.25708 -0.979568 2.1125 -1.11086 0.606549 0.0662777 -1.38233 -1.96054 -1.13132 -0.4772 
1.14576 -1.84765 -1.69591 1.50852 -1.257 -0.979382 2.11276 -1.11086 0.606549 0.0662777 -1.38233 -1.96054 -1.13132 -0.4772 
1.14573 -1.84744 -1.69601 1.50851 -1.25745 -0.979055 2.11226 -1.11086 0.606549 0.0662777 -1.38233 -1.96054 -1.13132 -0.4772 
1.14543 -1.8512 -1.69649 1.51111 -1.25667 -0.980831 2.12089 -1.11086 0.606549 0.0662777 -1.38233 -1.96054 -1.13132 -0.4772 
1.14504 -1.85574 -1.69736 1.51447 -1.25721 -0.98168 2.13142 -1.11086 0.606549 0.0662777 -1.38233 -1.96054 -1.13132 -0.4772 
1.14371 -1.86014 -1.69775 1.51567 -1.25469 -0.986388 2.14006 -1.11086 0.606549 0.0662777 -1.38233 -1.96054 -1.13132 -0.4772 
1.14212 -1.8665 -1.70003 1.51938 -1.25656 -0.987619 2.15456 -1.11086 0.606549 0.0662777 -1.38233 -1.96054 -1.13132 -0.4772 
1.14097 -1.87072 -1.70035 1.5214 -1.25474 -0.990385 2.1656 -1.11086 0.606549 0.0662777 -1.38233 -1.96054 -1.13132 -0.4772 
1.14019 -1.87488 -1.70055 1.52405 -1.25345 -0.991946 2.17683 -1.11086 0.606549 0.0662777 -1.38233 -1.96054 -1.13132 -0.4772 
1.13809 -1.88103 -1.7022 1.52636 -1.25275 -0.995102 2.19213 -1.11086 0.606549 0.0662777 -1.38233 -1.96054 -1.13132 -0.4772 
1.13599 -1.88664 -1.70348 1.52849 -1.25156 -0.997929 2.20677 -1.11086 0.606549 0.0662777 -1.38233 -1.96054 -1.13132 -0.4772 
1.13335 -1.89305 -1.70521 1.53061 -1.25072 -1.00115 2.2235 -1.11086 0.606549 0.0662777 -1.38233 -1.96054 -1.13132 -0.4772 
1.13056 -1.89848 -1.70633 1.53159 -1.24819 -1.0052 2.23928 -1.11086 0.606549 0.0662777 -1.38233 -1.96054 -1.13132 -0.4772 
1.12704 -1.90534 -1.70802 1.53271 -1.24607 -1.01004 2.25738 -1.11086 0.606549 0.0662777 -1.38233 -1.96054 -1.13132 -0.4772 
1.12341 -1.91161 -1.70936 1.53318 -1.24282 -1.01532 2.27499 -1.11086 0.606549 0.0662777 -1.38233 -1.96054 -1.13132 -0.4772 
1.11888 -1.91799 -1.71082 1.53276 -1.23877 -1.02174 2.29296 -1.11086 0.606549 0.0662777 -1.38233 -1.96054 -1.13132 -0.4772 
1.11379 -1.92563 -1.71315 1.533 -1.23609 -1.02743 2.3145 -1.11086 0.606549 0.0662777 -1.38233 -1.96054 -1.13132 -0.4772 
1.11014 -1.93047 -1.71358 1.53209 -1.23072 -1.03301 2.33198 -1.11086 0.606549 0.0662777 -1.38233 -1.96054 -1.13132 -0.4772 
1.10548 -1.93649 -1.71454 1.53068 -1.22541 -1.03957 2.35116 -1.11086 0.606549 0.0662777 -1.38233 -1.96054 -1.13132 -0.4772 
1.09989 -1.94373 -1.71707 1.53024 -1.22258 -1.04495 2.37387 -1.11086 0.606549 0.0662777 -1.38233 -1.96054 -1.13132 -0.4772 
1.09361 -1.95075 -1.71904 1.52806 -1.21764 -1.05245 2.39612 -1.11086 0.606549 0.0662777 -1.38233 -1.96054 -1.13132 -0.4772 
1.08876 -1.95716 -1.72124 1.52785 -1.21572 -1.05595 2.41619 -1.11086 0.606549 0.0662777 -1.38233 -1.96054 -1.13132 -0.4772 
1.08497 -1.96168 -1.72123 1.52665 -1.21059 -1.06038 2.4335 -1.11086 0.606549 0.0662777 -1.38233 -1.96054 -1.13132 -0.4772 
1.07974 -1.96699 -1.72235 1.52522 -1.20828 -1.06609 2.45344 -1.11086 0.606549 0.0662777 -1.38233 -1.96054 -1.13132 -0.4772 
1.07549 -1.96699 -1.71715 1.52249 -1.20873 -1.07751 2.47239 -1.11086 0.606549 0.0662777 -1.38233 -1.96054 -1.13132 -0.4772 
1.07029 -1.96699 -1.71202 1.51883 -1.20924 -1.09115 2.49175 -1.11086 0.606549 0.0662777 -1.38233 -1.96054 -1.13132 -0.4772 
1.06655 -1.96699 -1.70721 1.51791 -1.21381 -1.1 2.51282 -1.11086 0.606549 0.0662777 -1.38233 -1.96054 -1.13132 -0.4772 
1.06177 -1.96699 -1.70231 1.51449 -1.21456 -1.11227 2.53084 -1.11086 0.606549 0.0662777 -1.38233 -1.96054 -1.13132 -0.4772 
1.05855 -1.96699 -1.69932 1.51186 -1.21403 -1.11748 2.54615 -1.11086 0.606549 0.0662777 -1.38233 -1.96054 -1.13132 -0.4772 
1.05269 -1.96699 -1.69826 1.50777 -1.21899 -1.12702 2.55849 -1.11086 0.606549 0.0662777 -1.38233 -1.96054 -1.13132 -0.4772 
1.04884 -1.96699 -1.69728 1.50526 -1.22231 -1.13121 2.56869 -1.11086 0.606549 0.0662777 -1.38233 -1.96054 -1.13132 -0.4772 
1.04568 -1.96699 -1.69667 1.50305 -1.22402 -1.13334 2.57719 -1.11086 0.606549 0.0662777 -1.38233 -1.96054 -1.13132 -0.4772 
1.04218 -1.96688 -1.6964 1.49716 -1.21844 -1.13924 2.57877 -1.11086 0.606549 0.0662777 -1.38233 -1.96054 -1.13132 -0.4772 
1.03793 -1.96699 -1.69636 1.49309 -1.21949 -1.14591 2.58346 -1.11086 0.606549 0.0662777 -1.38233 -1.96054 -1.13132 -0.4772 
1.03972 -1.96463 -1.69382 1.49249 -1.21751 -1.14241 2.58158 -1.11086 0.606549 0.0662777 -1.38233 -1.96054 -1.13132 -0.4772 
1.03695 -1.96652 -1.69619 1.49084 -1.21962 -1.14481 2.58213 -1.11086 0.606549 0.0662777 -1.38233 -1.96054 -1.13132 -0.4772 
1.03538 -1.96699 -1.69675 1.49008 -1.22286 -1.14648 2.58184 -1.11086 0.606549 0.0662777 -1.38233 -1.96054 -1.13132 -0.4772 
1.03682 -1.96465 -1.69462 1.48814 -1.22017 -1.14647 2.573 -1.11086 0.606549 0.0662777 -1.38233 -1.96054 -1.13132 -0.4772 
1.03831 -1.96512 -1.69584 1.49123 -1.2266 -1.14138 2.56974 -1.11086 0.606549 0.0662777 -1.38233 -1.96054 -1.13132 -0.4772 
1.03819 -1.96567 -1.69647 1.49117 -1.22941 -1.14198 2.56306 -1.11086 0.606549 0.0662777 -1.38233 -1.96054 -1.13132 -0.4772 
1.03964 -1.96439 -1.69577 1.49111 -1.23118 -1.14206 2.55149 -1.11086 0.606549 0.0662777 -1.38233 -1.96054 -1.13132 -0.4772 
1.04297 -1.96257 -1.69457 1.49256 -1.23405 -1.13996 2.53741 -1.11086 0.606549 0.0662777 -1.38233 -1.96054 -1.13132 -0.4772 
1.04443 -1.96188 -1.69451 1.49268 -1.23658 -1.1411 2.52341 -1.11086 0.606549 0.0662777 -1.38233 -1.96054 -1.13132 -0.4772 
1.04756 -1.96024 -1.69396 1.49454 -1.24079 -1.13914 2.50743 -1.11086 0.606549 0.0662777 -1.38233 -1.96054 -1.13132 -0.4772 
1.04901 -1.96054 -1.69555 1.49589 -1.24674 -1.14008 2.49006 -1.11086 0.606549 0.0662777 -1.38233 -1.96054 -1.13132 -0.4772 
1.05265 -1.95885 -1.69444 1.49733 -1.25014 -1.13968 2.47085 -1.11086 0.606549 0.0662777 -1.38233 -1.96054 -1.13132 -0.4772 
1.05846 -1.95584 -1.69273 1.50074 -1.25524 -1.13568 2.4489 -1.11086 0.606549 0.0662777 -1.38233 -1.96054 -1.13132 -0.4772 
1.06021 -1.95553 -1.69279 1.50049 -1.25799 -1.1392 2.42787 -1.11086 0.606549 0.0662777 -1.38233 -1.96054 -1.13132 -0.4772 
1.06388 -1.95394 -1.6921 1.50131 -1.26167 -1.14056 2.40331 -1.11086 0.606549 0.0662777 -1.38233 -1.96054 -1.13132 -0.4772 
1.06812 -1.95215 -1.69129 1.50304 -1.26614 -1.13952 2.38007 -1.11086 0.606549 0.0662777 -1.38233 -1.96054 -1.13132 -0.4772 
1.07296 -1.9498 -1.68999 1.50461 -1.27014 -1.1388 2.35511 -1.11086 0.606549 0.0662777 -1.38233 -1.96054 -1.13132 -0.4772 
1.08225 -1.9431 -1.69123 1.50904 -1.28579 -1.13001 2.30546 -1.11086 0.606549 0.0662777 -1.38233 -1.96054 -1.13132 -0.4772 
1.08161 -1.94313 -1.69182 1.50808 -1.28621 -1.13088 2.30286 -1.11086 0.606549 0.0662777 -1.38233 -1.96054 -1.13132 -0.4772 
1.08439 -1.94211 -1.69154 1.50735 -1.28915 -1.13378 2.27767 -1.11086 0.606549 0.0662777 -1.38233 -1.96054 -1.13132 -0.4772 
1.08975 -1.93848 -1.68924 1.508 -1.29172 -1.13267 2.2492 -1.11086 0.606549 0.0662777 -1.38233 -1.96054 -1.13132 -0.4772 
1.09253 -1.937 -1.68834 1.50623 -1.29276 -1.13691 2.22195 -1.11086 0.606549 0.0662777 -1.38233 -1.96054 -1.13132 -0.4772 
1.09569 -1.93626 -1.68824 1.50595 -1.29666 -1.13923 2.19588 -1.11086 0.606549 0.0662777 -1.38233 -1.96054 -1.13132 -0.4772 
1.09918 -1.93398 -1.68674 1.50472 -1.29775 -1.1417 2.16973 -1.11086 0.606549 0.0662777 -1.38233 -1.96054 -1.13132 -0.4772 
1.10205 -1.93231 -1.68584 1.50319 -1.29982 -1.14475 2.14203 -1.11086 0.606549 0.0662777 -1.38233 -1.96054 -1.13132 -0.4772 
1.10626 -1.92919 -1.68317 1.50181 -1.29957 -1.14575 2.11745 -1.11086 0.606549 0.0662777 -1.38233 -1.96054 -1.13132 -0.4772 
1.10891 -1.92803 -1.68244 1.50048 -1.30123 -1.14807 2.09481 -1.11086 0.606549 0.0662777 -1.38233 -1.96054 -1.13132 -0.4772 
1.11168 -1.92529 -1.68028 1.4973 -1.30034 -1.152 2.06749 -1.11086 0.606549 0.0662777 -1.38233 -1.96054 -1.13132 -0.4772 
1.11419 -1.92307 -1.67859 1.49496 -1.29974 -1.1548 2.04574 -1.11086 0.606549 0.0662777 -1.38233 -1.96054 -1.13132 -0.4772 
1.11622 -1.92018 -1.67591 1.49037 -1.2958 -1.16026 2.02247 -1.11086 0.606549 0.0662777 -1.38233 -1.96054 -1.13132 -0.4772 
1.11767 -1.9191 -1.67536 1.48818 -1.29661 -1.16317 2.00319 -1.11086 0.606549 0.0662777 -1.38233 -1.96054 -1.13132 -0.4772 
1.11977 -1.91688 -1.6736 1.48548 -1.29574 -1.16592 1.98355 -1.11086 0.606549 0.0662777 -1.38233 -1.96054 -1.13132 -0.4772 
1.11853 -1.91325 -1.67141 1.47786 -1.29494 -1.17234 1.94595 -1.11086 0.606549 0.0662777 -1.38233 -1.96054 -1.13132 -0.4772 
1.11948 -1.91254 -1.67057 1.47564 -1.29514 -1.17522 1.92942 -1.11086 0.606549 0.0662777 -1.38233 -1.96054 -1.13132 -0.4772 
1.12128 -1.9083 -1.66654 1.47001 -1.28846 -1.18066 1.90845 -1.11086 0.606549 0.0662777 -1.38233 -1.96054 -1.13132 -0.4772 
1.12002 -1.90904 -1.66664 1.46564 -1.28651 -1.18794 1.89585 -1.11086 0.606549 0.0662777 -1.38233 -1.96054 -1.13132 -0.4772 
1.11934 -1.91056 -1.66833 1.46431 -1.28921 -1.19116 1.88668 -1.11086 0.606549 0.0662777 -1.38233 -1.96054 -1.13132 -0.4772 
1.12032 -1.90951 -1.66687 1.46179 -1.28716 -1.19447 1.87459 -1.11086 0.606549 0.0662777 -1.38233 -1.96054 -1.13132 -0.4772 
1.11945 -1.90738 -1.66431 1.45483 -1.2793 -1.20364 1.85969 -1.11086 0.606549 0.0662777 -1.38233 -1.96054 -1.13132 -0.4772 
1.12256 -1.90441 -1.66135 1.45431 -1.2781 -1.20199 1.84826 -1.11086 0.606549 0.0662777 -1.38233 -1.96054 -1.13132 -0.4772 
1.12134 -1.90551 -1.66211 1.45169 -1.27809 -1.20646 1.8408 -1.11086 0.606549 0.0662777 -1.38233 -1.96054 -1.13132 -0.4772 
1.12206 -1.90276 -1.65929 1.44674 -1.27256 -1.21172 1.82697 -1.11086 0.606549 0.0662777 -1.38233 -1.96054 -1.13132 -0.4772 
1.11954 -1.90612 -1.66199 1.44471 -1.27458 -1.21701 1.82328 -1.11086 0.606549 0.0662777 -1.38233 -1.96054 -1.13132 -0.4772 
1.12405 -1.9008 -1.65808 1.44497 -1.27394 -1.2117 1.80978 -1.11086 0.606549 0.0662777 -1.38233 -1.96054 -1.13132 -0.4772 
1.12442 -1.89825 -1.6558 1.44032 -1.26995 -1.21613 1.79564 -1.11086 0.606549 0.0662777 -1.38233 -1.96054 -1.13132 -0.4772 
1.12384 -1.89985 -1.6574 1.44015 -1.27305 -1.21678 1.79237 -1.11086 0.606549 0.0662777 -1.38233 -1.96054 -1.13132 -0.4772 
1.1236 -1.89891 -1.65658 1.43719 -1.27178 -1.21999 1.78165 -1.11086 0.606549 0.0662777 -1.38233 -1.96054 -1.13132 -0.4772 
1.12391 -1.89748 -1.65539 1.434 -1.27045 -1.22255 1.76981 -1.11086 0.606549 0.0662777 -1.38233 -1.96054 -1.13132 -0.4772 
1.1225 -1.89663 -1.65438 1.42806 -1.26673 -1.22991 1.75551 -1.11086 0.606549 0.0662777 -1.38233 -1.96054 -1.13132 -0.4772 
1.1219 -1.89788 -1.65545 1.42713 -1.26949 -1.23117 1.74892 -1.11086 0.606549 0.0662777 -1.38233 -1.96054 -1.13132 -0.4772 
1.12032 -1.90032 -1.65752 1.42587 -1.27387 -1.23355 1.74034 -1.11086 0.606549 0.0662777 -1.38233 -1.96054 -1.13132 -0.4772 
1.12324 -1.90027 -1.65777 1.42988 -1.28127 -1.2264 1.73306 -1.11086 0.606549 0.0662777 -1.38233 -1.96054 -1.13132 -0.4772 
1.12201 -1.9006 -1.65781 1.42581 -1.28064 -1.23154 1.72109 -1.11086 0.606549 0.0662777 -1.38233 -1.96054 -1.13132 -0.4772 
1.12181 -1.89808 -1.65553 1.42044 -1.27617 -1.23694 1.70539 -1.11086 0.606549 0.0662777 -1.38233 -1.96054 -1.13132 -0.4772 
1.1221 -1.89703 -1.65445 1.4176 -1.27555 -1.23943 1.69225 -1.11086 0.606549 0.0662777 -1.38233 -1.96054 -1.13132 -0.4772 
1.11722 -1.90188 -1.6582 1.41268 -1.277 -1.25016 1.68363 -1.11086 0.606549 0.0662777 -1.38233 -1.96054 -1.13132 -0.4772 
1.1151 -1.9035 -1.65919 1.40902 -1.27734 -1.25632 1.67263 -1.11086 0.606549 0.0662777 -1.38233 -1.96054 -1.13132 -0.4772 
1.1154 -1.90187 -1.65787 1.40611 -1.2763 -1.25877 1.65916 -1.11086 0.606549 0.0662777 -1.38233 -1.96054 -1.13132 -0.4772 
1.11898 -1.90501 -1.65971 1.41276 -1.27925 -1.25539 1.67357 -1.11086 0.606549 0.0662777 -1.38233 -1.96054 -1.13132 -0.4772 
1.11954 -1.90361 -1.65839 1.40994 -1.2776 -1.25813 1.66186 -1.11086 0.606549 0.0662777 -1.38233 -1.96054 -1.13132 -0.4772 
1.11927 -1.90348 -1.65844 1.40768 -1.27803 -1.26116 1.65006 -1.11086 0.606549 0.0662777 -1.38233 -1.96054 -1.13132 -0.4772 
1.11788 -1.90562 -1.66035 1.40634 -1.28088 -1.26476 1.64161 -1.11086 0.606549 0.0662777 -1.38233 -1.96054 -1.13132 -0.4772 
1.12026 -1.90264 -1.65789 1.40558 -1.2802 -1.26372 1.62844 -1.11086 0.606549 0.0662777 -1.38233 -1.96054 -1.13132 -0.4772 
1.11986 -1.90182 -1.65732 1.40277 -1.27934 -1.26744 1.61537 -1.11086 0.606549 0.0662777 -1.38233 -1.96054 -1.13132 -0.4772 
1.11934 -1.90119 -1.65654 1.39962 -1.27713 -1.2723 1.60448 -1.11086 0.606549 0.0662777 -1.38233 -1.96054 -1.13132 -0.4772 
1.11903 -1.90091 -1.65612 1.39764 -1.2763 -1.27587 1.59386 -1.11086 0.606549 0.0662777 -1.38233 -1.96054 -1.13132 -0.4772 
1.11835 -1.89917 -1.65448 1.39259 -1.27113 -1.28295 1.581 -1.11086 0.606549 0.0662777 -1.38233 -1.96054 -1.13132 -0.4772 
1.11869 -1.89893 -1.65416 1.39214 -1.27083 -1.28466 1.57466 -1.11086 0.606549 0.0662777 -1.38233 -1.96054 -1.13132 -0.4772 
1.11801 -1.90067 -1.65559 1.39274 -1.2731 -1.28657 1.57023 -1.11086 0.606549 0.0662777 -1.38233 -1.96054 -1.13132 -0.4772 
1.11853 -1.89997 -1.65486 1.39209 -1.27194 -1.28862 1.56333 -1.11086 0.606549 0.0662777 -1.38233 -1.96054 -1.13132 -0.4772 
1.11786 -1.89909 -1.6538 1.38893 -1.26783 -1.2941 1.55567 -1.11086 0.606549 0.0662777 -1.38233 -1.96054 -1.13132 -0.4772 
1.1176 -1.8989 -1.65334 1.38748 -1.26555 -1.29796 1.55001 -1.11086 0.606549 0.0662777 -1.38233 -1.96054 -1.13132 -0.4772 
1.11759 -1.89894 -1.65325 1.38752 -1.26484 -1.29988 1.54634 -1.11086 0.606549 0.0662777 -1.38233 -1.96054 -1.13132 -0.4772 
1.11785 -1.89992 -1.65373 1.38914 -1.2658 -1.30032 1.54628 -1.11086 0.606549 0.0662777 -1.38233 -1.96054 -1.13132 -0.4772 
1.11737 -1.89791 -1.65187 1.3853 -1.25969 -1.30608 1.53945 -1.11086 0.606549 0.0662777 -1.38233 -1.96054 -1.13132 -0.4772 
1.11872 -1.89718 -1.65111 1.38665 -1.25846 -1.30622 1.53815 -1.11086 0.606549 0.0662777 -1.38233 -1.96054 -1.13132 -0.4772 
1.11948 -1.8954 -1.64955 1.38593 -1.25465 -1.30839 1.53431 -1.11086 0.606549 0.0662777 -1.38233 -1.96054 -1.13132 -0.4772 
1.12016 -1.89589 -1.64979 1.38769 -1.25517 -1.30821 1.53414 -1.11086 0.606549 0.0662777 -1.38233 -1.96054 -1.13132 -0.4772 
1.12118 -1.89503 -1.64865 1.38843 -1.25322 -1.30867 1.53366 -1.11086 0.606549 0.0662777 -1.38233 -1.96054 -1.13132 -0.4772 
1.12341 -1.89379 -1.64722 1.39064 -1.25244 -1.30672 1.53229 -1.11086 0.606549 0.0662777 -1.38233 -1.96054 -1.13132 -0.4772 
1.12504 -1.8921 -1.64553 1.39139 -1.25019 -1.30657 1.5302 -1.11086 0.606549 0.0662777 -1.38233 -1.96054 -1.13132 -0.4772 
1.12625 -1.8926 -1.64568 1.3939 -1.25079 -1.30566 1.53124 -1.11086 0.606549 0.0662777 -1.38233 -1.96054 -1.13132 -0.4772 
1.12725 -1.89325 -1.64535 1.3963 -1.25011 -1.30587 1.53362 -1.11086 0.606549 0.0662777 -1.38233 -1.96054 -1.13132 -0.4772 
1.12883 -1.893 -1.64429 1.39862 -1.24879 -1.30552 1.53456 -1.11086 0.606549 0.0662777 -1.38233 -1.96054 -1.13132 -0.4772 
1.12972 -1.89064 -1.64118 1.39613 -1.24062 -1.3106 1.53147 -1.11086 0.606549 0.0662777 -1.38233 -1.96054 -1.13132 -0.4772 
1.12991 -1.88849 -1.63851 1.39287 -1.23299 -1.31623 1.52801 -1.11086 0.606549 0.0662777 -1.38233 -1.96054 -1.13132 -0.4772 
1.13054 -1.8867 -1.63634 1.39111 -1.22783 -1.31967 1.52424 -1.11086 0.606549 0.0662777 -1.38233 -1.96054 -1.13132 -0.4772 
1.13089 -1.88302 -1.63251 1.38595 -1.21847 -1.3261 1.51658 -1.11086 0.606549 0.0662777 -1.38233 -1.96054 -1.13132 -0.4772 
1.13363 -1.87864 -1.62827 1.38516 -1.21283 -1.32568 1.51139 -1.11086 0.606549 0.0662777 -1.38233 -1.96054 -1.13132 -0.4772 
1.13575 -1.87426 -1.62415 1.38288 -1.20616 -1.32711 1.50537 -1.11086 0.606549 0.0662777 -1.38233 -1.96054 -1.13132 -0.4772 
1.13645 -1.87395 -1.62339 1.38318 -1.20442 -1.3283 1.50466 -1.11086 0.606549 0.0662777 -1.38233 -1.96054 -1.13132 -0.4772 
1.13835 -1.86893 -1.61856 1.37993 -1.19582 -1.33066 1.49795 -1.11086 0.606549 0.0662777 -1.38233 -1.96054 -1.13132 -0.4772 
1.14019 -1.86582 -1.61568 1.3791 -1.19149 -1.33073 1.49429 -1.11086 0.606549 0.0662777 -1.38233 -1.96054 -1.13132 -0.4772 
1.14049 -1.86467 -1.61406 1.37737 -1.18736 -1.33368 1.49207 -1.11086 0.606549 0.0662777 -1.38233 -1.96054 -1.13132 -0.4772 
1.14179 -1.86193 -1.61123 1.37637 -1.18263 -1.33469 1.48989 -1.11086 0.606549 0.0662777 -1.38233 -1.96054 -1.13132 -0.4772 
1.14267 -1.85865 -1.60804 1.37308 -1.17578 -1.33858 1.48444 -1.11086 0.606549 0.0662777 -1.38233 -1.96054 -1.13132 -0.4772 
1.14364 -1.85537 -1.6049 1.37073 -1.16951 -1.34161 1.4797 -1.11086 0.606549 0.0662777 -1.38233 -1.96054 -1.13132 -0.4772 
1.14415 -1.85385 -1.60298 1.36827 -1.16494 -1.34511 1.47683 -1.11086 0.606549 0.0662777 -1.38233 -1.96054 -1.13132 -0.4772 
1.14518 -1.85094 -1.6 1.36635 -1.15952 -1.3471 1.4732 -1.11086 0.606549 0.0662777 -1.38233 -1.96054 -1.13132 -0.4772 
1.14628 -1.84664 -1.59626 1.36312 -1.15242 -1.35016 1.46716 -1.11086 0.606549 0.0662777 -1.38233 -1.96054 -1.13132 -0.4772 
1.14588 -1.84619 -1.59524 1.36131 -1.14885 -1.35384 1.4656 -1.11086 0.606549 0.0662777 -1.38233 -1.96054 -1.13132 -0.4772 
1.14715 -1.84202 -1.5915 1.35812 -1.14187 -1.35669 1.46035 -1.11086 0.606549 0.0662777 -1.38233 -1.96054 -1.13132 -0.4772 
1.14798 -1.83904 -1.58859 1.35596 -1.13665 -1.35885 1.4566 -1.11086 0.606549 0.0662777 -1.38233 -1.96054 -1.13132 -0.4772 
1.14954 -1.83729 -1.58642 1.35633 -1.13407 -1.3582 1.4554 -1.11086 0.606549 0.0662777 -1.38233 -1.96054 -1.13132 -0.4772 
1.14985 -1.83602 -1.58525 1.355 -1.13136 -1.36008 1.45292 -1.11086 0.606549 0.0662777 -1.38233 -1.96054 -1.13132 -0.4772 
1.15028 -1.83178 -1.58173 1.35081 -1.12396 -1.36412 1.4471 -1.11086 0.606549 0.0662777 -1.38233 -1.96054 -1.13132 -0.4772 
1.14978 -1.83078 -1.58036 1.34782 -1.11912 -1.36863 1.44584 -1.11086 0.606549 0.0662777 -1.38233 -1.96054 -1.13132 -0.4772 
1.15007 -1.82763 -1.57792 1.34487 -1.11357 -1.37113 1.44342 -1.11086 0.606549 0.0662777 -1.38233 -1.96054 -1.13132 -0.4772 
1.14951 -1.82653 -1.57713 1.34248 -1.11 -1.37456 1.44252 -1.11086 0.606549 0.0662777 -1.38233 -1.96054 -1.13132 -0.4772 
1.15078 -1.82272 -1.57454 1.34105 -1.10588 -1.37438 1.43937 -1.11086 0.606549 0.0662777 -1.38233 -1.96054 -1.13132 -0.4772 
1.15041 -1.82425 -1.57543 1.34202 -1.10727 -1.37388 1.44183 -1.11086 0.606549 0.0662777 -1.38233 -1.96054 -1.13132 -0.4772 
1.15079 -1.82422 -1.57543 1.343 -1.10805 -1.37228 1.44231 -1.11086 0.606549 0.0662777 -1.38233 -1.96054 -1.13132 -0.4772 
1.1514 -1.82274 -1.57441 1.34227 -1.10643 -1.37217 1.44067 -1.11086 0.606549 0.0662777 -1.38233 -1.96054 -1.13132 -0.4772 
1.14427 -1.82485 -1.57251 1.32884 -1.08201 -1.3985 1.45827 -1.11086 0.606549 0.0662777 -1.38233 -1.96054 -1.13132 -0.4772 
1.14475 -1.82367 -1.57164 1.32857 -1.08013 -1.39877 1.45846 -1.11086 0.606549 0.0662777 -1.38233 -1.96054 -1.13132 -0.4772 
1.14341 -1.8247 -1.57244 1.32707 -1.0796 -1.40135 1.45859 -1.11086 0.606549 0.0662777 -1.38233 -1.96054 -1.13132 -0.4772 
1.14408 -1.82551 -1.57302 1.32913 -1.08203 -1.39894 1.45982 -1.11086 0.606549 0.0662777 -1.38233 -1.96054 -1.13132 -0.4772 
1.14409 -1.82558 -1.57292 1.32881 -1.08191 -1.39935 1.45934 -1.11086 0.606549 0.0662777 -1.38233 -1.96054 -1.13132 -0.4772 
1.14427 -1.82677 -1.57386 1.33089 -1.08421 -1.39726 1.46152 -1.11086 0.606549 0.0662777 -1.38233 -1.96054 -1.13132 -0.4772 
1.1438 -1.82677 -1.57394 1.33009 -1.08376 -1.39835 1.46118 -1.11086 0.606549 0.0662777 -1.38233 -1.96054 -1.13132 -0.4772 
1.14456 -1.82634 -1.57336 1.33074 -1.08378 -1.39706 1.46095 -1.11086 0.606549 0.0662777 -1.38233 -1.96054 -1.13132 -0.4772 
1.14438 -1.82732 -1.57403 1.33141 -1.08486 -1.3965 1.46261 -1.11086 0.606549 0.0662777 -1.38233 -1.96054 -1.13132 -0.4772 
1.14387 -1.82498 -1.5726 1.3278 -1.08042 -1.40034 1.45967 -1.11086 0.606549 0.0662777 -1.38233 -1.96054 -1.13132 -0.4772 
1.14226 -1.82783 -1.57443 1.3273 -1.08171 -1.40295 1.46179 -1.11086 0.606549 0.0662777 -1.38233 -1.96054 -1.13132 -0.4772 
1.14101 -1.8275 -1.57437 1.32493 -1.07908 -1.40654 1.46139 -1.11086 0.606549 0.0662777 -1.38233 -1.96054 -1.13132 -0.4772 
1.14123 -1.82255 -1.57085 1.32022 -1.07198 -1.4097 1.4556 -1.11086 0.606549 0.0662777 -1.38233 -1.96054 -1.13132 -0.4772 
1.14234 -1.82484 -1.57237 1.32453 -1.07718 -1.40471 1.45829 -1.11086 0.606549 0.0662777 -1.38233 -1.96054 -1.13132 -0.4772 
1.13991 -1.82602 -1.57346 1.32104 -1.07544 -1.41026 1.45816 -1.11086 0.606549 0.0662777 -1.38233 -1.96054 -1.13132 -0.4772 
1.14 -1.8271 -1.57387 1.3216 -1.07615 -1.41033 1.45911 -1.11086 0.606549 0.0662777 -1.38233 -1.96054 -1.13132 -0.4772 
1.14067 -1.82368 -1.57178 1.31974 -1.07262 -1.4108 1.4556 -1.11086 0.606549 0.0662777 -1.38233 -1.96054 -1.13132 -0.4772 
1.1443 -1.82121 -1.57001 1.32469 -1.07493 -1.40206 1.45515 -1.11086 0.606549 0.0662777 -1.38233 -1.96054 -1.13132 -0.4772 
1.14399 -1.82413 -1.57185 1.32687 -1.07885 -1.40079 1.45768 -1.11086 0.606549 0.0662777 -1.38233 -1.96054 -1.13132 -0.4772 
1.14211 -1.82539 -1.57285 1.32472 -1.078 -1.4047 1.45826 -1.11086 0.606549 0.0662777 -1.38233 -1.96054 -1.13132 -0.4772 
1.14198 -1.82317 -1.57142 1.32194 -1.07395 -1.40754 1.45561 -1.11086 0.606549 0.0662777 -1.38233 -1.96054 -1.13132 -0.4772 
1.14295 -1.82519 -1.57261 1.32548 -1.07821 -1.40357 1.45816 -1.11086 0.606549 0.0662777 -1.38233 -1.96054 -1.13132 -0.4772 
1.101 -1.84417 -1.69261 1.44227 -1.23267 -1.0451 2.07121 -1.11086 0.606549 0.0662777 -1.38233 -1.96054 -1.13132 -0.4772 
