0.980872 -1.15827 -0.908465 1.51952 -2.08969 -1.54398 2.01398 -1.11007 0.610447 0.0654194 -1.37338 -1.9629 -1.13369 -0.471729 
0.976063 -1.16487 -0.907877 1.51338 -2.08729 -1.55216 2.02151 -1.11086 0.606558 0.0662759 -1.38231 -1.96055 -1.13132 -0.477188 
0.97494 -1.16765 -0.90671 1.51025 -2.08232 -1.55843 2.02282 -1.11086 0.606549 0.0662777 -1.38233 -1.96054 -1.13132 -0.4772 
0.977243 -1.16727 -0.907235 1.5111 -2.08302 -1.55744 2.01877 -1.11086 0.606549 0.0662777 -1.38233 -1.96054 -1.13132 -0.4772 
0.981674 -1.16468 -0.905577 1.51232 -2.08016 -1.55445 2.00993 -1.11086 0.606549 0.0662777 -1.38233 -1.96054 -1.13132 -0.4772 
0.986478 -1.16272 -0.905214 1.5184 -2.07777 -1.55782 2.00848 -1.11086 0.606549 0.0662777 -1.38233 -1.96054 -1.13132 -0.4772 
0.991591 -1.15862 -0.905753 1.52593 -2.07729 -1.55818 2.00612 -1.11086 0.606549 0.0662777 -1.38233 -1.96054 -1.13132 -0.4772 
0.994798 -1.15628 -0.906379 1.53156 -2.0778 -1.55842 2.00554 -1.11086 0.606549 0.0662777 -1.38233 -1.96054 -1.13132 -0.4772 
0.99693 -1.15457 -0.905135 1.53399 -2.07452 -1.55925 2.00338 -1.11086 0.606549 0.0662777 -1.38233 -1.96054 -1.13132 -0.4772 
0.99857 -1.1537 -0.90419 1.53614 -2.07209 -1.56017 2.00203 -1.11086 0.606549 0.0662777 -1.38233 -1.96054 -1.13132 -0.4772 
0.999709 -1.15339 -0.904935 1.53828 -2.07264 -1.56099 2.00215 -1.11086 0.606549 0.0662777 -1.38233 -1.96054 -1.13132 -0.4772 
1.00053 -1.15388 -0.906901 1.54065 -2.07595 -1.56232 2.00418 -1.11086 0.606549 0.0662777 -1.38233 -1.96054 -1.13132 -0.4772 
1.00146 -1.15323 -0.905941 1.5419 -2.07425 -1.56222 2.00297 -1.11086 0.606549 0.0662777 -1.38233 -1.96054 -1.13132 -0.4772 
1.00246 -1.15165 -0.905297 1.54282 -2.07344 -1.56092 2.00162 -1.11086 0.606549 0.0662777 -1.38233 -1.96054 -1.13132 -0.4772 
1.00374 -1.15153 -0.90554 1.54373 -2.072 -1.56306 2.0004 -1.11086 0.606549 0.0662777 -1.38233 -1.96054 -1.13132 -0.4772 
1.00627 -1.15033 -0.905682 1.54701 -2.07147 -1.5635 1.9982 -1.11086 0.606549 0.0662777 -1.38233 -1.96054 -1.13132 -0.4772 
1.00782 -1.15043 -0.905638 1.54953 -2.06964 -1.56694 1.99833 -1.11086 0.606549 0.0662777 -1.38233 -1.96054 -1.13132 -0.4772 
1.00947 -1.14894 -0.905923 1.55279 -2.06979 -1.56733 1.99867 -1.11086 0.606549 0.0662777 -1.38233 -1.96054 -1.13132 -0.4772 
1.01023 -1.14792 -0.905969 1.5534 -2.0693 -1.56668 1.99754 -1.11086 0.606549 0.0662777 -1.38233 -1.96054 -1.13132 -0.4772 
1.01005 -1.14798 -0.905696 1.55293 -2.06854 -1.56697 1.99773 -1.11086 0.606549 0.0662777 -1.38233 -1.96054 -1.13132 -0.4772 
1.01081 -1.14678 -0.905555 1.55443 -2.06907 -1.56523 1.99662 -1.11086 0.606549 0.0662777 -1.38233 -1.96054 -1.13132 -0.4772 
1.01036 -1.14747 -0.905024 1.55384 -2.06779 -1.56599 1.99619 -1.11086 0.606549 0.0662777 -1.38233 -1.96054 -1.13132 -0.4772 
1.0104 -1.1475 -0.90588 1.55411 -2.06941 -1.56585 1.99721 -1.11086 0.606549 0.0662777 -1.38233 -1.96054 -1.13132 -0.4772 
1.0098 -1.14929 -0.905988 1.55309 -2.06886 -1.56823 1.99836 -1.11086 0.606549 0.0662777 -1.38233 -1.96054 -1.13132 -0.4772 
1.00976 -1.14989 -0.906383 1.55298 -2.06935 -1.56884 1.99883 -1.11086 0.606549 0.0662777 -1.38233 -1.96054 -1.13132 -0.4772 
1.00959 -1.14945 -0.905654 1.55279 -2.06845 -1.56845 1.99898 -1.11086 0.606549 0.0662777 -1.38233 -1.96054 -1.13132 -0.4772 
1.00936 -1.14979 -0.905186 1.55206 -2.06675 -1.57 1.99883 -1.11086 0.606549 0.0662777 -1.38233 -1.96054 -1.13132 -0.4772 
1.00918 -1.15019 -0.904944 1.55135 -2.06554 -1.57086 1.99827 -1.11086 0.606549 0.0662777 -1.38233 -1.96054 -1.13132 -0.4772 
1.00971 -1.14894 -0.905222 1.5521 -2.06685 -1.56814 1.99642 -1.11086 0.606549 0.0662777 -1.38233 -1.96054 -1.13132 -0.4772 
1.00987 -1.14919 -0.906475 1.55266 -2.06933 -1.56755 1.99637 -1.11086 0.606549 0.0662777 -1.38233 -1.96054 -1.13132 -0.4772 
1.01023 -1.14839 -0.906083 1.55293 -2.06924 -1.56623 1.99583 -1.11086 0.606549 0.0662777 -1.38233 -1.96054 -1.13132 -0.4772 
1.0103 -1.14872 -0.906452 1.55323 -2.06964 -1.5659 1.99516 -1.11086 0.606549 0.0662777 -1.38233 -1.96054 -1.13132 -0.4772 
1.01059 -1.14759 -0.905575 1.55288 -2.06862 -1.5647 1.99422 -1.11086 0.606549 0.0662777 -1.38233 -1.96054 -1.13132 -0.4772 
1.01028 -1.14834 -0.905666 1.5525 -2.06837 -1.56557 1.99469 -1.11086 0.606549 0.0662777 -1.38233 -1.96054 -1.13132 -0.4772 
1.01088 -1.14686 -0.905207 1.55296 -2.06833 -1.56359 1.99331 -1.11086 0.606549 0.0662777 -1.38233 -1.96054 -1.13132 -0.4772 
1.01078 -1.14737 -0.90565 1.5531 -2.0689 -1.56375 1.99374 -1.11086 0.606549 0.0662777 -1.38233 -1.96054 -1.13132 -0.4772 
1.01123 -1.14626 -0.905625 1.55369 -2.06949 -1.56216 1.99309 -1.11086 0.606549 0.0662777 -1.38233 -1.96054 -1.13132 -0.4772 
1.01065 -1.14737 -0.905713 1.55295 -2.06881 -1.56374 1.99354 -1.11086 0.606549 0.0662777 -1.38233 -1.96054 -1.13132 -0.4772 
1.01058 -1.14771 -0.906136 1.55324 -2.06973 -1.56414 1.99433 -1.11086 0.606549 0.0662777 -1.38233 -1.96054 -1.13132 -0.4772 
1.01034 -1.14835 -0.906207 1.55332 -2.06983 -1.56489 1.99523 -1.11086 0.606549 0.0662777 -1.38233 -1.96054 -1.13132 -0.4772 
1.01071 -1.14731 -0.90574 1.55315 -2.06907 -1.56414 1.99454 -1.11086 0.606549 0.0662777 -1.38233 -1.96054 -1.13132 -0.4772 
1.37198 -0.875139 -1.00251 1.98731 -2.07266 -1.70919 1.96021 -1.11086 0.606549 0.0662777 -1.38233 -1.96054 -1.13132 -0.4772 
