1.04164 -1.86478 -1.69228 1.29069 -1.17949 -1.23618 2.04337 -1.86656 1.43127 -1.46598 1.57534 2.81976 0.511828 -2.55404 
1.03083 -1.85229 -1.68883 1.26552 -1.17227 -1.22925 2.0462 -1.86635 1.45946 -1.44845 1.56652 2.8151 0.532773 -2.58807 
1.0265 -1.84588 -1.68662 1.25387 -1.1667 -1.23053 2.04236 -1.86397 1.46734 -1.43742 1.55971 2.79148 0.547658 -2.63355 
1.02231 -1.84514 -1.68772 1.24588 -1.164 -1.23984 2.03459 -1.865 1.46785 -1.43557 1.5613 2.78433 0.546396 -2.64485 
1.01955 -1.84553 -1.68881 1.24031 -1.16259 -1.24681 2.02923 -1.86539 1.44818 -1.44464 1.55836 2.78688 0.550787 -2.62695 
1.02023 -1.8465 -1.68902 1.24166 -1.16215 -1.24707 2.03297 -1.8638 1.43439 -1.45182 1.55185 2.79365 0.560144 -2.60795 
1.0241 -1.84762 -1.68945 1.24992 -1.16247 -1.24444 2.04117 -1.86168 1.4388 -1.45133 1.54735 2.79777 0.564395 -2.60566 
1.03074 -1.84949 -1.69015 1.26377 -1.16352 -1.24094 2.04962 -1.85895 1.43936 -1.45197 1.54085 2.80055 0.572323 -2.60335 
1.0414 -1.85067 -1.68908 1.28391 -1.16521 -1.23224 2.0588 -1.85703 1.45352 -1.4448 1.53901 2.79375 0.572836 -2.62521 
1.04983 -1.85117 -1.68835 1.3004 -1.16694 -1.22461 2.0664 -1.85614 1.46086 -1.43976 1.53946 2.7814 0.570995 -2.64921 
1.05681 -1.85122 -1.68707 1.31337 -1.16815 -1.21735 2.07279 -1.85395 1.46342 -1.43801 1.53437 2.77916 0.577984 -2.65669 
1.06159 -1.85103 -1.6859 1.3215 -1.1675 -1.21438 2.07647 -1.8517 1.46028 -1.43844 1.52813 2.77966 0.587319 -2.6563 
1.06699 -1.85047 -1.68422 1.33013 -1.16657 -1.21056 2.07982 -1.85067 1.4598 -1.43825 1.52514 2.77894 0.590369 -2.6578 
1.07029 -1.85151 -1.68474 1.3376 -1.16847 -1.20738 2.0838 -1.85068 1.45799 -1.4388 1.52433 2.77644 0.590216 -2.66016 
1.07353 -1.85378 -1.6861 1.34682 -1.17126 -1.20465 2.09 -1.85103 1.46154 -1.43825 1.52388 2.77915 0.587833 -2.658 
1.07735 -1.85573 -1.68681 1.35543 -1.17164 -1.20437 2.09537 -1.85017 1.46669 -1.4355 1.52149 2.77711 0.589283 -2.66578 
1.08397 -1.85658 -1.68581 1.3677 -1.1711 -1.2011 2.10175 -1.84944 1.47507 -1.43189 1.52004 2.7754 0.588214 -2.67506 
1.0902 -1.85692 -1.68493 1.37896 -1.17026 -1.19782 2.10834 -1.85001 1.47286 -1.43492 1.52007 2.78037 0.584854 -2.66416 
1.09445 -1.85828 -1.68522 1.38839 -1.17111 -1.19597 2.11276 -1.85022 1.4706 -1.43733 1.51919 2.78344 0.583331 -2.65665 
1.09669 -1.85959 -1.68508 1.39406 -1.16959 -1.19778 2.11536 -1.85151 1.48325 -1.43102 1.5222 2.78304 0.57763 -2.66682 
1.09745 -1.86022 -1.68484 1.39571 -1.16781 -1.19974 2.11703 -1.85272 1.48548 -1.42883 1.5231 2.78396 0.576073 -2.66754 
1.09546 -1.8618 -1.68612 1.39407 -1.16748 -1.20331 2.11801 -1.8517 1.48551 -1.42508 1.517 2.78206 0.588349 -2.67526 
1.3156 -1.84964 -1.78082 1.91504 -1.39743 -0.904559 2.38418 -1.85189 1.48532 -1.42584 1.51801 2.78238 0.586232 -2.67378 
