1.04669 -1.65989 -1.42983 1.29895 -1.43113 -1.4109 2.12039 -1.85686 1.56241 -1.32444 1.58272 2.48691 0.587512 -2.33454 
1.05204 -1.65739 -1.43041 1.3092 -1.43515 -1.40452 2.12216 -1.8488 1.57534 -1.3293 1.58558 2.49261 0.551437 -2.31734 
1.04006 -1.65849 -1.42664 1.28077 -1.43349 -1.40363 2.10486 -1.83399 1.57722 -1.30811 1.55573 2.47417 0.61078 -2.38807 
1.03235 -1.66047 -1.42629 1.26289 -1.43082 -1.40924 2.0929 -1.83067 1.59038 -1.29631 1.54993 2.466 0.628681 -2.42808 
1.02915 -1.66249 -1.4271 1.2557 -1.42865 -1.41535 2.08764 -1.84547 1.57561 -1.32424 1.57815 2.479 0.565728 -2.34765 
1.0271 -1.66443 -1.42754 1.25142 -1.42649 -1.42057 2.08783 -1.82887 1.59034 -1.29338 1.54677 2.45749 0.632511 -2.44437 
1.02933 -1.66647 -1.43009 1.25852 -1.42851 -1.42228 2.09753 -1.82882 1.59782 -1.29162 1.54839 2.45569 0.626682 -2.45226 
1.03764 -1.66261 -1.42837 1.2727 -1.42844 -1.41677 2.10392 -1.83891 1.58267 -1.31514 1.56301 2.47274 0.590046 -2.37923 
1.04794 -1.65924 -1.42654 1.29148 -1.42691 -1.41315 2.11268 -1.82531 1.59248 -1.29459 1.53777 2.45989 0.63817 -2.44448 
1.05666 -1.6573 -1.42536 1.30773 -1.42584 -1.41121 2.12066 -1.83367 1.58683 -1.31099 1.55336 2.47019 0.60269 -2.39497 
1.06367 -1.65486 -1.42456 1.32122 -1.42752 -1.40571 2.12683 -1.83297 1.58934 -1.31057 1.55272 2.46958 0.601191 -2.3965 
1.06637 -1.6541 -1.42446 1.32616 -1.42744 -1.40501 2.1295 -1.82213 1.5968 -1.29271 1.53256 2.45676 0.639903 -2.45502 
1.07069 -1.65408 -1.42565 1.33635 -1.42963 -1.40324 2.13634 -1.82881 1.5963 -1.30301 1.54496 2.46501 0.612771 -2.4213 
1.07426 -1.65355 -1.4257 1.34389 -1.43105 -1.40084 2.14081 -1.82869 1.59834 -1.30238 1.54445 2.46545 0.611755 -2.42187 
1.07771 -1.65305 -1.42609 1.35085 -1.43218 -1.39924 2.14491 -1.81847 1.59892 -1.2872 1.52227 2.45433 0.654647 -2.47374 
1.08321 -1.6526 -1.42664 1.36224 -1.43226 -1.39898 2.15229 -1.81683 1.58736 -1.28962 1.51439 2.45368 0.667579 -2.47267 
1.08839 -1.652 -1.42678 1.37286 -1.43236 -1.39811 2.15883 -1.81328 1.57721 -1.29199 1.5026 2.45967 0.683829 -2.46234 
1.09371 -1.65242 -1.428 1.38592 -1.43289 -1.39872 2.16807 -1.81138 1.58492 -1.28804 1.49858 2.46328 0.686579 -2.46735 
1.09741 -1.6521 -1.42811 1.39329 -1.43124 -1.40052 2.17169 -1.81295 1.60227 -1.28367 1.50762 2.45816 0.665908 -2.48114 
1.10047 -1.65278 -1.42853 1.4001 -1.43017 -1.40268 2.17627 -1.80925 1.61971 -1.26984 1.5028 2.45299 0.676129 -2.52028 
1.09923 -1.65543 -1.42982 1.39993 -1.42718 -1.40976 2.17877 -1.81414 1.5995 -1.28311 1.50436 2.46348 0.670906 -2.47467 
1.09542 -1.6588 -1.43173 1.39511 -1.42426 -1.41801 2.17925 -1.81141 1.60149 -1.27437 1.49927 2.4518 0.685678 -2.50894 
1.3437 -1.53915 -1.53886 1.91517 -1.6238 -1.23218 2.40641 -1.81161 1.60334 -1.27529 1.5006 2.45369 0.682153 -2.50488 
1.36524 -1.52647 -1.55597 1.95898 -1.65286 -1.21661 2.42736 -1.81161 1.60343 -1.27531 1.50066 2.45373 0.682005 -2.50465 
1.34372 -1.53908 -1.53891 1.91522 -1.62383 -1.2321 2.40651 -1.66278 1.51472 -1.29422 1.28356 2.52812 0.925949 -2.46609 
1.34372 -1.53908 -1.53892 1.91523 -1.62384 -1.23209 2.40653 -1.70494 1.5221 -1.29009 1.33955 2.50097 0.873127 -2.47934 
1.34372 -1.53908 -1.53892 1.91524 -1.62384 -1.23209 2.40653 -1.69935 1.51838 -1.29659 1.33178 2.51435 0.873229 -2.446 
1.34372 -1.53908 -1.53892 1.91524 -1.62384 -1.23209 2.40653 -1.69299 1.52778 -1.2849 1.3239 2.50567 0.887617 -2.48792 
1.34372 -1.53908 -1.53892 1.91524 -1.62384 -1.23209 2.40653 -1.66716 1.51189 -1.29353 1.28698 2.52199 0.926766 -2.46316 
1.34372 -1.53908 -1.53892 1.91524 -1.62384 -1.23209 2.40653 -1.6662 1.51155 -1.29347 1.28557 2.52206 0.928409 -2.46279 
1.34372 -1.53908 -1.53892 1.91524 -1.62385 -1.23209 2.40653 -1.66533 1.51126 -1.29338 1.2843 2.52211 0.929896 -2.46245 
1.34372 -1.53908 -1.53892 1.91524 -1.62384 -1.23209 2.40653 -1.66454 1.51097 -1.29334 1.28315 2.5222 0.931227 -2.46217 
1.13525 -1.63564 -1.43581 1.47006 -1.44611 -1.3691 2.20911 -1.69137 1.40822 -1.34285 1.38118 2.38041 0.842194 -2.50814 
