1.03077 -1.89993 -1.73815 1.28077 -1.0997 -1.25862 2.07125 -1.83485 1.60075 -1.2732 1.59887 2.28465 0.599671 -2.15005 
1.02382 -1.89322 -1.7414 1.27396 -1.11631 -1.23439 2.06235 -1.82051 1.66482 -1.22315 1.57693 2.29925 0.647294 -2.25438 
1.02706 -1.88045 -1.73534 1.27355 -1.1315 -1.19207 2.05152 -1.81024 1.69833 -1.19804 1.56321 2.30565 0.673473 -2.31575 
1.02669 -1.87435 -1.73321 1.26991 -1.13733 -1.17659 2.0437 -1.80632 1.69971 -1.1902 1.55391 2.30373 0.694929 -2.34457 
1.02503 -1.87297 -1.73234 1.26408 -1.13602 -1.17949 2.03693 -1.80659 1.70052 -1.18969 1.55373 2.30288 0.695352 -2.34786 
1.02431 -1.87288 -1.73224 1.26216 -1.13446 -1.18158 2.03728 -1.80785 1.6955 -1.19308 1.55346 2.30314 0.694354 -2.33869 
1.02731 -1.87489 -1.7337 1.26961 -1.13564 -1.1791 2.04553 -1.80806 1.68679 -1.19721 1.55081 2.30097 0.696595 -2.33239 
1.03469 -1.87686 -1.73471 1.28528 -1.13826 -1.17256 2.0546 -1.80684 1.68513 -1.19756 1.54691 2.30111 0.700239 -2.33335 
1.04354 -1.87815 -1.73397 1.30281 -1.13906 -1.16573 2.06311 -1.80517 1.68912 -1.19644 1.54461 2.30417 0.700399 -2.33321 
1.05022 -1.87975 -1.73315 1.31614 -1.13879 -1.162 2.06968 -1.80228 1.69638 -1.19262 1.5413 2.30593 0.702857 -2.34327 
1.05707 -1.88031 -1.73235 1.32897 -1.1395 -1.15615 2.07501 -1.8015 1.69544 -1.19409 1.53857 2.30982 0.70342 -2.33521 
1.06188 -1.8818 -1.7329 1.3397 -1.14265 -1.1495 2.08189 -1.80127 1.69804 -1.19195 1.53934 2.3035 0.701776 -2.34923 
1.06505 -1.88237 -1.73284 1.34605 -1.14285 -1.14771 2.08514 -1.79889 1.69872 -1.18909 1.53429 2.30446 0.709166 -2.35704 
1.06823 -1.88256 -1.73209 1.35176 -1.14186 -1.14652 2.08763 -1.79786 1.69892 -1.18846 1.5306 2.30837 0.712866 -2.35403 
1.07215 -1.88318 -1.73183 1.35966 -1.14182 -1.14439 2.09109 -1.7973 1.70162 -1.18718 1.52907 2.30914 0.712606 -2.35638 
1.07752 -1.88478 -1.73186 1.37016 -1.14265 -1.14121 2.09655 -1.7965 1.70493 -1.18527 1.52722 2.30851 0.712807 -2.36287 
1.08128 -1.88678 -1.73209 1.37884 -1.14164 -1.14164 2.10235 -1.79503 1.70688 -1.18315 1.52408 2.30814 0.715549 -2.37018 
1.08585 -1.88934 -1.73281 1.38988 -1.14196 -1.13983 2.11053 -1.79253 1.70951 -1.18029 1.51832 2.31089 0.721589 -2.37609 
1.08862 -1.89108 -1.73286 1.39616 -1.13937 -1.14346 2.11337 -1.79136 1.71412 -1.17742 1.51658 2.31044 0.721937 -2.38483 
1.08841 -1.89393 -1.7341 1.39968 -1.13789 -1.14878 2.11655 -1.79072 1.72157 -1.17283 1.51677 2.30955 0.721003 -2.39716 
1.09869 -1.88816 -1.72856 1.41076 -1.13923 -1.13242 2.11518 -1.79054 1.72392 -1.16826 1.51755 2.30257 0.722668 -2.41761 
1.09963 -1.88766 -1.72805 1.41181 -1.13927 -1.13103 2.11508 -1.79043 1.72302 -1.16573 1.51529 2.30432 0.728239 -2.42064 
1.30337 -1.89988 -1.82492 1.91616 -1.3563 -0.847048 2.37282 -1.79057 1.7232 -1.16644 1.51594 2.30391 0.726696 -2.4195 
1.29409 -1.90089 -1.82385 1.92856 -1.35682 -0.8339 2.42465 -1.80768 1.77249 -1.1749 1.57057 2.30258 0.606362 -2.36708 
