1.12839 -1.95596 -1.74598 1.60377 -1.34515 -0.894529 2.3641 -1.11072 0.607274 0.0661181 -1.38067 -1.96098 -1.13176 -0.476181 
1.10496 -1.96224 -1.74172 1.56381 -1.30168 -0.958729 2.33791 -1.11086 0.606549 0.0662777 -1.38233 -1.96054 -1.13132 -0.4772 
1.10211 -1.96594 -1.74362 1.56053 -1.29996 -0.965917 2.34255 -1.11086 0.606549 0.0662777 -1.38233 -1.96054 -1.13132 -0.4772 
1.10084 -1.96699 -1.74405 1.55863 -1.29953 -0.969082 2.34413 -1.11086 0.606549 0.0662777 -1.38233 -1.96054 -1.13132 -0.4772 
1.10025 -1.96699 -1.74361 1.55753 -1.29906 -0.971066 2.34475 -1.11086 0.606549 0.0662777 -1.38233 -1.96054 -1.13132 -0.4772 
1.10077 -1.96674 -1.74309 1.55723 -1.29763 -0.971081 2.34317 -1.11086 0.606549 0.0662777 -1.38233 -1.96054 -1.13132 -0.4772 
1.10019 -1.96699 -1.74296 1.55737 -1.2999 -0.972608 2.34488 -1.11086 0.606549 0.0662777 -1.38233 -1.96054 -1.13132 -0.4772 
1.10061 -1.96657 -1.74264 1.55727 -1.2982 -0.9719 2.34404 -1.11086 0.606549 0.0662777 -1.38233 -1.96054 -1.13132 -0.4772 
1.10063 -1.96698 -1.74318 1.55824 -1.3006 -0.970246 2.34573 -1.11086 0.606549 0.0662777 -1.38233 -1.96054 -1.13132 -0.4772 
1.09965 -1.96699 -1.74322 1.55882 -1.30611 -0.972598 2.34917 -1.11086 0.606549 0.0662777 -1.38233 -1.96054 -1.13132 -0.4772 
1.10013 -1.96641 -1.74219 1.55805 -1.30332 -0.973321 2.34672 -1.11086 0.606549 0.0662777 -1.38233 -1.96054 -1.13132 -0.4772 
1.10041 -1.96573 -1.74158 1.5578 -1.3022 -0.973155 2.34658 -1.11086 0.606549 0.0662777 -1.38233 -1.96054 -1.13132 -0.4772 
1.10122 -1.96474 -1.74088 1.55797 -1.30189 -0.971872 2.34545 -1.11086 0.606549 0.0662777 -1.38233 -1.96054 -1.13132 -0.4772 
1.09994 -1.96646 -1.74233 1.55782 -1.30276 -0.973502 2.34827 -1.11086 0.606549 0.0662777 -1.38233 -1.96054 -1.13132 -0.4772 
1.10037 -1.9661 -1.74246 1.55849 -1.30385 -0.971874 2.34823 -1.11086 0.606549 0.0662777 -1.38233 -1.96054 -1.13132 -0.4772 
1.10014 -1.96672 -1.74305 1.5589 -1.30493 -0.971506 2.34931 -1.11086 0.606549 0.0662777 -1.38233 -1.96054 -1.13132 -0.4772 
1.10039 -1.96621 -1.74257 1.55898 -1.30473 -0.971098 2.34891 -1.11086 0.606549 0.0662777 -1.38233 -1.96054 -1.13132 -0.4772 
1.10015 -1.96612 -1.74213 1.55812 -1.30264 -0.973058 2.34717 -1.11086 0.606549 0.0662777 -1.38233 -1.96054 -1.13132 -0.4772 
1.10007 -1.96597 -1.74147 1.55724 -1.3008 -0.974697 2.34652 -1.11086 0.606549 0.0662777 -1.38233 -1.96054 -1.13132 -0.4772 
1.10074 -1.96543 -1.74132 1.55777 -1.3014 -0.973104 2.34594 -1.11086 0.606549 0.0662777 -1.38233 -1.96054 -1.13132 -0.4772 
1.10032 -1.96548 -1.74149 1.55746 -1.30124 -0.973438 2.34543 -1.11086 0.606549 0.0662777 -1.38233 -1.96054 -1.13132 -0.4772 
1.10075 -1.96592 -1.74229 1.55901 -1.30412 -0.970854 2.34745 -1.11086 0.606549 0.0662777 -1.38233 -1.96054 -1.13132 -0.4772 
