1.11358 -1.86752 -1.69156 1.37276 1.98683 1.17439 -1.13247 -1.1103 0.609337 0.0656645 -1.37593 -1.96223 -1.13301 -0.473288 
1.09569 -1.85177 -1.69208 1.34086 1.98815 1.16966 -1.14498 -1.11086 0.606551 0.0662773 -1.38233 -1.96054 -1.13132 -0.477198 
1.09387 -1.85194 -1.69175 1.33646 1.99084 1.17398 -1.14518 -1.11086 0.606549 0.0662777 -1.38233 -1.96054 -1.13132 -0.4772 
1.09271 -1.85053 -1.69021 1.3316 1.99632 1.18136 -1.15035 -1.11086 0.606549 0.0662777 -1.38233 -1.96054 -1.13132 -0.4772 
1.0918 -1.85084 -1.69091 1.33039 1.99708 1.18405 -1.15061 -1.11086 0.606549 0.0662777 -1.38233 -1.96054 -1.13132 -0.4772 
1.09318 -1.85081 -1.69158 1.33324 1.99474 1.18066 -1.14947 -1.11086 0.606549 0.0662777 -1.38233 -1.96054 -1.13132 -0.4772 
1.09562 -1.84955 -1.69013 1.33342 1.99478 1.17955 -1.1542 -1.11086 0.606549 0.0662777 -1.38233 -1.96054 -1.13132 -0.4772 
1.09779 -1.8478 -1.68792 1.33148 1.99692 1.18131 -1.16189 -1.11086 0.606549 0.0662777 -1.38233 -1.96054 -1.13132 -0.4772 
1.10001 -1.8479 -1.68719 1.33292 1.99689 1.18046 -1.16256 -1.11086 0.606549 0.0662777 -1.38233 -1.96054 -1.13132 -0.4772 
1.10376 -1.84733 -1.68521 1.33593 1.9989 1.18004 -1.16339 -1.11086 0.606549 0.0662777 -1.38233 -1.96054 -1.13132 -0.4772 
1.10766 -1.84681 -1.68392 1.34038 1.99929 1.17844 -1.16467 -1.11086 0.606549 0.0662777 -1.38233 -1.96054 -1.13132 -0.4772 
1.11059 -1.84788 -1.68367 1.3447 1.99871 1.17809 -1.16509 -1.11086 0.606549 0.0662777 -1.38233 -1.96054 -1.13132 -0.4772 
1.11209 -1.84903 -1.68377 1.34713 1.99873 1.17952 -1.1656 -1.11086 0.606549 0.0662777 -1.38233 -1.96054 -1.13132 -0.4772 
1.11381 -1.84971 -1.68284 1.3493 1.99952 1.18052 -1.16646 -1.11086 0.606549 0.0662777 -1.38233 -1.96054 -1.13132 -0.4772 
1.11571 -1.85027 -1.6824 1.35212 1.99889 1.17931 -1.16646 -1.11086 0.606549 0.0662777 -1.38233 -1.96054 -1.13132 -0.4772 
1.11753 -1.84953 -1.68102 1.35316 2.00028 1.1795 -1.16817 -1.11086 0.606549 0.0662777 -1.38233 -1.96054 -1.13132 -0.4772 
1.11887 -1.84895 -1.67974 1.35349 2.00227 1.18093 -1.17018 -1.11086 0.606549 0.0662777 -1.38233 -1.96054 -1.13132 -0.4772 
1.11993 -1.84893 -1.67898 1.35444 2.00292 1.18098 -1.17107 -1.11086 0.606549 0.0662777 -1.38233 -1.96054 -1.13132 -0.4772 
1.12027 -1.84972 -1.67941 1.35516 2.00264 1.18207 -1.17088 -1.11086 0.606549 0.0662777 -1.38233 -1.96054 -1.13132 -0.4772 
1.12046 -1.85043 -1.67986 1.35601 2.00191 1.18215 -1.17015 -1.11086 0.606549 0.0662777 -1.38233 -1.96054 -1.13132 -0.4772 
1.12268 -1.84911 -1.67797 1.35683 2.00399 1.18202 -1.17256 -1.11086 0.606549 0.0662777 -1.38233 -1.96054 -1.13132 -0.4772 
1.12266 -1.85044 -1.67881 1.35779 2.00277 1.1824 -1.17122 -1.11086 0.606549 0.0662777 -1.38233 -1.96054 -1.13132 -0.4772 
1.12298 -1.85062 -1.67931 1.3592 2.00183 1.181 -1.1696 -1.11086 0.606549 0.0662777 -1.38233 -1.96054 -1.13132 -0.4772 
1.12358 -1.85074 -1.6789 1.36005 2.00183 1.18077 -1.17006 -1.11086 0.606549 0.0662777 -1.38233 -1.96054 -1.13132 -0.4772 
1.12606 -1.84903 -1.67691 1.36163 2.00297 1.17788 -1.17116 -1.11086 0.606549 0.0662777 -1.38233 -1.96054 -1.13132 -0.4772 
1.12492 -1.85081 -1.67756 1.36043 2.00381 1.18237 -1.17178 -1.11086 0.606549 0.0662777 -1.38233 -1.96054 -1.13132 -0.4772 
1.12511 -1.85189 -1.67814 1.36139 2.0028 1.18238 -1.17128 -1.11086 0.606549 0.0662777 -1.38233 -1.96054 -1.13132 -0.4772 
1.12542 -1.85169 -1.67817 1.36187 2.0025 1.18132 -1.17128 -1.11086 0.606549 0.0662777 -1.38233 -1.96054 -1.13132 -0.4772 
1.12741 -1.85231 -1.67744 1.36427 2.00234 1.18084 -1.17148 -1.11086 0.606549 0.0662777 -1.38233 -1.96054 -1.13132 -0.4772 
1.13005 -1.85107 -1.67624 1.36657 2.00291 1.17915 -1.17318 -1.11086 0.606549 0.0662777 -1.38233 -1.96054 -1.13132 -0.4772 
1.13137 -1.85088 -1.67559 1.3676 2.00363 1.1799 -1.17465 -1.11086 0.606549 0.0662777 -1.38233 -1.96054 -1.13132 -0.4772 
1.13265 -1.85099 -1.67548 1.36925 2.00329 1.1795 -1.17536 -1.11086 0.606549 0.0662777 -1.38233 -1.96054 -1.13132 -0.4772 
1.13379 -1.8512 -1.67538 1.37162 2.00299 1.17834 -1.17391 -1.11086 0.606549 0.0662777 -1.38233 -1.96054 -1.13132 -0.4772 
1.13391 -1.85239 -1.6752 1.3722 2.00381 1.18039 -1.17338 -1.11086 0.606549 0.0662777 -1.38233 -1.96054 -1.13132 -0.4772 
1.13399 -1.85275 -1.67551 1.37217 2.00407 1.18189 -1.17367 -1.11086 0.606549 0.0662777 -1.38233 -1.96054 -1.13132 -0.4772 
1.13386 -1.85286 -1.67471 1.37086 2.00597 1.18475 -1.1752 -1.11086 0.606549 0.0662777 -1.38233 -1.96054 -1.13132 -0.4772 
1.13479 -1.85224 -1.67345 1.37103 2.00689 1.1843 -1.17587 -1.11086 0.606549 0.0662777 -1.38233 -1.96054 -1.13132 -0.4772 
1.13499 -1.85235 -1.67421 1.37228 2.00545 1.18283 -1.17478 -1.11086 0.606549 0.0662777 -1.38233 -1.96054 -1.13132 -0.4772 
1.13473 -1.85223 -1.67379 1.37127 2.00674 1.1847 -1.17525 -1.11086 0.606549 0.0662777 -1.38233 -1.96054 -1.13132 -0.4772 
1.1353 -1.85174 -1.67334 1.37155 2.00669 1.18373 -1.17588 -1.11086 0.606549 0.0662777 -1.38233 -1.96054 -1.13132 -0.4772 
1.13576 -1.85217 -1.67361 1.37293 2.00554 1.18195 -1.17451 -1.11086 0.606549 0.0662777 -1.38233 -1.96054 -1.13132 -0.4772 
1.13544 -1.85285 -1.67417 1.37368 2.00437 1.1812 -1.17352 -1.11086 0.606549 0.0662777 -1.38233 -1.96054 -1.13132 -0.4772 
1.13487 -1.85295 -1.67426 1.37247 2.00504 1.18288 -1.17402 -1.11086 0.606549 0.0662777 -1.38233 -1.96054 -1.13132 -0.4772 
1.13525 -1.85369 -1.67489 1.37358 2.00366 1.18151 -1.17268 -1.11086 0.606549 0.0662777 -1.38233 -1.96054 -1.13132 -0.4772 
1.13563 -1.85209 -1.67384 1.373 2.00496 1.18136 -1.1744 -1.11086 0.606549 0.0662777 -1.38233 -1.96054 -1.13132 -0.4772 
1.13526 -1.85272 -1.6744 1.37352 2.00419 1.18092 -1.17295 -1.11086 0.606549 0.0662777 -1.38233 -1.96054 -1.13132 -0.4772 
1.13605 -1.85273 -1.67455 1.37497 2.00274 1.17842 -1.17195 -1.11086 0.606549 0.0662777 -1.38233 -1.96054 -1.13132 -0.4772 
1.13586 -1.85221 -1.67391 1.37355 2.00438 1.18033 -1.17373 -1.11086 0.606549 0.0662777 -1.38233 -1.96054 -1.13132 -0.4772 
1.13531 -1.85277 -1.67409 1.37254 2.0052 1.18244 -1.17425 -1.11086 0.606549 0.0662777 -1.38233 -1.96054 -1.13132 -0.4772 
1.13508 -1.8523 -1.67335 1.37138 2.00676 1.18451 -1.17595 -1.11086 0.606549 0.0662777 -1.38233 -1.96054 -1.13132 -0.4772 
1.13606 -1.8523 -1.67364 1.37381 2.00458 1.18072 -1.17434 -1.11086 0.606549 0.0662777 -1.38233 -1.96054 -1.13132 -0.4772 
1.13662 -1.85209 -1.67354 1.37478 2.00395 1.17913 -1.17362 -1.11086 0.606549 0.0662777 -1.38233 -1.96054 -1.13132 -0.4772 
1.13628 -1.85273 -1.67404 1.37492 2.00345 1.17895 -1.17253 -1.11086 0.606549 0.0662777 -1.38233 -1.96054 -1.13132 -0.4772 
1.13662 -1.85218 -1.67389 1.37521 2.00304 1.17809 -1.17275 -1.11086 0.606549 0.0662777 -1.38233 -1.96054 -1.13132 -0.4772 
1.13643 -1.85246 -1.67386 1.37504 2.00304 1.17811 -1.17256 -1.11086 0.606549 0.0662777 -1.38233 -1.96054 -1.13132 -0.4772 
1.13717 -1.85199 -1.6741 1.37644 2.00152 1.17561 -1.17273 -1.11086 0.606549 0.0662777 -1.38233 -1.96054 -1.13132 -0.4772 
1.13667 -1.85254 -1.67431 1.37615 2.0015 1.1765 -1.17269 -1.11086 0.606549 0.0662777 -1.38233 -1.96054 -1.13132 -0.4772 
1.13729 -1.85077 -1.67309 1.37519 2.00297 1.17673 -1.17568 -1.11086 0.606549 0.0662777 -1.38233 -1.96054 -1.13132 -0.4772 
1.13757 -1.85039 -1.67299 1.37522 2.00279 1.17632 -1.17657 -1.11086 0.606549 0.0662777 -1.38233 -1.96054 -1.13132 -0.4772 
1.13707 -1.8517 -1.67421 1.37627 2.0007 1.17552 -1.17439 -1.11086 0.606549 0.0662777 -1.38233 -1.96054 -1.13132 -0.4772 
1.13589 -1.85234 -1.67445 1.3746 2.00168 1.1784 -1.17495 -1.11086 0.606549 0.0662777 -1.38233 -1.96054 -1.13132 -0.4772 
1.13649 -1.85073 -1.67329 1.37397 2.00326 1.17848 -1.17673 -1.11086 0.606549 0.0662777 -1.38233 -1.96054 -1.13132 -0.4772 
1.1355 -1.85203 -1.67424 1.37345 2.00272 1.18009 -1.17632 -1.11086 0.606549 0.0662777 -1.38233 -1.96054 -1.13132 -0.4772 
1.13619 -1.85156 -1.67396 1.37404 2.00219 1.17872 -1.17643 -1.11086 0.606549 0.0662777 -1.38233 -1.96054 -1.13132 -0.4772 
1.13574 -1.85193 -1.67424 1.37379 2.00248 1.17924 -1.17605 -1.11086 0.606549 0.0662777 -1.38233 -1.96054 -1.13132 -0.4772 
1.13648 -1.8511 -1.67338 1.37409 2.00287 1.1784 -1.177 -1.11086 0.606549 0.0662777 -1.38233 -1.96054 -1.13132 -0.4772 
1.13527 -1.85269 -1.6746 1.37335 2.00251 1.18036 -1.17568 -1.11086 0.606549 0.0662777 -1.38233 -1.96054 -1.13132 -0.4772 
1.13622 -1.85154 -1.67379 1.37398 2.003 1.17903 -1.17671 -1.11086 0.606549 0.0662777 -1.38233 -1.96054 -1.13132 -0.4772 
1.1356 -1.85259 -1.6746 1.37399 2.00209 1.17959 -1.17497 -1.11086 0.606549 0.0662777 -1.38233 -1.96054 -1.13132 -0.4772 
1.13618 -1.85276 -1.67501 1.3753 2.00033 1.17774 -1.17483 -1.11086 0.606549 0.0662777 -1.38233 -1.96054 -1.13132 -0.4772 
1.13634 -1.85196 -1.674 1.37467 2.00172 1.17796 -1.17544 -1.11086 0.606549 0.0662777 -1.38233 -1.96054 -1.13132 -0.4772 
1.13606 -1.85248 -1.67454 1.37463 2.00135 1.17823 -1.17476 -1.11086 0.606549 0.0662777 -1.38233 -1.96054 -1.13132 -0.4772 
1.13561 -1.85253 -1.67439 1.37362 2.00253 1.17988 -1.17543 -1.11086 0.606549 0.0662777 -1.38233 -1.96054 -1.13132 -0.4772 
1.13626 -1.85162 -1.67402 1.37423 2.00249 1.17831 -1.17591 -1.11086 0.606549 0.0662777 -1.38233 -1.96054 -1.13132 -0.4772 
1.13617 -1.85205 -1.67456 1.37493 2.00147 1.17716 -1.17495 -1.11086 0.606549 0.0662777 -1.38233 -1.96054 -1.13132 -0.4772 
1.1362 -1.85186 -1.67412 1.37423 2.0024 1.17853 -1.17622 -1.11086 0.606549 0.0662777 -1.38233 -1.96054 -1.13132 -0.4772 
1.13565 -1.85251 -1.67441 1.37371 2.00282 1.17984 -1.1761 -1.11086 0.606549 0.0662777 -1.38233 -1.96054 -1.13132 -0.4772 
1.13597 -1.8522 -1.6746 1.37437 2.00212 1.17856 -1.17506 -1.11086 0.606549 0.0662777 -1.38233 -1.96054 -1.13132 -0.4772 
1.135 -1.85283 -1.67489 1.37319 2.00277 1.18069 -1.17517 -1.11086 0.606549 0.0662777 -1.38233 -1.96054 -1.13132 -0.4772 
1.13684 -1.85102 -1.67376 1.37496 2.00217 1.17699 -1.17596 -1.11086 0.606549 0.0662777 -1.38233 -1.96054 -1.13132 -0.4772 
1.13735 -1.85074 -1.67354 1.37556 2.00211 1.17595 -1.17555 -1.11086 0.606549 0.0662777 -1.38233 -1.96054 -1.13132 -0.4772 
1.13609 -1.85244 -1.67459 1.37523 2.00152 1.17761 -1.17369 -1.11086 0.606549 0.0662777 -1.38233 -1.96054 -1.13132 -0.4772 
1.13517 -1.85331 -1.67527 1.37457 2.00138 1.17907 -1.17335 -1.11086 0.606549 0.0662777 -1.38233 -1.96054 -1.13132 -0.4772 
1.13602 -1.85176 -1.67384 1.37407 2.00361 1.17945 -1.17458 -1.11086 0.606549 0.0662777 -1.38233 -1.96054 -1.13132 -0.4772 
1.13509 -1.85275 -1.67416 1.37313 2.00436 1.18208 -1.17423 -1.11086 0.606549 0.0662777 -1.38233 -1.96054 -1.13132 -0.4772 
1.13531 -1.85236 -1.67365 1.3728 2.00513 1.18242 -1.1746 -1.11086 0.606549 0.0662777 -1.38233 -1.96054 -1.13132 -0.4772 
1.13536 -1.85232 -1.67397 1.37318 2.0047 1.18128 -1.17383 -1.11086 0.606549 0.0662777 -1.38233 -1.96054 -1.13132 -0.4772 
1.1353 -1.85263 -1.67415 1.37336 2.00423 1.1815 -1.17354 -1.11086 0.606549 0.0662777 -1.38233 -1.96054 -1.13132 -0.4772 
1.13607 -1.85262 -1.6741 1.37469 2.00326 1.17962 -1.17283 -1.11086 0.606549 0.0662777 -1.38233 -1.96054 -1.13132 -0.4772 
1.13516 -1.8529 -1.67434 1.37309 2.00448 1.18209 -1.17392 -1.11086 0.606549 0.0662777 -1.38233 -1.96054 -1.13132 -0.4772 
1.13606 -1.8524 -1.67424 1.37457 2.00331 1.17909 -1.17291 -1.11086 0.606549 0.0662777 -1.38233 -1.96054 -1.13132 -0.4772 
1.13641 -1.85147 -1.67318 1.37359 2.00517 1.18001 -1.17465 -1.11086 0.606549 0.0662777 -1.38233 -1.96054 -1.13132 -0.4772 
1.13668 -1.85142 -1.67313 1.37426 2.00473 1.17901 -1.17457 -1.11086 0.606549 0.0662777 -1.38233 -1.96054 -1.13132 -0.4772 
1.13678 -1.8508 -1.67268 1.37387 2.00537 1.17947 -1.17532 -1.11086 0.606549 0.0662777 -1.38233 -1.96054 -1.13132 -0.4772 
1.13599 -1.85232 -1.67391 1.37422 2.0042 1.17993 -1.17363 -1.11086 0.606549 0.0662777 -1.38233 -1.96054 -1.13132 -0.4772 
1.13638 -1.85232 -1.67416 1.37481 2.00317 1.17858 -1.17315 -1.11086 0.606549 0.0662777 -1.38233 -1.96054 -1.13132 -0.4772 
1.13617 -1.85231 -1.67436 1.37504 2.00295 1.17816 -1.17301 -1.11086 0.606549 0.0662777 -1.38233 -1.96054 -1.13132 -0.4772 
1.13756 -1.85164 -1.67375 1.37679 2.00212 1.175 -1.17216 -1.11086 0.606549 0.0662777 -1.38233 -1.96054 -1.13132 -0.4772 
1.137 -1.85193 -1.67382 1.37558 2.00325 1.17735 -1.1725 -1.11086 0.606549 0.0662777 -1.38233 -1.96054 -1.13132 -0.4772 
1.13617 -1.85169 -1.67364 1.3741 2.00446 1.17953 -1.17368 -1.11086 0.606549 0.0662777 -1.38233 -1.96054 -1.13132 -0.4772 
1.13652 -1.85157 -1.67366 1.37468 2.00399 1.17859 -1.17376 -1.11086 0.606549 0.0662777 -1.38233 -1.96054 -1.13132 -0.4772 
1.136 -1.85144 -1.67346 1.37323 2.00525 1.18102 -1.17538 -1.11086 0.606549 0.0662777 -1.38233 -1.96054 -1.13132 -0.4772 
1.1363 -1.85151 -1.67367 1.37372 2.00479 1.18007 -1.1749 -1.11086 0.606549 0.0662777 -1.38233 -1.96054 -1.13132 -0.4772 
1.13579 -1.85241 -1.67444 1.37427 2.00294 1.17956 -1.17454 -1.11086 0.606549 0.0662777 -1.38233 -1.96054 -1.13132 -0.4772 
1.13609 -1.85197 -1.67424 1.37462 2.003 1.17891 -1.17371 -1.11086 0.606549 0.0662777 -1.38233 -1.96054 -1.13132 -0.4772 
1.13574 -1.85335 -1.67496 1.37519 2.00143 1.17872 -1.17301 -1.11086 0.606549 0.0662777 -1.38233 -1.96054 -1.13132 -0.4772 
1.13704 -1.85102 -1.6735 1.37524 2.00261 1.17691 -1.17447 -1.11086 0.606549 0.0662777 -1.38233 -1.96054 -1.13132 -0.4772 
1.13662 -1.8508 -1.67306 1.37378 2.00428 1.1792 -1.17542 -1.11086 0.606549 0.0662777 -1.38233 -1.96054 -1.13132 -0.4772 
1.13593 -1.85183 -1.67387 1.37375 2.00362 1.17992 -1.17417 -1.11086 0.606549 0.0662777 -1.38233 -1.96054 -1.13132 -0.4772 
1.1367 -1.85102 -1.67312 1.3744 2.00367 1.17829 -1.17501 -1.11086 0.606549 0.0662777 -1.38233 -1.96054 -1.13132 -0.4772 
1.13559 -1.85158 -1.67359 1.3728 2.00441 1.18118 -1.17605 -1.11086 0.606549 0.0662777 -1.38233 -1.96054 -1.13132 -0.4772 
1.13631 -1.8506 -1.67287 1.37302 2.00526 1.18046 -1.17635 -1.11086 0.606549 0.0662777 -1.38233 -1.96054 -1.13132 -0.4772 
1.13547 -1.85172 -1.67389 1.37302 2.00413 1.18096 -1.17601 -1.11086 0.606549 0.0662777 -1.38233 -1.96054 -1.13132 -0.4772 
1.13586 -1.85126 -1.67352 1.37294 2.00478 1.18116 -1.17591 -1.11086 0.606549 0.0662777 -1.38233 -1.96054 -1.13132 -0.4772 
1.13581 -1.85166 -1.67395 1.37369 2.00372 1.17993 -1.17503 -1.11086 0.606549 0.0662777 -1.38233 -1.96054 -1.13132 -0.4772 
1.13631 -1.85073 -1.67299 1.37307 2.00461 1.18049 -1.17707 -1.11086 0.606549 0.0662777 -1.38233 -1.96054 -1.13132 -0.4772 
1.13703 -1.84985 -1.67239 1.37374 2.00494 1.17889 -1.17682 -1.11086 0.606549 0.0662777 -1.38233 -1.96054 -1.13132 -0.4772 
1.13627 -1.85169 -1.67402 1.37453 2.00264 1.17844 -1.17463 -1.11086 0.606549 0.0662777 -1.38233 -1.96054 -1.13132 -0.4772 
1.13571 -1.85615 -1.67544 1.37758 2.00173 1.17929 -1.16564 -1.11086 0.606549 0.0662777 -1.38233 -1.96054 -1.13132 -0.4772 
1.1352 -1.8595 -1.67555 1.37943 2.00358 1.18185 -1.15726 -1.11086 0.606549 0.0662777 -1.38233 -1.96054 -1.13132 -0.4772 
1.13446 -1.86348 -1.67597 1.38172 2.005 1.18398 -1.14736 -1.11086 0.606549 0.0662777 -1.38233 -1.96054 -1.13132 -0.4772 
1.13392 -1.86805 -1.67724 1.38533 2.00452 1.18406 -1.13582 -1.11086 0.606549 0.0662777 -1.38233 -1.96054 -1.13132 -0.4772 
1.13237 -1.87284 -1.67851 1.3869 2.00602 1.18745 -1.1247 -1.11086 0.606549 0.0662777 -1.38233 -1.96054 -1.13132 -0.4772 
1.13154 -1.87811 -1.68018 1.39068 2.00521 1.18734 -1.11104 -1.11086 0.606549 0.0662777 -1.38233 -1.96054 -1.13132 -0.4772 
1.13018 -1.88253 -1.68107 1.39247 2.00707 1.18956 -1.09858 -1.11086 0.606549 0.0662777 -1.38233 -1.96054 -1.13132 -0.4772 
1.1272 -1.8882 -1.68278 1.39254 2.0096 1.19519 -1.08531 -1.11086 0.606549 0.0662777 -1.38233 -1.96054 -1.13132 -0.4772 
1.12412 -1.89447 -1.68517 1.39386 2.01053 1.19889 -1.06946 -1.11086 0.606549 0.0662777 -1.38233 -1.96054 -1.13132 -0.4772 
1.12132 -1.9006 -1.68754 1.39579 2.0112 1.20121 -1.05272 -1.11086 0.606549 0.0662777 -1.38233 -1.96054 -1.13132 -0.4772 
1.11809 -1.90633 -1.68948 1.39665 2.01331 1.20481 -1.03637 -1.11086 0.606549 0.0662777 -1.38233 -1.96054 -1.13132 -0.4772 
1.11471 -1.91147 -1.69069 1.39639 2.01748 1.20986 -1.01962 -1.11086 0.606549 0.0662777 -1.38233 -1.96054 -1.13132 -0.4772 
1.10918 -1.91921 -1.6947 1.39602 2.01868 1.21617 -1.00038 -1.11086 0.606549 0.0662777 -1.38233 -1.96054 -1.13132 -0.4772 
1.10651 -1.92307 -1.6947 1.39554 2.02365 1.21983 -0.984491 -1.11086 0.606549 0.0662777 -1.38233 -1.96054 -1.13132 -0.4772 
1.10265 -1.92844 -1.69654 1.39565 2.02664 1.22313 -0.965431 -1.11086 0.606549 0.0662777 -1.38233 -1.96054 -1.13132 -0.4772 
1.09651 -1.93555 -1.69988 1.39371 2.0301 1.23009 -0.944457 -1.11086 0.606549 0.0662777 -1.38233 -1.96054 -1.13132 -0.4772 
1.09192 -1.94169 -1.70226 1.39354 2.03305 1.23338 -0.922595 -1.11086 0.606549 0.0662777 -1.38233 -1.96054 -1.13132 -0.4772 
1.08685 -1.94739 -1.70469 1.39203 2.03661 1.23805 -0.902743 -1.11086 0.606549 0.0662777 -1.38233 -1.96054 -1.13132 -0.4772 
1.08144 -1.95295 -1.70684 1.38977 2.04055 1.24344 -0.883975 -1.11086 0.606549 0.0662777 -1.38233 -1.96054 -1.13132 -0.4772 
1.07568 -1.95842 -1.70911 1.38687 2.0452 1.24982 -0.865166 -1.11086 0.606549 0.0662777 -1.38233 -1.96054 -1.13132 -0.4772 
1.07028 -1.96435 -1.71231 1.38614 2.04681 1.25288 -0.844656 -1.11086 0.606549 0.0662777 -1.38233 -1.96054 -1.13132 -0.4772 
1.06428 -1.96699 -1.71093 1.38261 2.04582 1.26333 -0.824819 -1.11086 0.606549 0.0662777 -1.38233 -1.96054 -1.13132 -0.4772 
1.0602 -1.96699 -1.70664 1.38049 2.04355 1.2714 -0.804842 -1.11086 0.606549 0.0662777 -1.38233 -1.96054 -1.13132 -0.4772 
1.05389 -1.96699 -1.70231 1.3748 2.04257 1.28585 -0.786017 -1.11086 0.606549 0.0662777 -1.38233 -1.96054 -1.13132 -0.4772 
1.04887 -1.96699 -1.69743 1.37258 2.03701 1.29622 -0.763011 -1.11086 0.606549 0.0662777 -1.38233 -1.96054 -1.13132 -0.4772 
1.04521 -1.96699 -1.69531 1.36997 2.03636 1.30039 -0.749413 -1.11086 0.606549 0.0662777 -1.38233 -1.96054 -1.13132 -0.4772 
1.04059 -1.96699 -1.69468 1.36632 2.03401 1.30558 -0.737965 -1.11086 0.606549 0.0662777 -1.38233 -1.96054 -1.13132 -0.4772 
1.03613 -1.96699 -1.6948 1.36168 2.03446 1.31019 -0.730108 -1.11086 0.606549 0.0662777 -1.38233 -1.96054 -1.13132 -0.4772 
1.03235 -1.96699 -1.69466 1.35833 2.03312 1.31345 -0.722288 -1.11086 0.606549 0.0662777 -1.38233 -1.96054 -1.13132 -0.4772 
1.02925 -1.96699 -1.69491 1.35399 2.03532 1.31681 -0.718582 -1.11086 0.606549 0.0662777 -1.38233 -1.96054 -1.13132 -0.4772 
1.02687 -1.96689 -1.69532 1.35069 2.03695 1.31824 -0.715213 -1.11086 0.606549 0.0662777 -1.38233 -1.96054 -1.13132 -0.4772 
1.02349 -1.96699 -1.69582 1.34781 2.03466 1.32218 -0.712782 -1.11086 0.606549 0.0662777 -1.38233 -1.96054 -1.13132 -0.4772 
1.02229 -1.96697 -1.69615 1.34648 2.03401 1.32214 -0.713658 -1.11086 0.606549 0.0662777 -1.38233 -1.96054 -1.13132 -0.4772 
1.02135 -1.96697 -1.69632 1.3449 2.03283 1.32436 -0.71682 -1.11086 0.606549 0.0662777 -1.38233 -1.96054 -1.13132 -0.4772 
1.02134 -1.96597 -1.69551 1.34237 2.03363 1.32686 -0.724465 -1.11086 0.606549 0.0662777 -1.38233 -1.96054 -1.13132 -0.4772 
1.02309 -1.96487 -1.69449 1.34395 2.03108 1.32347 -0.73098 -1.11086 0.606549 0.0662777 -1.38233 -1.96054 -1.13132 -0.4772 
1.0249 -1.96335 -1.69316 1.34444 2.02941 1.32167 -0.740034 -1.11086 0.606549 0.0662777 -1.38233 -1.96054 -1.13132 -0.4772 
1.02481 -1.96434 -1.69472 1.34544 2.02414 1.32129 -0.748266 -1.11086 0.606549 0.0662777 -1.38233 -1.96054 -1.13132 -0.4772 
1.02571 -1.96438 -1.69535 1.34622 2.01974 1.32166 -0.760376 -1.11086 0.606549 0.0662777 -1.38233 -1.96054 -1.13132 -0.4772 
1.02765 -1.96361 -1.69496 1.34693 2.01581 1.3219 -0.775723 -1.11086 0.606549 0.0662777 -1.38233 -1.96054 -1.13132 -0.4772 
1.03142 -1.96216 -1.69388 1.34966 2.01083 1.31914 -0.792906 -1.11086 0.606549 0.0662777 -1.38233 -1.96054 -1.13132 -0.4772 
1.03468 -1.96096 -1.6929 1.35209 2.00603 1.31724 -0.809905 -1.11086 0.606549 0.0662777 -1.38233 -1.96054 -1.13132 -0.4772 
1.0375 -1.95933 -1.6918 1.35243 2.00246 1.31843 -0.830844 -1.11086 0.606549 0.0662777 -1.38233 -1.96054 -1.13132 -0.4772 
1.04032 -1.95776 -1.69067 1.3525 1.99923 1.32036 -0.852894 -1.11086 0.606549 0.0662777 -1.38233 -1.96054 -1.13132 -0.4772 
1.04356 -1.95648 -1.68995 1.35373 1.99435 1.32096 -0.875001 -1.11086 0.606549 0.0662777 -1.38233 -1.96054 -1.13132 -0.4772 
1.04889 -1.95314 -1.68688 1.3552 1.99112 1.31984 -0.900612 -1.11086 0.606549 0.0662777 -1.38233 -1.96054 -1.13132 -0.4772 
1.05174 -1.95143 -1.68566 1.35432 1.98835 1.32305 -0.924266 -1.11086 0.606549 0.0662777 -1.38233 -1.96054 -1.13132 -0.4772 
1.05787 -1.9485 -1.68291 1.35764 1.98304 1.31908 -0.949466 -1.11086 0.606549 0.0662777 -1.38233 -1.96054 -1.13132 -0.4772 
1.06259 -1.94638 -1.68099 1.35931 1.97802 1.31806 -0.975199 -1.11086 0.606549 0.0662777 -1.38233 -1.96054 -1.13132 -0.4772 
1.06565 -1.94446 -1.67964 1.3587 1.9745 1.32049 -1.00171 -1.11086 0.606549 0.0662777 -1.38233 -1.96054 -1.13132 -0.4772 
1.06884 -1.94168 -1.67721 1.3561 1.97347 1.32514 -1.03052 -1.11086 0.606549 0.0662777 -1.38233 -1.96054 -1.13132 -0.4772 
1.07298 -1.93966 -1.67563 1.35649 1.96907 1.3257 -1.05759 -1.11086 0.606549 0.0662777 -1.38233 -1.96054 -1.13132 -0.4772 
1.07451 -1.93869 -1.67541 1.35367 1.96589 1.33128 -1.08513 -1.11086 0.606549 0.0662777 -1.38233 -1.96054 -1.13132 -0.4772 
