1.05326 -1.91678 -1.79002 1.33278 -1.06541 -1.12926 2.0351 -1.76751 1.79588 -1.08066 1.58824 2.05338 0.728748 -2.07489 
1.02061 -1.91178 -1.7874 1.26112 -1.05411 -1.16525 2.00581 -1.75413 1.80218 -1.05711 1.56831 2.06122 0.772197 -2.16852 
1.02099 -1.90799 -1.78481 1.25638 -1.05432 -1.1611 1.99812 -1.74887 1.79365 -1.05184 1.55753 2.06161 0.796098 -2.20214 
1.02237 -1.90406 -1.78231 1.25322 -1.05226 -1.16184 1.98864 -1.75035 1.78502 -1.05467 1.55607 2.06068 0.802216 -2.19578 
1.02004 -1.9055 -1.78443 1.2501 -1.05371 -1.16719 1.98527 -1.74939 1.77699 -1.05525 1.55116 2.06086 0.811669 -2.19756 
1.01968 -1.90746 -1.78591 1.25076 -1.05393 -1.16934 1.98884 -1.74962 1.77643 -1.05586 1.55173 2.05745 0.810747 -2.20166 
1.02269 -1.9097 -1.78708 1.25907 -1.05469 -1.1662 1.9979 -1.74456 1.79202 -1.04588 1.54876 2.05705 0.812108 -2.24567 
1.03055 -1.91265 -1.78783 1.27642 -1.05745 -1.15694 2.00874 -1.75614 1.78958 -1.06433 1.563 2.05468 0.779136 -2.16441 
1.04032 -1.91293 -1.785 1.2922 -1.05508 -1.1516 2.01329 -1.75539 1.79009 -1.0652 1.56109 2.055 0.778456 -2.16112 
1.0441 -1.9151 -1.78547 1.30176 -1.05635 -1.14839 2.01857 -1.75373 1.79157 -1.06442 1.55854 2.05578 0.779507 -2.16583 
1.05079 -1.91534 -1.78377 1.31253 -1.05555 -1.14377 2.02164 -1.74024 1.79417 -1.04694 1.53608 2.06684 0.816327 -2.23405 
1.05787 -1.91732 -1.78379 1.32743 -1.0579 -1.13516 2.02975 -1.74792 1.79567 -1.05679 1.54938 2.05855 0.791026 -2.19815 
1.0619 -1.91728 -1.78252 1.33433 -1.05748 -1.13169 2.03161 -1.74726 1.79761 -1.05567 1.54839 2.05872 0.790444 -2.20196 
1.0647 -1.91896 -1.78287 1.34134 -1.05823 -1.12897 2.03641 -1.73825 1.80597 -1.03999 1.53615 2.06368 0.811807 -2.26446 
1.06892 -1.92024 -1.78266 1.34966 -1.05843 -1.12651 2.03957 -1.73917 1.79141 -1.04532 1.53072 2.06517 0.820691 -2.24594 
1.07748 -1.92078 -1.7809 1.36369 -1.05798 -1.12013 2.04396 -1.73656 1.78678 -1.04331 1.52339 2.06625 0.831439 -2.25793 
1.08337 -1.92342 -1.78164 1.37686 -1.05987 -1.11431 2.05238 -1.73067 1.79078 -1.03522 1.51302 2.06931 0.844854 -2.29347 
1.08792 -1.92662 -1.78229 1.3883 -1.05999 -1.1126 2.05997 -1.73305 1.79693 -1.03815 1.51839 2.06943 0.828536 -2.27274 
1.08923 -1.92821 -1.78249 1.3914 -1.05853 -1.11571 2.06172 -1.73538 1.78966 -1.04379 1.51607 2.07386 0.828396 -2.24184 
1.09078 -1.93098 -1.7833 1.39722 -1.05822 -1.11798 2.0651 -1.73282 1.8018 -1.03433 1.51617 2.0731 0.829486 -2.27774 
1.09153 -1.93291 -1.78349 1.4002 -1.05548 -1.12339 2.0669 -1.73526 1.79405 -1.03863 1.51612 2.07344 0.828931 -2.25806 
1.08772 -1.9344 -1.78532 1.39608 -1.05479 -1.12927 2.0678 -1.73123 1.79581 -1.02996 1.50817 2.07862 0.843647 -2.28682 
1.28284 -1.96699 -1.88442 1.91515 -1.28718 -0.779503 2.34375 -1.7338 1.79524 -1.03593 1.51361 2.07505 0.833794 -2.26888 
1.11609 -1.93221 -1.78722 1.4528 -1.06856 -1.08079 2.08983 -1.76124 1.47058 -1.30319 1.76515 1.32796 0.581743 -1.68915 
