1.02267 -1.92067 -1.79258 1.27247 -1.05388 -1.17116 2.01958 -1.76941 1.77768 -1.09318 1.57786 2.0798 0.732689 -2.08071 
1.0312 -1.91759 -1.78839 1.28257 -1.0552 -1.15798 2.01698 -1.77267 1.77668 -1.09804 1.58468 2.07815 0.722145 -2.0602 
1.02705 -1.91252 -1.78652 1.26985 -1.05496 -1.15741 2.00684 -1.75966 1.76366 -1.08191 1.5572 2.08789 0.778268 -2.12563 
1.02029 -1.91157 -1.78802 1.25704 -1.0551 -1.16528 1.99909 -1.75335 1.77946 -1.06728 1.55226 2.08509 0.791179 -2.19381 
1.01899 -1.91064 -1.78761 1.25168 -1.05348 -1.16987 1.99362 -1.74752 1.77133 -1.06124 1.5391 2.08679 0.815681 -2.22725 
1.01535 -1.91409 -1.7911 1.24879 -1.05361 -1.17718 1.99839 -1.7482 1.76913 -1.06298 1.53814 2.08898 0.815716 -2.21711 
1.01692 -1.91828 -1.79442 1.25683 -1.05549 -1.17681 2.0097 -1.76387 1.77278 -1.08505 1.56407 2.0786 0.761961 -2.13034 
1.02454 -1.91936 -1.79328 1.2712 -1.05579 -1.16997 2.01569 -1.76365 1.77315 -1.08607 1.56242 2.07926 0.761413 -2.12671 
1.03241 -1.91894 -1.79027 1.28328 -1.05355 -1.16465 2.01883 -1.74921 1.7618 -1.07153 1.53312 2.08939 0.812746 -2.18959 
1.04244 -1.92078 -1.78862 1.30185 -1.05358 -1.15741 2.02602 -1.75712 1.77315 -1.0808 1.55017 2.08313 0.77744 -2.15162 
1.05068 -1.92256 -1.78766 1.31838 -1.05512 -1.14873 2.03341 -1.74859 1.7638 -1.07178 1.53338 2.08345 0.809043 -2.20026 
1.05553 -1.92323 -1.78687 1.32718 -1.05584 -1.14394 2.03649 -1.74029 1.76591 -1.05986 1.52084 2.08461 0.832279 -2.2572 
1.05983 -1.92384 -1.78601 1.33487 -1.05518 -1.14075 2.04049 -1.73723 1.77653 -1.05274 1.5189 2.08664 0.833187 -2.283 
1.06168 -1.92645 -1.78765 1.34199 -1.05813 -1.13725 2.04619 -1.7456 1.77785 -1.06475 1.53031 2.08725 0.806421 -2.22432 
1.06591 -1.92771 -1.78781 1.35045 -1.05941 -1.13296 2.05048 -1.74579 1.7782 -1.0652 1.52932 2.08759 0.804957 -2.21977 
1.07148 -1.92992 -1.78771 1.36189 -1.05987 -1.12931 2.05657 -1.74512 1.77926 -1.06448 1.52696 2.08814 0.805409 -2.22179 
1.07461 -1.93184 -1.78799 1.37007 -1.06071 -1.12652 2.06201 -1.73574 1.77313 -1.05366 1.50836 2.09011 0.837543 -2.27619 
1.0812 -1.93262 -1.78607 1.38163 -1.05796 -1.12463 2.06684 -1.73888 1.7805 -1.05725 1.51425 2.09189 0.820195 -2.25145 
1.08798 -1.93481 -1.7855 1.39486 -1.05794 -1.12127 2.07211 -1.73503 1.77712 -1.05337 1.50361 2.09903 0.834835 -2.25942 
1.08988 -1.93649 -1.78559 1.39978 -1.05662 -1.12366 2.07414 -1.73226 1.77879 -1.04757 1.49808 2.10103 0.843754 -2.2801 
1.0867 -1.93954 -1.78758 1.39736 -1.05447 -1.1329 2.07623 -1.73653 1.77294 -1.05234 1.50392 2.09468 0.836816 -2.26723 
1.08141 -1.94191 -1.79015 1.39111 -1.0528 -1.14271 2.07639 -1.73457 1.76952 -1.04794 1.49709 2.09915 0.849075 -2.27794 
1.28253 -1.96699 -1.88365 1.91489 -1.28745 -0.781798 2.34503 -1.73514 1.77137 -1.04958 1.49955 2.09773 0.844533 -2.27406 
1.29509 -1.96699 -1.899 1.95896 -1.33071 -0.749396 2.38333 -1.73517 1.77145 -1.04967 1.49968 2.09766 0.844269 -2.27385 
