0.65143 -0.969038 -0.256913 1.4786 -2.47511 -1.91374 1.35164 -1.6115 1.9806 -0.710348 1.57815 1.69876 1.0944 -1.91746 
0.65143 -0.969038 -0.256913 1.4786 -2.47511 -1.91374 1.35164 -1.63517 1.96704 -0.797113 1.56589 1.77933 0.979001 -1.96762 
0.65143 -0.969038 -0.256913 1.4786 -2.47511 -1.91374 1.35164 -1.63012 1.95923 -0.791153 1.56097 1.77413 0.987997 -2.03932 
0.65143 -0.969038 -0.256913 1.4786 -2.47511 -1.91374 1.35164 -1.62899 1.96383 -0.788553 1.56113 1.77466 0.987012 -2.06418 
0.65143 -0.969038 -0.256913 1.4786 -2.47511 -1.91374 1.35164 -1.6298 1.95526 -0.791022 1.55843 1.77039 0.994786 -2.07555 
0.65143 -0.969038 -0.256913 1.4786 -2.47511 -1.91374 1.35164 -1.6305 1.95507 -0.792132 1.5592 1.76778 0.993042 -2.07163 
0.65143 -0.969038 -0.256913 1.4786 -2.47511 -1.91374 1.35164 -1.62809 1.95401 -0.790293 1.55235 1.77329 0.998164 -2.08085 
0.65143 -0.969038 -0.256913 1.4786 -2.47511 -1.91374 1.35164 -1.62404 1.9635 -0.783719 1.54845 1.77987 0.995924 -2.115 
0.65143 -0.969038 -0.256913 1.4786 -2.47511 -1.91374 1.35164 -1.62474 1.95853 -0.786701 1.54566 1.77947 0.998732 -2.0971 
0.65143 -0.969038 -0.256913 1.4786 -2.47511 -1.91374 1.35164 -1.62365 1.95955 -0.786085 1.54388 1.77963 0.998036 -2.10279 
0.65143 -0.969038 -0.256913 1.4786 -2.47511 -1.91374 1.35164 -1.62224 1.95969 -0.785007 1.5407 1.78081 0.99938 -2.11177 
0.65143 -0.969038 -0.256913 1.4786 -2.47511 -1.91374 1.35164 -1.6252 1.96701 -0.788639 1.54387 1.7874 0.983546 -2.1283 
0.65143 -0.969038 -0.256913 1.4786 -2.47511 -1.91374 1.35164 -1.62336 1.96479 -0.785885 1.5422 1.78175 0.989129 -2.1373 
0.65143 -0.969038 -0.256913 1.4786 -2.47511 -1.91374 1.35164 -1.62477 1.96701 -0.787376 1.54276 1.78452 0.98357 -2.15041 
0.65143 -0.969038 -0.256913 1.4786 -2.47511 -1.91374 1.35164 -1.62812 1.96701 -0.793235 1.53962 1.79799 0.975672 -2.169 
0.65143 -0.969038 -0.256913 1.4786 -2.47511 -1.91374 1.35164 -1.62724 1.962 -0.793432 1.53242 1.80373 0.98258 -2.14962 
0.65143 -0.969038 -0.256913 1.4786 -2.47511 -1.91374 1.35164 -1.62817 1.95618 -0.79609 1.52923 1.80265 0.985742 -2.13556 
0.65143 -0.969038 -0.256913 1.4786 -2.47511 -1.91374 1.35164 -1.62593 1.96114 -0.792682 1.52728 1.80366 0.982845 -2.15609 
0.65143 -0.969038 -0.256913 1.4786 -2.47511 -1.91374 1.35164 -1.62575 1.95329 -0.794034 1.52092 1.80534 0.991856 -2.15637 
0.65143 -0.969038 -0.256913 1.4786 -2.47511 -1.91374 1.35164 -1.62479 1.96382 -0.78927 1.52445 1.80545 0.98222 -2.17287 
0.65143 -0.969038 -0.256913 1.4786 -2.47511 -1.91374 1.35164 -1.62554 1.95738 -0.789904 1.52023 1.80899 0.989149 -2.16166 
0.65143 -0.969038 -0.256913 1.4786 -2.47511 -1.91374 1.35164 -1.62188 1.96701 -0.781425 1.5149 1.82445 0.988589 -2.25221 
0.65143 -0.969038 -0.256913 1.4786 -2.47511 -1.91374 1.35164 -1.48862 1.67857 -0.861768 1.22545 1.89459 1.29146 -2.17841 
0.65143 -0.969038 -0.256913 1.4786 -2.47511 -1.91374 1.35164 -1.47084 1.65369 -0.871375 1.18538 1.90638 1.32757 -2.16064 
0.65143 -0.969038 -0.256913 1.4786 -2.47511 -1.91374 1.35164 -1.46522 1.65563 -0.869951 1.17275 1.91396 1.33208 -2.15879 
0.65143 -0.969038 -0.256913 1.4786 -2.47511 -1.91374 1.35164 -1.4626 1.66113 -0.865462 1.16605 1.92153 1.33281 -2.16291 
0.65143 -0.969038 -0.256913 1.4786 -2.47511 -1.91374 1.35164 -1.46274 1.66497 -0.863256 1.16564 1.92402 1.33129 -2.16575 
0.65143 -0.969038 -0.256913 1.4786 -2.47511 -1.91374 1.35164 -1.46314 1.66975 -0.859762 1.16449 1.92903 1.32958 -2.16496 
0.65143 -0.969038 -0.256913 1.4786 -2.47511 -1.91374 1.35164 -1.46249 1.6628 -0.863135 1.16105 1.92672 1.33527 -2.16202 
0.65143 -0.969038 -0.256913 1.4786 -2.47511 -1.91374 1.35164 -1.46295 1.66303 -0.862932 1.16115 1.92617 1.33471 -2.16402 
0.65143 -0.969038 -0.256913 1.4786 -2.47511 -1.91374 1.35164 -1.46262 1.65926 -0.864967 1.15802 1.92769 1.33768 -2.14907 
0.65143 -0.969038 -0.256913 1.4786 -2.47511 -1.91374 1.35164 -1.46358 1.65741 -0.866752 1.15792 1.92752 1.33715 -2.13484 
0.65143 -0.969038 -0.256913 1.4786 -2.47511 -1.91374 1.35164 -1.46485 1.66088 -0.864968 1.16026 1.92824 1.33395 -2.1358 
0.65143 -0.969038 -0.256913 1.4786 -2.47511 -1.91374 1.35164 -1.46616 1.6606 -0.865542 1.16256 1.92637 1.33199 -2.1336 
0.65143 -0.969038 -0.256913 1.4786 -2.47511 -1.91374 1.35164 -1.46894 1.66347 -0.864545 1.16908 1.92475 1.32635 -2.13103 
0.65143 -0.969038 -0.256913 1.4786 -2.47511 -1.91374 1.35164 -1.46931 1.66487 -0.862432 1.1665 1.93109 1.32922 -2.12298 
0.65143 -0.969038 -0.256913 1.4786 -2.47511 -1.91374 1.35164 -1.47235 1.6692 -0.858451 1.17199 1.93002 1.32761 -2.14322 
0.65143 -0.969038 -0.256913 1.4786 -2.47511 -1.91374 1.35164 -1.47527 1.66941 -0.857717 1.17402 1.93189 1.33039 -2.14126 
0.65143 -0.969038 -0.256913 1.4786 -2.47511 -1.91374 1.35164 -1.4789 1.67074 -0.856088 1.17629 1.93395 1.33444 -2.14606 
0.65143 -0.969038 -0.256913 1.4786 -2.47511 -1.91374 1.35164 -1.48095 1.67033 -0.855344 1.17631 1.93719 1.33936 -2.14439 
0.65143 -0.969038 -0.256913 1.4786 -2.47511 -1.91374 1.35164 -1.48482 1.675 -0.851895 1.18052 1.94068 1.3387 -2.14494 
0.65143 -0.969038 -0.256913 1.4786 -2.47511 -1.91374 1.35164 -1.48763 1.67363 -0.851462 1.18199 1.94119 1.344 -2.15076 
0.65143 -0.969038 -0.256913 1.4786 -2.47511 -1.91374 1.35164 -1.48876 1.66786 -0.85363 1.17764 1.9449 1.35362 -2.13717 
0.65143 -0.969038 -0.256913 1.4786 -2.47511 -1.91374 1.35164 -1.49296 1.67834 -0.847324 1.18342 1.9491 1.34855 -2.14691 
0.65143 -0.969038 -0.256913 1.4786 -2.47511 -1.91374 1.35164 -1.49591 1.67509 -0.848358 1.18532 1.94981 1.35265 -2.139 
0.65143 -0.969038 -0.256913 1.4786 -2.47511 -1.91374 1.35164 -1.49729 1.67658 -0.845354 1.18374 1.95394 1.35833 -2.14887 
0.65143 -0.969038 -0.256913 1.4786 -2.47511 -1.91374 1.35164 -1.50144 1.67801 -0.844456 1.18988 1.95213 1.35733 -2.15264 
0.65143 -0.969038 -0.256913 1.4786 -2.47511 -1.91374 1.35164 -1.50634 1.68655 -0.839975 1.19924 1.95046 1.35059 -2.16825 
0.65143 -0.969038 -0.256913 1.4786 -2.47511 -1.91374 1.35164 -1.5074 1.68035 -0.843688 1.19759 1.94834 1.356 -2.1611 
0.65143 -0.969038 -0.256913 1.4786 -2.47511 -1.91374 1.35164 -1.50825 1.67665 -0.846875 1.19528 1.94903 1.35888 -2.14439 
0.65143 -0.969038 -0.256913 1.4786 -2.47511 -1.91374 1.35164 -1.50782 1.6751 -0.84786 1.1925 1.95005 1.36091 -2.13903 
0.65143 -0.969038 -0.256913 1.4786 -2.47511 -1.91374 1.35164 -1.50775 1.67626 -0.847638 1.19113 1.95113 1.36017 -2.13622 
0.65143 -0.969038 -0.256913 1.4786 -2.47511 -1.91374 1.35164 -1.50685 1.67484 -0.847946 1.18856 1.95064 1.36208 -2.141 
0.65143 -0.969038 -0.256913 1.4786 -2.47511 -1.91374 1.35164 -1.50679 1.67723 -0.846368 1.18826 1.95096 1.3612 -2.14832 
0.65143 -0.969038 -0.256913 1.4786 -2.47511 -1.91374 1.35164 -1.50874 1.67966 -0.846068 1.1931 1.94786 1.35693 -2.15273 
0.65143 -0.969038 -0.256913 1.4786 -2.47511 -1.91374 1.35164 -1.5096 1.67937 -0.84708 1.19366 1.9479 1.35618 -2.14525 
0.65143 -0.969038 -0.256913 1.4786 -2.47511 -1.91374 1.35164 -1.5071 1.67564 -0.847214 1.18736 1.9482 1.36372 -2.15841 
0.65143 -0.969038 -0.256913 1.4786 -2.47511 -1.91374 1.35164 -1.50668 1.6752 -0.847289 1.18502 1.94934 1.36576 -2.15777 
0.65143 -0.969038 -0.256913 1.4786 -2.47511 -1.91374 1.35164 -1.50818 1.67685 -0.847316 1.18797 1.94773 1.36284 -2.15735 
0.65143 -0.969038 -0.256913 1.4786 -2.47511 -1.91374 1.35164 -1.50636 1.67303 -0.848373 1.18302 1.94743 1.36855 -2.16469 
0.65143 -0.969038 -0.256913 1.4786 -2.47511 -1.91374 1.35164 -1.50649 1.68012 -0.844417 1.18384 1.95079 1.36425 -2.17062 
0.65143 -0.969038 -0.256913 1.4786 -2.47511 -1.91374 1.35164 -1.50502 1.67918 -0.844799 1.17874 1.95415 1.3671 -2.16324 
