1.02008 -1.80515 -1.63388 1.21465 -1.21355 -1.2896 2.03696 -1.71077 1.88257 -0.946477 1.56342 1.92474 0.857478 -2.0179 
1.02503 -1.7997 -1.62812 1.21609 -1.20832 -1.28611 2.02879 -1.71057 1.88204 -0.946482 1.56284 1.92513 0.858309 -2.01739 
1.0226 -1.80192 -1.63113 1.21455 -1.21138 -1.28751 2.03063 -1.70944 1.88195 -0.945488 1.56137 1.92333 0.860382 -2.03097 
1.02206 -1.80072 -1.63147 1.21225 -1.2118 -1.28838 2.0254 -1.69467 1.87328 -0.923433 1.53233 1.94102 0.914088 -2.15759 
1.0226 -1.79895 -1.63045 1.2094 -1.21029 -1.28987 2.01871 -1.71052 1.87814 -0.945737 1.56015 1.92007 0.865757 -2.04392 
1.02341 -1.79919 -1.63042 1.2106 -1.20974 -1.29003 2.02093 -1.69022 1.87437 -0.917768 1.52384 1.94662 0.925139 -2.1885 
1.02619 -1.80117 -1.63209 1.21847 -1.21109 -1.28881 2.02983 -1.69045 1.85911 -0.92177 1.51682 1.94596 0.937663 -2.1804 
1.03445 -1.8023 -1.63267 1.23476 -1.2129 -1.28347 2.03946 -1.69431 1.87402 -0.924062 1.52945 1.93873 0.912419 -2.16313 
1.04342 -1.80185 -1.63074 1.25085 -1.2116 -1.27881 2.04705 -1.70038 1.87519 -0.934805 1.53646 1.93354 0.89559 -2.10796 
1.05313 -1.80121 -1.6288 1.26839 -1.21085 -1.27268 2.0549 -1.68805 1.86312 -0.921608 1.51161 1.94567 0.935618 -2.18643 
1.05819 -1.80168 -1.62851 1.278 -1.21089 -1.27066 2.05903 -1.6957 1.87566 -0.930563 1.52774 1.9372 0.904068 -2.13306 
1.06551 -1.80139 -1.62757 1.2913 -1.21309 -1.26255 2.06521 -1.68266 1.8551 -0.918126 1.49657 1.95497 0.954588 -2.20209 
1.06968 -1.80164 -1.62758 1.29968 -1.21441 -1.25843 2.07035 -1.68485 1.86833 -0.916773 1.50615 1.94793 0.937379 -2.20971 
1.07293 -1.80226 -1.62786 1.30646 -1.21513 -1.25681 2.07445 -1.67783 1.85409 -0.91258 1.485 1.96201 0.967254 -2.22865 
1.07559 -1.80523 -1.63008 1.31541 -1.21741 -1.25671 2.08135 -1.68148 1.85911 -0.914981 1.49373 1.95457 0.95227 -2.21484 
1.08157 -1.80562 -1.62959 1.3267 -1.21715 -1.2542 2.08694 -1.67651 1.86352 -0.908104 1.48429 1.96271 0.960886 -2.24274 
1.08792 -1.8045 -1.62751 1.33667 -1.21502 -1.25121 2.09124 -1.67633 1.85613 -0.909768 1.48077 1.95783 0.966578 -2.25202 
1.09264 -1.80592 -1.62812 1.34704 -1.21579 -1.24939 2.09821 -1.67381 1.8633 -0.904743 1.47823 1.9607 0.965027 -2.26999 
1.09864 -1.80645 -1.62783 1.35858 -1.21504 -1.24822 2.10313 -1.67339 1.86356 -0.905018 1.47471 1.96491 0.964712 -2.25817 
1.09891 -1.80854 -1.62885 1.36145 -1.21412 -1.25228 2.10488 -1.67107 1.86499 -0.900279 1.47085 1.96574 0.970039 -2.28509 
1.09885 -1.81048 -1.62918 1.36279 -1.21192 -1.25736 2.10588 -1.67559 1.86745 -0.903666 1.47887 1.96395 0.957445 -2.25554 
1.09743 -1.81179 -1.63023 1.36152 -1.21204 -1.25952 2.10682 -1.67133 1.86667 -0.896183 1.47135 1.96618 0.971092 -2.29987 
1.35234 -1.74889 -1.75348 1.92764 -1.55725 -0.875469 2.37504 -1.67505 1.86713 -0.902977 1.47785 1.96442 0.959094 -2.26037 
1.12601 -1.80266 -1.63458 1.41367 -1.2261 -1.21225 2.11665 -1.53414 1.64901 -0.958129 1.2186 2.04129 1.2242 -2.22224 
