0.651836 -0.966714 -0.256854 1.48363 -2.47493 -1.91598 1.35325 -1.8838 1.45463 -1.44421 1.58382 2.79243 0.524588 -2.54671 
0.651431 -0.969036 -0.256913 1.47861 -2.47511 -1.91374 1.35164 -1.88186 1.44218 -1.44385 1.59779 2.7724 0.48808 -2.56154 
0.65143 -0.969038 -0.256913 1.4786 -2.47511 -1.91374 1.35164 -1.87675 1.44429 -1.44399 1.60011 2.75302 0.474183 -2.58634 
0.65143 -0.969038 -0.256913 1.4786 -2.47511 -1.91374 1.35164 -1.87622 1.44213 -1.44742 1.60203 2.75561 0.46713 -2.57906 
0.65143 -0.969038 -0.256913 1.4786 -2.47511 -1.91374 1.35164 -1.8763 1.43448 -1.45235 1.60154 2.75711 0.465617 -2.57093 
0.65143 -0.969038 -0.256913 1.4786 -2.47511 -1.91374 1.35164 -1.87619 1.43438 -1.45247 1.60126 2.75115 0.465743 -2.57883 
0.65143 -0.969038 -0.256913 1.4786 -2.47511 -1.91374 1.35164 -1.87551 1.43907 -1.4508 1.60054 2.74541 0.464633 -2.58914 
0.65143 -0.969038 -0.256913 1.4786 -2.47511 -1.91374 1.35164 -1.87391 1.44872 -1.44677 1.59739 2.74329 0.467878 -2.59894 
0.65143 -0.969038 -0.256913 1.4786 -2.47511 -1.91374 1.35164 -1.87079 1.44349 -1.44872 1.58896 2.74453 0.480506 -2.59665 
0.65143 -0.969038 -0.256913 1.4786 -2.47511 -1.91374 1.35164 -1.86825 1.43941 -1.45024 1.58253 2.74428 0.489691 -2.59612 
0.65143 -0.969038 -0.256913 1.4786 -2.47511 -1.91374 1.35164 -1.86747 1.44476 -1.44815 1.58234 2.74141 0.487781 -2.6034 
0.65143 -0.969038 -0.256913 1.4786 -2.47511 -1.91374 1.35164 -1.86624 1.4559 -1.4425 1.58094 2.73758 0.488357 -2.6171 
0.65143 -0.969038 -0.256913 1.4786 -2.47511 -1.91374 1.35164 -1.86564 1.4677 -1.43652 1.58094 2.73273 0.487148 -2.63213 
0.65143 -0.969038 -0.256913 1.4786 -2.47511 -1.91374 1.35164 -1.86521 1.46759 -1.43586 1.57865 2.73037 0.490553 -2.63633 
0.65143 -0.969038 -0.256913 1.4786 -2.47511 -1.91374 1.35164 -1.86523 1.4597 -1.43982 1.57596 2.7324 0.493165 -2.62826 
0.65143 -0.969038 -0.256913 1.4786 -2.47511 -1.91374 1.35164 -1.865 1.46178 -1.44114 1.57384 2.74238 0.492744 -2.61456 
0.65143 -0.969038 -0.256913 1.4786 -2.47511 -1.91374 1.35164 -1.86426 1.4631 -1.44126 1.57111 2.74502 0.494127 -2.61164 
0.65143 -0.969038 -0.256913 1.4786 -2.47511 -1.91374 1.35164 -1.86449 1.45438 -1.44547 1.57043 2.7414 0.492375 -2.60983 
0.65143 -0.969038 -0.256913 1.4786 -2.47511 -1.91374 1.35164 -1.86472 1.45552 -1.44725 1.56974 2.74909 0.489246 -2.59832 
0.65143 -0.969038 -0.256913 1.4786 -2.47511 -1.91374 1.35164 -1.86514 1.46754 -1.43994 1.57107 2.74167 0.487024 -2.61735 
0.65143 -0.969038 -0.256913 1.4786 -2.47511 -1.91374 1.35164 -1.8644 1.482 -1.4302 1.56946 2.7344 0.491191 -2.63998 
0.65143 -0.969038 -0.256913 1.4786 -2.47511 -1.91374 1.35164 -1.86401 1.48502 -1.42408 1.56619 2.72421 0.500367 -2.66065 
0.65143 -0.969038 -0.256913 1.4786 -2.47511 -1.91374 1.35164 -1.88854 1.17573 -1.59832 1.62701 2.82074 0.349113 -1.85109 
0.65143 -0.969038 -0.256913 1.4786 -2.47511 -1.91374 1.35164 -1.8877 1.14787 -1.61142 1.62817 2.82074 0.350622 -1.76242 
0.65143 -0.969038 -0.256913 1.4786 -2.47511 -1.91374 1.35164 -1.88486 1.16089 -1.60588 1.62604 2.81992 0.343048 -1.76795 
0.65143 -0.969038 -0.256913 1.4786 -2.47511 -1.91374 1.35164 -1.87396 1.17923 -1.5961 1.60287 2.81897 0.376913 -1.78291 
0.65143 -0.969038 -0.256913 1.4786 -2.47511 -1.91374 1.35164 -1.85949 1.18517 -1.59369 1.57708 2.81973 0.414988 -1.79002 
0.65143 -0.969038 -0.256913 1.4786 -2.47511 -1.91374 1.35164 -1.84495 1.19383 -1.58798 1.55284 2.80987 0.450674 -1.8141 
0.65143 -0.969038 -0.256913 1.4786 -2.47511 -1.91374 1.35164 -1.82766 1.2042 -1.58327 1.52243 2.80901 0.4949 -1.82922 
0.65143 -0.969038 -0.256913 1.4786 -2.47511 -1.91374 1.35164 -1.81196 1.20842 -1.58127 1.49961 2.80246 0.524825 -1.84641 
0.65143 -0.969038 -0.256913 1.4786 -2.47511 -1.91374 1.35164 -1.79771 1.18533 -1.59572 1.48875 2.7915 0.531833 -1.84284 
0.65143 -0.969038 -0.256913 1.4786 -2.47511 -1.91374 1.35164 -1.77422 1.18794 -1.59303 1.4473 2.79042 0.596414 -1.85975 
0.65143 -0.969038 -0.256913 1.4786 -2.47511 -1.91374 1.35164 -1.7572 1.18459 -1.59867 1.42816 2.78273 0.615881 -1.86904 
0.65143 -0.969038 -0.256913 1.4786 -2.47511 -1.91374 1.35164 -1.73288 1.19008 -1.59747 1.38675 2.78789 0.674983 -1.87802 
0.65143 -0.969038 -0.256913 1.4786 -2.47511 -1.91374 1.35164 -1.713 1.18863 -1.60246 1.3595 2.78834 0.708099 -1.87997 
0.65143 -0.969038 -0.256913 1.4786 -2.47511 -1.91374 1.35164 -1.6951 1.18748 -1.60749 1.3359 2.78861 0.734757 -1.88019 
0.65143 -0.969038 -0.256913 1.4786 -2.47511 -1.91374 1.35164 -1.68542 1.18288 -1.61743 1.3308 2.78643 0.732344 -1.87047 
0.65143 -0.969038 -0.256913 1.4786 -2.47511 -1.91374 1.35164 -1.67265 1.18678 -1.61499 1.30811 2.78842 0.763874 -1.87955 
0.65143 -0.969038 -0.256913 1.4786 -2.47511 -1.91374 1.35164 -1.66748 1.18755 -1.61561 1.30022 2.78881 0.774798 -1.881 
0.65143 -0.969038 -0.256913 1.4786 -2.47511 -1.91374 1.35164 -1.66731 1.18833 -1.6156 1.30097 2.78916 0.773106 -1.88029 
0.65143 -0.969038 -0.256913 1.4786 -2.47511 -1.91374 1.35164 -1.66953 1.18892 -1.61518 1.30479 2.78942 0.767316 -1.87931 
0.65143 -0.969038 -0.256913 1.4786 -2.47511 -1.91374 1.35164 -1.67148 1.18964 -1.61475 1.30787 2.78968 0.763097 -1.87877 
0.65143 -0.969038 -0.256913 1.4786 -2.47511 -1.91374 1.35164 -1.67281 1.1907 -1.61394 1.30848 2.79093 0.762836 -1.87812 
