0.651705 -0.96749 -0.256872 1.48195 -2.47499 -1.91523 1.35271 -0.826578 0.579335 -0.307547 -1.51341 1.58299 1.15284 2.59772 
0.651431 -0.969036 -0.256913 1.47861 -2.47511 -1.91374 1.35164 -0.84168 0.585504 -0.30073 -1.51393 1.58534 1.19459 2.6081 
0.65143 -0.969038 -0.256913 1.4786 -2.47511 -1.91374 1.35164 -0.852314 0.589508 -0.294507 -1.51712 1.59807 1.21422 2.58829 
0.65143 -0.969038 -0.256913 1.4786 -2.47511 -1.91374 1.35164 -0.854765 0.587922 -0.29131 -1.52554 1.61282 1.21249 2.57535 
0.65143 -0.969038 -0.256913 1.4786 -2.47511 -1.91374 1.35164 -0.857055 0.590959 -0.290882 -1.5205 1.61362 1.21508 2.59501 
0.65143 -0.969038 -0.256913 1.4786 -2.47511 -1.91374 1.35164 -0.85467 0.593474 -0.294357 -1.5091 1.60123 1.21386 2.61164 
0.65143 -0.969038 -0.256913 1.4786 -2.47511 -1.91374 1.35164 -0.860996 0.600076 -0.290015 -1.50554 1.61084 1.22321 2.60385 
0.65143 -0.969038 -0.256913 1.4786 -2.47511 -1.91374 1.35164 -0.852842 0.597671 -0.294222 -1.50716 1.61445 1.19733 2.58828 
0.65143 -0.969038 -0.256913 1.4786 -2.47511 -1.91374 1.35164 -0.856245 0.600713 -0.295976 -1.49519 1.59639 1.21512 2.60777 
0.65143 -0.969038 -0.256913 1.4786 -2.47511 -1.91374 1.35164 -0.863379 0.605219 -0.290852 -1.49625 1.60585 1.22809 2.61389 
0.65143 -0.969038 -0.256913 1.4786 -2.47511 -1.91374 1.35164 -0.867082 0.607474 -0.287563 -1.4986 1.61441 1.23293 2.59762 
0.65143 -0.969038 -0.256913 1.4786 -2.47511 -1.91374 1.35164 -0.868089 0.60932 -0.288024 -1.49436 1.61088 1.23701 2.58526 
0.65143 -0.969038 -0.256913 1.4786 -2.47511 -1.91374 1.35164 -0.868783 0.61162 -0.289225 -1.48737 1.60233 1.24191 2.61858 
0.65143 -0.969038 -0.256913 1.4786 -2.47511 -1.91374 1.35164 -0.870944 0.614687 -0.288834 -1.48204 1.59902 1.24829 2.63433 
0.65143 -0.969038 -0.256913 1.4786 -2.47511 -1.91374 1.35164 -0.874061 0.618878 -0.287489 -1.47695 1.59886 1.25522 2.64886 
0.65143 -0.969038 -0.256913 1.4786 -2.47511 -1.91374 1.35164 -0.877102 0.62311 -0.286768 -1.47109 1.59744 1.26196 2.65603 
0.65143 -0.969038 -0.256913 1.4786 -2.47511 -1.91374 1.35164 -0.87923 0.626492 -0.28592 -1.46798 1.59804 1.26617 2.63968 
0.65143 -0.969038 -0.256913 1.4786 -2.47511 -1.91374 1.35164 -0.884396 0.632607 -0.283693 -1.46142 1.59713 1.27848 2.65414 
0.65143 -0.969038 -0.256913 1.4786 -2.47511 -1.91374 1.35164 -0.881009 0.629289 -0.287718 -1.46278 1.59101 1.27246 2.62246 
0.65143 -0.969038 -0.256913 1.4786 -2.47511 -1.91374 1.35164 -0.881996 0.630164 -0.288357 -1.4611 1.58861 1.2749 2.61809 
0.65143 -0.969038 -0.256913 1.4786 -2.47511 -1.91374 1.35164 -0.884778 0.634588 -0.288303 -1.45307 1.58246 1.28453 2.62997 
0.65143 -0.969038 -0.256913 1.4786 -2.47511 -1.91374 1.35164 -0.886875 0.637121 -0.287434 -1.44918 1.58001 1.2915 2.63732 
0.65143 -0.969038 -0.256913 1.4786 -2.47511 -1.91374 1.35164 -0.883877 0.638296 -0.29256 -1.43559 1.55892 1.29743 2.66366 
0.65143 -0.969038 -0.256913 1.4786 -2.47511 -1.91374 1.35164 -0.884918 0.638995 -0.290191 -1.4368 1.56333 1.29945 2.65067 
0.65143 -0.969038 -0.256913 1.4786 -2.47511 -1.91374 1.35164 -0.884434 0.640811 -0.289179 -1.43248 1.56036 1.30399 2.66923 
0.65143 -0.969038 -0.256913 1.4786 -2.47511 -1.91374 1.35164 -0.877844 0.636971 -0.291551 -1.43366 1.55527 1.2947 2.65655 
0.65143 -0.969038 -0.256913 1.4786 -2.47511 -1.91374 1.35164 -0.871894 0.636676 -0.293255 -1.42931 1.54756 1.29025 2.66227 
0.65143 -0.969038 -0.256913 1.4786 -2.47511 -1.91374 1.35164 -0.864682 0.635711 -0.295709 -1.42591 1.5388 1.28352 2.6583 
0.65143 -0.969038 -0.256913 1.4786 -2.47511 -1.91374 1.35164 -0.856319 0.635379 -0.29978 -1.41787 1.52394 1.2785 2.68463 
0.65143 -0.969038 -0.256913 1.4786 -2.47511 -1.91374 1.35164 -0.850783 0.636037 -0.300768 -1.41335 1.5172 1.27494 2.68836 
0.65143 -0.969038 -0.256913 1.4786 -2.47511 -1.91374 1.35164 -0.842802 0.634914 -0.30383 -1.40872 1.50755 1.26758 2.69737 
0.65143 -0.969038 -0.256913 1.4786 -2.47511 -1.91374 1.35164 -0.834515 0.634798 -0.30738 -1.40105 1.49468 1.26255 2.71488 
0.65143 -0.969038 -0.256913 1.4786 -2.47511 -1.91374 1.35164 -0.827245 0.634657 -0.309571 -1.39625 1.48614 1.25648 2.71978 
0.65143 -0.969038 -0.256913 1.4786 -2.47511 -1.91374 1.35164 -0.819144 0.635811 -0.313617 -1.38687 1.47207 1.25309 2.74788 
0.65143 -0.969038 -0.256913 1.4786 -2.47511 -1.91374 1.35164 -0.807682 0.633296 -0.319976 -1.38149 1.4562 1.24121 2.76446 
0.65143 -0.969038 -0.256913 1.4786 -2.47511 -1.91374 1.35164 -0.799986 0.63159 -0.322452 -1.38208 1.45187 1.22942 2.76886 
0.65143 -0.969038 -0.256913 1.4786 -2.47511 -1.91374 1.35164 -0.795665 0.632329 -0.323151 -1.38135 1.45058 1.22374 2.77707 
0.65143 -0.969038 -0.256913 1.4786 -2.47511 -1.91374 1.35164 -0.791193 0.635023 -0.326711 -1.37219 1.43868 1.22448 2.79441 
0.65143 -0.969038 -0.256913 1.4786 -2.47511 -1.91374 1.35164 -0.789478 0.634568 -0.3269 -1.37364 1.43911 1.22 2.78728 
0.65143 -0.969038 -0.256913 1.4786 -2.47511 -1.91374 1.35164 -0.787388 0.635495 -0.329538 -1.36799 1.43098 1.22182 2.8013 
0.65143 -0.969038 -0.256913 1.4786 -2.47511 -1.91374 1.35164 -0.787128 0.63486 -0.329367 -1.36942 1.43203 1.21997 2.79835 
