0.561614 -0.811541 -0.17894 1.50418 -2.51436 -1.43185 1.48397 -1.11007 0.610447 0.0654194 -1.37338 -1.9629 -1.13369 -0.471729 
0.548344 -0.796989 -0.168855 1.49842 -2.51945 -1.37203 1.49458 -1.11084 0.606683 0.0662482 -1.38202 -1.96062 -1.1314 -0.477012 
0.548326 -0.797099 -0.168846 1.49818 -2.51943 -1.37193 1.49451 -1.11086 0.606558 0.0662759 -1.38231 -1.96055 -1.13132 -0.477188 
0.549535 -0.797193 -0.168659 1.49819 -2.51675 -1.37487 1.49231 -1.11086 0.60655 0.0662776 -1.38233 -1.96054 -1.13132 -0.4772 
0.549747 -0.796862 -0.16875 1.49844 -2.51677 -1.37533 1.49217 -1.11086 0.606549 0.0662777 -1.38233 -1.96054 -1.13132 -0.4772 
0.549994 -0.795906 -0.168917 1.49922 -2.51728 -1.37433 1.49138 -1.11086 0.606549 0.0662777 -1.38233 -1.96054 -1.13132 -0.4772 
0.551678 -0.79574 -0.168151 1.49818 -2.51379 -1.37313 1.48607 -1.11086 0.606549 0.0662777 -1.38233 -1.96054 -1.13132 -0.4772 
0.553751 -0.795447 -0.16749 1.49732 -2.51016 -1.37222 1.47997 -1.11086 0.606549 0.0662777 -1.38233 -1.96054 -1.13132 -0.4772 
0.554949 -0.794242 -0.166672 1.49836 -2.50838 -1.37159 1.47794 -1.11086 0.606549 0.0662777 -1.38233 -1.96054 -1.13132 -0.4772 
0.556346 -0.792239 -0.166134 1.50098 -2.50677 -1.37304 1.47675 -1.11086 0.606549 0.0662777 -1.38233 -1.96054 -1.13132 -0.4772 
0.557944 -0.789587 -0.165917 1.50395 -2.50484 -1.37421 1.47402 -1.11086 0.606549 0.0662777 -1.38233 -1.96054 -1.13132 -0.4772 
0.559379 -0.787211 -0.165684 1.5064 -2.50253 -1.37528 1.47109 -1.11086 0.606549 0.0662777 -1.38233 -1.96054 -1.13132 -0.4772 
0.560548 -0.785275 -0.165517 1.50845 -2.50074 -1.37621 1.46876 -1.11086 0.606549 0.0662777 -1.38233 -1.96054 -1.13132 -0.4772 
0.561524 -0.783703 -0.165404 1.51015 -2.49932 -1.37704 1.46688 -1.11086 0.606549 0.0662777 -1.38233 -1.96054 -1.13132 -0.4772 
0.562325 -0.782361 -0.165277 1.51155 -2.49806 -1.37768 1.46529 -1.11086 0.606549 0.0662777 -1.38233 -1.96054 -1.13132 -0.4772 
0.56303 -0.781249 -0.165204 1.51276 -2.49706 -1.37828 1.46391 -1.11086 0.606549 0.0662777 -1.38233 -1.96054 -1.13132 -0.4772 
0.563623 -0.780283 -0.165103 1.51375 -2.49608 -1.37876 1.4627 -1.11086 0.606549 0.0662777 -1.38233 -1.96054 -1.13132 -0.4772 
0.564153 -0.779455 -0.165051 1.51465 -2.49534 -1.37922 1.46168 -1.11086 0.606549 0.0662777 -1.38233 -1.96054 -1.13132 -0.4772 
0.564603 -0.778711 -0.164996 1.51546 -2.4947 -1.37963 1.46084 -1.11086 0.606549 0.0662777 -1.38233 -1.96054 -1.13132 -0.4772 
0.565006 -0.778047 -0.164962 1.51619 -2.49418 -1.37995 1.46008 -1.11086 0.606549 0.0662777 -1.38233 -1.96054 -1.13132 -0.4772 
0.565363 -0.777465 -0.164907 1.51679 -2.49361 -1.38025 1.45937 -1.11086 0.606549 0.0662777 -1.38233 -1.96054 -1.13132 -0.4772 
0.565676 -0.776929 -0.164852 1.51735 -2.49311 -1.3805 1.45875 -1.11086 0.606549 0.0662777 -1.38233 -1.96054 -1.13132 -0.4772 
0.565969 -0.776457 -0.164818 1.51785 -2.49269 -1.38072 1.45817 -1.11086 0.606549 0.0662777 -1.38233 -1.96054 -1.13132 -0.4772 
0.566249 -0.776047 -0.164817 1.51832 -2.49239 -1.38097 1.45765 -1.11086 0.606549 0.0662777 -1.38233 -1.96054 -1.13132 -0.4772 
0.566505 -0.775659 -0.164844 1.5188 -2.49223 -1.38115 1.4572 -1.11086 0.606549 0.0662777 -1.38233 -1.96054 -1.13132 -0.4772 
0.566733 -0.77531 -0.164834 1.51919 -2.49195 -1.38134 1.45676 -1.11086 0.606549 0.0662777 -1.38233 -1.96054 -1.13132 -0.4772 
0.566956 -0.774944 -0.164801 1.51942 -2.49153 -1.3812 1.45601 -1.11086 0.606549 0.0662777 -1.38233 -1.96054 -1.13132 -0.4772 
0.567144 -0.774652 -0.164778 1.51973 -2.49126 -1.38136 1.45565 -1.11086 0.606549 0.0662777 -1.38233 -1.96054 -1.13132 -0.4772 
0.56795 -0.773577 -0.164601 1.52077 -2.49004 -1.38181 1.454 -1.11086 0.606549 0.0662777 -1.38233 -1.96054 -1.13132 -0.4772 
0.568766 -0.772419 -0.164394 1.52186 -2.48876 -1.38214 1.45229 -1.11086 0.606549 0.0662777 -1.38233 -1.96054 -1.13132 -0.4772 
0.56964 -0.771326 -0.164173 1.5229 -2.48738 -1.38258 1.45047 -1.11086 0.606549 0.0662777 -1.38233 -1.96054 -1.13132 -0.4772 
0.57035 -0.770303 -0.164097 1.52406 -2.48657 -1.38317 1.44927 -1.11086 0.606549 0.0662777 -1.38233 -1.96054 -1.13132 -0.4772 
0.57077 -0.769201 -0.164101 1.52549 -2.48616 -1.38393 1.44891 -1.11086 0.606549 0.0662777 -1.38233 -1.96054 -1.13132 -0.4772 
0.57114 -0.768221 -0.164109 1.52668 -2.48578 -1.38444 1.44844 -1.11086 0.606549 0.0662777 -1.38233 -1.96054 -1.13132 -0.4772 
0.571495 -0.767617 -0.164202 1.52726 -2.4852 -1.38492 1.44748 -1.11086 0.606549 0.0662777 -1.38233 -1.96054 -1.13132 -0.4772 
0.571654 -0.767349 -0.164215 1.52746 -2.48476 -1.38508 1.44689 -1.11086 0.606549 0.0662777 -1.38233 -1.96054 -1.13132 -0.4772 
0.571676 -0.767335 -0.164232 1.5275 -2.48477 -1.38513 1.44686 -1.11086 0.606549 0.0662777 -1.38233 -1.96054 -1.13132 -0.4772 
0.571681 -0.767337 -0.164248 1.52753 -2.48483 -1.38516 1.4469 -1.11086 0.606549 0.0662777 -1.38233 -1.96054 -1.13132 -0.4772 
0.571678 -0.767332 -0.164254 1.52755 -2.48487 -1.38518 1.44694 -1.11086 0.606549 0.0662777 -1.38233 -1.96054 -1.13132 -0.4772 
0.571691 -0.767341 -0.164289 1.52759 -2.48498 -1.38519 1.44696 -1.11086 0.606549 0.0662777 -1.38233 -1.96054 -1.13132 -0.4772 
0.571677 -0.767333 -0.164268 1.52759 -2.48492 -1.38522 1.447 -1.11086 0.606549 0.0662777 -1.38233 -1.96054 -1.13132 -0.4772 
0.571689 -0.767346 -0.164308 1.52764 -2.48506 -1.38526 1.44705 -1.11086 0.606549 0.0662777 -1.38233 -1.96054 -1.13132 -0.4772 
0.571695 -0.767346 -0.164322 1.52766 -2.4851 -1.38525 1.44705 -1.11086 0.606549 0.0662777 -1.38233 -1.96054 -1.13132 -0.4772 
0.571686 -0.767336 -0.164303 1.52764 -2.48503 -1.38525 1.44704 -1.11086 0.606549 0.0662777 -1.38233 -1.96054 -1.13132 -0.4772 
0.571689 -0.767336 -0.164307 1.52765 -2.48506 -1.38524 1.44704 -1.11086 0.606549 0.0662777 -1.38233 -1.96054 -1.13132 -0.4772 
0.571683 -0.767327 -0.164301 1.52765 -2.48504 -1.38521 1.44703 -1.11086 0.606549 0.0662777 -1.38233 -1.96054 -1.13132 -0.4772 
0.571704 -0.767347 -0.164339 1.52766 -2.48514 -1.38523 1.44702 -1.11086 0.606549 0.0662777 -1.38233 -1.96054 -1.13132 -0.4772 
0.571711 -0.767352 -0.164354 1.52767 -2.48519 -1.38523 1.44702 -1.11086 0.606549 0.0662777 -1.38233 -1.96054 -1.13132 -0.4772 
0.571704 -0.767345 -0.164349 1.52768 -2.48518 -1.38523 1.44703 -1.11086 0.606549 0.0662777 -1.38233 -1.96054 -1.13132 -0.4772 
0.571691 -0.767329 -0.164316 1.52765 -2.48508 -1.38521 1.44701 -1.11086 0.606549 0.0662777 -1.38233 -1.96054 -1.13132 -0.4772 
0.571679 -0.767321 -0.164266 1.52759 -2.4849 -1.38519 1.44696 -1.11086 0.606549 0.0662777 -1.38233 -1.96054 -1.13132 -0.4772 
0.571684 -0.767331 -0.164269 1.52758 -2.4849 -1.38519 1.44694 -1.11086 0.606549 0.0662777 -1.38233 -1.96054 -1.13132 -0.4772 
0.571672 -0.767374 -0.164302 1.5277 -2.48509 -1.38547 1.44729 -1.11086 0.606549 0.0662777 -1.38233 -1.96054 -1.13132 -0.4772 
0.571696 -0.76733 -0.164296 1.52761 -2.48498 -1.38518 1.44692 -1.11086 0.606549 0.0662777 -1.38233 -1.96054 -1.13132 -0.4772 
0.571727 -0.767346 -0.164349 1.52762 -2.48511 -1.38512 1.44683 -1.11086 0.606549 0.0662777 -1.38233 -1.96054 -1.13132 -0.4772 
0.571793 -0.7673 -0.164351 1.52736 -2.48487 -1.38451 1.44602 -1.11086 0.606549 0.0662777 -1.38233 -1.96054 -1.13132 -0.4772 
0.571823 -0.767271 -0.16433 1.52717 -2.48466 -1.38412 1.44551 -1.11086 0.606549 0.0662777 -1.38233 -1.96054 -1.13132 -0.4772 
0.571854 -0.76724 -0.164335 1.52704 -2.48457 -1.38378 1.44509 -1.11086 0.606549 0.0662777 -1.38233 -1.96054 -1.13132 -0.4772 
0.571896 -0.767185 -0.164278 1.52671 -2.48415 -1.38314 1.44426 -1.11086 0.606549 0.0662777 -1.38233 -1.96054 -1.13132 -0.4772 
0.571924 -0.767137 -0.164272 1.52656 -2.48401 -1.38273 1.44377 -1.11086 0.606549 0.0662777 -1.38233 -1.96054 -1.13132 -0.4772 
0.571943 -0.767147 -0.164318 1.52658 -2.48415 -1.38268 1.44373 -1.11086 0.606549 0.0662777 -1.38233 -1.96054 -1.13132 -0.4772 
0.571971 -0.767107 -0.164328 1.52647 -2.48408 -1.38234 1.44333 -1.11086 0.606549 0.0662777 -1.38233 -1.96054 -1.13132 -0.4772 
0.571974 -0.767099 -0.164322 1.52644 -2.48404 -1.38227 1.44324 -1.11086 0.606549 0.0662777 -1.38233 -1.96054 -1.13132 -0.4772 
0.571991 -0.767113 -0.164346 1.52644 -2.48409 -1.38225 1.4432 -1.11086 0.606549 0.0662777 -1.38233 -1.96054 -1.13132 -0.4772 
0.571986 -0.767108 -0.164317 1.5264 -2.48398 -1.38222 1.44314 -1.11086 0.606549 0.0662777 -1.38233 -1.96054 -1.13132 -0.4772 
0.571996 -0.76711 -0.164338 1.52641 -2.48405 -1.38218 1.44311 -1.11086 0.606549 0.0662777 -1.38233 -1.96054 -1.13132 -0.4772 
0.572005 -0.767114 -0.164358 1.52642 -2.48411 -1.38217 1.4431 -1.11086 0.606549 0.0662777 -1.38233 -1.96054 -1.13132 -0.4772 
0.571991 -0.767098 -0.164339 1.52641 -2.48405 -1.38214 1.4431 -1.11086 0.606549 0.0662777 -1.38233 -1.96054 -1.13132 -0.4772 
0.571986 -0.767083 -0.164328 1.5264 -2.48402 -1.3821 1.44307 -1.11086 0.606549 0.0662777 -1.38233 -1.96054 -1.13132 -0.4772 
0.571993 -0.767084 -0.164343 1.52641 -2.48407 -1.38207 1.44305 -1.11086 0.606549 0.0662777 -1.38233 -1.96054 -1.13132 -0.4772 
0.571999 -0.76709 -0.164351 1.52641 -2.48407 -1.38208 1.44302 -1.11086 0.606549 0.0662777 -1.38233 -1.96054 -1.13132 -0.4772 
0.57199 -0.767074 -0.164336 1.5264 -2.48404 -1.38204 1.44302 -1.11086 0.606549 0.0662777 -1.38233 -1.96054 -1.13132 -0.4772 
0.571983 -0.767068 -0.164321 1.52639 -2.48399 -1.38203 1.44301 -1.11086 0.606549 0.0662777 -1.38233 -1.96054 -1.13132 -0.4772 
0.571976 -0.76707 -0.164308 1.52637 -2.48396 -1.38206 1.44304 -1.11086 0.606549 0.0662777 -1.38233 -1.96054 -1.13132 -0.4772 
0.571967 -0.767057 -0.164289 1.52637 -2.48391 -1.38202 1.44303 -1.11086 0.606549 0.0662777 -1.38233 -1.96054 -1.13132 -0.4772 
0.571965 -0.767053 -0.164281 1.52636 -2.48388 -1.38201 1.44301 -1.11086 0.606549 0.0662777 -1.38233 -1.96054 -1.13132 -0.4772 
0.571969 -0.76706 -0.164285 1.52635 -2.4839 -1.38202 1.44302 -1.11086 0.606549 0.0662777 -1.38233 -1.96054 -1.13132 -0.4772 
0.571964 -0.767055 -0.164279 1.52635 -2.48388 -1.38201 1.44302 -1.11086 0.606549 0.0662777 -1.38233 -1.96054 -1.13132 -0.4772 
0.571926 -0.767076 -0.16426 1.52644 -2.48394 -1.38228 1.44339 -1.11086 0.606549 0.0662777 -1.38233 -1.96054 -1.13132 -0.4772 
0.571935 -0.767027 -0.164222 1.52634 -2.48374 -1.38202 1.44307 -1.11086 0.606549 0.0662777 -1.38233 -1.96054 -1.13132 -0.4772 
0.571904 -0.767066 -0.164215 1.52641 -2.48382 -1.3823 1.44343 -1.11086 0.606549 0.0662777 -1.38233 -1.96054 -1.13132 -0.4772 
0.571847 -0.767122 -0.164224 1.5267 -2.48407 -1.38297 1.44427 -1.11086 0.606549 0.0662777 -1.38233 -1.96054 -1.13132 -0.4772 
0.571821 -0.767119 -0.16416 1.52666 -2.48388 -1.38305 1.44433 -1.11086 0.606549 0.0662777 -1.38233 -1.96054 -1.13132 -0.4772 
0.57176 -0.76716 -0.164163 1.52691 -2.48412 -1.38361 1.4451 -1.11086 0.606549 0.0662777 -1.38233 -1.96054 -1.13132 -0.4772 
0.571698 -0.767213 -0.164168 1.5272 -2.48438 -1.3843 1.44598 -1.11086 0.606549 0.0662777 -1.38233 -1.96054 -1.13132 -0.4772 
0.571674 -0.767201 -0.164138 1.52722 -2.48434 -1.38435 1.44609 -1.11086 0.606549 0.0662777 -1.38233 -1.96054 -1.13132 -0.4772 
0.571663 -0.767193 -0.164111 1.52721 -2.48425 -1.38437 1.4461 -1.11086 0.606549 0.0662777 -1.38233 -1.96054 -1.13132 -0.4772 
0.571625 -0.76722 -0.164092 1.52731 -2.48431 -1.38468 1.4465 -1.11086 0.606549 0.0662777 -1.38233 -1.96054 -1.13132 -0.4772 
0.571603 -0.767205 -0.164059 1.52731 -2.48425 -1.3847 1.44657 -1.11086 0.606549 0.0662777 -1.38233 -1.96054 -1.13132 -0.4772 
0.5716 -0.767196 -0.164062 1.52733 -2.48428 -1.38469 1.4466 -1.11086 0.606549 0.0662777 -1.38233 -1.96054 -1.13132 -0.4772 
0.571609 -0.767133 -0.164026 1.52719 -2.48407 -1.38433 1.44619 -1.11086 0.606549 0.0662777 -1.38233 -1.96054 -1.13132 -0.4772 
0.571591 -0.767109 -0.163982 1.52714 -2.48394 -1.38425 1.44614 -1.11086 0.606549 0.0662777 -1.38233 -1.96054 -1.13132 -0.4772 
0.571578 -0.767105 -0.163961 1.52712 -2.48388 -1.38425 1.44616 -1.11086 0.606549 0.0662777 -1.38233 -1.96054 -1.13132 -0.4772 
0.571565 -0.767098 -0.163938 1.52711 -2.48383 -1.38425 1.44619 -1.11086 0.606549 0.0662777 -1.38233 -1.96054 -1.13132 -0.4772 
0.571555 -0.767094 -0.16392 1.5271 -2.48379 -1.38426 1.44621 -1.11086 0.606549 0.0662777 -1.38233 -1.96054 -1.13132 -0.4772 
0.57154 -0.767084 -0.163892 1.52708 -2.48371 -1.38427 1.44623 -1.11086 0.606549 0.0662777 -1.38233 -1.96054 -1.13132 -0.4772 
0.571534 -0.767076 -0.163872 1.52706 -2.48365 -1.38424 1.4462 -1.11086 0.606549 0.0662777 -1.38233 -1.96054 -1.13132 -0.4772 
0.571527 -0.767072 -0.163862 1.52706 -2.48364 -1.38424 1.44623 -1.11086 0.606549 0.0662777 -1.38233 -1.96054 -1.13132 -0.4772 
0.571526 -0.76707 -0.16386 1.52705 -2.48362 -1.38423 1.44621 -1.11086 0.606549 0.0662777 -1.38233 -1.96054 -1.13132 -0.4772 
0.571531 -0.767079 -0.163877 1.52707 -2.48369 -1.38426 1.44625 -1.11086 0.606549 0.0662777 -1.38233 -1.96054 -1.13132 -0.4772 
0.571541 -0.767092 -0.163906 1.5271 -2.48378 -1.38429 1.44628 -1.11086 0.606549 0.0662777 -1.38233 -1.96054 -1.13132 -0.4772 
0.571582 -0.767002 -0.163888 1.52688 -2.48354 -1.38364 1.44553 -1.11086 0.606549 0.0662777 -1.38233 -1.96054 -1.13132 -0.4772 
0.571582 -0.766997 -0.16388 1.52686 -2.4835 -1.38359 1.44547 -1.11086 0.606549 0.0662777 -1.38233 -1.96054 -1.13132 -0.4772 
0.571621 -0.766907 -0.16385 1.52659 -2.48323 -1.38287 1.44466 -1.11086 0.606549 0.0662777 -1.38233 -1.96054 -1.13132 -0.4772 
0.571596 -0.76694 -0.163847 1.52666 -2.48331 -1.38312 1.44497 -1.11086 0.606549 0.0662777 -1.38233 -1.96054 -1.13132 -0.4772 
0.571599 -0.766958 -0.16386 1.5267 -2.48336 -1.38322 1.44507 -1.11086 0.606549 0.0662777 -1.38233 -1.96054 -1.13132 -0.4772 
0.571619 -0.76692 -0.163833 1.52657 -2.48316 -1.38294 1.44469 -1.11086 0.606549 0.0662777 -1.38233 -1.96054 -1.13132 -0.4772 
0.571612 -0.766909 -0.16381 1.52654 -2.48308 -1.3829 1.44465 -1.11086 0.606549 0.0662777 -1.38233 -1.96054 -1.13132 -0.4772 
0.571615 -0.766917 -0.163817 1.52654 -2.48312 -1.38291 1.44466 -1.11086 0.606549 0.0662777 -1.38233 -1.96054 -1.13132 -0.4772 
0.571641 -0.766884 -0.16382 1.52643 -2.48302 -1.3826 1.44428 -1.11086 0.606549 0.0662777 -1.38233 -1.96054 -1.13132 -0.4772 
0.571642 -0.766886 -0.163821 1.52642 -2.48302 -1.38259 1.44426 -1.11086 0.606549 0.0662777 -1.38233 -1.96054 -1.13132 -0.4772 
0.571638 -0.766888 -0.163796 1.52638 -2.48292 -1.3826 1.44424 -1.11086 0.606549 0.0662777 -1.38233 -1.96054 -1.13132 -0.4772 
0.571663 -0.766858 -0.163778 1.52625 -2.48276 -1.38229 1.44385 -1.11086 0.606549 0.0662777 -1.38233 -1.96054 -1.13132 -0.4772 
0.571671 -0.766868 -0.163788 1.52624 -2.48277 -1.38228 1.44382 -1.11086 0.606549 0.0662777 -1.38233 -1.96054 -1.13132 -0.4772 
0.571667 -0.766877 -0.163778 1.52622 -2.48274 -1.38233 1.44384 -1.11086 0.606549 0.0662777 -1.38233 -1.96054 -1.13132 -0.4772 
0.571678 -0.766899 -0.163804 1.52624 -2.48283 -1.38238 1.44389 -1.11086 0.606549 0.0662777 -1.38233 -1.96054 -1.13132 -0.4772 
0.571649 -0.766936 -0.163811 1.52639 -2.48296 -1.38274 1.44433 -1.11086 0.606549 0.0662777 -1.38233 -1.96054 -1.13132 -0.4772 
0.571667 -0.766891 -0.163801 1.52631 -2.48285 -1.38248 1.44402 -1.11086 0.606549 0.0662777 -1.38233 -1.96054 -1.13132 -0.4772 
0.570798 -0.765322 -0.164069 1.53198 -2.48755 -1.38619 1.45286 -1.11086 0.606549 0.0662777 -1.38233 -1.96054 -1.13132 -0.4772 
0.569719 -0.763539 -0.164279 1.53825 -2.49279 -1.39009 1.46289 -1.11086 0.606549 0.0662777 -1.38233 -1.96054 -1.13132 -0.4772 
0.568454 -0.76188 -0.164455 1.54465 -2.49834 -1.39448 1.47389 -1.11086 0.606549 0.0662777 -1.38233 -1.96054 -1.13132 -0.4772 
0.567029 -0.76039 -0.164665 1.55117 -2.50425 -1.39922 1.4856 -1.11086 0.606549 0.0662777 -1.38233 -1.96054 -1.13132 -0.4772 
0.565387 -0.758911 -0.164825 1.55775 -2.51051 -1.40395 1.49804 -1.11086 0.606549 0.0662777 -1.38233 -1.96054 -1.13132 -0.4772 
0.563537 -0.75763 -0.164961 1.56446 -2.51716 -1.40934 1.51163 -1.11086 0.606549 0.0662777 -1.38233 -1.96054 -1.13132 -0.4772 
0.56149 -0.756581 -0.165024 1.57115 -2.52404 -1.41536 1.52625 -1.11086 0.606549 0.0662777 -1.38233 -1.96054 -1.13132 -0.4772 
0.559167 -0.755837 -0.165018 1.57782 -2.53116 -1.4221 1.54207 -1.11086 0.606549 0.0662777 -1.38233 -1.96054 -1.13132 -0.4772 
0.556609 -0.755344 -0.165038 1.58444 -2.53875 -1.42918 1.55874 -1.11086 0.606549 0.0662777 -1.38233 -1.96054 -1.13132 -0.4772 
0.553746 -0.755148 -0.16497 1.59113 -2.54659 -1.43719 1.57681 -1.11086 0.606549 0.0662777 -1.38233 -1.96054 -1.13132 -0.4772 
0.550693 -0.75507 -0.164792 1.5977 -2.55439 -1.44533 1.59534 -1.11086 0.606549 0.0662777 -1.38233 -1.96054 -1.13132 -0.4772 
0.547345 -0.755251 -0.164529 1.60433 -2.5625 -1.45424 1.61518 -1.11086 0.606549 0.0662777 -1.38233 -1.96054 -1.13132 -0.4772 
0.54373 -0.755565 -0.164092 1.61065 -2.57042 -1.4628 1.63526 -1.11086 0.606549 0.0662777 -1.38233 -1.96054 -1.13132 -0.4772 
0.53972 -0.756365 -0.163515 1.61702 -2.57862 -1.47265 1.65716 -1.11086 0.606549 0.0662777 -1.38233 -1.96054 -1.13132 -0.4772 
0.535511 -0.757365 -0.162728 1.62316 -2.58652 -1.4826 1.67945 -1.11086 0.606549 0.0662777 -1.38233 -1.96054 -1.13132 -0.4772 
0.531149 -0.758469 -0.161763 1.629 -2.59413 -1.4923 1.70177 -1.11086 0.606549 0.0662777 -1.38233 -1.96054 -1.13132 -0.4772 
0.526478 -0.759942 -0.160663 1.63473 -2.6018 -1.50259 1.7251 -1.11086 0.606549 0.0662777 -1.38233 -1.96054 -1.13132 -0.4772 
0.521729 -0.761374 -0.159509 1.64017 -2.60935 -1.51197 1.74785 -1.11086 0.606549 0.0662777 -1.38233 -1.96054 -1.13132 -0.4772 
0.516947 -0.763121 -0.158395 1.64539 -2.61685 -1.52177 1.77056 -1.11086 0.606549 0.0662777 -1.38233 -1.96054 -1.13132 -0.4772 
0.512198 -0.765104 -0.157467 1.65049 -2.62459 -1.53195 1.79307 -1.11086 0.606549 0.0662777 -1.38233 -1.96054 -1.13132 -0.4772 
0.507527 -0.767103 -0.156539 1.65524 -2.63204 -1.54157 1.81468 -1.11086 0.606549 0.0662777 -1.38233 -1.96054 -1.13132 -0.4772 
0.502897 -0.769345 -0.155693 1.65977 -2.63941 -1.55152 1.836 -1.11086 0.606549 0.0662777 -1.38233 -1.96054 -1.13132 -0.4772 
0.498213 -0.771655 -0.154802 1.66406 -2.64658 -1.56131 1.85706 -1.11086 0.606549 0.0662777 -1.38233 -1.96054 -1.13132 -0.4772 
0.493518 -0.774168 -0.153875 1.66819 -2.65346 -1.57131 1.87787 -1.11086 0.606549 0.0662777 -1.38233 -1.96054 -1.13132 -0.4772 
0.488881 -0.776778 -0.152939 1.6721 -2.66008 -1.58133 1.89824 -1.11086 0.606549 0.0662777 -1.38233 -1.96054 -1.13132 -0.4772 
0.484846 -0.77974 -0.151867 1.67383 -2.66487 -1.58913 1.91486 -1.11086 0.606549 0.0662777 -1.38233 -1.96054 -1.13132 -0.4772 
0.481658 -0.782837 -0.150699 1.67329 -2.66745 -1.59397 1.92663 -1.11086 0.606549 0.0662777 -1.38233 -1.96054 -1.13132 -0.4772 
0.478824 -0.785474 -0.149875 1.6726 -2.67019 -1.59717 1.93651 -1.11086 0.606549 0.0662777 -1.38233 -1.96054 -1.13132 -0.4772 
0.476446 -0.787862 -0.149261 1.67186 -2.67265 -1.59982 1.94473 -1.11086 0.606549 0.0662777 -1.38233 -1.96054 -1.13132 -0.4772 
0.474538 -0.790267 -0.14882 1.67104 -2.67456 -1.60291 1.95155 -1.11086 0.606549 0.0662777 -1.38233 -1.96054 -1.13132 -0.4772 
0.473273 -0.792125 -0.14865 1.67013 -2.67593 -1.60453 1.95566 -1.11086 0.606549 0.0662777 -1.38233 -1.96054 -1.13132 -0.4772 
0.472494 -0.793507 -0.14873 1.66935 -2.67693 -1.60506 1.95768 -1.11086 0.606549 0.0662777 -1.38233 -1.96054 -1.13132 -0.4772 
0.47217 -0.79479 -0.149139 1.66863 -2.67784 -1.60551 1.95825 -1.11086 0.606549 0.0662777 -1.38233 -1.96054 -1.13132 -0.4772 
0.472644 -0.795457 -0.149934 1.66802 -2.67826 -1.60478 1.95587 -1.11086 0.606549 0.0662777 -1.38233 -1.96054 -1.13132 -0.4772 
0.47383 -0.795642 -0.151069 1.66747 -2.67826 -1.60308 1.95092 -1.11086 0.606549 0.0662777 -1.38233 -1.96054 -1.13132 -0.4772 
0.475414 -0.795826 -0.152663 1.66698 -2.6786 -1.60141 1.94479 -1.11086 0.606549 0.0662777 -1.38233 -1.96054 -1.13132 -0.4772 
0.477586 -0.795788 -0.154684 1.66644 -2.67879 -1.59905 1.93648 -1.11086 0.606549 0.0662777 -1.38233 -1.96054 -1.13132 -0.4772 
0.48034 -0.795435 -0.157266 1.66588 -2.67925 -1.59572 1.926 -1.11086 0.606549 0.0662777 -1.38233 -1.96054 -1.13132 -0.4772 
0.483934 -0.794616 -0.160168 1.66535 -2.67899 -1.59152 1.91256 -1.11086 0.606549 0.0662777 -1.38233 -1.96054 -1.13132 -0.4772 
0.488057 -0.793678 -0.163642 1.66486 -2.67902 -1.58721 1.89742 -1.11086 0.606549 0.0662777 -1.38233 -1.96054 -1.13132 -0.4772 
0.492778 -0.792401 -0.167502 1.66424 -2.67883 -1.58182 1.8799 -1.11086 0.606549 0.0662777 -1.38233 -1.96054 -1.13132 -0.4772 
0.49778 -0.791575 -0.17148 1.66351 -2.67821 -1.57782 1.86191 -1.11086 0.606549 0.0662777 -1.38233 -1.96054 -1.13132 -0.4772 
0.503434 -0.790523 -0.175602 1.66255 -2.67676 -1.57323 1.84158 -1.11086 0.606549 0.0662777 -1.38233 -1.96054 -1.13132 -0.4772 
0.509525 -0.789602 -0.180058 1.66148 -2.67522 -1.56899 1.81997 -1.11086 0.606549 0.0662777 -1.38233 -1.96054 -1.13132 -0.4772 
0.515876 -0.788746 -0.184342 1.66011 -2.67281 -1.56458 1.79737 -1.11086 0.606549 0.0662777 -1.38233 -1.96054 -1.13132 -0.4772 
0.522421 -0.788061 -0.188729 1.65866 -2.67017 -1.56049 1.77412 -1.11086 0.606549 0.0662777 -1.38233 -1.96054 -1.13132 -0.4772 
0.529151 -0.787472 -0.193204 1.657 -2.6674 -1.55616 1.75011 -1.11086 0.606549 0.0662777 -1.38233 -1.96054 -1.13132 -0.4772 
0.536122 -0.787253 -0.197734 1.65515 -2.66424 -1.55264 1.72556 -1.11086 0.606549 0.0662777 -1.38233 -1.96054 -1.13132 -0.4772 
