1.01324 -1.91994 -1.79273 1.25491 -1.06108 -1.17911 2.00747 -1.11007 0.610447 0.0654194 -1.37338 -1.9629 -1.13369 -0.471729 
1.01746 -1.91582 -1.7874 1.25484 -1.0583 -1.17421 1.99998 -1.11086 0.606558 0.0662759 -1.38231 -1.96055 -1.13132 -0.477188 
1.01753 -1.91504 -1.78825 1.2551 -1.06046 -1.17174 1.99888 -0.90205 0.612417 -0.254551 -1.39508 -1.79723 -1.24779 -0.526068 
1.01356 -1.91657 -1.79153 1.25115 -1.06136 -1.17872 1.99703 -0.903168 0.61788 -0.255065 -1.38235 -1.79904 -1.25112 -0.51836 
1.01376 -1.91567 -1.7905 1.24863 -1.05974 -1.18118 1.99327 -0.90317 0.61789 -0.255065 -1.38233 -1.79905 -1.25112 -0.518347 
1.01413 -1.91742 -1.79176 1.25158 -1.06073 -1.17938 1.99975 -0.90317 0.61789 -0.255065 -1.38233 -1.79905 -1.25112 -0.518347 
1.01719 -1.91914 -1.79281 1.25901 -1.06191 -1.17645 2.00578 -0.90317 0.61789 -0.255065 -1.38233 -1.79905 -1.25112 -0.518347 
1.02212 -1.92059 -1.79279 1.26884 -1.06311 -1.17264 2.00901 -0.90317 0.61789 -0.255065 -1.38233 -1.79905 -1.25112 -0.518347 
1.02855 -1.92138 -1.79092 1.28005 -1.06122 -1.16928 2.01366 -0.90317 0.61789 -0.255065 -1.38233 -1.79905 -1.25112 -0.518347 
1.03245 -1.92256 -1.79056 1.28777 -1.06139 -1.16667 2.01701 -0.90317 0.61789 -0.255065 -1.38233 -1.79905 -1.25112 -0.518347 
1.03575 -1.9228 -1.78958 1.29328 -1.06052 -1.16493 2.01879 -0.90317 0.61789 -0.255065 -1.38233 -1.79905 -1.25112 -0.518347 
1.0387 -1.92295 -1.78875 1.29822 -1.06001 -1.16269 2.02077 -0.90317 0.61789 -0.255065 -1.38233 -1.79905 -1.25112 -0.518347 
1.04066 -1.92356 -1.78859 1.30216 -1.0601 -1.16146 2.02238 -0.90317 0.61789 -0.255065 -1.38233 -1.79905 -1.25112 -0.518347 
1.04268 -1.92392 -1.78832 1.30593 -1.06039 -1.15958 2.02374 -0.90317 0.61789 -0.255065 -1.38233 -1.79905 -1.25112 -0.518347 
1.04494 -1.92486 -1.78809 1.31045 -1.05936 -1.15987 2.02634 -0.90317 0.61789 -0.255065 -1.38233 -1.79905 -1.25112 -0.518347 
1.0499 -1.92545 -1.78718 1.31906 -1.0592 -1.15595 2.02984 -0.90317 0.61789 -0.255065 -1.38233 -1.79905 -1.25112 -0.518347 
1.05375 -1.92641 -1.78649 1.32641 -1.05876 -1.15343 2.03354 -0.90317 0.61789 -0.255065 -1.38233 -1.79905 -1.25112 -0.518347 
1.0575 -1.92745 -1.7863 1.33407 -1.05911 -1.15038 2.03739 -0.90317 0.61789 -0.255065 -1.38233 -1.79905 -1.25112 -0.518347 
1.06146 -1.92728 -1.78488 1.33994 -1.05817 -1.14841 2.03764 -0.90317 0.61789 -0.255065 -1.38233 -1.79905 -1.25112 -0.518347 
1.06318 -1.92749 -1.78413 1.34295 -1.05721 -1.14811 2.03854 -0.90317 0.61789 -0.255065 -1.38233 -1.79905 -1.25112 -0.518347 
1.06431 -1.92743 -1.78366 1.34467 -1.05701 -1.14697 2.0392 -0.90317 0.61789 -0.255065 -1.38233 -1.79905 -1.25112 -0.518347 
1.06382 -1.92705 -1.78355 1.34335 -1.05669 -1.1476 2.03829 -0.90317 0.61789 -0.255065 -1.38233 -1.79905 -1.25112 -0.518347 
1.27784 -1.96666 -1.88384 1.90491 -1.28341 -0.783684 2.33745 -0.90317 0.61789 -0.255065 -1.38233 -1.79905 -1.25112 -0.518347 
