1.13771 -1.96374 -1.73909 1.61327 -1.35219 -0.9169 2.34648 -1.11066 0.607565 0.0660542 -1.38 -1.96116 -1.13193 -0.475773 
1.11304 -1.96657 -1.73291 1.57022 -1.31299 -0.981208 2.31813 -1.11086 0.60655 0.0662776 -1.38233 -1.96054 -1.13132 -0.4772 
1.11069 -1.96699 -1.73083 1.56804 -1.3191 -0.991183 2.32664 -1.11086 0.606549 0.0662777 -1.38233 -1.96054 -1.13132 -0.4772 
1.10941 -1.96699 -1.73053 1.56636 -1.32067 -0.99491 2.32937 -1.11086 0.606549 0.0662777 -1.38233 -1.96054 -1.13132 -0.4772 
1.10964 -1.96698 -1.73041 1.56602 -1.31986 -0.994468 2.32932 -1.11086 0.606549 0.0662777 -1.38233 -1.96054 -1.13132 -0.4772 
1.10941 -1.96699 -1.73032 1.56587 -1.32018 -0.994606 2.33 -1.11086 0.606549 0.0662777 -1.38233 -1.96054 -1.13132 -0.4772 
1.11093 -1.96537 -1.72865 1.56559 -1.31825 -0.993762 2.32728 -1.11086 0.606549 0.0662777 -1.38233 -1.96054 -1.13132 -0.4772 
1.11005 -1.96609 -1.72915 1.56486 -1.31765 -0.995809 2.32751 -1.11086 0.606549 0.0662777 -1.38233 -1.96054 -1.13132 -0.4772 
1.11112 -1.965 -1.72855 1.56615 -1.31896 -0.992697 2.32754 -1.11086 0.606549 0.0662777 -1.38233 -1.96054 -1.13132 -0.4772 
1.10844 -1.96699 -1.72986 1.56471 -1.32003 -0.998164 2.32971 -1.11086 0.606549 0.0662777 -1.38233 -1.96054 -1.13132 -0.4772 
1.10876 -1.96699 -1.72995 1.56558 -1.32216 -0.997488 2.33123 -1.11086 0.606549 0.0662777 -1.38233 -1.96054 -1.13132 -0.4772 
1.10854 -1.96699 -1.7298 1.56544 -1.32271 -0.998242 2.33186 -1.11086 0.606549 0.0662777 -1.38233 -1.96054 -1.13132 -0.4772 
1.1093 -1.96671 -1.73038 1.56668 -1.32407 -0.994753 2.33247 -1.11086 0.606549 0.0662777 -1.38233 -1.96054 -1.13132 -0.4772 
1.10939 -1.96697 -1.73067 1.56742 -1.32546 -0.993516 2.33373 -1.11086 0.606549 0.0662777 -1.38233 -1.96054 -1.13132 -0.4772 
1.10879 -1.96699 -1.73073 1.5667 -1.32461 -0.99524 2.33361 -1.11086 0.606549 0.0662777 -1.38233 -1.96054 -1.13132 -0.4772 
