1.12137 -1.8865 -1.7198 1.39293 1.99248 1.12539 -1.14789 -1.1103 0.609337 0.0656645 -1.37593 -1.96223 -1.13301 -0.473288 
1.09926 -1.86783 -1.72187 1.35234 1.98991 1.1205 -1.17145 -1.11086 0.60655 0.0662775 -1.38233 -1.96054 -1.13132 -0.477199 
1.09633 -1.86883 -1.72251 1.34699 1.99274 1.12672 -1.17109 -1.11086 0.606549 0.0662777 -1.38233 -1.96054 -1.13132 -0.4772 
1.0961 -1.86588 -1.71959 1.3417 1.9994 1.13351 -1.17804 -1.11086 0.606549 0.0662777 -1.38233 -1.96054 -1.13132 -0.4772 
1.09578 -1.86492 -1.71908 1.34007 2.00138 1.13617 -1.18072 -1.11086 0.606549 0.0662777 -1.38233 -1.96054 -1.13132 -0.4772 
1.09643 -1.86524 -1.71979 1.34176 1.99978 1.13482 -1.18039 -1.11086 0.606549 0.0662777 -1.38233 -1.96054 -1.13132 -0.4772 
1.09831 -1.8646 -1.71907 1.342 1.99894 1.13333 -1.18387 -1.11086 0.606549 0.0662777 -1.38233 -1.96054 -1.13132 -0.4772 
1.10106 -1.8631 -1.71719 1.3415 1.99955 1.13279 -1.19067 -1.11086 0.606549 0.0662777 -1.38233 -1.96054 -1.13132 -0.4772 
1.10314 -1.86379 -1.71709 1.34327 1.99909 1.1318 -1.19 -1.11086 0.606549 0.0662777 -1.38233 -1.96054 -1.13132 -0.4772 
1.10599 -1.86406 -1.71559 1.34544 2.00104 1.1333 -1.19129 -1.11086 0.606549 0.0662777 -1.38233 -1.96054 -1.13132 -0.4772 
1.10915 -1.86356 -1.71351 1.34741 2.00412 1.13595 -1.19457 -1.11086 0.606549 0.0662777 -1.38233 -1.96054 -1.13132 -0.4772 
1.11288 -1.86296 -1.71225 1.35195 2.00409 1.13372 -1.19606 -1.11086 0.606549 0.0662777 -1.38233 -1.96054 -1.13132 -0.4772 
1.1161 -1.86247 -1.71113 1.35552 2.00429 1.13191 -1.19727 -1.11086 0.606549 0.0662777 -1.38233 -1.96054 -1.13132 -0.4772 
1.11738 -1.86435 -1.71169 1.35828 2.00334 1.13245 -1.19637 -1.11086 0.606549 0.0662777 -1.38233 -1.96054 -1.13132 -0.4772 
1.11837 -1.86516 -1.71109 1.35895 2.00477 1.13477 -1.19714 -1.11086 0.606549 0.0662777 -1.38233 -1.96054 -1.13132 -0.4772 
1.1199 -1.86614 -1.71169 1.3622 2.00262 1.13232 -1.19556 -1.11086 0.606549 0.0662777 -1.38233 -1.96054 -1.13132 -0.4772 
1.12302 -1.86475 -1.70945 1.36449 2.00409 1.1303 -1.19763 -1.11086 0.606549 0.0662777 -1.38233 -1.96054 -1.13132 -0.4772 
1.12304 -1.86587 -1.70954 1.36461 2.0048 1.13279 -1.198 -1.11086 0.606549 0.0662777 -1.38233 -1.96054 -1.13132 -0.4772 
1.12304 -1.86687 -1.70999 1.36499 2.00463 1.13428 -1.19764 -1.11086 0.606549 0.0662777 -1.38233 -1.96054 -1.13132 -0.4772 
1.12401 -1.86608 -1.70887 1.36532 2.00615 1.13511 -1.19908 -1.11086 0.606549 0.0662777 -1.38233 -1.96054 -1.13132 -0.4772 
1.12473 -1.86587 -1.70882 1.36626 2.00611 1.13452 -1.19983 -1.11086 0.606549 0.0662777 -1.38233 -1.96054 -1.13132 -0.4772 
1.1257 -1.8659 -1.70838 1.36709 2.00611 1.13457 -1.20058 -1.11086 0.606549 0.0662777 -1.38233 -1.96054 -1.13132 -0.4772 
1.1269 -1.86656 -1.70832 1.369 2.00525 1.13323 -1.20036 -1.11086 0.606549 0.0662777 -1.38233 -1.96054 -1.13132 -0.4772 
1.12815 -1.86567 -1.70772 1.37045 2.00496 1.13129 -1.20096 -1.11086 0.606549 0.0662777 -1.38233 -1.96054 -1.13132 -0.4772 
1.12748 -1.86605 -1.70783 1.36944 2.00595 1.13352 -1.20128 -1.11086 0.606549 0.0662777 -1.38233 -1.96054 -1.13132 -0.4772 
1.12805 -1.86584 -1.70732 1.36997 2.00619 1.13313 -1.20163 -1.11086 0.606549 0.0662777 -1.38233 -1.96054 -1.13132 -0.4772 
1.12855 -1.86635 -1.70707 1.36976 2.00711 1.13492 -1.20219 -1.11086 0.606549 0.0662777 -1.38233 -1.96054 -1.13132 -0.4772 
1.12841 -1.86694 -1.70748 1.37013 2.00677 1.13568 -1.20164 -1.11086 0.606549 0.0662777 -1.38233 -1.96054 -1.13132 -0.4772 
1.13124 -1.86534 -1.70547 1.37146 2.00842 1.13481 -1.20512 -1.11086 0.606549 0.0662777 -1.38233 -1.96054 -1.13132 -0.4772 
1.13312 -1.86495 -1.70446 1.37287 2.00908 1.13452 -1.20698 -1.11086 0.606549 0.0662777 -1.38233 -1.96054 -1.13132 -0.4772 
1.1352 -1.86502 -1.70361 1.37522 2.00908 1.13346 -1.20787 -1.11086 0.606549 0.0662777 -1.38233 -1.96054 -1.13132 -0.4772 
1.13616 -1.86588 -1.70405 1.37752 2.00814 1.13288 -1.20672 -1.11086 0.606549 0.0662777 -1.38233 -1.96054 -1.13132 -0.4772 
1.13646 -1.86729 -1.70457 1.37938 2.00751 1.13315 -1.20497 -1.11086 0.606549 0.0662777 -1.38233 -1.96054 -1.13132 -0.4772 
1.1375 -1.86846 -1.7051 1.38197 2.00599 1.13152 -1.20278 -1.11086 0.606549 0.0662777 -1.38233 -1.96054 -1.13132 -0.4772 
1.1388 -1.86785 -1.70381 1.3827 2.00735 1.13143 -1.20415 -1.11086 0.606549 0.0662777 -1.38233 -1.96054 -1.13132 -0.4772 
1.13856 -1.86813 -1.70429 1.38268 2.00718 1.13212 -1.20419 -1.11086 0.606549 0.0662777 -1.38233 -1.96054 -1.13132 -0.4772 
1.13812 -1.86907 -1.70429 1.38175 2.00833 1.13538 -1.2048 -1.11086 0.606549 0.0662777 -1.38233 -1.96054 -1.13132 -0.4772 
1.13818 -1.86935 -1.70484 1.38219 2.00722 1.13431 -1.20401 -1.11086 0.606549 0.0662777 -1.38233 -1.96054 -1.13132 -0.4772 
1.13837 -1.86868 -1.70425 1.38208 2.00784 1.13419 -1.20467 -1.11086 0.606549 0.0662777 -1.38233 -1.96054 -1.13132 -0.4772 
1.13871 -1.8688 -1.70431 1.38269 2.00721 1.13319 -1.20422 -1.11086 0.606549 0.0662777 -1.38233 -1.96054 -1.13132 -0.4772 
1.13777 -1.8693 -1.70452 1.38149 2.00803 1.13541 -1.20413 -1.11086 0.606549 0.0662777 -1.38233 -1.96054 -1.13132 -0.4772 
1.13763 -1.86964 -1.70496 1.38164 2.00758 1.13548 -1.20325 -1.11086 0.606549 0.0662777 -1.38233 -1.96054 -1.13132 -0.4772 
1.13685 -1.87053 -1.70532 1.38114 2.00755 1.1369 -1.20343 -1.11086 0.606549 0.0662777 -1.38233 -1.96054 -1.13132 -0.4772 
1.13799 -1.86907 -1.70455 1.38168 2.00813 1.1352 -1.20402 -1.11086 0.606549 0.0662777 -1.38233 -1.96054 -1.13132 -0.4772 
1.13745 -1.87028 -1.70525 1.38117 2.00755 1.13636 -1.2036 -1.11086 0.606549 0.0662777 -1.38233 -1.96054 -1.13132 -0.4772 
1.13863 -1.86925 -1.70502 1.38352 2.00602 1.13209 -1.20308 -1.11086 0.606549 0.0662777 -1.38233 -1.96054 -1.13132 -0.4772 
1.13858 -1.86928 -1.70487 1.38351 2.00609 1.13201 -1.2027 -1.11086 0.606549 0.0662777 -1.38233 -1.96054 -1.13132 -0.4772 
1.13842 -1.86958 -1.705 1.38328 2.00613 1.1326 -1.20319 -1.11086 0.606549 0.0662777 -1.38233 -1.96054 -1.13132 -0.4772 
1.13813 -1.8691 -1.70476 1.38223 2.00711 1.1336 -1.2039 -1.11086 0.606549 0.0662777 -1.38233 -1.96054 -1.13132 -0.4772 
1.13799 -1.86965 -1.70489 1.38237 2.00711 1.13417 -1.20328 -1.11086 0.606549 0.0662777 -1.38233 -1.96054 -1.13132 -0.4772 
1.13846 -1.86841 -1.70407 1.38187 2.00844 1.13412 -1.20454 -1.11086 0.606549 0.0662777 -1.38233 -1.96054 -1.13132 -0.4772 
1.13737 -1.87034 -1.70567 1.38193 2.00685 1.13513 -1.203 -1.11086 0.606549 0.0662777 -1.38233 -1.96054 -1.13132 -0.4772 
1.13806 -1.8701 -1.70545 1.38263 2.00642 1.13351 -1.20287 -1.11086 0.606549 0.0662777 -1.38233 -1.96054 -1.13132 -0.4772 
1.13718 -1.87078 -1.70618 1.38221 2.00628 1.13446 -1.20257 -1.11086 0.606549 0.0662777 -1.38233 -1.96054 -1.13132 -0.4772 
1.13816 -1.8691 -1.70467 1.38187 2.00789 1.13431 -1.20427 -1.11086 0.606549 0.0662777 -1.38233 -1.96054 -1.13132 -0.4772 
1.1386 -1.86904 -1.70447 1.38229 2.00742 1.13348 -1.2046 -1.11086 0.606549 0.0662777 -1.38233 -1.96054 -1.13132 -0.4772 
1.13804 -1.86946 -1.70551 1.38278 2.00613 1.1329 -1.20339 -1.11086 0.606549 0.0662777 -1.38233 -1.96054 -1.13132 -0.4772 
1.1371 -1.86979 -1.70528 1.38045 2.00795 1.1368 -1.20577 -1.11086 0.606549 0.0662777 -1.38233 -1.96054 -1.13132 -0.4772 
1.13741 -1.86943 -1.70535 1.38113 2.00716 1.13557 -1.20545 -1.11086 0.606549 0.0662777 -1.38233 -1.96054 -1.13132 -0.4772 
1.13811 -1.86964 -1.70533 1.38251 2.00569 1.13303 -1.20519 -1.11086 0.606549 0.0662777 -1.38233 -1.96054 -1.13132 -0.4772 
1.13811 -1.87003 -1.70545 1.38278 2.00525 1.13262 -1.20503 -1.11086 0.606549 0.0662777 -1.38233 -1.96054 -1.13132 -0.4772 
1.13789 -1.86981 -1.70571 1.38271 2.00471 1.13238 -1.20527 -1.11086 0.606549 0.0662777 -1.38233 -1.96054 -1.13132 -0.4772 
1.13865 -1.86899 -1.70514 1.38321 2.00484 1.13085 -1.20531 -1.11086 0.606549 0.0662777 -1.38233 -1.96054 -1.13132 -0.4772 
1.13984 -1.86675 -1.70331 1.38279 2.00708 1.13014 -1.20789 -1.11086 0.606549 0.0662777 -1.38233 -1.96054 -1.13132 -0.4772 
1.13976 -1.86671 -1.70334 1.38273 2.0071 1.13062 -1.20845 -1.11086 0.606549 0.0662777 -1.38233 -1.96054 -1.13132 -0.4772 
1.1402 -1.86625 -1.70342 1.38339 2.00663 1.12895 -1.20786 -1.11086 0.606549 0.0662777 -1.38233 -1.96054 -1.13132 -0.4772 
1.13973 -1.86687 -1.70376 1.38294 2.00647 1.12994 -1.20815 -1.11086 0.606549 0.0662777 -1.38233 -1.96054 -1.13132 -0.4772 
1.14011 -1.86579 -1.70285 1.38247 2.00801 1.13025 -1.20913 -1.11086 0.606549 0.0662777 -1.38233 -1.96054 -1.13132 -0.4772 
1.13872 -1.86704 -1.70364 1.38106 2.00845 1.13333 -1.20914 -1.11086 0.606549 0.0662777 -1.38233 -1.96054 -1.13132 -0.4772 
1.13759 -1.86821 -1.70445 1.38023 2.00828 1.13541 -1.20913 -1.11086 0.606549 0.0662777 -1.38233 -1.96054 -1.13132 -0.4772 
1.13905 -1.86765 -1.7041 1.38219 2.00683 1.13168 -1.2086 -1.11086 0.606549 0.0662777 -1.38233 -1.96054 -1.13132 -0.4772 
1.13958 -1.86729 -1.7039 1.38263 2.00703 1.13053 -1.20797 -1.11086 0.606549 0.0662777 -1.38233 -1.96054 -1.13132 -0.4772 
1.13882 -1.86831 -1.70476 1.38258 2.00626 1.13133 -1.20787 -1.11086 0.606549 0.0662777 -1.38233 -1.96054 -1.13132 -0.4772 
1.13931 -1.86677 -1.70344 1.38167 2.00837 1.13215 -1.20903 -1.11086 0.606549 0.0662777 -1.38233 -1.96054 -1.13132 -0.4772 
1.13949 -1.86707 -1.70357 1.38222 2.00795 1.1315 -1.20815 -1.11086 0.606549 0.0662777 -1.38233 -1.96054 -1.13132 -0.4772 
1.14 -1.86617 -1.70316 1.38247 2.008 1.13052 -1.20922 -1.11086 0.606549 0.0662777 -1.38233 -1.96054 -1.13132 -0.4772 
1.13913 -1.86763 -1.70394 1.38217 2.00759 1.13173 -1.20784 -1.11086 0.606549 0.0662777 -1.38233 -1.96054 -1.13132 -0.4772 
1.13962 -1.86714 -1.70376 1.38311 2.00689 1.13011 -1.20788 -1.11086 0.606549 0.0662777 -1.38233 -1.96054 -1.13132 -0.4772 
1.13946 -1.86689 -1.70349 1.38212 2.00808 1.13153 -1.20825 -1.11086 0.606549 0.0662777 -1.38233 -1.96054 -1.13132 -0.4772 
1.13946 -1.86712 -1.70388 1.38265 2.00734 1.13064 -1.20753 -1.11086 0.606549 0.0662777 -1.38233 -1.96054 -1.13132 -0.4772 
1.13929 -1.86667 -1.70326 1.38148 2.00906 1.13262 -1.20875 -1.11086 0.606549 0.0662777 -1.38233 -1.96054 -1.13132 -0.4772 
1.13875 -1.86834 -1.70472 1.38239 2.00746 1.13242 -1.20641 -1.11086 0.606549 0.0662777 -1.38233 -1.96054 -1.13132 -0.4772 
1.13873 -1.86812 -1.70463 1.3823 2.00758 1.13235 -1.20658 -1.11086 0.606549 0.0662777 -1.38233 -1.96054 -1.13132 -0.4772 
1.13787 -1.86947 -1.70495 1.38137 2.00826 1.13489 -1.20573 -1.11086 0.606549 0.0662777 -1.38233 -1.96054 -1.13132 -0.4772 
1.13785 -1.86961 -1.70485 1.38135 2.00871 1.1351 -1.20508 -1.11086 0.606549 0.0662777 -1.38233 -1.96054 -1.13132 -0.4772 
1.13774 -1.86951 -1.7052 1.38157 2.00809 1.13473 -1.20552 -1.11086 0.606549 0.0662777 -1.38233 -1.96054 -1.13132 -0.4772 
1.13852 -1.86873 -1.70431 1.38189 2.00901 1.13402 -1.20491 -1.11086 0.606549 0.0662777 -1.38233 -1.96054 -1.13132 -0.4772 
1.13796 -1.87008 -1.70597 1.38323 2.00644 1.13227 -1.20306 -1.11086 0.606549 0.0662777 -1.38233 -1.96054 -1.13132 -0.4772 
1.13866 -1.86994 -1.70592 1.38458 2.0051 1.12961 -1.20262 -1.11086 0.606549 0.0662777 -1.38233 -1.96054 -1.13132 -0.4772 
1.13813 -1.86993 -1.70528 1.38259 2.00746 1.13296 -1.20395 -1.11086 0.606549 0.0662777 -1.38233 -1.96054 -1.13132 -0.4772 
1.13853 -1.86912 -1.70486 1.3826 2.00803 1.13262 -1.20455 -1.11086 0.606549 0.0662777 -1.38233 -1.96054 -1.13132 -0.4772 
1.13784 -1.86959 -1.70521 1.3816 2.0088 1.13455 -1.20445 -1.11086 0.606549 0.0662777 -1.38233 -1.96054 -1.13132 -0.4772 
1.13854 -1.86888 -1.70489 1.38218 2.00861 1.13337 -1.20502 -1.11086 0.606549 0.0662777 -1.38233 -1.96054 -1.13132 -0.4772 
1.13791 -1.86879 -1.70459 1.38084 2.00997 1.13546 -1.20545 -1.11086 0.606549 0.0662777 -1.38233 -1.96054 -1.13132 -0.4772 
1.13802 -1.86905 -1.70491 1.38183 2.00885 1.13403 -1.20417 -1.11086 0.606549 0.0662777 -1.38233 -1.96054 -1.13132 -0.4772 
1.13759 -1.86904 -1.70482 1.38108 2.00963 1.13541 -1.2044 -1.11086 0.606549 0.0662777 -1.38233 -1.96054 -1.13132 -0.4772 
1.13796 -1.86931 -1.70504 1.38179 2.00858 1.13427 -1.20396 -1.11086 0.606549 0.0662777 -1.38233 -1.96054 -1.13132 -0.4772 
1.13774 -1.86899 -1.70505 1.3816 2.00881 1.13451 -1.20444 -1.11086 0.606549 0.0662777 -1.38233 -1.96054 -1.13132 -0.4772 
1.13801 -1.8694 -1.70534 1.38242 2.00761 1.13317 -1.20355 -1.11086 0.606549 0.0662777 -1.38233 -1.96054 -1.13132 -0.4772 
1.13805 -1.86929 -1.7054 1.38271 2.00716 1.13231 -1.20346 -1.11086 0.606549 0.0662777 -1.38233 -1.96054 -1.13132 -0.4772 
1.13839 -1.86889 -1.70469 1.38236 2.00814 1.13271 -1.20431 -1.11086 0.606549 0.0662777 -1.38233 -1.96054 -1.13132 -0.4772 
1.13775 -1.86938 -1.70517 1.38191 2.00765 1.1334 -1.20442 -1.11086 0.606549 0.0662777 -1.38233 -1.96054 -1.13132 -0.4772 
1.139 -1.8685 -1.70414 1.38265 2.00828 1.13247 -1.20523 -1.11086 0.606549 0.0662777 -1.38233 -1.96054 -1.13132 -0.4772 
1.13886 -1.86852 -1.70431 1.38244 2.00785 1.13234 -1.20592 -1.11086 0.606549 0.0662777 -1.38233 -1.96054 -1.13132 -0.4772 
1.13975 -1.86797 -1.70402 1.38342 2.00758 1.13081 -1.20602 -1.11086 0.606549 0.0662777 -1.38233 -1.96054 -1.13132 -0.4772 
1.13881 -1.86881 -1.70506 1.38317 2.00672 1.13087 -1.20525 -1.11086 0.606549 0.0662777 -1.38233 -1.96054 -1.13132 -0.4772 
1.13964 -1.86802 -1.70444 1.3838 2.0071 1.13003 -1.20498 -1.11086 0.606549 0.0662777 -1.38233 -1.96054 -1.13132 -0.4772 
1.13839 -1.86908 -1.70537 1.38278 2.00687 1.13177 -1.20418 -1.11086 0.606549 0.0662777 -1.38233 -1.96054 -1.13132 -0.4772 
1.13811 -1.86974 -1.70597 1.38319 2.00577 1.13161 -1.20351 -1.11086 0.606549 0.0662777 -1.38233 -1.96054 -1.13132 -0.4772 
1.13863 -1.86889 -1.70543 1.3834 2.00624 1.13085 -1.20424 -1.11086 0.606549 0.0662777 -1.38233 -1.96054 -1.13132 -0.4772 
1.13846 -1.86929 -1.70566 1.38314 2.00618 1.13141 -1.20375 -1.11086 0.606549 0.0662777 -1.38233 -1.96054 -1.13132 -0.4772 
1.13958 -1.86758 -1.70423 1.38317 2.00741 1.13024 -1.20584 -1.11086 0.606549 0.0662777 -1.38233 -1.96054 -1.13132 -0.4772 
1.13941 -1.86732 -1.70432 1.38328 2.00703 1.12987 -1.20621 -1.11086 0.606549 0.0662777 -1.38233 -1.96054 -1.13132 -0.4772 
1.13966 -1.8673 -1.70406 1.38325 2.00744 1.12993 -1.20628 -1.11086 0.606549 0.0662777 -1.38233 -1.96054 -1.13132 -0.4772 
1.13929 -1.86776 -1.70442 1.38298 2.00752 1.13068 -1.20594 -1.11086 0.606549 0.0662777 -1.38233 -1.96054 -1.13132 -0.4772 
1.13901 -1.86825 -1.70478 1.3831 2.00707 1.13072 -1.20532 -1.11086 0.606549 0.0662777 -1.38233 -1.96054 -1.13132 -0.4772 
1.13928 -1.86806 -1.70455 1.38325 2.00724 1.13039 -1.2056 -1.11086 0.606549 0.0662777 -1.38233 -1.96054 -1.13132 -0.4772 
1.13923 -1.86743 -1.70422 1.38246 2.00804 1.13162 -1.20724 -1.11086 0.606549 0.0662777 -1.38233 -1.96054 -1.13132 -0.4772 
1.13873 -1.87163 -1.70542 1.38561 2.00792 1.13242 -1.19729 -1.11086 0.606549 0.0662777 -1.38233 -1.96054 -1.13132 -0.4772 
1.13877 -1.87595 -1.70636 1.38947 2.00743 1.13224 -1.18706 -1.11086 0.606549 0.0662777 -1.38233 -1.96054 -1.13132 -0.4772 
1.13845 -1.88047 -1.70736 1.39313 2.00736 1.13281 -1.17582 -1.11086 0.606549 0.0662777 -1.38233 -1.96054 -1.13132 -0.4772 
1.13707 -1.88526 -1.70866 1.39487 2.00848 1.13597 -1.16573 -1.11086 0.606549 0.0662777 -1.38233 -1.96054 -1.13132 -0.4772 
1.13629 -1.89006 -1.71008 1.39855 2.0081 1.13594 -1.15319 -1.11086 0.606549 0.0662777 -1.38233 -1.96054 -1.13132 -0.4772 
1.13505 -1.89545 -1.71159 1.40138 2.00844 1.13767 -1.14039 -1.11086 0.606549 0.0662777 -1.38233 -1.96054 -1.13132 -0.4772 
1.13288 -1.90152 -1.714 1.40406 2.00856 1.13998 -1.12566 -1.11086 0.606549 0.0662777 -1.38233 -1.96054 -1.13132 -0.4772 
1.131 -1.90709 -1.71582 1.40653 2.00952 1.14211 -1.11043 -1.11086 0.606549 0.0662777 -1.38233 -1.96054 -1.13132 -0.4772 
1.12893 -1.91196 -1.71681 1.40781 2.01176 1.14558 -1.09753 -1.11086 0.606549 0.0662777 -1.38233 -1.96054 -1.13132 -0.4772 
1.12612 -1.91847 -1.71923 1.4103 2.01247 1.14787 -1.07909 -1.11086 0.606549 0.0662777 -1.38233 -1.96054 -1.13132 -0.4772 
1.12344 -1.92375 -1.72077 1.41126 2.01501 1.15147 -1.06375 -1.11086 0.606549 0.0662777 -1.38233 -1.96054 -1.13132 -0.4772 
1.11849 -1.93093 -1.72401 1.41091 2.0176 1.15838 -1.04567 -1.11086 0.606549 0.0662777 -1.38233 -1.96054 -1.13132 -0.4772 
1.11574 -1.93665 -1.72586 1.41303 2.01914 1.1596 -1.02665 -1.11086 0.606549 0.0662777 -1.38233 -1.96054 -1.13132 -0.4772 
1.11121 -1.94297 -1.72819 1.41269 2.02294 1.16495 -1.00653 -1.11086 0.606549 0.0662777 -1.38233 -1.96054 -1.13132 -0.4772 
1.10667 -1.94873 -1.73019 1.41193 2.02686 1.1708 -0.988483 -1.11086 0.606549 0.0662777 -1.38233 -1.96054 -1.13132 -0.4772 
1.10236 -1.9538 -1.73136 1.41041 2.03216 1.17683 -0.970944 -1.11086 0.606549 0.0662777 -1.38233 -1.96054 -1.13132 -0.4772 
1.09791 -1.96019 -1.73382 1.41072 2.03448 1.17998 -0.949453 -1.11086 0.606549 0.0662777 -1.38233 -1.96054 -1.13132 -0.4772 
1.09234 -1.96659 -1.73683 1.40968 2.03756 1.18487 -0.927659 -1.11086 0.606549 0.0662777 -1.38233 -1.96054 -1.13132 -0.4772 
1.08762 -1.96699 -1.73202 1.40801 2.03271 1.19621 -0.90382 -1.11086 0.606549 0.0662777 -1.38233 -1.96054 -1.13132 -0.4772 
1.08258 -1.96699 -1.72671 1.40556 2.02853 1.20885 -0.881348 -1.11086 0.606549 0.0662777 -1.38233 -1.96054 -1.13132 -0.4772 
1.07829 -1.96699 -1.72181 1.40409 2.02434 1.21897 -0.858025 -1.11086 0.606549 0.0662777 -1.38233 -1.96054 -1.13132 -0.4772 
1.07303 -1.96699 -1.717 1.40131 2.0198 1.23121 -0.836964 -1.11086 0.606549 0.0662777 -1.38233 -1.96054 -1.13132 -0.4772 
1.0698 -1.96699 -1.71233 1.39987 2.01887 1.23857 -0.817292 -1.11086 0.606549 0.0662777 -1.38233 -1.96054 -1.13132 -0.4772 
1.06479 -1.96699 -1.70759 1.39887 2.01091 1.24855 -0.795062 -1.11086 0.606549 0.0662777 -1.38233 -1.96054 -1.13132 -0.4772 
1.05958 -1.96699 -1.70305 1.39529 2.009 1.2603 -0.776058 -1.11086 0.606549 0.0662777 -1.38233 -1.96054 -1.13132 -0.4772 
1.05481 -1.96699 -1.70046 1.39191 2.00606 1.26889 -0.76032 -1.11086 0.606549 0.0662777 -1.38233 -1.96054 -1.13132 -0.4772 
1.04925 -1.96699 -1.6999 1.38653 2.00524 1.27666 -0.748839 -1.11086 0.606549 0.0662777 -1.38233 -1.96054 -1.13132 -0.4772 
1.04543 -1.96699 -1.69947 1.38422 2.0025 1.27958 -0.738984 -1.11086 0.606549 0.0662777 -1.38233 -1.96054 -1.13132 -0.4772 
1.04338 -1.96699 -1.69938 1.38162 2.00425 1.27981 -0.734161 -1.11086 0.606549 0.0662777 -1.38233 -1.96054 -1.13132 -0.4772 
1.03864 -1.96699 -1.69936 1.37608 2.00492 1.28679 -0.727769 -1.11086 0.606549 0.0662777 -1.38233 -1.96054 -1.13132 -0.4772 
1.0363 -1.96677 -1.6994 1.37219 2.00774 1.28953 -0.72651 -1.11086 0.606549 0.0662777 -1.38233 -1.96054 -1.13132 -0.4772 
1.03349 -1.96699 -1.69982 1.37024 2.00515 1.29176 -0.723247 -1.11086 0.606549 0.0662777 -1.38233 -1.96054 -1.13132 -0.4772 
1.0342 -1.96541 -1.69831 1.36938 2.00649 1.28951 -0.72623 -1.11086 0.606549 0.0662777 -1.38233 -1.96054 -1.13132 -0.4772 
1.03359 -1.96622 -1.69944 1.3696 2.00382 1.28918 -0.727701 -1.11086 0.606549 0.0662777 -1.38233 -1.96054 -1.13132 -0.4772 
1.03281 -1.96622 -1.69987 1.36774 2.00321 1.29171 -0.733561 -1.11086 0.606549 0.0662777 -1.38233 -1.96054 -1.13132 -0.4772 
1.03172 -1.96669 -1.7008 1.36677 2.00066 1.29292 -0.73899 -1.11086 0.606549 0.0662777 -1.38233 -1.96054 -1.13132 -0.4772 
1.03278 -1.9657 -1.70015 1.36666 1.99866 1.29195 -0.747973 -1.11086 0.606549 0.0662777 -1.38233 -1.96054 -1.13132 -0.4772 
1.03465 -1.96413 -1.69882 1.36678 1.99684 1.29109 -0.759362 -1.11086 0.606549 0.0662777 -1.38233 -1.96054 -1.13132 -0.4772 
1.03617 -1.96406 -1.69931 1.36841 1.99165 1.28971 -0.771285 -1.11086 0.606549 0.0662777 -1.38233 -1.96054 -1.13132 -0.4772 
1.03966 -1.96271 -1.6982 1.37103 1.98702 1.28624 -0.785322 -1.11086 0.606549 0.0662777 -1.38233 -1.96054 -1.13132 -0.4772 
1.03923 -1.96375 -1.70057 1.37078 1.9812 1.2896 -0.800915 -1.11086 0.606549 0.0662777 -1.38233 -1.96054 -1.13132 -0.4772 
1.04356 -1.96047 -1.6971 1.37107 1.98025 1.28891 -0.82191 -1.11086 0.606549 0.0662777 -1.38233 -1.96054 -1.13132 -0.4772 
1.04663 -1.95916 -1.69667 1.37275 1.97515 1.28828 -0.841698 -1.11086 0.606549 0.0662777 -1.38233 -1.96054 -1.13132 -0.4772 
1.05179 -1.95793 -1.69579 1.37756 1.96747 1.28296 -0.861367 -1.11086 0.606549 0.0662777 -1.38233 -1.96054 -1.13132 -0.4772 
1.05477 -1.95526 -1.69356 1.37577 1.96671 1.28673 -0.887103 -1.11086 0.606549 0.0662777 -1.38233 -1.96054 -1.13132 -0.4772 
1.05957 -1.95305 -1.69181 1.37822 1.96138 1.2845 -0.911253 -1.11086 0.606549 0.0662777 -1.38233 -1.96054 -1.13132 -0.4772 
1.06288 -1.95144 -1.69091 1.37867 1.95715 1.28514 -0.934407 -1.11086 0.606549 0.0662777 -1.38233 -1.96054 -1.13132 -0.4772 
1.06801 -1.94945 -1.6893 1.38121 1.9511 1.28251 -0.959622 -1.11086 0.606549 0.0662777 -1.38233 -1.96054 -1.13132 -0.4772 
1.06411 -1.94771 -1.68837 1.36395 1.95948 1.31044 -1.00521 -1.11086 0.606549 0.0662777 -1.38233 -1.96054 -1.13132 -0.4772 
1.06311 -1.94884 -1.6898 1.36377 1.9576 1.31162 -1.00632 -1.11086 0.606549 0.0662777 -1.38233 -1.96054 -1.13132 -0.4772 
1.06855 -1.94561 -1.6868 1.36499 1.95408 1.30924 -1.0315 -1.11086 0.606549 0.0662777 -1.38233 -1.96054 -1.13132 -0.4772 
1.07162 -1.94276 -1.6844 1.3622 1.95297 1.31328 -1.06083 -1.11086 0.606549 0.0662777 -1.38233 -1.96054 -1.13132 -0.4772 
1.0748 -1.94149 -1.68354 1.36186 1.94845 1.31494 -1.08703 -1.11086 0.606549 0.0662777 -1.38233 -1.96054 -1.13132 -0.4772 
1.0776 -1.93882 -1.68156 1.35884 1.94709 1.31928 -1.11629 -1.11086 0.606549 0.0662777 -1.38233 -1.96054 -1.13132 -0.4772 
1.08149 -1.93547 -1.67869 1.35715 1.946 1.32052 -1.14245 -1.11086 0.606549 0.0662777 -1.38233 -1.96054 -1.13132 -0.4772 
1.08325 -1.93357 -1.6774 1.35321 1.94491 1.32608 -1.16967 -1.11086 0.606549 0.0662777 -1.38233 -1.96054 -1.13132 -0.4772 
1.08551 -1.93218 -1.67648 1.35158 1.94193 1.32835 -1.1929 -1.11086 0.606549 0.0662777 -1.38233 -1.96054 -1.13132 -0.4772 
1.08721 -1.93143 -1.67624 1.34985 1.93832 1.33106 -1.215 -1.11086 0.606549 0.0662777 -1.38233 -1.96054 -1.13132 -0.4772 
1.09018 -1.92807 -1.67343 1.34656 1.93831 1.33362 -1.24081 -1.11086 0.606549 0.0662777 -1.38233 -1.96054 -1.13132 -0.4772 
1.09172 -1.92683 -1.67254 1.34388 1.9366 1.33669 -1.26176 -1.11086 0.606549 0.0662777 -1.38233 -1.96054 -1.13132 -0.4772 
1.09281 -1.92347 -1.66975 1.3377 1.93975 1.34311 -1.28581 -1.11086 0.606549 0.0662777 -1.38233 -1.96054 -1.13132 -0.4772 
1.09495 -1.92086 -1.66779 1.33483 1.93934 1.34508 -1.30696 -1.11086 0.606549 0.0662777 -1.38233 -1.96054 -1.13132 -0.4772 
1.09498 -1.91833 -1.66584 1.32806 1.94218 1.35243 -1.32875 -1.11086 0.606549 0.0662777 -1.38233 -1.96054 -1.13132 -0.4772 
1.09308 -1.9158 -1.66511 1.32212 1.93798 1.35622 -1.36217 -1.11086 0.606549 0.0662777 -1.38233 -1.96054 -1.13132 -0.4772 
1.09273 -1.91375 -1.66333 1.31607 1.94075 1.36252 -1.3799 -1.11086 0.606549 0.0662777 -1.38233 -1.96054 -1.13132 -0.4772 
1.09318 -1.9151 -1.66474 1.31701 1.93524 1.36192 -1.38908 -1.11086 0.606549 0.0662777 -1.38233 -1.96054 -1.13132 -0.4772 
1.09474 -1.91148 -1.66106 1.312 1.93965 1.36577 -1.40584 -1.11086 0.606549 0.0662777 -1.38233 -1.96054 -1.13132 -0.4772 
1.09117 -1.91172 -1.66186 1.30324 1.94216 1.37754 -1.42268 -1.11086 0.606549 0.0662777 -1.38233 -1.96054 -1.13132 -0.4772 
1.09175 -1.91391 -1.66375 1.30614 1.93659 1.3748 -1.42371 -1.11086 0.606549 0.0662777 -1.38233 -1.96054 -1.13132 -0.4772 
1.09003 -1.90904 -1.65922 1.2931 1.94908 1.38896 -1.44257 -1.11086 0.606549 0.0662777 -1.38233 -1.96054 -1.13132 -0.4772 
1.09086 -1.90404 -1.65459 1.28508 1.95651 1.39549 -1.46187 -1.11086 0.606549 0.0662777 -1.38233 -1.96054 -1.13132 -0.4772 
1.092 -1.90103 -1.65185 1.28121 1.95869 1.39773 -1.47711 -1.11086 0.606549 0.0662777 -1.38233 -1.96054 -1.13132 -0.4772 
1.0919 -1.90432 -1.65497 1.28494 1.95141 1.39472 -1.47659 -1.11086 0.606549 0.0662777 -1.38233 -1.96054 -1.13132 -0.4772 
1.09005 -1.90483 -1.65568 1.28054 1.95182 1.40047 -1.48504 -1.11086 0.606549 0.0662777 -1.38233 -1.96054 -1.13132 -0.4772 
1.08914 -1.90433 -1.65543 1.27637 1.9521 1.40495 -1.49648 -1.11086 0.606549 0.0662777 -1.38233 -1.96054 -1.13132 -0.4772 
1.08914 -1.90617 -1.65745 1.27848 1.94652 1.40254 -1.49878 -1.11086 0.606549 0.0662777 -1.38233 -1.96054 -1.13132 -0.4772 
1.09012 -1.90531 -1.65703 1.27813 1.94398 1.40117 -1.50905 -1.11086 0.606549 0.0662777 -1.38233 -1.96054 -1.13132 -0.4772 
1.08933 -1.90567 -1.65766 1.27617 1.94216 1.40311 -1.51715 -1.11086 0.606549 0.0662777 -1.38233 -1.96054 -1.13132 -0.4772 
1.08676 -1.90223 -1.65502 1.26486 1.95034 1.41445 -1.53316 -1.11086 0.606549 0.0662777 -1.38233 -1.96054 -1.13132 -0.4772 
1.08867 -1.89717 -1.65054 1.26004 1.95493 1.41563 -1.54903 -1.11086 0.606549 0.0662777 -1.38233 -1.96054 -1.13132 -0.4772 
1.08554 -1.89973 -1.65334 1.2567 1.95146 1.42066 -1.55695 -1.11086 0.606549 0.0662777 -1.38233 -1.96054 -1.13132 -0.4772 
1.08647 -1.90247 -1.65591 1.26064 1.94149 1.41561 -1.56474 -1.11086 0.606549 0.0662777 -1.38233 -1.96054 -1.13132 -0.4772 
1.08252 -1.90853 -1.66204 1.26101 1.93207 1.41902 -1.56926 -1.11086 0.606549 0.0662777 -1.38233 -1.96054 -1.13132 -0.4772 
1.08446 -1.90138 -1.65512 1.25257 1.94196 1.42327 -1.58794 -1.11086 0.606549 0.0662777 -1.38233 -1.96054 -1.13132 -0.4772 
1.07976 -1.90535 -1.6596 1.24851 1.93702 1.43081 -1.59679 -1.11086 0.606549 0.0662777 -1.38233 -1.96054 -1.13132 -0.4772 
1.0787 -1.90429 -1.65878 1.24364 1.93836 1.43499 -1.60873 -1.11086 0.606549 0.0662777 -1.38233 -1.96054 -1.13132 -0.4772 
1.07826 -1.90447 -1.65909 1.24205 1.93582 1.4363 -1.61962 -1.11086 0.606549 0.0662777 -1.38233 -1.96054 -1.13132 -0.4772 
1.07684 -1.90294 -1.65783 1.23584 1.93803 1.4425 -1.63505 -1.11086 0.606549 0.0662777 -1.38233 -1.96054 -1.13132 -0.4772 
1.0754 -1.90415 -1.65945 1.23415 1.93478 1.44505 -1.64433 -1.11086 0.606549 0.0662777 -1.38233 -1.96054 -1.13132 -0.4772 
1.0793 -1.90592 -1.65962 1.2391 1.93511 1.44326 -1.63345 -1.11086 0.606549 0.0662777 -1.38233 -1.96054 -1.13132 -0.4772 
1.07949 -1.90563 -1.65951 1.23765 1.93344 1.4442 -1.64348 -1.11086 0.606549 0.0662777 -1.38233 -1.96054 -1.13132 -0.4772 
1.08055 -1.90522 -1.65907 1.23739 1.93137 1.44367 -1.65376 -1.11086 0.606549 0.0662777 -1.38233 -1.96054 -1.13132 -0.4772 
1.08016 -1.90429 -1.65846 1.23405 1.93189 1.44718 -1.66564 -1.11086 0.606549 0.0662777 -1.38233 -1.96054 -1.13132 -0.4772 
1.07972 -1.90352 -1.65808 1.23115 1.93153 1.45015 -1.6782 -1.11086 0.606549 0.0662777 -1.38233 -1.96054 -1.13132 -0.4772 
1.07873 -1.90296 -1.65807 1.22735 1.93174 1.45447 -1.69052 -1.11086 0.606549 0.0662777 -1.38233 -1.96054 -1.13132 -0.4772 
1.0778 -1.90269 -1.658 1.22428 1.93169 1.45857 -1.70205 -1.11086 0.606549 0.0662777 -1.38233 -1.96054 -1.13132 -0.4772 
1.07638 -1.90255 -1.65805 1.22039 1.93301 1.46423 -1.71174 -1.11086 0.606549 0.0662777 -1.38233 -1.96054 -1.13132 -0.4772 
1.07637 -1.90303 -1.65849 1.22056 1.93114 1.46517 -1.71917 -1.11086 0.606549 0.0662777 -1.38233 -1.96054 -1.13132 -0.4772 
1.07581 -1.90216 -1.65784 1.21766 1.93266 1.46932 -1.72833 -1.11086 0.606549 0.0662777 -1.38233 -1.96054 -1.13132 -0.4772 
1.07539 -1.90241 -1.65816 1.21665 1.93254 1.47217 -1.73403 -1.11086 0.606549 0.0662777 -1.38233 -1.96054 -1.13132 -0.4772 
1.07426 -1.90138 -1.65741 1.21287 1.93562 1.47807 -1.74177 -1.11086 0.606549 0.0662777 -1.38233 -1.96054 -1.13132 -0.4772 
1.07302 -1.90023 -1.65633 1.2078 1.94 1.48499 -1.74983 -1.11086 0.606549 0.0662777 -1.38233 -1.96054 -1.13132 -0.4772 
1.07173 -1.90025 -1.65644 1.205 1.94197 1.49031 -1.75503 -1.11086 0.606549 0.0662777 -1.38233 -1.96054 -1.13132 -0.4772 
1.07188 -1.90003 -1.65619 1.20461 1.9427 1.49261 -1.75933 -1.11086 0.606549 0.0662777 -1.38233 -1.96054 -1.13132 -0.4772 
1.07251 -1.90015 -1.656 1.2057 1.9433 1.49337 -1.76003 -1.11086 0.606549 0.0662777 -1.38233 -1.96054 -1.13132 -0.4772 
1.07185 -1.90006 -1.65604 1.20442 1.94444 1.49654 -1.76357 -1.11086 0.606549 0.0662777 -1.38233 -1.96054 -1.13132 -0.4772 
1.07279 -1.89995 -1.65558 1.20602 1.94523 1.4974 -1.76436 -1.11086 0.606549 0.0662777 -1.38233 -1.96054 -1.13132 -0.4772 
1.07334 -1.89988 -1.6555 1.20707 1.94571 1.49801 -1.76485 -1.11086 0.606549 0.0662777 -1.38233 -1.96054 -1.13132 -0.4772 
1.07424 -1.89949 -1.65497 1.20783 1.9466 1.49843 -1.76581 -1.11086 0.606549 0.0662777 -1.38233 -1.96054 -1.13132 -0.4772 
1.07504 -1.90082 -1.65553 1.21075 1.94528 1.4975 -1.76414 -1.11086 0.606549 0.0662777 -1.38233 -1.96054 -1.13132 -0.4772 
1.07628 -1.89889 -1.65336 1.20933 1.95056 1.5016 -1.76845 -1.11086 0.606549 0.0662777 -1.38233 -1.96054 -1.13132 -0.4772 
1.07743 -1.89749 -1.65161 1.20946 1.95406 1.5033 -1.77023 -1.11086 0.606549 0.0662777 -1.38233 -1.96054 -1.13132 -0.4772 
1.07876 -1.8975 -1.65105 1.2116 1.95453 1.50278 -1.76989 -1.11086 0.606549 0.0662777 -1.38233 -1.96054 -1.13132 -0.4772 
1.07954 -1.89748 -1.6502 1.21269 1.95662 1.50405 -1.76927 -1.11086 0.606549 0.0662777 -1.38233 -1.96054 -1.13132 -0.4772 
1.08164 -1.89765 -1.6491 1.21669 1.95733 1.50201 -1.76591 -1.11086 0.606549 0.0662777 -1.38233 -1.96054 -1.13132 -0.4772 
1.0818 -1.89549 -1.64654 1.21187 1.96527 1.50919 -1.76916 -1.11086 0.606549 0.0662777 -1.38233 -1.96054 -1.13132 -0.4772 
1.08318 -1.89368 -1.64392 1.21085 1.97049 1.51132 -1.77012 -1.11086 0.606549 0.0662777 -1.38233 -1.96054 -1.13132 -0.4772 
1.08219 -1.89366 -1.6433 1.20828 1.97479 1.51686 -1.77054 -1.11086 0.606549 0.0662777 -1.38233 -1.96054 -1.13132 -0.4772 
1.08342 -1.89102 -1.64001 1.20617 1.98128 1.51978 -1.77259 -1.11086 0.606549 0.0662777 -1.38233 -1.96054 -1.13132 -0.4772 
1.08398 -1.88972 -1.63824 1.20418 1.98577 1.5232 -1.77431 -1.11086 0.606549 0.0662777 -1.38233 -1.96054 -1.13132 -0.4772 
1.08504 -1.88577 -1.63455 1.20003 1.99321 1.52691 -1.7794 -1.11086 0.606549 0.0662777 -1.38233 -1.96054 -1.13132 -0.4772 
1.08596 -1.88381 -1.63206 1.19834 1.99799 1.52911 -1.7814 -1.11086 0.606549 0.0662777 -1.38233 -1.96054 -1.13132 -0.4772 
1.08859 -1.88123 -1.62885 1.19901 2.00143 1.52752 -1.78366 -1.11086 0.606549 0.0662777 -1.38233 -1.96054 -1.13132 -0.4772 
1.08968 -1.87794 -1.62545 1.19583 2.00763 1.5304 -1.78737 -1.11086 0.606549 0.0662777 -1.38233 -1.96054 -1.13132 -0.4772 
1.08909 -1.87634 -1.62365 1.19161 2.01322 1.53569 -1.79008 -1.11086 0.606549 0.0662777 -1.38233 -1.96054 -1.13132 -0.4772 
1.09104 -1.87384 -1.62062 1.19107 2.01755 1.53552 -1.79173 -1.11086 0.606549 0.0662777 -1.38233 -1.96054 -1.13132 -0.4772 
1.09241 -1.87176 -1.61803 1.18998 2.02181 1.53657 -1.79357 -1.11086 0.606549 0.0662777 -1.38233 -1.96054 -1.13132 -0.4772 
1.09151 -1.87064 -1.61691 1.18626 2.02645 1.54175 -1.7955 -1.11086 0.606549 0.0662777 -1.38233 -1.96054 -1.13132 -0.4772 
1.09209 -1.86793 -1.614 1.18312 2.032 1.54513 -1.79954 -1.11086 0.606549 0.0662777 -1.38233 -1.96054 -1.13132 -0.4772 
1.09164 -1.86686 -1.61266 1.18002 2.03623 1.54968 -1.8017 -1.11086 0.606549 0.0662777 -1.38233 -1.96054 -1.13132 -0.4772 
1.09276 -1.86254 -1.60868 1.17594 2.04409 1.55307 -1.80538 -1.11086 0.606549 0.0662777 -1.38233 -1.96054 -1.13132 -0.4772 
1.09309 -1.86108 -1.60693 1.17407 2.04833 1.55579 -1.80581 -1.11086 0.606549 0.0662777 -1.38233 -1.96054 -1.13132 -0.4772 
1.09412 -1.85986 -1.60502 1.17358 2.05125 1.55641 -1.80692 -1.11086 0.606549 0.0662777 -1.38233 -1.96054 -1.13132 -0.4772 
1.09327 -1.85766 -1.60341 1.16861 2.05665 1.56214 -1.81064 -1.11086 0.606549 0.0662777 -1.38233 -1.96054 -1.13132 -0.4772 
1.09144 -1.85537 -1.6013 1.16182 2.0644 1.57064 -1.81384 -1.11086 0.606549 0.0662777 -1.38233 -1.96054 -1.13132 -0.4772 
1.09029 -1.85252 -1.59885 1.15549 2.07105 1.57707 -1.81854 -1.11086 0.606549 0.0662777 -1.38233 -1.96054 -1.13132 -0.4772 
1.09152 -1.85281 -1.59836 1.15742 2.07091 1.57546 -1.81782 -1.11086 0.606549 0.0662777 -1.38233 -1.96054 -1.13132 -0.4772 
1.09065 -1.85269 -1.59804 1.15526 2.0731 1.57889 -1.81832 -1.11086 0.606549 0.0662777 -1.38233 -1.96054 -1.13132 -0.4772 
1.09109 -1.84718 -1.59376 1.1492 2.08296 1.58376 -1.82167 -1.11086 0.606549 0.0662777 -1.38233 -1.96054 -1.13132 -0.4772 
1.09177 -1.84585 -1.59255 1.14874 2.08516 1.58372 -1.82104 -1.11086 0.606549 0.0662777 -1.38233 -1.96054 -1.13132 -0.4772 
1.09122 -1.8454 -1.59195 1.14732 2.08704 1.58574 -1.82067 -1.11086 0.606549 0.0662777 -1.38233 -1.96054 -1.13132 -0.4772 
1.09046 -1.84622 -1.59293 1.14681 2.08621 1.58675 -1.82081 -1.11086 0.606549 0.0662777 -1.38233 -1.96054 -1.13132 -0.4772 
1.08971 -1.84592 -1.59283 1.14522 2.08712 1.58861 -1.82103 -1.11086 0.606549 0.0662777 -1.38233 -1.96054 -1.13132 -0.4772 
1.0914 -1.8427 -1.59034 1.14445 2.09026 1.58749 -1.82297 -1.11086 0.606549 0.0662777 -1.38233 -1.96054 -1.13132 -0.4772 
1.09945 -1.83994 -1.58844 1.15927 2.08572 1.56997 -1.81741 -1.11086 0.606549 0.0662777 -1.38233 -1.96054 -1.13132 -0.4772 
1.09959 -1.83844 -1.58746 1.1579 2.08753 1.57039 -1.81884 -1.11086 0.606549 0.0662777 -1.38233 -1.96054 -1.13132 -0.4772 
1.09937 -1.83743 -1.58669 1.15655 2.08957 1.57148 -1.81956 -1.11086 0.606549 0.0662777 -1.38233 -1.96054 -1.13132 -0.4772 
1.09892 -1.83732 -1.58673 1.15515 2.09044 1.57325 -1.82066 -1.11086 0.606549 0.0662777 -1.38233 -1.96054 -1.13132 -0.4772 
1.09857 -1.83734 -1.58701 1.15482 2.0904 1.57408 -1.82085 -1.11086 0.606549 0.0662777 -1.38233 -1.96054 -1.13132 -0.4772 
1.09845 -1.8388 -1.58824 1.15636 2.0882 1.57279 -1.81892 -1.11086 0.606549 0.0662777 -1.38233 -1.96054 -1.13132 -0.4772 
1.10022 -1.8356 -1.58554 1.15633 2.09141 1.57105 -1.8202 -1.11086 0.606549 0.0662777 -1.38233 -1.96054 -1.13132 -0.4772 
1.10118 -1.83657 -1.58589 1.1591 2.08896 1.56762 -1.81897 -1.11086 0.606549 0.0662777 -1.38233 -1.96054 -1.13132 -0.4772 
1.10043 -1.8352 -1.58512 1.1563 2.09194 1.57053 -1.82078 -1.11086 0.606549 0.0662777 -1.38233 -1.96054 -1.13132 -0.4772 
1.09924 -1.83721 -1.58717 1.15679 2.08946 1.57132 -1.81981 -1.11086 0.606549 0.0662777 -1.38233 -1.96054 -1.13132 -0.4772 
1.09927 -1.83503 -1.58534 1.15399 2.09331 1.57346 -1.82179 -1.11086 0.606549 0.0662777 -1.38233 -1.96054 -1.13132 -0.4772 
1.09923 -1.8363 -1.58606 1.15463 2.09213 1.57335 -1.82083 -1.11086 0.606549 0.0662777 -1.38233 -1.96054 -1.13132 -0.4772 
1.10003 -1.83323 -1.58377 1.15331 2.09543 1.57337 -1.82346 -1.11086 0.606549 0.0662777 -1.38233 -1.96054 -1.13132 -0.4772 
1.09976 -1.83582 -1.58553 1.15549 2.09216 1.57181 -1.82068 -1.11086 0.606549 0.0662777 -1.38233 -1.96054 -1.13132 -0.4772 
1.10044 -1.83373 -1.58375 1.15413 2.09497 1.57228 -1.82261 -1.11086 0.606549 0.0662777 -1.38233 -1.96054 -1.13132 -0.4772 
1.09894 -1.83654 -1.58642 1.15492 2.09155 1.57324 -1.82041 -1.11086 0.606549 0.0662777 -1.38233 -1.96054 -1.13132 -0.4772 
1.0976 -1.83736 -1.58743 1.15335 2.09105 1.5759 -1.82104 -1.11086 0.606549 0.0662777 -1.38233 -1.96054 -1.13132 -0.4772 
1.09906 -1.83565 -1.58585 1.15423 2.09243 1.57383 -1.82131 -1.11086 0.606549 0.0662777 -1.38233 -1.96054 -1.13132 -0.4772 
1.10087 -1.83395 -1.58427 1.15519 2.09342 1.57129 -1.82176 -1.11086 0.606549 0.0662777 -1.38233 -1.96054 -1.13132 -0.4772 
1.10111 -1.83847 -1.58743 1.16094 2.08572 1.56679 -1.81829 -1.11086 0.606549 0.0662777 -1.38233 -1.96054 -1.13132 -0.4772 
1.1017 -1.83729 -1.5862 1.16086 2.08698 1.56617 -1.81856 -1.11086 0.606549 0.0662777 -1.38233 -1.96054 -1.13132 -0.4772 
1.10148 -1.83687 -1.58583 1.16027 2.08785 1.56672 -1.81886 -1.11086 0.606549 0.0662777 -1.38233 -1.96054 -1.13132 -0.4772 
1.10095 -1.83654 -1.67281 1.32727 1.97383 1.19661 -1.22934 -1.11086 0.606549 0.0662777 -1.38233 -1.96054 -1.13132 -0.4772 
