1.01642 -1.91841 -1.79348 1.2598 -1.05699 -1.16884 2.00922 -1.77071 1.79062 -1.08829 1.59069 2.06007 0.721737 -2.04941 
1.02761 -1.91548 -1.78924 1.27514 -1.05783 -1.15465 2.00918 -1.77127 1.79068 -1.08914 1.59197 2.05954 0.719834 -2.046 
1.02351 -1.9133 -1.78929 1.26564 -1.0583 -1.15587 2.003 -1.75304 1.79967 -1.05831 1.56575 2.0637 0.774955 -2.17977 
1.01932 -1.91147 -1.78932 1.2556 -1.05737 -1.16231 1.9938 -1.75291 1.78639 -1.06013 1.55956 2.06382 0.790492 -2.1825 
1.01674 -1.91196 -1.79028 1.24954 -1.05651 -1.17003 1.98837 -1.75041 1.77773 -1.05834 1.55091 2.06726 0.806866 -2.19039 
1.01604 -1.91529 -1.79309 1.25236 -1.05876 -1.16979 1.99642 -1.75116 1.77363 -1.06115 1.54854 2.07098 0.808107 -2.17274 
1.02 -1.91684 -1.79349 1.26051 -1.05841 -1.16689 2.00429 -1.74575 1.77191 -1.05572 1.5388 2.07028 0.823824 -2.20565 
1.02659 -1.91967 -1.79437 1.2748 -1.05969 -1.16234 2.0126 -1.74328 1.77184 -1.05377 1.53348 2.07161 0.830818 -2.21802 
1.03742 -1.92029 -1.79118 1.29302 -1.05875 -1.15381 2.01742 -1.73988 1.77214 -1.05136 1.52659 2.07602 0.838693 -2.22624 
1.04708 -1.92169 -1.79008 1.31209 -1.06063 -1.14342 2.02484 -1.74939 1.78315 -1.06271 1.54556 2.06825 0.799098 -2.17828 
1.05183 -1.92325 -1.78975 1.32197 -1.06078 -1.13997 2.0298 -1.73903 1.78454 -1.04873 1.529 2.07413 0.827896 -2.23738 
1.05675 -1.9241 -1.78871 1.33042 -1.06069 -1.13557 2.03415 -1.74096 1.77352 -1.05467 1.52738 2.07253 0.830109 -2.2192 
1.06052 -1.92393 -1.78729 1.33679 -1.05948 -1.13281 2.03674 -1.74152 1.78535 -1.05294 1.53205 2.07163 0.816752 -2.22137 
1.06544 -1.92464 -1.78665 1.34619 -1.06089 -1.12612 2.04118 -1.74118 1.78765 -1.05199 1.53139 2.07223 0.815433 -2.22366 
1.06643 -1.92613 -1.78761 1.3493 -1.0618 -1.12628 2.04297 -1.73641 1.78153 -1.04684 1.51985 2.07449 0.835244 -2.25028 
1.07177 -1.92897 -1.78874 1.36131 -1.06304 -1.12373 2.04917 -1.73688 1.77743 -1.04922 1.51752 2.07566 0.836641 -2.24016 
1.0791 -1.92926 -1.78652 1.37371 -1.06151 -1.11822 2.05444 -1.73304 1.79204 -1.04012 1.51448 2.07776 0.835717 -2.27191 
1.08303 -1.93211 -1.78723 1.38334 -1.06141 -1.11763 2.06052 -1.73267 1.78731 -1.04276 1.51115 2.07948 0.836834 -2.25997 
1.0871 -1.93362 -1.78681 1.39171 -1.0603 -1.11757 2.06366 -1.73403 1.78415 -1.04549 1.50958 2.08013 0.835668 -2.2472 
1.09026 -1.93576 -1.78694 1.39943 -1.06036 -1.11693 2.06741 -1.73407 1.79123 -1.0416 1.51054 2.08143 0.833012 -2.2561 
1.08933 -1.93882 -1.7888 1.40113 -1.06 -1.12159 2.07082 -1.73277 1.79506 -1.0365 1.50901 2.0827 0.836208 -2.27265 
1.08509 -1.94105 -1.79065 1.39595 -1.0569 -1.13209 2.07181 -1.73238 1.79819 -1.03158 1.51141 2.07437 0.837496 -2.30631 
1.28275 -1.96699 -1.88399 1.9152 -1.28828 -0.780687 2.34485 -1.73267 1.79609 -1.03461 1.51043 2.07812 0.836442 -2.28993 
1.12233 -1.9314 -1.78673 1.46579 -1.0738 -1.07295 2.09613 -1.59056 1.67532 -1.03904 1.28039 2.18918 1.0708 -2.29661 
