1.01827 -1.91982 -1.79137 1.26335 -1.06017 -1.17452 2.01056 -1.11007 0.610447 0.0654194 -1.37338 -1.9629 -1.13369 -0.471729 
1.01868 -1.91507 -1.78627 1.25567 -1.05604 -1.17508 1.99945 -1.11086 0.606554 0.0662767 -1.38232 -1.96054 -1.13132 -0.477194 
1.01585 -1.91695 -1.78951 1.25479 -1.05905 -1.17612 2.00196 -0.916292 0.613788 -0.233976 -1.38597 -1.80933 -1.24226 -0.51779 
1.01565 -1.91377 -1.78873 1.25096 -1.05957 -1.17597 1.993 -0.916632 0.615944 -0.233972 -1.38234 -1.80948 -1.24292 -0.516294 
1.01369 -1.91476 -1.79082 1.24811 -1.06114 -1.17908 1.99132 -0.916633 0.615947 -0.233972 -1.38233 -1.80948 -1.24292 -0.51629 
1.01306 -1.91702 -1.79297 1.24966 -1.06287 -1.17879 1.99668 -0.916633 0.615947 -0.233972 -1.38233 -1.80948 -1.24292 -0.51629 
1.01662 -1.91814 -1.79338 1.25688 -1.06261 -1.1763 2.00342 -0.916633 0.615947 -0.233972 -1.38233 -1.80948 -1.24292 -0.51629 
1.02405 -1.91968 -1.79351 1.27183 -1.06502 -1.16804 2.00994 -0.916633 0.615947 -0.233972 -1.38233 -1.80948 -1.24292 -0.51629 
1.0331 -1.92222 -1.7927 1.29012 -1.0657 -1.16052 2.01904 -0.916633 0.615947 -0.233972 -1.38233 -1.80948 -1.24292 -0.51629 
1.0363 -1.92197 -1.79091 1.29439 -1.06228 -1.16203 2.01956 -0.730244 0.658654 -0.532961 -1.38808 -1.65825 -1.36472 -0.541324 
