1.1084 -1.87414 -1.67993 1.4557 -1.18529 -1.14365 2.13396 -1.1103 0.609337 0.0656645 -1.37593 -1.96223 -1.13301 -0.473288 
1.09203 -1.85703 -1.68038 1.42449 -1.18639 -1.14002 2.10528 -1.11086 0.606551 0.0662772 -1.38233 -1.96054 -1.13132 -0.477197 
1.09232 -1.85805 -1.68094 1.42532 -1.19039 -1.13557 2.1066 -1.11086 0.606549 0.0662777 -1.38233 -1.96054 -1.13132 -0.4772 
1.09098 -1.85838 -1.68068 1.42168 -1.18713 -1.14235 2.10224 -1.11086 0.606549 0.0662777 -1.38233 -1.96054 -1.13132 -0.4772 
1.09436 -1.8552 -1.67823 1.42123 -1.18503 -1.14218 2.09412 -1.11086 0.606549 0.0662777 -1.38233 -1.96054 -1.13132 -0.4772 
1.09998 -1.85383 -1.6764 1.42404 -1.18596 -1.13891 2.0886 -1.11086 0.606549 0.0662777 -1.38233 -1.96054 -1.13132 -0.4772 
1.10714 -1.85339 -1.67328 1.43033 -1.18353 -1.13844 2.0856 -1.11086 0.606549 0.0662777 -1.38233 -1.96054 -1.13132 -0.4772 
1.11317 -1.85355 -1.67151 1.43775 -1.1839 -1.13611 2.08361 -1.11086 0.606549 0.0662777 -1.38233 -1.96054 -1.13132 -0.4772 
1.11617 -1.85403 -1.67036 1.44118 -1.18208 -1.13817 2.08193 -1.11086 0.606549 0.0662777 -1.38233 -1.96054 -1.13132 -0.4772 
1.11819 -1.85553 -1.67043 1.44483 -1.1827 -1.13837 2.08306 -1.11086 0.606549 0.0662777 -1.38233 -1.96054 -1.13132 -0.4772 
1.12043 -1.85587 -1.66934 1.44761 -1.18253 -1.13777 2.08223 -1.11086 0.606549 0.0662777 -1.38233 -1.96054 -1.13132 -0.4772 
1.12264 -1.85523 -1.66742 1.44932 -1.18077 -1.13782 2.08069 -1.11086 0.606549 0.0662777 -1.38233 -1.96054 -1.13132 -0.4772 
1.12331 -1.85618 -1.66706 1.45018 -1.18024 -1.13929 2.07979 -1.11086 0.606549 0.0662777 -1.38233 -1.96054 -1.13132 -0.4772 
1.12387 -1.85641 -1.66809 1.4519 -1.18195 -1.13766 2.08187 -1.11086 0.606549 0.0662777 -1.38233 -1.96054 -1.13132 -0.4772 
1.12554 -1.85624 -1.6677 1.45429 -1.18308 -1.13528 2.08196 -1.11086 0.606549 0.0662777 -1.38233 -1.96054 -1.13132 -0.4772 
1.12708 -1.85705 -1.66689 1.45572 -1.18168 -1.13725 2.0811 -1.11086 0.606549 0.0662777 -1.38233 -1.96054 -1.13132 -0.4772 
1.1298 -1.85676 -1.66511 1.45731 -1.17947 -1.13903 2.0779 -1.11086 0.606549 0.0662777 -1.38233 -1.96054 -1.13132 -0.4772 
1.13206 -1.85758 -1.66436 1.45986 -1.17816 -1.1404 2.07798 -1.11086 0.606549 0.0662777 -1.38233 -1.96054 -1.13132 -0.4772 
1.13399 -1.85746 -1.6635 1.46222 -1.17728 -1.14095 2.0768 -1.11086 0.606549 0.0662777 -1.38233 -1.96054 -1.13132 -0.4772 
1.13437 -1.85794 -1.66381 1.46378 -1.17849 -1.13947 2.07765 -1.11086 0.606549 0.0662777 -1.38233 -1.96054 -1.13132 -0.4772 
1.13465 -1.85738 -1.66407 1.4643 -1.18004 -1.13739 2.0774 -1.11086 0.606549 0.0662777 -1.38233 -1.96054 -1.13132 -0.4772 
1.13471 -1.8578 -1.66384 1.46433 -1.17978 -1.13748 2.07815 -1.11086 0.606549 0.0662777 -1.38233 -1.96054 -1.13132 -0.4772 
1.13459 -1.85859 -1.66366 1.46441 -1.17962 -1.13807 2.07839 -1.11086 0.606549 0.0662777 -1.38233 -1.96054 -1.13132 -0.4772 
1.13416 -1.85904 -1.66408 1.46387 -1.17927 -1.13907 2.07885 -1.11086 0.606549 0.0662777 -1.38233 -1.96054 -1.13132 -0.4772 
1.13438 -1.85909 -1.66321 1.46344 -1.17817 -1.14017 2.07795 -1.11086 0.606549 0.0662777 -1.38233 -1.96054 -1.13132 -0.4772 
1.13483 -1.85817 -1.66326 1.4639 -1.17834 -1.13887 2.07772 -1.11086 0.606549 0.0662777 -1.38233 -1.96054 -1.13132 -0.4772 
1.13359 -1.8592 -1.66385 1.46276 -1.17812 -1.14097 2.07773 -1.11086 0.606549 0.0662777 -1.38233 -1.96054 -1.13132 -0.4772 
1.13564 -1.85806 -1.66367 1.46562 -1.18087 -1.13552 2.07816 -1.11086 0.606549 0.0662777 -1.38233 -1.96054 -1.13132 -0.4772 
1.13545 -1.85818 -1.6635 1.4651 -1.18004 -1.13676 2.07799 -1.11086 0.606549 0.0662777 -1.38233 -1.96054 -1.13132 -0.4772 
1.13574 -1.85783 -1.66376 1.46558 -1.18115 -1.13524 2.07754 -1.11086 0.606549 0.0662777 -1.38233 -1.96054 -1.13132 -0.4772 
1.13544 -1.85757 -1.66356 1.46474 -1.18067 -1.13607 2.07615 -1.11086 0.606549 0.0662777 -1.38233 -1.96054 -1.13132 -0.4772 
1.13621 -1.85651 -1.6625 1.46449 -1.17926 -1.13625 2.07476 -1.11086 0.606549 0.0662777 -1.38233 -1.96054 -1.13132 -0.4772 
1.13552 -1.85707 -1.66271 1.46386 -1.17872 -1.13791 2.07428 -1.11086 0.606549 0.0662777 -1.38233 -1.96054 -1.13132 -0.4772 
1.13553 -1.85736 -1.66356 1.46468 -1.1807 -1.13641 2.0755 -1.11086 0.606549 0.0662777 -1.38233 -1.96054 -1.13132 -0.4772 
1.13484 -1.85826 -1.66397 1.46434 -1.18123 -1.13716 2.07557 -1.11086 0.606549 0.0662777 -1.38233 -1.96054 -1.13132 -0.4772 
1.13549 -1.85764 -1.66379 1.46472 -1.18122 -1.13633 2.07551 -1.11086 0.606549 0.0662777 -1.38233 -1.96054 -1.13132 -0.4772 
1.13462 -1.85901 -1.66444 1.4645 -1.1818 -1.13739 2.07624 -1.11086 0.606549 0.0662777 -1.38233 -1.96054 -1.13132 -0.4772 
1.13563 -1.85689 -1.66329 1.46456 -1.18065 -1.13606 2.07483 -1.11086 0.606549 0.0662777 -1.38233 -1.96054 -1.13132 -0.4772 
1.13531 -1.85712 -1.66306 1.46379 -1.17939 -1.13761 2.07471 -1.11086 0.606549 0.0662777 -1.38233 -1.96054 -1.13132 -0.4772 
1.13635 -1.85646 -1.66307 1.4656 -1.1811 -1.13432 2.07572 -1.11086 0.606549 0.0662777 -1.38233 -1.96054 -1.13132 -0.4772 
1.13528 -1.85779 -1.6637 1.46503 -1.18094 -1.1365 2.07623 -1.11086 0.606549 0.0662777 -1.38233 -1.96054 -1.13132 -0.4772 
1.1351 -1.85808 -1.66387 1.465 -1.18138 -1.13656 2.07639 -1.11086 0.606549 0.0662777 -1.38233 -1.96054 -1.13132 -0.4772 
1.13413 -1.85893 -1.66415 1.46385 -1.1799 -1.1391 2.07765 -1.11086 0.606549 0.0662777 -1.38233 -1.96054 -1.13132 -0.4772 
1.13478 -1.85819 -1.6634 1.46389 -1.17876 -1.13904 2.07761 -1.11086 0.606549 0.0662777 -1.38233 -1.96054 -1.13132 -0.4772 
1.134 -1.85785 -1.66272 1.46173 -1.17603 -1.14223 2.07607 -1.11086 0.606549 0.0662777 -1.38233 -1.96054 -1.13132 -0.4772 
1.13353 -1.85916 -1.66377 1.46261 -1.17773 -1.14182 2.07761 -1.11086 0.606549 0.0662777 -1.38233 -1.96054 -1.13132 -0.4772 
1.13441 -1.85755 -1.66263 1.46217 -1.17658 -1.14151 2.07501 -1.11086 0.606549 0.0662777 -1.38233 -1.96054 -1.13132 -0.4772 
1.13433 -1.85777 -1.6632 1.46309 -1.17791 -1.14008 2.07634 -1.11086 0.606549 0.0662777 -1.38233 -1.96054 -1.13132 -0.4772 
1.13429 -1.85854 -1.66368 1.46344 -1.17869 -1.13977 2.07859 -1.11086 0.606549 0.0662777 -1.38233 -1.96054 -1.13132 -0.4772 
1.13541 -1.85806 -1.66347 1.46524 -1.1803 -1.13682 2.07898 -1.11086 0.606549 0.0662777 -1.38233 -1.96054 -1.13132 -0.4772 
1.13646 -1.85656 -1.66249 1.46541 -1.17945 -1.13557 2.07738 -1.11086 0.606549 0.0662777 -1.38233 -1.96054 -1.13132 -0.4772 
1.13573 -1.857 -1.66243 1.46439 -1.17864 -1.13747 2.07655 -1.11086 0.606549 0.0662777 -1.38233 -1.96054 -1.13132 -0.4772 
1.13519 -1.85799 -1.66371 1.4652 -1.18102 -1.13645 2.07809 -1.11086 0.606549 0.0662777 -1.38233 -1.96054 -1.13132 -0.4772 
1.13523 -1.85726 -1.6631 1.46415 -1.17942 -1.13775 2.07719 -1.11086 0.606549 0.0662777 -1.38233 -1.96054 -1.13132 -0.4772 
1.13445 -1.85838 -1.66395 1.46398 -1.17981 -1.1389 2.07823 -1.11086 0.606549 0.0662777 -1.38233 -1.96054 -1.13132 -0.4772 
1.13571 -1.85639 -1.66266 1.46443 -1.17931 -1.13676 2.07623 -1.11086 0.606549 0.0662777 -1.38233 -1.96054 -1.13132 -0.4772 
1.13571 -1.85668 -1.66303 1.46472 -1.18022 -1.13608 2.07692 -1.11086 0.606549 0.0662777 -1.38233 -1.96054 -1.13132 -0.4772 
1.13613 -1.85549 -1.66204 1.46447 -1.1789 -1.13616 2.0753 -1.11086 0.606549 0.0662777 -1.38233 -1.96054 -1.13132 -0.4772 
1.13507 -1.85717 -1.66299 1.46419 -1.17928 -1.13798 2.07654 -1.11086 0.606549 0.0662777 -1.38233 -1.96054 -1.13132 -0.4772 
1.13505 -1.85782 -1.66348 1.4645 -1.17969 -1.13806 2.07753 -1.11086 0.606549 0.0662777 -1.38233 -1.96054 -1.13132 -0.4772 
1.13466 -1.86152 -1.66416 1.46749 -1.18049 -1.13817 2.08601 -1.11086 0.606549 0.0662777 -1.38233 -1.96054 -1.13132 -0.4772 
1.13273 -1.86914 -1.66497 1.47076 -1.1776 -1.1429 2.10369 -1.11086 0.606549 0.0662777 -1.38233 -1.96054 -1.13132 -0.4772 
1.12985 -1.87763 -1.66578 1.47323 -1.17359 -1.1491 2.12362 -1.11086 0.606549 0.0662777 -1.38233 -1.96054 -1.13132 -0.4772 
1.12581 -1.88804 -1.66867 1.4764 -1.17148 -1.15452 2.14974 -1.11086 0.606549 0.0662777 -1.38233 -1.96054 -1.13132 -0.4772 
1.12024 -1.89915 -1.67137 1.47815 -1.16752 -1.16196 2.17863 -1.11086 0.606549 0.0662777 -1.38233 -1.96054 -1.13132 -0.4772 
1.11289 -1.91117 -1.67485 1.47808 -1.16208 -1.172 2.21001 -1.11086 0.606549 0.0662777 -1.38233 -1.96054 -1.13132 -0.4772 
1.10509 -1.92177 -1.67717 1.47661 -1.15402 -1.18213 2.24267 -1.11086 0.606549 0.0662777 -1.38233 -1.96054 -1.13132 -0.4772 
1.09457 -1.93585 -1.6826 1.47556 -1.14898 -1.19186 2.28469 -1.11086 0.606549 0.0662777 -1.38233 -1.96054 -1.13132 -0.4772 
1.08652 -1.94654 -1.68533 1.47493 -1.14278 -1.19722 2.32319 -1.11086 0.606549 0.0662777 -1.38233 -1.96054 -1.13132 -0.4772 
1.07544 -1.95721 -1.68897 1.46939 -1.13327 -1.20906 2.36014 -1.11086 0.606549 0.0662777 -1.38233 -1.96054 -1.13132 -0.4772 
1.06358 -1.96699 -1.69178 1.46271 -1.12597 -1.22352 2.39623 -1.11086 0.606549 0.0662777 -1.38233 -1.96054 -1.13132 -0.4772 
1.05191 -1.96699 -1.68287 1.45539 -1.13297 -1.24862 2.43792 -1.11086 0.606549 0.0662777 -1.38233 -1.96054 -1.13132 -0.4772 
1.04097 -1.96699 -1.67436 1.44922 -1.14022 -1.26993 2.4794 -1.11086 0.606549 0.0662777 -1.38233 -1.96054 -1.13132 -0.4772 
1.03251 -1.96699 -1.67139 1.44161 -1.14079 -1.28092 2.50337 -1.11086 0.606549 0.0662777 -1.38233 -1.96054 -1.13132 -0.4772 
1.02407 -1.96699 -1.67119 1.43145 -1.1376 -1.29111 2.5167 -1.11086 0.606549 0.0662777 -1.38233 -1.96054 -1.13132 -0.4772 
1.01994 -1.96696 -1.67129 1.42611 -1.13452 -1.29203 2.52458 -1.11086 0.606549 0.0662777 -1.38233 -1.96054 -1.13132 -0.4772 
1.01624 -1.96699 -1.6714 1.42485 -1.1427 -1.29286 2.53028 -1.11086 0.606549 0.0662777 -1.38233 -1.96054 -1.13132 -0.4772 
1.01701 -1.96699 -1.67177 1.42701 -1.14959 -1.28906 2.52504 -1.11086 0.606549 0.0662777 -1.38233 -1.96054 -1.13132 -0.4772 
1.01943 -1.96484 -1.66987 1.42669 -1.15182 -1.28851 2.50823 -1.11086 0.606549 0.0662777 -1.38233 -1.96054 -1.13132 -0.4772 
1.0191 -1.96518 -1.67154 1.42474 -1.15729 -1.29447 2.48429 -1.11086 0.606549 0.0662777 -1.38233 -1.96054 -1.13132 -0.4772 
