0.651836 -0.966714 -0.256854 1.48363 -2.47493 -1.91598 1.35325 -1.84811 1.46175 -1.45294 1.53518 2.81289 0.529367 -2.67623 
0.651431 -0.969035 -0.256913 1.47861 -2.47511 -1.91374 1.35164 -1.85681 1.45638 -1.45156 1.54592 2.79697 0.523288 -2.69427 
0.65143 -0.969038 -0.256913 1.4786 -2.47511 -1.91374 1.35164 -1.86016 1.45232 -1.44826 1.5517 2.78744 0.517104 -2.70589 
0.65143 -0.969038 -0.256913 1.4786 -2.47511 -1.91374 1.35164 -1.85447 1.4448 -1.44654 1.54501 2.77453 0.528168 -2.72328 
0.65143 -0.969038 -0.256913 1.4786 -2.47511 -1.91374 1.35164 -1.84613 1.42583 -1.45171 1.53627 2.7644 0.539202 -2.72763 
0.65143 -0.969038 -0.256913 1.4786 -2.47511 -1.91374 1.35164 -1.83535 1.41269 -1.45532 1.52372 2.75697 0.556247 -2.73337 
0.65143 -0.969038 -0.256913 1.4786 -2.47511 -1.91374 1.35164 -1.82466 1.38825 -1.4653 1.51278 2.74869 0.569522 -2.72947 
0.65143 -0.969038 -0.256913 1.4786 -2.47511 -1.91374 1.35164 -1.81313 1.36314 -1.47798 1.50051 2.74972 0.583528 -2.71008 
0.65143 -0.969038 -0.256913 1.4786 -2.47511 -1.91374 1.35164 -1.80148 1.34109 -1.4869 1.49009 2.73638 0.596335 -2.7148 
0.65143 -0.969038 -0.256913 1.4786 -2.47511 -1.91374 1.35164 -1.78954 1.32171 -1.49689 1.47973 2.73041 0.608729 -2.70936 
0.65143 -0.969038 -0.256913 1.4786 -2.47511 -1.91374 1.35164 -1.77627 1.30657 -1.50635 1.46714 2.72738 0.622503 -2.70253 
0.65143 -0.969038 -0.256913 1.4786 -2.47511 -1.91374 1.35164 -1.75929 1.2803 -1.52216 1.44759 2.72703 0.647643 -2.68314 
0.65143 -0.969038 -0.256913 1.4786 -2.47511 -1.91374 1.35164 -1.74591 1.25677 -1.53734 1.43733 2.7219 0.656086 -2.66733 
0.65143 -0.969038 -0.256913 1.4786 -2.47511 -1.91374 1.35164 -1.73169 1.2474 -1.54603 1.42249 2.72568 0.670952 -2.65334 
0.65143 -0.969038 -0.256913 1.4786 -2.47511 -1.91374 1.35164 -1.72175 1.24313 -1.55021 1.41481 2.71915 0.677243 -2.65919 
0.65143 -0.969038 -0.256913 1.4786 -2.47511 -1.91374 1.35164 -1.71511 1.23628 -1.55621 1.41019 2.71688 0.679812 -2.65438 
0.65143 -0.969038 -0.256913 1.4786 -2.47511 -1.91374 1.35164 -1.71114 1.23179 -1.56009 1.40733 2.71303 0.682932 -2.65528 
0.65143 -0.969038 -0.256913 1.4786 -2.47511 -1.91374 1.35164 -1.71093 1.23611 -1.55882 1.40694 2.71436 0.682597 -2.657 
0.65143 -0.969038 -0.256913 1.4786 -2.47511 -1.91374 1.35164 -1.71385 1.24409 -1.5561 1.41041 2.71974 0.676667 -2.65402 
0.65143 -0.969038 -0.256913 1.4786 -2.47511 -1.91374 1.35164 -1.71542 1.24995 -1.55269 1.41096 2.72016 0.675791 -2.65976 
0.65143 -0.969038 -0.256913 1.4786 -2.47511 -1.91374 1.35164 -1.71609 1.25291 -1.55148 1.40939 2.72493 0.678732 -2.65609 
0.65143 -0.969038 -0.256913 1.4786 -2.47511 -1.91374 1.35164 -1.71553 1.2487 -1.55357 1.40694 2.72667 0.683144 -2.65015 
0.65143 -0.969038 -0.256913 1.4786 -2.47511 -1.91374 1.35164 -1.71513 1.24576 -1.5539 1.40708 2.72143 0.683783 -2.65602 
0.65143 -0.969038 -0.256913 1.4786 -2.47511 -1.91374 1.35164 -1.84615 1.45336 -1.45075 1.53353 2.78785 0.537591 -2.72151 
0.65143 -0.969038 -0.256913 1.4786 -2.47511 -1.91374 1.35164 -1.8542 1.45437 -1.44655 1.54258 2.78285 0.529542 -2.72867 
0.65143 -0.969038 -0.256913 1.4786 -2.47511 -1.91374 1.35164 -1.85684 1.44795 -1.447 1.54466 2.78291 0.52918 -2.72484 
0.65143 -0.969038 -0.256913 1.4786 -2.47511 -1.91374 1.35164 -1.85317 1.43615 -1.4507 1.54163 2.78044 0.532183 -2.72115 
0.65143 -0.969038 -0.256913 1.4786 -2.47511 -1.91374 1.35164 -1.84565 1.41518 -1.45876 1.53362 2.77536 0.541591 -2.71524 
0.65143 -0.969038 -0.256913 1.4786 -2.47511 -1.91374 1.35164 -1.83523 1.3975 -1.46325 1.5227 2.75797 0.557675 -2.73186 
0.65143 -0.969038 -0.256913 1.4786 -2.47511 -1.91374 1.35164 -1.82399 1.37763 -1.47198 1.51008 2.75413 0.574386 -2.72546 
0.65143 -0.969038 -0.256913 1.4786 -2.47511 -1.91374 1.35164 -1.81311 1.35707 -1.48273 1.49931 2.75285 0.585821 -2.7124 
0.65143 -0.969038 -0.256913 1.4786 -2.47511 -1.91374 1.35164 -1.80033 1.33752 -1.49084 1.48652 2.74222 0.602747 -2.71603 
0.65143 -0.969038 -0.256913 1.4786 -2.47511 -1.91374 1.35164 -1.7883 1.32146 -1.49785 1.47651 2.73318 0.614422 -2.71868 
0.65143 -0.969038 -0.256913 1.4786 -2.47511 -1.91374 1.35164 -1.77373 1.30024 -1.51134 1.46202 2.73517 0.630916 -2.6987 
0.65143 -0.969038 -0.256913 1.4786 -2.47511 -1.91374 1.35164 -1.75732 1.28005 -1.52403 1.4424 2.73454 0.656343 -2.68523 
0.65143 -0.969038 -0.256913 1.4786 -2.47511 -1.91374 1.35164 -1.74669 1.26443 -1.53591 1.43705 2.73021 0.65648 -2.6734 
0.65143 -0.969038 -0.256913 1.4786 -2.47511 -1.91374 1.35164 -1.73083 1.24683 -1.5497 1.41968 2.73512 0.675874 -2.64966 
0.65143 -0.969038 -0.256913 1.4786 -2.47511 -1.91374 1.35164 -1.72332 1.23015 -1.55772 1.41961 2.72094 0.671969 -2.65305 
0.65143 -0.969038 -0.256913 1.4786 -2.47511 -1.91374 1.35164 -1.71815 1.23522 -1.55829 1.41667 2.71838 0.670714 -2.65942 
0.65143 -0.969038 -0.256913 1.4786 -2.47511 -1.91374 1.35164 -1.71392 1.23684 -1.55908 1.41171 2.71798 0.676306 -2.66208 
0.65143 -0.969038 -0.256913 1.4786 -2.47511 -1.91374 1.35164 -1.71159 1.24324 -1.55706 1.40593 2.72312 0.683853 -2.66218 
0.65143 -0.969038 -0.256913 1.4786 -2.47511 -1.91374 1.35164 -1.71291 1.23087 -1.56232 1.40977 2.72088 0.679733 -2.65186 
0.65143 -0.969038 -0.256913 1.4786 -2.47511 -1.91374 1.35164 -1.7144 1.2436 -1.55693 1.40977 2.7247 0.677546 -2.65796 
0.65143 -0.969038 -0.256913 1.4786 -2.47511 -1.91374 1.35164 -1.71231 1.24219 -1.55828 1.40329 2.72858 0.687905 -2.6529 
0.65143 -0.969038 -0.256913 1.4786 -2.47511 -1.91374 1.35164 -1.71475 1.24974 -1.55306 1.40551 2.72689 0.68448 -2.66354 
0.65143 -0.969038 -0.256913 1.4786 -2.47511 -1.91374 1.35164 -1.7146 1.24869 -1.55399 1.40524 2.72809 0.684702 -2.66043 
0.65143 -0.969038 -0.256913 1.4786 -2.47511 -1.91374 1.35164 -1.84703 1.45161 -1.45283 1.53455 2.79311 0.536112 -2.72403 
0.65143 -0.969038 -0.256913 1.4786 -2.47511 -1.91374 1.35164 -1.85377 1.44593 -1.45063 1.54034 2.78612 0.532944 -2.73 
0.65143 -0.969038 -0.256913 1.4786 -2.47511 -1.91374 1.35164 -1.85701 1.4404 -1.45154 1.54401 2.78774 0.529484 -2.72342 
0.65143 -0.969038 -0.256913 1.4786 -2.47511 -1.91374 1.35164 -1.85373 1.43253 -1.45346 1.54181 2.78544 0.531015 -2.72212 
0.65143 -0.969038 -0.256913 1.4786 -2.47511 -1.91374 1.35164 -1.84522 1.4077 -1.46201 1.53158 2.77572 0.54507 -2.72166 
0.65143 -0.969038 -0.256913 1.4786 -2.47511 -1.91374 1.35164 -1.8349 1.40652 -1.45958 1.52171 2.76374 0.558412 -2.74259 
0.65143 -0.969038 -0.256913 1.4786 -2.47511 -1.91374 1.35164 -1.82514 1.38343 -1.47081 1.51215 2.76168 0.568952 -2.72937 
0.65143 -0.969038 -0.256913 1.4786 -2.47511 -1.91374 1.35164 -1.81301 1.35299 -1.48458 1.49955 2.75218 0.58516 -2.72191 
0.65143 -0.969038 -0.256913 1.4786 -2.47511 -1.91374 1.35164 -1.80037 1.33616 -1.49264 1.4858 2.74917 0.602736 -2.71633 
0.65143 -0.969038 -0.256913 1.4786 -2.47511 -1.91374 1.35164 -1.78941 1.32045 -1.50065 1.4779 2.74145 0.610339 -2.71543 
0.65143 -0.969038 -0.256913 1.4786 -2.47511 -1.91374 1.35164 -1.77566 1.30284 -1.51075 1.46456 2.73737 0.625985 -2.70882 
0.65143 -0.969038 -0.256913 1.4786 -2.47511 -1.91374 1.35164 -1.75784 1.27397 -1.52823 1.44449 2.73609 0.651407 -2.68822 
0.65143 -0.969038 -0.256913 1.4786 -2.47511 -1.91374 1.35164 -1.74571 1.25927 -1.53901 1.43606 2.73135 0.657494 -2.68018 
0.65143 -0.969038 -0.256913 1.4786 -2.47511 -1.91374 1.35164 -1.73181 1.24586 -1.54992 1.42212 2.73209 0.67155 -2.66619 
0.65143 -0.969038 -0.256913 1.4786 -2.47511 -1.91374 1.35164 -1.72125 1.23747 -1.55749 1.41383 2.73075 0.678321 -2.65874 
0.65143 -0.969038 -0.256913 1.4786 -2.47511 -1.91374 1.35164 -1.71552 1.23515 -1.56099 1.41045 2.72805 0.678396 -2.65841 
0.65143 -0.969038 -0.256913 1.4786 -2.47511 -1.91374 1.35164 -1.71256 1.22031 -1.56819 1.40978 2.72298 0.680496 -2.65149 
0.65143 -0.969038 -0.256913 1.4786 -2.47511 -1.91374 1.35164 -1.71021 1.23212 -1.56489 1.40349 2.73115 0.687013 -2.65103 
0.65143 -0.969038 -0.256913 1.4786 -2.47511 -1.91374 1.35164 -1.71346 1.24065 -1.56045 1.40842 2.73116 0.678053 -2.65784 
0.65143 -0.969038 -0.256913 1.4786 -2.47511 -1.91374 1.35164 -1.71561 1.24855 -1.55628 1.41097 2.73189 0.673429 -2.66386 
0.65143 -0.969038 -0.256913 1.4786 -2.47511 -1.91374 1.35164 -1.71352 1.24742 -1.55652 1.40447 2.73355 0.684802 -2.66343 
0.65143 -0.969038 -0.256913 1.4786 -2.47511 -1.91374 1.35164 -1.71513 1.2468 -1.55591 1.40689 2.73055 0.681045 -2.66714 
0.65143 -0.969038 -0.256913 1.4786 -2.47511 -1.91374 1.35164 -1.71365 1.24211 -1.55799 1.40416 2.72939 0.685955 -2.6658 
0.65143 -0.969038 -0.256913 1.4786 -2.47511 -1.91374 1.35164 -1.84688 1.44997 -1.45493 1.53377 2.79848 0.536354 -2.72771 
0.65143 -0.969038 -0.256913 1.4786 -2.47511 -1.91374 1.35164 -1.85939 1.45788 -1.4476 1.54681 2.79978 0.5233 -2.7296 
0.65143 -0.969038 -0.256913 1.4786 -2.47511 -1.91374 1.35164 -1.85901 1.44585 -1.44937 1.54654 2.79164 0.525563 -2.73438 
0.65143 -0.969038 -0.256913 1.4786 -2.47511 -1.91374 1.35164 -1.85464 1.43064 -1.4542 1.54389 2.784 0.527702 -2.73533 
0.65143 -0.969038 -0.256913 1.4786 -2.47511 -1.91374 1.35164 -1.84601 1.41346 -1.46171 1.53344 2.78594 0.540369 -2.72261 
0.65143 -0.969038 -0.256913 1.4786 -2.47511 -1.91374 1.35164 -1.83528 1.39132 -1.46967 1.52031 2.77671 0.558753 -2.72359 
0.65143 -0.969038 -0.256913 1.4786 -2.47511 -1.91374 1.35164 -1.82388 1.37366 -1.4762 1.50874 2.76823 0.573861 -2.72609 
0.65143 -0.969038 -0.256913 1.4786 -2.47511 -1.91374 1.35164 -1.81179 1.35351 -1.48513 1.49581 2.75948 0.590667 -2.72617 
0.65143 -0.969038 -0.256913 1.4786 -2.47511 -1.91374 1.35164 -1.79986 1.33673 -1.49318 1.48437 2.75319 0.604156 -2.72425 
0.65143 -0.969038 -0.256913 1.4786 -2.47511 -1.91374 1.35164 -1.78947 1.32396 -1.50034 1.47707 2.74851 0.610345 -2.72081 
0.65143 -0.969038 -0.256913 1.4786 -2.47511 -1.91374 1.35164 -1.77371 1.29608 -1.51641 1.45978 2.74759 0.632563 -2.70063 
0.65143 -0.969038 -0.256913 1.4786 -2.47511 -1.91374 1.35164 -1.75481 1.26625 -1.5336 1.43841 2.7429 0.660358 -2.68496 
0.65143 -0.969038 -0.256913 1.4786 -2.47511 -1.91374 1.35164 -1.7444 1.25517 -1.54287 1.4331 2.73831 0.661017 -2.67841 
0.65143 -0.969038 -0.256913 1.4786 -2.47511 -1.91374 1.35164 -1.73133 1.2452 -1.55143 1.42144 2.73682 0.671466 -2.67068 
0.65143 -0.969038 -0.256913 1.4786 -2.47511 -1.91374 1.35164 -1.72267 1.23797 -1.55827 1.41597 2.73478 0.673048 -2.66435 
0.65143 -0.969038 -0.256913 1.4786 -2.47511 -1.91374 1.35164 -1.71552 1.22018 -1.56806 1.41184 2.72932 0.677922 -2.65525 
0.65143 -0.969038 -0.256913 1.4786 -2.47511 -1.91374 1.35164 -1.71073 1.21859 -1.57212 1.40593 2.72933 0.684523 -2.65291 
0.65143 -0.969038 -0.256913 1.4786 -2.47511 -1.91374 1.35164 -1.70989 1.22706 -1.56825 1.40415 2.7299 0.685757 -2.66084 
0.65143 -0.969038 -0.256913 1.4786 -2.47511 -1.91374 1.35164 -1.71056 1.23084 -1.56647 1.40433 2.73125 0.684612 -2.6623 
0.65143 -0.969038 -0.256913 1.4786 -2.47511 -1.91374 1.35164 -1.71339 1.23946 -1.56257 1.40738 2.73515 0.678911 -2.66352 
0.65143 -0.969038 -0.256913 1.4786 -2.47511 -1.91374 1.35164 -1.71203 1.2386 -1.56368 1.40265 2.73993 0.68672 -2.65676 
0.65143 -0.969038 -0.256913 1.4786 -2.47511 -1.91374 1.35164 -1.7145 1.24075 -1.56127 1.4059 2.73658 0.681589 -2.66397 
0.65143 -0.969038 -0.256913 1.4786 -2.47511 -1.91374 1.35164 -1.71659 1.24691 -1.55685 1.40924 2.73323 0.676417 -2.6752 
