1.10902 -1.7341 -1.53464 1.40176 1.85806 1.25913 -1.1074 1.53015 -1.67906 -0.920243 -1.3831 -1.29183 1.21159 -2.28389 
1.10897 -1.73398 -1.53453 1.40171 1.858 1.25927 -1.10744 1.53015 -1.67906 -0.920246 -1.3831 -1.29183 1.21159 -2.28389 
1.12285 -1.74287 -1.53941 1.43525 1.82998 1.23639 -1.08774 1.5301 -1.679 -0.920339 -1.3831 -1.29173 1.21152 -2.28392 
1.12118 -1.74193 -1.53821 1.42678 1.83781 1.24107 -1.09267 1.53011 -1.679 -0.920337 -1.3831 -1.29174 1.21152 -2.28391 
1.1229 -1.74155 -1.53682 1.42334 1.84291 1.24264 -1.09595 1.5301 -1.679 -0.920338 -1.3831 -1.29174 1.21152 -2.28391 
1.12186 -1.74494 -1.54022 1.43105 1.8348 1.24113 -1.09077 1.53011 -1.679 -0.920336 -1.3831 -1.29174 1.21152 -2.28391 
1.12344 -1.74463 -1.5406 1.42965 1.83548 1.24218 -1.09258 1.5301 -1.679 -0.920337 -1.3831 -1.29174 1.21152 -2.28391 
1.12252 -1.74569 -1.54214 1.43602 1.82997 1.23909 -1.08908 1.53011 -1.679 -0.920337 -1.3831 -1.29174 1.21152 -2.28391 
1.1241 -1.74413 -1.54185 1.43672 1.82918 1.23543 -1.08875 1.53011 -1.679 -0.920337 -1.3831 -1.29174 1.21152 -2.28391 
1.12386 -1.74471 -1.54089 1.43615 1.82926 1.23754 -1.0903 1.5301 -1.679 -0.92034 -1.3831 -1.29173 1.21152 -2.28392 
1.12387 -1.74539 -1.54191 1.43749 1.82707 1.23484 -1.08776 1.5301 -1.679 -0.920339 -1.3831 -1.29173 1.21152 -2.28392 
1.12371 -1.74543 -1.54135 1.43664 1.82818 1.23647 -1.08747 1.5301 -1.679 -0.92034 -1.3831 -1.29173 1.21152 -2.28392 
1.12409 -1.74493 -1.54051 1.43612 1.82976 1.2363 -1.08825 1.5301 -1.679 -0.92034 -1.3831 -1.29173 1.21152 -2.28392 
1.124 -1.74415 -1.54004 1.43513 1.83118 1.23712 -1.08904 1.5301 -1.679 -0.92034 -1.3831 -1.29173 1.21152 -2.28392 
1.12373 -1.74505 -1.54009 1.43462 1.83175 1.2386 -1.08905 1.5301 -1.679 -0.92034 -1.3831 -1.29173 1.21152 -2.28392 
1.12434 -1.74449 -1.54045 1.43574 1.83056 1.23652 -1.08866 1.5301 -1.679 -0.92034 -1.3831 -1.29173 1.21152 -2.28392 
1.12354 -1.74476 -1.54013 1.4344 1.832 1.23842 -1.08944 1.5301 -1.679 -0.92034 -1.3831 -1.29173 1.21152 -2.28392 
1.1249 -1.74381 -1.54041 1.43677 1.82956 1.23438 -1.08837 1.5301 -1.679 -0.92034 -1.3831 -1.29173 1.21152 -2.28392 
1.1237 -1.74531 -1.54046 1.43522 1.83099 1.23788 -1.08849 1.5301 -1.679 -0.92034 -1.3831 -1.29173 1.21152 -2.28392 
1.12378 -1.7455 -1.54133 1.43628 1.82899 1.23576 -1.08726 1.5301 -1.679 -0.92034 -1.3831 -1.29173 1.21152 -2.28392 
1.12394 -1.74439 -1.53985 1.43458 1.83228 1.239 -1.09023 1.5301 -1.679 -0.92034 -1.3831 -1.29173 1.21152 -2.28392 
1.12462 -1.74488 -1.54138 1.43733 1.82781 1.23374 -1.08749 1.5301 -1.679 -0.92034 -1.3831 -1.29173 1.21152 -2.28392 
1.12366 -1.74494 -1.54019 1.43456 1.83242 1.24009 -1.08965 1.5301 -1.679 -0.92034 -1.3831 -1.29173 1.21152 -2.28392 
1.12462 -1.74526 -1.54214 1.43811 1.82598 1.2338 -1.08627 1.5301 -1.679 -0.920339 -1.3831 -1.29173 1.21152 -2.28392 
1.12442 -1.74406 -1.54008 1.4356 1.83147 1.23791 -1.0893 1.5301 -1.679 -0.92034 -1.3831 -1.29173 1.21152 -2.28392 
1.12504 -1.74386 -1.54076 1.43748 1.82709 1.23357 -1.08843 1.5301 -1.679 -0.92034 -1.3831 -1.29173 1.21152 -2.28392 
1.12357 -1.74457 -1.53959 1.43433 1.83303 1.23935 -1.08934 1.5301 -1.679 -0.92034 -1.3831 -1.29173 1.21152 -2.28392 
1.12484 -1.74429 -1.54062 1.43719 1.82697 1.23377 -1.08836 1.5301 -1.679 -0.92034 -1.3831 -1.29173 1.21152 -2.28392 
1.12429 -1.74352 -1.53904 1.43473 1.83244 1.23823 -1.09015 1.5301 -1.679 -0.92034 -1.3831 -1.29173 1.21152 -2.28392 
1.12461 -1.74457 -1.54033 1.43664 1.82792 1.23501 -1.0884 1.5301 -1.679 -0.92034 -1.3831 -1.29173 1.21152 -2.28392 
1.12437 -1.74331 -1.5391 1.43471 1.83362 1.23821 -1.0906 1.5301 -1.679 -0.92034 -1.3831 -1.29173 1.21152 -2.28392 
1.12462 -1.74365 -1.53979 1.43568 1.83104 1.23627 -1.08974 1.5301 -1.679 -0.92034 -1.3831 -1.29173 1.21152 -2.28392 
1.12499 -1.74304 -1.5396 1.43588 1.83228 1.23603 -1.09029 1.5301 -1.679 -0.92034 -1.3831 -1.29173 1.21152 -2.28392 
1.12469 -1.74404 -1.53989 1.43613 1.83014 1.23595 -1.08909 1.5301 -1.679 -0.92034 -1.3831 -1.29173 1.21152 -2.28392 
1.12442 -1.74442 -1.54088 1.4366 1.82922 1.23558 -1.08847 1.5301 -1.679 -0.92034 -1.3831 -1.29173 1.21152 -2.28392 
1.12399 -1.74475 -1.53999 1.43509 1.83162 1.23791 -1.08925 1.5301 -1.679 -0.92034 -1.3831 -1.29173 1.21152 -2.28392 
1.12518 -1.74438 -1.54117 1.4382 1.82664 1.23315 -1.08706 1.5301 -1.679 -0.92034 -1.3831 -1.29173 1.21152 -2.28392 
1.12319 -1.74521 -1.54004 1.43388 1.83315 1.24061 -1.08909 1.5301 -1.679 -0.92034 -1.3831 -1.29173 1.21152 -2.28392 
1.12444 -1.74503 -1.54161 1.43759 1.82555 1.23307 -1.08637 1.5301 -1.679 -0.92034 -1.3831 -1.29173 1.21152 -2.28392 
1.12389 -1.74501 -1.53923 1.4347 1.83207 1.2385 -1.08905 1.5301 -1.679 -0.92034 -1.3831 -1.29173 1.21152 -2.28392 
1.12548 -1.74349 -1.5403 1.4377 1.82667 1.23259 -1.08802 1.5301 -1.679 -0.92034 -1.3831 -1.29173 1.21152 -2.28392 
1.12389 -1.74484 -1.53996 1.43543 1.83057 1.23814 -1.08867 1.5301 -1.679 -0.92034 -1.3831 -1.29173 1.21152 -2.28392 
1.12514 -1.74349 -1.53999 1.43703 1.82855 1.23309 -1.08847 1.5301 -1.679 -0.92034 -1.3831 -1.29173 1.21152 -2.28392 
1.12321 -1.745 -1.5398 1.4338 1.83262 1.24162 -1.09011 1.5301 -1.679 -0.920339 -1.3831 -1.29173 1.21152 -2.28392 
1.12497 -1.74331 -1.54059 1.43707 1.82817 1.23469 -1.08839 1.5301 -1.679 -0.92034 -1.3831 -1.29173 1.21152 -2.28392 
1.12406 -1.74426 -1.53972 1.43526 1.83118 1.2397 -1.08891 1.5301 -1.679 -0.92034 -1.3831 -1.29173 1.21152 -2.28392 
1.12518 -1.74205 -1.5397 1.43644 1.82922 1.23534 -1.09027 1.5301 -1.679 -0.920339 -1.3831 -1.29173 1.21152 -2.28392 
1.12374 -1.74457 -1.53939 1.43491 1.83072 1.23935 -1.089 1.5301 -1.679 -0.92034 -1.3831 -1.29173 1.21152 -2.28392 
1.12481 -1.74286 -1.53951 1.43635 1.82932 1.23461 -1.08897 1.5301 -1.679 -0.92034 -1.3831 -1.29173 1.21152 -2.28392 
1.12292 -1.74453 -1.53922 1.43304 1.83302 1.24161 -1.08963 1.5301 -1.679 -0.920339 -1.3831 -1.29173 1.21152 -2.28392 
1.12478 -1.74366 -1.54001 1.43697 1.82839 1.23433 -1.0879 1.5301 -1.679 -0.92034 -1.3831 -1.29173 1.21152 -2.28392 
1.12354 -1.74366 -1.53927 1.43375 1.83243 1.2413 -1.08988 1.5301 -1.679 -0.92034 -1.3831 -1.29173 1.21152 -2.28392 
1.12453 -1.74313 -1.53984 1.43626 1.82862 1.23672 -1.08868 1.5301 -1.679 -0.92034 -1.3831 -1.29173 1.21152 -2.28392 
1.12422 -1.74346 -1.53866 1.43518 1.83103 1.23853 -1.08904 1.5301 -1.679 -0.92034 -1.3831 -1.29173 1.21152 -2.28392 
1.12398 -1.74428 -1.53994 1.43617 1.82771 1.23647 -1.08742 1.5301 -1.679 -0.92034 -1.3831 -1.29173 1.21152 -2.28392 
1.12407 -1.74389 -1.53867 1.43535 1.83147 1.23865 -1.08847 1.5301 -1.679 -0.92034 -1.3831 -1.29173 1.21152 -2.28392 
1.12385 -1.74427 -1.53966 1.4355 1.82799 1.23795 -1.08818 1.5301 -1.679 -0.92034 -1.3831 -1.29173 1.21152 -2.28392 
1.12438 -1.74329 -1.53848 1.4353 1.83041 1.23813 -1.08958 1.5301 -1.679 -0.92034 -1.3831 -1.29173 1.21152 -2.28392 
1.12411 -1.74346 -1.53904 1.43516 1.82962 1.2381 -1.0895 1.5301 -1.679 -0.92034 -1.3831 -1.29173 1.21152 -2.28392 
1.12374 -1.7437 -1.53893 1.43468 1.83086 1.23957 -1.08949 1.5301 -1.679 -0.92034 -1.3831 -1.29173 1.21152 -2.28392 
1.12481 -1.74341 -1.53925 1.43686 1.82858 1.23625 -1.0884 1.5301 -1.679 -0.92034 -1.3831 -1.29173 1.21152 -2.28392 
1.12323 -1.74462 -1.54005 1.43534 1.82906 1.23919 -1.08753 1.5301 -1.679 -0.92034 -1.3831 -1.29173 1.21152 -2.28392 
1.12476 -1.74386 -1.53933 1.43713 1.82797 1.23586 -1.08804 1.5301 -1.679 -0.92034 -1.3831 -1.29173 1.21152 -2.28392 
1.12359 -1.74502 -1.54024 1.43625 1.82779 1.23911 -1.08652 1.5301 -1.679 -0.92034 -1.3831 -1.29173 1.21152 -2.28392 
1.12459 -1.74363 -1.53983 1.43707 1.8274 1.23507 -1.08749 1.5301 -1.679 -0.92034 -1.3831 -1.29173 1.21152 -2.28392 
1.12324 -1.74474 -1.53894 1.43438 1.83126 1.24108 -1.08841 1.5301 -1.679 -0.92034 -1.3831 -1.29173 1.21152 -2.28392 
1.12457 -1.74411 -1.54018 1.43749 1.82676 1.23439 -1.08704 1.5301 -1.679 -0.92034 -1.3831 -1.29173 1.21152 -2.28392 
1.12337 -1.74465 -1.53857 1.43402 1.83219 1.24157 -1.08914 1.5301 -1.679 -0.92034 -1.3831 -1.29173 1.21152 -2.28392 
1.12504 -1.7426 -1.53988 1.43693 1.82767 1.2351 -1.08861 1.5301 -1.679 -0.92034 -1.3831 -1.29173 1.21152 -2.28392 
1.1235 -1.74453 -1.53911 1.43494 1.83075 1.24062 -1.08816 1.5301 -1.679 -0.92034 -1.3831 -1.29173 1.21152 -2.28392 
1.12428 -1.74289 -1.53995 1.43607 1.82833 1.23784 -1.08867 1.5301 -1.679 -0.92034 -1.3831 -1.29173 1.21152 -2.28392 
1.12319 -1.74513 -1.53912 1.43469 1.83016 1.24105 -1.08755 1.5301 -1.679 -0.92034 -1.3831 -1.29173 1.21152 -2.28392 
1.12601 -1.74199 -1.5401 1.43912 1.82458 1.23166 -1.08728 1.5301 -1.679 -0.920338 -1.3831 -1.29174 1.21152 -2.28392 
1.1232 -1.74469 -1.53857 1.43417 1.83101 1.24208 -1.08867 1.5301 -1.679 -0.92034 -1.3831 -1.29173 1.21152 -2.28392 
1.12484 -1.74216 -1.53918 1.43652 1.82763 1.23698 -1.08917 1.5301 -1.679 -0.92034 -1.3831 -1.29173 1.21152 -2.28392 
1.12268 -1.7449 -1.53818 1.43312 1.83245 1.24404 -1.08856 1.5301 -1.679 -0.92034 -1.3831 -1.29173 1.21152 -2.28392 
1.12603 -1.74176 -1.53902 1.43881 1.82557 1.23266 -1.08785 1.5301 -1.679 -0.920338 -1.3831 -1.29174 1.21152 -2.28392 
1.1233 -1.74408 -1.53769 1.43348 1.83247 1.24375 -1.08902 1.5301 -1.679 -0.92034 -1.3831 -1.29173 1.21152 -2.28392 
1.12566 -1.74134 -1.53897 1.4378 1.82614 1.23568 -1.08882 1.5301 -1.679 -0.920338 -1.3831 -1.29174 1.21152 -2.28392 
1.12306 -1.74408 -1.53737 1.43275 1.83325 1.24386 -1.08948 1.5301 -1.679 -0.92034 -1.3831 -1.29173 1.21152 -2.28392 
1.1257 -1.74187 -1.53895 1.43876 1.82384 1.23191 -1.08753 1.5301 -1.679 -0.920339 -1.3831 -1.29173 1.21152 -2.28392 
1.12266 -1.74527 -1.53778 1.43343 1.82997 1.24162 -1.08836 1.5301 -1.679 -0.920339 -1.3831 -1.29173 1.21152 -2.28392 
