1.15461 -1.90784 -1.73857 1.6263 -1.43912 -0.809351 2.33876 -1.11007 0.610447 0.0654194 -1.37338 -1.9629 -1.13369 -0.471729 
1.14072 -1.89897 -1.73971 1.60071 -1.43713 -0.809671 2.32188 -1.11086 0.606552 0.0662771 -1.38232 -1.96054 -1.13132 -0.477196 
1.13744 -1.90248 -1.74045 1.59668 -1.43502 -0.81575 2.32741 -1.11086 0.606549 0.0662777 -1.38233 -1.96054 -1.13132 -0.4772 
1.13645 -1.90348 -1.73984 1.59437 -1.43113 -0.820414 2.32757 -1.11086 0.606549 0.0662777 -1.38233 -1.96054 -1.13132 -0.4772 
1.1361 -1.90268 -1.7393 1.59312 -1.42835 -0.822767 2.32512 -1.11086 0.606549 0.0662777 -1.38233 -1.96054 -1.13132 -0.4772 
1.13569 -1.90366 -1.74097 1.59401 -1.43112 -0.821833 2.32857 -1.11086 0.606549 0.0662777 -1.38233 -1.96054 -1.13132 -0.4772 
1.13482 -1.90472 -1.74129 1.59331 -1.4301 -0.824406 2.32883 -1.11086 0.606549 0.0662777 -1.38233 -1.96054 -1.13132 -0.4772 
1.13569 -1.90363 -1.74103 1.59392 -1.43122 -0.821964 2.32832 -1.11086 0.606549 0.0662777 -1.38233 -1.96054 -1.13132 -0.4772 
1.13564 -1.90339 -1.74054 1.59313 -1.42968 -0.823377 2.32621 -1.11086 0.606549 0.0662777 -1.38233 -1.96054 -1.13132 -0.4772 
1.13381 -1.90596 -1.74204 1.59261 -1.43004 -0.826839 2.32792 -1.11086 0.606549 0.0662777 -1.38233 -1.96054 -1.13132 -0.4772 
1.1354 -1.90368 -1.74043 1.5931 -1.42938 -0.8241 2.32619 -1.11086 0.606549 0.0662777 -1.38233 -1.96054 -1.13132 -0.4772 
1.13525 -1.90378 -1.7402 1.59278 -1.4288 -0.824883 2.32585 -1.11086 0.606549 0.0662777 -1.38233 -1.96054 -1.13132 -0.4772 
1.1358 -1.90289 -1.74009 1.59329 -1.42955 -0.822998 2.32592 -1.11086 0.606549 0.0662777 -1.38233 -1.96054 -1.13132 -0.4772 
1.13512 -1.90439 -1.74106 1.59346 -1.43125 -0.823208 2.32818 -1.11086 0.606549 0.0662777 -1.38233 -1.96054 -1.13132 -0.4772 
1.13523 -1.90413 -1.74098 1.59343 -1.43088 -0.823269 2.32892 -1.11086 0.606549 0.0662777 -1.38233 -1.96054 -1.13132 -0.4772 
1.13499 -1.90423 -1.74009 1.5923 -1.42832 -0.825468 2.32635 -1.11086 0.606549 0.0662777 -1.38233 -1.96054 -1.13132 -0.4772 
1.13473 -1.90448 -1.74069 1.59263 -1.42922 -0.824962 2.32757 -1.11086 0.606549 0.0662777 -1.38233 -1.96054 -1.13132 -0.4772 
1.13567 -1.90277 -1.73904 1.59215 -1.42698 -0.825015 2.32425 -1.11086 0.606549 0.0662777 -1.38233 -1.96054 -1.13132 -0.4772 
1.13512 -1.90441 -1.74112 1.59346 -1.43118 -0.823648 2.32812 -1.11086 0.606549 0.0662777 -1.38233 -1.96054 -1.13132 -0.4772 
1.1353 -1.90445 -1.74179 1.59431 -1.43347 -0.821634 2.33044 -1.11086 0.606549 0.0662777 -1.38233 -1.96054 -1.13132 -0.4772 
1.13528 -1.90471 -1.74211 1.59459 -1.43448 -0.820718 2.33163 -1.11086 0.606549 0.0662777 -1.38233 -1.96054 -1.13132 -0.4772 
