1.15145 -1.89285 -1.70913 1.64239 -1.45967 -0.847115 2.3865 -1.11057 0.607972 0.0659647 -1.37907 -1.96141 -1.13218 -0.475202 
1.12526 -1.89391 -1.70574 1.60073 -1.42563 -0.887929 2.35916 -1.11086 0.60655 0.0662776 -1.38233 -1.96054 -1.13132 -0.4772 
1.12163 -1.89818 -1.70689 1.59654 -1.42306 -0.895711 2.36379 -1.11086 0.606549 0.0662777 -1.38233 -1.96054 -1.13132 -0.4772 
1.12111 -1.89847 -1.70677 1.59503 -1.42206 -0.896846 2.36488 -1.11086 0.606549 0.0662777 -1.38233 -1.96054 -1.13132 -0.4772 
1.11984 -1.89946 -1.70711 1.59323 -1.42012 -0.900303 2.36506 -1.11086 0.606549 0.0662777 -1.38233 -1.96054 -1.13132 -0.4772 
1.12001 -1.89881 -1.70692 1.59294 -1.41968 -0.900429 2.36365 -1.11086 0.606549 0.0662777 -1.38233 -1.96054 -1.13132 -0.4772 
1.11878 -1.90121 -1.70879 1.59368 -1.42244 -0.900693 2.3677 -1.11086 0.606549 0.0662777 -1.38233 -1.96054 -1.13132 -0.4772 
1.11781 -1.90176 -1.70861 1.59245 -1.42027 -0.903676 2.36656 -1.11086 0.606549 0.0662777 -1.38233 -1.96054 -1.13132 -0.4772 
1.11857 -1.90052 -1.70817 1.59269 -1.42055 -0.902153 2.3657 -1.11086 0.606549 0.0662777 -1.38233 -1.96054 -1.13132 -0.4772 
1.11883 -1.90002 -1.70794 1.59279 -1.42009 -0.901671 2.36492 -1.11086 0.606549 0.0662777 -1.38233 -1.96054 -1.13132 -0.4772 
1.11894 -1.90023 -1.70842 1.5936 -1.42191 -0.900422 2.36636 -1.11086 0.606549 0.0662777 -1.38233 -1.96054 -1.13132 -0.4772 
1.11902 -1.90025 -1.70815 1.59324 -1.42119 -0.901243 2.36567 -1.11086 0.606549 0.0662777 -1.38233 -1.96054 -1.13132 -0.4772 
1.1192 -1.90056 -1.70857 1.59433 -1.42342 -0.89889 2.36707 -1.11086 0.606549 0.0662777 -1.38233 -1.96054 -1.13132 -0.4772 
1.11917 -1.90033 -1.70838 1.59391 -1.42276 -0.899673 2.3667 -1.11086 0.606549 0.0662777 -1.38233 -1.96054 -1.13132 -0.4772 
1.11906 -1.90097 -1.70871 1.59435 -1.42334 -0.899466 2.36687 -1.11086 0.606549 0.0662777 -1.38233 -1.96054 -1.13132 -0.4772 
1.11945 -1.90046 -1.70891 1.59475 -1.42468 -0.897898 2.36764 -1.11086 0.606549 0.0662777 -1.38233 -1.96054 -1.13132 -0.4772 
1.11928 -1.89958 -1.70755 1.59302 -1.42008 -0.900989 2.3644 -1.11086 0.606549 0.0662777 -1.38233 -1.96054 -1.13132 -0.4772 
1.11951 -1.89936 -1.70731 1.5933 -1.42011 -0.900463 2.36441 -1.11086 0.606549 0.0662777 -1.38233 -1.96054 -1.13132 -0.4772 
1.11842 -1.90067 -1.70807 1.59264 -1.41987 -0.902825 2.36509 -1.11086 0.606549 0.0662777 -1.38233 -1.96054 -1.13132 -0.4772 
1.11807 -1.90125 -1.70842 1.59246 -1.41996 -0.903801 2.36556 -1.11086 0.606549 0.0662777 -1.38233 -1.96054 -1.13132 -0.4772 
1.1184 -1.90173 -1.70947 1.59396 -1.42358 -0.900656 2.3685 -1.11086 0.606549 0.0662777 -1.38233 -1.96054 -1.13132 -0.4772 
1.11905 -1.90065 -1.70839 1.59381 -1.4222 -0.900352 2.36656 -1.11086 0.606549 0.0662777 -1.38233 -1.96054 -1.13132 -0.4772 
1.11906 -1.90028 -1.70793 1.59345 -1.42085 -0.90099 2.36588 -1.11086 0.606549 0.0662777 -1.38233 -1.96054 -1.13132 -0.4772 
1.11865 -1.90097 -1.70853 1.59326 -1.42131 -0.901576 2.36659 -1.11086 0.606549 0.0662777 -1.38233 -1.96054 -1.13132 -0.4772 
1.1189 -1.89984 -1.70731 1.59227 -1.41846 -0.902782 2.36369 -1.11086 0.606549 0.0662777 -1.38233 -1.96054 -1.13132 -0.4772 
1.11889 -1.89996 -1.70732 1.59253 -1.41871 -0.902642 2.36388 -1.11086 0.606549 0.0662777 -1.38233 -1.96054 -1.13132 -0.4772 
1.1194 -1.89996 -1.70823 1.59395 -1.4222 -0.899532 2.36666 -1.11086 0.606549 0.0662777 -1.38233 -1.96054 -1.13132 -0.4772 
1.11951 -1.90031 -1.70825 1.59446 -1.42308 -0.899049 2.36647 -1.11086 0.606549 0.0662777 -1.38233 -1.96054 -1.13132 -0.4772 
1.11918 -1.90088 -1.70902 1.59451 -1.42406 -0.899059 2.36824 -1.11086 0.606549 0.0662777 -1.38233 -1.96054 -1.13132 -0.4772 
1.1191 -1.9009 -1.70877 1.59419 -1.42316 -0.899707 2.36764 -1.11086 0.606549 0.0662777 -1.38233 -1.96054 -1.13132 -0.4772 
1.1192 -1.90055 -1.70838 1.59382 -1.42192 -0.900225 2.36676 -1.11086 0.606549 0.0662777 -1.38233 -1.96054 -1.13132 -0.4772 
1.11849 -1.90128 -1.70888 1.59364 -1.42213 -0.900972 2.36787 -1.11086 0.606549 0.0662777 -1.38233 -1.96054 -1.13132 -0.4772 
