1.04708 -1.81157 -1.64414 1.26022 -1.20102 -1.2528 2.04152 -1.11007 0.610447 0.0654194 -1.37338 -1.9629 -1.13369 -0.471729 
1.03933 -1.80574 -1.64398 1.24442 -1.2087 -1.23889 2.03194 -1.11007 0.610447 0.0654194 -1.37338 -1.9629 -1.13369 -0.471729 
1.03277 -1.80028 -1.64283 1.22964 -1.21256 -1.22963 2.02117 -1.11007 0.610447 0.0654194 -1.37338 -1.9629 -1.13369 -0.471729 
1.0296 -1.79735 -1.64165 1.22229 -1.21133 -1.22987 2.01278 -1.11007 0.610447 0.0654194 -1.37338 -1.9629 -1.13369 -0.471729 
1.02737 -1.7981 -1.64174 1.21733 -1.20909 -1.23613 2.00624 -1.11007 0.610447 0.0654194 -1.37338 -1.9629 -1.13369 -0.471729 
1.02611 -1.79942 -1.64286 1.21673 -1.20747 -1.24044 2.00997 -1.11007 0.610447 0.0654194 -1.37338 -1.9629 -1.13369 -0.471729 
1.02886 -1.80018 -1.64327 1.22217 -1.20635 -1.242 2.01375 -1.11007 0.610447 0.0654194 -1.37338 -1.9629 -1.13369 -0.471729 
1.03525 -1.80223 -1.64494 1.23674 -1.20711 -1.24127 2.02409 -1.11007 0.610447 0.0654194 -1.37338 -1.9629 -1.13369 -0.471729 
1.04596 -1.80261 -1.64395 1.25768 -1.20813 -1.23414 2.03461 -1.11007 0.610447 0.0654194 -1.37338 -1.9629 -1.13369 -0.471729 
1.05335 -1.80334 -1.64378 1.27243 -1.20927 -1.22929 2.04203 -1.11007 0.610447 0.0654194 -1.37338 -1.9629 -1.13369 -0.471729 
1.06023 -1.80148 -1.64188 1.28381 -1.20999 -1.22162 2.04569 -1.11007 0.610447 0.0654194 -1.37338 -1.9629 -1.13369 -0.471729 
1.06715 -1.80074 -1.64051 1.29506 -1.20853 -1.21809 2.0501 -1.11007 0.610447 0.0654194 -1.37338 -1.9629 -1.13369 -0.471729 
1.07168 -1.8015 -1.64071 1.3038 -1.20997 -1.21462 2.05555 -1.11007 0.610447 0.0654194 -1.37338 -1.9629 -1.13369 -0.471729 
1.07321 -1.80298 -1.64204 1.30962 -1.2115 -1.21377 2.06008 -1.11007 0.610447 0.0654194 -1.37338 -1.9629 -1.13369 -0.471729 
1.07752 -1.8042 -1.64257 1.31865 -1.21227 -1.21206 2.06606 -1.11007 0.610447 0.0654194 -1.37338 -1.9629 -1.13369 -0.471729 
1.0839 -1.80387 -1.64241 1.33055 -1.21407 -1.2066 2.07121 -1.11007 0.610447 0.0654194 -1.37338 -1.9629 -1.13369 -0.471729 
1.09027 -1.80439 -1.64178 1.34252 -1.21336 -1.20435 2.07716 -1.11007 0.610447 0.0654194 -1.37338 -1.9629 -1.13369 -0.471729 
1.09455 -1.80651 -1.64322 1.35378 -1.21369 -1.20447 2.08483 -1.11007 0.610447 0.0654194 -1.37338 -1.9629 -1.13369 -0.471729 
1.09763 -1.80767 -1.64341 1.36125 -1.21384 -1.20438 2.08847 -1.11007 0.610447 0.0654194 -1.37338 -1.9629 -1.13369 -0.471729 
1.10112 -1.81026 -1.64417 1.36894 -1.21362 -1.20639 2.0934 -1.11007 0.610447 0.0654194 -1.37338 -1.9629 -1.13369 -0.471729 
1.10126 -1.81259 -1.64469 1.37126 -1.21088 -1.21284 2.09546 -1.11007 0.610447 0.0654194 -1.37338 -1.9629 -1.13369 -0.471729 
1.09794 -1.81601 -1.64682 1.36751 -1.20889 -1.22238 2.09684 -1.11007 0.610447 0.0654194 -1.37338 -1.9629 -1.13369 -0.471729 
1.32568 -1.80156 -1.74203 1.90803 -1.43108 -0.953532 2.38332 -1.1103 0.609337 0.0656645 -1.37593 -1.96223 -1.13301 -0.473288 
