1.04377 -1.92523 -1.79478 1.32124 -1.06656 -1.14362 2.03715 -1.11046 0.608541 0.0658396 -1.37776 -1.96175 -1.13253 -0.474404 
1.03781 -1.92543 -1.79322 1.3085 -1.07118 -1.13945 2.03098 -1.11086 0.606552 0.0662771 -1.38232 -1.96054 -1.13132 -0.477196 
1.02602 -1.91903 -1.79094 1.27767 -1.06553 -1.15193 2.01412 -1.11086 0.606549 0.0662777 -1.38233 -1.96054 -1.13132 -0.4772 
1.02118 -1.91549 -1.79027 1.26352 -1.06235 -1.16112 2.00244 -1.11086 0.606549 0.0662777 -1.38233 -1.96054 -1.13132 -0.4772 
1.01763 -1.91417 -1.79005 1.2533 -1.05914 -1.17093 1.99396 -1.11086 0.606549 0.0662777 -1.38233 -1.96054 -1.13132 -0.4772 
1.01589 -1.91631 -1.79219 1.25249 -1.05941 -1.17366 1.99879 -1.11086 0.606549 0.0662777 -1.38233 -1.96054 -1.13132 -0.4772 
1.01653 -1.91979 -1.79532 1.25808 -1.06069 -1.17501 2.00708 -1.11086 0.606549 0.0662777 -1.38233 -1.96054 -1.13132 -0.4772 
1.02457 -1.9196 -1.79357 1.27145 -1.06036 -1.16789 2.01112 -1.11086 0.606549 0.0662777 -1.38233 -1.96054 -1.13132 -0.4772 
1.03306 -1.92275 -1.79388 1.29011 -1.0629 -1.15919 2.02114 -1.11086 0.606549 0.0662777 -1.38233 -1.96054 -1.13132 -0.4772 
1.0418 -1.92284 -1.79144 1.30488 -1.06187 -1.15176 2.02645 -1.11086 0.606549 0.0662777 -1.38233 -1.96054 -1.13132 -0.4772 
1.04792 -1.92518 -1.79224 1.31924 -1.06577 -1.14253 2.03414 -1.11086 0.606549 0.0662777 -1.38233 -1.96054 -1.13132 -0.4772 
1.05413 -1.92412 -1.78906 1.32716 -1.06265 -1.13984 2.03468 -1.11086 0.606549 0.0662777 -1.38233 -1.96054 -1.13132 -0.4772 
1.05765 -1.92629 -1.79008 1.33637 -1.06524 -1.13457 2.04092 -1.11086 0.606549 0.0662777 -1.38233 -1.96054 -1.13132 -0.4772 
1.0601 -1.92829 -1.79065 1.3423 -1.06592 -1.1332 2.04507 -1.11086 0.606549 0.0662777 -1.38233 -1.96054 -1.13132 -0.4772 
1.06449 -1.92885 -1.78966 1.34994 -1.0654 -1.13049 2.04756 -1.11086 0.606549 0.0662777 -1.38233 -1.96054 -1.13132 -0.4772 
1.06998 -1.92995 -1.78915 1.36035 -1.06507 -1.12707 2.05232 -1.11086 0.606549 0.0662777 -1.38233 -1.96054 -1.13132 -0.4772 
1.07631 -1.93124 -1.7878 1.37208 -1.06434 -1.12295 2.05762 -1.11086 0.606549 0.0662777 -1.38233 -1.96054 -1.13132 -0.4772 
1.07999 -1.93408 -1.78855 1.3817 -1.06446 -1.1222 2.06382 -1.11086 0.606549 0.0662777 -1.38233 -1.96054 -1.13132 -0.4772 
1.08408 -1.9364 -1.78924 1.3916 -1.06502 -1.12037 2.06902 -1.11086 0.606549 0.0662777 -1.38233 -1.96054 -1.13132 -0.4772 
1.08508 -1.93926 -1.79033 1.39632 -1.06463 -1.12315 2.07232 -1.11086 0.606549 0.0662777 -1.38233 -1.96054 -1.13132 -0.4772 
1.08415 -1.94186 -1.79186 1.39759 -1.06351 -1.12842 2.07535 -1.11086 0.606549 0.0662777 -1.38233 -1.96054 -1.13132 -0.4772 
1.08234 -1.94267 -1.79225 1.39472 -1.06082 -1.13466 2.07489 -1.11086 0.606549 0.0662777 -1.38233 -1.96054 -1.13132 -0.4772 
1.28249 -1.96699 -1.88387 1.91512 -1.28893 -0.781283 2.3455 -1.11086 0.606549 0.0662777 -1.38233 -1.96054 -1.13132 -0.4772 
1.28812 -1.96796 -1.88718 1.92266 -1.29142 -0.773998 2.3444 -0.905761 0.615245 -0.250149 -1.38719 -1.80077 -1.24804 -0.520706 
