1.10828 -1.73298 -1.53212 1.40105 1.85615 1.26351 -1.10561 1.53013 -1.67904 -0.920274 -1.3831 -1.2918 1.21157 -2.2839 
1.1082 -1.73281 -1.53197 1.40095 1.8561 1.26373 -1.10568 1.53013 -1.67904 -0.920279 -1.3831 -1.2918 1.21156 -2.2839 
1.12044 -1.74214 -1.53735 1.43151 1.8307 1.24416 -1.08778 1.5301 -1.679 -0.920337 -1.3831 -1.29174 1.21152 -2.28391 
1.12152 -1.73897 -1.53422 1.42604 1.83719 1.24393 -1.09308 1.53011 -1.679 -0.920334 -1.3831 -1.29174 1.21152 -2.28391 
1.1211 -1.74107 -1.5343 1.42207 1.84074 1.24893 -1.09351 1.5301 -1.679 -0.920337 -1.3831 -1.29174 1.21152 -2.28391 
1.12233 -1.74121 -1.53563 1.42785 1.83592 1.24443 -1.09175 1.53011 -1.679 -0.920335 -1.3831 -1.29174 1.21152 -2.28391 
1.12165 -1.74319 -1.53757 1.42983 1.83398 1.24601 -1.09014 1.53011 -1.679 -0.920336 -1.3831 -1.29174 1.21152 -2.28391 
1.12166 -1.74375 -1.5388 1.43319 1.83051 1.24395 -1.08827 1.53011 -1.679 -0.920336 -1.3831 -1.29174 1.21152 -2.28391 
1.12195 -1.74465 -1.53982 1.43485 1.82764 1.24256 -1.08628 1.53011 -1.679 -0.920336 -1.3831 -1.29174 1.21152 -2.28391 
1.12271 -1.74445 -1.54006 1.4376 1.82478 1.24039 -1.08575 1.5301 -1.679 -0.920337 -1.3831 -1.29174 1.21152 -2.28391 
1.12324 -1.74372 -1.53885 1.43591 1.82694 1.24088 -1.0859 1.5301 -1.679 -0.92034 -1.3831 -1.29173 1.21152 -2.28392 
1.12252 -1.74468 -1.53972 1.43673 1.82459 1.24155 -1.08544 1.5301 -1.679 -0.92034 -1.3831 -1.29173 1.21152 -2.28392 
1.12294 -1.74353 -1.53809 1.43475 1.82894 1.24247 -1.08676 1.5301 -1.679 -0.92034 -1.3831 -1.29173 1.21152 -2.28392 
1.12315 -1.7441 -1.53885 1.43627 1.8253 1.24096 -1.0851 1.5301 -1.679 -0.92034 -1.3831 -1.29173 1.21152 -2.28392 
1.12252 -1.74424 -1.53833 1.43464 1.82923 1.24321 -1.08583 1.5301 -1.679 -0.92034 -1.3831 -1.29173 1.21152 -2.28392 
1.12291 -1.74397 -1.53827 1.43507 1.82732 1.24209 -1.08564 1.5301 -1.679 -0.92034 -1.3831 -1.29173 1.21152 -2.28392 
1.12385 -1.74316 -1.53789 1.43572 1.82908 1.24032 -1.08576 1.5301 -1.679 -0.92034 -1.3831 -1.29173 1.21152 -2.28392 
1.12271 -1.74503 -1.53895 1.43573 1.82602 1.24184 -1.08434 1.5301 -1.679 -0.92034 -1.3831 -1.29173 1.21152 -2.28392 
1.12375 -1.74331 -1.53819 1.43574 1.82811 1.23987 -1.08568 1.5301 -1.679 -0.92034 -1.3831 -1.29173 1.21152 -2.28392 
1.12288 -1.74512 -1.5387 1.43545 1.82628 1.24201 -1.08473 1.5301 -1.679 -0.92034 -1.3831 -1.29173 1.21152 -2.28392 
1.12377 -1.74312 -1.53811 1.43552 1.82813 1.24011 -1.08632 1.5301 -1.679 -0.92034 -1.3831 -1.29173 1.21152 -2.28392 
1.12231 -1.74511 -1.53847 1.43404 1.82877 1.24425 -1.08618 1.5301 -1.679 -0.92034 -1.3831 -1.29173 1.21152 -2.28392 
1.12476 -1.74233 -1.5381 1.43714 1.82672 1.23743 -1.08592 1.5301 -1.679 -0.92034 -1.3831 -1.29173 1.21152 -2.28392 
1.12263 -1.7451 -1.53885 1.43505 1.82717 1.24383 -1.08541 1.5301 -1.679 -0.92034 -1.3831 -1.29173 1.21152 -2.28392 
1.12435 -1.74283 -1.53901 1.43737 1.82468 1.2386 -1.08576 1.5301 -1.679 -0.920339 -1.3831 -1.29173 1.21152 -2.28392 
1.12162 -1.74665 -1.53951 1.43471 1.82635 1.24504 -1.08381 1.5301 -1.679 -0.92034 -1.3831 -1.29173 1.21152 -2.28392 
1.12432 -1.74302 -1.53848 1.43725 1.82517 1.23696 -1.08525 1.5301 -1.679 -0.92034 -1.3831 -1.29173 1.21152 -2.28392 
1.12109 -1.7459 -1.53793 1.43188 1.83124 1.24785 -1.08656 1.5301 -1.679 -0.920338 -1.3831 -1.29174 1.21152 -2.28391 
1.12475 -1.74259 -1.53873 1.43778 1.82487 1.23515 -1.08511 1.5301 -1.679 -0.92034 -1.3831 -1.29173 1.21152 -2.28392 
1.1222 -1.74543 -1.53774 1.43359 1.83032 1.24381 -1.08576 1.5301 -1.679 -0.92034 -1.3831 -1.29173 1.21152 -2.28392 
1.1248 -1.74302 -1.53937 1.43837 1.82413 1.23481 -1.08471 1.5301 -1.679 -0.92034 -1.3831 -1.29173 1.21152 -2.28392 
1.12283 -1.74414 -1.53714 1.4334 1.83174 1.24387 -1.08755 1.5301 -1.679 -0.920339 -1.3831 -1.29173 1.21152 -2.28392 
1.12486 -1.74238 -1.53888 1.43766 1.82533 1.23615 -1.08631 1.5301 -1.679 -0.92034 -1.3831 -1.29173 1.21152 -2.28392 
1.12235 -1.74504 -1.53815 1.43364 1.83132 1.24518 -1.08655 1.5301 -1.679 -0.92034 -1.3831 -1.29173 1.21152 -2.28392 
1.1252 -1.74144 -1.53855 1.43731 1.82657 1.23641 -1.08746 1.5301 -1.679 -0.920339 -1.3831 -1.29173 1.21152 -2.28392 
1.12285 -1.74563 -1.53909 1.43576 1.82773 1.24255 -1.08398 1.5301 -1.679 -0.92034 -1.3831 -1.29173 1.21152 -2.28392 
1.12493 -1.7421 -1.53855 1.43741 1.82646 1.23687 -1.08613 1.5301 -1.679 -0.92034 -1.3831 -1.29173 1.21152 -2.28392 
1.12278 -1.74544 -1.53804 1.43426 1.82982 1.244 -1.08507 1.5301 -1.679 -0.92034 -1.3831 -1.29173 1.21152 -2.28392 
1.12434 -1.74261 -1.53856 1.43618 1.82754 1.2367 -1.08675 1.5301 -1.679 -0.92034 -1.3831 -1.29173 1.21152 -2.28392 
1.12273 -1.74533 -1.53773 1.43373 1.83115 1.24287 -1.08658 1.5301 -1.679 -0.920339 -1.3831 -1.29173 1.21152 -2.28392 
1.1247 -1.74243 -1.53887 1.4369 1.82725 1.23624 -1.0865 1.5301 -1.679 -0.92034 -1.3831 -1.29173 1.21152 -2.28392 
1.12138 -1.7458 -1.53853 1.43182 1.83246 1.24817 -1.08706 1.5301 -1.679 -0.920339 -1.3831 -1.29173 1.21152 -2.28392 
1.12543 -1.74112 -1.53804 1.43698 1.82766 1.23657 -1.08815 1.5301 -1.679 -0.920339 -1.3831 -1.29173 1.21152 -2.28392 
1.12237 -1.74527 -1.53841 1.43391 1.82965 1.2449 -1.08573 1.5301 -1.679 -0.92034 -1.3831 -1.29173 1.21152 -2.28392 
1.12565 -1.74048 -1.5374 1.43658 1.82842 1.23785 -1.08876 1.5301 -1.679 -0.920339 -1.3831 -1.29174 1.21152 -2.28392 
1.12117 -1.74699 -1.53853 1.43292 1.82997 1.24737 -1.08536 1.5301 -1.679 -0.92034 -1.3831 -1.29173 1.21152 -2.28392 
1.12456 -1.74207 -1.53799 1.43614 1.82779 1.23784 -1.08723 1.5301 -1.679 -0.92034 -1.3831 -1.29173 1.21152 -2.28392 
1.12338 -1.74417 -1.53818 1.43551 1.82843 1.24082 -1.08609 1.5301 -1.679 -0.92034 -1.3831 -1.29173 1.21152 -2.28392 
1.12398 -1.74338 -1.53863 1.43652 1.82712 1.23869 -1.08552 1.5301 -1.679 -0.92034 -1.3831 -1.29173 1.21152 -2.28392 
1.12322 -1.74355 -1.53835 1.43508 1.82885 1.24096 -1.08646 1.5301 -1.679 -0.92034 -1.3831 -1.29173 1.21152 -2.28392 
1.12347 -1.74373 -1.53864 1.4359 1.82772 1.23994 -1.08579 1.5301 -1.679 -0.92034 -1.3831 -1.29173 1.21152 -2.28392 
1.12324 -1.74372 -1.53861 1.4354 1.82829 1.24063 -1.08587 1.5301 -1.679 -0.92034 -1.3831 -1.29173 1.21152 -2.28392 
1.12327 -1.74364 -1.53848 1.43533 1.8285 1.24065 -1.08597 1.5301 -1.679 -0.92034 -1.3831 -1.29173 1.21152 -2.28392 
1.12346 -1.74322 -1.53815 1.43517 1.82901 1.24055 -1.0866 1.5301 -1.679 -0.92034 -1.3831 -1.29173 1.21152 -2.28392 
1.12358 -1.74344 -1.53847 1.43581 1.82797 1.23979 -1.08617 1.5301 -1.679 -0.92034 -1.3831 -1.29173 1.21152 -2.28392 
1.12366 -1.74351 -1.53855 1.43608 1.82765 1.23949 -1.08588 1.5301 -1.679 -0.92034 -1.3831 -1.29173 1.21152 -2.28392 
1.12315 -1.74377 -1.53862 1.43525 1.82841 1.24089 -1.08603 1.5301 -1.679 -0.92034 -1.3831 -1.29173 1.21152 -2.28392 
1.12319 -1.74397 -1.53879 1.43561 1.8279 1.24055 -1.0855 1.5301 -1.679 -0.92034 -1.3831 -1.29173 1.21152 -2.28392 
1.12325 -1.7437 -1.53859 1.43537 1.82832 1.24066 -1.08603 1.5301 -1.679 -0.92034 -1.3831 -1.29173 1.21152 -2.28392 
1.1235 -1.74336 -1.53834 1.43549 1.82851 1.24021 -1.08618 1.5301 -1.679 -0.92034 -1.3831 -1.29173 1.21152 -2.28392 
1.12317 -1.74353 -1.53837 1.43493 1.82899 1.24116 -1.08652 1.5301 -1.679 -0.92034 -1.3831 -1.29173 1.21152 -2.28392 
1.12354 -1.74347 -1.53846 1.43572 1.82807 1.23998 -1.08634 1.5301 -1.679 -0.92034 -1.3831 -1.29173 1.21152 -2.28392 
