1.10896 -1.87665 -1.71078 1.34731 2.02418 1.17223 -1.22405 -1.10298 0.606278 0.0541285 -1.38233 -1.95422 -1.13569 -0.479168 
1.09248 -1.8781 -1.72664 1.34459 2.00775 1.14149 -1.16235 -1.10298 0.606278 0.0541285 -1.38233 -1.95422 -1.13569 -0.479168 
1.09123 -1.87778 -1.72617 1.34151 2.01124 1.1453 -1.16014 -1.10298 0.606278 0.0541285 -1.38233 -1.95422 -1.13569 -0.479168 
1.09018 -1.87762 -1.72626 1.33841 2.0145 1.15065 -1.16056 -1.10298 0.606278 0.0541285 -1.38233 -1.95422 -1.13569 -0.479168 
1.08871 -1.87934 -1.72822 1.33848 2.01309 1.15236 -1.15832 -1.10298 0.606278 0.0541285 -1.38233 -1.95422 -1.13569 -0.479168 
1.09067 -1.87861 -1.72776 1.34066 2.01231 1.14941 -1.1584 -1.10298 0.606278 0.0541285 -1.38233 -1.95422 -1.13569 -0.479168 
1.09289 -1.87714 -1.72603 1.34003 2.01291 1.14898 -1.16437 -1.10298 0.606278 0.0541285 -1.38233 -1.95422 -1.13569 -0.479168 
1.09573 -1.87548 -1.72396 1.33984 2.01391 1.14846 -1.1705 -1.10298 0.606278 0.0541285 -1.38233 -1.95422 -1.13569 -0.479168 
1.09771 -1.87582 -1.72346 1.34115 2.01367 1.14803 -1.17135 -1.10298 0.606278 0.0541285 -1.38233 -1.95422 -1.13569 -0.479168 
1.1002 -1.87644 -1.7223 1.34284 2.0158 1.15002 -1.17186 -1.10298 0.606278 0.0541285 -1.38233 -1.95422 -1.13569 -0.479168 
1.10476 -1.875 -1.71923 1.3461 2.019 1.15001 -1.17521 -1.10298 0.606278 0.0541285 -1.38233 -1.95422 -1.13569 -0.479168 
1.10765 -1.87539 -1.71824 1.34919 2.01975 1.15075 -1.17707 -1.10298 0.606278 0.0541285 -1.38233 -1.95422 -1.13569 -0.479168 
1.11059 -1.87601 -1.71729 1.35294 2.01952 1.14969 -1.17779 -1.10298 0.606278 0.0541285 -1.38233 -1.95422 -1.13569 -0.479168 
1.11166 -1.87745 -1.71773 1.35518 2.01894 1.15059 -1.17753 -1.10298 0.606278 0.0541285 -1.38233 -1.95422 -1.13569 -0.479168 
1.11322 -1.87793 -1.71749 1.35787 2.01842 1.14986 -1.17748 -1.10298 0.606278 0.0541285 -1.38233 -1.95422 -1.13569 -0.479168 
1.1146 -1.87854 -1.71747 1.36018 2.01761 1.14902 -1.17763 -1.10298 0.606278 0.0541285 -1.38233 -1.95422 -1.13569 -0.479168 
1.11616 -1.87837 -1.7166 1.36171 2.01831 1.14871 -1.17821 -1.10298 0.606278 0.0541285 -1.38233 -1.95422 -1.13569 -0.479168 
1.1174 -1.87816 -1.71575 1.36252 2.01901 1.14896 -1.17946 -1.10298 0.606278 0.0541285 -1.38233 -1.95422 -1.13569 -0.479168 
1.11712 -1.87948 -1.71627 1.36253 2.01897 1.15077 -1.17933 -1.10298 0.606278 0.0541285 -1.38233 -1.95422 -1.13569 -0.479168 
1.11797 -1.87915 -1.71599 1.36333 2.01915 1.15074 -1.17987 -1.10298 0.606278 0.0541285 -1.38233 -1.95422 -1.13569 -0.479168 
1.11883 -1.87967 -1.71531 1.36434 2.01985 1.15108 -1.18006 -1.10298 0.606278 0.0541285 -1.38233 -1.95422 -1.13569 -0.479168 
1.12092 -1.87784 -1.7138 1.3652 2.02115 1.15016 -1.18262 -1.10298 0.606278 0.0541285 -1.38233 -1.95422 -1.13569 -0.479168 
1.12095 -1.87915 -1.71486 1.36669 2.01948 1.14938 -1.18053 -1.10298 0.606278 0.0541285 -1.38233 -1.95422 -1.13569 -0.479168 
1.12098 -1.88012 -1.71476 1.36697 2.01974 1.15014 -1.18023 -1.10298 0.606278 0.0541285 -1.38233 -1.95422 -1.13569 -0.479168 
1.12224 -1.87941 -1.71453 1.36853 2.01915 1.14844 -1.18063 -1.10298 0.606278 0.0541285 -1.38233 -1.95422 -1.13569 -0.479168 
1.12205 -1.87936 -1.71355 1.36704 2.02155 1.15148 -1.1819 -1.10298 0.606278 0.0541285 -1.38233 -1.95422 -1.13569 -0.479168 
1.1214 -1.88074 -1.71426 1.36691 2.02123 1.15314 -1.18127 -1.10298 0.606278 0.0541285 -1.38233 -1.95422 -1.13569 -0.479168 
1.12239 -1.88058 -1.71431 1.36855 2.02013 1.15126 -1.18073 -1.10298 0.606278 0.0541285 -1.38233 -1.95422 -1.13569 -0.479168 
1.12463 -1.88052 -1.71343 1.37087 2.02017 1.15013 -1.18176 -1.10298 0.606278 0.0541285 -1.38233 -1.95422 -1.13569 -0.479168 
1.12755 -1.87952 -1.71183 1.37365 2.02056 1.14784 -1.18319 -1.10298 0.606278 0.0541285 -1.38233 -1.95422 -1.13569 -0.479168 
1.12855 -1.88025 -1.71157 1.3742 2.0213 1.14973 -1.18394 -1.10298 0.606278 0.0541285 -1.38233 -1.95422 -1.13569 -0.479168 
1.12886 -1.88078 -1.71168 1.37441 2.02182 1.15183 -1.18451 -1.10298 0.606278 0.0541285 -1.38233 -1.95422 -1.13569 -0.479168 
1.12979 -1.8811 -1.71142 1.37604 2.02199 1.1521 -1.18431 -1.10298 0.606278 0.0541285 -1.38233 -1.95422 -1.13569 -0.479168 
1.13094 -1.88124 -1.71094 1.37754 2.02241 1.15152 -1.18354 -1.10298 0.606278 0.0541285 -1.38233 -1.95422 -1.13569 -0.479168 
1.13178 -1.88191 -1.71125 1.37982 2.0211 1.14989 -1.18233 -1.10298 0.606278 0.0541285 -1.38233 -1.95422 -1.13569 -0.479168 
1.13189 -1.88228 -1.71136 1.38087 2.0203 1.14943 -1.18241 -1.10298 0.606278 0.0541285 -1.38233 -1.95422 -1.13569 -0.479168 
1.13231 -1.88253 -1.71154 1.38143 2.02003 1.14894 -1.1816 -1.10298 0.606278 0.0541285 -1.38233 -1.95422 -1.13569 -0.479168 
1.13257 -1.88242 -1.71094 1.38097 2.02055 1.14927 -1.18308 -1.10298 0.606278 0.0541285 -1.38233 -1.95422 -1.13569 -0.479168 
1.13356 -1.88204 -1.71118 1.38253 2.0194 1.14612 -1.18163 -1.10298 0.606278 0.0541285 -1.38233 -1.95422 -1.13569 -0.479168 
1.13331 -1.8822 -1.71093 1.3817 2.02045 1.14759 -1.18221 -1.10298 0.606278 0.0541285 -1.38233 -1.95422 -1.13569 -0.479168 
1.13247 -1.88351 -1.71175 1.3816 2.02016 1.149 -1.18079 -1.10298 0.606278 0.0541285 -1.38233 -1.95422 -1.13569 -0.479168 
1.13215 -1.88358 -1.71157 1.38102 2.02056 1.15 -1.18127 -1.10298 0.606278 0.0541285 -1.38233 -1.95422 -1.13569 -0.479168 
1.13268 -1.88295 -1.71129 1.38186 2.02034 1.14846 -1.18131 -1.10298 0.606278 0.0541285 -1.38233 -1.95422 -1.13569 -0.479168 
1.13241 -1.88284 -1.71096 1.38098 2.02121 1.1493 -1.18198 -1.10298 0.606278 0.0541285 -1.38233 -1.95422 -1.13569 -0.479168 
1.1333 -1.88246 -1.71098 1.38228 2.02031 1.14707 -1.18129 -1.10298 0.606278 0.0541285 -1.38233 -1.95422 -1.13569 -0.479168 
1.13321 -1.88271 -1.71074 1.38176 2.02082 1.14813 -1.18184 -1.10298 0.606278 0.0541285 -1.38233 -1.95422 -1.13569 -0.479168 
1.13378 -1.88203 -1.71096 1.38273 2.01994 1.14595 -1.182 -1.10298 0.606278 0.0541285 -1.38233 -1.95422 -1.13569 -0.479168 
1.13184 -1.88367 -1.71175 1.38079 2.02086 1.15017 -1.18141 -1.10298 0.606278 0.0541285 -1.38233 -1.95422 -1.13569 -0.479168 
1.13124 -1.88408 -1.71155 1.37953 2.02209 1.153 -1.18186 -1.10298 0.606278 0.0541285 -1.38233 -1.95422 -1.13569 -0.479168 
1.13278 -1.88222 -1.71055 1.38025 2.02259 1.15074 -1.18326 -1.10298 0.606278 0.0541285 -1.38233 -1.95422 -1.13569 -0.479168 
1.1329 -1.88261 -1.711 1.3811 2.02141 1.14942 -1.18225 -1.10298 0.606278 0.0541285 -1.38233 -1.95422 -1.13569 -0.479168 
1.1329 -1.88222 -1.71085 1.38089 2.02146 1.14946 -1.18266 -1.10298 0.606278 0.0541285 -1.38233 -1.95422 -1.13569 -0.479168 
1.13231 -1.88256 -1.71057 1.37978 2.02273 1.15129 -1.18307 -1.10298 0.606278 0.0541285 -1.38233 -1.95422 -1.13569 -0.479168 
1.13179 -1.8826 -1.71059 1.3791 2.02322 1.15251 -1.18343 -1.10298 0.606278 0.0541285 -1.38233 -1.95422 -1.13569 -0.479168 
1.13231 -1.88299 -1.71101 1.3805 2.02152 1.15041 -1.18261 -1.10298 0.606278 0.0541285 -1.38233 -1.95422 -1.13569 -0.479168 
1.13301 -1.88195 -1.71037 1.38093 2.02135 1.14904 -1.18389 -1.10298 0.606278 0.0541285 -1.38233 -1.95422 -1.13569 -0.479168 
1.13304 -1.88182 -1.71051 1.38105 2.02103 1.14856 -1.1843 -1.10298 0.606278 0.0541285 -1.38233 -1.95422 -1.13569 -0.479168 
1.13379 -1.88133 -1.71 1.38158 2.02091 1.14734 -1.1845 -1.10298 0.606278 0.0541285 -1.38233 -1.95422 -1.13569 -0.479168 
1.13283 -1.88216 -1.71076 1.38064 2.02076 1.14872 -1.18457 -1.10298 0.606278 0.0541285 -1.38233 -1.95422 -1.13569 -0.479168 
1.13222 -1.88243 -1.71106 1.37978 2.0211 1.15057 -1.18531 -1.10298 0.606278 0.0541285 -1.38233 -1.95422 -1.13569 -0.479168 
1.13278 -1.88184 -1.71064 1.38003 2.02135 1.14997 -1.18553 -1.10298 0.606278 0.0541285 -1.38233 -1.95422 -1.13569 -0.479168 
1.13255 -1.883 -1.71209 1.38175 2.01848 1.14768 -1.18359 -1.10298 0.606278 0.0541285 -1.38233 -1.95422 -1.13569 -0.479168 
1.13216 -1.88302 -1.71223 1.38129 2.0187 1.14818 -1.18399 -1.10298 0.606278 0.0541285 -1.38233 -1.95422 -1.13569 -0.479168 
1.13298 -1.88202 -1.71121 1.38123 2.01978 1.14784 -1.1849 -1.10298 0.606278 0.0541285 -1.38233 -1.95422 -1.13569 -0.479168 
1.13273 -1.88204 -1.71136 1.38106 2.01958 1.14771 -1.18496 -1.10298 0.606278 0.0541285 -1.38233 -1.95422 -1.13569 -0.479168 
1.13285 -1.88152 -1.71082 1.38033 2.02092 1.14885 -1.18565 -1.10298 0.606278 0.0541285 -1.38233 -1.95422 -1.13569 -0.479168 
1.1327 -1.88226 -1.71092 1.38037 2.02059 1.1491 -1.18549 -1.10298 0.606278 0.0541285 -1.38233 -1.95422 -1.13569 -0.479168 
1.13353 -1.88095 -1.71058 1.38097 2.02034 1.14736 -1.18606 -1.10298 0.606278 0.0541285 -1.38233 -1.95422 -1.13569 -0.479168 
1.13269 -1.8813 -1.71074 1.37998 2.02106 1.14907 -1.18639 -1.10298 0.606278 0.0541285 -1.38233 -1.95422 -1.13569 -0.479168 
1.1322 -1.88142 -1.71074 1.37942 2.02154 1.15006 -1.1861 -1.10298 0.606278 0.0541285 -1.38233 -1.95422 -1.13569 -0.479168 
1.13335 -1.88104 -1.71008 1.3804 2.02115 1.14829 -1.18676 -1.10298 0.606278 0.0541285 -1.38233 -1.95422 -1.13569 -0.479168 
1.13324 -1.88097 -1.70983 1.37954 2.02223 1.14968 -1.18733 -1.10298 0.606278 0.0541285 -1.38233 -1.95422 -1.13569 -0.479168 
1.13295 -1.8814 -1.71042 1.38004 2.02125 1.1494 -1.18676 -1.10298 0.606278 0.0541285 -1.38233 -1.95422 -1.13569 -0.479168 
1.13345 -1.88135 -1.71054 1.38129 2.02021 1.14731 -1.18541 -1.10298 0.606278 0.0541285 -1.38233 -1.95422 -1.13569 -0.479168 
1.13378 -1.8814 -1.71068 1.38246 2.0191 1.14507 -1.18481 -1.10298 0.606278 0.0541285 -1.38233 -1.95422 -1.13569 -0.479168 
1.1339 -1.88056 -1.71024 1.38179 2.02016 1.14545 -1.1856 -1.10298 0.606278 0.0541285 -1.38233 -1.95422 -1.13569 -0.479168 
1.1339 -1.88126 -1.71057 1.38211 2.01947 1.14554 -1.18552 -1.10298 0.606278 0.0541285 -1.38233 -1.95422 -1.13569 -0.479168 
1.13382 -1.88038 -1.71005 1.38109 2.0209 1.14664 -1.18655 -1.10298 0.606278 0.0541285 -1.38233 -1.95422 -1.13569 -0.479168 
1.13339 -1.88163 -1.71059 1.38112 2.02073 1.14769 -1.18558 -1.10298 0.606278 0.0541285 -1.38233 -1.95422 -1.13569 -0.479168 
1.13441 -1.88121 -1.71086 1.38322 2.01859 1.14393 -1.18474 -1.10298 0.606278 0.0541285 -1.38233 -1.95422 -1.13569 -0.479168 
1.13504 -1.88032 -1.70987 1.38304 2.0198 1.14361 -1.18529 -1.10298 0.606278 0.0541285 -1.38233 -1.95422 -1.13569 -0.479168 
1.13281 -1.8823 -1.71128 1.38124 2.02026 1.14797 -1.18416 -1.10298 0.606278 0.0541285 -1.38233 -1.95422 -1.13569 -0.479168 
1.13237 -1.88358 -1.71231 1.38235 2.01847 1.14728 -1.18172 -1.10298 0.606278 0.0541285 -1.38233 -1.95422 -1.13569 -0.479168 
1.13268 -1.88271 -1.71126 1.38112 2.02062 1.14884 -1.1829 -1.10298 0.606278 0.0541285 -1.38233 -1.95422 -1.13569 -0.479168 
1.13203 -1.88324 -1.71142 1.38037 2.02143 1.15048 -1.18277 -1.10298 0.606278 0.0541285 -1.38233 -1.95422 -1.13569 -0.479168 
1.13257 -1.88247 -1.71119 1.38113 2.021 1.14878 -1.18269 -1.10298 0.606278 0.0541285 -1.38233 -1.95422 -1.13569 -0.479168 
1.13222 -1.8834 -1.71156 1.38132 2.02076 1.1491 -1.18174 -1.10298 0.606278 0.0541285 -1.38233 -1.95422 -1.13569 -0.479168 
1.13252 -1.88289 -1.71139 1.38124 2.02116 1.14907 -1.18212 -1.10298 0.606278 0.0541285 -1.38233 -1.95422 -1.13569 -0.479168 
1.1325 -1.88211 -1.71068 1.38021 2.02291 1.15029 -1.18308 -1.10298 0.606278 0.0541285 -1.38233 -1.95422 -1.13569 -0.479168 
1.13299 -1.88271 -1.71116 1.38177 2.02114 1.14797 -1.18168 -1.10298 0.606278 0.0541285 -1.38233 -1.95422 -1.13569 -0.479168 
1.13287 -1.88253 -1.71082 1.38114 2.02169 1.14853 -1.1823 -1.10298 0.606278 0.0541285 -1.38233 -1.95422 -1.13569 -0.479168 
1.13368 -1.88129 -1.70997 1.38105 2.02259 1.14783 -1.18392 -1.10298 0.606278 0.0541285 -1.38233 -1.95422 -1.13569 -0.479168 
1.13295 -1.88255 -1.71112 1.38154 2.02107 1.14773 -1.18253 -1.10298 0.606278 0.0541285 -1.38233 -1.95422 -1.13569 -0.479168 
1.1332 -1.88195 -1.71045 1.38084 2.02223 1.1484 -1.18339 -1.10298 0.606278 0.0541285 -1.38233 -1.95422 -1.13569 -0.479168 
1.13295 -1.88222 -1.71083 1.38124 2.02187 1.1483 -1.18282 -1.10298 0.606278 0.0541285 -1.38233 -1.95422 -1.13569 -0.479168 
1.13317 -1.88207 -1.71073 1.38175 2.02144 1.14749 -1.18266 -1.10298 0.606278 0.0541285 -1.38233 -1.95422 -1.13569 -0.479168 
1.13306 -1.88187 -1.71058 1.38086 2.02255 1.14879 -1.18303 -1.10298 0.606278 0.0541285 -1.38233 -1.95422 -1.13569 -0.479168 
1.13278 -1.88275 -1.71141 1.3815 2.02121 1.14843 -1.18182 -1.10298 0.606278 0.0541285 -1.38233 -1.95422 -1.13569 -0.479168 
1.13359 -1.88134 -1.71008 1.38142 2.02216 1.14768 -1.18371 -1.10298 0.606278 0.0541285 -1.38233 -1.95422 -1.13569 -0.479168 
1.13318 -1.88136 -1.71 1.38132 2.02245 1.1482 -1.1834 -1.10298 0.606278 0.0541285 -1.38233 -1.95422 -1.13569 -0.479168 
1.13346 -1.88176 -1.71047 1.38209 2.02133 1.14709 -1.18257 -1.10298 0.606278 0.0541285 -1.38233 -1.95422 -1.13569 -0.479168 
1.13347 -1.88131 -1.71004 1.38083 2.02248 1.14832 -1.18392 -1.10298 0.606278 0.0541285 -1.38233 -1.95422 -1.13569 -0.479168 
1.13354 -1.88133 -1.70994 1.38085 2.02259 1.14795 -1.18382 -1.10298 0.606278 0.0541285 -1.38233 -1.95422 -1.13569 -0.479168 
1.13356 -1.88144 -1.71047 1.38167 2.0213 1.14681 -1.18353 -1.10298 0.606278 0.0541285 -1.38233 -1.95422 -1.13569 -0.479168 
1.13325 -1.88162 -1.7104 1.38105 2.02192 1.14826 -1.18397 -1.10298 0.606278 0.0541285 -1.38233 -1.95422 -1.13569 -0.479168 
1.13337 -1.88184 -1.71057 1.38127 2.02176 1.14799 -1.18296 -1.10298 0.606278 0.0541285 -1.38233 -1.95422 -1.13569 -0.479168 
1.13313 -1.88193 -1.7108 1.38143 2.02116 1.14784 -1.18331 -1.10298 0.606278 0.0541285 -1.38233 -1.95422 -1.13569 -0.479168 
1.13312 -1.88161 -1.71057 1.38087 2.02186 1.14859 -1.1841 -1.10298 0.606278 0.0541285 -1.38233 -1.95422 -1.13569 -0.479168 
1.13293 -1.88167 -1.71072 1.381 2.02174 1.14837 -1.18368 -1.10298 0.606278 0.0541285 -1.38233 -1.95422 -1.13569 -0.479168 
1.13308 -1.88146 -1.71061 1.38089 2.02175 1.14827 -1.18398 -1.10298 0.606278 0.0541285 -1.38233 -1.95422 -1.13569 -0.479168 
1.13295 -1.88222 -1.71127 1.38172 2.02032 1.14753 -1.18334 -1.10298 0.606278 0.0541285 -1.38233 -1.95422 -1.13569 -0.479168 
1.13337 -1.8815 -1.7107 1.38175 2.02079 1.14705 -1.18355 -1.10298 0.606278 0.0541285 -1.38233 -1.95422 -1.13569 -0.479168 
1.13326 -1.88193 -1.71108 1.38211 2.02006 1.14653 -1.18297 -1.10298 0.606278 0.0541285 -1.38233 -1.95422 -1.13569 -0.479168 
1.13379 -1.88139 -1.71059 1.38196 2.02006 1.14616 -1.18413 -1.10298 0.606278 0.0541285 -1.38233 -1.95422 -1.13569 -0.479168 
1.13341 -1.88146 -1.71062 1.38143 2.02086 1.14728 -1.18409 -1.10298 0.606278 0.0541285 -1.38233 -1.95422 -1.13569 -0.479168 
1.13311 -1.88139 -1.71047 1.38072 2.02143 1.14827 -1.1844 -1.10298 0.606278 0.0541285 -1.38233 -1.95422 -1.13569 -0.479168 
1.13333 -1.88147 -1.71057 1.38124 2.02116 1.14727 -1.18372 -1.10298 0.606278 0.0541285 -1.38233 -1.95422 -1.13569 -0.479168 
1.13315 -1.88201 -1.71115 1.38227 2.01967 1.14594 -1.18269 -1.10298 0.606278 0.0541285 -1.38233 -1.95422 -1.13569 -0.479168 
1.13261 -1.88499 -1.71121 1.38346 2.02179 1.14915 -1.17587 -1.10298 0.606278 0.0541285 -1.38233 -1.95422 -1.13569 -0.479168 
1.13299 -1.88837 -1.71139 1.38657 2.02232 1.14945 -1.16778 -1.10298 0.606278 0.0541285 -1.38233 -1.95422 -1.13569 -0.479168 
1.13262 -1.89211 -1.7118 1.38906 2.02371 1.15121 -1.15802 -1.10298 0.606278 0.0541285 -1.38233 -1.95422 -1.13569 -0.479168 
1.13122 -1.89756 -1.71341 1.39192 2.02376 1.15316 -1.14616 -1.10298 0.606278 0.0541285 -1.38233 -1.95422 -1.13569 -0.479168 
1.12958 -1.90254 -1.71476 1.39371 2.02485 1.15609 -1.1346 -1.10298 0.606278 0.0541285 -1.38233 -1.95422 -1.13569 -0.479168 
1.12834 -1.90879 -1.71749 1.39837 2.02253 1.15506 -1.11956 -1.10298 0.606278 0.0541285 -1.38233 -1.95422 -1.13569 -0.479168 
1.12637 -1.91345 -1.71872 1.39973 2.0245 1.15842 -1.10775 -1.10298 0.606278 0.0541285 -1.38233 -1.95422 -1.13569 -0.479168 
1.1242 -1.91904 -1.72037 1.40171 2.0258 1.16107 -1.09317 -1.10298 0.606278 0.0541285 -1.38233 -1.95422 -1.13569 -0.479168 
1.12103 -1.92475 -1.72236 1.40229 2.02785 1.16558 -1.07834 -1.10298 0.606278 0.0541285 -1.38233 -1.95422 -1.13569 -0.479168 
1.11859 -1.93085 -1.72459 1.40505 2.02817 1.16671 -1.06149 -1.10298 0.606278 0.0541285 -1.38233 -1.95422 -1.13569 -0.479168 
1.1157 -1.93599 -1.7262 1.40578 2.03105 1.17052 -1.04564 -1.10298 0.606278 0.0541285 -1.38233 -1.95422 -1.13569 -0.479168 
1.11137 -1.94214 -1.72838 1.40512 2.03469 1.17701 -1.02906 -1.10298 0.606278 0.0541285 -1.38233 -1.95422 -1.13569 -0.479168 
1.10729 -1.94817 -1.73079 1.40529 2.03708 1.18124 -1.01122 -1.10298 0.606278 0.0541285 -1.38233 -1.95422 -1.13569 -0.479168 
1.10346 -1.95385 -1.73293 1.40577 2.04007 1.18437 -0.991406 -1.10298 0.606278 0.0541285 -1.38233 -1.95422 -1.13569 -0.479168 
1.09792 -1.96126 -1.7364 1.40575 2.04197 1.1894 -0.970268 -1.10298 0.606278 0.0541285 -1.38233 -1.95422 -1.13569 -0.479168 
1.09326 -1.96677 -1.73856 1.40461 2.04591 1.19452 -0.951266 -1.10298 0.606278 0.0541285 -1.38233 -1.95422 -1.13569 -0.479168 
1.08956 -1.96699 -1.7336 1.40303 2.04417 1.20411 -0.929611 -1.10298 0.606278 0.0541285 -1.38233 -1.95422 -1.13569 -0.479168 
1.08507 -1.96699 -1.72875 1.4011 2.04061 1.21503 -0.907054 -1.10298 0.606278 0.0541285 -1.38233 -1.95422 -1.13569 -0.479168 
1.08004 -1.96699 -1.72366 1.39891 2.03546 1.22664 -0.883773 -1.10298 0.606278 0.0541285 -1.38233 -1.95422 -1.13569 -0.479168 
1.07426 -1.96699 -1.71834 1.39526 2.03256 1.24012 -0.860474 -1.10298 0.606278 0.0541285 -1.38233 -1.95422 -1.13569 -0.479168 
1.06977 -1.96699 -1.71353 1.39404 2.0264 1.24982 -0.837934 -1.10298 0.606278 0.0541285 -1.38233 -1.95422 -1.13569 -0.479168 
1.06522 -1.96699 -1.70948 1.38974 2.02753 1.2608 -0.82118 -1.10298 0.606278 0.0541285 -1.38233 -1.95422 -1.13569 -0.479168 
1.05985 -1.96699 -1.70509 1.38674 2.02359 1.27196 -0.800582 -1.10298 0.606278 0.0541285 -1.38233 -1.95422 -1.13569 -0.479168 
1.05526 -1.96699 -1.7003 1.38689 2.01495 1.28016 -0.777136 -1.10298 0.606278 0.0541285 -1.38233 -1.95422 -1.13569 -0.479168 
1.05134 -1.96706 -1.69628 1.38478 2.01258 1.28824 -0.757656 -1.10298 0.606278 0.0541285 -1.38233 -1.95422 -1.13569 -0.479168 
1.04466 -1.96699 -1.69373 1.37869 2.01195 1.30059 -0.741538 -1.10298 0.606278 0.0541285 -1.38233 -1.95422 -1.13569 -0.479168 
1.03919 -1.96699 -1.693 1.37484 2.0074 1.30743 -0.729896 -1.10298 0.606278 0.0541285 -1.38233 -1.95422 -1.13569 -0.479168 
1.03518 -1.96699 -1.69305 1.36987 2.00952 1.31154 -0.722257 -1.10298 0.606278 0.0541285 -1.38233 -1.95422 -1.13569 -0.479168 
1.03225 -1.96699 -1.69323 1.36645 2.01131 1.31286 -0.716482 -1.10298 0.606278 0.0541285 -1.38233 -1.95422 -1.13569 -0.479168 
1.0289 -1.96699 -1.69336 1.36275 2.01224 1.31622 -0.711239 -1.10298 0.606278 0.0541285 -1.38233 -1.95422 -1.13569 -0.479168 
1.02635 -1.96699 -1.69353 1.36046 2.01077 1.3182 -0.707831 -1.10298 0.606278 0.0541285 -1.38233 -1.95422 -1.13569 -0.479168 
1.02467 -1.96699 -1.69373 1.35943 2.00865 1.31824 -0.705345 -1.10298 0.606278 0.0541285 -1.38233 -1.95422 -1.13569 -0.479168 
1.02201 -1.96699 -1.69409 1.3563 2.00819 1.32125 -0.705738 -1.10298 0.606278 0.0541285 -1.38233 -1.95422 -1.13569 -0.479168 
1.02343 -1.96548 -1.69244 1.35657 2.00822 1.31841 -0.710616 -1.10298 0.606278 0.0541285 -1.38233 -1.95422 -1.13569 -0.479168 
1.02374 -1.9654 -1.69253 1.35645 2.0066 1.3181 -0.715132 -1.10298 0.606278 0.0541285 -1.38233 -1.95422 -1.13569 -0.479168 
1.0233 -1.9658 -1.69351 1.35561 2.00418 1.31905 -0.721061 -1.10298 0.606278 0.0541285 -1.38233 -1.95422 -1.13569 -0.479168 
1.02383 -1.96528 -1.69344 1.35522 2.00193 1.31956 -0.730199 -1.10298 0.606278 0.0541285 -1.38233 -1.95422 -1.13569 -0.479168 
1.02556 -1.96424 -1.69268 1.35593 1.99916 1.31847 -0.74166 -1.10298 0.606278 0.0541285 -1.38233 -1.95422 -1.13569 -0.479168 
1.02578 -1.96406 -1.69326 1.35502 1.99626 1.32057 -0.753576 -1.10298 0.606278 0.0541285 -1.38233 -1.95422 -1.13569 -0.479168 
1.03013 -1.96183 -1.69101 1.35777 1.99275 1.31684 -0.769312 -1.10298 0.606278 0.0541285 -1.38233 -1.95422 -1.13569 -0.479168 
1.03371 -1.96043 -1.68998 1.36041 1.98782 1.31417 -0.786038 -1.10298 0.606278 0.0541285 -1.38233 -1.95422 -1.13569 -0.479168 
1.03524 -1.95938 -1.68942 1.35937 1.98545 1.31718 -0.805026 -1.10298 0.606278 0.0541285 -1.38233 -1.95422 -1.13569 -0.479168 
1.03678 -1.95922 -1.69 1.35954 1.98062 1.31987 -0.825236 -1.10298 0.606278 0.0541285 -1.38233 -1.95422 -1.13569 -0.479168 
1.0418 -1.95697 -1.68793 1.3625 1.97604 1.31701 -0.846767 -1.10298 0.606278 0.0541285 -1.38233 -1.95422 -1.13569 -0.479168 
1.04529 -1.95526 -1.68666 1.36318 1.97222 1.31749 -0.869124 -1.10298 0.606278 0.0541285 -1.38233 -1.95422 -1.13569 -0.479168 
1.04906 -1.95384 -1.68574 1.36513 1.96694 1.3169 -0.892146 -1.10298 0.606278 0.0541285 -1.38233 -1.95422 -1.13569 -0.479168 
1.05317 -1.95173 -1.68395 1.36599 1.96319 1.31706 -0.917031 -1.10298 0.606278 0.0541285 -1.38233 -1.95422 -1.13569 -0.479168 
1.05899 -1.94884 -1.68114 1.36842 1.95897 1.3143 -0.941989 -1.10298 0.606278 0.0541285 -1.38233 -1.95422 -1.13569 -0.479168 
1.06272 -1.94696 -1.67961 1.36833 1.9551 1.31572 -0.969239 -1.10298 0.606278 0.0541285 -1.38233 -1.95422 -1.13569 -0.479168 
1.06582 -1.9453 -1.67842 1.36751 1.95191 1.31858 -0.995826 -1.10298 0.606278 0.0541285 -1.38233 -1.95422 -1.13569 -0.479168 
1.06931 -1.94417 -1.67782 1.36845 1.94644 1.31899 -1.02079 -1.10298 0.606278 0.0541285 -1.38233 -1.95422 -1.13569 -0.479168 
1.0747 -1.94003 -1.67403 1.36719 1.94556 1.31986 -1.05105 -1.10298 0.606278 0.0541285 -1.38233 -1.95422 -1.13569 -0.479168 
1.07675 -1.9384 -1.67285 1.36419 1.94387 1.32545 -1.07909 -1.10298 0.606278 0.0541285 -1.38233 -1.95422 -1.13569 -0.479168 
1.07915 -1.93745 -1.67242 1.36271 1.94025 1.32885 -1.10506 -1.10298 0.606278 0.0541285 -1.38233 -1.95422 -1.13569 -0.479168 
1.08259 -1.93453 -1.67018 1.36082 1.93857 1.3306 -1.13237 -1.10298 0.606278 0.0541285 -1.38233 -1.95422 -1.13569 -0.479168 
