1.04997 -1.68198 -1.4294 1.32091 -1.4312 -1.42397 2.19117 -1.11046 0.608541 0.0658396 -1.37776 -1.96175 -1.13253 -0.474404 
1.0483 -1.67696 -1.42741 1.30792 -1.43566 -1.41414 2.16337 -1.11086 0.606551 0.0662772 -1.38233 -1.96054 -1.13132 -0.477197 
1.03744 -1.66835 -1.42707 1.27836 -1.43575 -1.41033 2.11811 -1.11086 0.606549 0.0662777 -1.38233 -1.96054 -1.13132 -0.4772 
1.03162 -1.66699 -1.42863 1.26516 -1.4347 -1.41404 2.09973 -1.11086 0.606549 0.0662777 -1.38233 -1.96054 -1.13132 -0.4772 
1.02859 -1.66691 -1.42893 1.2572 -1.4328 -1.41792 2.08984 -1.11086 0.606549 0.0662777 -1.38233 -1.96054 -1.13132 -0.4772 
1.02819 -1.66641 -1.42827 1.25504 -1.43038 -1.41962 2.0904 -1.11086 0.606549 0.0662777 -1.38233 -1.96054 -1.13132 -0.4772 
1.03103 -1.66655 -1.42982 1.26174 -1.4312 -1.41984 2.0986 -1.11086 0.606549 0.0662777 -1.38233 -1.96054 -1.13132 -0.4772 
1.03888 -1.66319 -1.42901 1.27547 -1.43174 -1.41513 2.10431 -1.11086 0.606549 0.0662777 -1.38233 -1.96054 -1.13132 -0.4772 
1.04655 -1.66242 -1.42984 1.29162 -1.43254 -1.41401 2.11392 -1.11086 0.606549 0.0662777 -1.38233 -1.96054 -1.13132 -0.4772 
1.05466 -1.66059 -1.4295 1.30797 -1.43335 -1.41059 2.1224 -1.11086 0.606549 0.0662777 -1.38233 -1.96054 -1.13132 -0.4772 
1.06174 -1.65787 -1.42936 1.32232 -1.43638 -1.40361 2.13037 -1.11086 0.606549 0.0662777 -1.38233 -1.96054 -1.13132 -0.4772 
1.06664 -1.65594 -1.42727 1.32964 -1.43392 -1.40241 2.13309 -1.11086 0.606549 0.0662777 -1.38233 -1.96054 -1.13132 -0.4772 
1.06918 -1.6566 -1.42805 1.33581 -1.43351 -1.40426 2.13722 -1.11086 0.606549 0.0662777 -1.38233 -1.96054 -1.13132 -0.4772 
1.07277 -1.65633 -1.429 1.34439 -1.43673 -1.4009 2.1426 -1.11086 0.606549 0.0662777 -1.38233 -1.96054 -1.13132 -0.4772 
1.07669 -1.65538 -1.42844 1.35115 -1.43565 -1.40053 2.1458 -1.11086 0.606549 0.0662777 -1.38233 -1.96054 -1.13132 -0.4772 
1.08197 -1.65474 -1.42907 1.36217 -1.43587 -1.40013 2.15257 -1.11086 0.606549 0.0662777 -1.38233 -1.96054 -1.13132 -0.4772 
1.08703 -1.65362 -1.42878 1.37166 -1.4344 -1.40045 2.158 -1.11086 0.606549 0.0662777 -1.38233 -1.96054 -1.13132 -0.4772 
1.09151 -1.65394 -1.42948 1.38228 -1.43421 -1.40111 2.16575 -1.11086 0.606549 0.0662777 -1.38233 -1.96054 -1.13132 -0.4772 
1.09592 -1.65388 -1.42995 1.392 -1.43393 -1.4018 2.17136 -1.11086 0.606549 0.0662777 -1.38233 -1.96054 -1.13132 -0.4772 
1.09797 -1.65502 -1.43056 1.39721 -1.43253 -1.40488 2.17554 -1.11086 0.606549 0.0662777 -1.38233 -1.96054 -1.13132 -0.4772 
1.09668 -1.65754 -1.4317 1.39672 -1.42937 -1.41196 2.17777 -1.11086 0.606549 0.0662777 -1.38233 -1.96054 -1.13132 -0.4772 
1.09488 -1.65968 -1.43281 1.39469 -1.42798 -1.41658 2.17859 -1.11086 0.606549 0.0662777 -1.38233 -1.96054 -1.13132 -0.4772 
1.34364 -1.53896 -1.53874 1.91512 -1.62442 -1.23242 2.40642 -1.11086 0.606549 0.0662777 -1.38233 -1.96054 -1.13132 -0.4772 
1.36284 -1.52739 -1.55362 1.95415 -1.64992 -1.21887 2.42499 -1.11086 0.606549 0.0662777 -1.38233 -1.96054 -1.13132 -0.4772 
1.13095 -1.63502 -1.43428 1.46049 -1.44253 -1.37261 2.2041 -1.11086 0.606549 0.0662777 -1.38233 -1.96054 -1.13132 -0.4772 
