0.651705 -0.96749 -0.256872 1.48195 -2.47499 -1.91523 1.35271 -1.76464 1.79003 -1.07945 1.57751 2.06311 0.738244 -2.07374 
0.65143 -0.969038 -0.256913 1.4786 -2.47511 -1.91374 1.35164 -1.76967 1.78867 -1.0859 1.58867 2.05926 0.725446 -2.04948 
0.65143 -0.969038 -0.256913 1.4786 -2.47511 -1.91374 1.35164 -1.76888 1.7891 -1.08508 1.58842 2.05595 0.726634 -2.05979 
0.65143 -0.969038 -0.256913 1.4786 -2.47511 -1.91374 1.35164 -1.77029 1.78751 -1.08651 1.58974 2.05344 0.726072 -2.05949 
0.65143 -0.969038 -0.256913 1.4786 -2.47511 -1.91374 1.35164 -1.77227 1.78448 -1.08964 1.59152 2.04999 0.722643 -2.05274 
0.65143 -0.969038 -0.256913 1.4786 -2.47511 -1.91374 1.35164 -1.75552 1.79015 -1.0619 1.56476 2.05861 0.777021 -2.16811 
0.65143 -0.969038 -0.256913 1.4786 -2.47511 -1.91374 1.35164 -1.74921 1.77105 -1.05957 1.54402 2.06854 0.81284 -2.17984 
0.65143 -0.969038 -0.256913 1.4786 -2.47511 -1.91374 1.35164 -1.74512 1.76731 -1.05615 1.53479 2.07084 0.827945 -2.19906 
0.65143 -0.969038 -0.256913 1.4786 -2.47511 -1.91374 1.35164 -1.74254 1.76712 -1.05469 1.53014 2.07188 0.832983 -2.20779 
0.65143 -0.969038 -0.256913 1.4786 -2.47511 -1.91374 1.35164 -1.73767 1.76687 -1.05013 1.52185 2.07288 0.845087 -2.23322 
0.65143 -0.969038 -0.256913 1.4786 -2.47511 -1.91374 1.35164 -1.73594 1.76884 -1.04854 1.51841 2.07536 0.847527 -2.23767 
0.65143 -0.969038 -0.256913 1.4786 -2.47511 -1.91374 1.35164 -1.74767 1.7837 -1.06049 1.542 2.06679 0.800369 -2.18289 
0.65143 -0.969038 -0.256913 1.4786 -2.47511 -1.91374 1.35164 -1.74016 1.78157 -1.04981 1.52964 2.06755 0.823313 -2.23328 
0.65143 -0.969038 -0.256913 1.4786 -2.47511 -1.91374 1.35164 -1.73264 1.79457 -1.03615 1.52147 2.0721 0.83575 -2.28659 
0.65143 -0.969038 -0.256913 1.4786 -2.47511 -1.91374 1.35164 -1.73367 1.78236 -1.04113 1.5162 2.07453 0.842723 -2.26602 
0.65143 -0.969038 -0.256913 1.4786 -2.47511 -1.91374 1.35164 -1.73065 1.77842 -1.03896 1.50823 2.07631 0.853724 -2.27833 
0.65143 -0.969038 -0.256913 1.4786 -2.47511 -1.91374 1.35164 -1.73141 1.76932 -1.04353 1.50456 2.07628 0.85707 -2.26237 
0.65143 -0.969038 -0.256913 1.4786 -2.47511 -1.91374 1.35164 -1.73206 1.77951 -1.04133 1.50792 2.0762 0.846541 -2.26461 
0.65143 -0.969038 -0.256913 1.4786 -2.47511 -1.91374 1.35164 -1.7301 1.77958 -1.03956 1.50218 2.07984 0.852197 -2.26878 
0.65143 -0.969038 -0.256913 1.4786 -2.47511 -1.91374 1.35164 -1.72877 1.78739 -1.03451 1.5033 2.07807 0.848391 -2.28784 
0.65143 -0.969038 -0.256913 1.4786 -2.47511 -1.91374 1.35164 -1.73429 1.78369 -1.04036 1.50962 2.07623 0.838326 -2.2594 
0.65143 -0.969038 -0.256913 1.4786 -2.47511 -1.91374 1.35164 -1.73286 1.78542 -1.03556 1.50556 2.081 0.845317 -2.26987 
0.65143 -0.969038 -0.256913 1.4786 -2.47511 -1.91374 1.35164 -1.56767 1.57262 -1.0816 1.23662 2.15338 1.14915 -2.28471 
