1.05229 -1.92296 -1.79341 1.33796 -1.07419 -1.12746 2.04664 -1.8015 1.70874 -1.18574 1.5744 2.23065 0.658941 -2.16487 
1.02351 -1.91892 -1.79151 1.27512 -1.06467 -1.15896 2.02123 -1.79614 1.70929 -1.17114 1.56359 2.23203 0.68994 -2.20525 
1.03251 -1.91594 -1.78926 1.28759 -1.06982 -1.14119 2.02147 -1.78698 1.69483 -1.16196 1.5415 2.22906 0.736885 -2.25129 
1.0292 -1.91206 -1.78704 1.27512 -1.06836 -1.14482 2.00844 -1.78224 1.70172 -1.15353 1.53437 2.22791 0.752207 -2.28557 
1.02302 -1.91247 -1.78828 1.26317 -1.06664 -1.15618 2.0016 -1.78436 1.69132 -1.15916 1.53478 2.22425 0.751256 -2.27396 
1.0204 -1.91419 -1.78938 1.25934 -1.06471 -1.16272 2.00407 -1.78563 1.67807 -1.16621 1.53117 2.22843 0.755196 -2.24761 
1.02159 -1.91694 -1.79138 1.26471 -1.06404 -1.16481 2.01258 -1.79754 1.69945 -1.17677 1.5585 2.22287 0.697653 -2.2112 
1.02771 -1.9195 -1.79201 1.27789 -1.06526 -1.1607 2.01937 -1.79685 1.70103 -1.17692 1.55655 2.22375 0.697742 -2.21158 
1.03775 -1.91933 -1.78847 1.29488 -1.06371 -1.15243 2.02393 -1.78295 1.70561 -1.15815 1.53327 2.22335 0.74004 -2.2804 
1.04792 -1.92168 -1.78788 1.3151 -1.06591 -1.14194 2.03331 -1.79017 1.70409 -1.17081 1.54493 2.22467 0.713504 -2.23672 
1.05443 -1.92235 -1.78676 1.32726 -1.06687 -1.1344 2.03853 -1.78126 1.70645 -1.1574 1.53072 2.22008 0.74183 -2.2909 
1.05859 -1.92403 -1.78683 1.33558 -1.06769 -1.1312 2.04289 -1.77626 1.70221 -1.15253 1.52007 2.22053 0.760481 -2.31187 
1.06297 -1.92523 -1.78693 1.34447 -1.06993 -1.12474 2.04796 -1.77011 1.70436 -1.14482 1.5089 2.22321 0.778886 -2.33868 
1.06488 -1.9262 -1.78697 1.34888 -1.06923 -1.12488 2.05054 -1.77762 1.70849 -1.15389 1.52217 2.22456 0.749482 -2.2992 
1.06985 -1.927 -1.78667 1.35863 -1.07017 -1.1199 2.05506 -1.77748 1.70892 -1.15394 1.52087 2.225 0.748787 -2.29762 
1.07389 -1.92927 -1.78723 1.36785 -1.07103 -1.11731 2.0606 -1.77139 1.70676 -1.14639 1.50846 2.2225 0.769941 -2.33104 
1.08088 -1.93171 -1.78673 1.38224 -1.07173 -1.1117 2.06826 -1.76819 1.71291 -1.139 1.50594 2.21364 0.776426 -2.3717 
1.08509 -1.93338 -1.78624 1.39093 -1.06963 -1.11247 2.07265 -1.76661 1.70321 -1.14187 1.49688 2.22065 0.787637 -2.35751 
1.08809 -1.93531 -1.78608 1.39748 -1.06775 -1.11453 2.07549 -1.76719 1.7121 -1.14184 1.49909 2.22482 0.775564 -2.34654 
1.09083 -1.9378 -1.78676 1.40511 -1.06775 -1.11464 2.07974 -1.76983 1.70684 -1.14514 1.49968 2.22601 0.773402 -2.33131 
1.0896 -1.9403 -1.78798 1.40559 -1.06605 -1.12103 2.08183 -1.76722 1.7218 -1.13492 1.50062 2.22298 0.77219 -2.36479 
1.08557 -1.94242 -1.79017 1.40121 -1.06475 -1.12904 2.08275 -1.76542 1.72487 -1.12906 1.49732 2.22384 0.779282 -2.382 
1.28273 -1.96698 -1.88384 1.91563 -1.28963 -0.780764 2.3465 -1.76671 1.72192 -1.1332 1.49899 2.22374 0.775682 -2.3706 
1.29509 -1.96699 -1.89902 1.95901 -1.33094 -0.749305 2.38349 -1.76679 1.72175 -1.13345 1.49909 2.22375 0.775454 -2.36994 
