0.814683 -1.02195 -0.587923 1.52125 -2.29202 -1.78342 1.87988 -1.11007 0.610447 0.0654194 -1.37338 -1.9629 -1.13369 -0.471729 
0.80108 -1.03806 -0.586912 1.49291 -2.29369 -1.77296 1.8798 -1.11086 0.606558 0.0662759 -1.38231 -1.96055 -1.13132 -0.477188 
0.798796 -1.04445 -0.586008 1.48641 -2.29088 -1.77987 1.88278 -1.11086 0.606549 0.0662777 -1.38233 -1.96054 -1.13132 -0.4772 
0.800265 -1.04525 -0.585641 1.48521 -2.28969 -1.78023 1.87927 -1.11086 0.606549 0.0662777 -1.38233 -1.96054 -1.13132 -0.4772 
0.804072 -1.04227 -0.583114 1.48659 -2.28551 -1.77724 1.8712 -1.11086 0.606549 0.0662777 -1.38233 -1.96054 -1.13132 -0.4772 
0.808351 -1.03936 -0.582937 1.49381 -2.28419 -1.78015 1.86932 -1.11086 0.606549 0.0662777 -1.38233 -1.96054 -1.13132 -0.4772 
0.811797 -1.03629 -0.582425 1.49993 -2.28148 -1.78323 1.86715 -1.11086 0.606549 0.0662777 -1.38233 -1.96054 -1.13132 -0.4772 
0.81378 -1.03388 -0.580598 1.50308 -2.27724 -1.78583 1.86574 -1.11086 0.606549 0.0662777 -1.38233 -1.96054 -1.13132 -0.4772 
0.815923 -1.03143 -0.580843 1.50761 -2.2776 -1.78592 1.86461 -1.11086 0.606549 0.0662777 -1.38233 -1.96054 -1.13132 -0.4772 
0.817321 -1.02991 -0.580798 1.51076 -2.2773 -1.7863 1.86372 -1.11086 0.606549 0.0662777 -1.38233 -1.96054 -1.13132 -0.4772 
0.818248 -1.03029 -0.581762 1.51334 -2.2785 -1.78842 1.86437 -1.11086 0.606549 0.0662777 -1.38233 -1.96054 -1.13132 -0.4772 
0.819234 -1.02917 -0.581125 1.5147 -2.27702 -1.78866 1.86333 -1.11086 0.606549 0.0662777 -1.38233 -1.96054 -1.13132 -0.4772 
0.819492 -1.03005 -0.581421 1.51439 -2.27598 -1.79148 1.86307 -1.11086 0.606549 0.0662777 -1.38233 -1.96054 -1.13132 -0.4772 
0.819964 -1.0293 -0.580883 1.51547 -2.27508 -1.79101 1.86216 -1.11086 0.606549 0.0662777 -1.38233 -1.96054 -1.13132 -0.4772 
0.821293 -1.02844 -0.580544 1.5168 -2.27339 -1.79279 1.86117 -1.11086 0.606549 0.0662777 -1.38233 -1.96054 -1.13132 -0.4772 
0.823667 -1.02596 -0.580184 1.52082 -2.27273 -1.79177 1.85889 -1.11086 0.606549 0.0662777 -1.38233 -1.96054 -1.13132 -0.4772 
0.825847 -1.02406 -0.580014 1.52452 -2.27153 -1.79333 1.8576 -1.11086 0.606549 0.0662777 -1.38233 -1.96054 -1.13132 -0.4772 
0.82645 -1.02309 -0.579413 1.52608 -2.26922 -1.79525 1.85726 -1.11086 0.606549 0.0662777 -1.38233 -1.96054 -1.13132 -0.4772 
0.826264 -1.02401 -0.579527 1.52576 -2.26858 -1.79724 1.85755 -1.11086 0.606549 0.0662777 -1.38233 -1.96054 -1.13132 -0.4772 
0.826375 -1.02379 -0.580124 1.52606 -2.27035 -1.7965 1.85809 -1.11086 0.606549 0.0662777 -1.38233 -1.96054 -1.13132 -0.4772 
0.826166 -1.024 -0.579604 1.52612 -2.26957 -1.79682 1.85817 -1.11086 0.606549 0.0662777 -1.38233 -1.96054 -1.13132 -0.4772 
0.826335 -1.02354 -0.579268 1.52656 -2.26931 -1.79614 1.858 -1.11086 0.606549 0.0662777 -1.38233 -1.96054 -1.13132 -0.4772 
0.826191 -1.02406 -0.5799 1.52661 -2.2705 -1.797 1.85886 -1.11086 0.606549 0.0662777 -1.38233 -1.96054 -1.13132 -0.4772 
0.826042 -1.02461 -0.579588 1.5262 -2.26938 -1.79795 1.85861 -1.11086 0.606549 0.0662777 -1.38233 -1.96054 -1.13132 -0.4772 
0.826516 -1.02331 -0.580174 1.52765 -2.27159 -1.79555 1.85903 -1.11086 0.606549 0.0662777 -1.38233 -1.96054 -1.13132 -0.4772 
0.826318 -1.02348 -0.580006 1.52744 -2.27124 -1.79559 1.85876 -1.11086 0.606549 0.0662777 -1.38233 -1.96054 -1.13132 -0.4772 
0.826538 -1.02266 -0.580011 1.52844 -2.27212 -1.79462 1.85935 -1.11086 0.606549 0.0662777 -1.38233 -1.96054 -1.13132 -0.4772 
0.826334 -1.02391 -0.579762 1.52694 -2.27076 -1.79638 1.85867 -1.11086 0.606549 0.0662777 -1.38233 -1.96054 -1.13132 -0.4772 
0.826582 -1.02394 -0.580086 1.52672 -2.27088 -1.79603 1.85785 -1.11086 0.606549 0.0662777 -1.38233 -1.96054 -1.13132 -0.4772 
0.826376 -1.0245 -0.579605 1.52571 -2.26921 -1.797 1.857 -1.11086 0.606549 0.0662777 -1.38233 -1.96054 -1.13132 -0.4772 
0.826831 -1.02317 -0.579878 1.52713 -2.27049 -1.79436 1.85639 -1.11086 0.606549 0.0662777 -1.38233 -1.96054 -1.13132 -0.4772 
0.826986 -1.0231 -0.580677 1.52748 -2.27152 -1.79386 1.8556 -1.11086 0.606549 0.0662777 -1.38233 -1.96054 -1.13132 -0.4772 
0.827198 -1.02192 -0.58 1.52798 -2.27128 -1.79185 1.85516 -1.11086 0.606549 0.0662777 -1.38233 -1.96054 -1.13132 -0.4772 
0.826979 -1.02346 -0.580266 1.52698 -2.27067 -1.79409 1.85549 -1.11086 0.606549 0.0662777 -1.38233 -1.96054 -1.13132 -0.4772 
0.826629 -1.02418 -0.580116 1.52626 -2.2699 -1.7956 1.85593 -1.11086 0.606549 0.0662777 -1.38233 -1.96054 -1.13132 -0.4772 
0.826831 -1.02371 -0.579657 1.52592 -2.269 -1.79494 1.85504 -1.11086 0.606549 0.0662777 -1.38233 -1.96054 -1.13132 -0.4772 
0.826798 -1.02376 -0.579904 1.52606 -2.26949 -1.79509 1.85545 -1.11086 0.606549 0.0662777 -1.38233 -1.96054 -1.13132 -0.4772 
0.826742 -1.02367 -0.57956 1.52576 -2.26862 -1.79499 1.85493 -1.11086 0.606549 0.0662777 -1.38233 -1.96054 -1.13132 -0.4772 
0.827101 -1.02312 -0.579896 1.52651 -2.26947 -1.79375 1.85467 -1.11086 0.606549 0.0662777 -1.38233 -1.96054 -1.13132 -0.4772 
0.826654 -1.02402 -0.579745 1.52565 -2.26891 -1.79554 1.85541 -1.11086 0.606549 0.0662777 -1.38233 -1.96054 -1.13132 -0.4772 
0.826891 -1.02269 -0.579733 1.52664 -2.26932 -1.79346 1.85457 -1.11086 0.606549 0.0662777 -1.38233 -1.96054 -1.13132 -0.4772 
1.10786 -0.680871 -0.620909 1.98616 -2.28149 -1.94655 1.79482 -1.11086 0.606549 0.0662777 -1.38233 -1.96054 -1.13132 -0.4772 
