1.11347 -1.73762 -1.53299 1.40356 1.85585 1.26171 -1.14229 1.5301 -1.679 -0.92034 -1.3831 -1.29173 1.21152 -2.28392 
1.11354 -1.73738 -1.53291 1.40358 1.85588 1.26152 -1.14245 1.5301 -1.679 -0.92034 -1.3831 -1.29173 1.21152 -2.28392 
1.11349 -1.73855 -1.53349 1.40424 1.85427 1.26116 -1.14149 1.5301 -1.679 -0.92034 -1.3831 -1.29173 1.21152 -2.28392 
1.11383 -1.73875 -1.53381 1.40535 1.85289 1.25961 -1.14008 1.5301 -1.679 -0.92034 -1.3831 -1.29173 1.21152 -2.28392 
1.11428 -1.73811 -1.53331 1.40558 1.85334 1.25867 -1.14007 1.5301 -1.679 -0.92034 -1.3831 -1.29173 1.21152 -2.28392 
1.11329 -1.73874 -1.5336 1.40406 1.85438 1.26137 -1.14073 1.5301 -1.679 -0.92034 -1.3831 -1.29173 1.21152 -2.28392 
1.11346 -1.73841 -1.53329 1.40402 1.85481 1.26132 -1.14097 1.5301 -1.679 -0.92034 -1.3831 -1.29173 1.21152 -2.28392 
1.11372 -1.73872 -1.534 1.40531 1.85284 1.25981 -1.14006 1.5301 -1.679 -0.92034 -1.3831 -1.29173 1.21152 -2.28392 
1.11313 -1.73931 -1.53428 1.40463 1.85316 1.26105 -1.13955 1.5301 -1.679 -0.92034 -1.3831 -1.29173 1.21152 -2.28392 
1.11498 -1.73736 -1.53294 1.40617 1.85332 1.25734 -1.1405 1.5301 -1.679 -0.92034 -1.3831 -1.29173 1.21152 -2.28392 
1.11422 -1.73881 -1.53417 1.40639 1.85154 1.25804 -1.13879 1.5301 -1.679 -0.92034 -1.3831 -1.29173 1.21152 -2.28392 
1.11367 -1.73857 -1.53369 1.40478 1.85354 1.26019 -1.14099 1.5301 -1.679 -0.92034 -1.3831 -1.29173 1.21152 -2.28392 
1.11245 -1.73998 -1.53456 1.40355 1.8538 1.26305 -1.14018 1.5301 -1.679 -0.92034 -1.3831 -1.29173 1.21152 -2.28392 
1.11347 -1.73915 -1.53406 1.40504 1.85313 1.26042 -1.14018 1.5301 -1.679 -0.92034 -1.3831 -1.29173 1.21152 -2.28392 
1.11328 -1.73906 -1.53377 1.40418 1.85433 1.2614 -1.14061 1.5301 -1.679 -0.92034 -1.3831 -1.29173 1.21152 -2.28392 
