1.15051 -1.80706 -1.71158 1.52692 -1.41897 -0.818309 2.15416 -1.1103 0.609337 0.0656645 -1.37593 -1.96223 -1.13301 -0.473288 
1.13286 -1.78866 -1.70918 1.49285 -1.41387 -0.811464 2.13364 -1.11086 0.60655 0.0662775 -1.38233 -1.96054 -1.13132 -0.477199 
1.12996 -1.79031 -1.70779 1.48735 -1.40683 -0.820341 2.1347 -1.11086 0.606549 0.0662777 -1.38233 -1.96054 -1.13132 -0.4772 
1.1299 -1.78751 -1.70261 1.48198 -1.39271 -0.831583 2.12383 -1.11086 0.606549 0.0662777 -1.38233 -1.96054 -1.13132 -0.4772 
1.13191 -1.7871 -1.7028 1.48224 -1.3927 -0.831664 2.12028 -1.11086 0.606549 0.0662777 -1.38233 -1.96054 -1.13132 -0.4772 
1.13702 -1.785 -1.70099 1.48376 -1.39179 -0.829999 2.11165 -1.11086 0.606549 0.0662777 -1.38233 -1.96054 -1.13132 -0.4772 
1.14368 -1.78396 -1.69898 1.49019 -1.39049 -0.828891 2.10682 -1.11086 0.606549 0.0662777 -1.38233 -1.96054 -1.13132 -0.4772 
1.14902 -1.78439 -1.69938 1.49758 -1.39257 -0.826299 2.10754 -1.11086 0.606549 0.0662777 -1.38233 -1.96054 -1.13132 -0.4772 
1.15315 -1.783 -1.6986 1.50226 -1.39253 -0.824168 2.10496 -1.11086 0.606549 0.0662777 -1.38233 -1.96054 -1.13132 -0.4772 
1.15647 -1.7824 -1.69854 1.50686 -1.39452 -0.820701 2.10446 -1.11086 0.606549 0.0662777 -1.38233 -1.96054 -1.13132 -0.4772 
1.15836 -1.78202 -1.69754 1.50834 -1.39286 -0.821616 2.10199 -1.11086 0.606549 0.0662777 -1.38233 -1.96054 -1.13132 -0.4772 
1.16041 -1.78144 -1.69676 1.51055 -1.39304 -0.820208 2.10061 -1.11086 0.606549 0.0662777 -1.38233 -1.96054 -1.13132 -0.4772 
1.16117 -1.78301 -1.69826 1.51315 -1.39585 -0.818981 2.10392 -1.11086 0.606549 0.0662777 -1.38233 -1.96054 -1.13132 -0.4772 
1.16194 -1.78276 -1.69708 1.51324 -1.39309 -0.821369 2.10173 -1.11086 0.606549 0.0662777 -1.38233 -1.96054 -1.13132 -0.4772 
1.16203 -1.7832 -1.69634 1.51289 -1.39089 -0.823895 2.10008 -1.11086 0.606549 0.0662777 -1.38233 -1.96054 -1.13132 -0.4772 
1.16522 -1.78085 -1.69407 1.51475 -1.38899 -0.822497 2.09493 -1.11086 0.606549 0.0662777 -1.38233 -1.96054 -1.13132 -0.4772 
1.16876 -1.78063 -1.69458 1.51906 -1.39123 -0.820061 2.09388 -1.11086 0.606549 0.0662777 -1.38233 -1.96054 -1.13132 -0.4772 
1.17254 -1.77938 -1.69402 1.52314 -1.39193 -0.817235 2.0924 -1.11086 0.606549 0.0662777 -1.38233 -1.96054 -1.13132 -0.4772 
1.17347 -1.78018 -1.69486 1.52546 -1.39292 -0.817571 2.09336 -1.11086 0.606549 0.0662777 -1.38233 -1.96054 -1.13132 -0.4772 
1.17338 -1.78118 -1.69583 1.52721 -1.39555 -0.81573 2.09635 -1.11086 0.606549 0.0662777 -1.38233 -1.96054 -1.13132 -0.4772 
1.17282 -1.78255 -1.69607 1.52729 -1.39589 -0.816486 2.09844 -1.11086 0.606549 0.0662777 -1.38233 -1.96054 -1.13132 -0.4772 
1.17287 -1.78209 -1.69579 1.52685 -1.39539 -0.816468 2.09794 -1.11086 0.606549 0.0662777 -1.38233 -1.96054 -1.13132 -0.4772 
1.17298 -1.78199 -1.69483 1.52626 -1.39346 -0.817978 2.09695 -1.11086 0.606549 0.0662777 -1.38233 -1.96054 -1.13132 -0.4772 
1.17313 -1.78244 -1.69578 1.52729 -1.39562 -0.816235 2.09887 -1.11086 0.606549 0.0662777 -1.38233 -1.96054 -1.13132 -0.4772 
1.17312 -1.78195 -1.69538 1.52665 -1.39458 -0.817082 2.09702 -1.11086 0.606549 0.0662777 -1.38233 -1.96054 -1.13132 -0.4772 
1.17338 -1.78162 -1.69531 1.52685 -1.39463 -0.816248 2.09737 -1.11086 0.606549 0.0662777 -1.38233 -1.96054 -1.13132 -0.4772 
1.17346 -1.78161 -1.69545 1.5269 -1.39513 -0.816072 2.09693 -1.11086 0.606549 0.0662777 -1.38233 -1.96054 -1.13132 -0.4772 
1.17317 -1.78221 -1.69549 1.52667 -1.39457 -0.817041 2.09721 -1.11086 0.606549 0.0662777 -1.38233 -1.96054 -1.13132 -0.4772 
1.17363 -1.78144 -1.6957 1.52714 -1.39612 -0.815066 2.09722 -1.11086 0.606549 0.0662777 -1.38233 -1.96054 -1.13132 -0.4772 
1.1739 -1.78034 -1.69494 1.52672 -1.39542 -0.814458 2.09603 -1.11086 0.606549 0.0662777 -1.38233 -1.96054 -1.13132 -0.4772 
1.17364 -1.78129 -1.69622 1.52725 -1.3976 -0.813818 2.09709 -1.11086 0.606549 0.0662777 -1.38233 -1.96054 -1.13132 -0.4772 
1.17426 -1.78072 -1.69567 1.52735 -1.39744 -0.813016 2.09595 -1.11086 0.606549 0.0662777 -1.38233 -1.96054 -1.13132 -0.4772 
1.1733 -1.78218 -1.69742 1.52768 -1.39991 -0.812714 2.09799 -1.11086 0.606549 0.0662777 -1.38233 -1.96054 -1.13132 -0.4772 
1.17435 -1.7801 -1.69577 1.52761 -1.39831 -0.811516 2.09496 -1.11086 0.606549 0.0662777 -1.38233 -1.96054 -1.13132 -0.4772 
1.17396 -1.78001 -1.69504 1.52671 -1.39596 -0.813753 2.09387 -1.11086 0.606549 0.0662777 -1.38233 -1.96054 -1.13132 -0.4772 
1.17364 -1.78057 -1.69563 1.52689 -1.3968 -0.813711 2.09443 -1.11086 0.606549 0.0662777 -1.38233 -1.96054 -1.13132 -0.4772 
1.17382 -1.78024 -1.69492 1.52634 -1.39548 -0.814806 2.09295 -1.11086 0.606549 0.0662777 -1.38233 -1.96054 -1.13132 -0.4772 
1.17392 -1.77977 -1.69446 1.52615 -1.39436 -0.815246 2.09194 -1.11086 0.606549 0.0662777 -1.38233 -1.96054 -1.13132 -0.4772 
1.17384 -1.77988 -1.6945 1.52594 -1.39436 -0.815378 2.09207 -1.11086 0.606549 0.0662777 -1.38233 -1.96054 -1.13132 -0.4772 
1.17404 -1.77932 -1.69422 1.52612 -1.39422 -0.814923 2.09162 -1.11086 0.606549 0.0662777 -1.38233 -1.96054 -1.13132 -0.4772 
1.17428 -1.77931 -1.69439 1.52629 -1.39472 -0.814012 2.09181 -1.11086 0.606549 0.0662777 -1.38233 -1.96054 -1.13132 -0.4772 
1.17416 -1.7794 -1.69465 1.52646 -1.39506 -0.813978 2.09263 -1.11086 0.606549 0.0662777 -1.38233 -1.96054 -1.13132 -0.4772 
1.17438 -1.77913 -1.69385 1.52586 -1.39327 -0.814971 2.09167 -1.11086 0.606549 0.0662777 -1.38233 -1.96054 -1.13132 -0.4772 
1.17439 -1.77905 -1.69401 1.52661 -1.39337 -0.814284 2.09292 -1.11086 0.606549 0.0662777 -1.38233 -1.96054 -1.13132 -0.4772 
1.17423 -1.77955 -1.69352 1.52568 -1.39165 -0.8167 2.09192 -1.11086 0.606549 0.0662777 -1.38233 -1.96054 -1.13132 -0.4772 
1.17391 -1.78027 -1.69464 1.52637 -1.39321 -0.816192 2.09443 -1.11086 0.606549 0.0662777 -1.38233 -1.96054 -1.13132 -0.4772 
1.17319 -1.78186 -1.69626 1.52731 -1.39618 -0.814987 2.09853 -1.11086 0.606549 0.0662777 -1.38233 -1.96054 -1.13132 -0.4772 
1.17345 -1.78155 -1.69606 1.52743 -1.39654 -0.814382 2.09861 -1.11086 0.606549 0.0662777 -1.38233 -1.96054 -1.13132 -0.4772 
1.17321 -1.78207 -1.69621 1.52735 -1.39642 -0.815001 2.09882 -1.11086 0.606549 0.0662777 -1.38233 -1.96054 -1.13132 -0.4772 
1.17335 -1.78117 -1.69543 1.52693 -1.39525 -0.815203 2.09714 -1.11086 0.606549 0.0662777 -1.38233 -1.96054 -1.13132 -0.4772 
1.17342 -1.78046 -1.69476 1.52633 -1.39346 -0.816152 2.09505 -1.11086 0.606549 0.0662777 -1.38233 -1.96054 -1.13132 -0.4772 
1.17376 -1.7799 -1.69419 1.52624 -1.39253 -0.816131 2.09391 -1.11086 0.606549 0.0662777 -1.38233 -1.96054 -1.13132 -0.4772 
1.17406 -1.77961 -1.69424 1.52641 -1.39332 -0.814925 2.09349 -1.11086 0.606549 0.0662777 -1.38233 -1.96054 -1.13132 -0.4772 
1.17367 -1.7801 -1.69468 1.52624 -1.39382 -0.815808 2.09431 -1.11086 0.606549 0.0662777 -1.38233 -1.96054 -1.13132 -0.4772 
1.17454 -1.7787 -1.69361 1.52603 -1.39264 -0.815114 2.09172 -1.11086 0.606549 0.0662777 -1.38233 -1.96054 -1.13132 -0.4772 
1.17495 -1.77831 -1.69358 1.52663 -1.39336 -0.8136 2.0923 -1.11086 0.606549 0.0662777 -1.38233 -1.96054 -1.13132 -0.4772 
1.17392 -1.78024 -1.69534 1.52702 -1.39604 -0.813349 2.09552 -1.11086 0.606549 0.0662777 -1.38233 -1.96054 -1.13132 -0.4772 
1.17292 -1.78191 -1.697 1.52752 -1.39848 -0.813339 2.09887 -1.11086 0.606549 0.0662777 -1.38233 -1.96054 -1.13132 -0.4772 
1.17375 -1.78009 -1.69539 1.52679 -1.39571 -0.813579 2.09565 -1.11086 0.606549 0.0662777 -1.38233 -1.96054 -1.13132 -0.4772 
1.17428 -1.77939 -1.69471 1.5268 -1.39474 -0.813467 2.09481 -1.11086 0.606549 0.0662777 -1.38233 -1.96054 -1.13132 -0.4772 
1.1738 -1.78377 -1.69546 1.52986 -1.39501 -0.816149 2.10427 -1.11086 0.606549 0.0662777 -1.38233 -1.96054 -1.13132 -0.4772 
1.17392 -1.79153 -1.69699 1.5371 -1.39599 -0.819084 2.12633 -1.11086 0.606549 0.0662777 -1.38233 -1.96054 -1.13132 -0.4772 
1.17298 -1.80183 -1.70001 1.54561 -1.39988 -0.821113 2.15511 -1.11086 0.606549 0.0662777 -1.38233 -1.96054 -1.13132 -0.4772 
1.17093 -1.81392 -1.70344 1.5541 -1.40288 -0.824943 2.18989 -1.11086 0.606549 0.0662777 -1.38233 -1.96054 -1.13132 -0.4772 
1.16653 -1.82806 -1.7072 1.56063 -1.40338 -0.83392 2.22754 -1.11086 0.606549 0.0662777 -1.38233 -1.96054 -1.13132 -0.4772 
1.16238 -1.84118 -1.71012 1.56784 -1.40402 -0.840367 2.26722 -1.11086 0.606549 0.0662777 -1.38233 -1.96054 -1.13132 -0.4772 
1.15642 -1.85572 -1.71364 1.5734 -1.4038 -0.849776 2.30946 -1.11086 0.606549 0.0662777 -1.38233 -1.96054 -1.13132 -0.4772 
1.14947 -1.86966 -1.71644 1.57735 -1.40116 -0.860108 2.35309 -1.11086 0.606549 0.0662777 -1.38233 -1.96054 -1.13132 -0.4772 
1.14253 -1.88217 -1.71748 1.58022 -1.39565 -0.870601 2.39715 -1.11086 0.606549 0.0662777 -1.38233 -1.96054 -1.13132 -0.4772 
1.13447 -1.89503 -1.71859 1.58171 -1.38895 -0.882484 2.4414 -1.11086 0.606549 0.0662777 -1.38233 -1.96054 -1.13132 -0.4772 
1.12592 -1.90738 -1.71926 1.5815 -1.38062 -0.8962 2.48082 -1.11086 0.606549 0.0662777 -1.38233 -1.96054 -1.13132 -0.4772 
1.11594 -1.92182 -1.72216 1.58172 -1.37525 -0.909406 2.52618 -1.11086 0.606549 0.0662777 -1.38233 -1.96054 -1.13132 -0.4772 
1.10784 -1.93193 -1.72206 1.58054 -1.3666 -0.921434 2.56041 -1.11086 0.606549 0.0662777 -1.38233 -1.96054 -1.13132 -0.4772 
1.09877 -1.94006 -1.72443 1.57653 -1.36255 -0.930383 2.5888 -1.11086 0.606549 0.0662777 -1.38233 -1.96054 -1.13132 -0.4772 
1.09224 -1.94344 -1.72512 1.57084 -1.35796 -0.936875 2.60266 -1.11086 0.606549 0.0662777 -1.38233 -1.96054 -1.13132 -0.4772 
1.08762 -1.94585 -1.72616 1.56738 -1.35709 -0.939593 2.61204 -1.11086 0.606549 0.0662777 -1.38233 -1.96054 -1.13132 -0.4772 
1.08617 -1.94554 -1.7255 1.56494 -1.35654 -0.939405 2.61233 -1.11086 0.606549 0.0662777 -1.38233 -1.96054 -1.13132 -0.4772 
1.08539 -1.9455 -1.72517 1.56192 -1.35571 -0.942374 2.60346 -1.11086 0.606549 0.0662777 -1.38233 -1.96054 -1.13132 -0.4772 
1.08606 -1.94533 -1.72592 1.56162 -1.35984 -0.941415 2.59099 -1.11086 0.606549 0.0662777 -1.38233 -1.96054 -1.13132 -0.4772 
1.0868 -1.94601 -1.72802 1.5611 -1.36533 -0.943477 2.57051 -1.11086 0.606549 0.0662777 -1.38233 -1.96054 -1.13132 -0.4772 
1.09159 -1.94412 -1.72911 1.56344 -1.37432 -0.939074 2.54145 -1.11086 0.606549 0.0662777 -1.38233 -1.96054 -1.13132 -0.4772 
1.09636 -1.94296 -1.73093 1.56587 -1.38396 -0.936276 2.50758 -1.11086 0.606549 0.0662777 -1.38233 -1.96054 -1.13132 -0.4772 
1.10482 -1.93753 -1.72891 1.56697 -1.38841 -0.933333 2.46066 -1.11086 0.606549 0.0662777 -1.38233 -1.96054 -1.13132 -0.4772 
1.11282 -1.93278 -1.72746 1.56758 -1.39348 -0.931685 2.4097 -1.11086 0.606549 0.0662777 -1.38233 -1.96054 -1.13132 -0.4772 
1.1199 -1.92778 -1.72579 1.55419 -1.39144 -0.949091 2.30306 -1.11086 0.606549 0.0662777 -1.38233 -1.96054 -1.13132 -0.4772 
1.12028 -1.9265 -1.72468 1.55245 -1.38984 -0.950043 2.29528 -1.11086 0.606549 0.0662777 -1.38233 -1.96054 -1.13132 -0.4772 
1.12602 -1.92372 -1.72371 1.54918 -1.39156 -0.955007 2.24168 -1.11086 0.606549 0.0662777 -1.38233 -1.96054 -1.13132 -0.4772 
1.13188 -1.9208 -1.7226 1.54554 -1.39336 -0.96012 2.18544 -1.11086 0.606549 0.0662777 -1.38233 -1.96054 -1.13132 -0.4772 
1.13825 -1.91615 -1.71989 1.54112 -1.39228 -0.964498 2.13114 -1.11086 0.606549 0.0662777 -1.38233 -1.96054 -1.13132 -0.4772 
1.14298 -1.91206 -1.71639 1.53433 -1.38708 -0.973415 2.0778 -1.11086 0.606549 0.0662777 -1.38233 -1.96054 -1.13132 -0.4772 
1.14769 -1.90922 -1.71468 1.52987 -1.38759 -0.978065 2.02959 -1.11086 0.606549 0.0662777 -1.38233 -1.96054 -1.13132 -0.4772 
1.15265 -1.90388 -1.71037 1.52407 -1.38288 -0.982479 1.98426 -1.11086 0.606549 0.0662777 -1.38233 -1.96054 -1.13132 -0.4772 
1.15259 -1.89885 -1.70629 1.51254 -1.37679 -0.99365 1.92469 -1.11086 0.606549 0.0662777 -1.38233 -1.96054 -1.13132 -0.4772 
1.15442 -1.89603 -1.70359 1.50584 -1.37285 -1.00103 1.88643 -1.11086 0.606549 0.0662777 -1.38233 -1.96054 -1.13132 -0.4772 
1.15576 -1.89295 -1.69923 1.49717 -1.36378 -1.01187 1.8504 -1.11086 0.606549 0.0662777 -1.38233 -1.96054 -1.13132 -0.4772 
1.1592 -1.8906 -1.69711 1.49672 -1.36494 -1.01005 1.83197 -1.11086 0.606549 0.0662777 -1.38233 -1.96054 -1.13132 -0.4772 
1.15733 -1.89321 -1.69798 1.49143 -1.363 -1.02049 1.81406 -1.11086 0.606549 0.0662777 -1.38233 -1.96054 -1.13132 -0.4772 
1.15757 -1.88982 -1.69363 1.48301 -1.35233 -1.03153 1.78811 -1.11086 0.606549 0.0662777 -1.38233 -1.96054 -1.13132 -0.4772 
