1.07117 -1.96194 -1.67708 1.43721 -1.16503 -1.28119 2.2397 -1.11007 0.610447 0.0654194 -1.37338 -1.9629 -1.13369 -0.471729 
1.06425 -1.95853 -1.6776 1.42395 -1.16261 -1.28587 2.2338 -1.11086 0.606558 0.0662759 -1.38231 -1.96055 -1.13132 -0.477188 
1.06364 -1.96123 -1.67953 1.42403 -1.16645 -1.28508 2.23613 -1.11086 0.60655 0.0662776 -1.38233 -1.96054 -1.13132 -0.4772 
1.06252 -1.96326 -1.68216 1.42473 -1.16982 -1.28478 2.23962 -1.11086 0.606549 0.0662777 -1.38233 -1.96054 -1.13132 -0.4772 
1.06374 -1.96177 -1.68137 1.42545 -1.1699 -1.28255 2.23832 -1.11086 0.606549 0.0662777 -1.38233 -1.96054 -1.13132 -0.4772 
1.06333 -1.96206 -1.68137 1.4247 -1.16965 -1.2837 2.23724 -1.11086 0.606549 0.0662777 -1.38233 -1.96054 -1.13132 -0.4772 
1.06303 -1.96236 -1.6819 1.42516 -1.17037 -1.28337 2.23853 -1.11086 0.606549 0.0662777 -1.38233 -1.96054 -1.13132 -0.4772 
1.06226 -1.96264 -1.68208 1.42413 -1.16969 -1.28502 2.23821 -1.11086 0.606549 0.0662777 -1.38233 -1.96054 -1.13132 -0.4772 
1.06276 -1.96273 -1.68199 1.42494 -1.17035 -1.28409 2.23813 -1.11086 0.606549 0.0662777 -1.38233 -1.96054 -1.13132 -0.4772 
1.0618 -1.96332 -1.68276 1.42441 -1.1702 -1.28539 2.23949 -1.11086 0.606549 0.0662777 -1.38233 -1.96054 -1.13132 -0.4772 
1.06138 -1.96344 -1.68295 1.42403 -1.17022 -1.28642 2.23898 -1.11086 0.606549 0.0662777 -1.38233 -1.96054 -1.13132 -0.4772 
1.06201 -1.96305 -1.68233 1.42425 -1.16978 -1.28555 2.23845 -1.11086 0.606549 0.0662777 -1.38233 -1.96054 -1.13132 -0.4772 
1.06106 -1.96259 -1.68215 1.42189 -1.16736 -1.28928 2.23732 -1.11086 0.606549 0.0662777 -1.38233 -1.96054 -1.13132 -0.4772 
1.0634 -1.96149 -1.68173 1.42518 -1.16986 -1.28329 2.23837 -1.11086 0.606549 0.0662777 -1.38233 -1.96054 -1.13132 -0.4772 
1.06278 -1.96282 -1.6831 1.42629 -1.17218 -1.28226 2.24051 -1.11086 0.606549 0.0662777 -1.38233 -1.96054 -1.13132 -0.4772 
1.06236 -1.96305 -1.68299 1.42552 -1.1716 -1.28342 2.2402 -1.11086 0.606549 0.0662777 -1.38233 -1.96054 -1.13132 -0.4772 
1.06233 -1.96309 -1.68279 1.42522 -1.1713 -1.2838 2.23998 -1.11086 0.606549 0.0662777 -1.38233 -1.96054 -1.13132 -0.4772 
1.06312 -1.96195 -1.68137 1.42483 -1.16949 -1.2836 2.23888 -1.11086 0.606549 0.0662777 -1.38233 -1.96054 -1.13132 -0.4772 
1.06202 -1.96325 -1.68262 1.42503 -1.17068 -1.28446 2.24019 -1.11086 0.606549 0.0662777 -1.38233 -1.96054 -1.13132 -0.4772 
1.06164 -1.96244 -1.68188 1.42281 -1.16781 -1.2871 2.23801 -1.11086 0.606549 0.0662777 -1.38233 -1.96054 -1.13132 -0.4772 
1.0615 -1.96258 -1.68199 1.42221 -1.16768 -1.28839 2.23681 -1.11086 0.606549 0.0662777 -1.38233 -1.96054 -1.13132 -0.4772 
1.06219 -1.96211 -1.68145 1.42305 -1.16802 -1.2865 2.23734 -1.11086 0.606549 0.0662777 -1.38233 -1.96054 -1.13132 -0.4772 
1.06126 -1.96314 -1.68293 1.42353 -1.16994 -1.28631 2.23844 -1.11086 0.606549 0.0662777 -1.38233 -1.96054 -1.13132 -0.4772 
1.06139 -1.96303 -1.68282 1.4232 -1.16953 -1.2869 2.23818 -1.11086 0.606549 0.0662777 -1.38233 -1.96054 -1.13132 -0.4772 
1.06227 -1.96302 -1.68279 1.42524 -1.17114 -1.28369 2.2401 -1.11086 0.606549 0.0662777 -1.38233 -1.96054 -1.13132 -0.4772 
1.06295 -1.96237 -1.68169 1.4251 -1.17006 -1.28347 2.23881 -1.11086 0.606549 0.0662777 -1.38233 -1.96054 -1.13132 -0.4772 
1.06288 -1.96245 -1.68185 1.42507 -1.17011 -1.28351 2.23883 -1.11086 0.606549 0.0662777 -1.38233 -1.96054 -1.13132 -0.4772 
1.06165 -1.96388 -1.68324 1.42443 -1.1707 -1.28545 2.24055 -1.11086 0.606549 0.0662777 -1.38233 -1.96054 -1.13132 -0.4772 
1.06291 -1.96291 -1.68223 1.42526 -1.17029 -1.28401 2.23952 -1.11086 0.606549 0.0662777 -1.38233 -1.96054 -1.13132 -0.4772 
1.06457 -1.96073 -1.67976 1.425 -1.16804 -1.28266 2.23652 -1.11086 0.606549 0.0662777 -1.38233 -1.96054 -1.13132 -0.4772 
1.06461 -1.9605 -1.67947 1.42494 -1.16788 -1.28272 2.23603 -1.11086 0.606549 0.0662777 -1.38233 -1.96054 -1.13132 -0.4772 
1.06345 -1.96207 -1.68155 1.42534 -1.17012 -1.28308 2.23826 -1.11086 0.606549 0.0662777 -1.38233 -1.96054 -1.13132 -0.4772 
1.06207 -1.96328 -1.68309 1.42446 -1.17064 -1.28501 2.2398 -1.11086 0.606549 0.0662777 -1.38233 -1.96054 -1.13132 -0.4772 
1.06144 -1.96386 -1.68368 1.42477 -1.17139 -1.28543 2.24016 -1.11086 0.606549 0.0662777 -1.38233 -1.96054 -1.13132 -0.4772 
1.06369 -1.96176 -1.68158 1.42563 -1.17032 -1.2823 2.23861 -1.11086 0.606549 0.0662777 -1.38233 -1.96054 -1.13132 -0.4772 
