1.07776 -1.81507 -1.65261 1.32804 -1.21195 -1.21991 2.06981 -1.11046 0.608541 0.0658396 -1.37776 -1.96175 -1.13253 -0.474404 
1.07739 -1.81481 -1.65203 1.3275 -1.21225 -1.22056 2.06958 -1.11046 0.608541 0.0658396 -1.37776 -1.96175 -1.13253 -0.474404 
1.07378 -1.81559 -1.65368 1.3244 -1.2164 -1.22189 2.07086 -1.11046 0.608541 0.0658396 -1.37776 -1.96175 -1.13253 -0.474404 
1.06915 -1.81508 -1.65382 1.31599 -1.21688 -1.22837 2.06417 -1.11046 0.608541 0.0658396 -1.37776 -1.96175 -1.13253 -0.474404 
1.06474 -1.81528 -1.65377 1.30595 -1.21682 -1.23483 2.05835 -1.11046 0.608541 0.0658396 -1.37776 -1.96175 -1.13253 -0.474404 
1.06116 -1.81598 -1.65392 1.29897 -1.2174 -1.23845 2.06008 -1.11046 0.608541 0.0658396 -1.37776 -1.96175 -1.13253 -0.474404 
1.06168 -1.81732 -1.6548 1.29995 -1.21885 -1.23944 2.06602 -1.1103 0.609337 0.0656645 -1.37593 -1.96223 -1.13301 -0.473288 
1.06389 -1.81751 -1.65456 1.30191 -1.21998 -1.23943 2.06834 -1.1103 0.609337 0.0656645 -1.37593 -1.96223 -1.13301 -0.473288 
1.06755 -1.81687 -1.65245 1.30461 -1.21965 -1.23959 2.07135 -1.1103 0.609337 0.0656645 -1.37593 -1.96223 -1.13301 -0.473288 
1.07171 -1.81702 -1.65098 1.30892 -1.21846 -1.23874 2.07463 -1.11007 0.610447 0.0654194 -1.37338 -1.9629 -1.13369 -0.471729 
1.07432 -1.81665 -1.64934 1.31023 -1.21765 -1.23884 2.07619 -1.11007 0.610447 0.0654194 -1.37338 -1.9629 -1.13369 -0.471729 
1.07625 -1.8168 -1.64834 1.31258 -1.21566 -1.23878 2.07714 -1.11007 0.610447 0.0654194 -1.37338 -1.9629 -1.13369 -0.471729 
1.0776 -1.81703 -1.6475 1.31628 -1.21362 -1.23902 2.07772 -1.11007 0.610447 0.0654194 -1.37338 -1.9629 -1.13369 -0.471729 
1.07901 -1.81671 -1.64606 1.31988 -1.21276 -1.24006 2.07864 -1.11007 0.610447 0.0654194 -1.37338 -1.9629 -1.13369 -0.471729 
1.08163 -1.817 -1.64543 1.32592 -1.21156 -1.23981 2.08063 -1.11007 0.610447 0.0654194 -1.37338 -1.9629 -1.13369 -0.471729 
1.08637 -1.81732 -1.64433 1.33519 -1.21015 -1.23841 2.08447 -1.11007 0.610447 0.0654194 -1.37338 -1.9629 -1.13369 -0.471729 
1.05949 -1.83131 -1.65515 1.31543 -1.20719 -1.27402 2.0855 -1.11007 0.610447 0.0654194 -1.37338 -1.9629 -1.13369 -0.471729 
1.0791 -1.82066 -1.64681 1.34015 -1.20891 -1.24555 2.0885 -1.11007 0.610447 0.0654194 -1.37338 -1.9629 -1.13369 -0.471729 
1.07947 -1.8196 -1.64768 1.34683 -1.21374 -1.24482 2.08978 -1.11007 0.610447 0.0654194 -1.37338 -1.9629 -1.13369 -0.471729 
1.08557 -1.81822 -1.64684 1.35498 -1.2169 -1.23731 2.09468 -1.11007 0.610447 0.0654194 -1.37338 -1.9629 -1.13369 -0.471729 
1.09217 -1.81385 -1.64363 1.36331 -1.21605 -1.22726 2.09424 -1.11007 0.610447 0.0654194 -1.37338 -1.9629 -1.13369 -0.471729 
1.0981 -1.81086 -1.64218 1.3722 -1.22078 -1.21368 2.09567 -1.11007 0.610447 0.0654194 -1.37338 -1.9629 -1.13369 -0.471729 
1.32514 -1.79785 -1.73843 1.90715 -1.43422 -0.959595 2.38393 -1.1103 0.609337 0.0656645 -1.37593 -1.96223 -1.13301 -0.473288 
