1.02235 -1.91505 -1.78796 1.26631 -1.05792 -1.16633 2.00807 -1.11007 0.610447 0.0654194 -1.37338 -1.9629 -1.13369 -0.471729 
1.02 -1.9128 -1.78458 1.257 -1.05468 -1.17085 2.00032 -1.11086 0.606554 0.0662767 -1.38232 -1.96054 -1.13132 -0.477194 
1.01853 -1.9115 -1.78534 1.25319 -1.05562 -1.17133 1.99684 -1.11086 0.606549 0.0662777 -1.38233 -1.96054 -1.13132 -0.4772 
1.01777 -1.91013 -1.78588 1.25067 -1.05635 -1.17278 1.99161 -1.11086 0.606549 0.0662777 -1.38233 -1.96054 -1.13132 -0.4772 
1.01596 -1.91185 -1.7887 1.24938 -1.05916 -1.17487 1.99098 -1.11086 0.606549 0.0662777 -1.38233 -1.96054 -1.13132 -0.4772 
1.01524 -1.91443 -1.79094 1.25133 -1.06087 -1.17495 1.99706 -1.11086 0.606549 0.0662777 -1.38233 -1.96054 -1.13132 -0.4772 
1.01854 -1.91617 -1.79172 1.25867 -1.06076 -1.17274 2.00505 -1.11086 0.606549 0.0662777 -1.38233 -1.96054 -1.13132 -0.4772 
1.02555 -1.91665 -1.7909 1.27109 -1.0607 -1.1675 2.00943 -1.11086 0.606549 0.0662777 -1.38233 -1.96054 -1.13132 -0.4772 
1.03418 -1.91835 -1.78969 1.28762 -1.06071 -1.16141 2.01605 -1.11086 0.606549 0.0662777 -1.38233 -1.96054 -1.13132 -0.4772 
1.04034 -1.91811 -1.78787 1.29743 -1.05954 -1.15697 2.01892 -1.19186 0.609847 0.190889 -1.3885 -2.02478 -1.08534 -0.458842 
1.04906 -1.91931 -1.7866 1.31408 -1.06069 -1.14747 2.02661 -1.1909 0.612455 0.190113 -1.38234 -2.02673 -1.08708 -0.45498 
1.05431 -1.92034 -1.78587 1.32418 -1.061 -1.14259 2.03164 -1.1909 0.612458 0.190112 -1.38233 -2.02673 -1.08709 -0.454976 
1.05817 -1.92168 -1.78509 1.33156 -1.06089 -1.14023 2.03459 -1.1909 0.612458 0.190112 -1.38233 -2.02673 -1.08709 -0.454976 
1.06158 -1.92279 -1.78503 1.33856 -1.0615 -1.13741 2.03828 -1.1909 0.612458 0.190112 -1.38233 -2.02673 -1.08709 -0.454976 
1.06666 -1.92437 -1.78562 1.34935 -1.06441 -1.13049 2.04395 -1.1909 0.612458 0.190112 -1.38233 -2.02673 -1.08709 -0.454976 
1.0695 -1.92581 -1.78523 1.35528 -1.06312 -1.13136 2.04654 -0.978066 0.603538 -0.137123 -1.39546 -1.85462 -1.20283 -0.513736 
