1.05356 -1.9215 -1.79262 1.33852 -1.07216 -1.1255 2.04728 -1.7661 1.79412 -1.08476 1.57868 2.07779 0.73105 -2.09432 
1.02111 -1.91691 -1.79045 1.26759 -1.06115 -1.16103 2.01874 -1.75627 1.78932 -1.06944 1.5601 2.08575 0.771887 -2.151 
1.02942 -1.91223 -1.78664 1.27566 -1.06912 -1.13476 2.01788 -1.74745 1.7769 -1.06026 1.5405 2.09069 0.812379 -2.19764 
1.02648 -1.90896 -1.78472 1.26592 -1.06279 -1.14715 2.00493 -1.74513 1.78048 -1.05505 1.53835 2.0875 0.819658 -2.22819 
1.02269 -1.91011 -1.78636 1.25936 -1.06034 -1.15879 2.00014 -1.74537 1.78768 -1.05306 1.54135 2.086 0.812757 -2.23532 
1.02166 -1.91286 -1.7888 1.26057 -1.06149 -1.16042 2.00662 -1.76282 1.78565 -1.0787 1.56818 2.07488 0.758915 -2.13505 
1.02407 -1.91576 -1.79098 1.26791 -1.06237 -1.1594 2.01555 -1.76251 1.78684 -1.0795 1.56696 2.07483 0.757046 -2.13229 
1.03179 -1.91657 -1.78977 1.28184 -1.06258 -1.15301 2.02072 -1.76095 1.78704 -1.07862 1.56308 2.07648 0.761022 -2.1363 
1.04032 -1.9171 -1.78735 1.29649 -1.0606 -1.14889 2.02441 -1.75917 1.78751 -1.078 1.55971 2.0773 0.763669 -2.14017 
1.04904 -1.91842 -1.78611 1.31309 -1.06121 -1.14098 2.03103 -1.75732 1.78912 -1.07698 1.55696 2.078 0.76514 -2.14547 
1.05334 -1.92037 -1.78628 1.32275 -1.06308 -1.13593 2.03608 -1.7435 1.7872 -1.05968 1.53236 2.08747 0.807767 -2.21469 
1.05947 -1.92324 -1.78702 1.33669 -1.06568 -1.12872 2.04478 -1.73777 1.79093 -1.0503 1.52384 2.08985 0.822598 -2.25381 
1.06424 -1.9243 -1.78666 1.346 -1.06654 -1.12372 2.04963 -1.74777 1.79434 -1.06365 1.54066 2.08333 0.788361 -2.20076 
1.06659 -1.92475 -1.78618 1.35005 -1.066 -1.12309 2.05067 -1.73848 1.78376 -1.05312 1.52063 2.08738 0.825277 -2.25013 
1.07081 -1.92584 -1.7861 1.35846 -1.06737 -1.11851 2.05438 -1.74079 1.78495 -1.05535 1.5244 2.08528 0.817308 -2.24023 
1.07591 -1.928 -1.78638 1.36978 -1.06791 -1.11522 2.06089 -1.73528 1.78858 -1.04668 1.51644 2.08455 0.829639 -2.28089 
1.08171 -1.92926 -1.78521 1.38038 -1.06707 -1.11126 2.0668 -1.73029 1.79199 -1.03928 1.50785 2.08626 0.841058 -2.31438 
1.08559 -1.93171 -1.78563 1.38996 -1.06659 -1.11079 2.07259 -1.73116 1.79897 -1.03871 1.50999 2.08725 0.832039 -2.3099 
1.09059 -1.93347 -1.78546 1.40048 -1.0666 -1.10851 2.07679 -1.73254 1.80269 -1.04042 1.511 2.09116 0.823875 -2.29186 
1.09358 -1.93466 -1.7848 1.40658 -1.0652 -1.10885 2.07878 -1.73302 1.79654 -1.04219 1.50658 2.09625 0.829471 -2.27685 
1.09162 -1.93758 -1.78634 1.40632 -1.0634 -1.11624 2.08097 -1.7304 1.80654 -1.0344 1.50775 2.09203 0.828 -2.31174 
1.08685 -1.94068 -1.78903 1.40143 -1.0616 -1.12671 2.08184 -1.73323 1.78895 -1.04039 1.50308 2.09541 0.839071 -2.28592 
1.28281 -1.96699 -1.88399 1.91562 -1.28908 -0.780212 2.34617 -1.73205 1.79705 -1.03807 1.50565 2.09401 0.832927 -2.29551 
1.12018 -1.9361 -1.78851 1.46658 -1.07458 -1.07877 2.10465 -1.59412 1.67841 -1.04321 1.28451 2.19647 1.05923 -2.30382 
