1.06956 -1.89055 -1.73828 1.36304 -1.13153 -1.15766 2.10969 -1.80209 1.67854 -1.2218 1.55772 2.32288 0.638895 -2.23992 
1.03822 -1.88891 -1.73611 1.29433 -1.12033 -1.1913 2.08074 -1.79997 1.70068 -1.19725 1.54835 2.32467 0.675545 -2.30102 
1.03266 -1.88033 -1.73541 1.28363 -1.12888 -1.17338 2.07166 -1.79625 1.70897 -1.18484 1.54136 2.32079 0.698645 -2.34413 
1.02947 -1.87695 -1.73571 1.2772 -1.13127 -1.17056 2.06418 -1.7952 1.70631 -1.18095 1.53739 2.31641 0.71275 -2.36397 
1.02829 -1.87487 -1.73483 1.27234 -1.1296 -1.17348 2.05744 -1.79755 1.69514 -1.18584 1.53758 2.31264 0.714603 -2.3563 
1.02815 -1.87615 -1.73555 1.27289 -1.12923 -1.17437 2.06144 -1.79714 1.69228 -1.18694 1.53488 2.31483 0.717409 -2.35077 
1.0309 -1.87827 -1.73706 1.2804 -1.12995 -1.17275 2.06987 -1.79543 1.69414 -1.18604 1.53114 2.31586 0.719947 -2.35396 
1.03753 -1.88013 -1.73761 1.29411 -1.13174 -1.16777 2.0769 -1.79502 1.69178 -1.18782 1.52899 2.3161 0.720467 -2.35035 
1.04602 -1.88188 -1.73716 1.31163 -1.13264 -1.16124 2.08549 -1.79374 1.68552 -1.19026 1.52425 2.31641 0.726243 -2.34655 
1.05467 -1.88179 -1.73516 1.32705 -1.13259 -1.15343 2.09139 -1.79011 1.69228 -1.18562 1.5195 2.31728 0.731385 -2.36065 
1.05993 -1.88427 -1.73619 1.33963 -1.13509 -1.14802 2.1005 -1.78841 1.69391 -1.18423 1.51648 2.31763 0.734004 -2.36523 
1.06365 -1.8855 -1.73611 1.34744 -1.13507 -1.14629 2.10471 -1.78723 1.70012 -1.18093 1.51578 2.31809 0.733099 -2.37305 
1.06693 -1.8871 -1.73663 1.35548 -1.13625 -1.1439 2.10927 -1.78668 1.69987 -1.18088 1.5138 2.31911 0.734107 -2.37168 
1.07041 -1.88669 -1.73537 1.3615 -1.13576 -1.14092 2.11127 -1.78501 1.70182 -1.1785 1.51013 2.32153 0.738516 -2.37566 
1.07316 -1.88861 -1.7364 1.3689 -1.13712 -1.13924 2.11631 -1.78462 1.70346 -1.1775 1.50879 2.32023 0.738287 -2.38022 
1.07781 -1.89007 -1.73638 1.37865 -1.13649 -1.13817 2.12175 -1.7842 1.70115 -1.17808 1.50543 2.31996 0.74061 -2.37995 
1.08233 -1.89196 -1.73637 1.38796 -1.13613 -1.13693 2.12768 -1.78286 1.70569 -1.17519 1.50368 2.31865 0.740956 -2.39007 
1.08453 -1.8951 -1.73752 1.39569 -1.13473 -1.14005 2.13426 -1.78038 1.70901 -1.17081 1.49994 2.31491 0.745938 -2.40878 
1.08616 -1.89765 -1.73843 1.40125 -1.1331 -1.14434 2.13799 -1.77813 1.7142 -1.16718 1.49594 2.31718 0.749223 -2.41681 
1.08827 -1.9001 -1.73844 1.40727 -1.13023 -1.14886 2.14152 -1.7776 1.71579 -1.16401 1.49485 2.31413 0.751479 -2.42885 
1.09889 -1.89373 -1.7328 1.41889 -1.1329 -1.12923 2.14006 -1.777 1.72059 -1.15853 1.49477 2.31089 0.753745 -2.44723 
1.0999 -1.89318 -1.73232 1.42003 -1.13299 -1.12747 2.13993 -1.77605 1.71987 -1.15532 1.49075 2.31377 0.762025 -2.45202 
1.30226 -1.90353 -1.82793 1.91681 -1.35321 -0.843454 2.37451 -1.77643 1.72005 -1.15672 1.49249 2.31262 0.758508 -2.44972 
