1.05381 -1.61647 -1.36614 1.31182 -1.48819 -1.45491 2.12539 -1.87275 1.43222 -1.45938 1.57822 2.82073 0.511861 -2.56883 
1.02371 -1.62105 -1.36809 1.26261 -1.48822 -1.45802 2.10793 -1.87695 1.42357 -1.45579 1.58833 2.79642 0.503864 -2.59881 
1.02349 -1.61769 -1.36753 1.26166 -1.49256 -1.44857 2.10217 -1.87652 1.43051 -1.45618 1.59693 2.78537 0.478314 -2.61261 
1.02405 -1.61609 -1.36658 1.25958 -1.49084 -1.44851 2.09491 -1.87202 1.44648 -1.4576 1.58683 2.81241 0.48611 -2.58484 
1.02274 -1.61744 -1.36688 1.25531 -1.48858 -1.45331 2.0908 -1.87272 1.4443 -1.46026 1.58785 2.81467 0.482012 -2.5788 
1.02183 -1.6198 -1.36845 1.25492 -1.48859 -1.45733 2.09502 -1.87669 1.43244 -1.4611 1.59749 2.7952 0.468108 -2.59642 
1.02604 -1.61976 -1.37001 1.26422 -1.49141 -1.45593 2.10469 -1.87202 1.44212 -1.46144 1.58561 2.81089 0.482321 -2.58222 
1.03213 -1.61747 -1.36986 1.2762 -1.49169 -1.45411 2.11014 -1.87232 1.43904 -1.45907 1.58688 2.7919 0.480906 -2.60724 
1.04173 -1.61318 -1.36806 1.29349 -1.48966 -1.45163 2.11806 -1.87153 1.43052 -1.46119 1.58524 2.78275 0.483261 -2.61513 
1.05002 -1.61105 -1.36809 1.31021 -1.49097 -1.44899 2.1274 -1.86998 1.43673 -1.45884 1.58343 2.78364 0.484105 -2.61824 
1.05456 -1.60986 -1.36842 1.32004 -1.49274 -1.44654 2.13275 -1.86898 1.43881 -1.45815 1.58231 2.78145 0.483877 -2.62249 
1.0583 -1.60832 -1.36792 1.32781 -1.4919 -1.44588 2.13698 -1.86796 1.43941 -1.45664 1.58012 2.77501 0.485832 -2.63255 
1.06255 -1.60666 -1.36758 1.33659 -1.49229 -1.44378 2.14186 -1.86692 1.45548 -1.44887 1.57931 2.77162 0.485702 -2.64877 
1.06714 -1.60539 -1.3678 1.34524 -1.49324 -1.44215 2.14691 -1.86679 1.4515 -1.44977 1.57748 2.76786 0.488867 -2.65265 
1.07159 -1.6043 -1.36803 1.35405 -1.49437 -1.44064 2.15145 -1.86652 1.45347 -1.4493 1.57581 2.7689 0.489882 -2.65275 
1.07483 -1.6033 -1.36764 1.36011 -1.49179 -1.44263 2.15515 -1.86578 1.45156 -1.45078 1.57225 2.77143 0.493453 -2.64826 
1.08074 -1.60195 -1.36817 1.37276 -1.49393 -1.43984 2.16324 -1.86608 1.44561 -1.45517 1.57111 2.77599 0.491535 -2.63632 
1.08592 -1.60168 -1.36908 1.38483 -1.49324 -1.44193 2.17202 -1.86604 1.44151 -1.45702 1.57013 2.77459 0.490932 -2.63533 
1.08784 -1.60196 -1.36951 1.38864 -1.49141 -1.44503 2.17267 -1.865 1.44651 -1.4546 1.56685 2.7723 0.492899 -2.64244 
1.09238 -1.60183 -1.3703 1.39888 -1.49121 -1.44641 2.1799 -1.86524 1.46109 -1.44756 1.56715 2.77441 0.491541 -2.64994 
1.09104 -1.60491 -1.37179 1.39845 -1.48804 -1.45415 2.18236 -1.86656 1.47106 -1.44215 1.57047 2.77077 0.485712 -2.66151 
1.08922 -1.60692 -1.37311 1.39691 -1.48718 -1.45837 2.1841 -1.86645 1.48323 -1.43267 1.56925 2.76233 0.490007 -2.68443 
1.04142 -1.60033 -1.35951 1.28857 -1.50326 -1.41594 2.08444 -1.88543 1.47998 -1.44327 1.62493 2.78023 0.430635 -2.6434 
1.051 -1.59785 -1.36059 1.30769 -1.50775 -1.40908 2.09727 -1.88662 1.47667 -1.44498 1.62789 2.78188 0.428218 -2.63821 
1.0394 -1.59762 -1.35852 1.28151 -1.50907 -1.40373 2.07671 -1.88749 1.47894 -1.44457 1.63258 2.77494 0.41859 -2.64699 
1.03872 -1.59896 -1.3593 1.27995 -1.50445 -1.41199 2.07427 -1.88886 1.47772 -1.44549 1.63584 2.77067 0.41384 -2.65087 
1.03636 -1.59868 -1.35787 1.27275 -1.50377 -1.41124 2.06801 -1.88916 1.47542 -1.44658 1.63564 2.76766 0.413304 -2.65325 
1.03577 -1.60094 -1.35989 1.27346 -1.50393 -1.41487 2.07261 -1.88963 1.47555 -1.44755 1.63677 2.76827 0.409081 -2.65128 
1.03789 -1.60109 -1.36091 1.27789 -1.50381 -1.41666 2.07884 -1.88842 1.47964 -1.44713 1.63425 2.77246 0.409516 -2.6479 
1.04473 -1.59877 -1.36166 1.29106 -1.50654 -1.41304 2.08507 -1.88572 1.48769 -1.44347 1.62808 2.77348 0.418689 -2.65275 
1.0503 -1.59717 -1.36157 1.30315 -1.50586 -1.41294 2.09178 -1.8837 1.48595 -1.44386 1.62276 2.77072 0.426197 -2.65657 
1.05825 -1.59396 -1.36081 1.31802 -1.5048 -1.41157 2.098 -1.88234 1.48035 -1.44577 1.6191 2.76601 0.430578 -2.66036 
1.06268 -1.59221 -1.36082 1.32608 -1.5054 -1.40973 2.10187 -1.88025 1.47946 -1.4448 1.61409 2.7608 0.437983 -2.66855 
1.06968 -1.58932 -1.36062 1.33945 -1.50673 -1.40616 2.10891 -1.87981 1.48384 -1.44259 1.61299 2.75922 0.43877 -2.67378 
1.07283 -1.58841 -1.36138 1.34626 -1.50869 -1.40411 2.11258 -1.87893 1.48757 -1.44089 1.6107 2.76039 0.441002 -2.67526 
1.07655 -1.5871 -1.36119 1.35339 -1.50831 -1.40346 2.11582 -1.87902 1.48748 -1.4413 1.60986 2.76185 0.440509 -2.67285 
1.07987 -1.58643 -1.36205 1.36105 -1.50922 -1.40299 2.12108 -1.87864 1.48291 -1.44244 1.607 2.75898 0.445286 -2.67512 
1.08612 -1.58437 -1.36219 1.37221 -1.50954 -1.40184 2.1269 -1.87855 1.48783 -1.44178 1.60669 2.76263 0.441534 -2.67213 
1.08979 -1.58338 -1.36227 1.37986 -1.50878 -1.40221 2.13183 -1.87795 1.48774 -1.44206 1.60391 2.7618 0.442686 -2.67328 
1.09527 -1.58201 -1.36338 1.39132 -1.51084 -1.40042 2.13895 -1.87738 1.49773 -1.43943 1.60266 2.76837 0.440179 -2.66955 
1.10104 -1.58076 -1.36413 1.40319 -1.51169 -1.40028 2.14414 -1.87623 1.49854 -1.43783 1.59896 2.76255 0.445451 -2.67944 
1.10602 -1.57914 -1.36384 1.41295 -1.50985 -1.40117 2.14899 -1.87569 1.5053 -1.43237 1.59765 2.75563 0.447936 -2.69463 
1.10455 -1.58181 -1.36498 1.41172 -1.50729 -1.4074 2.15098 -1.87658 1.51674 -1.42601 1.59981 2.75258 0.444753 -2.70646 
1.10294 -1.58468 -1.36669 1.41055 -1.50638 -1.41238 2.15411 -1.87747 1.51656 -1.42388 1.5986 2.75068 0.448949 -2.71065 
1.04251 -1.59615 -1.3569 1.28773 -1.50202 -1.41004 2.07803 -1.88752 1.47832 -1.44354 1.62942 2.77447 0.425194 -2.64889 
1.04799 -1.59271 -1.35626 1.29878 -1.50633 -1.40149 2.08285 -1.88771 1.46944 -1.44729 1.62892 2.77739 0.426238 -2.63952 
1.04017 -1.59491 -1.35573 1.28164 -1.50189 -1.40727 2.07353 -1.88717 1.47029 -1.4466 1.62982 2.77126 0.424373 -2.64795 
1.03643 -1.59546 -1.35583 1.27123 -1.49968 -1.41063 2.06583 -1.88887 1.47183 -1.44807 1.63406 2.77725 0.4169 -2.63901 
1.03428 -1.59732 -1.35642 1.26647 -1.49829 -1.41493 2.06163 -1.89032 1.46897 -1.44995 1.63748 2.77243 0.409842 -2.64207 
1.03422 -1.59922 -1.35789 1.26804 -1.49984 -1.41644 2.06694 -1.89072 1.46689 -1.452 1.63778 2.77517 0.407369 -2.63634 
1.03731 -1.59823 -1.35812 1.27347 -1.49875 -1.41743 2.07233 -1.88984 1.46362 -1.45507 1.63486 2.78206 0.40811 -2.62479 
1.04306 -1.59743 -1.35965 1.28538 -1.50124 -1.41621 2.07846 -1.88801 1.46632 -1.45322 1.62985 2.77672 0.415426 -2.63459 
1.05146 -1.59511 -1.36027 1.30325 -1.50208 -1.41476 2.08911 -1.88473 1.47692 -1.44674 1.62411 2.7657 0.424118 -2.65742 
1.05867 -1.59271 -1.36035 1.31809 -1.50322 -1.41207 2.09693 -1.88339 1.48431 -1.44449 1.62286 2.76752 0.423737 -2.6594 
1.06302 -1.59036 -1.35962 1.32558 -1.50266 -1.41022 2.09981 -1.88195 1.47611 -1.44593 1.61782 2.75708 0.431805 -2.67034 
1.06944 -1.58769 -1.35948 1.3377 -1.50414 -1.40662 2.10579 -1.88008 1.48117 -1.44295 1.61339 2.75693 0.438639 -2.67517 
1.07362 -1.58646 -1.35979 1.34625 -1.50426 -1.40636 2.11006 -1.87994 1.48373 -1.44192 1.61297 2.7564 0.43777 -2.67738 
1.0759 -1.58502 -1.35931 1.34984 -1.50478 -1.40429 2.11205 -1.87943 1.48493 -1.44243 1.61006 2.76449 0.440378 -2.66759 
1.08087 -1.58311 -1.35913 1.35905 -1.50423 -1.4034 2.11702 -1.87949 1.49134 -1.44119 1.60986 2.77049 0.4376 -2.66251 
1.08459 -1.5834 -1.36074 1.36761 -1.50576 -1.40419 2.12281 -1.88004 1.48592 -1.44373 1.60976 2.76676 0.435157 -2.66361 
1.09095 -1.58042 -1.36032 1.37977 -1.50668 -1.40043 2.12944 -1.87955 1.4925 -1.44139 1.60896 2.76597 0.432856 -2.66819 
1.09644 -1.58074 -1.3622 1.39307 -1.50714 -1.40294 2.13964 -1.87931 1.49317 -1.4419 1.60781 2.76877 0.431969 -2.66439 
1.10129 -1.57784 -1.36136 1.40081 -1.50675 -1.40072 2.1405 -1.87852 1.49846 -1.43909 1.6054 2.76423 0.432893 -2.674 
1.10423 -1.57773 -1.36155 1.40725 -1.50493 -1.40348 2.14423 -1.87795 1.51029 -1.43171 1.60396 2.75786 0.436084 -2.69159 
1.1039 -1.58012 -1.36317 1.40866 -1.50389 -1.40848 2.14831 -1.87907 1.52179 -1.42568 1.60763 2.75359 0.42981 -2.7041 
1.12679 -1.55974 -1.36079 1.44845 -1.53987 -1.35031 2.15629 -1.87782 1.51955 -1.42211 1.60039 2.74934 0.445774 -2.71363 
