1.11399 -1.89363 -1.71746 1.38493 1.99616 1.15575 -1.12316 -1.14798 0.608566 0.12356 -1.38233 -1.99072 -1.11078 -0.467428 
1.09245 -1.87958 -1.72266 1.35084 1.99671 1.14835 -1.13533 -1.14798 0.608566 0.12356 -1.38233 -1.99072 -1.11078 -0.467428 
1.09089 -1.87903 -1.72169 1.34641 1.99991 1.15147 -1.13614 -1.14798 0.608566 0.12356 -1.38233 -1.99072 -1.11078 -0.467428 
1.08884 -1.87806 -1.72071 1.34009 2.0062 1.16133 -1.14125 -1.14798 0.608566 0.12356 -1.38233 -1.99072 -1.11078 -0.467428 
1.089 -1.87787 -1.72157 1.34136 2.00485 1.16047 -1.14037 -1.14798 0.608566 0.12356 -1.38233 -1.99072 -1.11078 -0.467428 
1.09002 -1.8781 -1.72177 1.34358 2.00322 1.15797 -1.14045 -1.14798 0.608566 0.12356 -1.38233 -1.99072 -1.11078 -0.467428 
1.09334 -1.87693 -1.72168 1.3461 2.00236 1.15167 -1.14423 -1.14798 0.608566 0.12356 -1.38233 -1.99072 -1.11078 -0.467428 
1.09491 -1.87667 -1.72082 1.34431 2.00475 1.15404 -1.15047 -1.14798 0.608566 0.12356 -1.38233 -1.99072 -1.11078 -0.467428 
1.09605 -1.87736 -1.72027 1.34378 2.006 1.15674 -1.15218 -1.14798 0.608566 0.12356 -1.38233 -1.99072 -1.11078 -0.467428 
1.09948 -1.87741 -1.71907 1.34643 2.00834 1.15647 -1.15438 -1.14798 0.608566 0.12356 -1.38233 -1.99072 -1.11078 -0.467428 
1.10309 -1.87755 -1.71785 1.34953 2.01073 1.1568 -1.15671 -1.14798 0.608566 0.12356 -1.38233 -1.99072 -1.11078 -0.467428 
1.1061 -1.87776 -1.71691 1.35274 2.01241 1.15707 -1.15878 -1.14798 0.608566 0.12356 -1.38233 -1.99072 -1.11078 -0.467428 
1.10854 -1.87888 -1.71663 1.35619 2.012 1.15681 -1.15859 -1.14798 0.608566 0.12356 -1.38233 -1.99072 -1.11078 -0.467428 
1.1109 -1.87926 -1.71612 1.35888 2.01234 1.15589 -1.16 -1.14798 0.608566 0.12356 -1.38233 -1.99072 -1.11078 -0.467428 
1.11274 -1.87983 -1.71568 1.36173 2.01199 1.15483 -1.16006 -1.14798 0.608566 0.12356 -1.38233 -1.99072 -1.11078 -0.467428 
1.11386 -1.8805 -1.71528 1.36371 2.01187 1.15476 -1.15979 -1.14798 0.608566 0.12356 -1.38233 -1.99072 -1.11078 -0.467428 
1.11448 -1.88099 -1.71485 1.36448 2.01243 1.15572 -1.16013 -1.14798 0.608566 0.12356 -1.38233 -1.99072 -1.11078 -0.467428 
1.11622 -1.88005 -1.71366 1.36455 2.01574 1.15614 -1.16317 -1.14798 0.608566 0.12356 -1.38233 -1.99072 -1.11078 -0.467428 
1.11726 -1.88063 -1.71402 1.3668 2.01428 1.15434 -1.16129 -1.14798 0.608566 0.12356 -1.38233 -1.99072 -1.11078 -0.467428 
1.11806 -1.88127 -1.71355 1.36817 2.01399 1.15379 -1.16081 -1.14798 0.608566 0.12356 -1.38233 -1.99072 -1.11078 -0.467428 
1.11904 -1.8812 -1.7134 1.36921 2.01441 1.15364 -1.1615 -1.14798 0.608566 0.12356 -1.38233 -1.99072 -1.11078 -0.467428 
1.1184 -1.88174 -1.71303 1.36767 2.01593 1.15781 -1.16284 -1.14798 0.608566 0.12356 -1.38233 -1.99072 -1.11078 -0.467428 
1.11934 -1.88223 -1.71259 1.36875 2.01619 1.15786 -1.16293 -1.14798 0.608566 0.12356 -1.38233 -1.99072 -1.11078 -0.467428 
1.11941 -1.88251 -1.71297 1.36922 2.01538 1.15794 -1.16262 -1.14798 0.608566 0.12356 -1.38233 -1.99072 -1.11078 -0.467428 
1.11995 -1.88241 -1.71238 1.36893 2.01701 1.15929 -1.16388 -1.14798 0.608566 0.12356 -1.38233 -1.99072 -1.11078 -0.467428 
1.12136 -1.88299 -1.71299 1.3721 2.01428 1.15496 -1.16182 -1.14798 0.608566 0.12356 -1.38233 -1.99072 -1.11078 -0.467428 
1.12264 -1.88296 -1.71252 1.37357 2.01451 1.15292 -1.16209 -1.14798 0.608566 0.12356 -1.38233 -1.99072 -1.11078 -0.467428 
1.12205 -1.88314 -1.71261 1.37245 2.0154 1.15537 -1.16279 -1.14798 0.608566 0.12356 -1.38233 -1.99072 -1.11078 -0.467428 
1.12357 -1.88348 -1.71199 1.37395 2.01597 1.15528 -1.16332 -1.14798 0.608566 0.12356 -1.38233 -1.99072 -1.11078 -0.467428 
1.12568 -1.88334 -1.71181 1.37647 2.01587 1.15325 -1.1646 -1.14798 0.608566 0.12356 -1.38233 -1.99072 -1.11078 -0.467428 
1.12676 -1.88365 -1.71148 1.37712 2.01696 1.15492 -1.1663 -1.14798 0.608566 0.12356 -1.38233 -1.99072 -1.11078 -0.467428 
1.1283 -1.88439 -1.71161 1.38012 2.01526 1.15311 -1.16524 -1.14798 0.608566 0.12356 -1.38233 -1.99072 -1.11078 -0.467428 
1.12899 -1.88493 -1.71072 1.3808 2.01685 1.15513 -1.16566 -1.14798 0.608566 0.12356 -1.38233 -1.99072 -1.11078 -0.467428 
1.13011 -1.88471 -1.71036 1.38198 2.01762 1.15464 -1.16552 -1.14798 0.608566 0.12356 -1.38233 -1.99072 -1.11078 -0.467428 
1.13098 -1.88467 -1.70969 1.38212 2.01934 1.1561 -1.16807 -1.14798 0.608566 0.12356 -1.38233 -1.99072 -1.11078 -0.467428 
1.13134 -1.88446 -1.70944 1.38239 2.01993 1.15581 -1.16869 -1.14798 0.608566 0.12356 -1.38233 -1.99072 -1.11078 -0.467428 
1.13112 -1.88492 -1.71017 1.38317 2.01813 1.15555 -1.16671 -1.14798 0.608566 0.12356 -1.38233 -1.99072 -1.11078 -0.467428 
1.13235 -1.88427 -1.70967 1.38428 2.01837 1.15269 -1.16665 -1.14798 0.608566 0.12356 -1.38233 -1.99072 -1.11078 -0.467428 
1.13264 -1.88451 -1.70947 1.38472 2.01843 1.15192 -1.16628 -1.14798 0.608566 0.12356 -1.38233 -1.99072 -1.11078 -0.467428 
1.13209 -1.88476 -1.70958 1.38394 2.01859 1.15403 -1.16658 -1.14798 0.608566 0.12356 -1.38233 -1.99072 -1.11078 -0.467428 
1.13186 -1.88482 -1.7092 1.38288 2.01968 1.15632 -1.16737 -1.14798 0.608566 0.12356 -1.38233 -1.99072 -1.11078 -0.467428 
1.13136 -1.88513 -1.70934 1.38255 2.0195 1.15736 -1.1669 -1.14798 0.608566 0.12356 -1.38233 -1.99072 -1.11078 -0.467428 
1.13027 -1.88604 -1.70978 1.38227 2.018 1.1588 -1.16547 -1.14798 0.608566 0.12356 -1.38233 -1.99072 -1.11078 -0.467428 
1.13037 -1.88633 -1.71014 1.38336 2.01643 1.15745 -1.16418 -1.14798 0.608566 0.12356 -1.38233 -1.99072 -1.11078 -0.467428 
1.13136 -1.8856 -1.70969 1.38398 2.01707 1.15541 -1.16498 -1.14798 0.608566 0.12356 -1.38233 -1.99072 -1.11078 -0.467428 
1.13107 -1.88612 -1.71012 1.38439 2.01602 1.15511 -1.16379 -1.14798 0.608566 0.12356 -1.38233 -1.99072 -1.11078 -0.467428 
1.13148 -1.886 -1.71013 1.38529 2.01522 1.15352 -1.1635 -1.14798 0.608566 0.12356 -1.38233 -1.99072 -1.11078 -0.467428 
1.13143 -1.88569 -1.70969 1.38433 2.01691 1.15461 -1.16437 -1.14798 0.608566 0.12356 -1.38233 -1.99072 -1.11078 -0.467428 
1.1316 -1.88578 -1.70974 1.38406 2.01719 1.15515 -1.16486 -1.14798 0.608566 0.12356 -1.38233 -1.99072 -1.11078 -0.467428 
1.13142 -1.88533 -1.70938 1.38336 2.01817 1.15593 -1.16571 -1.14798 0.608566 0.12356 -1.38233 -1.99072 -1.11078 -0.467428 
1.13088 -1.88569 -1.70952 1.38276 2.01805 1.15763 -1.16584 -1.14798 0.608566 0.12356 -1.38233 -1.99072 -1.11078 -0.467428 
1.1308 -1.88578 -1.7097 1.38306 2.01715 1.15756 -1.165 -1.14798 0.608566 0.12356 -1.38233 -1.99072 -1.11078 -0.467428 
1.13097 -1.88596 -1.70976 1.38382 2.01656 1.15646 -1.16431 -1.14798 0.608566 0.12356 -1.38233 -1.99072 -1.11078 -0.467428 
1.13077 -1.88603 -1.70994 1.38357 2.01615 1.157 -1.16375 -1.14798 0.608566 0.12356 -1.38233 -1.99072 -1.11078 -0.467428 
1.132 -1.88589 -1.70984 1.38551 2.01524 1.15309 -1.1638 -1.14798 0.608566 0.12356 -1.38233 -1.99072 -1.11078 -0.467428 
1.13182 -1.88611 -1.71015 1.38573 2.0143 1.15273 -1.16402 -1.14798 0.608566 0.12356 -1.38233 -1.99072 -1.11078 -0.467428 
1.13187 -1.88555 -1.70964 1.38457 2.01611 1.15404 -1.16543 -1.14798 0.608566 0.12356 -1.38233 -1.99072 -1.11078 -0.467428 
1.1319 -1.88504 -1.70923 1.38368 2.01797 1.15491 -1.16754 -1.14798 0.608566 0.12356 -1.38233 -1.99072 -1.11078 -0.467428 
1.13248 -1.88447 -1.70922 1.38419 2.01828 1.15315 -1.16856 -1.14798 0.608566 0.12356 -1.38233 -1.99072 -1.11078 -0.467428 
1.1331 -1.88417 -1.70925 1.38511 2.01755 1.15094 -1.16824 -1.14798 0.608566 0.12356 -1.38233 -1.99072 -1.11078 -0.467428 
1.13311 -1.88379 -1.70885 1.38422 2.01885 1.15176 -1.16935 -1.14798 0.608566 0.12356 -1.38233 -1.99072 -1.11078 -0.467428 
1.13216 -1.88445 -1.70946 1.38333 2.01794 1.15387 -1.16931 -1.14798 0.608566 0.12356 -1.38233 -1.99072 -1.11078 -0.467428 
1.13211 -1.88467 -1.70971 1.38382 2.01685 1.1539 -1.16922 -1.14798 0.608566 0.12356 -1.38233 -1.99072 -1.11078 -0.467428 
1.13137 -1.88539 -1.71017 1.38354 2.01607 1.15526 -1.1677 -1.14798 0.608566 0.12356 -1.38233 -1.99072 -1.11078 -0.467428 
1.13251 -1.88439 -1.7098 1.38462 2.01672 1.1523 -1.16839 -1.14798 0.608566 0.12356 -1.38233 -1.99072 -1.11078 -0.467428 
1.13282 -1.88429 -1.70974 1.38496 2.01684 1.1517 -1.16846 -1.14798 0.608566 0.12356 -1.38233 -1.99072 -1.11078 -0.467428 
1.13213 -1.88507 -1.70983 1.38457 2.016 1.15274 -1.16827 -1.14798 0.608566 0.12356 -1.38233 -1.99072 -1.11078 -0.467428 
1.13294 -1.88409 -1.70963 1.38493 2.0169 1.15081 -1.16859 -1.14798 0.608566 0.12356 -1.38233 -1.99072 -1.11078 -0.467428 
1.13193 -1.88448 -1.70937 1.38277 2.01833 1.15493 -1.16935 -1.14798 0.608566 0.12356 -1.38233 -1.99072 -1.11078 -0.467428 
1.13163 -1.88508 -1.70994 1.38347 2.01681 1.15485 -1.16822 -1.14798 0.608566 0.12356 -1.38233 -1.99072 -1.11078 -0.467428 
1.13153 -1.88472 -1.7097 1.38297 2.01735 1.15496 -1.16883 -1.14798 0.608566 0.12356 -1.38233 -1.99072 -1.11078 -0.467428 
1.13133 -1.8857 -1.71058 1.3844 2.01471 1.15398 -1.167 -1.14798 0.608566 0.12356 -1.38233 -1.99072 -1.11078 -0.467428 
1.13244 -1.88492 -1.70991 1.38481 2.01618 1.15238 -1.16814 -1.14798 0.608566 0.12356 -1.38233 -1.99072 -1.11078 -0.467428 
1.1327 -1.88461 -1.70962 1.38496 2.01662 1.15165 -1.16848 -1.14798 0.608566 0.12356 -1.38233 -1.99072 -1.11078 -0.467428 
1.13199 -1.88487 -1.70983 1.38392 2.0167 1.15389 -1.16866 -1.14798 0.608566 0.12356 -1.38233 -1.99072 -1.11078 -0.467428 
1.13273 -1.88425 -1.70963 1.38483 2.01667 1.15148 -1.1684 -1.14798 0.608566 0.12356 -1.38233 -1.99072 -1.11078 -0.467428 
1.13293 -1.88368 -1.70907 1.38405 2.01847 1.15211 -1.17055 -1.14798 0.608566 0.12356 -1.38233 -1.99072 -1.11078 -0.467428 
1.13267 -1.88441 -1.70965 1.38485 2.01661 1.15192 -1.16856 -1.14798 0.608566 0.12356 -1.38233 -1.99072 -1.11078 -0.467428 
1.1323 -1.88496 -1.71006 1.38509 2.01518 1.15209 -1.16736 -1.14798 0.608566 0.12356 -1.38233 -1.99072 -1.11078 -0.467428 
1.13252 -1.8845 -1.70977 1.38477 2.01615 1.15182 -1.16859 -1.14798 0.608566 0.12356 -1.38233 -1.99072 -1.11078 -0.467428 
1.13286 -1.88437 -1.70956 1.38505 2.01672 1.1515 -1.16842 -1.14798 0.608566 0.12356 -1.38233 -1.99072 -1.11078 -0.467428 
1.13236 -1.88498 -1.70979 1.38511 2.01588 1.1522 -1.1666 -1.14798 0.608566 0.12356 -1.38233 -1.99072 -1.11078 -0.467428 
1.13244 -1.88415 -1.70927 1.3841 2.0177 1.15281 -1.16762 -1.14798 0.608566 0.12356 -1.38233 -1.99072 -1.11078 -0.467428 
1.13266 -1.88403 -1.70892 1.38394 2.019 1.15304 -1.16792 -1.14798 0.608566 0.12356 -1.38233 -1.99072 -1.11078 -0.467428 
1.13231 -1.88452 -1.70897 1.38389 2.01862 1.15381 -1.16738 -1.14798 0.608566 0.12356 -1.38233 -1.99072 -1.11078 -0.467428 
1.13167 -1.88471 -1.70895 1.38298 2.01898 1.15597 -1.16741 -1.14798 0.608566 0.12356 -1.38233 -1.99072 -1.11078 -0.467428 
1.1322 -1.88411 -1.70878 1.3834 2.01951 1.15466 -1.16696 -1.14798 0.608566 0.12356 -1.38233 -1.99072 -1.11078 -0.467428 
1.13151 -1.8854 -1.70968 1.38419 2.01689 1.15497 -1.16456 -1.14798 0.608566 0.12356 -1.38233 -1.99072 -1.11078 -0.467428 
1.13048 -1.88642 -1.70995 1.38372 2.01591 1.15709 -1.1636 -1.14798 0.608566 0.12356 -1.38233 -1.99072 -1.11078 -0.467428 
1.13105 -1.88586 -1.70979 1.384 2.01658 1.15605 -1.16379 -1.14798 0.608566 0.12356 -1.38233 -1.99072 -1.11078 -0.467428 
1.13091 -1.88597 -1.70964 1.38375 2.01642 1.1566 -1.16411 -1.14798 0.608566 0.12356 -1.38233 -1.99072 -1.11078 -0.467428 
1.1315 -1.88588 -1.71032 1.38537 2.01458 1.15391 -1.16263 -1.14798 0.608566 0.12356 -1.38233 -1.99072 -1.11078 -0.467428 
1.13206 -1.88483 -1.70958 1.38454 2.01703 1.15394 -1.16475 -1.14798 0.608566 0.12356 -1.38233 -1.99072 -1.11078 -0.467428 
1.13171 -1.88481 -1.70927 1.38365 2.01795 1.15538 -1.16562 -1.14798 0.608566 0.12356 -1.38233 -1.99072 -1.11078 -0.467428 
1.13167 -1.8851 -1.70969 1.38442 2.01667 1.15479 -1.16436 -1.14798 0.608566 0.12356 -1.38233 -1.99072 -1.11078 -0.467428 
1.13177 -1.8843 -1.70844 1.38271 2.01985 1.15655 -1.16681 -1.14798 0.608566 0.12356 -1.38233 -1.99072 -1.11078 -0.467428 
1.13164 -1.8845 -1.70858 1.38297 2.01914 1.15617 -1.16662 -1.14798 0.608566 0.12356 -1.38233 -1.99072 -1.11078 -0.467428 
1.13065 -1.88528 -1.70917 1.38248 2.01811 1.15831 -1.16523 -1.14798 0.608566 0.12356 -1.38233 -1.99072 -1.11078 -0.467428 
1.13048 -1.88564 -1.70951 1.38289 2.01731 1.15826 -1.1641 -1.14798 0.608566 0.12356 -1.38233 -1.99072 -1.11078 -0.467428 
1.13047 -1.88584 -1.70976 1.38335 2.01658 1.15739 -1.1639 -1.14798 0.608566 0.12356 -1.38233 -1.99072 -1.11078 -0.467428 
1.13129 -1.88507 -1.70941 1.38367 2.01721 1.15618 -1.16475 -1.14798 0.608566 0.12356 -1.38233 -1.99072 -1.11078 -0.467428 
1.13156 -1.88611 -1.71024 1.38556 2.01407 1.15363 -1.16253 -1.14798 0.608566 0.12356 -1.38233 -1.99072 -1.11078 -0.467428 
1.13045 -1.88718 -1.71076 1.38536 2.01243 1.15533 -1.1613 -1.14798 0.608566 0.12356 -1.38233 -1.99072 -1.11078 -0.467428 
1.13148 -1.88528 -1.70987 1.38485 2.01519 1.1535 -1.16455 -1.14798 0.608566 0.12356 -1.38233 -1.99072 -1.11078 -0.467428 
1.13326 -1.88377 -1.70894 1.38533 2.0177 1.151 -1.16674 -1.14798 0.608566 0.12356 -1.38233 -1.99072 -1.11078 -0.467428 
1.1328 -1.88395 -1.70902 1.3845 2.01785 1.15272 -1.16686 -1.14798 0.608566 0.12356 -1.38233 -1.99072 -1.11078 -0.467428 
1.13179 -1.88487 -1.70964 1.38467 2.0159 1.15373 -1.16563 -1.14798 0.608566 0.12356 -1.38233 -1.99072 -1.11078 -0.467428 
1.13239 -1.88401 -1.70897 1.38409 2.0176 1.15349 -1.16697 -1.14798 0.608566 0.12356 -1.38233 -1.99072 -1.11078 -0.467428 
1.13268 -1.88422 -1.70921 1.38537 2.01653 1.15155 -1.16585 -1.14798 0.608566 0.12356 -1.38233 -1.99072 -1.11078 -0.467428 
1.1329 -1.88388 -1.70904 1.38549 2.01679 1.15109 -1.16658 -1.14798 0.608566 0.12356 -1.38233 -1.99072 -1.11078 -0.467428 
1.13219 -1.88434 -1.70889 1.38402 2.01761 1.15383 -1.16715 -1.14798 0.608566 0.12356 -1.38233 -1.99072 -1.11078 -0.467428 
1.13305 -1.88334 -1.70844 1.38378 2.01951 1.15295 -1.16888 -1.14798 0.608566 0.12356 -1.38233 -1.99072 -1.11078 -0.467428 
1.13235 -1.88365 -1.70852 1.38269 2.01991 1.15483 -1.16974 -1.14798 0.608566 0.12356 -1.38233 -1.99072 -1.11078 -0.467428 
1.13291 -1.88356 -1.70889 1.3843 2.01836 1.15244 -1.16897 -1.14798 0.608566 0.12356 -1.38233 -1.99072 -1.11078 -0.467428 
1.13318 -1.88331 -1.70874 1.38478 2.01839 1.15126 -1.16878 -1.14798 0.608566 0.12356 -1.38233 -1.99072 -1.11078 -0.467428 
1.13311 -1.88373 -1.70907 1.38487 2.01781 1.15137 -1.16816 -1.14798 0.608566 0.12356 -1.38233 -1.99072 -1.11078 -0.467428 
1.13225 -1.8844 -1.70952 1.3845 2.01669 1.15324 -1.16671 -1.14798 0.608566 0.12356 -1.38233 -1.99072 -1.11078 -0.467428 
1.13296 -1.88358 -1.70886 1.3846 2.01823 1.15218 -1.16806 -1.14798 0.608566 0.12356 -1.38233 -1.99072 -1.11078 -0.467428 
1.13249 -1.88629 -1.7082 1.38661 2.01808 1.15499 -1.15956 -1.14798 0.608566 0.12356 -1.38233 -1.99072 -1.11078 -0.467428 
1.13177 -1.88994 -1.70815 1.38985 2.01514 1.15722 -1.14822 -1.14798 0.608566 0.12356 -1.38233 -1.99072 -1.11078 -0.467428 
1.1312 -1.8926 -1.7072 1.39146 2.01562 1.16082 -1.13875 -1.14798 0.608566 0.12356 -1.38233 -1.99072 -1.11078 -0.467428 
1.13057 -1.8956 -1.70641 1.39368 2.01517 1.16363 -1.12801 -1.14798 0.608566 0.12356 -1.38233 -1.99072 -1.11078 -0.467428 
1.12985 -1.8994 -1.70625 1.3975 2.01208 1.16525 -1.11454 -1.14798 0.608566 0.12356 -1.38233 -1.99072 -1.11078 -0.467428 
1.12877 -1.90259 -1.70569 1.40005 2.01102 1.16795 -1.10215 -1.14798 0.608566 0.12356 -1.38233 -1.99072 -1.11078 -0.467428 
1.12671 -1.90662 -1.70535 1.40199 2.00923 1.17266 -1.08748 -1.14798 0.608566 0.12356 -1.38233 -1.99072 -1.11078 -0.467428 
1.12434 -1.91088 -1.70528 1.40409 2.00694 1.17722 -1.07078 -1.14798 0.608566 0.12356 -1.38233 -1.99072 -1.11078 -0.467428 
1.12029 -1.91549 -1.70552 1.40421 2.00491 1.18543 -1.05419 -1.14798 0.608566 0.12356 -1.38233 -1.99072 -1.11078 -0.467428 
1.11841 -1.91865 -1.7045 1.40615 2.00473 1.18875 -1.03764 -1.14798 0.608566 0.12356 -1.38233 -1.99072 -1.11078 -0.467428 
1.11556 -1.92131 -1.70307 1.40513 2.00748 1.19598 -1.02357 -1.14798 0.608566 0.12356 -1.38233 -1.99072 -1.11078 -0.467428 
1.11095 -1.92548 -1.70266 1.40414 2.00766 1.20525 -1.00491 -1.14798 0.608566 0.12356 -1.38233 -1.99072 -1.11078 -0.467428 
1.10814 -1.92912 -1.70197 1.40573 2.00666 1.20863 -0.985032 -1.14798 0.608566 0.12356 -1.38233 -1.99072 -1.11078 -0.467428 
1.10337 -1.93334 -1.70169 1.40519 2.0061 1.21646 -0.963169 -1.14798 0.608566 0.12356 -1.38233 -1.99072 -1.11078 -0.467428 
1.10047 -1.93683 -1.70097 1.40655 2.00536 1.21947 -0.943433 -1.14798 0.608566 0.12356 -1.38233 -1.99072 -1.11078 -0.467428 
1.09603 -1.94019 -1.70031 1.4054 2.00619 1.22658 -0.923403 -1.14798 0.608566 0.12356 -1.38233 -1.99072 -1.11078 -0.467428 
1.09173 -1.94311 -1.69918 1.40403 2.00789 1.23313 -0.902825 -1.14798 0.608566 0.12356 -1.38233 -1.99072 -1.11078 -0.467428 
1.08593 -1.94677 -1.69858 1.4016 2.00891 1.24187 -0.880146 -1.14798 0.608566 0.12356 -1.38233 -1.99072 -1.11078 -0.467428 
1.08016 -1.95024 -1.69805 1.39876 2.0098 1.25065 -0.85917 -1.14798 0.608566 0.12356 -1.38233 -1.99072 -1.11078 -0.467428 
1.07604 -1.95303 -1.69719 1.3973 2.01071 1.25618 -0.841174 -1.14798 0.608566 0.12356 -1.38233 -1.99072 -1.11078 -0.467428 
1.06761 -1.95767 -1.69834 1.393 2.00882 1.26918 -0.819184 -1.14798 0.608566 0.12356 -1.38233 -1.99072 -1.11078 -0.467428 
1.06229 -1.96056 -1.69773 1.39008 2.01025 1.27712 -0.800713 -1.14798 0.608566 0.12356 -1.38233 -1.99072 -1.11078 -0.467428 
1.05673 -1.96358 -1.69751 1.38736 2.01062 1.28437 -0.781634 -1.14798 0.608566 0.12356 -1.38233 -1.99072 -1.11078 -0.467428 
1.05052 -1.96689 -1.69723 1.38371 2.01146 1.29351 -0.762042 -1.14798 0.608566 0.12356 -1.38233 -1.99072 -1.11078 -0.467428 
1.04578 -1.96866 -1.69578 1.38003 2.01417 1.30084 -0.745013 -1.14798 0.608566 0.12356 -1.38233 -1.99072 -1.11078 -0.467428 
1.03969 -1.97016 -1.6954 1.37524 2.01398 1.30947 -0.730518 -1.14798 0.608566 0.12356 -1.38233 -1.99072 -1.11078 -0.467428 
1.0363 -1.96959 -1.69433 1.3712 2.01548 1.31262 -0.721557 -1.14798 0.608566 0.12356 -1.38233 -1.99072 -1.11078 -0.467428 
1.02928 -1.9711 -1.69613 1.36734 2.00979 1.31978 -0.70864 -1.14798 0.608566 0.12356 -1.38233 -1.99072 -1.11078 -0.467428 
1.0261 -1.96982 -1.69489 1.36221 2.01212 1.32415 -0.704267 -1.14798 0.608566 0.12356 -1.38233 -1.99072 -1.11078 -0.467428 
1.02456 -1.96951 -1.69407 1.36089 2.01117 1.32361 -0.697926 -1.14798 0.608566 0.12356 -1.38233 -1.99072 -1.11078 -0.467428 
1.0215 -1.96958 -1.69446 1.35797 2.00937 1.3273 -0.694968 -1.14798 0.608566 0.12356 -1.38233 -1.99072 -1.11078 -0.467428 
1.01936 -1.96858 -1.69371 1.35431 2.01098 1.32955 -0.693843 -1.14798 0.608566 0.12356 -1.38233 -1.99072 -1.11078 -0.467428 
1.01694 -1.96878 -1.69426 1.3524 2.00857 1.33189 -0.692593 -1.14798 0.608566 0.12356 -1.38233 -1.99072 -1.11078 -0.467428 
1.01651 -1.96795 -1.69372 1.34989 2.00959 1.33382 -0.697551 -1.14798 0.608566 0.12356 -1.38233 -1.99072 -1.11078 -0.467428 
1.01679 -1.96792 -1.69396 1.35022 2.00705 1.33272 -0.702116 -1.14798 0.608566 0.12356 -1.38233 -1.99072 -1.11078 -0.467428 
1.01786 -1.96746 -1.69374 1.35077 2.00576 1.33078 -0.709137 -1.14798 0.608566 0.12356 -1.38233 -1.99072 -1.11078 -0.467428 
1.01736 -1.96743 -1.6943 1.34919 2.00435 1.33322 -0.718444 -1.14798 0.608566 0.12356 -1.38233 -1.99072 -1.11078 -0.467428 
1.01961 -1.9666 -1.69387 1.34994 2.00371 1.33035 -0.73037 -1.14798 0.608566 0.12356 -1.38233 -1.99072 -1.11078 -0.467428 
1.02428 -1.96697 -1.69453 1.35597 1.99776 1.32094 -0.741405 -1.14798 0.608566 0.12356 -1.38233 -1.99072 -1.11078 -0.467428 
1.0259 -1.96695 -1.69517 1.35652 1.99512 1.32115 -0.757317 -1.14798 0.608566 0.12356 -1.38233 -1.99072 -1.11078 -0.467428 
1.02865 -1.96629 -1.69548 1.35731 1.99345 1.31992 -0.77606 -1.14798 0.608566 0.12356 -1.38233 -1.99072 -1.11078 -0.467428 
1.03036 -1.96656 -1.69639 1.35817 1.99006 1.32029 -0.793893 -1.14798 0.608566 0.12356 -1.38233 -1.99072 -1.11078 -0.467428 
1.03195 -1.96716 -1.69791 1.35883 1.98559 1.32186 -0.813197 -1.14798 0.608566 0.12356 -1.38233 -1.99072 -1.11078 -0.467428 
1.03613 -1.96638 -1.69788 1.36054 1.98406 1.31941 -0.83578 -1.14798 0.608566 0.12356 -1.38233 -1.99072 -1.11078 -0.467428 
1.03965 -1.96634 -1.69862 1.36252 1.98054 1.31753 -0.858023 -1.14798 0.608566 0.12356 -1.38233 -1.99072 -1.11078 -0.467428 
1.04355 -1.96649 -1.69941 1.365 1.9764 1.31494 -0.879916 -1.14798 0.608566 0.12356 -1.38233 -1.99072 -1.11078 -0.467428 
1.0475 -1.96542 -1.69933 1.36543 1.9756 1.31375 -0.906339 -1.14798 0.608566 0.12356 -1.38233 -1.99072 -1.11078 -0.467428 
1.05147 -1.96426 -1.69889 1.36439 1.97653 1.31514 -0.935623 -1.14798 0.608566 0.12356 -1.38233 -1.99072 -1.11078 -0.467428 
1.056 -1.96352 -1.69868 1.36539 1.9753 1.31327 -0.962305 -1.14798 0.608566 0.12356 -1.38233 -1.99072 -1.11078 -0.467428 
1.05967 -1.96246 -1.6986 1.36433 1.97527 1.31388 -0.990988 -1.14798 0.608566 0.12356 -1.38233 -1.99072 -1.11078 -0.467428 
1.06351 -1.96265 -1.69942 1.36582 1.97151 1.31256 -1.01628 -1.14798 0.608566 0.12356 -1.38233 -1.99072 -1.11078 -0.467428 
1.06697 -1.96249 -1.70013 1.36606 1.96829 1.3124 -1.04319 -1.14798 0.608566 0.12356 -1.38233 -1.99072 -1.11078 -0.467428 
