1.06284 -1.77352 -1.59017 1.32826 -1.28244 -1.28122 2.11557 -1.8612 1.44288 -1.46033 1.57197 2.81752 0.510193 -2.5519 
1.02867 -1.77751 -1.5869 1.25734 -1.27083 -1.30759 2.08526 -1.85627 1.45545 -1.44519 1.55648 2.79281 0.542021 -2.60634 
1.02851 -1.77511 -1.58528 1.25366 -1.27247 -1.30261 2.07884 -1.85701 1.46877 -1.43188 1.55084 2.77639 0.559593 -2.64721 
1.02836 -1.77355 -1.58468 1.25043 -1.27173 -1.30387 2.07039 -1.85967 1.46733 -1.43191 1.55129 2.77805 0.562816 -2.64482 
1.02745 -1.77343 -1.5844 1.24619 -1.26958 -1.30841 2.06469 -1.86213 1.4535 -1.44092 1.55308 2.78797 0.558688 -2.6175 
1.02833 -1.7738 -1.58401 1.24747 -1.26844 -1.30865 2.06869 -1.86288 1.44911 -1.44361 1.55356 2.78871 0.556975 -2.61219 
1.03249 -1.77443 -1.58472 1.25648 -1.26913 -1.30607 2.07855 -1.8605 1.44794 -1.44469 1.54785 2.78955 0.563254 -2.61105 
1.03847 -1.77646 -1.58688 1.27037 -1.2719 -1.30412 2.08785 -1.85741 1.44576 -1.44509 1.54023 2.78632 0.573627 -2.61645 
1.04863 -1.77525 -1.58507 1.28851 -1.27153 -1.29862 2.09492 -1.85496 1.45314 -1.44084 1.53651 2.77957 0.577591 -2.63337 
1.05812 -1.77402 -1.58324 1.30584 -1.27169 -1.29238 2.10182 -1.85174 1.4606 -1.43518 1.53169 2.76831 0.584733 -2.65873 
1.06383 -1.77455 -1.5836 1.31832 -1.27395 -1.28741 2.10985 -1.85068 1.45611 -1.43763 1.52834 2.77029 0.588661 -2.65317 
1.06882 -1.77357 -1.58242 1.32655 -1.27349 -1.28427 2.11333 -1.85085 1.4512 -1.4402 1.52798 2.77033 0.58733 -2.64829 
1.07244 -1.77417 -1.58264 1.33417 -1.27442 -1.28255 2.11761 -1.85028 1.4533 -1.44055 1.5255 2.77637 0.588146 -2.64075 
1.07501 -1.77487 -1.58305 1.34003 -1.27583 -1.28081 2.12177 -1.84917 1.45876 -1.43836 1.5223 2.78028 0.591127 -2.64018 
1.07945 -1.77459 -1.5828 1.34859 -1.27644 -1.27824 2.12538 -1.84758 1.46285 -1.43579 1.51745 2.78023 0.597405 -2.64551 
1.08562 -1.77503 -1.58279 1.36052 -1.27703 -1.27545 2.13218 -1.84806 1.46879 -1.43297 1.51876 2.77556 0.592952 -2.65618 
1.09221 -1.77494 -1.58249 1.37325 -1.27794 -1.27126 2.1395 -1.84756 1.47738 -1.4289 1.51829 2.77161 0.590862 -2.66884 
1.09759 -1.77513 -1.58228 1.38393 -1.27741 -1.26955 2.14639 -1.84667 1.48496 -1.4252 1.51667 2.76926 0.590767 -2.67885 
1.10136 -1.77627 -1.58268 1.39281 -1.27644 -1.27057 2.15159 -1.84825 1.48295 -1.42805 1.51888 2.77164 0.583672 -2.671 
1.10278 -1.77817 -1.58346 1.3984 -1.27608 -1.27293 2.15517 -1.84886 1.48774 -1.42445 1.51904 2.76944 0.583076 -2.67896 
1.10303 -1.77956 -1.58367 1.40009 -1.2741 -1.27654 2.15695 -1.84924 1.5004 -1.41632 1.51943 2.76707 0.582987 -2.69438 
1.10013 -1.78118 -1.58474 1.39588 -1.27202 -1.28237 2.15706 -1.84947 1.49294 -1.41614 1.51615 2.76256 0.591266 -2.69865 
1.33592 -1.72603 -1.68157 1.91521 -1.49456 -1.03487 2.40488 -1.84943 1.49421 -1.4163 1.51688 2.76354 0.589464 -2.69753 
1.33391 -1.72795 -1.68042 1.91536 -1.49309 -1.03677 2.40967 -1.87785 1.57544 -1.40783 1.57844 2.81691 0.482664 -2.64897 
1.33382 -1.72806 -1.68039 1.91547 -1.49305 -1.03686 2.41017 -1.88274 1.59652 -1.40241 1.59258 2.8194 0.459194 -2.65209 
1.33379 -1.72806 -1.68037 1.91548 -1.49306 -1.0369 2.41027 -1.88019 1.58714 -1.40254 1.5872 2.81283 0.469901 -2.65897 
1.33379 -1.72804 -1.68035 1.91549 -1.49307 -1.03693 2.41029 -1.87443 1.56851 -1.40602 1.57843 2.80335 0.483142 -2.66433 
1.33379 -1.72803 -1.68034 1.91549 -1.49308 -1.03694 2.41029 -1.8669 1.53848 -1.4178 1.56661 2.80731 0.497132 -2.64204 
1.33379 -1.72802 -1.68034 1.91549 -1.49308 -1.03696 2.41029 -1.85446 1.52546 -1.41638 1.54872 2.78856 0.523992 -2.66774 
1.33379 -1.72802 -1.68033 1.91549 -1.49309 -1.03696 2.41029 -1.84505 1.50078 -1.42571 1.5367 2.78512 0.537267 -2.65806 
1.33379 -1.72802 -1.68033 1.91549 -1.49309 -1.03697 2.41029 -1.83349 1.47794 -1.4339 1.52113 2.78164 0.556471 -2.65125 
1.33379 -1.72801 -1.68033 1.91549 -1.49309 -1.03697 2.41029 -1.82067 1.46733 -1.43658 1.50581 2.77713 0.575038 -2.65522 
1.33379 -1.72801 -1.68033 1.91549 -1.49309 -1.03697 2.41029 -1.80823 1.45316 -1.44247 1.49059 2.77961 0.592671 -2.64479 
1.33379 -1.72801 -1.68033 1.91549 -1.49309 -1.03697 2.41029 -1.79516 1.42539 -1.45644 1.47257 2.78263 0.613921 -2.62091 
1.33379 -1.72801 -1.68033 1.91549 -1.49309 -1.03697 2.41029 -1.78219 1.40387 -1.46757 1.45777 2.78026 0.629292 -2.60836 
1.33379 -1.72801 -1.68033 1.91549 -1.49309 -1.03697 2.41029 -1.77 1.38593 -1.47696 1.44618 2.77416 0.638377 -2.60282 
1.33379 -1.72801 -1.68033 1.91549 -1.49309 -1.03697 2.41029 -1.75659 1.37199 -1.48452 1.43112 2.77021 0.653344 -2.59905 
1.33379 -1.72801 -1.68033 1.91549 -1.49309 -1.03697 2.41029 -1.7481 1.36134 -1.49148 1.42429 2.76794 0.656235 -2.59193 
1.33379 -1.72801 -1.68033 1.91549 -1.49309 -1.03697 2.41029 -1.74336 1.34681 -1.49744 1.42072 2.76337 0.664482 -2.58756 
1.33379 -1.72801 -1.68033 1.91549 -1.49309 -1.03697 2.41029 -1.7387 1.34765 -1.50011 1.41419 2.76613 0.668867 -2.58313 
1.33379 -1.72801 -1.68033 1.91549 -1.49309 -1.03697 2.41029 -1.73535 1.35073 -1.50114 1.4081 2.76978 0.673196 -2.57973 
1.33379 -1.72801 -1.68033 1.91549 -1.49309 -1.03697 2.41029 -1.73481 1.35235 -1.50119 1.40491 2.77519 0.677215 -2.57321 
1.33379 -1.72801 -1.68033 1.91549 -1.49309 -1.03697 2.41029 -1.73733 1.36534 -1.4935 1.40768 2.77497 0.67327 -2.58652 
