0.570524 -0.84152 -0.119669 1.30074 -2.2703 -1.04079 1.19746 -1.11046 0.608541 0.0658396 -1.37776 -1.96175 -1.13253 -0.474404 
0.563038 -0.836988 -0.115425 1.26339 -2.20892 -0.939229 1.15049 -1.11057 0.607972 0.0659647 -1.37907 -1.96141 -1.13218 -0.475202 
0.562514 -0.837375 -0.116929 1.26336 -2.2149 -0.934271 1.15565 -1.11057 0.607972 0.0659647 -1.37907 -1.96141 -1.13218 -0.475202 
0.563047 -0.839178 -0.118151 1.26173 -2.21897 -0.934347 1.15653 -1.11057 0.607972 0.0659647 -1.37907 -1.96141 -1.13218 -0.475202 
0.563954 -0.840367 -0.118742 1.2615 -2.22265 -0.935836 1.1579 -1.11057 0.607972 0.0659647 -1.37907 -1.96141 -1.13218 -0.475202 
0.563478 -0.839265 -0.118284 1.26345 -2.22621 -0.936001 1.16359 -1.11057 0.607972 0.0659647 -1.37907 -1.96141 -1.13218 -0.475202 
0.562735 -0.835729 -0.11862 1.26567 -2.22985 -0.93399 1.16901 -1.11057 0.607972 0.0659647 -1.37907 -1.96141 -1.13218 -0.475202 
0.562786 -0.830358 -0.119908 1.26745 -2.22925 -0.930654 1.1678 -1.11057 0.607972 0.0659647 -1.37907 -1.96141 -1.13218 -0.475202 
0.562798 -0.823071 -0.1207 1.26984 -2.22456 -0.928484 1.16335 -1.11057 0.607972 0.0659647 -1.37907 -1.96141 -1.13218 -0.475202 
0.562841 -0.816977 -0.12126 1.27178 -2.22024 -0.927071 1.15924 -1.11057 0.607972 0.0659647 -1.37907 -1.96141 -1.13218 -0.475202 
0.56287 -0.812215 -0.121682 1.27319 -2.21665 -0.925921 1.15581 -1.11057 0.607972 0.0659647 -1.37907 -1.96141 -1.13218 -0.475202 
0.562881 -0.80844 -0.121977 1.27424 -2.21365 -0.925112 1.15297 -1.11057 0.607972 0.0659647 -1.37907 -1.96141 -1.13218 -0.475202 
0.562896 -0.805342 -0.122237 1.27511 -2.21127 -0.924428 1.15068 -1.11057 0.607972 0.0659647 -1.37907 -1.96141 -1.13218 -0.475202 
0.562902 -0.802748 -0.122455 1.27586 -2.20936 -0.923877 1.14887 -1.11057 0.607972 0.0659647 -1.37907 -1.96141 -1.13218 -0.475202 
0.562921 -0.799279 -0.122892 1.27688 -2.20748 -0.922855 1.14693 -1.11057 0.607972 0.0659647 -1.37907 -1.96141 -1.13218 -0.475202 
0.562992 -0.794528 -0.123411 1.27812 -2.20483 -0.921747 1.1442 -1.11057 0.607972 0.0659647 -1.37907 -1.96141 -1.13218 -0.475202 
0.56283 -0.789219 -0.12372 1.27999 -2.20185 -0.920463 1.14198 -1.11057 0.607972 0.0659647 -1.37907 -1.96141 -1.13218 -0.475202 
0.562591 -0.784047 -0.12408 1.28121 -2.19787 -0.9188 1.13859 -1.11057 0.607972 0.0659647 -1.37907 -1.96141 -1.13218 -0.475202 
0.562859 -0.779569 -0.124767 1.28192 -2.19367 -0.917527 1.13358 -1.11057 0.607972 0.0659647 -1.37907 -1.96141 -1.13218 -0.475202 
0.562999 -0.776326 -0.125031 1.28255 -2.18974 -0.917265 1.12935 -1.11057 0.607972 0.0659647 -1.37907 -1.96141 -1.13218 -0.475202 
0.563024 -0.774581 -0.124844 1.283 -2.18739 -0.917943 1.12728 -1.11057 0.607972 0.0659647 -1.37907 -1.96141 -1.13218 -0.475202 
0.563021 -0.774438 -0.124793 1.28304 -2.18716 -0.918119 1.12712 -1.11057 0.607972 0.0659647 -1.37907 -1.96141 -1.13218 -0.475202 
0.809036 -0.667784 -0.482794 1.90226 -2.45374 -1.99957 1.90498 -1.11086 0.606549 0.0662777 -1.38233 -1.96054 -1.13132 -0.4772 
0.566969 -0.803465 -0.116897 1.35583 -2.31372 -1.05958 1.26977 -1.11086 0.606558 0.0662759 -1.38231 -1.96055 -1.13132 -0.477188 
0.562551 -0.836626 -0.114588 1.26378 -2.20991 -0.94094 1.15331 -1.11057 0.607972 0.0659647 -1.37907 -1.96141 -1.13218 -0.475202 
0.562621 -0.838775 -0.117144 1.26212 -2.21928 -0.936627 1.15875 -1.11057 0.607972 0.0659647 -1.37907 -1.96141 -1.13218 -0.475202 
0.562901 -0.8388 -0.117394 1.26384 -2.22681 -0.93759 1.16622 -1.11057 0.607972 0.0659647 -1.37907 -1.96141 -1.13218 -0.475202 
0.82053 -0.681236 -0.497293 1.9001 -2.44141 -1.99853 1.91602 -1.11086 0.606549 0.0662777 -1.38233 -1.96054 -1.13132 -0.4772 
0.827755 -0.679957 -0.512805 1.89434 -2.43952 -1.99369 1.92132 -1.11086 0.606549 0.0662777 -1.38233 -1.96054 -1.13132 -0.4772 
0.811037 -0.676003 -0.489717 1.88966 -2.45276 -1.98966 1.90576 -1.11086 0.606549 0.0662777 -1.38233 -1.96054 -1.13132 -0.4772 
0.811037 -0.676003 -0.489717 1.88966 -2.45276 -1.98966 1.90577 -1.11086 0.606549 0.0662777 -1.38233 -1.96054 -1.13132 -0.4772 
0.811037 -0.676003 -0.489717 1.88966 -2.45276 -1.98966 1.90577 -1.11086 0.606549 0.0662777 -1.38233 -1.96054 -1.13132 -0.4772 
0.562146 -0.743589 -0.121054 1.36553 -2.2793 -1.009 1.24051 -1.11046 0.608541 0.0658396 -1.37776 -1.96175 -1.13253 -0.474404 
0.558962 -0.772557 -0.121235 1.27754 -2.16978 -0.901615 1.12236 -1.11057 0.607972 0.0659647 -1.37907 -1.96141 -1.13218 -0.475202 
0.555524 -0.772656 -0.116616 1.27988 -2.1765 -0.902711 1.14127 -1.11057 0.607972 0.0659647 -1.37907 -1.96141 -1.13218 -0.475202 
0.551552 -0.773566 -0.111244 1.28278 -2.18618 -0.905138 1.16489 -1.11057 0.607972 0.0659647 -1.37907 -1.96141 -1.13218 -0.475202 
