1.04127 -1.81757 -1.65441 1.24811 -1.18818 -1.24621 2.03186 -1.11007 0.610447 0.0654194 -1.37338 -1.9629 -1.13369 -0.471729 
1.03411 -1.80995 -1.65055 1.23085 -1.18904 -1.23826 2.01736 -1.11007 0.610447 0.0654194 -1.37338 -1.9629 -1.13369 -0.471729 
1.02943 -1.80446 -1.64973 1.22251 -1.19341 -1.22779 2.00987 -1.11007 0.610447 0.0654194 -1.37338 -1.9629 -1.13369 -0.471729 
1.02735 -1.80378 -1.65103 1.21913 -1.19388 -1.23025 2.00548 -1.11007 0.610447 0.0654194 -1.37338 -1.9629 -1.13369 -0.471729 
1.02554 -1.80445 -1.6523 1.21524 -1.19271 -1.23657 2.00115 -1.11007 0.610447 0.0654194 -1.37338 -1.9629 -1.13369 -0.471729 
1.02518 -1.80686 -1.65408 1.21567 -1.19306 -1.23987 2.00456 -1.11007 0.610447 0.0654194 -1.37338 -1.9629 -1.13369 -0.471729 
1.02867 -1.80915 -1.6556 1.22417 -1.19401 -1.23828 2.01545 -1.11007 0.610447 0.0654194 -1.37338 -1.9629 -1.13369 -0.471729 
1.03632 -1.80957 -1.65541 1.23914 -1.19534 -1.23185 2.02424 -1.11007 0.610447 0.0654194 -1.37338 -1.9629 -1.13369 -0.471729 
1.04689 -1.80842 -1.65344 1.25744 -1.19506 -1.22413 2.03122 -1.11007 0.610447 0.0654194 -1.37338 -1.9629 -1.13369 -0.471729 
1.05542 -1.80823 -1.65211 1.27326 -1.19545 -1.21838 2.03738 -1.11007 0.610447 0.0654194 -1.37338 -1.9629 -1.13369 -0.471729 
1.06176 -1.80898 -1.65235 1.28633 -1.19754 -1.21295 2.04372 -1.11007 0.610447 0.0654194 -1.37338 -1.9629 -1.13369 -0.471729 
1.06633 -1.80927 -1.65215 1.29495 -1.1978 -1.21021 2.04845 -1.11007 0.610447 0.0654194 -1.37338 -1.9629 -1.13369 -0.471729 
1.0698 -1.81022 -1.65276 1.30261 -1.19903 -1.20772 2.05365 -1.11007 0.610447 0.0654194 -1.37338 -1.9629 -1.13369 -0.471729 
1.07266 -1.81145 -1.6535 1.31 -1.20026 -1.20566 2.05904 -1.11007 0.610447 0.0654194 -1.37338 -1.9629 -1.13369 -0.471729 
1.07766 -1.8112 -1.65298 1.31878 -1.20138 -1.20144 2.06225 -1.11007 0.610447 0.0654194 -1.37338 -1.9629 -1.13369 -0.471729 
1.08237 -1.81251 -1.65344 1.32822 -1.20111 -1.20092 2.06785 -1.11007 0.610447 0.0654194 -1.37338 -1.9629 -1.13369 -0.471729 
1.08661 -1.81464 -1.6542 1.33831 -1.20124 -1.20088 2.07474 -1.11007 0.610447 0.0654194 -1.37338 -1.9629 -1.13369 -0.471729 
1.09184 -1.81571 -1.65445 1.3491 -1.20121 -1.19894 2.08175 -1.11007 0.610447 0.0654194 -1.37338 -1.9629 -1.13369 -0.471729 
1.09593 -1.81766 -1.65543 1.35873 -1.20169 -1.19929 2.08675 -1.11007 0.610447 0.0654194 -1.37338 -1.9629 -1.13369 -0.471729 
1.09705 -1.8201 -1.65637 1.36331 -1.19998 -1.20424 2.08949 -1.11007 0.610447 0.0654194 -1.37338 -1.9629 -1.13369 -0.471729 
1.09618 -1.8228 -1.65761 1.36413 -1.19777 -1.21096 2.09142 -1.11007 0.610447 0.0654194 -1.37338 -1.9629 -1.13369 -0.471729 
1.09189 -1.82657 -1.66067 1.36036 -1.19681 -1.21998 2.09341 -1.11007 0.610447 0.0654194 -1.37338 -1.9629 -1.13369 -0.471729 
1.32252 -1.81606 -1.75351 1.90726 -1.41888 -0.939777 2.38047 -1.1103 0.609337 0.0656645 -1.37593 -1.96223 -1.13301 -0.473288 
