1.06531 -1.73574 -1.40036 1.47314 -1.45056 -1.5229 2.35204 -1.11007 0.610447 0.0654194 -1.37338 -1.9629 -1.13369 -0.471729 
1.05753 -1.72419 -1.40399 1.46834 -1.47881 -1.48399 2.34999 -1.11086 0.606558 0.0662759 -1.38231 -1.96055 -1.13132 -0.477188 
1.05895 -1.72475 -1.40486 1.4718 -1.48642 -1.47711 2.35154 -1.11086 0.606549 0.0662777 -1.38233 -1.96054 -1.13132 -0.4772 
1.05634 -1.72719 -1.40726 1.46899 -1.48766 -1.48017 2.35294 -1.11086 0.606549 0.0662777 -1.38233 -1.96054 -1.13132 -0.4772 
1.05661 -1.7266 -1.40775 1.46901 -1.48847 -1.47939 2.35264 -1.11086 0.606549 0.0662777 -1.38233 -1.96054 -1.13132 -0.4772 
1.05634 -1.72713 -1.40751 1.4686 -1.48835 -1.47965 2.35266 -1.11086 0.606549 0.0662777 -1.38233 -1.96054 -1.13132 -0.4772 
1.05697 -1.72656 -1.4085 1.46987 -1.49081 -1.47759 2.35416 -1.11086 0.606549 0.0662777 -1.38233 -1.96054 -1.13132 -0.4772 
1.05554 -1.7274 -1.40819 1.46749 -1.48778 -1.48108 2.35349 -1.11086 0.606549 0.0662777 -1.38233 -1.96054 -1.13132 -0.4772 
1.05692 -1.72552 -1.40664 1.4682 -1.48702 -1.47911 2.3509 -1.11086 0.606549 0.0662777 -1.38233 -1.96054 -1.13132 -0.4772 
1.0571 -1.72598 -1.40777 1.46977 -1.48973 -1.47765 2.35303 -1.11086 0.606549 0.0662777 -1.38233 -1.96054 -1.13132 -0.4772 
1.05609 -1.72653 -1.4079 1.46812 -1.48806 -1.47974 2.35296 -1.11086 0.606549 0.0662777 -1.38233 -1.96054 -1.13132 -0.4772 
1.05587 -1.72652 -1.40763 1.46773 -1.48741 -1.48036 2.35321 -1.11086 0.606549 0.0662777 -1.38233 -1.96054 -1.13132 -0.4772 
1.05648 -1.72639 -1.40783 1.46862 -1.48858 -1.47899 2.35307 -1.11086 0.606549 0.0662777 -1.38233 -1.96054 -1.13132 -0.4772 
1.0582 -1.72428 -1.40639 1.47024 -1.48911 -1.47539 2.3525 -1.11086 0.606549 0.0662777 -1.38233 -1.96054 -1.13132 -0.4772 
1.05803 -1.72462 -1.40627 1.46992 -1.48845 -1.47605 2.35275 -1.11086 0.606549 0.0662777 -1.38233 -1.96054 -1.13132 -0.4772 
1.05772 -1.72546 -1.40774 1.47095 -1.49088 -1.47566 2.35332 -1.11086 0.606549 0.0662777 -1.38233 -1.96054 -1.13132 -0.4772 
1.0564 -1.72628 -1.40797 1.46818 -1.48823 -1.47933 2.35171 -1.11086 0.606549 0.0662777 -1.38233 -1.96054 -1.13132 -0.4772 
1.05685 -1.72613 -1.40753 1.46877 -1.48822 -1.47877 2.35251 -1.11086 0.606549 0.0662777 -1.38233 -1.96054 -1.13132 -0.4772 
1.05579 -1.72692 -1.40784 1.46709 -1.48665 -1.48129 2.35141 -1.11086 0.606549 0.0662777 -1.38233 -1.96054 -1.13132 -0.4772 
1.05689 -1.72518 -1.4065 1.46771 -1.48614 -1.47908 2.35037 -1.11086 0.606549 0.0662777 -1.38233 -1.96054 -1.13132 -0.4772 
1.05657 -1.72582 -1.4077 1.46838 -1.48805 -1.47867 2.35206 -1.11086 0.606549 0.0662777 -1.38233 -1.96054 -1.13132 -0.4772 
1.0567 -1.72665 -1.40897 1.47027 -1.49127 -1.47714 2.35477 -1.11086 0.606549 0.0662777 -1.38233 -1.96054 -1.13132 -0.4772 
1.05658 -1.72655 -1.40857 1.4696 -1.49028 -1.47776 2.35431 -1.11086 0.606549 0.0662777 -1.38233 -1.96054 -1.13132 -0.4772 
1.05653 -1.72669 -1.40805 1.46892 -1.48894 -1.47881 2.35332 -1.11086 0.606549 0.0662777 -1.38233 -1.96054 -1.13132 -0.4772 
1.05603 -1.72734 -1.40885 1.46911 -1.48996 -1.47905 2.35412 -1.11086 0.606549 0.0662777 -1.38233 -1.96054 -1.13132 -0.4772 
1.05717 -1.72597 -1.40804 1.47035 -1.49046 -1.47684 2.35341 -1.11086 0.606549 0.0662777 -1.38233 -1.96054 -1.13132 -0.4772 
1.05708 -1.72597 -1.40825 1.4703 -1.49053 -1.4769 2.35327 -1.11086 0.606549 0.0662777 -1.38233 -1.96054 -1.13132 -0.4772 
1.05683 -1.72675 -1.40901 1.47093 -1.49192 -1.47672 2.35455 -1.11086 0.606549 0.0662777 -1.38233 -1.96054 -1.13132 -0.4772 
1.05491 -1.72857 -1.41033 1.46885 -1.49097 -1.48059 2.3555 -1.11086 0.606549 0.0662777 -1.38233 -1.96054 -1.13132 -0.4772 
1.0567 -1.72729 -1.40933 1.47081 -1.49179 -1.47761 2.355 -1.11086 0.606549 0.0662777 -1.38233 -1.96054 -1.13132 -0.4772 
1.0571 -1.72619 -1.40781 1.46958 -1.48932 -1.47787 2.35291 -1.11086 0.606549 0.0662777 -1.38233 -1.96054 -1.13132 -0.4772 
1.05695 -1.72638 -1.40795 1.46976 -1.48948 -1.47787 2.35344 -1.11086 0.606549 0.0662777 -1.38233 -1.96054 -1.13132 -0.4772 
1.05635 -1.72662 -1.40779 1.46827 -1.48777 -1.47964 2.35227 -1.11086 0.606549 0.0662777 -1.38233 -1.96054 -1.13132 -0.4772 
1.0562 -1.72685 -1.40831 1.46833 -1.48804 -1.47992 2.35259 -1.11086 0.606549 0.0662777 -1.38233 -1.96054 -1.13132 -0.4772 
1.05714 -1.72526 -1.4067 1.46845 -1.48685 -1.47844 2.35137 -1.11086 0.606549 0.0662777 -1.38233 -1.96054 -1.13132 -0.4772 
1.05637 -1.7268 -1.40866 1.46964 -1.49002 -1.4786 2.35342 -1.11086 0.606549 0.0662777 -1.38233 -1.96054 -1.13132 -0.4772 
1.05608 -1.72777 -1.40945 1.47029 -1.49174 -1.47853 2.35386 -1.11086 0.606549 0.0662777 -1.38233 -1.96054 -1.13132 -0.4772 
1.05602 -1.72741 -1.40909 1.46907 -1.49058 -1.47925 2.35349 -1.11086 0.606549 0.0662777 -1.38233 -1.96054 -1.13132 -0.4772 
1.05677 -1.72727 -1.40887 1.47118 -1.49241 -1.47705 2.35479 -1.11086 0.606549 0.0662777 -1.38233 -1.96054 -1.13132 -0.4772 
1.05855 -1.72451 -1.40663 1.47177 -1.4909 -1.47424 2.35271 -1.11086 0.606549 0.0662777 -1.38233 -1.96054 -1.13132 -0.4772 
1.05866 -1.72429 -1.40642 1.47131 -1.49037 -1.47439 2.35187 -1.11086 0.606549 0.0662777 -1.38233 -1.96054 -1.13132 -0.4772 
1.05867 -1.72394 -1.40614 1.47101 -1.48972 -1.47451 2.35242 -1.11086 0.606549 0.0662777 -1.38233 -1.96054 -1.13132 -0.4772 
1.05959 -1.72281 -1.40527 1.47149 -1.48938 -1.47285 2.35077 -1.11086 0.606549 0.0662777 -1.38233 -1.96054 -1.13132 -0.4772 
1.05798 -1.72479 -1.40689 1.47067 -1.48997 -1.47536 2.35254 -1.11086 0.606549 0.0662777 -1.38233 -1.96054 -1.13132 -0.4772 
1.05659 -1.72667 -1.40869 1.47017 -1.49088 -1.47751 2.35407 -1.11086 0.606549 0.0662777 -1.38233 -1.96054 -1.13132 -0.4772 
1.05736 -1.72628 -1.40838 1.47117 -1.49143 -1.47619 2.35443 -1.11086 0.606549 0.0662777 -1.38233 -1.96054 -1.13132 -0.4772 
1.05641 -1.72714 -1.40882 1.46988 -1.49066 -1.47792 2.3539 -1.11086 0.606549 0.0662777 -1.38233 -1.96054 -1.13132 -0.4772 
1.05739 -1.72579 -1.40785 1.47011 -1.49003 -1.4767 2.35335 -1.11086 0.606549 0.0662777 -1.38233 -1.96054 -1.13132 -0.4772 
1.05536 -1.72831 -1.40958 1.46863 -1.49019 -1.48067 2.35449 -1.11086 0.606549 0.0662777 -1.38233 -1.96054 -1.13132 -0.4772 
1.05609 -1.72759 -1.40899 1.46938 -1.4902 -1.47951 2.35438 -1.11086 0.606549 0.0662777 -1.38233 -1.96054 -1.13132 -0.4772 
1.05632 -1.72688 -1.40853 1.4695 -1.48999 -1.47843 2.35427 -1.11086 0.606549 0.0662777 -1.38233 -1.96054 -1.13132 -0.4772 
