1.02733 -1.93978 -1.83556 1.26741 -1.00494 -1.13502 1.98231 -1.73355 1.85045 -0.995933 1.5595 1.98592 0.817505 -2.06742 
1.00623 -1.93545 -1.83654 1.22934 -1.00154 -1.15325 1.97165 -1.72148 1.83347 -0.980971 1.53156 2.00292 0.870977 -2.13369 
1.00953 -1.93069 -1.83327 1.22925 -1.00146 -1.14555 1.96591 -1.71773 1.82705 -0.976947 1.52505 1.99816 0.886965 -2.17569 
1.00807 -1.92691 -1.83158 1.22287 -1.00038 -1.14806 1.95615 -1.71319 1.83442 -0.967784 1.52028 2.00194 0.896637 -2.2196 
1.00548 -1.92682 -1.83189 1.2164 -0.998504 -1.1561 1.95086 -1.7146 1.821 -0.973213 1.51659 2.00019 0.904798 -2.20631 
1.0051 -1.92758 -1.83219 1.21572 -0.996899 -1.15868 1.95329 -1.73055 1.8375 -0.991483 1.54739 1.98554 0.846561 -2.11293 
1.00795 -1.93122 -1.83468 1.22504 -0.998756 -1.15542 1.96435 -1.72967 1.83911 -0.991238 1.54536 1.986 0.845992 -2.11398 
1.01477 -1.93434 -1.83562 1.23961 -1.00075 -1.14951 1.97154 -1.71955 1.82911 -0.980283 1.5231 1.99981 0.881548 -2.15944 
1.02424 -1.9368 -1.8343 1.25834 -1.00098 -1.14146 1.97901 -1.71616 1.8255 -0.978068 1.51607 2.00021 0.892025 -2.17963 
1.03354 -1.93774 -1.83172 1.27461 -0.999492 -1.13422 1.9839 -1.70766 1.83087 -0.967069 1.50394 2.00596 0.907936 -2.2337 
1.03977 -1.93916 -1.83054 1.28626 -0.998644 -1.13035 1.98844 -1.70426 1.84035 -0.960861 1.50161 2.00949 0.907367 -2.25664 
1.04458 -1.94151 -1.83106 1.29737 -1.00175 -1.12245 1.9939 -1.71255 1.8376 -0.973406 1.51262 2.001 0.887016 -2.20376 
1.04756 -1.94299 -1.83117 1.30413 -1.00256 -1.11909 1.99813 -1.70407 1.83353 -0.962886 1.49694 2.01031 0.912271 -2.24835 
1.05079 -1.94318 -1.83011 1.30982 -1.00129 -1.11758 2.00015 -1.70737 1.83714 -0.965958 1.50359 2.00479 0.900296 -2.23744 
1.05403 -1.94597 -1.8315 1.31831 -1.00347 -1.11394 2.00576 -1.70272 1.83507 -0.960691 1.49291 2.01207 0.913553 -2.2559 
1.05789 -1.94782 -1.83148 1.32651 -1.00322 -1.11212 2.00968 -1.70236 1.84498 -0.957773 1.4942 2.01378 0.905243 -2.25909 
1.0642 -1.9494 -1.83014 1.33805 -1.00114 -1.10999 2.01413 -1.70066 1.84481 -0.955783 1.48968 2.01342 0.9095 -2.27277 
1.0715 -1.95082 -1.82845 1.35169 -1.00049 -1.10393 2.01953 -1.7005 1.84118 -0.958056 1.48711 2.01342 0.909753 -2.26282 
1.076 -1.95328 -1.82914 1.36215 -1.00229 -1.09973 2.02431 -1.70138 1.83431 -0.960421 1.48519 2.00909 0.913401 -2.26312 
1.07676 -1.95609 -1.83063 1.36734 -1.0031 -1.10098 2.02793 -1.70109 1.83244 -0.95839 1.48314 2.00762 0.917608 -2.27643 
1.07788 -1.9568 -1.82975 1.36928 -0.999976 -1.10469 2.0287 -1.69817 1.84899 -0.949484 1.4845 2.01321 0.909876 -2.29678 
1.07467 -1.95897 -1.83161 1.36588 -0.998592 -1.11233 2.02988 -1.69625 1.85092 -0.9443 1.48117 2.01652 0.915372 -2.31428 
1.28294 -1.96699 -1.88501 1.91278 -1.28449 -0.779635 2.3406 -1.69724 1.84923 -0.946741 1.48241 2.01496 0.913755 -2.30706 
1.08689 -1.95397 -1.82693 1.38651 -1.00801 -1.09359 2.0389 -1.72047 1.49638 -1.23717 1.75524 1.24032 0.746381 -1.58792 
