1.10418 -1.58209 -1.36419 1.41145 -1.50666 -1.40674 2.16811 -1.7483 1.3058 -1.52179 1.449 2.73928 0.621321 -2.62388 
1.09955 -1.58692 -1.36616 1.40428 -1.50091 -1.41939 2.16805 -1.73661 1.29279 -1.52848 1.43536 2.73525 0.638228 -2.61654 
1.09835 -1.589 -1.36817 1.40474 -1.50312 -1.42088 2.16887 -1.733 1.28831 -1.53103 1.4305 2.73524 0.64368 -2.61371 
1.10085 -1.58561 -1.3663 1.40724 -1.50338 -1.41574 2.16681 -1.73336 1.28833 -1.53139 1.43043 2.73674 0.643092 -2.61111 
1.09909 -1.58843 -1.36842 1.40647 -1.50465 -1.41859 2.16902 -1.7407 1.29002 -1.5284 1.44835 2.71695 0.618136 -2.63776 
1.09817 -1.58976 -1.36882 1.40514 -1.50394 -1.421 2.16897 -1.7409 1.28838 -1.52835 1.44847 2.71306 0.619234 -2.64322 
1.09825 -1.58947 -1.36878 1.40545 -1.50394 -1.42073 2.1692 -1.74406 1.28864 -1.52792 1.45458 2.71036 0.611209 -2.64574 
1.09855 -1.58869 -1.36823 1.40515 -1.50352 -1.41991 2.16826 -1.74693 1.29551 -1.52267 1.45751 2.70761 0.610058 -2.65747 
1.09822 -1.58926 -1.36842 1.40461 -1.503 -1.42131 2.16769 -1.74892 1.28992 -1.52536 1.45856 2.71025 0.613504 -2.64915 
1.09832 -1.59011 -1.36956 1.4059 -1.50556 -1.42056 2.16952 -1.75193 1.2925 -1.5228 1.45914 2.71195 0.618389 -2.65128 
1.09822 -1.58995 -1.36941 1.40561 -1.50526 -1.42091 2.16932 -1.75597 1.29287 -1.52147 1.46268 2.71114 0.619413 -2.6538 
1.09822 -1.58982 -1.36896 1.40523 -1.50432 -1.42115 2.16881 -1.7593 1.30491 -1.515 1.45885 2.72367 0.631652 -2.64989 
1.09785 -1.59052 -1.36954 1.4055 -1.50542 -1.42136 2.16954 -1.76454 1.30575 -1.51347 1.46859 2.71372 0.622103 -2.66385 
1.09839 -1.58956 -1.36902 1.40552 -1.50508 -1.4207 2.1694 -1.76656 1.30367 -1.51265 1.46654 2.71386 0.632229 -2.66548 
1.09888 -1.58932 -1.3691 1.40681 -1.50621 -1.41913 2.17007 -1.77205 1.31498 -1.50666 1.4676 2.72109 0.638459 -2.66719 
1.09791 -1.59056 -1.36953 1.4057 -1.50558 -1.42095 2.16999 -1.77529 1.31022 -1.50685 1.47212 2.71383 0.637212 -2.67389 
1.0979 -1.59068 -1.36946 1.40547 -1.50533 -1.4212 2.16977 -1.77926 1.30901 -1.50546 1.47267 2.7138 0.644436 -2.67595 
1.09838 -1.59043 -1.36991 1.40657 -1.50676 -1.41993 2.17059 -1.78368 1.32017 -1.4997 1.47729 2.71423 0.640995 -2.6851 
1.09828 -1.59062 -1.37014 1.40724 -1.50772 -1.41935 2.17114 -1.78673 1.31649 -1.50078 1.47691 2.71741 0.648393 -2.6797 
1.09863 -1.58985 -1.36945 1.4073 -1.50724 -1.4189 2.17049 -1.79225 1.32205 -1.49656 1.48324 2.71205 0.643417 -2.6924 
1.0986 -1.59044 -1.37043 1.40808 -1.50886 -1.41837 2.17166 -1.79346 1.32034 -1.49745 1.48314 2.71047 0.646236 -2.69415 
1.09902 -1.58922 -1.36919 1.40704 -1.50681 -1.41856 2.16971 -1.79569 1.32314 -1.49671 1.48361 2.71361 0.646057 -2.692 
1.09881 -1.58885 -1.36808 1.4057 -1.50435 -1.41983 2.16848 -1.79598 1.31641 -1.49939 1.48235 2.71162 0.649172 -2.68979 
1.0982 -1.58896 -1.36788 1.40461 -1.50276 -1.42112 2.1684 -1.79678 1.32066 -1.49743 1.48252 2.71219 0.648313 -2.69293 
1.09793 -1.58896 -1.36826 1.40398 -1.50253 -1.4218 2.16814 -1.79521 1.31277 -1.50208 1.47828 2.71627 0.654214 -2.6803 
1.09845 -1.58803 -1.36741 1.40442 -1.5022 -1.42063 2.16681 -1.79499 1.3174 -1.50093 1.48025 2.71107 0.647176 -2.68983 
1.09852 -1.58791 -1.36735 1.40491 -1.5026 -1.4197 2.16662 -1.79633 1.31774 -1.49937 1.47991 2.70961 0.650348 -2.69419 
1.09791 -1.58933 -1.36886 1.40496 -1.50413 -1.42101 2.16836 -1.79697 1.32039 -1.49859 1.48082 2.71055 0.648119 -2.69465 
1.09918 -1.58829 -1.36895 1.4068 -1.5057 -1.41852 2.16939 -1.7952 1.31047 -1.50383 1.47639 2.71123 0.655858 -2.68565 
1.09962 -1.58721 -1.36804 1.4069 -1.50518 -1.41742 2.16835 -1.79504 1.31471 -1.50117 1.47449 2.71123 0.659235 -2.69113 
1.09848 -1.58991 -1.36955 1.40586 -1.50713 -1.4191 2.1657 -1.74506 1.27572 -1.53133 1.45655 2.70083 0.618996 -2.65085 
1.09822 -1.59077 -1.3704 1.40627 -1.50897 -1.41887 2.16589 -1.76131 1.28852 -1.52052 1.4638 2.70251 0.629856 -2.66701 
1.09919 -1.58916 -1.36951 1.40733 -1.50872 -1.41712 2.16601 -1.76108 1.29517 -1.5188 1.46626 2.70678 0.619708 -2.66347 
1.09935 -1.58822 -1.36839 1.40634 -1.50661 -1.4175 2.16509 -1.75836 1.2996 -1.51795 1.46658 2.70837 0.610846 -2.66221 
1.0993 -1.58802 -1.36796 1.40594 -1.50595 -1.4175 2.16502 -1.74988 1.28725 -1.52572 1.46022 2.7042 0.612396 -2.65626 
1.099 -1.58891 -1.36905 1.40648 -1.50753 -1.41758 2.16542 -1.75094 1.2923 -1.52379 1.46432 2.70286 0.602173 -2.66019 
1.09879 -1.59038 -1.37063 1.40814 -1.51039 -1.41735 2.16786 -1.7493 1.29503 -1.52321 1.4624 2.7055 0.604155 -2.65907 
1.09925 -1.58936 -1.36967 1.40748 -1.50902 -1.41705 2.16585 -1.74878 1.28755 -1.5271 1.46088 2.70767 0.607461 -2.64956 
1.09904 -1.59007 -1.37033 1.40797 -1.51026 -1.41688 2.16653 -1.75223 1.28836 -1.52545 1.46488 2.70583 0.605414 -2.65295 
1.09961 -1.58909 -1.36945 1.40752 -1.50907 -1.41642 2.16592 -1.75295 1.28734 -1.52576 1.46151 2.71157 0.616237 -2.6466 
1.10006 -1.58915 -1.36988 1.40891 -1.51076 -1.41497 2.16656 -1.76443 1.30016 -1.5154 1.46975 2.71124 0.618142 -2.66199 
1.10004 -1.58962 -1.37042 1.40928 -1.51186 -1.41492 2.16756 -1.76439 1.3076 -1.51291 1.47254 2.71064 0.611295 -2.6666 
1.09937 -1.59031 -1.37058 1.40879 -1.51183 -1.41605 2.1676 -1.7682 1.30354 -1.51253 1.47222 2.71006 0.621142 -2.66749 
1.09931 -1.59043 -1.37079 1.40865 -1.51183 -1.41609 2.16769 -1.76981 1.30553 -1.51135 1.47125 2.71293 0.627228 -2.66679 
1.09979 -1.59001 -1.37042 1.40907 -1.51193 -1.41548 2.16796 -1.77277 1.3107 -1.50885 1.47307 2.71539 0.628642 -2.66844 
1.10015 -1.58935 -1.3703 1.40963 -1.51198 -1.41437 2.16736 -1.77483 1.30517 -1.50984 1.47294 2.71273 0.634972 -2.66981 
1.10002 -1.58989 -1.37037 1.40922 -1.51176 -1.41533 2.16766 -1.77931 1.31796 -1.50274 1.47726 2.71336 0.631902 -2.68064 
1.10028 -1.58961 -1.37064 1.40985 -1.51259 -1.41459 2.16802 -1.7835 1.31746 -1.50273 1.48248 2.71197 0.627775 -2.68104 
1.10003 -1.5896 -1.37033 1.40868 -1.51112 -1.41583 2.16733 -1.78625 1.32641 -1.4981 1.48158 2.71713 0.634166 -2.68375 
1.10047 -1.58929 -1.37077 1.41019 -1.513 -1.41393 2.16778 -1.78764 1.32362 -1.49875 1.48156 2.71398 0.637851 -2.68711 
1.09968 -1.59003 -1.37105 1.4098 -1.51307 -1.4147 2.16832 -1.79228 1.32851 -1.4964 1.48731 2.71098 0.63153 -2.69459 
1.10098 -1.5891 -1.37124 1.41158 -1.51481 -1.41225 2.16853 -1.79609 1.33222 -1.49458 1.48835 2.71224 0.635134 -2.69739 
1.10116 -1.58837 -1.37028 1.41096 -1.51317 -1.41273 2.16729 -1.7978 1.32484 -1.49722 1.48767 2.71202 0.639011 -2.69246 
1.09985 -1.58936 -1.37014 1.40848 -1.51065 -1.41602 2.16601 -1.79862 1.32686 -1.49525 1.48777 2.70801 0.639779 -2.70131 
1.09927 -1.58859 -1.36914 1.40655 -1.50791 -1.41722 2.16413 -1.79952 1.32595 -1.49746 1.48744 2.71584 0.638826 -2.68776 
1.10023 -1.58776 -1.36924 1.40866 -1.51008 -1.41406 2.16553 -1.80006 1.33143 -1.49367 1.48762 2.71119 0.638831 -2.70017 
1.10011 -1.58824 -1.36957 1.40922 -1.51084 -1.4139 2.16587 -1.79924 1.3246 -1.49734 1.48509 2.71249 0.642498 -2.6927 
1.10037 -1.58778 -1.36891 1.40821 -1.5093 -1.4147 2.16512 -1.79761 1.32026 -1.49988 1.47978 2.71551 0.651234 -2.6859 
1.10064 -1.5875 -1.36918 1.40891 -1.51009 -1.4137 2.16574 -1.79786 1.31901 -1.50014 1.48034 2.71238 0.650692 -2.68897 
1.10022 -1.58796 -1.36946 1.40867 -1.51012 -1.41441 2.16584 -1.79576 1.3184 -1.50049 1.47433 2.71489 0.660041 -2.68769 
1.09834 -1.59031 -1.36934 1.40662 -1.50527 -1.42086 2.17197 -1.74306 1.27574 -1.5306 1.45321 2.69943 0.624127 -2.65397 
1.09772 -1.59075 -1.36912 1.40542 -1.5032 -1.42322 2.17283 -1.74073 1.27379 -1.53206 1.4522 2.69908 0.622721 -2.65271 
1.09727 -1.59152 -1.36993 1.40565 -1.50423 -1.42365 2.17334 -1.75096 1.28046 -1.52693 1.45479 2.70349 0.63235 -2.65646 
1.09633 -1.59229 -1.36964 1.40392 -1.50253 -1.42607 2.17356 -1.74237 1.27444 -1.53177 1.45242 2.70195 0.622251 -2.64925 
1.09722 -1.59114 -1.36869 1.40418 -1.50235 -1.42434 2.17211 -1.74195 1.27432 -1.5322 1.45278 2.7023 0.619593 -2.64821 
1.09693 -1.59173 -1.36958 1.40455 -1.50342 -1.42453 2.17264 -1.74396 1.27745 -1.53247 1.4558 2.70345 0.61404 -2.64666 
1.09699 -1.59152 -1.36937 1.40416 -1.50274 -1.42494 2.17233 -1.74322 1.28302 -1.52906 1.45317 2.70486 0.617699 -2.65134 
1.09816 -1.58981 -1.36816 1.40548 -1.50262 -1.42199 2.17207 -1.74532 1.28948 -1.52553 1.45439 2.70708 0.617636 -2.65382 
1.09747 -1.59073 -1.36885 1.40549 -1.50367 -1.42261 2.17223 -1.74806 1.28963 -1.5247 1.45554 2.71021 0.620255 -2.65032 
1.0973 -1.5912 -1.36931 1.40542 -1.50418 -1.42313 2.17301 -1.74999 1.28402 -1.52663 1.45627 2.70978 0.624311 -2.64717 
1.09832 -1.5897 -1.36823 1.40627 -1.50384 -1.42088 2.1714 -1.75638 1.28992 -1.52064 1.45994 2.71071 0.629301 -2.65458 
1.09764 -1.59166 -1.36976 1.40699 -1.50612 -1.42174 2.17375 -1.7573 1.2977 -1.51653 1.46045 2.70791 0.629583 -2.66618 
1.09829 -1.59194 -1.37065 1.40879 -1.50866 -1.42024 2.17515 -1.76402 1.30407 -1.51087 1.4664 2.70408 0.629247 -2.68006 
1.09876 -1.5913 -1.37041 1.40908 -1.50855 -1.41957 2.17474 -1.76876 1.31401 -1.50516 1.47074 2.70524 0.627327 -2.6885 
1.09879 -1.59092 -1.36997 1.4086 -1.50781 -1.41964 2.17411 -1.76827 1.30662 -1.50884 1.46293 2.71483 0.645708 -2.67184 
1.09828 -1.59142 -1.3703 1.40773 -1.50734 -1.4209 2.17398 -1.77162 1.30607 -1.50727 1.4671 2.70823 0.643986 -2.68179 
1.09826 -1.59122 -1.3701 1.40758 -1.5073 -1.42105 2.17423 -1.77669 1.30867 -1.50525 1.47064 2.71085 0.644572 -2.68056 
1.09852 -1.59086 -1.36973 1.40769 -1.50668 -1.42061 2.17347 -1.78218 1.31822 -1.49848 1.47365 2.71044 0.647944 -2.69283 
1.09854 -1.5906 -1.36966 1.40792 -1.50695 -1.4203 2.17346 -1.78439 1.31801 -1.49919 1.47465 2.71468 0.649426 -2.68649 
1.09885 -1.58995 -1.3691 1.40753 -1.50608 -1.42001 2.1725 -1.78693 1.32041 -1.49806 1.47588 2.71483 0.650789 -2.68861 
1.09872 -1.59044 -1.36957 1.40803 -1.50699 -1.41985 2.17264 -1.79058 1.33018 -1.49278 1.48025 2.71093 0.645597 -2.70271 
1.09838 -1.59112 -1.37008 1.40772 -1.50746 -1.42063 2.1739 -1.79045 1.32577 -1.49415 1.47893 2.70774 0.648868 -2.70496 
1.09806 -1.59062 -1.36957 1.40685 -1.50611 -1.42113 2.17317 -1.79039 1.31797 -1.49909 1.4779 2.71062 0.649817 -2.69279 
1.09817 -1.59028 -1.36918 1.40679 -1.50553 -1.42089 2.17294 -1.79122 1.32282 -1.49729 1.47695 2.71425 0.651059 -2.69193 
1.09773 -1.59051 -1.36947 1.40649 -1.50575 -1.42161 2.17261 -1.79362 1.32461 -1.49657 1.48169 2.71115 0.643184 -2.69589 
1.09777 -1.59056 -1.36952 1.40615 -1.50544 -1.42172 2.17303 -1.79089 1.31519 -1.50011 1.47449 2.70951 0.656059 -2.69376 
1.09735 -1.59055 -1.36914 1.40547 -1.5043 -1.42273 2.17251 -1.79179 1.32159 -1.49774 1.47603 2.71113 0.652845 -2.69582 
1.09772 -1.59031 -1.36961 1.40699 -1.50595 -1.42122 2.17394 -1.79359 1.32493 -1.49706 1.47872 2.71245 0.648098 -2.6952 
1.09753 -1.59068 -1.36961 1.40657 -1.50581 -1.42177 2.17382 -1.79268 1.32067 -1.4984 1.47577 2.71023 0.653845 -2.69632 
1.09861 -1.58885 -1.36845 1.40719 -1.50516 -1.41966 2.17251 -1.79466 1.32798 -1.49439 1.47682 2.70885 0.653096 -2.70562 
1.09808 -1.59036 -1.36981 1.40643 -1.50739 -1.42027 2.16946 -1.74297 1.28159 -1.5277 1.45576 2.69928 0.616833 -2.65968 
1.09818 -1.59052 -1.37016 1.40699 -1.50878 -1.41962 2.16936 -1.75067 1.27827 -1.52759 1.45711 2.70256 0.629639 -2.65656 
1.09978 -1.5872 -1.36737 1.40713 -1.50597 -1.41719 2.16733 -1.74055 1.27707 -1.53059 1.45415 2.70001 0.615907 -2.65384 
1.09977 -1.58786 -1.36817 1.40775 -1.50775 -1.41674 2.16805 -1.74061 1.27746 -1.53081 1.45428 2.70149 0.613942 -2.65145 
1.09896 -1.58894 -1.36875 1.40655 -1.50705 -1.41899 2.16808 -1.74373 1.28591 -1.52776 1.45768 2.70077 0.607804 -2.65819 
1.09874 -1.58885 -1.36854 1.40633 -1.50639 -1.41952 2.16812 -1.7437 1.28831 -1.52709 1.45737 2.70187 0.607904 -2.65846 
1.09873 -1.58909 -1.36876 1.40671 -1.50716 -1.41928 2.16859 -1.74428 1.29164 -1.52593 1.45538 2.70869 0.611749 -2.65208 
1.0987 -1.58944 -1.36936 1.40712 -1.50808 -1.41907 2.16905 -1.74779 1.29551 -1.52375 1.46 2.70787 0.606358 -2.65585 
1.09913 -1.58869 -1.36851 1.4071 -1.50744 -1.4184 2.16858 -1.75019 1.2934 -1.52311 1.4607 2.70858 0.610467 -2.65463 
1.09838 -1.58949 -1.36894 1.40603 -1.50682 -1.42015 2.16834 -1.75334 1.29722 -1.52006 1.46208 2.70926 0.613277 -2.65908 
1.1 -1.58832 -1.36868 1.4086 -1.50944 -1.41646 2.16873 -1.7547 1.2948 -1.52013 1.45958 2.71053 0.624113 -2.6585 
1.0999 -1.58901 -1.36942 1.40928 -1.51062 -1.41631 2.16998 -1.76076 1.30033 -1.51621 1.46546 2.71101 0.621709 -2.66269 
1.09891 -1.59005 -1.37009 1.40854 -1.51059 -1.41821 2.1708 -1.76381 1.30173 -1.51416 1.46583 2.71183 0.628382 -2.66535 
1.09919 -1.58917 -1.36941 1.40853 -1.51012 -1.4175 2.1694 -1.76846 1.30863 -1.50938 1.46819 2.71299 0.632312 -2.6721 
1.10077 -1.58728 -1.36817 1.40979 -1.51002 -1.41452 2.1683 -1.77148 1.311 -1.50699 1.46905 2.71428 0.636048 -2.67406 
1.09963 -1.58814 -1.3682 1.40762 -1.50793 -1.41764 2.16786 -1.77697 1.31445 -1.50327 1.47489 2.70953 0.634103 -2.68498 
1.09904 -1.58961 -1.36955 1.40799 -1.50943 -1.41848 2.17026 -1.78107 1.31774 -1.50112 1.47613 2.71284 0.638304 -2.68535 
1.0996 -1.58908 -1.36954 1.40875 -1.51023 -1.41738 2.17006 -1.78418 1.32015 -1.49947 1.4761 2.71786 0.644688 -2.68208 
1.09884 -1.58977 -1.36996 1.40803 -1.50998 -1.4186 2.17011 -1.78851 1.33012 -1.49266 1.47957 2.71463 0.644285 -2.69721 
1.09883 -1.59023 -1.37041 1.40847 -1.51106 -1.41852 2.17067 -1.79062 1.32546 -1.49416 1.48152 2.7087 0.644756 -2.70249 
1.09829 -1.59064 -1.37059 1.40801 -1.51102 -1.4191 2.1701 -1.79196 1.32242 -1.49723 1.48259 2.71293 0.642631 -2.69165 
1.09797 -1.59127 -1.37072 1.40735 -1.51038 -1.42049 2.17042 -1.79211 1.3236 -1.49673 1.48016 2.71583 0.646677 -2.6894 
1.09857 -1.59033 -1.37029 1.40817 -1.5104 -1.41902 2.17061 -1.79515 1.3291 -1.49417 1.48373 2.71422 0.642077 -2.69557 
1.09858 -1.58953 -1.36937 1.40729 -1.50869 -1.41942 2.16849 -1.79339 1.31299 -1.50137 1.47722 2.71301 0.655241 -2.68617 
1.09898 -1.58898 -1.36902 1.40726 -1.5085 -1.41871 2.16756 -1.79362 1.31573 -1.50007 1.47775 2.71287 0.652783 -2.68836 
1.09958 -1.58724 -1.36805 1.40745 -1.50779 -1.41713 2.16727 -1.79393 1.31241 -1.50185 1.47705 2.71229 0.654486 -2.68649 
1.09867 -1.58859 -1.36881 1.40687 -1.50806 -1.41862 2.16848 -1.79691 1.32787 -1.49437 1.48209 2.71045 0.645834 -2.7019 
1.0988 -1.58887 -1.36884 1.40726 -1.50848 -1.41843 2.16884 -1.79579 1.32161 -1.49837 1.47826 2.71317 0.652314 -2.69338 
1.09935 -1.58794 -1.36821 1.40755 -1.5078 -1.41777 2.16792 -1.79685 1.3175 -1.49995 1.47922 2.71106 0.651262 -2.69173 
1.10028 -1.58693 -1.36814 1.40917 -1.50942 -1.41502 2.16888 -1.79476 1.31668 -1.5008 1.47325 2.71253 0.660737 -2.69109 
