1.11437 -1.87322 -1.6992 1.37377 1.99973 1.167 -1.1346 -1.1103 0.609337 0.0656645 -1.37593 -1.96223 -1.13301 -0.473288 
1.09559 -1.85757 -1.70046 1.34133 1.99933 1.16156 -1.14788 -1.11086 0.606551 0.0662773 -1.38233 -1.96054 -1.13132 -0.477198 
1.09219 -1.85883 -1.70015 1.3348 2.00345 1.16944 -1.1484 -1.11086 0.606549 0.0662777 -1.38233 -1.96054 -1.13132 -0.4772 
1.09221 -1.8568 -1.69874 1.33194 2.00761 1.17351 -1.15227 -1.11086 0.606549 0.0662777 -1.38233 -1.96054 -1.13132 -0.4772 
1.093 -1.8561 -1.69925 1.33328 2.00659 1.17172 -1.1522 -1.11086 0.606549 0.0662777 -1.38233 -1.96054 -1.13132 -0.4772 
1.09309 -1.85728 -1.70072 1.33496 2.00421 1.17102 -1.15131 -1.11086 0.606549 0.0662777 -1.38233 -1.96054 -1.13132 -0.4772 
1.09708 -1.85466 -1.69847 1.33678 2.0035 1.16626 -1.15638 -1.11086 0.606549 0.0662777 -1.38233 -1.96054 -1.13132 -0.4772 
1.09907 -1.85414 -1.69774 1.33649 2.0034 1.16684 -1.16207 -1.11086 0.606549 0.0662777 -1.38233 -1.96054 -1.13132 -0.4772 
1.10063 -1.8532 -1.69583 1.33499 2.00664 1.16985 -1.16574 -1.11086 0.606549 0.0662777 -1.38233 -1.96054 -1.13132 -0.4772 
1.10315 -1.85345 -1.69416 1.33611 2.00974 1.17293 -1.16722 -1.11086 0.606549 0.0662777 -1.38233 -1.96054 -1.13132 -0.4772 
1.10674 -1.854 -1.69326 1.34045 2.01013 1.17257 -1.16749 -1.11086 0.606549 0.0662777 -1.38233 -1.96054 -1.13132 -0.4772 
1.11074 -1.85369 -1.69216 1.34587 2.00915 1.16907 -1.16797 -1.11086 0.606549 0.0662777 -1.38233 -1.96054 -1.13132 -0.4772 
1.11343 -1.85339 -1.69093 1.34858 2.01003 1.16881 -1.16965 -1.11086 0.606549 0.0662777 -1.38233 -1.96054 -1.13132 -0.4772 
1.11524 -1.85366 -1.68953 1.34994 2.01156 1.17068 -1.17193 -1.11086 0.606549 0.0662777 -1.38233 -1.96054 -1.13132 -0.4772 
1.11718 -1.85377 -1.68885 1.3525 2.01169 1.17001 -1.17216 -1.11086 0.606549 0.0662777 -1.38233 -1.96054 -1.13132 -0.4772 
1.11872 -1.85405 -1.68877 1.3549 2.01098 1.16872 -1.17173 -1.11086 0.606549 0.0662777 -1.38233 -1.96054 -1.13132 -0.4772 
1.11996 -1.85402 -1.68801 1.35564 2.01209 1.16951 -1.17225 -1.11086 0.606549 0.0662777 -1.38233 -1.96054 -1.13132 -0.4772 
1.12136 -1.85352 -1.68689 1.35645 2.013 1.16932 -1.17413 -1.11086 0.606549 0.0662777 -1.38233 -1.96054 -1.13132 -0.4772 
1.12078 -1.85448 -1.6873 1.35604 2.01378 1.17243 -1.17488 -1.11086 0.606549 0.0662777 -1.38233 -1.96054 -1.13132 -0.4772 
1.1228 -1.85496 -1.68697 1.35912 2.01235 1.16916 -1.17355 -1.11086 0.606549 0.0662777 -1.38233 -1.96054 -1.13132 -0.4772 
1.1232 -1.85539 -1.6865 1.35895 2.01383 1.17155 -1.17467 -1.11086 0.606549 0.0662777 -1.38233 -1.96054 -1.13132 -0.4772 
1.12358 -1.85549 -1.68638 1.35916 2.01435 1.17204 -1.17465 -1.11086 0.606549 0.0662777 -1.38233 -1.96054 -1.13132 -0.4772 
1.1235 -1.85672 -1.68703 1.35969 2.0138 1.17336 -1.17444 -1.11086 0.606549 0.0662777 -1.38233 -1.96054 -1.13132 -0.4772 
1.12404 -1.85704 -1.68706 1.36072 2.01337 1.17282 -1.17386 -1.11086 0.606549 0.0662777 -1.38233 -1.96054 -1.13132 -0.4772 
1.12449 -1.85645 -1.68663 1.3606 2.01448 1.1738 -1.17512 -1.11086 0.606549 0.0662777 -1.38233 -1.96054 -1.13132 -0.4772 
1.12591 -1.85708 -1.6869 1.36372 2.01204 1.1698 -1.17245 -1.11086 0.606549 0.0662777 -1.38233 -1.96054 -1.13132 -0.4772 
1.12523 -1.85749 -1.68622 1.36203 2.01417 1.1735 -1.17441 -1.11086 0.606549 0.0662777 -1.38233 -1.96054 -1.13132 -0.4772 
1.12541 -1.8578 -1.68655 1.36276 2.01356 1.1733 -1.17405 -1.11086 0.606549 0.0662777 -1.38233 -1.96054 -1.13132 -0.4772 
1.12644 -1.85797 -1.68596 1.36316 2.0148 1.17496 -1.17509 -1.11086 0.606549 0.0662777 -1.38233 -1.96054 -1.13132 -0.4772 
1.1289 -1.85746 -1.68511 1.36586 2.01448 1.17263 -1.1759 -1.11086 0.606549 0.0662777 -1.38233 -1.96054 -1.13132 -0.4772 
1.13044 -1.85829 -1.68568 1.36848 2.01277 1.17155 -1.17564 -1.11086 0.606549 0.0662777 -1.38233 -1.96054 -1.13132 -0.4772 
1.13252 -1.85802 -1.68475 1.37113 2.01252 1.16979 -1.17626 -1.11086 0.606549 0.0662777 -1.38233 -1.96054 -1.13132 -0.4772 
1.13361 -1.85838 -1.68404 1.37223 2.01354 1.17067 -1.17625 -1.11086 0.606549 0.0662777 -1.38233 -1.96054 -1.13132 -0.4772 
1.13477 -1.85858 -1.68416 1.37445 2.01271 1.16922 -1.17526 -1.11086 0.606549 0.0662777 -1.38233 -1.96054 -1.13132 -0.4772 
1.13481 -1.8586 -1.68375 1.37438 2.01396 1.17088 -1.17586 -1.11086 0.606549 0.0662777 -1.38233 -1.96054 -1.13132 -0.4772 
1.13645 -1.85699 -1.68289 1.37561 2.01428 1.16913 -1.17721 -1.11086 0.606549 0.0662777 -1.38233 -1.96054 -1.13132 -0.4772 
1.13566 -1.85746 -1.68243 1.3735 2.01626 1.1723 -1.17811 -1.11086 0.606549 0.0662777 -1.38233 -1.96054 -1.13132 -0.4772 
1.13505 -1.85885 -1.68315 1.37406 2.01547 1.17228 -1.17607 -1.11086 0.606549 0.0662777 -1.38233 -1.96054 -1.13132 -0.4772 
1.13502 -1.85868 -1.68316 1.37343 2.01595 1.17326 -1.17686 -1.11086 0.606549 0.0662777 -1.38233 -1.96054 -1.13132 -0.4772 
1.13532 -1.85937 -1.68319 1.3745 2.01523 1.17218 -1.1758 -1.11086 0.606549 0.0662777 -1.38233 -1.96054 -1.13132 -0.4772 
1.13552 -1.85845 -1.68295 1.37427 2.01555 1.17209 -1.17693 -1.11086 0.606549 0.0662777 -1.38233 -1.96054 -1.13132 -0.4772 
1.13426 -1.85968 -1.68284 1.3719 2.01744 1.1766 -1.17813 -1.11086 0.606549 0.0662777 -1.38233 -1.96054 -1.13132 -0.4772 
1.13321 -1.86061 -1.68366 1.37114 2.01711 1.17832 -1.17765 -1.11086 0.606549 0.0662777 -1.38233 -1.96054 -1.13132 -0.4772 
1.13441 -1.85957 -1.68321 1.3727 2.0162 1.1754 -1.17782 -1.11086 0.606549 0.0662777 -1.38233 -1.96054 -1.13132 -0.4772 
1.13567 -1.85881 -1.68308 1.3745 2.0148 1.17174 -1.17668 -1.11086 0.606549 0.0662777 -1.38233 -1.96054 -1.13132 -0.4772 
1.13655 -1.85766 -1.68194 1.37459 2.01576 1.17069 -1.17754 -1.11086 0.606549 0.0662777 -1.38233 -1.96054 -1.13132 -0.4772 
1.1355 -1.85875 -1.6826 1.37387 2.01581 1.17292 -1.17716 -1.11086 0.606549 0.0662777 -1.38233 -1.96054 -1.13132 -0.4772 
1.13536 -1.85976 -1.68365 1.3753 2.01377 1.17132 -1.17541 -1.11086 0.606549 0.0662777 -1.38233 -1.96054 -1.13132 -0.4772 
1.13576 -1.85826 -1.68225 1.37418 2.01576 1.17232 -1.17767 -1.11086 0.606549 0.0662777 -1.38233 -1.96054 -1.13132 -0.4772 
1.13631 -1.85783 -1.68185 1.37483 2.01544 1.17089 -1.17741 -1.11086 0.606549 0.0662777 -1.38233 -1.96054 -1.13132 -0.4772 
1.1363 -1.85772 -1.68189 1.37484 2.01543 1.17089 -1.17787 -1.11086 0.606549 0.0662777 -1.38233 -1.96054 -1.13132 -0.4772 
1.13655 -1.8568 -1.68094 1.37371 2.01706 1.17195 -1.17926 -1.11086 0.606549 0.0662777 -1.38233 -1.96054 -1.13132 -0.4772 
1.13558 -1.85821 -1.68197 1.37332 2.01672 1.17344 -1.17825 -1.11086 0.606549 0.0662777 -1.38233 -1.96054 -1.13132 -0.4772 
1.13684 -1.85759 -1.68188 1.37526 2.01502 1.1697 -1.17758 -1.11086 0.606549 0.0662777 -1.38233 -1.96054 -1.13132 -0.4772 
1.13568 -1.85827 -1.68235 1.37379 2.01597 1.17246 -1.17751 -1.11086 0.606549 0.0662777 -1.38233 -1.96054 -1.13132 -0.4772 
1.13539 -1.85751 -1.68153 1.37197 2.01797 1.17494 -1.17991 -1.11086 0.606549 0.0662777 -1.38233 -1.96054 -1.13132 -0.4772 
1.13612 -1.85737 -1.68147 1.37311 2.01671 1.17278 -1.1794 -1.11086 0.606549 0.0662777 -1.38233 -1.96054 -1.13132 -0.4772 
1.13577 -1.85827 -1.68247 1.37427 2.01475 1.17139 -1.17768 -1.11086 0.606549 0.0662777 -1.38233 -1.96054 -1.13132 -0.4772 
1.13536 -1.85818 -1.68272 1.37358 2.01492 1.17259 -1.17878 -1.11086 0.606549 0.0662777 -1.38233 -1.96054 -1.13132 -0.4772 
1.13583 -1.85893 -1.68343 1.37562 2.01253 1.16971 -1.17678 -1.11086 0.606549 0.0662777 -1.38233 -1.96054 -1.13132 -0.4772 
1.13583 -1.85875 -1.683 1.37524 2.01291 1.17009 -1.17738 -1.11086 0.606549 0.0662777 -1.38233 -1.96054 -1.13132 -0.4772 
1.13556 -1.85916 -1.68357 1.37528 2.0121 1.17016 -1.17743 -1.11086 0.606549 0.0662777 -1.38233 -1.96054 -1.13132 -0.4772 
1.13559 -1.85822 -1.68255 1.37382 2.01415 1.17198 -1.17917 -1.11086 0.606549 0.0662777 -1.38233 -1.96054 -1.13132 -0.4772 
1.13615 -1.85779 -1.68236 1.37465 2.0137 1.17072 -1.17948 -1.11086 0.606549 0.0662777 -1.38233 -1.96054 -1.13132 -0.4772 
1.13686 -1.85681 -1.6817 1.37542 2.01374 1.16864 -1.17956 -1.11086 0.606549 0.0662777 -1.38233 -1.96054 -1.13132 -0.4772 
1.13628 -1.85754 -1.6823 1.37481 2.01365 1.16962 -1.17941 -1.11086 0.606549 0.0662777 -1.38233 -1.96054 -1.13132 -0.4772 
1.13685 -1.85737 -1.68216 1.37559 2.01304 1.16837 -1.17912 -1.11086 0.606549 0.0662777 -1.38233 -1.96054 -1.13132 -0.4772 
1.13676 -1.85726 -1.6822 1.37547 2.01313 1.16828 -1.17965 -1.11086 0.606549 0.0662777 -1.38233 -1.96054 -1.13132 -0.4772 
1.13735 -1.85694 -1.68205 1.37633 2.01278 1.16664 -1.17822 -1.11086 0.606549 0.0662777 -1.38233 -1.96054 -1.13132 -0.4772 
1.13664 -1.85787 -1.68257 1.37571 2.01266 1.16811 -1.17881 -1.11086 0.606549 0.0662777 -1.38233 -1.96054 -1.13132 -0.4772 
1.13658 -1.85704 -1.68214 1.37527 2.01365 1.1687 -1.17955 -1.11086 0.606549 0.0662777 -1.38233 -1.96054 -1.13132 -0.4772 
1.13598 -1.8581 -1.68269 1.37469 2.01365 1.17034 -1.17918 -1.11086 0.606549 0.0662777 -1.38233 -1.96054 -1.13132 -0.4772 
1.13715 -1.85781 -1.68274 1.37665 2.01204 1.167 -1.17808 -1.11086 0.606549 0.0662777 -1.38233 -1.96054 -1.13132 -0.4772 
1.13696 -1.85773 -1.68273 1.37637 2.01248 1.16717 -1.17803 -1.11086 0.606549 0.0662777 -1.38233 -1.96054 -1.13132 -0.4772 
1.13643 -1.85787 -1.6827 1.37529 2.01325 1.16914 -1.17893 -1.11086 0.606549 0.0662777 -1.38233 -1.96054 -1.13132 -0.4772 
1.13692 -1.85767 -1.68254 1.37582 2.01301 1.16833 -1.17853 -1.11086 0.606549 0.0662777 -1.38233 -1.96054 -1.13132 -0.4772 
1.13628 -1.85871 -1.68362 1.37636 2.01151 1.16842 -1.17777 -1.11086 0.606549 0.0662777 -1.38233 -1.96054 -1.13132 -0.4772 
1.1369 -1.85689 -1.68229 1.37559 2.01337 1.16839 -1.17893 -1.11086 0.606549 0.0662777 -1.38233 -1.96054 -1.13132 -0.4772 
1.1364 -1.85785 -1.68291 1.37616 2.01251 1.16835 -1.17771 -1.11086 0.606549 0.0662777 -1.38233 -1.96054 -1.13132 -0.4772 
1.13764 -1.85631 -1.68179 1.37631 2.01327 1.16713 -1.17936 -1.11086 0.606549 0.0662777 -1.38233 -1.96054 -1.13132 -0.4772 
1.13633 -1.85677 -1.68155 1.3738 2.01563 1.17147 -1.18055 -1.11086 0.606549 0.0662777 -1.38233 -1.96054 -1.13132 -0.4772 
1.13536 -1.85786 -1.68201 1.37243 2.01631 1.17437 -1.18067 -1.11086 0.606549 0.0662777 -1.38233 -1.96054 -1.13132 -0.4772 
1.13569 -1.85843 -1.68276 1.37428 2.01431 1.17189 -1.17842 -1.11086 0.606549 0.0662777 -1.38233 -1.96054 -1.13132 -0.4772 
1.13532 -1.85869 -1.68284 1.37389 2.01462 1.17275 -1.17831 -1.11086 0.606549 0.0662777 -1.38233 -1.96054 -1.13132 -0.4772 
1.13623 -1.85791 -1.68205 1.37436 2.01522 1.17146 -1.17837 -1.11086 0.606549 0.0662777 -1.38233 -1.96054 -1.13132 -0.4772 
1.13532 -1.85803 -1.68216 1.37308 2.01611 1.1734 -1.17889 -1.11086 0.606549 0.0662777 -1.38233 -1.96054 -1.13132 -0.4772 
1.13597 -1.85729 -1.68165 1.37363 2.01604 1.17215 -1.1788 -1.11086 0.606549 0.0662777 -1.38233 -1.96054 -1.13132 -0.4772 
1.13469 -1.85894 -1.68254 1.37257 2.01667 1.1754 -1.17773 -1.11086 0.606549 0.0662777 -1.38233 -1.96054 -1.13132 -0.4772 
1.13526 -1.8582 -1.68195 1.37309 2.01651 1.17424 -1.17805 -1.11086 0.606549 0.0662777 -1.38233 -1.96054 -1.13132 -0.4772 
1.13561 -1.85798 -1.68204 1.37375 2.01622 1.17316 -1.1776 -1.11086 0.606549 0.0662777 -1.38233 -1.96054 -1.13132 -0.4772 
1.13546 -1.85904 -1.68324 1.37509 2.0139 1.17133 -1.1757 -1.11086 0.606549 0.0662777 -1.38233 -1.96054 -1.13132 -0.4772 
1.13613 -1.858 -1.68227 1.37502 2.01457 1.17051 -1.17722 -1.11086 0.606549 0.0662777 -1.38233 -1.96054 -1.13132 -0.4772 
1.13628 -1.85841 -1.6828 1.37597 2.0134 1.16919 -1.17623 -1.11086 0.606549 0.0662777 -1.38233 -1.96054 -1.13132 -0.4772 
1.13633 -1.85741 -1.68167 1.37438 2.01598 1.17139 -1.17769 -1.11086 0.606549 0.0662777 -1.38233 -1.96054 -1.13132 -0.4772 
1.13612 -1.85722 -1.68145 1.37343 2.01706 1.17285 -1.17843 -1.11086 0.606549 0.0662777 -1.38233 -1.96054 -1.13132 -0.4772 
1.13645 -1.85704 -1.68135 1.37398 2.01681 1.17221 -1.17795 -1.11086 0.606549 0.0662777 -1.38233 -1.96054 -1.13132 -0.4772 
1.13609 -1.85705 -1.6816 1.37385 2.01671 1.17232 -1.178 -1.11086 0.606549 0.0662777 -1.38233 -1.96054 -1.13132 -0.4772 
1.1364 -1.85777 -1.68209 1.37533 2.01511 1.17066 -1.17647 -1.11086 0.606549 0.0662777 -1.38233 -1.96054 -1.13132 -0.4772 
1.13653 -1.85762 -1.68215 1.37588 2.01429 1.16944 -1.17608 -1.11086 0.606549 0.0662777 -1.38233 -1.96054 -1.13132 -0.4772 
1.1366 -1.85727 -1.68197 1.37535 2.0149 1.1698 -1.17671 -1.11086 0.606549 0.0662777 -1.38233 -1.96054 -1.13132 -0.4772 
1.13602 -1.85841 -1.68239 1.37526 2.01467 1.1707 -1.17616 -1.11086 0.606549 0.0662777 -1.38233 -1.96054 -1.13132 -0.4772 
1.1366 -1.85678 -1.68143 1.3745 2.01586 1.17066 -1.17818 -1.11086 0.606549 0.0662777 -1.38233 -1.96054 -1.13132 -0.4772 
1.13526 -1.85753 -1.68192 1.37281 2.01669 1.17379 -1.17881 -1.11086 0.606549 0.0662777 -1.38233 -1.96054 -1.13132 -0.4772 
1.13563 -1.85794 -1.68251 1.37424 2.01486 1.17164 -1.17776 -1.11086 0.606549 0.0662777 -1.38233 -1.96054 -1.13132 -0.4772 
1.13646 -1.85764 -1.68244 1.37591 2.01365 1.16902 -1.17702 -1.11086 0.606549 0.0662777 -1.38233 -1.96054 -1.13132 -0.4772 
1.13641 -1.85787 -1.68256 1.37611 2.01356 1.16906 -1.17681 -1.11086 0.606549 0.0662777 -1.38233 -1.96054 -1.13132 -0.4772 
1.13647 -1.8574 -1.68209 1.37529 2.01451 1.1698 -1.17753 -1.11086 0.606549 0.0662777 -1.38233 -1.96054 -1.13132 -0.4772 
1.13699 -1.85734 -1.68217 1.37627 2.0135 1.16803 -1.1773 -1.11086 0.606549 0.0662777 -1.38233 -1.96054 -1.13132 -0.4772 
1.13651 -1.8582 -1.68285 1.37671 2.01224 1.16784 -1.17659 -1.11086 0.606549 0.0662777 -1.38233 -1.96054 -1.13132 -0.4772 
1.13702 -1.85695 -1.68184 1.37585 2.01392 1.16849 -1.17791 -1.11086 0.606549 0.0662777 -1.38233 -1.96054 -1.13132 -0.4772 
1.13666 -1.85726 -1.68219 1.37577 2.01404 1.16897 -1.1769 -1.11086 0.606549 0.0662777 -1.38233 -1.96054 -1.13132 -0.4772 
1.13655 -1.85805 -1.68297 1.37685 2.01209 1.16763 -1.17623 -1.11086 0.606549 0.0662777 -1.38233 -1.96054 -1.13132 -0.4772 
1.13644 -1.85739 -1.68225 1.37547 2.01343 1.16896 -1.17791 -1.11086 0.606549 0.0662777 -1.38233 -1.96054 -1.13132 -0.4772 
1.13687 -1.85696 -1.68191 1.37569 2.0138 1.16884 -1.17844 -1.11086 0.606549 0.0662777 -1.38233 -1.96054 -1.13132 -0.4772 
1.13628 -1.85761 -1.68233 1.37529 2.01373 1.1699 -1.17786 -1.11086 0.606549 0.0662777 -1.38233 -1.96054 -1.13132 -0.4772 
1.13613 -1.85791 -1.68277 1.37523 2.01361 1.17027 -1.17737 -1.11086 0.606549 0.0662777 -1.38233 -1.96054 -1.13132 -0.4772 
1.13657 -1.85702 -1.68168 1.3746 2.01499 1.1706 -1.17894 -1.11086 0.606549 0.0662777 -1.38233 -1.96054 -1.13132 -0.4772 
1.13599 -1.85794 -1.68257 1.37474 2.01422 1.17104 -1.17835 -1.11086 0.606549 0.0662777 -1.38233 -1.96054 -1.13132 -0.4772 
1.13568 -1.86057 -1.68246 1.37592 2.01661 1.17376 -1.17141 -1.11086 0.606549 0.0662777 -1.38233 -1.96054 -1.13132 -0.4772 
1.13652 -1.86377 -1.68262 1.38037 2.01597 1.17165 -1.16198 -1.11086 0.606549 0.0662777 -1.38233 -1.96054 -1.13132 -0.4772 
1.13484 -1.86889 -1.68428 1.38214 2.01685 1.17506 -1.1513 -1.11086 0.606549 0.0662777 -1.38233 -1.96054 -1.13132 -0.4772 
1.13408 -1.87402 -1.6858 1.38584 2.01619 1.17509 -1.13876 -1.11086 0.606549 0.0662777 -1.38233 -1.96054 -1.13132 -0.4772 
1.13295 -1.87954 -1.68755 1.38904 2.01572 1.17606 -1.12591 -1.11086 0.606549 0.0662777 -1.38233 -1.96054 -1.13132 -0.4772 
1.13182 -1.88325 -1.68797 1.39038 2.01808 1.17895 -1.11588 -1.11086 0.606549 0.0662777 -1.38233 -1.96054 -1.13132 -0.4772 
1.13046 -1.88756 -1.68851 1.39175 2.02052 1.18209 -1.10423 -1.11086 0.606549 0.0662777 -1.38233 -1.96054 -1.13132 -0.4772 
1.12853 -1.89347 -1.69061 1.39477 2.02035 1.18316 -1.08801 -1.11086 0.606549 0.0662777 -1.38233 -1.96054 -1.13132 -0.4772 
1.12554 -1.89962 -1.69289 1.39587 2.02137 1.18712 -1.07319 -1.11086 0.606549 0.0662777 -1.38233 -1.96054 -1.13132 -0.4772 
1.12106 -1.90621 -1.69557 1.3954 2.02385 1.19372 -1.05735 -1.11086 0.606549 0.0662777 -1.38233 -1.96054 -1.13132 -0.4772 
1.11823 -1.91157 -1.69726 1.39645 2.02602 1.19683 -1.04152 -1.11086 0.606549 0.0662777 -1.38233 -1.96054 -1.13132 -0.4772 
1.11455 -1.91819 -1.69985 1.39722 2.02805 1.20076 -1.02275 -1.11086 0.606549 0.0662777 -1.38233 -1.96054 -1.13132 -0.4772 
1.11086 -1.9249 -1.70277 1.39872 2.02894 1.20319 -1.0033 -1.11086 0.606549 0.0662777 -1.38233 -1.96054 -1.13132 -0.4772 
1.10682 -1.92919 -1.70322 1.39618 2.03552 1.21037 -0.987992 -1.11086 0.606549 0.0662777 -1.38233 -1.96054 -1.13132 -0.4772 
1.10322 -1.93422 -1.70448 1.39601 2.03942 1.21403 -0.969818 -1.11086 0.606549 0.0662777 -1.38233 -1.96054 -1.13132 -0.4772 
1.09866 -1.94095 -1.70774 1.39698 2.04035 1.21637 -0.948496 -1.11086 0.606549 0.0662777 -1.38233 -1.96054 -1.13132 -0.4772 
1.09289 -1.94737 -1.71042 1.39483 2.04479 1.22246 -0.92662 -1.11086 0.606549 0.0662777 -1.38233 -1.96054 -1.13132 -0.4772 
1.08549 -1.95467 -1.71443 1.39151 2.04838 1.23096 -0.905566 -1.11086 0.606549 0.0662777 -1.38233 -1.96054 -1.13132 -0.4772 
1.08029 -1.9616 -1.71841 1.39249 2.04812 1.23245 -0.883846 -1.11086 0.606549 0.0662777 -1.38233 -1.96054 -1.13132 -0.4772 
1.07527 -1.96543 -1.71877 1.38794 2.05577 1.24033 -0.867821 -1.11086 0.606549 0.0662777 -1.38233 -1.96054 -1.13132 -0.4772 
1.0704 -1.96699 -1.7159 1.38658 2.05151 1.2483 -0.846324 -1.11086 0.606549 0.0662777 -1.38233 -1.96054 -1.13132 -0.4772 
1.06601 -1.96699 -1.71135 1.38404 2.04865 1.25847 -0.825729 -1.11086 0.606549 0.0662777 -1.38233 -1.96054 -1.13132 -0.4772 
1.06088 -1.96699 -1.70695 1.37984 2.04774 1.27009 -0.806943 -1.11086 0.606549 0.0662777 -1.38233 -1.96054 -1.13132 -0.4772 
1.0549 -1.96699 -1.70262 1.3754 2.04455 1.28341 -0.787037 -1.11086 0.606549 0.0662777 -1.38233 -1.96054 -1.13132 -0.4772 
1.05071 -1.96699 -1.69815 1.3737 2.04017 1.29147 -0.765952 -1.11086 0.606549 0.0662777 -1.38233 -1.96054 -1.13132 -0.4772 
1.04397 -1.96699 -1.69548 1.36834 2.03638 1.30387 -0.748676 -1.11086 0.606549 0.0662777 -1.38233 -1.96054 -1.13132 -0.4772 
1.04001 -1.96699 -1.69527 1.36398 2.03815 1.30744 -0.740474 -1.11086 0.606549 0.0662777 -1.38233 -1.96054 -1.13132 -0.4772 
1.0358 -1.96699 -1.69501 1.36128 2.03542 1.31021 -0.729609 -1.11086 0.606549 0.0662777 -1.38233 -1.96054 -1.13132 -0.4772 
1.03198 -1.96699 -1.695 1.35737 2.0352 1.31389 -0.722781 -1.11086 0.606549 0.0662777 -1.38233 -1.96054 -1.13132 -0.4772 
1.02767 -1.96699 -1.69527 1.35125 2.0381 1.32026 -0.718489 -1.11086 0.606549 0.0662777 -1.38233 -1.96054 -1.13132 -0.4772 
1.02553 -1.96699 -1.69553 1.34951 2.03628 1.32111 -0.715203 -1.11086 0.606549 0.0662777 -1.38233 -1.96054 -1.13132 -0.4772 
1.02357 -1.96697 -1.69582 1.34723 2.03644 1.32219 -0.714364 -1.11086 0.606549 0.0662777 -1.38233 -1.96054 -1.13132 -0.4772 
1.02225 -1.96699 -1.6959 1.34554 2.03534 1.32339 -0.714141 -1.11086 0.606549 0.0662777 -1.38233 -1.96054 -1.13132 -0.4772 
1.02329 -1.96503 -1.69388 1.34341 2.03761 1.32404 -0.720773 -1.11086 0.606549 0.0662777 -1.38233 -1.96054 -1.13132 -0.4772 
1.02349 -1.96525 -1.69452 1.34487 2.03428 1.32138 -0.723235 -1.11086 0.606549 0.0662777 -1.38233 -1.96054 -1.13132 -0.4772 
1.02333 -1.96517 -1.69488 1.34452 2.03207 1.32166 -0.729442 -1.11086 0.606549 0.0662777 -1.38233 -1.96054 -1.13132 -0.4772 
1.02562 -1.96352 -1.69315 1.34544 2.0302 1.31946 -0.739349 -1.11086 0.606549 0.0662777 -1.38233 -1.96054 -1.13132 -0.4772 
1.02646 -1.96287 -1.69295 1.34519 2.0276 1.31989 -0.750172 -1.11086 0.606549 0.0662777 -1.38233 -1.96054 -1.13132 -0.4772 
1.02735 -1.96284 -1.69352 1.34583 2.02334 1.32031 -0.761874 -1.11086 0.606549 0.0662777 -1.38233 -1.96054 -1.13132 -0.4772 
1.02845 -1.96291 -1.69423 1.3466 2.01824 1.32129 -0.77644 -1.11086 0.606549 0.0662777 -1.38233 -1.96054 -1.13132 -0.4772 
1.02831 -1.96319 -1.69565 1.34559 2.01376 1.32528 -0.792633 -1.11086 0.606549 0.0662777 -1.38233 -1.96054 -1.13132 -0.4772 
1.03298 -1.96147 -1.69389 1.34968 2.00823 1.32083 -0.809876 -1.11086 0.606549 0.0662777 -1.38233 -1.96054 -1.13132 -0.4772 
1.03733 -1.95949 -1.69213 1.35221 2.00358 1.31868 -0.830411 -1.11086 0.606549 0.0662777 -1.38233 -1.96054 -1.13132 -0.4772 
1.04173 -1.95738 -1.69034 1.35454 1.99904 1.31672 -0.851611 -1.11086 0.606549 0.0662777 -1.38233 -1.96054 -1.13132 -0.4772 
1.04586 -1.95539 -1.68875 1.35602 1.99472 1.31612 -0.874054 -1.11086 0.606549 0.0662777 -1.38233 -1.96054 -1.13132 -0.4772 
1.04996 -1.95357 -1.68726 1.3578 1.98992 1.31562 -0.897014 -1.11086 0.606549 0.0662777 -1.38233 -1.96054 -1.13132 -0.4772 
1.05472 -1.9513 -1.68546 1.36033 1.98462 1.3135 -0.921297 -1.11086 0.606549 0.0662777 -1.38233 -1.96054 -1.13132 -0.4772 
1.05817 -1.94853 -1.6831 1.35871 1.98327 1.31693 -0.948359 -1.11086 0.606549 0.0662777 -1.38233 -1.96054 -1.13132 -0.4772 
