1.03094 -1.95416 -1.84777 1.29588 -0.998632 -1.11763 1.99178 -1.76848 1.78738 -1.08594 1.58428 2.06226 0.730971 -2.07147 
1.00607 -1.95205 -1.84788 1.2546 -0.992877 -1.1412 1.98319 -1.75832 1.78192 -1.06978 1.56573 2.06936 0.774137 -2.13631 
1.00745 -1.94811 -1.84492 1.25263 -0.993033 -1.1349 1.97744 -1.76862 1.78578 -1.08622 1.58578 2.05909 0.732431 -2.07756 
1.00948 -1.94435 -1.84237 1.25144 -0.992448 -1.1328 1.96914 -1.7555 1.77213 -1.06831 1.55754 2.0695 0.792089 -2.15269 
1.00789 -1.94518 -1.84372 1.24818 -0.992804 -1.13888 1.96498 -1.7705 1.78022 -1.08843 1.5857 2.05454 0.735333 -2.07813 
1.00774 -1.94681 -1.84489 1.24838 -0.991666 -1.14244 1.96857 -1.75771 1.78002 -1.06896 1.56341 2.063 0.779205 -2.15654 
1.01027 -1.95059 -1.84748 1.25739 -0.992745 -1.14025 1.97979 -1.76749 1.78072 -1.08519 1.5784 2.0571 0.744452 -2.09323 
1.01717 -1.95333 -1.848 1.27219 -0.996179 -1.13079 1.98594 -1.76652 1.78109 -1.08516 1.57552 2.05843 0.746308 -2.09317 
1.02456 -1.95324 -1.84452 1.28306 -0.992071 -1.12823 1.98789 -1.76483 1.78161 -1.08461 1.57232 2.05938 0.748795 -2.09706 
1.0311 -1.95737 -1.84593 1.29955 -0.996569 -1.11851 1.99652 -1.75137 1.77903 -1.0672 1.54778 2.0678 0.792672 -2.17057 
1.04054 -1.95922 -1.84399 1.31686 -0.99613 -1.10982 2.00342 -1.75014 1.77038 -1.06769 1.54189 2.06916 0.804233 -2.17284 
1.04653 -1.95884 -1.84117 1.32574 -0.992888 -1.1069 2.00576 -1.7563 1.78464 -1.07445 1.55726 2.06329 0.769697 -2.1422 
1.05239 -1.96023 -1.84061 1.33682 -0.994511 -1.09893 2.01098 -1.7559 1.78744 -1.07357 1.55699 2.06332 0.767588 -2.14488 
1.05283 -1.96222 -1.84195 1.34068 -0.995062 -1.09961 2.01399 -1.74348 1.78633 -1.05571 1.53421 2.07266 0.808493 -2.21531 
1.05572 -1.96414 -1.84232 1.34781 -0.996236 -1.09745 2.01712 -1.74179 1.78222 -1.05395 1.52963 2.07122 0.817545 -2.23028 
1.06228 -1.96548 -1.84113 1.35897 -0.995886 -1.09277 2.02098 -1.74922 1.78847 -1.06384 1.54187 2.06848 0.788137 -2.18334 
1.06923 -1.967 -1.83888 1.37292 -1.00066 -1.08767 2.03019 -1.73825 1.7879 -1.04773 1.52346 2.07172 0.822518 -2.25612 
1.07325 -1.967 -1.83525 1.3823 -1.00612 -1.08863 2.03928 -1.73539 1.78093 -1.04509 1.51591 2.06863 0.836654 -2.28133 
1.07773 -1.967 -1.83165 1.39073 -1.00845 -1.09158 2.04434 -1.73672 1.77484 -1.05058 1.51164 2.07679 0.836816 -2.24572 
1.08087 -1.967 -1.82798 1.39741 -1.01168 -1.09712 2.04951 -1.73795 1.79127 -1.04699 1.51965 2.07411 0.818321 -2.25227 
1.08011 -1.967 -1.82645 1.39792 -1.01464 -1.10281 2.05367 -1.73429 1.78429 -1.04303 1.50774 2.08371 0.838299 -2.25931 
1.07757 -1.96699 -1.82611 1.39405 -1.01468 -1.11051 2.05428 -1.73307 1.79008 -1.03671 1.50773 2.08228 0.840392 -2.28406 
1.28274 -1.96699 -1.88387 1.91507 -1.28777 -0.780914 2.34451 -1.7336 1.78802 -1.03912 1.50813 2.08255 0.839298 -2.27561 
1.11982 -1.93733 -1.78899 1.467 -1.07656 -1.07896 2.10479 -1.62145 1.59657 -1.09651 1.38085 2.04521 1.00768 -2.32692 
