1.11494 -1.87861 -1.7418 1.48425 -1.24685 -0.951686 2.13628 -1.11007 0.610447 0.0654194 -1.37338 -1.9629 -1.13369 -0.471729 
1.1133 -1.86914 -1.74012 1.47395 -1.24722 -0.949311 2.11279 -1.11086 0.606555 0.0662764 -1.38232 -1.96055 -1.13132 -0.477192 
1.11202 -1.87087 -1.74054 1.47191 -1.2462 -0.953077 2.11284 -1.11086 0.606549 0.0662777 -1.38233 -1.96054 -1.13132 -0.4772 
1.11269 -1.87048 -1.73896 1.4701 -1.2419 -0.958603 2.10866 -1.11086 0.606549 0.0662777 -1.38233 -1.96054 -1.13132 -0.4772 
1.11594 -1.86933 -1.73825 1.47141 -1.24301 -0.956556 2.10354 -1.11086 0.606549 0.0662777 -1.38233 -1.96054 -1.13132 -0.4772 
1.1202 -1.86875 -1.73664 1.47253 -1.24228 -0.956959 2.09702 -1.11086 0.606549 0.0662777 -1.38233 -1.96054 -1.13132 -0.4772 
1.12773 -1.86758 -1.73342 1.47941 -1.24056 -0.9545 2.09316 -1.11086 0.606549 0.0662777 -1.38233 -1.96054 -1.13132 -0.4772 
1.13437 -1.86645 -1.73111 1.48655 -1.23972 -0.951675 2.09056 -1.11086 0.606549 0.0662777 -1.38233 -1.96054 -1.13132 -0.4772 
1.1376 -1.86779 -1.73108 1.49169 -1.24075 -0.951369 2.09051 -1.11086 0.606549 0.0662777 -1.38233 -1.96054 -1.13132 -0.4772 
1.14 -1.8685 -1.73023 1.4945 -1.23944 -0.952749 2.08937 -1.11086 0.606549 0.0662777 -1.38233 -1.96054 -1.13132 -0.4772 
1.14246 -1.86865 -1.72975 1.49766 -1.23993 -0.951552 2.08856 -1.11086 0.606549 0.0662777 -1.38233 -1.96054 -1.13132 -0.4772 
1.14501 -1.86736 -1.72772 1.49917 -1.23829 -0.951124 2.08558 -1.11086 0.606549 0.0662777 -1.38233 -1.96054 -1.13132 -0.4772 
1.14619 -1.86754 -1.7273 1.50012 -1.23799 -0.951222 2.08557 -1.11086 0.606549 0.0662777 -1.38233 -1.96054 -1.13132 -0.4772 
1.14724 -1.86731 -1.72681 1.50142 -1.23797 -0.950726 2.08448 -1.11086 0.606549 0.0662777 -1.38233 -1.96054 -1.13132 -0.4772 
1.14797 -1.86683 -1.7266 1.50217 -1.23802 -0.949824 2.08376 -1.11086 0.606549 0.0662777 -1.38233 -1.96054 -1.13132 -0.4772 
1.15099 -1.86586 -1.72533 1.50484 -1.23789 -0.94828 2.08184 -1.11086 0.606549 0.0662777 -1.38233 -1.96054 -1.13132 -0.4772 
1.15391 -1.86654 -1.72487 1.50803 -1.23774 -0.948552 2.08099 -1.11086 0.606549 0.0662777 -1.38233 -1.96054 -1.13132 -0.4772 
1.15661 -1.86688 -1.72409 1.51104 -1.23702 -0.949291 2.07911 -1.11086 0.606549 0.0662777 -1.38233 -1.96054 -1.13132 -0.4772 
1.15827 -1.86787 -1.72369 1.51376 -1.23686 -0.949734 2.07927 -1.11086 0.606549 0.0662777 -1.38233 -1.96054 -1.13132 -0.4772 
1.15798 -1.86858 -1.72387 1.51414 -1.23678 -0.950513 2.07989 -1.11086 0.606549 0.0662777 -1.38233 -1.96054 -1.13132 -0.4772 
1.15774 -1.86941 -1.72471 1.51462 -1.23855 -0.949222 2.08176 -1.11086 0.606549 0.0662777 -1.38233 -1.96054 -1.13132 -0.4772 
1.15832 -1.8682 -1.72375 1.51442 -1.23786 -0.948436 2.08046 -1.11086 0.606549 0.0662777 -1.38233 -1.96054 -1.13132 -0.4772 
1.15854 -1.86789 -1.72362 1.51504 -1.23855 -0.94691 2.08062 -1.11086 0.606549 0.0662777 -1.38233 -1.96054 -1.13132 -0.4772 
1.15826 -1.86871 -1.72377 1.51491 -1.23822 -0.947768 2.08107 -1.11086 0.606549 0.0662777 -1.38233 -1.96054 -1.13132 -0.4772 
1.15819 -1.86927 -1.72408 1.5154 -1.23903 -0.947557 2.08172 -1.11086 0.606549 0.0662777 -1.38233 -1.96054 -1.13132 -0.4772 
1.15812 -1.86812 -1.72261 1.5134 -1.23547 -0.950613 2.0786 -1.11086 0.606549 0.0662777 -1.38233 -1.96054 -1.13132 -0.4772 
1.15787 -1.86904 -1.72356 1.51415 -1.23679 -0.95015 2.08031 -1.11086 0.606549 0.0662777 -1.38233 -1.96054 -1.13132 -0.4772 
1.15768 -1.86936 -1.72367 1.51405 -1.2369 -0.950814 2.08072 -1.11086 0.606549 0.0662777 -1.38233 -1.96054 -1.13132 -0.4772 
1.15768 -1.86935 -1.7242 1.51432 -1.23775 -0.949875 2.08147 -1.11086 0.606549 0.0662777 -1.38233 -1.96054 -1.13132 -0.4772 
1.158 -1.86819 -1.72329 1.51393 -1.23703 -0.949648 2.07942 -1.11086 0.606549 0.0662777 -1.38233 -1.96054 -1.13132 -0.4772 
1.15852 -1.86795 -1.72345 1.51505 -1.23882 -0.94731 2.07926 -1.11086 0.606549 0.0662777 -1.38233 -1.96054 -1.13132 -0.4772 
1.15919 -1.86731 -1.72316 1.51561 -1.2398 -0.945317 2.07852 -1.11086 0.606549 0.0662777 -1.38233 -1.96054 -1.13132 -0.4772 
1.15929 -1.86747 -1.72342 1.51542 -1.23993 -0.945473 2.07817 -1.11086 0.606549 0.0662777 -1.38233 -1.96054 -1.13132 -0.4772 
1.15836 -1.86777 -1.72371 1.51434 -1.23908 -0.947406 2.07815 -1.11086 0.606549 0.0662777 -1.38233 -1.96054 -1.13132 -0.4772 
1.15787 -1.86909 -1.7247 1.51479 -1.24072 -0.947172 2.08004 -1.11086 0.606549 0.0662777 -1.38233 -1.96054 -1.13132 -0.4772 
1.15822 -1.86821 -1.72366 1.51399 -1.23883 -0.948852 2.07796 -1.11086 0.606549 0.0662777 -1.38233 -1.96054 -1.13132 -0.4772 
1.15813 -1.8686 -1.72442 1.51499 -1.24063 -0.946932 2.07953 -1.11086 0.606549 0.0662777 -1.38233 -1.96054 -1.13132 -0.4772 
1.15858 -1.86811 -1.72423 1.51546 -1.24113 -0.945606 2.07975 -1.11086 0.606549 0.0662777 -1.38233 -1.96054 -1.13132 -0.4772 
1.15791 -1.86909 -1.72474 1.51532 -1.24114 -0.946781 2.08065 -1.11086 0.606549 0.0662777 -1.38233 -1.96054 -1.13132 -0.4772 
1.15884 -1.86748 -1.72296 1.51453 -1.23882 -0.947515 2.07775 -1.11086 0.606549 0.0662777 -1.38233 -1.96054 -1.13132 -0.4772 
1.15759 -1.86932 -1.72471 1.51458 -1.24022 -0.948429 2.08075 -1.11086 0.606549 0.0662777 -1.38233 -1.96054 -1.13132 -0.4772 
1.15802 -1.86884 -1.72427 1.51487 -1.24022 -0.947756 2.08009 -1.11086 0.606549 0.0662777 -1.38233 -1.96054 -1.13132 -0.4772 
1.15782 -1.86922 -1.72467 1.51528 -1.24078 -0.947367 2.08159 -1.11086 0.606549 0.0662777 -1.38233 -1.96054 -1.13132 -0.4772 
1.1579 -1.86885 -1.72333 1.51419 -1.23764 -0.94999 2.08101 -1.11086 0.606549 0.0662777 -1.38233 -1.96054 -1.13132 -0.4772 
1.15824 -1.868 -1.72287 1.51406 -1.23715 -0.949511 2.08001 -1.11086 0.606549 0.0662777 -1.38233 -1.96054 -1.13132 -0.4772 
1.15803 -1.86802 -1.72326 1.5143 -1.23735 -0.949339 2.08095 -1.11086 0.606549 0.0662777 -1.38233 -1.96054 -1.13132 -0.4772 
1.15839 -1.86727 -1.72254 1.51386 -1.23644 -0.949643 2.07914 -1.11086 0.606549 0.0662777 -1.38233 -1.96054 -1.13132 -0.4772 
1.15832 -1.86773 -1.72326 1.51478 -1.23792 -0.947991 2.08047 -1.11086 0.606549 0.0662777 -1.38233 -1.96054 -1.13132 -0.4772 
1.15858 -1.86769 -1.72314 1.51483 -1.23796 -0.947884 2.0809 -1.11086 0.606549 0.0662777 -1.38233 -1.96054 -1.13132 -0.4772 
1.15741 -1.86924 -1.72428 1.51462 -1.23859 -0.949136 2.0823 -1.11086 0.606549 0.0662777 -1.38233 -1.96054 -1.13132 -0.4772 
1.15831 -1.86794 -1.72339 1.51461 -1.23776 -0.948316 2.08102 -1.11086 0.606549 0.0662777 -1.38233 -1.96054 -1.13132 -0.4772 
1.15802 -1.86829 -1.72323 1.51431 -1.23693 -0.949398 2.08093 -1.11086 0.606549 0.0662777 -1.38233 -1.96054 -1.13132 -0.4772 
1.1585 -1.86762 -1.72298 1.51459 -1.23742 -0.948183 2.07975 -1.11086 0.606549 0.0662777 -1.38233 -1.96054 -1.13132 -0.4772 
1.15806 -1.86793 -1.72329 1.51428 -1.23727 -0.948884 2.08015 -1.11086 0.606549 0.0662777 -1.38233 -1.96054 -1.13132 -0.4772 
1.15866 -1.86718 -1.72285 1.51445 -1.23736 -0.947984 2.07875 -1.11086 0.606549 0.0662777 -1.38233 -1.96054 -1.13132 -0.4772 
1.15815 -1.86791 -1.72362 1.5145 -1.23802 -0.94757 2.08013 -1.11086 0.606549 0.0662777 -1.38233 -1.96054 -1.13132 -0.4772 
1.1588 -1.86767 -1.7239 1.5156 -1.23973 -0.945263 2.08037 -1.11086 0.606549 0.0662777 -1.38233 -1.96054 -1.13132 -0.4772 
1.15868 -1.86815 -1.72414 1.51585 -1.24025 -0.944899 2.08116 -1.11086 0.606549 0.0662777 -1.38233 -1.96054 -1.13132 -0.4772 
1.15871 -1.86787 -1.72383 1.51515 -1.23907 -0.946365 2.08002 -1.11086 0.606549 0.0662777 -1.38233 -1.96054 -1.13132 -0.4772 
1.15883 -1.86852 -1.72418 1.51583 -1.23986 -0.945398 2.08157 -1.11086 0.606549 0.0662777 -1.38233 -1.96054 -1.13132 -0.4772 
1.15835 -1.87144 -1.72437 1.518 -1.23875 -0.947247 2.08914 -1.11086 0.606549 0.0662777 -1.38233 -1.96054 -1.13132 -0.4772 
1.15699 -1.87933 -1.72496 1.52245 -1.23538 -0.952517 2.10785 -1.11086 0.606549 0.0662777 -1.38233 -1.96054 -1.13132 -0.4772 
1.15362 -1.89133 -1.72848 1.528 -1.23591 -0.95751 2.13343 -1.11086 0.606549 0.0662777 -1.38233 -1.96054 -1.13132 -0.4772 
1.15018 -1.90304 -1.73187 1.53407 -1.23601 -0.961064 2.16282 -1.11086 0.606549 0.0662777 -1.38233 -1.96054 -1.13132 -0.4772 
1.14558 -1.91451 -1.73441 1.53764 -1.23237 -0.968347 2.19298 -1.11086 0.606549 0.0662777 -1.38233 -1.96054 -1.13132 -0.4772 
1.13908 -1.92716 -1.73718 1.53972 -1.227 -0.978347 2.22607 -1.11086 0.606549 0.0662777 -1.38233 -1.96054 -1.13132 -0.4772 
1.13271 -1.93935 -1.73979 1.54251 -1.22152 -0.985846 2.26292 -1.11086 0.606549 0.0662777 -1.38233 -1.96054 -1.13132 -0.4772 
1.12364 -1.95347 -1.74413 1.54406 -1.21681 -0.994827 2.304 -1.11086 0.606549 0.0662777 -1.38233 -1.96054 -1.13132 -0.4772 
1.11489 -1.96591 -1.74726 1.5442 -1.20989 -1.00343 2.34485 -1.11086 0.606549 0.0662777 -1.38233 -1.96054 -1.13132 -0.4772 
1.10725 -1.96699 -1.7373 1.54229 -1.21506 -1.02468 2.38982 -1.11086 0.606549 0.0662777 -1.38233 -1.96054 -1.13132 -0.4772 
1.09872 -1.96699 -1.72619 1.53956 -1.22315 -1.04931 2.4345 -1.11086 0.606549 0.0662777 -1.38233 -1.96054 -1.13132 -0.4772 
1.08991 -1.96699 -1.71578 1.53645 -1.23067 -1.07242 2.47802 -1.11086 0.606549 0.0662777 -1.38233 -1.96054 -1.13132 -0.4772 
1.08004 -1.96699 -1.70523 1.5321 -1.23857 -1.09782 2.52104 -1.11086 0.606549 0.0662777 -1.38233 -1.96054 -1.13132 -0.4772 
1.07187 -1.96699 -1.70106 1.52477 -1.2375 -1.11163 2.54554 -1.11086 0.606549 0.0662777 -1.38233 -1.96054 -1.13132 -0.4772 
1.06401 -1.96699 -1.69946 1.51809 -1.24053 -1.12172 2.56366 -1.11086 0.606549 0.0662777 -1.38233 -1.96054 -1.13132 -0.4772 
1.05968 -1.96697 -1.69867 1.5117 -1.23512 -1.12695 2.56778 -1.11086 0.606549 0.0662777 -1.38233 -1.96054 -1.13132 -0.4772 
1.05654 -1.96699 -1.69865 1.50793 -1.23629 -1.12921 2.56923 -1.11086 0.606549 0.0662777 -1.38233 -1.96054 -1.13132 -0.4772 
1.05681 -1.9665 -1.69898 1.50788 -1.2398 -1.12656 2.56378 -1.11086 0.606549 0.0662777 -1.38233 -1.96054 -1.13132 -0.4772 
1.05675 -1.96638 -1.69948 1.50665 -1.2437 -1.12834 2.55007 -1.11086 0.606549 0.0662777 -1.38233 -1.96054 -1.13132 -0.4772 
1.06144 -1.9644 -1.69867 1.51006 -1.25147 -1.12304 2.52811 -1.11086 0.606549 0.0662777 -1.38233 -1.96054 -1.13132 -0.4772 
1.06697 -1.96155 -1.69778 1.51249 -1.25894 -1.12079 2.49602 -1.11086 0.606549 0.0662777 -1.38233 -1.96054 -1.13132 -0.4772 
1.07215 -1.96036 -1.6984 1.51496 -1.2682 -1.12138 2.45789 -1.11086 0.606549 0.0662777 -1.38233 -1.96054 -1.13132 -0.4772 
1.08023 -1.95598 -1.6958 1.51739 -1.27456 -1.12045 2.413 -1.11086 0.606549 0.0662777 -1.38233 -1.96054 -1.13132 -0.4772 
1.08549 -1.95365 -1.69508 1.51662 -1.27928 -1.12607 2.36774 -1.11086 0.606549 0.0662777 -1.38233 -1.96054 -1.13132 -0.4772 
1.08795 -1.95404 -1.69733 1.50373 -1.28712 -1.15019 2.27198 -1.11086 0.606549 0.0662777 -1.38233 -1.96054 -1.13132 -0.4772 
1.08851 -1.95192 -1.69509 1.50086 -1.28333 -1.15288 2.26202 -1.11086 0.606549 0.0662777 -1.38233 -1.96054 -1.13132 -0.4772 
1.0952 -1.94924 -1.69392 1.50061 -1.29014 -1.15524 2.21341 -1.11086 0.606549 0.0662777 -1.38233 -1.96054 -1.13132 -0.4772 
1.10244 -1.94569 -1.69146 1.49907 -1.29487 -1.15878 2.15944 -1.11086 0.606549 0.0662777 -1.38233 -1.96054 -1.13132 -0.4772 
1.10934 -1.94056 -1.68767 1.49472 -1.29569 -1.16427 2.10417 -1.11086 0.606549 0.0662777 -1.38233 -1.96054 -1.13132 -0.4772 
1.11409 -1.93632 -1.68408 1.48769 -1.29349 -1.17411 2.05046 -1.11086 0.606549 0.0662777 -1.38233 -1.96054 -1.13132 -0.4772 
1.11786 -1.93419 -1.68271 1.48308 -1.29572 -1.18049 2.0064 -1.11086 0.606549 0.0662777 -1.38233 -1.96054 -1.13132 -0.4772 
1.12193 -1.93054 -1.67976 1.47757 -1.29528 -1.18674 1.96257 -1.11086 0.606549 0.0662777 -1.38233 -1.96054 -1.13132 -0.4772 
1.12186 -1.92506 -1.67589 1.46602 -1.29262 -1.19711 1.9064 -1.11086 0.606549 0.0662777 -1.38233 -1.96054 -1.13132 -0.4772 
1.12565 -1.91908 -1.67054 1.45915 -1.2869 -1.20275 1.86914 -1.11086 0.606549 0.0662777 -1.38233 -1.96054 -1.13132 -0.4772 
1.12709 -1.91607 -1.6675 1.45215 -1.28285 -1.21032 1.83916 -1.11086 0.606549 0.0662777 -1.38233 -1.96054 -1.13132 -0.4772 
1.12447 -1.91544 -1.66573 1.44086 -1.27386 -1.22703 1.81351 -1.11086 0.606549 0.0662777 -1.38233 -1.96054 -1.13132 -0.4772 
1.12696 -1.91552 -1.66602 1.44241 -1.27934 -1.22399 1.80172 -1.11086 0.606549 0.0662777 -1.38233 -1.96054 -1.13132 -0.4772 
1.12755 -1.91447 -1.66467 1.43832 -1.27879 -1.22837 1.78205 -1.11086 0.606549 0.0662777 -1.38233 -1.96054 -1.13132 -0.4772 
1.12498 -1.91319 -1.66345 1.42789 -1.27256 -1.24141 1.75761 -1.11086 0.606549 0.0662777 -1.38233 -1.96054 -1.13132 -0.4772 
1.12393 -1.91523 -1.66571 1.42617 -1.27728 -1.24381 1.74666 -1.11086 0.606549 0.0662777 -1.38233 -1.96054 -1.13132 -0.4772 
1.12396 -1.91736 -1.66794 1.42606 -1.28566 -1.24311 1.73076 -1.11086 0.606549 0.0662777 -1.38233 -1.96054 -1.13132 -0.4772 
1.11871 -1.91674 -1.66698 1.41094 -1.27573 -1.26267 1.70386 -1.11086 0.606549 0.0662777 -1.38233 -1.96054 -1.13132 -0.4772 
1.11822 -1.91725 -1.66731 1.40737 -1.27912 -1.26631 1.68225 -1.11086 0.606549 0.0662777 -1.38233 -1.96054 -1.13132 -0.4772 
1.11795 -1.91488 -1.66487 1.40016 -1.27656 -1.27274 1.65569 -1.11086 0.606549 0.0662777 -1.38233 -1.96054 -1.13132 -0.4772 
1.11654 -1.91815 -1.66751 1.39887 -1.28346 -1.27568 1.63858 -1.11086 0.606549 0.0662777 -1.38233 -1.96054 -1.13132 -0.4772 
1.12115 -1.91637 -1.66462 1.39851 -1.27869 -1.27754 1.63284 -1.11086 0.606549 0.0662777 -1.38233 -1.96054 -1.13132 -0.4772 
1.12202 -1.91451 -1.663 1.39371 -1.27777 -1.28226 1.60845 -1.11086 0.606549 0.0662777 -1.38233 -1.96054 -1.13132 -0.4772 
1.12045 -1.91565 -1.66428 1.39 -1.28007 -1.28845 1.58833 -1.11086 0.606549 0.0662777 -1.38233 -1.96054 -1.13132 -0.4772 
1.11956 -1.91365 -1.66249 1.38295 -1.27589 -1.29744 1.56357 -1.11086 0.606549 0.0662777 -1.38233 -1.96054 -1.13132 -0.4772 
1.11779 -1.91502 -1.66369 1.37964 -1.27635 -1.30522 1.54642 -1.11086 0.606549 0.0662777 -1.38233 -1.96054 -1.13132 -0.4772 
1.11686 -1.91543 -1.66392 1.37702 -1.27551 -1.31198 1.53125 -1.11086 0.606549 0.0662777 -1.38233 -1.96054 -1.13132 -0.4772 
1.11711 -1.91354 -1.66183 1.37363 -1.27058 -1.31816 1.51753 -1.11086 0.606549 0.0662777 -1.38233 -1.96054 -1.13132 -0.4772 
1.11662 -1.91117 -1.6595 1.36854 -1.2629 -1.32737 1.50312 -1.11086 0.606549 0.0662777 -1.38233 -1.96054 -1.13132 -0.4772 
1.11768 -1.90947 -1.65758 1.36753 -1.2581 -1.33155 1.49629 -1.11086 0.606549 0.0662777 -1.38233 -1.96054 -1.13132 -0.4772 
1.1188 -1.90925 -1.65712 1.36955 -1.25624 -1.33355 1.49412 -1.11086 0.606549 0.0662777 -1.38233 -1.96054 -1.13132 -0.4772 
1.12137 -1.9087 -1.65597 1.37295 -1.2549 -1.33325 1.49284 -1.11086 0.606549 0.0662777 -1.38233 -1.96054 -1.13132 -0.4772 
1.12287 -1.90867 -1.65523 1.37522 -1.25288 -1.33465 1.49235 -1.11086 0.606549 0.0662777 -1.38233 -1.96054 -1.13132 -0.4772 
1.1254 -1.9079 -1.65355 1.37889 -1.2508 -1.33414 1.49291 -1.11086 0.606549 0.0662777 -1.38233 -1.96054 -1.13132 -0.4772 
1.12773 -1.90568 -1.64992 1.37821 -1.2424 -1.33858 1.49056 -1.11086 0.606549 0.0662777 -1.38233 -1.96054 -1.13132 -0.4772 
1.13036 -1.89921 -1.64264 1.37278 -1.22625 -1.34673 1.48118 -1.11086 0.606549 0.0662777 -1.38233 -1.96054 -1.13132 -0.4772 
1.13306 -1.89387 -1.63681 1.36926 -1.21495 -1.35104 1.474 -1.11086 0.606549 0.0662777 -1.38233 -1.96054 -1.13132 -0.4772 
1.13472 -1.88786 -1.63066 1.363 -1.20154 -1.35836 1.4638 -1.11086 0.606549 0.0662777 -1.38233 -1.96054 -1.13132 -0.4772 
1.136 -1.88282 -1.62552 1.35768 -1.19028 -1.36455 1.4561 -1.11086 0.606549 0.0662777 -1.38233 -1.96054 -1.13132 -0.4772 
1.13778 -1.87843 -1.62071 1.35438 -1.1812 -1.36867 1.45013 -1.11086 0.606549 0.0662777 -1.38233 -1.96054 -1.13132 -0.4772 
1.14024 -1.87292 -1.61524 1.35132 -1.17173 -1.37148 1.44275 -1.11086 0.606549 0.0662777 -1.38233 -1.96054 -1.13132 -0.4772 
1.14257 -1.86732 -1.60945 1.34704 -1.16061 -1.37665 1.43422 -1.11086 0.606549 0.0662777 -1.38233 -1.96054 -1.13132 -0.4772 
1.14449 -1.86257 -1.60448 1.34362 -1.15113 -1.3809 1.4285 -1.11086 0.606549 0.0662777 -1.38233 -1.96054 -1.13132 -0.4772 
1.14553 -1.86017 -1.60135 1.34165 -1.14476 -1.3843 1.42526 -1.11086 0.606549 0.0662777 -1.38233 -1.96054 -1.13132 -0.4772 
1.14676 -1.85571 -1.59665 1.33735 -1.13506 -1.38917 1.41949 -1.11086 0.606549 0.0662777 -1.38233 -1.96054 -1.13132 -0.4772 
1.14595 -1.85047 -1.59189 1.32886 -1.12219 -1.3995 1.41184 -1.11086 0.606549 0.0662777 -1.38233 -1.96054 -1.13132 -0.4772 
1.14713 -1.84405 -1.58709 1.32356 -1.11197 -1.40374 1.40626 -1.11086 0.606549 0.0662777 -1.38233 -1.96054 -1.13132 -0.4772 
1.14784 -1.84248 -1.58574 1.32322 -1.11018 -1.40336 1.40593 -1.11086 0.606549 0.0662777 -1.38233 -1.96054 -1.13132 -0.4772 
1.16159 -1.82554 -1.57701 1.33924 -1.09839 -1.38107 1.42294 -1.11086 0.606549 0.0662777 -1.38233 -1.96054 -1.13132 -0.4772 
1.16117 -1.823 -1.5754 1.3357 -1.09339 -1.38467 1.42053 -1.11086 0.606549 0.0662777 -1.38233 -1.96054 -1.13132 -0.4772 
1.16155 -1.82193 -1.57466 1.33581 -1.09223 -1.3845 1.42054 -1.11086 0.606549 0.0662777 -1.38233 -1.96054 -1.13132 -0.4772 
1.16156 -1.82025 -1.57357 1.33434 -1.08984 -1.38563 1.41832 -1.11086 0.606549 0.0662777 -1.38233 -1.96054 -1.13132 -0.4772 
1.1596 -1.82392 -1.57621 1.3346 -1.09271 -1.38767 1.42174 -1.11086 0.606549 0.0662777 -1.38233 -1.96054 -1.13132 -0.4772 
1.16031 -1.82135 -1.57468 1.33301 -1.08997 -1.38849 1.41869 -1.11086 0.606549 0.0662777 -1.38233 -1.96054 -1.13132 -0.4772 
1.16023 -1.82306 -1.57557 1.33407 -1.09119 -1.38781 1.42196 -1.11086 0.606549 0.0662777 -1.38233 -1.96054 -1.13132 -0.4772 
1.16004 -1.82561 -1.57765 1.33695 -1.09561 -1.3852 1.42506 -1.11086 0.606549 0.0662777 -1.38233 -1.96054 -1.13132 -0.4772 
1.15954 -1.82554 -1.57763 1.33606 -1.09462 -1.38672 1.42508 -1.11086 0.606549 0.0662777 -1.38233 -1.96054 -1.13132 -0.4772 
1.16108 -1.82319 -1.57601 1.33657 -1.09368 -1.3842 1.42266 -1.11086 0.606549 0.0662777 -1.38233 -1.96054 -1.13132 -0.4772 
1.15993 -1.82538 -1.57782 1.33666 -1.09569 -1.38534 1.42451 -1.11086 0.606549 0.0662777 -1.38233 -1.96054 -1.13132 -0.4772 
0.960931 -1.95357 -1.73174 1.23087 -1.02293 -1.54776 2.04721 -1.11086 0.606549 0.0662777 -1.38233 -1.96054 -1.13132 -0.4772 
