0.983244 -1.13356 -0.885376 1.54188 -2.10357 -1.57793 2.00305 -1.11007 0.610447 0.0654194 -1.37338 -1.9629 -1.13369 -0.471729 
0.960921 -1.15147 -0.881552 1.50431 -2.10458 -1.56653 1.99888 -1.11086 0.606555 0.0662764 -1.38232 -1.96055 -1.13132 -0.477192 
0.958246 -1.15654 -0.879864 1.49842 -2.09876 -1.57438 2.00076 -1.11086 0.606549 0.0662777 -1.38233 -1.96054 -1.13132 -0.4772 
0.958689 -1.15857 -0.879598 1.49574 -2.09715 -1.57608 1.9976 -1.11086 0.606549 0.0662777 -1.38233 -1.96054 -1.13132 -0.4772 
0.962434 -1.15729 -0.87884 1.49712 -2.09614 -1.57421 1.99158 -1.11086 0.606549 0.0662777 -1.38233 -1.96054 -1.13132 -0.4772 
0.967173 -1.15491 -0.878067 1.50283 -2.0927 -1.577 1.98858 -1.11086 0.606549 0.0662777 -1.38233 -1.96054 -1.13132 -0.4772 
0.971973 -1.15115 -0.878162 1.50981 -2.09131 -1.57786 1.98582 -1.11086 0.606549 0.0662777 -1.38233 -1.96054 -1.13132 -0.4772 
0.97542 -1.14829 -0.876624 1.51377 -2.0871 -1.57867 1.98281 -1.11086 0.606549 0.0662777 -1.38233 -1.96054 -1.13132 -0.4772 
0.978312 -1.14523 -0.876141 1.51799 -2.08614 -1.57743 1.98065 -1.11086 0.606549 0.0662777 -1.38233 -1.96054 -1.13132 -0.4772 
0.980088 -1.14367 -0.875886 1.52108 -2.0858 -1.57702 1.9799 -1.11086 0.606549 0.0662777 -1.38233 -1.96054 -1.13132 -0.4772 
0.980522 -1.14452 -0.875729 1.52106 -2.08332 -1.58051 1.97957 -1.11086 0.606549 0.0662777 -1.38233 -1.96054 -1.13132 -0.4772 
0.981577 -1.14414 -0.876888 1.5238 -2.08589 -1.58023 1.98043 -1.11086 0.606549 0.0662777 -1.38233 -1.96054 -1.13132 -0.4772 
0.982317 -1.14375 -0.875657 1.52434 -2.08296 -1.58086 1.97854 -1.11086 0.606549 0.0662777 -1.38233 -1.96054 -1.13132 -0.4772 
0.983094 -1.14252 -0.87511 1.52518 -2.08235 -1.5794 1.97672 -1.11086 0.606549 0.0662777 -1.38233 -1.96054 -1.13132 -0.4772 
0.98435 -1.14213 -0.876025 1.5269 -2.08277 -1.58095 1.97674 -1.11086 0.606549 0.0662777 -1.38233 -1.96054 -1.13132 -0.4772 
0.987682 -1.13982 -0.876341 1.53198 -2.08336 -1.58041 1.9751 -1.11086 0.606549 0.0662777 -1.38233 -1.96054 -1.13132 -0.4772 
0.990319 -1.13774 -0.876295 1.53558 -2.0828 -1.58068 1.97413 -1.11086 0.606549 0.0662777 -1.38233 -1.96054 -1.13132 -0.4772 
0.991018 -1.13785 -0.876492 1.53708 -2.08126 -1.58325 1.97395 -1.11086 0.606549 0.0662777 -1.38233 -1.96054 -1.13132 -0.4772 
0.991384 -1.13755 -0.877506 1.53864 -2.08353 -1.58297 1.97496 -1.11086 0.606549 0.0662777 -1.38233 -1.96054 -1.13132 -0.4772 
0.991104 -1.13767 -0.877373 1.53896 -2.08396 -1.58253 1.97594 -1.11086 0.606549 0.0662777 -1.38233 -1.96054 -1.13132 -0.4772 
0.991499 -1.13739 -0.876969 1.53833 -2.08228 -1.58331 1.97443 -1.11086 0.606549 0.0662777 -1.38233 -1.96054 -1.13132 -0.4772 
0.990799 -1.13895 -0.876106 1.53681 -2.07964 -1.58586 1.97443 -1.11086 0.606549 0.0662777 -1.38233 -1.96054 -1.13132 -0.4772 
0.990481 -1.13917 -0.876008 1.53659 -2.07964 -1.58604 1.97507 -1.11086 0.606549 0.0662777 -1.38233 -1.96054 -1.13132 -0.4772 
0.990829 -1.13875 -0.875486 1.53662 -2.07914 -1.58537 1.9742 -1.11086 0.606549 0.0662777 -1.38233 -1.96054 -1.13132 -0.4772 
0.990363 -1.13999 -0.876559 1.5364 -2.07991 -1.58705 1.97506 -1.11086 0.606549 0.0662777 -1.38233 -1.96054 -1.13132 -0.4772 
0.990452 -1.13936 -0.876421 1.53638 -2.08001 -1.58669 1.97559 -1.11086 0.606549 0.0662777 -1.38233 -1.96054 -1.13132 -0.4772 
0.990753 -1.13916 -0.876401 1.53731 -2.08069 -1.58564 1.97505 -1.11086 0.606549 0.0662777 -1.38233 -1.96054 -1.13132 -0.4772 
0.991243 -1.13789 -0.876319 1.53777 -2.0812 -1.58368 1.97407 -1.11086 0.606549 0.0662777 -1.38233 -1.96054 -1.13132 -0.4772 
0.991141 -1.13814 -0.87666 1.53712 -2.08139 -1.58366 1.9739 -1.11086 0.606549 0.0662777 -1.38233 -1.96054 -1.13132 -0.4772 
0.991679 -1.13715 -0.876478 1.53792 -2.0817 -1.58154 1.97218 -1.11086 0.606549 0.0662777 -1.38233 -1.96054 -1.13132 -0.4772 
0.991685 -1.13718 -0.876711 1.53832 -2.08228 -1.58114 1.97185 -1.11086 0.606549 0.0662777 -1.38233 -1.96054 -1.13132 -0.4772 
0.992096 -1.13729 -0.87768 1.53885 -2.08441 -1.5808 1.97203 -1.11086 0.606549 0.0662777 -1.38233 -1.96054 -1.13132 -0.4772 
0.9917 -1.13786 -0.876989 1.53789 -2.0827 -1.58175 1.97166 -1.11086 0.606549 0.0662777 -1.38233 -1.96054 -1.13132 -0.4772 
0.991878 -1.13721 -0.877397 1.53857 -2.08388 -1.58082 1.97184 -1.11086 0.606549 0.0662777 -1.38233 -1.96054 -1.13132 -0.4772 
0.991386 -1.13815 -0.87703 1.53771 -2.08278 -1.58224 1.97192 -1.11086 0.606549 0.0662777 -1.38233 -1.96054 -1.13132 -0.4772 
0.99196 -1.13737 -0.876939 1.53827 -2.08308 -1.5812 1.9716 -1.11086 0.606549 0.0662777 -1.38233 -1.96054 -1.13132 -0.4772 
0.991308 -1.13839 -0.87701 1.53746 -2.08258 -1.5829 1.97224 -1.11086 0.606549 0.0662777 -1.38233 -1.96054 -1.13132 -0.4772 
0.991565 -1.13798 -0.877119 1.53796 -2.08309 -1.58221 1.97197 -1.11086 0.606549 0.0662777 -1.38233 -1.96054 -1.13132 -0.4772 
0.991276 -1.1382 -0.877094 1.53789 -2.08332 -1.58256 1.97284 -1.11086 0.606549 0.0662777 -1.38233 -1.96054 -1.13132 -0.4772 
0.991512 -1.13772 -0.877061 1.53778 -2.08295 -1.58242 1.97231 -1.11086 0.606549 0.0662777 -1.38233 -1.96054 -1.13132 -0.4772 
0.991687 -1.13685 -0.876574 1.53849 -2.08327 -1.58062 1.97225 -1.11086 0.606549 0.0662777 -1.38233 -1.96054 -1.13132 -0.4772 
1.35206 -0.85304 -0.970639 1.98663 -2.09106 -1.73392 1.94564 -1.11086 0.606549 0.0662777 -1.38233 -1.96054 -1.13132 -0.4772 
1.01293 -1.09325 -0.877155 1.56559 -2.09893 -1.52155 1.93073 -0.905473 0.613099 -0.249742 -1.39212 -1.80016 -1.24668 -0.523661 
1.00183 -1.10042 -0.87398 1.54456 -2.09884 -1.50843 1.9218 -0.906324 0.61741 -0.250114 -1.38235 -1.80149 -1.24919 -0.517881 
0.999888 -1.1021 -0.872933 1.54198 -2.09638 -1.51076 1.92413 -0.906326 0.617418 -0.250115 -1.38233 -1.8015 -1.24919 -0.517872 
0.999719 -1.10063 -0.871684 1.54153 -2.09531 -1.50817 1.92299 -0.906326 0.617418 -0.250115 -1.38233 -1.8015 -1.24919 -0.517872 
1.00002 -1.10076 -0.872473 1.54202 -2.09701 -1.5082 1.92338 -0.906326 0.617418 -0.250115 -1.38233 -1.8015 -1.24919 -0.517872 
1.00037 -1.10048 -0.871931 1.54193 -2.09591 -1.50808 1.92199 -0.906326 0.617418 -0.250115 -1.38233 -1.8015 -1.24919 -0.517872 
0.999946 -1.10087 -0.872321 1.54201 -2.09692 -1.50803 1.92276 -0.906326 0.617418 -0.250115 -1.38233 -1.8015 -1.24919 -0.517872 
0.999339 -1.10164 -0.871523 1.54056 -2.09467 -1.50974 1.92322 -0.906326 0.617418 -0.250115 -1.38233 -1.8015 -1.24919 -0.517872 
0.99998 -1.10072 -0.872004 1.54179 -2.09645 -1.50803 1.92283 -0.906326 0.617418 -0.250115 -1.38233 -1.8015 -1.24919 -0.517872 
1 -1.10098 -0.871611 1.54126 -2.09519 -1.50857 1.92193 -0.906326 0.617418 -0.250115 -1.38233 -1.8015 -1.24919 -0.517872 
0.999632 -1.10079 -0.871387 1.54121 -2.0948 -1.50829 1.92231 -0.906326 0.617418 -0.250115 -1.38233 -1.8015 -1.24919 -0.517872 
1.00007 -1.10029 -0.871353 1.54109 -2.09492 -1.50734 1.92077 -0.906326 0.617418 -0.250115 -1.38233 -1.8015 -1.24919 -0.517872 
0.99949 -1.10092 -0.871089 1.54063 -2.09369 -1.50849 1.92099 -0.906326 0.617418 -0.250115 -1.38233 -1.8015 -1.24919 -0.517872 
0.999623 -1.10001 -0.871165 1.54127 -2.09507 -1.5065 1.92083 -0.906326 0.617418 -0.250115 -1.38233 -1.8015 -1.24919 -0.517872 
0.99982 -1.10031 -0.871317 1.54059 -2.09499 -1.50692 1.92001 -0.906326 0.617418 -0.250115 -1.38233 -1.8015 -1.24919 -0.517872 
0.999677 -1.10055 -0.871962 1.54126 -2.09632 -1.50719 1.92157 -0.906326 0.617418 -0.250115 -1.38233 -1.8015 -1.24919 -0.517872 
0.999467 -1.10079 -0.871379 1.5407 -2.09511 -1.50777 1.92197 -0.906326 0.617418 -0.250115 -1.38233 -1.8015 -1.24919 -0.517872 
1.00001 -1.0997 -0.871623 1.54143 -2.09622 -1.50566 1.92031 -0.906326 0.617418 -0.250115 -1.38233 -1.8015 -1.24919 -0.517872 
0.999687 -1.10076 -0.872817 1.5416 -2.09828 -1.50675 1.92156 -0.906326 0.617418 -0.250115 -1.38233 -1.8015 -1.24919 -0.517872 
0.999392 -1.1015 -0.872515 1.54535 -2.09941 -1.5109 1.93015 -0.906326 0.617418 -0.250115 -1.38233 -1.8015 -1.24919 -0.517872 
0.998599 -1.10339 -0.873256 1.55418 -2.10421 -1.52079 1.95248 -0.906326 0.617418 -0.250115 -1.38233 -1.8015 -1.24919 -0.517872 
0.996921 -1.10624 -0.874204 1.56252 -2.11041 -1.53153 1.97768 -0.906326 0.617418 -0.250115 -1.38233 -1.8015 -1.24919 -0.517872 
0.9941 -1.11022 -0.874823 1.57106 -2.11624 -1.54535 2.00826 -0.906326 0.617418 -0.250115 -1.38233 -1.8015 -1.24919 -0.517872 
0.990645 -1.11398 -0.874472 1.57853 -2.12085 -1.55824 2.03847 -0.906326 0.617418 -0.250115 -1.38233 -1.8015 -1.24919 -0.517872 
0.985123 -1.1197 -0.874239 1.58506 -2.12584 -1.57537 2.0753 -0.906326 0.617418 -0.250115 -1.38233 -1.8015 -1.24919 -0.517872 
0.978319 -1.12563 -0.872854 1.59048 -2.12964 -1.59309 2.11524 -0.906326 0.617418 -0.250115 -1.38233 -1.8015 -1.24919 -0.517872 
0.970416 -1.13179 -0.870414 1.59508 -2.13282 -1.61099 2.15754 -0.906326 0.617418 -0.250115 -1.38233 -1.8015 -1.24919 -0.517872 
0.960822 -1.1389 -0.867204 1.59907 -2.13625 -1.63073 2.20532 -0.906326 0.617418 -0.250115 -1.38233 -1.8015 -1.24919 -0.517872 
0.950555 -1.14649 -0.863969 1.60122 -2.13882 -1.65015 2.25127 -0.906326 0.617418 -0.250115 -1.38233 -1.8015 -1.24919 -0.517872 
0.940923 -1.15377 -0.861237 1.60337 -2.14284 -1.66756 2.29461 -0.906326 0.617418 -0.250115 -1.38233 -1.8015 -1.24919 -0.517872 
0.930335 -1.16154 -0.858397 1.60397 -2.14573 -1.6855 2.33722 -0.906326 0.617418 -0.250115 -1.38233 -1.8015 -1.24919 -0.517872 
0.919951 -1.16897 -0.85441 1.60377 -2.1463 -1.70274 2.37703 -0.906326 0.617418 -0.250115 -1.38233 -1.8015 -1.24919 -0.517872 
0.91061 -1.17612 -0.851874 1.59942 -2.14748 -1.71505 2.40636 -0.906326 0.617418 -0.250115 -1.38233 -1.8015 -1.24919 -0.517872 
0.904549 -1.17932 -0.849681 1.59558 -2.14876 -1.71827 2.42155 -0.906326 0.617418 -0.250115 -1.38233 -1.8015 -1.24919 -0.517872 
0.900129 -1.18184 -0.848579 1.59272 -2.15087 -1.71952 2.4322 -0.906326 0.617418 -0.250115 -1.38233 -1.8015 -1.24919 -0.517872 
0.898 -1.18366 -0.846839 1.58933 -2.14922 -1.71948 2.43353 -0.906326 0.617418 -0.250115 -1.38233 -1.8015 -1.24919 -0.517872 
0.898051 -1.1866 -0.850104 1.58807 -2.15265 -1.71823 2.42673 -0.906326 0.617418 -0.250115 -1.38233 -1.8015 -1.24919 -0.517872 
0.900922 -1.18846 -0.853618 1.5872 -2.15341 -1.71553 2.41029 -0.906326 0.617418 -0.250115 -1.38233 -1.8015 -1.24919 -0.517872 
0.906466 -1.18873 -0.858219 1.588 -2.15446 -1.70947 2.38608 -0.906326 0.617418 -0.250115 -1.38233 -1.8015 -1.24919 -0.517872 
0.914551 -1.18827 -0.864201 1.58964 -2.15533 -1.70127 2.35297 -0.906326 0.617418 -0.250115 -1.38233 -1.8015 -1.24919 -0.517872 
0.923099 -1.19026 -0.871599 1.58981 -2.15467 -1.69634 2.31463 -0.906326 0.617418 -0.250115 -1.38233 -1.8015 -1.24919 -0.517872 
0.932887 -1.19269 -0.879756 1.58972 -2.15313 -1.69151 2.27097 -0.906326 0.617418 -0.250115 -1.38233 -1.8015 -1.24919 -0.517872 
0.944587 -1.19308 -0.886196 1.58973 -2.14866 -1.68265 2.22026 -0.906326 0.617418 -0.250115 -1.38233 -1.8015 -1.24919 -0.517872 
0.94085 -1.23548 -0.896654 1.56183 -2.11711 -1.74586 2.18138 -0.906326 0.617418 -0.250115 -1.38233 -1.8015 -1.24919 -0.517872 
0.939836 -1.23968 -0.897306 1.55875 -2.11422 -1.75208 2.17955 -0.906326 0.617418 -0.250115 -1.38233 -1.8015 -1.24919 -0.517872 
0.950373 -1.24333 -0.904613 1.55724 -2.11 -1.74807 2.12973 -0.906326 0.617418 -0.250115 -1.38233 -1.8015 -1.24919 -0.517872 
0.961197 -1.24634 -0.910711 1.55503 -2.10432 -1.74252 2.07708 -0.906326 0.617418 -0.250115 -1.38233 -1.8015 -1.24919 -0.517872 
0.970587 -1.25108 -0.917865 1.55172 -2.10019 -1.73928 2.02748 -0.906326 0.617418 -0.250115 -1.38233 -1.8015 -1.24919 -0.517872 
0.979024 -1.25518 -0.922747 1.54741 -2.0936 -1.7361 1.98042 -0.906326 0.617418 -0.250115 -1.38233 -1.8015 -1.24919 -0.517872 
0.986622 -1.25819 -0.925179 1.54144 -2.08438 -1.73232 1.93417 -0.906326 0.617418 -0.250115 -1.38233 -1.8015 -1.24919 -0.517872 
0.992784 -1.26218 -0.928057 1.53536 -2.07692 -1.73072 1.8941 -0.906326 0.617418 -0.250115 -1.38233 -1.8015 -1.24919 -0.517872 
0.996295 -1.2693 -0.933009 1.52497 -2.06838 -1.72828 1.84287 -0.906326 0.617418 -0.250115 -1.38233 -1.8015 -1.24919 -0.517872 
0.99967 -1.27285 -0.93384 1.51807 -2.05997 -1.72856 1.8123 -0.906326 0.617418 -0.250115 -1.38233 -1.8015 -1.24919 -0.517872 
1.00121 -1.27919 -0.937346 1.51225 -2.05647 -1.73326 1.79142 -0.906326 0.617418 -0.250115 -1.38233 -1.8015 -1.24919 -0.517872 
1.00279 -1.28212 -0.93537 1.50483 -2.04572 -1.73599 1.7697 -0.906326 0.617418 -0.250115 -1.38233 -1.8015 -1.24919 -0.517872 
1.00319 -1.2863 -0.934845 1.49661 -2.03695 -1.74061 1.75127 -0.906326 0.617418 -0.250115 -1.38233 -1.8015 -1.24919 -0.517872 
1.00448 -1.28936 -0.935769 1.49246 -2.03322 -1.74222 1.73568 -0.906326 0.617418 -0.250115 -1.38233 -1.8015 -1.24919 -0.517872 
1.0072 -1.29109 -0.937344 1.49024 -2.03246 -1.73922 1.71707 -0.906326 0.617418 -0.250115 -1.38233 -1.8015 -1.24919 -0.517872 
1.01006 -1.29189 -0.939476 1.48958 -2.03384 -1.73444 1.69995 -0.906326 0.617418 -0.250115 -1.38233 -1.8015 -1.24919 -0.517872 
1.01142 -1.29687 -0.944048 1.48647 -2.03569 -1.73479 1.68264 -0.906326 0.617418 -0.250115 -1.38233 -1.8015 -1.24919 -0.517872 
1.01132 -1.30513 -0.949096 1.47937 -2.03449 -1.74044 1.66307 -0.906326 0.617418 -0.250115 -1.38233 -1.8015 -1.24919 -0.517872 
1.01145 -1.30907 -0.947458 1.46926 -2.02366 -1.74305 1.63851 -0.906326 0.617418 -0.250115 -1.38233 -1.8015 -1.24919 -0.517872 
1.01318 -1.31328 -0.951434 1.46657 -2.0246 -1.74238 1.61834 -0.906326 0.617418 -0.250115 -1.38233 -1.8015 -1.24919 -0.517872 
1.01324 -1.31921 -0.953744 1.45958 -2.01983 -1.74643 1.5976 -0.906326 0.617418 -0.250115 -1.38233 -1.8015 -1.24919 -0.517872 
1.01662 -1.31909 -0.953838 1.46135 -2.01945 -1.74826 1.59625 -0.906326 0.617418 -0.250115 -1.38233 -1.8015 -1.24919 -0.517872 
1.01904 -1.3227 -0.956676 1.45749 -2.01719 -1.74896 1.57445 -0.906326 0.617418 -0.250115 -1.38233 -1.8015 -1.24919 -0.517872 
1.02005 -1.32696 -0.959692 1.45345 -2.01471 -1.7506 1.55348 -0.906326 0.617418 -0.250115 -1.38233 -1.8015 -1.24919 -0.517872 
1.02089 -1.33127 -0.962492 1.44883 -2.01096 -1.75333 1.53203 -0.906326 0.617418 -0.250115 -1.38233 -1.8015 -1.24919 -0.517872 
1.02172 -1.33454 -0.965031 1.4457 -2.00782 -1.75612 1.51506 -0.906326 0.617418 -0.250115 -1.38233 -1.8015 -1.24919 -0.517872 
