0.937664 -1.96318 -1.74746 1.14933 -1.01576 -1.70268 2.19287 -1.11066 0.607565 0.0660542 -1.38 -1.96116 -1.13193 -0.475773 
0.885469 -1.95055 -1.76667 1.04967 -1.01128 -1.77367 2.15101 -1.11086 0.606549 0.0662777 -1.38233 -1.96054 -1.13132 -0.4772 
0.877351 -1.95136 -1.77195 1.03666 -1.01263 -1.78829 2.14675 -1.11086 0.606549 0.0662777 -1.38233 -1.96054 -1.13132 -0.4772 
0.873748 -1.95151 -1.77425 1.0325 -1.01394 -1.79267 2.14509 -1.11086 0.606549 0.0662777 -1.38233 -1.96054 -1.13132 -0.4772 
0.870626 -1.94985 -1.77354 1.02521 -1.01304 -1.79557 2.13907 -1.11086 0.606549 0.0662777 -1.38233 -1.96054 -1.13132 -0.4772 
0.870635 -1.9508 -1.77282 1.02508 -1.01386 -1.79555 2.13585 -1.11086 0.606549 0.0662777 -1.38233 -1.96054 -1.13132 -0.4772 
0.872973 -1.95198 -1.77075 1.02932 -1.01129 -1.79715 2.13521 -1.11086 0.606549 0.0662777 -1.38233 -1.96054 -1.13132 -0.4772 
0.878894 -1.95328 -1.7659 1.04002 -1.00569 -1.79738 2.13588 -1.11086 0.606549 0.0662777 -1.38233 -1.96054 -1.13132 -0.4772 
0.879564 -1.95515 -1.76382 1.04247 -0.998987 -1.81137 2.13016 -1.11086 0.606549 0.0662777 -1.38233 -1.96054 -1.13132 -0.4772 
0.879395 -1.95743 -1.76414 1.04617 -0.996804 -1.81897 2.12941 -1.11086 0.606549 0.0662777 -1.38233 -1.96054 -1.13132 -0.4772 
0.880688 -1.95929 -1.76293 1.04987 -0.994003 -1.82488 2.12721 -1.11086 0.606549 0.0662777 -1.38233 -1.96054 -1.13132 -0.4772 
0.878771 -1.96026 -1.76346 1.04837 -0.991444 -1.83481 2.1239 -1.11086 0.606549 0.0662777 -1.38233 -1.96054 -1.13132 -0.4772 
0.880851 -1.96084 -1.7615 1.05115 -0.9889 -1.83703 2.12163 -1.11086 0.606549 0.0662777 -1.38233 -1.96054 -1.13132 -0.4772 
0.882519 -1.96198 -1.76028 1.05454 -0.987577 -1.83886 2.12061 -1.11086 0.606549 0.0662777 -1.38233 -1.96054 -1.13132 -0.4772 
0.881184 -1.9619 -1.76069 1.05311 -0.985891 -1.84401 2.11914 -1.11086 0.606549 0.0662777 -1.38233 -1.96054 -1.13132 -0.4772 
0.881643 -1.96306 -1.75989 1.05469 -0.983303 -1.84886 2.1182 -1.11086 0.606549 0.0662777 -1.38233 -1.96054 -1.13132 -0.4772 
0.881223 -1.9644 -1.75941 1.0559 -0.980202 -1.85681 2.11567 -1.11086 0.606549 0.0662777 -1.38233 -1.96054 -1.13132 -0.4772 
0.880307 -1.96664 -1.75955 1.05775 -0.977521 -1.8658 2.11461 -1.11086 0.606549 0.0662777 -1.38233 -1.96054 -1.13132 -0.4772 
0.881625 -1.96699 -1.75692 1.06022 -0.974256 -1.87259 2.11239 -1.11086 0.606549 0.0662777 -1.38233 -1.96054 -1.13132 -0.4772 
0.882056 -1.96699 -1.75453 1.06197 -0.974083 -1.87824 2.11027 -1.11086 0.606549 0.0662777 -1.38233 -1.96054 -1.13132 -0.4772 
0.880686 -1.96685 -1.75514 1.05937 -0.972333 -1.88375 2.10747 -1.11086 0.606549 0.0662777 -1.38233 -1.96054 -1.13132 -0.4772 
0.881665 -1.96653 -1.75438 1.05966 -0.971463 -1.88291 2.10752 -1.11086 0.606549 0.0662777 -1.38233 -1.96054 -1.13132 -0.4772 
0.879936 -1.96699 -1.75531 1.05918 -0.973355 -1.88491 2.10911 -1.11086 0.606549 0.0662777 -1.38233 -1.96054 -1.13132 -0.4772 
0.882908 -1.96699 -1.75239 1.06443 -0.976876 -1.88018 2.11143 -1.11086 0.606549 0.0662777 -1.38233 -1.96054 -1.13132 -0.4772 
0.882571 -1.96633 -1.75198 1.06099 -0.973735 -1.88306 2.10915 -1.11086 0.606549 0.0662777 -1.38233 -1.96054 -1.13132 -0.4772 
0.882434 -1.96574 -1.75158 1.0597 -0.972698 -1.88402 2.10798 -1.11086 0.606549 0.0662777 -1.38233 -1.96054 -1.13132 -0.4772 
0.884587 -1.96537 -1.74968 1.0614 -0.971769 -1.88131 2.10657 -1.11086 0.606549 0.0662777 -1.38233 -1.96054 -1.13132 -0.4772 
0.884354 -1.96663 -1.75086 1.06353 -0.97407 -1.87976 2.10851 -1.11086 0.606549 0.0662777 -1.38233 -1.96054 -1.13132 -0.4772 
0.882832 -1.96699 -1.75203 1.06314 -0.975538 -1.88097 2.11018 -1.11086 0.606549 0.0662777 -1.38233 -1.96054 -1.13132 -0.4772 
0.88241 -1.96617 -1.75203 1.06138 -0.973866 -1.88222 2.10928 -1.11086 0.606549 0.0662777 -1.38233 -1.96054 -1.13132 -0.4772 
0.882599 -1.96699 -1.75187 1.06368 -0.976799 -1.88099 2.11232 -1.11086 0.606549 0.0662777 -1.38233 -1.96054 -1.13132 -0.4772 
0.881624 -1.96669 -1.75228 1.06065 -0.974531 -1.88407 2.11053 -1.11086 0.606549 0.0662777 -1.38233 -1.96054 -1.13132 -0.4772 
0.881736 -1.96628 -1.75195 1.06024 -0.973855 -1.88429 2.11062 -1.11086 0.606549 0.0662777 -1.38233 -1.96054 -1.13132 -0.4772 
0.882541 -1.96515 -1.75063 1.05906 -0.971926 -1.88475 2.10837 -1.11086 0.606549 0.0662777 -1.38233 -1.96054 -1.13132 -0.4772 
0.883147 -1.96548 -1.75034 1.06027 -0.972047 -1.88353 2.10873 -1.11086 0.606549 0.0662777 -1.38233 -1.96054 -1.13132 -0.4772 
0.882937 -1.96586 -1.75104 1.06133 -0.973404 -1.88281 2.10983 -1.11086 0.606549 0.0662777 -1.38233 -1.96054 -1.13132 -0.4772 
0.88275 -1.96512 -1.75021 1.05899 -0.971444 -1.88541 2.1083 -1.11086 0.606549 0.0662777 -1.38233 -1.96054 -1.13132 -0.4772 
0.881115 -1.96545 -1.75187 1.05815 -0.972565 -1.88655 2.10995 -1.11086 0.606549 0.0662777 -1.38233 -1.96054 -1.13132 -0.4772 
0.881149 -1.96467 -1.7514 1.05705 -0.971459 -1.88714 2.109 -1.11086 0.606549 0.0662777 -1.38233 -1.96054 -1.13132 -0.4772 
0.885222 -1.96699 -1.74189 1.07069 -0.97925 -1.87953 2.12913 -1.11086 0.606549 0.0662777 -1.38233 -1.96054 -1.13132 -0.4772 
0.888597 -1.96699 -1.72875 1.08238 -0.989021 -1.87552 2.15014 -1.11086 0.606549 0.0662777 -1.38233 -1.96054 -1.13132 -0.4772 
0.8921 -1.96699 -1.71583 1.09268 -0.996034 -1.87209 2.17164 -1.11086 0.606549 0.0662777 -1.38233 -1.96054 -1.13132 -0.4772 
0.895821 -1.96699 -1.70349 1.10264 -1.00137 -1.86744 2.19065 -1.11086 0.606549 0.0662777 -1.38233 -1.96054 -1.13132 -0.4772 
0.896461 -1.96699 -1.69251 1.11214 -1.01228 -1.86583 2.21439 -1.11086 0.606549 0.0662777 -1.38233 -1.96054 -1.13132 -0.4772 
0.900089 -1.96699 -1.68044 1.12183 -1.01666 -1.86059 2.23373 -1.11086 0.606549 0.0662777 -1.38233 -1.96054 -1.13132 -0.4772 
0.901224 -1.96699 -1.66953 1.12983 -1.02352 -1.85881 2.25414 -1.11086 0.606549 0.0662777 -1.38233 -1.96054 -1.13132 -0.4772 
0.902816 -1.96699 -1.65781 1.14022 -1.03378 -1.85572 2.27568 -1.11086 0.606549 0.0662777 -1.38233 -1.96054 -1.13132 -0.4772 
0.903818 -1.96699 -1.64696 1.14815 -1.04085 -1.85376 2.2965 -1.11086 0.606549 0.0662777 -1.38233 -1.96054 -1.13132 -0.4772 
0.903133 -1.96699 -1.63764 1.15275 -1.04508 -1.85445 2.3152 -1.11086 0.606549 0.0662777 -1.38233 -1.96054 -1.13132 -0.4772 
0.900301 -1.96699 -1.62895 1.15697 -1.05269 -1.8554 2.33771 -1.11086 0.606549 0.0662777 -1.38233 -1.96054 -1.13132 -0.4772 
0.896974 -1.96699 -1.62039 1.16149 -1.06239 -1.85553 2.36322 -1.11086 0.606549 0.0662777 -1.38233 -1.96054 -1.13132 -0.4772 
0.892611 -1.96699 -1.61453 1.16311 -1.06912 -1.85523 2.387 -1.11086 0.606549 0.0662777 -1.38233 -1.96054 -1.13132 -0.4772 
0.886761 -1.96699 -1.61603 1.15815 -1.06999 -1.85643 2.401 -1.11086 0.606549 0.0662777 -1.38233 -1.96054 -1.13132 -0.4772 
0.879501 -1.96698 -1.61931 1.15066 -1.06694 -1.85721 2.41982 -1.11086 0.606549 0.0662777 -1.38233 -1.96054 -1.13132 -0.4772 
0.869665 -1.96699 -1.62372 1.14309 -1.06829 -1.85913 2.4453 -1.11086 0.606549 0.0662777 -1.38233 -1.96054 -1.13132 -0.4772 
0.859258 -1.96699 -1.62828 1.13448 -1.06739 -1.86009 2.47465 -1.11086 0.606549 0.0662777 -1.38233 -1.96054 -1.13132 -0.4772 
0.850435 -1.96699 -1.63251 1.12783 -1.06882 -1.85922 2.50103 -1.11086 0.606549 0.0662777 -1.38233 -1.96054 -1.13132 -0.4772 
0.83897 -1.96698 -1.63886 1.11655 -1.06757 -1.86107 2.52696 -1.11086 0.606549 0.0662777 -1.38233 -1.96054 -1.13132 -0.4772 
0.826432 -1.96697 -1.64593 1.10425 -1.06714 -1.86423 2.55216 -1.11086 0.606549 0.0662777 -1.38233 -1.96054 -1.13132 -0.4772 
0.814116 -1.96697 -1.65325 1.09276 -1.06817 -1.8669 2.57625 -1.11086 0.606549 0.0662777 -1.38233 -1.96054 -1.13132 -0.4772 
0.806504 -1.96495 -1.65528 1.08257 -1.06444 -1.86457 2.59513 -1.11086 0.606549 0.0662777 -1.38233 -1.96054 -1.13132 -0.4772 
0.797284 -1.96557 -1.66152 1.07532 -1.06654 -1.86236 2.61652 -1.11086 0.606549 0.0662777 -1.38233 -1.96054 -1.13132 -0.4772 
0.791168 -1.96643 -1.66659 1.07232 -1.07055 -1.85954 2.63008 -1.11086 0.606549 0.0662777 -1.38233 -1.96054 -1.13132 -0.4772 
0.789496 -1.96445 -1.66632 1.06748 -1.06967 -1.86082 2.62638 -1.11086 0.606549 0.0662777 -1.38233 -1.96054 -1.13132 -0.4772 
0.791018 -1.96283 -1.66421 1.06668 -1.07027 -1.86093 2.61392 -1.11086 0.606549 0.0662777 -1.38233 -1.96054 -1.13132 -0.4772 
0.799428 -1.96165 -1.65928 1.07502 -1.07478 -1.85436 2.59129 -1.11086 0.606549 0.0662777 -1.38233 -1.96054 -1.13132 -0.4772 
0.812494 -1.96088 -1.65165 1.08915 -1.08183 -1.84431 2.55873 -1.11086 0.606549 0.0662777 -1.38233 -1.96054 -1.13132 -0.4772 
0.818884 -1.96058 -1.64941 1.09409 -1.08969 -1.84852 2.51775 -1.11086 0.606549 0.0662777 -1.38233 -1.96054 -1.13132 -0.4772 
0.823895 -1.95924 -1.64676 1.09317 -1.0955 -1.85965 2.46711 -1.11086 0.606549 0.0662777 -1.38233 -1.96054 -1.13132 -0.4772 
0.835439 -1.9585 -1.64094 1.10237 -1.10479 -1.86014 2.41389 -1.11086 0.606549 0.0662777 -1.38233 -1.96054 -1.13132 -0.4772 
0.84633 -1.95576 -1.63368 1.10499 -1.10873 -1.86577 2.3582 -1.11086 0.606549 0.0662777 -1.38233 -1.96054 -1.13132 -0.4772 
