1.10288 -1.58356 -1.36537 1.41142 -1.51062 -1.40871 2.16876 -1.73583 1.29267 -1.52884 1.43567 2.73577 0.63721 -2.62336 
1.10083 -1.58692 -1.36817 1.41037 -1.51242 -1.41259 2.17176 -1.73313 1.2924 -1.52996 1.43172 2.7385 0.641449 -2.61863 
1.10176 -1.58576 -1.36776 1.41154 -1.51274 -1.41115 2.1688 -1.74154 1.29614 -1.52449 1.45237 2.71048 0.612326 -2.65962 
1.10063 -1.58736 -1.36892 1.41048 -1.51259 -1.41388 2.17017 -1.73569 1.29401 -1.52903 1.43504 2.7375 0.635965 -2.62076 
1.09896 -1.58851 -1.36883 1.40725 -1.50919 -1.41827 2.16999 -1.73665 1.29504 -1.52861 1.43593 2.73838 0.634476 -2.61995 
1.09927 -1.58806 -1.36871 1.40818 -1.50996 -1.4168 2.16961 -1.73743 1.29529 -1.5287 1.43655 2.73956 0.633522 -2.61789 
1.10082 -1.58527 -1.36663 1.40862 -1.50817 -1.41407 2.16616 -1.73846 1.29656 -1.52763 1.43708 2.74079 0.633912 -2.6175 
1.10252 -1.58355 -1.36574 1.41096 -1.50949 -1.41013 2.1656 -1.74055 1.29829 -1.52585 1.43825 2.74247 0.635071 -2.61779 
1.07887 -1.60555 -1.37381 1.37428 -1.48266 -1.46677 2.16038 -1.7488 1.30077 -1.52014 1.45289 2.72252 0.621799 -2.64984 
1.09277 -1.59545 -1.37192 1.39713 -1.50225 -1.43515 2.16508 -1.74883 1.30428 -1.51976 1.44537 2.74065 0.636436 -2.62895 
1.09753 -1.59079 -1.3701 1.40537 -1.50842 -1.42184 2.16707 -1.7528 1.30841 -1.51689 1.44727 2.74297 0.640034 -2.63081 
1.07756 -1.60775 -1.37537 1.37306 -1.48298 -1.46955 2.16195 -1.75722 1.31339 -1.51338 1.44979 2.7444 0.643118 -2.63484 
1.09175 -1.59714 -1.37331 1.3974 -1.50307 -1.43553 2.16827 -1.76178 1.31848 -1.50986 1.45277 2.7452 0.645356 -2.63971 
1.0936 -1.59444 -1.37133 1.39917 -1.50288 -1.43084 2.1668 -1.77001 1.31438 -1.50824 1.46527 2.72756 0.638177 -2.66258 
1.09954 -1.58976 -1.37067 1.40997 -1.51278 -1.41517 2.16956 -1.77585 1.31967 -1.50327 1.47286 2.7186 0.634101 -2.68159 
1.10022 -1.58831 -1.36967 1.41024 -1.512 -1.41374 2.16939 -1.77994 1.31783 -1.50196 1.47623 2.71391 0.636027 -2.68929 
1.1011 -1.58815 -1.37011 1.41223 -1.51415 -1.41161 2.17108 -1.78292 1.31765 -1.50099 1.47851 2.71176 0.637341 -2.69373 
1.10106 -1.58855 -1.37054 1.41267 -1.51501 -1.4112 2.17167 -1.78622 1.32335 -1.4984 1.47828 2.71917 0.643187 -2.68976 
1.10166 -1.58751 -1.3702 1.41328 -1.51505 -1.41007 2.17219 -1.79069 1.32358 -1.49522 1.48331 2.70828 0.641979 -2.70785 
1.10081 -1.58832 -1.37032 1.41202 -1.51406 -1.41173 2.1718 -1.79131 1.3269 -1.4957 1.48163 2.71716 0.644788 -2.69699 
1.10158 -1.58773 -1.37027 1.41254 -1.51452 -1.411 2.17103 -1.79425 1.3312 -1.49382 1.48273 2.71817 0.645976 -2.69934 
1.10091 -1.58835 -1.37056 1.41226 -1.51459 -1.41168 2.17204 -1.79925 1.33424 -1.49234 1.48639 2.71594 0.645352 -2.7054 
1.10185 -1.58641 -1.36913 1.41227 -1.51322 -1.40995 2.16999 -1.79752 1.33129 -1.49431 1.48617 2.71716 0.640746 -2.69914 
1.10144 -1.5863 -1.36872 1.41082 -1.5112 -1.41161 2.16839 -1.79575 1.32136 -1.49844 1.4818 2.71463 0.648493 -2.69597 
1.10112 -1.58662 -1.36888 1.41028 -1.51087 -1.41228 2.1686 -1.79547 1.32376 -1.49783 1.47958 2.71872 0.650891 -2.69286 
1.10085 -1.5869 -1.36891 1.40967 -1.51021 -1.41302 2.16828 -1.79802 1.32738 -1.49601 1.4837 2.71405 0.643978 -2.7012 
1.10117 -1.5869 -1.36932 1.41056 -1.51119 -1.41237 2.16885 -1.79625 1.32563 -1.49635 1.47879 2.71411 0.652041 -2.70266 
1.10129 -1.58652 -1.36908 1.41106 -1.5118 -1.41145 2.16924 -1.79825 1.32678 -1.49554 1.48263 2.70935 0.64631 -2.70889 
1.10122 -1.58663 -1.3692 1.4107 -1.51161 -1.41182 2.1698 -1.7953 1.31917 -1.50093 1.475 2.71867 0.657813 -2.69001 
1.1023 -1.58506 -1.36795 1.4112 -1.51067 -1.41031 2.16793 -1.79655 1.32883 -1.49495 1.47673 2.71286 0.655366 -2.70766 
1.08798 -1.60696 -1.37301 1.39602 -1.48898 -1.45667 2.19747 -1.72404 1.253 -1.54155 1.41713 2.70574 0.680019 -2.64574 
1.08689 -1.60807 -1.37208 1.39303 -1.48418 -1.46272 2.1978 -1.71736 1.24681 -1.54572 1.41142 2.70502 0.682848 -2.64051 
1.08648 -1.6088 -1.37297 1.39402 -1.48615 -1.46214 2.20006 -1.72078 1.25931 -1.54074 1.41721 2.70541 0.668446 -2.64779 
1.08641 -1.60891 -1.37305 1.39403 -1.4862 -1.46221 2.20026 -1.7179 1.2543 -1.54453 1.4096 2.70948 0.681618 -2.63884 
1.08641 -1.6089 -1.37304 1.394 -1.48609 -1.46221 2.20023 -1.71964 1.25587 -1.54352 1.41292 2.70753 0.67604 -2.64187 
1.08636 -1.60902 -1.37312 1.39395 -1.48604 -1.46228 2.20027 -1.72056 1.26018 -1.54088 1.41338 2.70607 0.675129 -2.64872 
1.08629 -1.60913 -1.37317 1.39393 -1.4861 -1.46245 2.20039 -1.72078 1.25601 -1.54406 1.41296 2.71128 0.676366 -2.6359 
1.08629 -1.60916 -1.37318 1.39388 -1.48599 -1.46247 2.20038 -1.72106 1.25737 -1.5418 1.41046 2.71163 0.68356 -2.63976 
1.08637 -1.6091 -1.37319 1.39409 -1.48638 -1.46223 2.20035 -1.7243 1.25835 -1.53999 1.41379 2.71132 0.681949 -2.64203 
1.08648 -1.60928 -1.37342 1.39451 -1.48705 -1.46186 2.20058 -1.72701 1.26089 -1.5383 1.41383 2.71577 0.686666 -2.63958 
1.08664 -1.60936 -1.37361 1.39498 -1.48761 -1.46138 2.20086 -1.73395 1.27022 -1.53085 1.4222 2.71128 0.679488 -2.65658 
1.08672 -1.60967 -1.37392 1.39545 -1.48816 -1.46112 2.20149 -1.73702 1.27396 -1.52912 1.42433 2.71551 0.679947 -2.65402 
1.08686 -1.60972 -1.37407 1.39586 -1.48867 -1.46073 2.20178 -1.74127 1.28169 -1.52456 1.42793 2.71739 0.678815 -2.65937 
1.087 -1.60971 -1.37417 1.39608 -1.48888 -1.46034 2.20181 -1.74217 1.27572 -1.52618 1.42348 2.71912 0.691958 -2.6555 
1.08699 -1.60959 -1.37404 1.39614 -1.48903 -1.46039 2.20183 -1.74594 1.28049 -1.52291 1.42812 2.71738 0.68895 -2.66273 
1.08712 -1.60949 -1.37408 1.39618 -1.48887 -1.46006 2.20169 -1.75007 1.27961 -1.52206 1.42677 2.7226 0.699952 -2.65735 
1.08709 -1.60952 -1.37407 1.39617 -1.48888 -1.46012 2.20173 -1.75485 1.28459 -1.51719 1.42777 2.72488 0.706942 -2.66257 
1.08716 -1.60938 -1.37403 1.39625 -1.48896 -1.45993 2.20168 -1.75908 1.28799 -1.51405 1.43335 2.7191 0.701906 -2.6749 
1.08724 -1.60923 -1.37396 1.39636 -1.4891 -1.45974 2.20163 -1.76533 1.29285 -1.50913 1.43851 2.7162 0.701887 -2.6865 
1.08731 -1.60913 -1.37393 1.39641 -1.48905 -1.45955 2.2016 -1.76755 1.29479 -1.50786 1.43564 2.72198 0.711576 -2.68298 
1.08741 -1.60904 -1.37395 1.39661 -1.48935 -1.45924 2.20153 -1.76959 1.29221 -1.51041 1.43823 2.72268 0.707906 -2.67677 
1.08739 -1.60898 -1.37389 1.39644 -1.48898 -1.4593 2.20142 -1.76825 1.28937 -1.51088 1.43343 2.72034 0.717588 -2.68099 
1.08736 -1.60867 -1.37362 1.3961 -1.48836 -1.45949 2.20109 -1.77439 1.29835 -1.50635 1.44119 2.72031 0.706046 -2.68669 
1.08728 -1.6085 -1.37341 1.39567 -1.48775 -1.45972 2.20061 -1.7745 1.29972 -1.50615 1.43943 2.72354 0.709213 -2.68413 
1.08724 -1.60805 -1.37301 1.39522 -1.48721 -1.45993 2.19997 -1.77352 1.29567 -1.50815 1.43815 2.72114 0.710601 -2.68389 
1.0872 -1.60792 -1.37287 1.39498 -1.4869 -1.46007 2.19967 -1.77089 1.28792 -1.51177 1.43186 2.71993 0.721426 -2.68113 
1.08722 -1.60791 -1.37288 1.3951 -1.48697 -1.46 2.19991 -1.77155 1.27818 -1.51735 1.43382 2.71925 0.717928 -2.66999 
1.08739 -1.60776 -1.37288 1.39552 -1.48734 -1.45952 2.20034 -1.77335 1.28569 -1.51393 1.43634 2.71964 0.71387 -2.67583 
1.08749 -1.60767 -1.37289 1.39587 -1.48776 -1.45919 2.20069 -1.77331 1.28607 -1.51374 1.4353 2.72021 0.715357 -2.67576 
1.08761 -1.60754 -1.3729 1.39614 -1.48797 -1.45881 2.20085 -1.77362 1.29104 -1.51109 1.43417 2.71998 0.716532 -2.68175 
1.08636 -1.60981 -1.37376 1.39469 -1.48778 -1.46212 2.20082 -1.71996 1.25091 -1.54322 1.41067 2.70718 0.688043 -2.64188 
1.08628 -1.60993 -1.3738 1.39464 -1.4878 -1.46231 2.20083 -1.73819 1.26223 -1.53311 1.42074 2.71031 0.693617 -2.65401 
1.08623 -1.60996 -1.37378 1.39456 -1.48776 -1.46247 2.20085 -1.72119 1.25138 -1.54265 1.41138 2.70798 0.68719 -2.6415 
1.08619 -1.61003 -1.37381 1.39453 -1.48777 -1.46257 2.20091 -1.73098 1.25297 -1.54079 1.41607 2.70924 0.692825 -2.64352 
1.08618 -1.61 -1.37376 1.39449 -1.4877 -1.46261 2.20087 -1.73196 1.2593 -1.53776 1.41752 2.71176 0.688443 -2.64514 
1.08614 -1.61012 -1.37382 1.39445 -1.48767 -1.4627 2.20092 -1.73244 1.25891 -1.53818 1.42152 2.70802 0.680148 -2.64766 
1.08609 -1.61021 -1.37387 1.39442 -1.48768 -1.46283 2.20094 -1.73251 1.27302 -1.53097 1.41968 2.71621 0.680833 -2.65073 
1.08607 -1.61015 -1.37379 1.39437 -1.48764 -1.46292 2.20092 -1.73428 1.26866 -1.532 1.42457 2.70996 0.673249 -2.65481 
1.08615 -1.61015 -1.37386 1.39456 -1.48796 -1.46265 2.20088 -1.7289 1.2627 -1.53776 1.41738 2.71656 0.681562 -2.63841 
1.08627 -1.61031 -1.37408 1.395 -1.48864 -1.46228 2.20113 -1.73415 1.27424 -1.53056 1.42084 2.72144 0.680728 -2.64354 
1.08643 -1.61039 -1.37426 1.39545 -1.4892 -1.46182 2.20139 -1.7361 1.27327 -1.52926 1.42252 2.71457 0.682617 -2.65509 
1.08651 -1.61064 -1.37452 1.39592 -1.48981 -1.46158 2.20203 -1.73954 1.27675 -1.52607 1.42491 2.715 0.683515 -2.65927 
1.08665 -1.61073 -1.3747 1.39634 -1.49029 -1.46116 2.20232 -1.74493 1.28807 -1.52006 1.4305 2.71788 0.678482 -2.66547 
1.08676 -1.61065 -1.37473 1.39655 -1.49058 -1.46085 2.20234 -1.74851 1.2847 -1.52086 1.43126 2.7196 0.684299 -2.6613 
1.08679 -1.61064 -1.37474 1.39659 -1.49054 -1.46081 2.20235 -1.75239 1.28548 -1.51788 1.43264 2.71677 0.690567 -2.67015 
1.0869 -1.61045 -1.37466 1.39665 -1.49051 -1.46054 2.20224 -1.75326 1.27964 -1.5209 1.4276 2.72539 0.703485 -2.65449 
1.08688 -1.6105 -1.37469 1.39665 -1.4905 -1.46056 2.20228 -1.75923 1.29006 -1.51473 1.43678 2.72197 0.692665 -2.66774 
1.08696 -1.6104 -1.37467 1.39673 -1.49053 -1.46035 2.20222 -1.76227 1.29436 -1.50995 1.43819 2.71725 0.695645 -2.68285 
1.08704 -1.61028 -1.37464 1.39684 -1.49063 -1.46012 2.20216 -1.76363 1.29436 -1.5092 1.4363 2.71833 0.703433 -2.68417 
1.08712 -1.61018 -1.37462 1.39689 -1.49058 -1.45993 2.20213 -1.7644 1.29014 -1.51223 1.434 2.72373 0.709024 -2.67247 
1.08724 -1.61013 -1.37469 1.39709 -1.49083 -1.45958 2.20205 -1.76938 1.29984 -1.50635 1.43827 2.72124 0.706387 -2.68614 
1.08721 -1.61003 -1.37459 1.39692 -1.49049 -1.45967 2.20195 -1.77305 1.29508 -1.50734 1.43692 2.7235 0.71496 -2.68162 
1.08718 -1.60975 -1.37433 1.39657 -1.48988 -1.45984 2.20161 -1.77546 1.30201 -1.50436 1.44331 2.71922 0.703241 -2.69144 
1.08711 -1.60956 -1.37412 1.39616 -1.48927 -1.46009 2.20115 -1.77375 1.30311 -1.50483 1.43869 2.72391 0.709099 -2.68658 
1.08708 -1.60921 -1.37384 1.39571 -1.48861 -1.46019 2.20051 -1.77263 1.29417 -1.50962 1.43683 2.72287 0.71208 -2.67917 
1.08703 -1.60908 -1.37369 1.39546 -1.4883 -1.46035 2.2002 -1.7735 1.29558 -1.50925 1.43783 2.72306 0.709649 -2.6795 
1.08705 -1.60912 -1.37376 1.39557 -1.4883 -1.46022 2.20042 -1.77483 1.30095 -1.50552 1.43963 2.71727 0.707426 -2.69402 
1.08721 -1.60897 -1.37377 1.39599 -1.48866 -1.45974 2.20086 -1.7729 1.29199 -1.50952 1.43609 2.7155 0.713807 -2.68977 
1.08732 -1.60889 -1.37382 1.39636 -1.48906 -1.45938 2.2012 -1.77312 1.29198 -1.51111 1.4356 2.72056 0.713922 -2.68067 
1.08745 -1.60877 -1.37382 1.39663 -1.48929 -1.45901 2.20137 -1.7719 1.29439 -1.50945 1.43206 2.72021 0.719268 -2.68594 
1.08581 -1.61084 -1.37423 1.39401 -1.4871 -1.46382 2.20131 -1.72039 1.2548 -1.54051 1.41137 2.70631 0.686378 -2.64704 
1.08571 -1.61094 -1.37421 1.39384 -1.48701 -1.4642 2.20132 -1.73991 1.27462 -1.52652 1.42369 2.71187 0.687826 -2.66357 
1.08567 -1.61102 -1.37426 1.39375 -1.48683 -1.46428 2.20133 -1.72952 1.25416 -1.53966 1.41274 2.70936 0.6983 -2.64625 
1.08562 -1.61108 -1.37427 1.39371 -1.48684 -1.46439 2.20139 -1.72992 1.25652 -1.53828 1.41327 2.7092 0.695968 -2.64831 
1.08562 -1.61102 -1.37421 1.39367 -1.48677 -1.46445 2.20135 -1.73262 1.26664 -1.53343 1.41781 2.71214 0.686309 -2.65162 
1.08559 -1.61116 -1.37431 1.39364 -1.4867 -1.46451 2.2014 -1.73125 1.2586 -1.53802 1.41731 2.70966 0.687536 -2.64679 
1.08554 -1.61125 -1.37433 1.39358 -1.48671 -1.46467 2.20142 -1.72857 1.25917 -1.53753 1.41598 2.71192 0.685017 -2.6435 
1.08553 -1.61127 -1.37434 1.39353 -1.4866 -1.46467 2.2014 -1.73288 1.25947 -1.53757 1.42016 2.7119 0.682684 -2.64288 
1.08562 -1.61123 -1.37438 1.39374 -1.48695 -1.46443 2.20137 -1.73289 1.26288 -1.53569 1.41908 2.71705 0.684445 -2.63898 
1.08572 -1.61141 -1.37462 1.39417 -1.4876 -1.46404 2.20161 -1.72883 1.25561 -1.54057 1.41268 2.71784 0.69402 -2.63212 
1.08587 -1.61149 -1.3748 1.39462 -1.48817 -1.46357 2.20188 -1.73385 1.26335 -1.53474 1.41705 2.71853 0.69232 -2.64058 
1.08595 -1.61177 -1.3751 1.39508 -1.48871 -1.46331 2.2025 -1.73885 1.272 -1.52966 1.42206 2.72061 0.688349 -2.64536 
1.08607 -1.61178 -1.37519 1.3955 -1.48931 -1.46297 2.20279 -1.74161 1.27634 -1.52519 1.42368 2.71647 0.690422 -2.65877 
1.08623 -1.61182 -1.37535 1.39572 -1.48942 -1.46254 2.2028 -1.74105 1.2656 -1.53153 1.4184 2.72383 0.703549 -2.63928 
1.08622 -1.61173 -1.37525 1.39574 -1.48952 -1.46256 2.20281 -1.74623 1.27506 -1.52559 1.424 2.72273 0.698935 -2.65 
1.08633 -1.61155 -1.37519 1.39581 -1.48949 -1.46232 2.20269 -1.74877 1.27805 -1.52295 1.42487 2.72355 0.701171 -2.65361 
1.08632 -1.61156 -1.37517 1.39581 -1.48952 -1.4624 2.20274 -1.75222 1.28056 -1.51912 1.42596 2.72002 0.706582 -2.66523 
1.0864 -1.61146 -1.37516 1.3959 -1.48956 -1.46219 2.20268 -1.75747 1.28784 -1.51457 1.43127 2.72151 0.701919 -2.6701 
1.08648 -1.61135 -1.37514 1.39601 -1.48964 -1.46193 2.20263 -1.76061 1.28626 -1.51479 1.43411 2.7194 0.702524 -2.67234 
1.08655 -1.61126 -1.37512 1.39606 -1.48958 -1.46173 2.20259 -1.76613 1.29651 -1.50846 1.43754 2.72067 0.70275 -2.68283 
1.08666 -1.61117 -1.37514 1.39626 -1.48987 -1.46143 2.20253 -1.76679 1.29053 -1.51038 1.43259 2.72192 0.716231 -2.6792 
1.08664 -1.61108 -1.37505 1.39609 -1.48954 -1.4615 2.20242 -1.76976 1.29158 -1.51001 1.43819 2.71832 0.707509 -2.68333 
1.0866 -1.61079 -1.37478 1.39575 -1.48895 -1.46168 2.20211 -1.76939 1.28902 -1.51283 1.43656 2.72249 0.708856 -2.67349 
1.08654 -1.6106 -1.37457 1.39534 -1.48835 -1.46193 2.20163 -1.77027 1.29092 -1.5107 1.43636 2.71924 0.709975 -2.68158 
1.0865 -1.61024 -1.37425 1.39488 -1.48773 -1.46207 2.20098 -1.77094 1.28854 -1.51275 1.43537 2.72233 0.7116 -2.67457 
1.08646 -1.61007 -1.37408 1.39464 -1.48743 -1.46223 2.20069 -1.77433 1.29764 -1.50618 1.43795 2.71776 0.709713 -2.69152 
1.08647 -1.61006 -1.37408 1.39474 -1.48752 -1.46217 2.20092 -1.7724 1.29053 -1.51065 1.43543 2.71718 0.71398 -2.68599 
1.08663 -1.60986 -1.37404 1.39517 -1.48791 -1.46173 2.20135 -1.77064 1.28519 -1.51257 1.43173 2.71447 0.720435 -2.68639 
1.08675 -1.60983 -1.37413 1.39553 -1.48825 -1.46134 2.20169 -1.77046 1.29185 -1.51141 1.43323 2.71651 0.712521 -2.68649 
1.08686 -1.60965 -1.37407 1.39581 -1.48853 -1.461 2.20187 -1.77222 1.29108 -1.51168 1.43164 2.72167 0.719519 -2.67957 
