1.05059 -1.92281 -1.79234 1.33221 -1.06727 -1.13707 2.03794 -1.11046 0.608541 0.0658396 -1.37776 -1.96175 -1.13253 -0.474404 
1.01678 -1.91676 -1.7907 1.25856 -1.05702 -1.1733 2.00719 -1.11086 0.606549 0.0662777 -1.38233 -1.96054 -1.13132 -0.4772 
1.01797 -1.914 -1.78719 1.25424 -1.05715 -1.16824 2.00051 -1.11086 0.606549 0.0662777 -1.38233 -1.96054 -1.13132 -0.4772 
1.01654 -1.91251 -1.78806 1.2511 -1.05773 -1.1721 1.99298 -1.11086 0.606549 0.0662777 -1.38233 -1.96054 -1.13132 -0.4772 
1.01565 -1.9131 -1.78982 1.25027 -1.05979 -1.17325 1.99107 -1.11086 0.606549 0.0662777 -1.38233 -1.96054 -1.13132 -0.4772 
1.0169 -1.91331 -1.7898 1.25195 -1.05906 -1.17224 1.99434 -1.11086 0.606549 0.0662777 -1.38233 -1.96054 -1.13132 -0.4772 
1.02028 -1.91479 -1.79049 1.25943 -1.05885 -1.16981 2.00222 -1.11086 0.606549 0.0662777 -1.38233 -1.96054 -1.13132 -0.4772 
1.02545 -1.9172 -1.79189 1.27114 -1.06027 -1.16722 2.0086 -1.11086 0.606549 0.0662777 -1.38233 -1.96054 -1.13132 -0.4772 
1.03505 -1.91845 -1.79042 1.2894 -1.06114 -1.15801 2.01573 -1.11086 0.606549 0.0662777 -1.38233 -1.96054 -1.13132 -0.4772 
1.04294 -1.9196 -1.78864 1.30399 -1.05979 -1.1529 2.02188 -1.11086 0.606549 0.0662777 -1.38233 -1.96054 -1.13132 -0.4772 
1.04998 -1.92005 -1.78745 1.3164 -1.06077 -1.14547 2.02635 -1.11086 0.606549 0.0662777 -1.38233 -1.96054 -1.13132 -0.4772 
1.05514 -1.92133 -1.78666 1.32619 -1.06193 -1.13961 2.03061 -1.11086 0.606549 0.0662777 -1.38233 -1.96054 -1.13132 -0.4772 
1.05903 -1.92196 -1.78557 1.33282 -1.06078 -1.13764 2.03372 -1.11086 0.606549 0.0662777 -1.38233 -1.96054 -1.13132 -0.4772 
1.06134 -1.92382 -1.78633 1.33917 -1.06172 -1.1358 2.03823 -1.11086 0.606549 0.0662777 -1.38233 -1.96054 -1.13132 -0.4772 
1.06655 -1.92501 -1.78651 1.34964 -1.06463 -1.12849 2.043 -1.11086 0.606549 0.0662777 -1.38233 -1.96054 -1.13132 -0.4772 
1.07066 -1.92702 -1.78618 1.35801 -1.06306 -1.12937 2.04696 -1.11086 0.606549 0.0662777 -1.38233 -1.96054 -1.13132 -0.4772 
1.07596 -1.9294 -1.78632 1.36948 -1.06352 -1.12596 2.05325 -1.11086 0.606549 0.0662777 -1.38233 -1.96054 -1.13132 -0.4772 
1.0813 -1.93072 -1.78557 1.38012 -1.06276 -1.12234 2.05952 -1.11086 0.606549 0.0662777 -1.38233 -1.96054 -1.13132 -0.4772 
1.08476 -1.93334 -1.78625 1.38862 -1.06301 -1.12241 2.06382 -1.11086 0.606549 0.0662777 -1.38233 -1.96054 -1.13132 -0.4772 
1.08783 -1.93459 -1.78575 1.39531 -1.06177 -1.12259 2.06624 -1.11086 0.606549 0.0662777 -1.38233 -1.96054 -1.13132 -0.4772 
1.08617 -1.93769 -1.78767 1.39618 -1.06094 -1.12849 2.06916 -1.11086 0.606549 0.0662777 -1.38233 -1.96054 -1.13132 -0.4772 
1.08387 -1.93915 -1.78876 1.39356 -1.05924 -1.1344 2.0697 -1.11086 0.606549 0.0662777 -1.38233 -1.96054 -1.13132 -0.4772 
1.28262 -1.96699 -1.88401 1.915 -1.28818 -0.780742 2.34451 -1.11086 0.606549 0.0662777 -1.38233 -1.96054 -1.13132 -0.4772 
1.28892 -1.96793 -1.89026 1.93144 -1.30085 -0.76763 2.35472 -1.19127 0.611474 0.190399 -1.38464 -2.02601 -1.08645 -0.456416 
1.1153 -1.93155 -1.78596 1.45088 -1.06943 -1.08407 2.08848 -1.19403 0.611325 0.194563 -1.38567 -2.0279 -1.08473 -0.456272 
