1.09671 -1.84257 -1.62995 1.45215 -1.26184 -1.21161 2.18479 -1.11007 0.610447 0.0654194 -1.37338 -1.9629 -1.13369 -0.471729 
1.09655 -1.81724 -1.63111 1.4467 -1.29006 -1.15932 2.16279 -1.11086 0.606558 0.0662759 -1.38231 -1.96055 -1.13132 -0.477188 
1.09657 -1.8178 -1.63203 1.44784 -1.29389 -1.15527 2.16377 -1.11086 0.606549 0.0662777 -1.38233 -1.96054 -1.13132 -0.4772 
1.09641 -1.81798 -1.63182 1.44586 -1.29156 -1.15931 2.15921 -1.11086 0.606549 0.0662777 -1.38233 -1.96054 -1.13132 -0.4772 
1.09961 -1.81659 -1.63121 1.44731 -1.29262 -1.15731 2.15408 -1.11086 0.606549 0.0662777 -1.38233 -1.96054 -1.13132 -0.4772 
1.10565 -1.81453 -1.62877 1.45066 -1.29359 -1.15284 2.14749 -1.11086 0.606549 0.0662777 -1.38233 -1.96054 -1.13132 -0.4772 
1.11209 -1.81495 -1.62649 1.45746 -1.29215 -1.1524 2.14667 -1.11086 0.606549 0.0662777 -1.38233 -1.96054 -1.13132 -0.4772 
1.11774 -1.81347 -1.62299 1.46213 -1.28763 -1.15369 2.14198 -1.11086 0.606549 0.0662777 -1.38233 -1.96054 -1.13132 -0.4772 
1.12258 -1.81303 -1.62153 1.46805 -1.28755 -1.15178 2.14029 -1.11086 0.606549 0.0662777 -1.38233 -1.96054 -1.13132 -0.4772 
1.12448 -1.81388 -1.62111 1.47084 -1.28755 -1.15232 2.1403 -1.11086 0.606549 0.0662777 -1.38233 -1.96054 -1.13132 -0.4772 
1.1264 -1.81448 -1.62039 1.47318 -1.28707 -1.15294 2.13958 -1.11086 0.606549 0.0662777 -1.38233 -1.96054 -1.13132 -0.4772 
1.12783 -1.81495 -1.61944 1.47483 -1.28569 -1.15381 2.1395 -1.11086 0.606549 0.0662777 -1.38233 -1.96054 -1.13132 -0.4772 
1.12856 -1.8157 -1.62001 1.47663 -1.28701 -1.1534 2.1401 -1.11086 0.606549 0.0662777 -1.38233 -1.96054 -1.13132 -0.4772 
1.1301 -1.81442 -1.61874 1.47743 -1.28556 -1.15282 2.13839 -1.11086 0.606549 0.0662777 -1.38233 -1.96054 -1.13132 -0.4772 
1.13076 -1.81485 -1.61903 1.47902 -1.28661 -1.15227 2.13885 -1.11086 0.606549 0.0662777 -1.38233 -1.96054 -1.13132 -0.4772 
1.13204 -1.81553 -1.61868 1.48048 -1.2861 -1.15357 2.13869 -1.11086 0.606549 0.0662777 -1.38233 -1.96054 -1.13132 -0.4772 
1.13505 -1.81494 -1.6168 1.48208 -1.28302 -1.15565 2.13509 -1.11086 0.606549 0.0662777 -1.38233 -1.96054 -1.13132 -0.4772 
1.13792 -1.81521 -1.61574 1.48523 -1.28211 -1.15578 2.13467 -1.11086 0.606549 0.0662777 -1.38233 -1.96054 -1.13132 -0.4772 
1.13992 -1.81593 -1.61556 1.48904 -1.28305 -1.15477 2.13552 -1.11086 0.606549 0.0662777 -1.38233 -1.96054 -1.13132 -0.4772 
1.1395 -1.81669 -1.61586 1.48902 -1.2826 -1.15645 2.13536 -1.11086 0.606549 0.0662777 -1.38233 -1.96054 -1.13132 -0.4772 
1.13988 -1.81592 -1.61522 1.48882 -1.28245 -1.15567 2.13503 -1.11086 0.606549 0.0662777 -1.38233 -1.96054 -1.13132 -0.4772 
1.14043 -1.81623 -1.61485 1.48961 -1.28232 -1.15551 2.13467 -1.11086 0.606549 0.0662777 -1.38233 -1.96054 -1.13132 -0.4772 
1.14075 -1.81599 -1.61485 1.4902 -1.28343 -1.15386 2.13563 -1.11086 0.606549 0.0662777 -1.38233 -1.96054 -1.13132 -0.4772 
1.1402 -1.81626 -1.61495 1.48916 -1.2827 -1.15507 2.13557 -1.11086 0.606549 0.0662777 -1.38233 -1.96054 -1.13132 -0.4772 
1.14043 -1.81653 -1.61554 1.49015 -1.28428 -1.15351 2.13666 -1.11086 0.606549 0.0662777 -1.38233 -1.96054 -1.13132 -0.4772 
1.13961 -1.81742 -1.61565 1.48941 -1.28357 -1.15559 2.13682 -1.11086 0.606549 0.0662777 -1.38233 -1.96054 -1.13132 -0.4772 
1.14001 -1.81622 -1.61478 1.48876 -1.28166 -1.15606 2.13511 -1.11086 0.606549 0.0662777 -1.38233 -1.96054 -1.13132 -0.4772 
1.14074 -1.81537 -1.61408 1.48954 -1.28146 -1.15459 2.13491 -1.11086 0.606549 0.0662777 -1.38233 -1.96054 -1.13132 -0.4772 
1.14048 -1.81544 -1.61392 1.48869 -1.28051 -1.1559 2.13376 -1.11086 0.606549 0.0662777 -1.38233 -1.96054 -1.13132 -0.4772 
1.14148 -1.81456 -1.61404 1.49007 -1.28262 -1.15285 2.13339 -1.11086 0.606549 0.0662777 -1.38233 -1.96054 -1.13132 -0.4772 
1.14227 -1.81366 -1.61364 1.49062 -1.28314 -1.15083 2.13272 -1.11086 0.606549 0.0662777 -1.38233 -1.96054 -1.13132 -0.4772 
1.14167 -1.8145 -1.61451 1.49068 -1.28448 -1.15077 2.13319 -1.11086 0.606549 0.0662777 -1.38233 -1.96054 -1.13132 -0.4772 
1.1422 -1.81359 -1.61397 1.49073 -1.28428 -1.15035 2.13124 -1.11086 0.606549 0.0662777 -1.38233 -1.96054 -1.13132 -0.4772 
1.14169 -1.81487 -1.61485 1.49111 -1.28539 -1.15055 2.13271 -1.11086 0.606549 0.0662777 -1.38233 -1.96054 -1.13132 -0.4772 
1.14077 -1.81648 -1.61617 1.49106 -1.28679 -1.15126 2.13531 -1.11086 0.606549 0.0662777 -1.38233 -1.96054 -1.13132 -0.4772 
1.14173 -1.81537 -1.6153 1.49166 -1.2867 -1.14946 2.13469 -1.11086 0.606549 0.0662777 -1.38233 -1.96054 -1.13132 -0.4772 
1.14114 -1.81517 -1.61487 1.49012 -1.28455 -1.15182 2.13335 -1.11086 0.606549 0.0662777 -1.38233 -1.96054 -1.13132 -0.4772 
1.13957 -1.81755 -1.61651 1.48981 -1.28552 -1.15414 2.13562 -1.11086 0.606549 0.0662777 -1.38233 -1.96054 -1.13132 -0.4772 
1.14144 -1.81526 -1.61511 1.49133 -1.28599 -1.15049 2.1336 -1.11086 0.606549 0.0662777 -1.38233 -1.96054 -1.13132 -0.4772 
1.14049 -1.8165 -1.61584 1.49072 -1.28575 -1.15232 2.1344 -1.11086 0.606549 0.0662777 -1.38233 -1.96054 -1.13132 -0.4772 
1.1407 -1.81571 -1.6155 1.49042 -1.2852 -1.15215 2.13419 -1.11086 0.606549 0.0662777 -1.38233 -1.96054 -1.13132 -0.4772 
1.14087 -1.81518 -1.61456 1.48954 -1.2832 -1.15322 2.13308 -1.11086 0.606549 0.0662777 -1.38233 -1.96054 -1.13132 -0.4772 
1.14168 -1.81511 -1.61475 1.49109 -1.28462 -1.15078 2.1341 -1.11086 0.606549 0.0662777 -1.38233 -1.96054 -1.13132 -0.4772 
1.14049 -1.8163 -1.61529 1.49021 -1.28356 -1.15345 2.13603 -1.11086 0.606549 0.0662777 -1.38233 -1.96054 -1.13132 -0.4772 
1.14125 -1.8154 -1.61455 1.49087 -1.28374 -1.15168 2.13587 -1.11086 0.606549 0.0662777 -1.38233 -1.96054 -1.13132 -0.4772 
1.14062 -1.81582 -1.61482 1.49002 -1.28304 -1.15324 2.1355 -1.11086 0.606549 0.0662777 -1.38233 -1.96054 -1.13132 -0.4772 
1.14034 -1.8158 -1.61492 1.48953 -1.28284 -1.15397 2.13535 -1.11086 0.606549 0.0662777 -1.38233 -1.96054 -1.13132 -0.4772 
1.14012 -1.81672 -1.61554 1.49016 -1.28365 -1.1538 2.13709 -1.11086 0.606549 0.0662777 -1.38233 -1.96054 -1.13132 -0.4772 
1.14053 -1.81587 -1.61483 1.48962 -1.28234 -1.15434 2.13594 -1.11086 0.606549 0.0662777 -1.38233 -1.96054 -1.13132 -0.4772 
1.1416 -1.8147 -1.61443 1.49106 -1.28329 -1.1511 2.13607 -1.11086 0.606549 0.0662777 -1.38233 -1.96054 -1.13132 -0.4772 
1.14064 -1.81588 -1.61487 1.49015 -1.2827 -1.1533 2.13596 -1.11086 0.606549 0.0662777 -1.38233 -1.96054 -1.13132 -0.4772 
1.14056 -1.81589 -1.615 1.49028 -1.28325 -1.15308 2.13546 -1.11086 0.606549 0.0662777 -1.38233 -1.96054 -1.13132 -0.4772 
1.14043 -1.81639 -1.6152 1.48983 -1.28281 -1.15419 2.13579 -1.11086 0.606549 0.0662777 -1.38233 -1.96054 -1.13132 -0.4772 
1.13996 -1.81676 -1.6157 1.48988 -1.28333 -1.15468 2.13571 -1.11086 0.606549 0.0662777 -1.38233 -1.96054 -1.13132 -0.4772 
1.14075 -1.81527 -1.61449 1.48924 -1.282 -1.15427 2.13336 -1.11086 0.606549 0.0662777 -1.38233 -1.96054 -1.13132 -0.4772 
1.14105 -1.81495 -1.61459 1.4901 -1.28309 -1.15252 2.13392 -1.11086 0.606549 0.0662777 -1.38233 -1.96054 -1.13132 -0.4772 
1.14108 -1.81458 -1.61433 1.48978 -1.28269 -1.15256 2.13368 -1.11086 0.606549 0.0662777 -1.38233 -1.96054 -1.13132 -0.4772 
1.14179 -1.81423 -1.61414 1.49075 -1.28349 -1.15082 2.13399 -1.11086 0.606549 0.0662777 -1.38233 -1.96054 -1.13132 -0.4772 
1.14241 -1.81389 -1.61418 1.49155 -1.28458 -1.14892 2.13463 -1.11086 0.606549 0.0662777 -1.38233 -1.96054 -1.13132 -0.4772 
1.14145 -1.81516 -1.61506 1.4909 -1.28469 -1.1508 2.1348 -1.11086 0.606549 0.0662777 -1.38233 -1.96054 -1.13132 -0.4772 
1.13983 -1.81978 -1.61605 1.49227 -1.28364 -1.15494 2.1442 -1.11086 0.606549 0.0662777 -1.38233 -1.96054 -1.13132 -0.4772 
1.13837 -1.82731 -1.61708 1.49743 -1.28338 -1.15778 2.16348 -1.11086 0.606549 0.0662777 -1.38233 -1.96054 -1.13132 -0.4772 
1.13541 -1.83648 -1.61861 1.50165 -1.28193 -1.16319 2.18656 -1.11086 0.606549 0.0662777 -1.38233 -1.96054 -1.13132 -0.4772 
1.13137 -1.84523 -1.61949 1.50385 -1.27782 -1.17066 2.2103 -1.11086 0.606549 0.0662777 -1.38233 -1.96054 -1.13132 -0.4772 
1.12726 -1.85454 -1.62125 1.50715 -1.27559 -1.17548 2.23927 -1.11086 0.606549 0.0662777 -1.38233 -1.96054 -1.13132 -0.4772 
1.12015 -1.86587 -1.62376 1.50707 -1.27025 -1.18565 2.27143 -1.11086 0.606549 0.0662777 -1.38233 -1.96054 -1.13132 -0.4772 
1.11165 -1.8775 -1.62684 1.506 -1.26405 -1.19686 2.30627 -1.11086 0.606549 0.0662777 -1.38233 -1.96054 -1.13132 -0.4772 
1.10141 -1.88989 -1.63045 1.50444 -1.25812 -1.20768 2.34599 -1.11086 0.606549 0.0662777 -1.38233 -1.96054 -1.13132 -0.4772 
1.09091 -1.90154 -1.63372 1.50137 -1.25099 -1.2184 2.38584 -1.11086 0.606549 0.0662777 -1.38233 -1.96054 -1.13132 -0.4772 
1.07986 -1.91233 -1.63632 1.49629 -1.24205 -1.23022 2.42474 -1.11086 0.606549 0.0662777 -1.38233 -1.96054 -1.13132 -0.4772 
1.06906 -1.92266 -1.6393 1.49171 -1.23458 -1.24027 2.46269 -1.11086 0.606549 0.0662777 -1.38233 -1.96054 -1.13132 -0.4772 
1.05646 -1.93385 -1.64354 1.48477 -1.22665 -1.25383 2.49877 -1.11086 0.606549 0.0662777 -1.38233 -1.96054 -1.13132 -0.4772 
1.0454 -1.94249 -1.64539 1.47744 -1.21663 -1.2656 2.53156 -1.11086 0.606549 0.0662777 -1.38233 -1.96054 -1.13132 -0.4772 
1.03518 -1.94824 -1.64917 1.47 -1.21235 -1.27219 2.55684 -1.11086 0.606549 0.0662777 -1.38233 -1.96054 -1.13132 -0.4772 
1.02705 -1.95132 -1.65207 1.46227 -1.2093 -1.27759 2.57206 -1.11086 0.606549 0.0662777 -1.38233 -1.96054 -1.13132 -0.4772 
1.01976 -1.95347 -1.65453 1.45363 -1.20543 -1.28581 2.57803 -1.11086 0.606549 0.0662777 -1.38233 -1.96054 -1.13132 -0.4772 
1.01668 -1.95333 -1.65471 1.44907 -1.204 -1.28763 2.5788 -1.11086 0.606549 0.0662777 -1.38233 -1.96054 -1.13132 -0.4772 
1.01678 -1.95366 -1.65549 1.45016 -1.20926 -1.28466 2.57256 -1.11086 0.606549 0.0662777 -1.38233 -1.96054 -1.13132 -0.4772 
1.01707 -1.95447 -1.65696 1.45091 -1.21556 -1.28429 2.55996 -1.11086 0.606549 0.0662777 -1.38233 -1.96054 -1.13132 -0.4772 
