1.03618 -1.80884 -1.65133 1.22671 -1.20961 -1.26457 1.95941 -1.11007 0.610447 0.0654194 -1.37338 -1.9629 -1.13369 -0.471729 
1.03077 -1.80428 -1.64745 1.22184 -1.20645 -1.25098 1.98048 -1.11007 0.610447 0.0654194 -1.37338 -1.9629 -1.13369 -0.471729 
1.02631 -1.8018 -1.64525 1.21662 -1.20455 -1.24348 1.99269 -1.11007 0.610447 0.0654194 -1.37338 -1.9629 -1.13369 -0.471729 
1.0225 -1.80053 -1.64448 1.20966 -1.20179 -1.24584 1.99247 -1.11007 0.610447 0.0654194 -1.37338 -1.9629 -1.13369 -0.471729 
1.01973 -1.80125 -1.64506 1.2041 -1.20045 -1.25091 1.98965 -1.11007 0.610447 0.0654194 -1.37338 -1.9629 -1.13369 -0.471729 
1.01906 -1.80275 -1.64609 1.20336 -1.1996 -1.25454 1.99202 -1.11007 0.610447 0.0654194 -1.37338 -1.9629 -1.13369 -0.471729 
1.02311 -1.80363 -1.64681 1.21093 -1.19922 -1.25377 1.99899 -1.11007 0.610447 0.0654194 -1.37338 -1.9629 -1.13369 -0.471729 
1.03042 -1.80516 -1.64827 1.22632 -1.20241 -1.24844 2.00721 -1.11007 0.610447 0.0654194 -1.37338 -1.9629 -1.13369 -0.471729 
1.03951 -1.80572 -1.64772 1.24321 -1.20312 -1.24323 2.01479 -1.11007 0.610447 0.0654194 -1.37338 -1.9629 -1.13369 -0.471729 
1.047 -1.80644 -1.64756 1.25878 -1.20421 -1.23791 2.02302 -1.11007 0.610447 0.0654194 -1.37338 -1.9629 -1.13369 -0.471729 
1.05499 -1.80614 -1.64653 1.2737 -1.20486 -1.23149 2.02988 -1.11007 0.610447 0.0654194 -1.37338 -1.9629 -1.13369 -0.471729 
1.06066 -1.8057 -1.64557 1.28321 -1.20511 -1.22727 2.03367 -1.11007 0.610447 0.0654194 -1.37338 -1.9629 -1.13369 -0.471729 
1.06421 -1.80592 -1.64536 1.29044 -1.20556 -1.22467 2.03735 -1.11007 0.610447 0.0654194 -1.37338 -1.9629 -1.13369 -0.471729 
1.06722 -1.80637 -1.64535 1.29627 -1.20541 -1.2241 2.03992 -1.11007 0.610447 0.0654194 -1.37338 -1.9629 -1.13369 -0.471729 
1.07162 -1.8071 -1.64569 1.30502 -1.20697 -1.22063 2.04527 -1.11007 0.610447 0.0654194 -1.37338 -1.9629 -1.13369 -0.471729 
1.07718 -1.80727 -1.64519 1.31518 -1.20639 -1.21876 2.04999 -1.11007 0.610447 0.0654194 -1.37338 -1.9629 -1.13369 -0.471729 
1.08343 -1.8078 -1.64477 1.32661 -1.20587 -1.21632 2.05664 -1.11007 0.610447 0.0654194 -1.37338 -1.9629 -1.13369 -0.471729 
1.088 -1.80956 -1.64583 1.33738 -1.20689 -1.21475 2.06422 -1.11007 0.610447 0.0654194 -1.37338 -1.9629 -1.13369 -0.471729 
1.0918 -1.81207 -1.64709 1.3474 -1.20761 -1.21556 2.06982 -1.11007 0.610447 0.0654194 -1.37338 -1.9629 -1.13369 -0.471729 
1.09433 -1.81361 -1.64764 1.35362 -1.20677 -1.21735 2.07316 -1.11007 0.610447 0.0654194 -1.37338 -1.9629 -1.13369 -0.471729 
1.09463 -1.81609 -1.6487 1.35632 -1.2055 -1.22224 2.07517 -1.11007 0.610447 0.0654194 -1.37338 -1.9629 -1.13369 -0.471729 
1.09026 -1.81901 -1.65062 1.35136 -1.20305 -1.23182 2.07555 -1.11007 0.610447 0.0654194 -1.37338 -1.9629 -1.13369 -0.471729 
1.32429 -1.80635 -1.74545 1.90659 -1.42604 -0.9503 2.38006 -1.1103 0.609337 0.0656645 -1.37593 -1.96223 -1.13301 -0.473288 
1.32375 -1.8044 -1.74459 1.90644 -1.42536 -0.948356 2.3814 -1.11007 0.610447 0.0654194 -1.37338 -1.9629 -1.13369 -0.471729 
1.32373 -1.80422 -1.74455 1.90647 -1.42538 -0.948211 2.38155 -1.11007 0.610447 0.0654194 -1.37338 -1.9629 -1.13369 -0.471729 
1.32372 -1.80428 -1.74464 1.90649 -1.4253 -0.947996 2.3816 -1.11007 0.610447 0.0654194 -1.37338 -1.9629 -1.13369 -0.471729 
1.32373 -1.80421 -1.74459 1.90649 -1.42535 -0.94805 2.38163 -1.11007 0.610447 0.0654194 -1.37338 -1.9629 -1.13369 -0.471729 
1.32372 -1.80423 -1.74463 1.9065 -1.42531 -0.947968 2.38165 -1.11007 0.610447 0.0654194 -1.37338 -1.9629 -1.13369 -0.471729 
1.32373 -1.80418 -1.74458 1.9065 -1.42536 -0.948049 2.38165 -1.11007 0.610447 0.0654194 -1.37338 -1.9629 -1.13369 -0.471729 
1.32373 -1.80421 -1.7446 1.9065 -1.42534 -0.94801 2.38165 -1.11007 0.610447 0.0654194 -1.37338 -1.9629 -1.13369 -0.471729 
