1.01517 -1.91811 -1.79236 1.25709 -1.05601 -1.17655 2.00869 -1.7691 1.7888 -1.08556 1.58961 2.05338 0.727624 -2.04135 
1.02001 -1.9138 -1.78754 1.25839 -1.05517 -1.16872 2.00132 -1.76937 1.78788 -1.08628 1.58987 2.0534 0.727252 -2.03778 
1.01781 -1.91382 -1.78854 1.25494 -1.05546 -1.17145 1.99909 -1.75239 1.77902 -1.06273 1.55824 2.06151 0.792693 -2.14499 
1.017 -1.91172 -1.78806 1.25081 -1.0553 -1.17374 1.99173 -1.76703 1.78571 -1.0824 1.5848 2.05019 0.740047 -2.06652 
1.0145 -1.91221 -1.78978 1.24599 -1.05579 -1.1792 1.98737 -1.76959 1.78309 -1.08632 1.58778 2.04605 0.734119 -2.05598 
1.01412 -1.91455 -1.79193 1.24779 -1.05708 -1.17896 1.99362 -1.75558 1.7839 -1.06486 1.56231 2.05877 0.781788 -2.13676 
1.01676 -1.9183 -1.79456 1.25704 -1.05905 -1.176 2.00502 -1.75131 1.78426 -1.05902 1.55598 2.05635 0.794482 -2.17322 
1.02376 -1.92055 -1.79465 1.27088 -1.06037 -1.17013 2.01192 -1.74518 1.7832 -1.05167 1.54348 2.06172 0.814638 -2.20552 
1.0344 -1.92134 -1.79147 1.28927 -1.05862 -1.16291 2.0176 -1.75784 1.78485 -1.07235 1.56342 2.05563 0.770523 -2.11855 
1.04094 -1.92274 -1.79037 1.30179 -1.05766 -1.1594 2.02263 -1.75741 1.78656 -1.07338 1.56293 2.05548 0.767429 -2.11484 
1.04557 -1.92308 -1.7897 1.31062 -1.05836 -1.15393 2.02627 -1.7421 1.77584 -1.05515 1.53289 2.06428 0.82309 -2.19939 
1.05397 -1.92406 -1.78827 1.3255 -1.05923 -1.14471 2.03342 -1.73981 1.78722 -1.04817 1.53325 2.06449 0.821292 -2.22474 
1.05817 -1.92644 -1.78864 1.33543 -1.06077 -1.14103 2.03844 -1.74864 1.79113 -1.06082 1.54791 2.05964 0.78931 -2.17011 
1.06161 -1.92648 -1.78736 1.34106 -1.06024 -1.13833 2.03979 -1.74887 1.79301 -1.0608 1.54812 2.05964 0.786591 -2.1679 
1.06519 -1.92785 -1.7878 1.34912 -1.06172 -1.13408 2.04502 -1.73675 1.79003 -1.04447 1.52539 2.0677 0.82614 -2.23694 
1.07074 -1.93039 -1.78803 1.36092 -1.06217 -1.13122 2.05155 -1.73644 1.78335 -1.04507 1.52244 2.06432 0.833333 -2.24572 
1.07668 -1.93117 -1.78636 1.37087 -1.06007 -1.12903 2.05539 -1.73257 1.7912 -1.03794 1.51693 2.06803 0.837633 -2.26973 
1.08093 -1.93362 -1.78654 1.38102 -1.05945 -1.12792 2.06194 -1.73661 1.79429 -1.04485 1.52247 2.06815 0.819655 -2.23466 
1.08488 -1.93679 -1.78738 1.39088 -1.06047 -1.12688 2.06726 -1.73285 1.79012 -1.04152 1.5123 2.07427 0.833842 -2.24324 
1.08625 -1.93834 -1.78763 1.39528 -1.05982 -1.12816 2.06968 -1.72982 1.79437 -1.03433 1.5063 2.07847 0.843507 -2.26689 
1.0851 -1.94034 -1.78797 1.39483 -1.05665 -1.13585 2.07074 -1.73166 1.80158 -1.03143 1.51299 2.0729 0.833987 -2.28042 
1.08246 -1.9427 -1.79015 1.39287 -1.05688 -1.14072 2.07281 -1.72965 1.80338 -1.02608 1.50943 2.07636 0.84083 -2.29582 
1.28267 -1.96699 -1.88358 1.91502 -1.28805 -0.781756 2.34484 -1.73075 1.80178 -1.02939 1.51125 2.07462 0.83713 -2.28632 
1.12182 -1.93312 -1.78751 1.46716 -1.07576 -1.07371 2.09936 -1.76272 1.50079 -1.28981 1.76321 1.34421 0.573506 -1.7485 
