1.11613 -1.76973 -1.91686 1.52584 1.26019 0.201446 -0.626422 -1.11083 0.606737 0.0662363 -1.3819 -1.96066 -1.13143 -0.476936 
1.08683 -1.81492 -1.99633 1.49029 1.36543 0.103697 -0.703397 -1.11086 0.606549 0.0662777 -1.38233 -1.96054 -1.13132 -0.4772 
1.07923 -1.82782 -2.01647 1.485 1.39422 0.0839042 -0.718692 -1.11086 0.606549 0.0662777 -1.38233 -1.96054 -1.13132 -0.4772 
1.07285 -1.84279 -2.0377 1.4851 1.42302 0.0656766 -0.730875 -1.11086 0.606549 0.0662777 -1.38233 -1.96054 -1.13132 -0.4772 
1.06931 -1.84936 -2.04743 1.48412 1.43575 0.0579079 -0.735547 -1.11086 0.606549 0.0662777 -1.38233 -1.96054 -1.13132 -0.4772 
1.0692 -1.84941 -2.04834 1.48322 1.43596 0.0568366 -0.736357 -1.11086 0.606549 0.0662777 -1.38233 -1.96054 -1.13132 -0.4772 
1.068 -1.85378 -2.0563 1.4832 1.44331 0.0472596 -0.740965 -1.11086 0.606549 0.0662777 -1.38233 -1.96054 -1.13132 -0.4772 
1.06514 -1.86151 -2.06939 1.48297 1.45408 0.0335902 -0.745713 -1.11086 0.606549 0.0662777 -1.38233 -1.96054 -1.13132 -0.4772 
1.06406 -1.86606 -2.07705 1.48303 1.45998 0.0249207 -0.746831 -1.11086 0.606549 0.0662777 -1.38233 -1.96054 -1.13132 -0.4772 
1.0641 -1.86996 -2.08335 1.48501 1.46401 0.0184038 -0.746973 -1.11086 0.606549 0.0662777 -1.38233 -1.96054 -1.13132 -0.4772 
1.06486 -1.87212 -2.08789 1.48715 1.46513 0.013094 -0.747609 -1.11086 0.606549 0.0662777 -1.38233 -1.96054 -1.13132 -0.4772 
1.06522 -1.87429 -2.09253 1.48923 1.46606 0.0076025 -0.747925 -1.11086 0.606549 0.0662777 -1.38233 -1.96054 -1.13132 -0.4772 
1.06531 -1.87653 -2.09699 1.49099 1.4668 0.00259566 -0.747677 -1.11086 0.606549 0.0662777 -1.38233 -1.96054 -1.13132 -0.4772 
1.06531 -1.87841 -2.10064 1.49237 1.46728 -0.00137058 -0.747283 -1.11086 0.606549 0.0662777 -1.38233 -1.96054 -1.13132 -0.4772 
1.0653 -1.87999 -2.10381 1.49353 1.46763 -0.00488804 -0.746849 -1.11086 0.606549 0.0662777 -1.38233 -1.96054 -1.13132 -0.4772 
1.06531 -1.88135 -2.10644 1.49453 1.46771 -0.00776373 -0.746379 -1.11086 0.606549 0.0662777 -1.38233 -1.96054 -1.13132 -0.4772 
1.06523 -1.8826 -2.10891 1.49541 1.46769 -0.0105036 -0.745713 -1.11086 0.606549 0.0662777 -1.38233 -1.96054 -1.13132 -0.4772 
1.0652 -1.88368 -2.11097 1.49616 1.46772 -0.0127088 -0.745237 -1.11086 0.606549 0.0662777 -1.38233 -1.96054 -1.13132 -0.4772 
1.06541 -1.88421 -2.1122 1.49683 1.46748 -0.0141655 -0.745003 -1.11086 0.606549 0.0662777 -1.38233 -1.96054 -1.13132 -0.4772 
1.06578 -1.8844 -2.11284 1.49742 1.46724 -0.015087 -0.7452 -1.11086 0.606549 0.0662777 -1.38233 -1.96054 -1.13132 -0.4772 
1.06592 -1.88479 -2.11374 1.49795 1.46699 -0.0162263 -0.744947 -1.11086 0.606549 0.0662777 -1.38233 -1.96054 -1.13132 -0.4772 
1.06611 -1.88509 -2.11452 1.49844 1.46682 -0.0172446 -0.744893 -1.11086 0.606549 0.0662777 -1.38233 -1.96054 -1.13132 -0.4772 
1.06629 -1.88535 -2.11519 1.49886 1.46666 -0.018108 -0.744889 -1.11086 0.606549 0.0662777 -1.38233 -1.96054 -1.13132 -0.4772 
1.06664 -1.88534 -2.11535 1.49929 1.46635 -0.018447 -0.74513 -1.11086 0.606549 0.0662777 -1.38233 -1.96054 -1.13132 -0.4772 
1.06711 -1.88509 -2.11508 1.4996 1.466 -0.018376 -0.745532 -1.11086 0.606549 0.0662777 -1.38233 -1.96054 -1.13132 -0.4772 
1.06736 -1.88511 -2.11531 1.49994 1.46589 -0.0187711 -0.745789 -1.11086 0.606549 0.0662777 -1.38233 -1.96054 -1.13132 -0.4772 
1.06762 -1.88491 -2.11539 1.50007 1.46541 -0.0192504 -0.746062 -1.11086 0.606549 0.0662777 -1.38233 -1.96054 -1.13132 -0.4772 
1.06786 -1.88492 -2.11554 1.5004 1.46538 -0.0195427 -0.746302 -1.11086 0.606549 0.0662777 -1.38233 -1.96054 -1.13132 -0.4772 
1.06836 -1.88553 -2.11724 1.50139 1.4647 -0.0218898 -0.746065 -1.11086 0.606549 0.0662777 -1.38233 -1.96054 -1.13132 -0.4772 
1.06903 -1.88584 -2.11854 1.50235 1.46407 -0.0240347 -0.746195 -1.11086 0.606549 0.0662777 -1.38233 -1.96054 -1.13132 -0.4772 
1.06937 -1.88682 -2.12081 1.50333 1.4634 -0.0269873 -0.745591 -1.11086 0.606549 0.0662777 -1.38233 -1.96054 -1.13132 -0.4772 
1.06969 -1.8877 -2.1226 1.50422 1.4629 -0.0290581 -0.745062 -1.11086 0.606549 0.0662777 -1.38233 -1.96054 -1.13132 -0.4772 
1.07072 -1.88722 -2.12216 1.50532 1.46266 -0.0289811 -0.746013 -1.11086 0.606549 0.0662777 -1.38233 -1.96054 -1.13132 -0.4772 
1.07157 -1.88675 -2.12175 1.50614 1.46233 -0.0289816 -0.74687 -1.11086 0.606549 0.0662777 -1.38233 -1.96054 -1.13132 -0.4772 
1.07158 -1.88716 -2.12278 1.50679 1.46188 -0.0300186 -0.746727 -1.11086 0.606549 0.0662777 -1.38233 -1.96054 -1.13132 -0.4772 
1.0719 -1.88688 -2.12261 1.50719 1.46155 -0.0301286 -0.747152 -1.11086 0.606549 0.0662777 -1.38233 -1.96054 -1.13132 -0.4772 
1.0719 -1.88697 -2.12272 1.50724 1.46153 -0.0301813 -0.74711 -1.11086 0.606549 0.0662777 -1.38233 -1.96054 -1.13132 -0.4772 
1.07191 -1.88698 -2.12274 1.50728 1.46148 -0.0301714 -0.74709 -1.11086 0.606549 0.0662777 -1.38233 -1.96054 -1.13132 -0.4772 
1.0719 -1.88703 -2.12279 1.50729 1.46153 -0.0301803 -0.747084 -1.11086 0.606549 0.0662777 -1.38233 -1.96054 -1.13132 -0.4772 
1.0719 -1.88706 -2.12277 1.50727 1.46154 -0.0300816 -0.747122 -1.11086 0.606549 0.0662777 -1.38233 -1.96054 -1.13132 -0.4772 
1.07192 -1.88704 -2.12277 1.50734 1.46157 -0.0301194 -0.747106 -1.11086 0.606549 0.0662777 -1.38233 -1.96054 -1.13132 -0.4772 
1.07193 -1.88709 -2.12276 1.5073 1.46158 -0.0299977 -0.747126 -1.11086 0.606549 0.0662777 -1.38233 -1.96054 -1.13132 -0.4772 
1.07194 -1.8871 -2.12275 1.50729 1.46158 -0.0299808 -0.747145 -1.11086 0.606549 0.0662777 -1.38233 -1.96054 -1.13132 -0.4772 
1.07195 -1.88707 -2.12274 1.50733 1.46158 -0.0300295 -0.747149 -1.11086 0.606549 0.0662777 -1.38233 -1.96054 -1.13132 -0.4772 
1.07196 -1.88707 -2.12273 1.50731 1.46158 -0.0299922 -0.747161 -1.11086 0.606549 0.0662777 -1.38233 -1.96054 -1.13132 -0.4772 
1.07196 -1.88705 -2.12272 1.5073 1.46158 -0.0300192 -0.747173 -1.11086 0.606549 0.0662777 -1.38233 -1.96054 -1.13132 -0.4772 
1.07196 -1.8871 -2.12273 1.50727 1.46157 -0.0299345 -0.747198 -1.11086 0.606549 0.0662777 -1.38233 -1.96054 -1.13132 -0.4772 
1.07196 -1.88711 -2.12273 1.50726 1.46157 -0.0299087 -0.747207 -1.11086 0.606549 0.0662777 -1.38233 -1.96054 -1.13132 -0.4772 
1.07197 -1.88708 -2.1227 1.50726 1.46157 -0.0298906 -0.747214 -1.11086 0.606549 0.0662777 -1.38233 -1.96054 -1.13132 -0.4772 
1.07197 -1.88704 -2.1227 1.50727 1.46156 -0.0299744 -0.747208 -1.11086 0.606549 0.0662777 -1.38233 -1.96054 -1.13132 -0.4772 
1.07196 -1.88698 -2.1227 1.5073 1.46155 -0.030087 -0.747202 -1.11086 0.606549 0.0662777 -1.38233 -1.96054 -1.13132 -0.4772 
1.07196 -1.88699 -2.12271 1.5073 1.46155 -0.0300779 -0.74721 -1.11086 0.606549 0.0662777 -1.38233 -1.96054 -1.13132 -0.4772 
1.07198 -1.88715 -2.1227 1.50744 1.4617 -0.0298307 -0.747049 -1.11086 0.606549 0.0662777 -1.38233 -1.96054 -1.13132 -0.4772 
1.07196 -1.88699 -2.12271 1.50724 1.46152 -0.0300601 -0.747251 -1.11086 0.606549 0.0662777 -1.38233 -1.96054 -1.13132 -0.4772 
1.07195 -1.88706 -2.12273 1.50717 1.4615 -0.0299779 -0.747305 -1.11086 0.606549 0.0662777 -1.38233 -1.96054 -1.13132 -0.4772 
1.07191 -1.88675 -2.12272 1.50678 1.46114 -0.0303574 -0.747715 -1.11086 0.606549 0.0662777 -1.38233 -1.96054 -1.13132 -0.4772 
1.07189 -1.88657 -2.12271 1.50659 1.46098 -0.0305908 -0.747969 -1.11086 0.606549 0.0662777 -1.38233 -1.96054 -1.13132 -0.4772 
1.07221 -1.88585 -2.12188 1.50641 1.46081 -0.0301185 -0.748911 -1.11086 0.606549 0.0662777 -1.38233 -1.96054 -1.13132 -0.4772 
1.07198 -1.88577 -2.12231 1.50602 1.46054 -0.0309863 -0.74902 -1.11086 0.606549 0.0662777 -1.38233 -1.96054 -1.13132 -0.4772 
1.07238 -1.88491 -2.12129 1.50585 1.46028 -0.0303661 -0.750087 -1.11086 0.606549 0.0662777 -1.38233 -1.96054 -1.13132 -0.4772 
1.07273 -1.88438 -2.12045 1.50584 1.46019 -0.0296164 -0.750778 -1.11086 0.606549 0.0662777 -1.38233 -1.96054 -1.13132 -0.4772 
1.07304 -1.88369 -2.11963 1.50565 1.46009 -0.0291917 -0.751783 -1.11086 0.606549 0.0662777 -1.38233 -1.96054 -1.13132 -0.4772 
1.07331 -1.88324 -2.11902 1.50568 1.46012 -0.0287234 -0.752408 -1.11086 0.606549 0.0662777 -1.38233 -1.96054 -1.13132 -0.4772 
1.07345 -1.88303 -2.11869 1.50567 1.46011 -0.0284373 -0.75274 -1.11086 0.606549 0.0662777 -1.38233 -1.96054 -1.13132 -0.4772 
1.07318 -1.8834 -2.11932 1.50563 1.46022 -0.0290475 -0.752357 -1.11086 0.606549 0.0662777 -1.38233 -1.96054 -1.13132 -0.4772 
1.07356 -1.88283 -2.11845 1.50566 1.46019 -0.0282852 -0.75309 -1.11086 0.606549 0.0662777 -1.38233 -1.96054 -1.13132 -0.4772 
1.07371 -1.88261 -2.1181 1.50566 1.46009 -0.0279736 -0.753324 -1.11086 0.606549 0.0662777 -1.38233 -1.96054 -1.13132 -0.4772 
1.07364 -1.88268 -2.11824 1.50565 1.46012 -0.0281522 -0.753228 -1.11086 0.606549 0.0662777 -1.38233 -1.96054 -1.13132 -0.4772 
1.07369 -1.88259 -2.11816 1.50563 1.4601 -0.0281154 -0.75332 -1.11086 0.606549 0.0662777 -1.38233 -1.96054 -1.13132 -0.4772 
1.07394 -1.8822 -2.11758 1.50565 1.46011 -0.0275895 -0.753861 -1.11086 0.606549 0.0662777 -1.38233 -1.96054 -1.13132 -0.4772 
1.07386 -1.88232 -2.11773 1.50564 1.46014 -0.0277126 -0.75378 -1.11086 0.606549 0.0662777 -1.38233 -1.96054 -1.13132 -0.4772 
1.07385 -1.88231 -2.11776 1.50562 1.46018 -0.0277866 -0.753807 -1.11086 0.606549 0.0662777 -1.38233 -1.96054 -1.13132 -0.4772 
1.07381 -1.88236 -2.11784 1.50563 1.46019 -0.027893 -0.753728 -1.11086 0.606549 0.0662777 -1.38233 -1.96054 -1.13132 -0.4772 
1.07386 -1.88229 -2.11774 1.50567 1.4602 -0.0278198 -0.753781 -1.11086 0.606549 0.0662777 -1.38233 -1.96054 -1.13132 -0.4772 
1.07384 -1.88227 -2.11776 1.50566 1.46019 -0.0278985 -0.753768 -1.11086 0.606549 0.0662777 -1.38233 -1.96054 -1.13132 -0.4772 
1.07384 -1.88226 -2.11776 1.50566 1.46019 -0.0279172 -0.75377 -1.11086 0.606549 0.0662777 -1.38233 -1.96054 -1.13132 -0.4772 
1.07384 -1.88227 -2.11776 1.50566 1.4602 -0.0278969 -0.753762 -1.11086 0.606549 0.0662777 -1.38233 -1.96054 -1.13132 -0.4772 
1.07384 -1.88226 -2.11776 1.50566 1.4602 -0.0279184 -0.753761 -1.11086 0.606549 0.0662777 -1.38233 -1.96054 -1.13132 -0.4772 
1.07387 -1.88236 -2.11774 1.50586 1.46037 -0.0277587 -0.753578 -1.11086 0.606549 0.0662777 -1.38233 -1.96054 -1.13132 -0.4772 
1.07384 -1.8822 -2.11775 1.5057 1.46021 -0.0280299 -0.753732 -1.11086 0.606549 0.0662777 -1.38233 -1.96054 -1.13132 -0.4772 
1.07386 -1.88235 -2.11776 1.50594 1.46038 -0.027843 -0.753477 -1.11086 0.606549 0.0662777 -1.38233 -1.96054 -1.13132 -0.4772 
1.07389 -1.88269 -2.11782 1.50635 1.46083 -0.027508 -0.753129 -1.11086 0.606549 0.0662777 -1.38233 -1.96054 -1.13132 -0.4772 
1.07328 -1.88359 -2.11925 1.50633 1.46092 -0.0288095 -0.751948 -1.11086 0.606549 0.0662777 -1.38233 -1.96054 -1.13132 -0.4772 
1.07307 -1.88431 -2.11992 1.50665 1.46138 -0.0289555 -0.75111 -1.11086 0.606549 0.0662777 -1.38233 -1.96054 -1.13132 -0.4772 
1.07283 -1.88508 -2.12057 1.50702 1.46178 -0.0290697 -0.750134 -1.11086 0.606549 0.0662777 -1.38233 -1.96054 -1.13132 -0.4772 
1.07252 -1.88557 -2.12131 1.507 1.46172 -0.029689 -0.749332 -1.11086 0.606549 0.0662777 -1.38233 -1.96054 -1.13132 -0.4772 
1.07225 -1.88597 -2.12194 1.507 1.46177 -0.0302545 -0.7488 -1.11086 0.606549 0.0662777 -1.38233 -1.96054 -1.13132 -0.4772 
1.07191 -1.88667 -2.12279 1.50716 1.4619 -0.0307943 -0.747801 -1.11086 0.606549 0.0662777 -1.38233 -1.96054 -1.13132 -0.4772 
1.07155 -1.88721 -2.12362 1.50714 1.46193 -0.0315207 -0.747052 -1.11086 0.606549 0.0662777 -1.38233 -1.96054 -1.13132 -0.4772 
1.07164 -1.88707 -2.12341 1.50715 1.46189 -0.0313149 -0.747164 -1.11086 0.606549 0.0662777 -1.38233 -1.96054 -1.13132 -0.4772 
1.07165 -1.8868 -2.1233 1.50695 1.46165 -0.0315321 -0.747367 -1.11086 0.606549 0.0662777 -1.38233 -1.96054 -1.13132 -0.4772 
1.07137 -1.88716 -2.12393 1.5069 1.4617 -0.0321562 -0.746886 -1.11086 0.606549 0.0662777 -1.38233 -1.96054 -1.13132 -0.4772 
1.0712 -1.8874 -2.12433 1.50687 1.46169 -0.0325325 -0.746528 -1.11086 0.606549 0.0662777 -1.38233 -1.96054 -1.13132 -0.4772 
1.07104 -1.88761 -2.12466 1.50685 1.46161 -0.0328342 -0.746128 -1.11086 0.606549 0.0662777 -1.38233 -1.96054 -1.13132 -0.4772 
1.07089 -1.88782 -2.12498 1.50684 1.46164 -0.0331296 -0.745835 -1.11086 0.606549 0.0662777 -1.38233 -1.96054 -1.13132 -0.4772 
1.07063 -1.88818 -2.12555 1.50681 1.4616 -0.03367 -0.745274 -1.11086 0.606549 0.0662777 -1.38233 -1.96054 -1.13132 -0.4772 
1.07049 -1.88836 -2.1259 1.50678 1.46164 -0.0340076 -0.745058 -1.11086 0.606549 0.0662777 -1.38233 -1.96054 -1.13132 -0.4772 
1.07049 -1.88837 -2.12593 1.50679 1.46166 -0.0340385 -0.745026 -1.11086 0.606549 0.0662777 -1.38233 -1.96054 -1.13132 -0.4772 
1.07048 -1.88837 -2.12596 1.50677 1.46165 -0.0340809 -0.745008 -1.11086 0.606549 0.0662777 -1.38233 -1.96054 -1.13132 -0.4772 
1.07063 -1.88818 -2.1256 1.50681 1.46167 -0.0337132 -0.745295 -1.11086 0.606549 0.0662777 -1.38233 -1.96054 -1.13132 -0.4772 
1.0705 -1.8884 -2.12588 1.50677 1.46165 -0.0339045 -0.745034 -1.11086 0.606549 0.0662777 -1.38233 -1.96054 -1.13132 -0.4772 
1.07046 -1.88808 -2.1259 1.50635 1.46133 -0.0343531 -0.745426 -1.11086 0.606549 0.0662777 -1.38233 -1.96054 -1.13132 -0.4772 
1.07044 -1.88811 -2.12594 1.50636 1.46132 -0.0343709 -0.745359 -1.11086 0.606549 0.0662777 -1.38233 -1.96054 -1.13132 -0.4772 
1.07041 -1.88769 -2.12588 1.50588 1.46095 -0.0348308 -0.745871 -1.11086 0.606549 0.0662777 -1.38233 -1.96054 -1.13132 -0.4772 
1.07046 -1.88781 -2.12583 1.50609 1.461 -0.0345852 -0.745585 -1.11086 0.606549 0.0662777 -1.38233 -1.96054 -1.13132 -0.4772 
1.07047 -1.8878 -2.1258 1.5061 1.46097 -0.0345145 -0.745593 -1.11086 0.606549 0.0662777 -1.38233 -1.96054 -1.13132 -0.4772 
1.07045 -1.88764 -2.12581 1.50595 1.46082 -0.0347723 -0.745768 -1.11086 0.606549 0.0662777 -1.38233 -1.96054 -1.13132 -0.4772 
1.07044 -1.88764 -2.12583 1.50596 1.46086 -0.0348452 -0.745772 -1.11086 0.606549 0.0662777 -1.38233 -1.96054 -1.13132 -0.4772 
1.07044 -1.88767 -2.12585 1.50595 1.46088 -0.0348356 -0.745771 -1.11086 0.606549 0.0662777 -1.38233 -1.96054 -1.13132 -0.4772 
1.0704 -1.88753 -2.12587 1.50573 1.46072 -0.0350427 -0.745976 -1.11086 0.606549 0.0662777 -1.38233 -1.96054 -1.13132 -0.4772 
1.0704 -1.88755 -2.12589 1.50574 1.46074 -0.0350513 -0.745967 -1.11086 0.606549 0.0662777 -1.38233 -1.96054 -1.13132 -0.4772 
1.07041 -1.88748 -2.12585 1.50577 1.46068 -0.0350894 -0.745969 -1.11086 0.606549 0.0662777 -1.38233 -1.96054 -1.13132 -0.4772 
1.07039 -1.88733 -2.12587 1.50557 1.46048 -0.0353196 -0.746104 -1.11086 0.606549 0.0662777 -1.38233 -1.96054 -1.13132 -0.4772 
1.07037 -1.88737 -2.12591 1.50557 1.4605 -0.035334 -0.746097 -1.11086 0.606549 0.0662777 -1.38233 -1.96054 -1.13132 -0.4772 
1.07037 -1.88737 -2.12591 1.50562 1.46055 -0.0353523 -0.746115 -1.11086 0.606549 0.0662777 -1.38233 -1.96054 -1.13132 -0.4772 
1.07038 -1.88741 -2.1259 1.50561 1.46048 -0.0352523 -0.74605 -1.11086 0.606549 0.0662777 -1.38233 -1.96054 -1.13132 -0.4772 
1.0704 -1.88757 -2.1259 1.50584 1.46071 -0.035039 -0.745879 -1.11086 0.606549 0.0662777 -1.38233 -1.96054 -1.13132 -0.4772 
1.07038 -1.88743 -2.12591 1.50565 1.46057 -0.0352547 -0.746068 -1.11086 0.606549 0.0662777 -1.38233 -1.96054 -1.13132 -0.4772 
1.07875 -1.87864 -2.1081 1.5092 1.46234 -0.0175698 -0.755505 -1.11086 0.606549 0.0662777 -1.38233 -1.96054 -1.13132 -0.4772 
1.09195 -1.86142 -2.07824 1.51339 1.45462 0.0103647 -0.764901 -1.11086 0.606549 0.0662777 -1.38233 -1.96054 -1.13132 -0.4772 
1.1081 -1.83743 -2.03962 1.51895 1.42628 0.0466983 -0.760479 -1.11086 0.606549 0.0662777 -1.38233 -1.96054 -1.13132 -0.4772 
1.12531 -1.80855 -1.99591 1.52738 1.37558 0.0888618 -0.738098 -1.11086 0.606549 0.0662777 -1.38233 -1.96054 -1.13132 -0.4772 
1.13875 -1.78418 -1.96006 1.53709 1.3264 0.125548 -0.710361 -1.11086 0.606549 0.0662777 -1.38233 -1.96054 -1.13132 -0.4772 
1.1473 -1.76915 -1.93658 1.54559 1.29378 0.152192 -0.687348 -1.11086 0.606549 0.0662777 -1.38233 -1.96054 -1.13132 -0.4772 
1.1535 -1.75894 -1.91918 1.55333 1.27061 0.173988 -0.667081 -1.11086 0.606549 0.0662777 -1.38233 -1.96054 -1.13132 -0.4772 
1.15841 -1.75139 -1.90475 1.56082 1.25252 0.193721 -0.647747 -1.11086 0.606549 0.0662777 -1.38233 -1.96054 -1.13132 -0.4772 
1.16262 -1.7449 -1.89147 1.56822 1.23609 0.213023 -0.628121 -1.11086 0.606549 0.0662777 -1.38233 -1.96054 -1.13132 -0.4772 
1.1661 -1.74006 -1.87976 1.57573 1.22278 0.231527 -0.608441 -1.11086 0.606549 0.0662777 -1.38233 -1.96054 -1.13132 -0.4772 
1.16915 -1.73576 -1.86879 1.5831 1.21094 0.249471 -0.588922 -1.11086 0.606549 0.0662777 -1.38233 -1.96054 -1.13132 -0.4772 
1.17179 -1.73239 -1.85854 1.5906 1.20086 0.267348 -0.568883 -1.11086 0.606549 0.0662777 -1.38233 -1.96054 -1.13132 -0.4772 
1.17397 -1.72919 -1.84867 1.59778 1.19138 0.284573 -0.548633 -1.11086 0.606549 0.0662777 -1.38233 -1.96054 -1.13132 -0.4772 
1.17572 -1.72724 -1.83948 1.60515 1.18467 0.30189 -0.52809 -1.11086 0.606549 0.0662777 -1.38233 -1.96054 -1.13132 -0.4772 
1.17716 -1.72579 -1.83081 1.61228 1.17937 0.318444 -0.50771 -1.11086 0.606549 0.0662777 -1.38233 -1.96054 -1.13132 -0.4772 
1.17835 -1.72448 -1.82247 1.61911 1.17472 0.334404 -0.487337 -1.11086 0.606549 0.0662777 -1.38233 -1.96054 -1.13132 -0.4772 
1.17691 -1.73508 -1.81903 1.62511 1.2045 0.352093 -0.475077 -1.11086 0.606549 0.0662777 -1.38233 -1.96054 -1.13132 -0.4772 
1.17631 -1.74059 -1.81371 1.63071 1.21888 0.36852 -0.45901 -1.11086 0.606549 0.0662777 -1.38233 -1.96054 -1.13132 -0.4772 
1.17536 -1.74315 -1.80613 1.63757 1.21685 0.389512 -0.431759 -1.11086 0.606549 0.0662777 -1.38233 -1.96054 -1.13132 -0.4772 
1.17551 -1.74407 -1.80002 1.64326 1.21372 0.402943 -0.411395 -1.11086 0.606549 0.0662777 -1.38233 -1.96054 -1.13132 -0.4772 
1.17607 -1.74419 -1.79409 1.64843 1.21225 0.412843 -0.393925 -1.11086 0.606549 0.0662777 -1.38233 -1.96054 -1.13132 -0.4772 
1.17536 -1.74618 -1.78822 1.65377 1.21081 0.427682 -0.37285 -1.11086 0.606549 0.0662777 -1.38233 -1.96054 -1.13132 -0.4772 
1.17485 -1.74716 -1.78228 1.65902 1.20687 0.441378 -0.351279 -1.11086 0.606549 0.0662777 -1.38233 -1.96054 -1.13132 -0.4772 
1.17324 -1.74824 -1.77594 1.66538 1.19234 0.460455 -0.321146 -1.11086 0.606549 0.0662777 -1.38233 -1.96054 -1.13132 -0.4772 
1.17364 -1.74928 -1.77097 1.66964 1.19599 0.4685 -0.307772 -1.11086 0.606549 0.0662777 -1.38233 -1.96054 -1.13132 -0.4772 
1.17185 -1.75199 -1.76711 1.67226 1.19892 0.479536 -0.294279 -1.11086 0.606549 0.0662777 -1.38233 -1.96054 -1.13132 -0.4772 
1.17028 -1.75292 -1.76359 1.67285 1.20174 0.486382 -0.283719 -1.11086 0.606549 0.0662777 -1.38233 -1.96054 -1.13132 -0.4772 
1.16772 -1.75539 -1.76151 1.67267 1.20447 0.494268 -0.275822 -1.11086 0.606549 0.0662777 -1.38233 -1.96054 -1.13132 -0.4772 
1.16655 -1.75565 -1.75945 1.67246 1.20576 0.49695 -0.270843 -1.11086 0.606549 0.0662777 -1.38233 -1.96054 -1.13132 -0.4772 
1.16534 -1.75687 -1.75771 1.67205 1.20994 0.50022 -0.267473 -1.11086 0.606549 0.0662777 -1.38233 -1.96054 -1.13132 -0.4772 
1.16392 -1.75858 -1.75653 1.67126 1.21388 0.503776 -0.264929 -1.11086 0.606549 0.0662777 -1.38233 -1.96054 -1.13132 -0.4772 
1.163 -1.75959 -1.75623 1.67075 1.21384 0.505288 -0.264052 -1.11086 0.606549 0.0662777 -1.38233 -1.96054 -1.13132 -0.4772 
1.16241 -1.7598 -1.75578 1.67051 1.21248 0.505823 -0.263082 -1.11086 0.606549 0.0662777 -1.38233 -1.96054 -1.13132 -0.4772 
1.16248 -1.76035 -1.75638 1.67001 1.21086 0.50493 -0.26531 -1.11086 0.606549 0.0662777 -1.38233 -1.96054 -1.13132 -0.4772 
1.16284 -1.76079 -1.7573 1.66952 1.20991 0.50356 -0.268423 -1.11086 0.606549 0.0662777 -1.38233 -1.96054 -1.13132 -0.4772 
1.16263 -1.76171 -1.75849 1.66901 1.20803 0.502612 -0.272099 -1.11086 0.606549 0.0662777 -1.38233 -1.96054 -1.13132 -0.4772 
1.16254 -1.76296 -1.75985 1.6681 1.20727 0.500765 -0.277866 -1.11086 0.606549 0.0662777 -1.38233 -1.96054 -1.13132 -0.4772 
1.16239 -1.76422 -1.76241 1.66749 1.20086 0.499598 -0.28256 -1.11086 0.606549 0.0662777 -1.38233 -1.96054 -1.13132 -0.4772 
1.16287 -1.76567 -1.76562 1.66649 1.19681 0.496093 -0.291552 -1.11086 0.606549 0.0662777 -1.38233 -1.96054 -1.13132 -0.4772 
1.16375 -1.76694 -1.76917 1.66546 1.19449 0.491179 -0.302409 -1.11086 0.606549 0.0662777 -1.38233 -1.96054 -1.13132 -0.4772 
1.16381 -1.76914 -1.77358 1.66455 1.18667 0.489103 -0.311059 -1.11086 0.606549 0.0662777 -1.38233 -1.96054 -1.13132 -0.4772 
1.16499 -1.77066 -1.77806 1.66348 1.18267 0.482726 -0.3243 -1.11086 0.606549 0.0662777 -1.38233 -1.96054 -1.13132 -0.4772 
1.16609 -1.77337 -1.7835 1.66188 1.18175 0.47645 -0.34021 -1.11086 0.606549 0.0662777 -1.38233 -1.96054 -1.13132 -0.4772 
1.16648 -1.77625 -1.78941 1.66085 1.17497 0.472442 -0.35335 -1.11086 0.606549 0.0662777 -1.38233 -1.96054 -1.13132 -0.4772 
1.16786 -1.77866 -1.79566 1.65915 1.17093 0.464007 -0.370994 -1.11086 0.606549 0.0662777 -1.38233 -1.96054 -1.13132 -0.4772 
1.16928 -1.78227 -1.80291 1.65707 1.1719 0.454364 -0.392319 -1.11086 0.606549 0.0662777 -1.38233 -1.96054 -1.13132 -0.4772 
1.17034 -1.78607 -1.81004 1.65471 1.17451 0.445118 -0.413452 -1.11086 0.606549 0.0662777 -1.38233 -1.96054 -1.13132 -0.4772 
1.17074 -1.79319 -1.81915 1.65178 1.18554 0.436233 -0.440122 -1.11086 0.606549 0.0662777 -1.38233 -1.96054 -1.13132 -0.4772 
