1.04339 -1.81369 -1.64605 1.25402 -1.20484 -1.25072 2.03786 -1.11007 0.610447 0.0654194 -1.37338 -1.9629 -1.13369 -0.471729 
1.03765 -1.80535 -1.64213 1.24 -1.20714 -1.23922 2.02351 -1.11007 0.610447 0.0654194 -1.37338 -1.9629 -1.13369 -0.471729 
1.03286 -1.80189 -1.64228 1.23162 -1.21145 -1.23236 2.01769 -1.11007 0.610447 0.0654194 -1.37338 -1.9629 -1.13369 -0.471729 
1.02927 -1.8009 -1.64311 1.22476 -1.21123 -1.23578 2.01151 -1.11007 0.610447 0.0654194 -1.37338 -1.9629 -1.13369 -0.471729 
1.02681 -1.80203 -1.64444 1.22 -1.2107 -1.24103 2.00829 -1.11007 0.610447 0.0654194 -1.37338 -1.9629 -1.13369 -0.471729 
1.02702 -1.80268 -1.64436 1.21997 -1.2098 -1.24199 2.01175 -1.11007 0.610447 0.0654194 -1.37338 -1.9629 -1.13369 -0.471729 
1.03063 -1.80425 -1.64606 1.22848 -1.21141 -1.23924 2.02169 -1.11007 0.610447 0.0654194 -1.37338 -1.9629 -1.13369 -0.471729 
1.03701 -1.80521 -1.64681 1.24128 -1.21288 -1.23588 2.02825 -1.11007 0.610447 0.0654194 -1.37338 -1.9629 -1.13369 -0.471729 
1.04592 -1.8051 -1.64562 1.25776 -1.21296 -1.23071 2.03519 -1.11007 0.610447 0.0654194 -1.37338 -1.9629 -1.13369 -0.471729 
1.0548 -1.80388 -1.6434 1.2724 -1.21108 -1.22627 2.04014 -1.11007 0.610447 0.0654194 -1.37338 -1.9629 -1.13369 -0.471729 
1.06164 -1.80427 -1.64328 1.28626 -1.21266 -1.22077 2.0471 -1.11007 0.610447 0.0654194 -1.37338 -1.9629 -1.13369 -0.471729 
1.06511 -1.80579 -1.64442 1.29524 -1.21467 -1.21818 2.05282 -1.11007 0.610447 0.0654194 -1.37338 -1.9629 -1.13369 -0.471729 
1.0697 -1.80576 -1.64414 1.30347 -1.21582 -1.21435 2.05656 -1.11007 0.610447 0.0654194 -1.37338 -1.9629 -1.13369 -0.471729 
1.07296 -1.80649 -1.64451 1.31066 -1.21688 -1.21182 2.0613 -1.11007 0.610447 0.0654194 -1.37338 -1.9629 -1.13369 -0.471729 
1.07702 -1.80717 -1.64478 1.31926 -1.21788 -1.20922 2.06624 -1.11007 0.610447 0.0654194 -1.37338 -1.9629 -1.13369 -0.471729 
1.08251 -1.80828 -1.64527 1.3298 -1.21906 -1.20658 2.07238 -1.11007 0.610447 0.0654194 -1.37338 -1.9629 -1.13369 -0.471729 
1.08729 -1.8091 -1.64524 1.34005 -1.21869 -1.20506 2.07851 -1.11007 0.610447 0.0654194 -1.37338 -1.9629 -1.13369 -0.471729 
1.09068 -1.80988 -1.64585 1.34737 -1.21963 -1.20331 2.0835 -1.11007 0.610447 0.0654194 -1.37338 -1.9629 -1.13369 -0.471729 
1.09428 -1.80963 -1.64536 1.35355 -1.21991 -1.20121 2.08486 -1.11007 0.610447 0.0654194 -1.37338 -1.9629 -1.13369 -0.471729 
