1.07779 -1.81516 -1.65436 1.32674 -1.205 -1.21821 2.06811 -1.11046 0.608541 0.0658396 -1.37776 -1.96175 -1.13253 -0.474404 
1.04276 -1.8141 -1.65539 1.25986 -1.20967 -1.22588 2.04205 -1.11007 0.610447 0.0654194 -1.37338 -1.9629 -1.13369 -0.471729 
1.03501 -1.8058 -1.64947 1.23741 -1.20488 -1.22463 2.02304 -1.11007 0.610447 0.0654194 -1.37338 -1.9629 -1.13369 -0.471729 
1.03032 -1.80278 -1.64771 1.22487 -1.20049 -1.2313 2.01122 -1.11007 0.610447 0.0654194 -1.37338 -1.9629 -1.13369 -0.471729 
1.02687 -1.80314 -1.64843 1.21768 -1.19836 -1.23859 2.00592 -1.11007 0.610447 0.0654194 -1.37338 -1.9629 -1.13369 -0.471729 
1.0269 -1.80312 -1.64786 1.21669 -1.19652 -1.24015 2.0074 -1.11007 0.610447 0.0654194 -1.37338 -1.9629 -1.13369 -0.471729 
1.03018 -1.8048 -1.64987 1.22497 -1.19884 -1.23752 2.01556 -1.11007 0.610447 0.0654194 -1.37338 -1.9629 -1.13369 -0.471729 
1.03731 -1.80589 -1.65077 1.23994 -1.20082 -1.23243 2.02447 -1.11007 0.610447 0.0654194 -1.37338 -1.9629 -1.13369 -0.471729 
1.04726 -1.80566 -1.6492 1.25777 -1.20007 -1.227 2.03174 -1.11007 0.610447 0.0654194 -1.37338 -1.9629 -1.13369 -0.471729 
1.05533 -1.80618 -1.64874 1.27329 -1.20119 -1.2214 2.03883 -1.11007 0.610447 0.0654194 -1.37338 -1.9629 -1.13369 -0.471729 
1.06124 -1.80587 -1.64815 1.28419 -1.20169 -1.21699 2.04315 -1.11007 0.610447 0.0654194 -1.37338 -1.9629 -1.13369 -0.471729 
1.06582 -1.80665 -1.64837 1.2941 -1.20216 -1.21421 2.04921 -1.11007 0.610447 0.0654194 -1.37338 -1.9629 -1.13369 -0.471729 
1.06971 -1.80804 -1.64936 1.30304 -1.20526 -1.20957 2.0554 -1.11007 0.610447 0.0654194 -1.37338 -1.9629 -1.13369 -0.471729 
1.07239 -1.80848 -1.64968 1.30888 -1.20595 -1.20774 2.0591 -1.11007 0.610447 0.0654194 -1.37338 -1.9629 -1.13369 -0.471729 
1.07659 -1.80925 -1.64988 1.31728 -1.2066 -1.20561 2.06378 -1.11007 0.610447 0.0654194 -1.37338 -1.9629 -1.13369 -0.471729 
1.08276 -1.80943 -1.64899 1.32785 -1.20497 -1.20467 2.06815 -1.11007 0.610447 0.0654194 -1.37338 -1.9629 -1.13369 -0.471729 
1.08755 -1.81055 -1.64914 1.3381 -1.2047 -1.20332 2.07478 -1.11007 0.610447 0.0654194 -1.37338 -1.9629 -1.13369 -0.471729 
1.09324 -1.81123 -1.64905 1.34958 -1.20458 -1.20117 2.08119 -1.11007 0.610447 0.0654194 -1.37338 -1.9629 -1.13369 -0.471729 
1.09682 -1.81369 -1.65056 1.35898 -1.20541 -1.20216 2.08651 -1.11007 0.610447 0.0654194 -1.37338 -1.9629 -1.13369 -0.471729 
1.09665 -1.8176 -1.65292 1.36299 -1.20514 -1.20827 2.09035 -1.11007 0.610447 0.0654194 -1.37338 -1.9629 -1.13369 -0.471729 
1.0956 -1.82098 -1.65485 1.36456 -1.20427 -1.21392 2.0943 -1.11007 0.610447 0.0654194 -1.37338 -1.9629 -1.13369 -0.471729 
1.09275 -1.82268 -1.65606 1.36085 -1.20184 -1.22088 2.0947 -1.11007 0.610447 0.0654194 -1.37338 -1.9629 -1.13369 -0.471729 
1.32355 -1.81081 -1.74933 1.90736 -1.42338 -0.944994 2.38163 -1.1103 0.609337 0.0656645 -1.37593 -1.96223 -1.13301 -0.473288 
1.32349 -1.8116 -1.74917 1.90581 -1.42333 -0.946761 2.3772 -1.11007 0.610447 0.0654194 -1.37338 -1.9629 -1.13369 -0.471729 
1.32352 -1.81165 -1.74921 1.90574 -1.42334 -0.946822 2.37688 -1.11007 0.610447 0.0654194 -1.37338 -1.9629 -1.13369 -0.471729 
1.32354 -1.81161 -1.74917 1.90572 -1.4234 -0.946913 2.3768 -1.11007 0.610447 0.0654194 -1.37338 -1.9629 -1.13369 -0.471729 
1.32354 -1.81166 -1.74921 1.90571 -1.42336 -0.94685 2.37679 -1.11007 0.610447 0.0654194 -1.37338 -1.9629 -1.13369 -0.471729 
1.32355 -1.8116 -1.74915 1.90571 -1.42343 -0.946961 2.37676 -1.11007 0.610447 0.0654194 -1.37338 -1.9629 -1.13369 -0.471729 
1.32354 -1.81169 -1.74922 1.90571 -1.42336 -0.946837 2.37676 -1.11007 0.610447 0.0654194 -1.37338 -1.9629 -1.13369 -0.471729 
