1.00972 -1.91838 -1.80754 1.22875 -1.03246 -1.17636 1.98125 -1.73464 1.85011 -0.993728 1.56267 1.97787 0.820979 -2.05597 
1.00758 -1.91237 -1.80326 1.21589 -1.03143 -1.17253 1.96983 -1.73837 1.8506 -0.999008 1.57063 1.97409 0.809815 -2.03072 
1.00771 -1.91066 -1.80304 1.21604 -1.03266 -1.17003 1.96693 -1.73758 1.85086 -0.998358 1.57011 1.97141 0.810871 -2.04149 
1.00727 -1.90865 -1.80264 1.21289 -1.03072 -1.1754 1.95947 -1.72448 1.83677 -0.979127 1.54278 1.98188 0.866995 -2.14834 
1.00563 -1.90861 -1.80365 1.20928 -1.03062 -1.18108 1.95471 -1.72203 1.84664 -0.973786 1.54086 1.98715 0.865765 -2.16191 
1.00516 -1.91116 -1.80571 1.21039 -1.03153 -1.1823 1.96011 -1.73672 1.84514 -0.995903 1.56366 1.97073 0.824605 -2.06665 
1.00835 -1.91413 -1.80745 1.21926 -1.03255 -1.1786 1.97077 -1.72212 1.82505 -0.981028 1.52919 1.99066 0.882799 -2.13504 
1.01561 -1.91556 -1.80652 1.23264 -1.03136 -1.17466 1.977 -1.71643 1.8244 -0.97408 1.51859 1.99366 0.900474 -2.17877 
1.02483 -1.9168 -1.80435 1.24961 -1.03103 -1.16668 1.98323 -1.71337 1.82088 -0.972593 1.51147 1.996 0.908891 -2.18992 
1.03476 -1.9182 -1.80274 1.26795 -1.03161 -1.15683 1.99073 -1.70972 1.82482 -0.967933 1.50733 1.9959 0.912349 -2.21645 
1.04005 -1.91918 -1.80171 1.27757 -1.03121 -1.15374 1.99338 -1.70835 1.83143 -0.965275 1.50662 1.99777 0.908596 -2.22296 
1.04519 -1.92101 -1.80161 1.28843 -1.03215 -1.14912 1.99913 -1.7064 1.83474 -0.962509 1.50368 2.00024 0.909773 -2.23177 
1.05101 -1.92235 -1.80117 1.29984 -1.03343 -1.14254 2.00434 -1.70585 1.83808 -0.960599 1.50357 2.00046 0.907684 -2.23816 
1.05061 -1.92361 -1.80215 1.30068 -1.03389 -1.14387 2.00579 -1.7072 1.83421 -0.962437 1.50441 1.99491 0.907485 -2.2403 
1.05609 -1.92447 -1.80094 1.30995 -1.03351 -1.14011 2.00887 -1.70586 1.83254 -0.962054 1.49995 1.99885 0.9116 -2.23706 
1.06081 -1.92636 -1.80097 1.31994 -1.03364 -1.1371 2.01416 -1.70597 1.83788 -0.960913 1.50028 2.00085 0.906276 -2.23273 
1.06529 -1.92884 -1.80141 1.3306 -1.03456 -1.1331 2.02112 -1.70368 1.84363 -0.95641 1.49716 2.00185 0.90646 -2.25146 
1.07198 -1.93212 -1.80177 1.3454 -1.03607 -1.1277 2.02909 -1.70112 1.8468 -0.953719 1.49073 2.00956 0.909969 -2.25161 
1.07795 -1.93198 -1.79952 1.35418 -1.03406 -1.12557 2.02993 -1.70203 1.83152 -0.959072 1.48526 2.00476 0.920043 -2.24601 
1.08172 -1.93342 -1.79917 1.36226 -1.03395 -1.12402 2.03258 -1.70374 1.82171 -0.963043 1.48228 2.00565 0.924649 -2.22596 
1.08238 -1.93514 -1.79942 1.36466 -1.03188 -1.12846 2.03404 -1.69916 1.8336 -0.952048 1.47892 2.01014 0.928504 -2.26876 
1.07762 -1.93802 -1.8026 1.36068 -1.03268 -1.13447 2.03669 -1.69533 1.84204 -0.941743 1.47721 2.00894 0.933407 -2.32316 
1.28823 -1.96586 -1.94147 1.92754 -1.37862 -0.639498 2.33917 -1.69931 1.83332 -0.952392 1.4791 2.01015 0.92816 -2.27057 
1.09959 -1.93096 -1.80058 1.39931 -1.03788 -1.09363 2.04904 -1.73289 1.55854 -1.21184 1.76138 1.25896 0.711317 -1.67762 
