1.04548 -1.81518 -1.64632 1.26005 -1.20692 -1.25335 2.04004 -1.11007 0.610447 0.0654194 -1.37338 -1.9629 -1.13369 -0.471729 
1.03547 -1.80641 -1.64334 1.23688 -1.21219 -1.23915 2.02396 -1.11007 0.610447 0.0654194 -1.37338 -1.9629 -1.13369 -0.471729 
1.02909 -1.80137 -1.64216 1.22485 -1.21504 -1.23185 2.01467 -1.11007 0.610447 0.0654194 -1.37338 -1.9629 -1.13369 -0.471729 
1.02605 -1.79924 -1.64175 1.21867 -1.21347 -1.23485 2.00719 -1.11007 0.610447 0.0654194 -1.37338 -1.9629 -1.13369 -0.471729 
1.02511 -1.80155 -1.64369 1.21693 -1.21299 -1.24159 2.00511 -1.11007 0.610447 0.0654194 -1.37338 -1.9629 -1.13369 -0.471729 
1.02537 -1.80446 -1.64597 1.21894 -1.21376 -1.24488 2.00999 -1.11007 0.610447 0.0654194 -1.37338 -1.9629 -1.13369 -0.471729 
1.02905 -1.80646 -1.64757 1.22772 -1.21434 -1.24386 2.02001 -1.11007 0.610447 0.0654194 -1.37338 -1.9629 -1.13369 -0.471729 
1.03709 -1.80651 -1.64752 1.24323 -1.21546 -1.238 2.02826 -1.11007 0.610447 0.0654194 -1.37338 -1.9629 -1.13369 -0.471729 
1.04761 -1.80568 -1.64583 1.26192 -1.21616 -1.23 2.03594 -1.11007 0.610447 0.0654194 -1.37338 -1.9629 -1.13369 -0.471729 
1.05456 -1.80566 -1.64446 1.27447 -1.21527 -1.22698 2.04117 -1.11007 0.610447 0.0654194 -1.37338 -1.9629 -1.13369 -0.471729 
1.06073 -1.80642 -1.64454 1.28706 -1.21675 -1.22261 2.0478 -1.11007 0.610447 0.0654194 -1.37338 -1.9629 -1.13369 -0.471729 
1.06698 -1.80535 -1.64307 1.29825 -1.21596 -1.21835 2.05249 -1.11007 0.610447 0.0654194 -1.37338 -1.9629 -1.13369 -0.471729 
1.06993 -1.80679 -1.64455 1.30626 -1.21887 -1.21558 2.05766 -1.11007 0.610447 0.0654194 -1.37338 -1.9629 -1.13369 -0.471729 
1.0724 -1.80918 -1.6465 1.31329 -1.22145 -1.21431 2.06352 -1.11007 0.610447 0.0654194 -1.37338 -1.9629 -1.13369 -0.471729 
1.07689 -1.81014 -1.64694 1.32266 -1.22284 -1.21122 2.06946 -1.11007 0.610447 0.0654194 -1.37338 -1.9629 -1.13369 -0.471729 
1.08287 -1.80925 -1.64566 1.33239 -1.22215 -1.20804 2.07252 -1.11007 0.610447 0.0654194 -1.37338 -1.9629 -1.13369 -0.471729 
1.08799 -1.80924 -1.64472 1.34139 -1.22028 -1.20746 2.07692 -1.11007 0.610447 0.0654194 -1.37338 -1.9629 -1.13369 -0.471729 
1.09453 -1.80977 -1.6444 1.35396 -1.22025 -1.20402 2.08506 -1.11007 0.610447 0.0654194 -1.37338 -1.9629 -1.13369 -0.471729 
1.09676 -1.81296 -1.64612 1.36087 -1.21972 -1.20857 2.08924 -1.11007 0.610447 0.0654194 -1.37338 -1.9629 -1.13369 -0.471729 
1.09858 -1.81502 -1.64675 1.36664 -1.21758 -1.21351 2.09189 -1.11007 0.610447 0.0654194 -1.37338 -1.9629 -1.13369 -0.471729 
1.09658 -1.81835 -1.64879 1.36694 -1.21597 -1.22087 2.09461 -1.11007 0.610447 0.0654194 -1.37338 -1.9629 -1.13369 -0.471729 
1.09138 -1.82229 -1.65215 1.36192 -1.21552 -1.22972 2.09668 -1.11007 0.610447 0.0654194 -1.37338 -1.9629 -1.13369 -0.471729 
1.3249 -1.80229 -1.74204 1.90762 -1.43149 -0.955076 2.38382 -1.1103 0.609337 0.0656645 -1.37593 -1.96223 -1.13301 -0.473288 
