1.19075 -1.8336 -1.77419 1.63226 -1.65209 -0.58113 2.42871 -1.11072 0.607274 0.0661181 -1.38067 -1.96098 -1.13176 -0.476181 
1.18836 -1.81761 -1.78564 1.64378 -1.74152 -0.533763 2.49658 -1.11086 0.606549 0.0662777 -1.38233 -1.96054 -1.13132 -0.4772 
1.186 -1.82212 -1.78491 1.64243 -1.73074 -0.544581 2.49639 -1.11086 0.606549 0.0662777 -1.38233 -1.96054 -1.13132 -0.4772 
1.18553 -1.82249 -1.78437 1.64214 -1.72695 -0.547084 2.49737 -1.11086 0.606549 0.0662777 -1.38233 -1.96054 -1.13132 -0.4772 
1.1854 -1.82233 -1.78413 1.64201 -1.72535 -0.547874 2.49727 -1.11086 0.606549 0.0662777 -1.38233 -1.96054 -1.13132 -0.4772 
1.18514 -1.82284 -1.78422 1.64196 -1.72515 -0.548322 2.49764 -1.11086 0.606549 0.0662777 -1.38233 -1.96054 -1.13132 -0.4772 
1.18546 -1.82206 -1.78414 1.64206 -1.72569 -0.547433 2.49801 -1.11086 0.606549 0.0662777 -1.38233 -1.96054 -1.13132 -0.4772 
1.18475 -1.82348 -1.78441 1.64168 -1.72415 -0.549982 2.49703 -1.11086 0.606549 0.0662777 -1.38233 -1.96054 -1.13132 -0.4772 
1.1843 -1.82463 -1.78506 1.64204 -1.72629 -0.551142 2.49967 -1.11086 0.606549 0.0662777 -1.38233 -1.96054 -1.13132 -0.4772 
1.18403 -1.8249 -1.78545 1.64214 -1.72812 -0.551224 2.50103 -1.11086 0.606549 0.0662777 -1.38233 -1.96054 -1.13132 -0.4772 
1.18486 -1.82309 -1.78456 1.64201 -1.72694 -0.548921 2.49958 -1.11086 0.606549 0.0662777 -1.38233 -1.96054 -1.13132 -0.4772 
1.18477 -1.82326 -1.78478 1.64228 -1.72848 -0.548764 2.50102 -1.11086 0.606549 0.0662777 -1.38233 -1.96054 -1.13132 -0.4772 
1.18453 -1.82365 -1.78476 1.64203 -1.7271 -0.550037 2.50013 -1.11086 0.606549 0.0662777 -1.38233 -1.96054 -1.13132 -0.4772 
1.18423 -1.82431 -1.78463 1.64172 -1.72496 -0.551691 2.49914 -1.11086 0.606549 0.0662777 -1.38233 -1.96054 -1.13132 -0.4772 
1.18443 -1.8239 -1.78455 1.64168 -1.72429 -0.551179 2.4978 -1.11086 0.606549 0.0662777 -1.38233 -1.96054 -1.13132 -0.4772 
1.18452 -1.82373 -1.78466 1.64185 -1.72573 -0.550614 2.49896 -1.11086 0.606549 0.0662777 -1.38233 -1.96054 -1.13132 -0.4772 
1.18459 -1.82358 -1.78464 1.64186 -1.72615 -0.550133 2.4982 -1.11086 0.606549 0.0662777 -1.38233 -1.96054 -1.13132 -0.4772 
1.18431 -1.82407 -1.78484 1.64192 -1.7268 -0.550554 2.49941 -1.11086 0.606549 0.0662777 -1.38233 -1.96054 -1.13132 -0.4772 
1.18492 -1.82293 -1.78463 1.64214 -1.72786 -0.548516 2.49923 -1.11086 0.606549 0.0662777 -1.38233 -1.96054 -1.13132 -0.4772 
1.18441 -1.82329 -1.78481 1.64216 -1.72835 -0.549374 2.50139 -1.11086 0.606549 0.0662777 -1.38233 -1.96054 -1.13132 -0.4772 
1.18396 -1.82414 -1.78491 1.64194 -1.72662 -0.551278 2.50098 -1.11086 0.606549 0.0662777 -1.38233 -1.96054 -1.13132 -0.4772 
1.18386 -1.82453 -1.78508 1.64202 -1.72694 -0.551723 2.50093 -1.11086 0.606549 0.0662777 -1.38233 -1.96054 -1.13132 -0.4772 
1.18489 -1.8228 -1.78438 1.64207 -1.7259 -0.549069 2.49868 -1.11086 0.606549 0.0662777 -1.38233 -1.96054 -1.13132 -0.4772 
