1.00923 -1.13743 -0.903171 1.54619 -2.06051 -1.53054 1.94885 -1.11007 0.610447 0.0654194 -1.37338 -1.9629 -1.13369 -0.471729 
0.984349 -1.12917 -0.8947 1.51661 -2.07412 -1.49206 1.97792 -1.11086 0.606558 0.0662759 -1.38231 -1.96055 -1.13132 -0.477188 
0.981808 -1.13268 -0.892451 1.51163 -2.06825 -1.49825 1.98211 -1.11086 0.606549 0.0662777 -1.38233 -1.96054 -1.13132 -0.4772 
0.982746 -1.13189 -0.890764 1.50984 -2.06599 -1.49628 1.97856 -1.11086 0.606549 0.0662777 -1.38233 -1.96054 -1.13132 -0.4772 
0.98614 -1.13024 -0.889281 1.50983 -2.06261 -1.49497 1.97116 -1.11086 0.606549 0.0662777 -1.38233 -1.96054 -1.13132 -0.4772 
0.99124 -1.12723 -0.8894 1.51644 -2.0616 -1.4963 1.96904 -1.11086 0.606549 0.0662777 -1.38233 -1.96054 -1.13132 -0.4772 
0.994974 -1.126 -0.891168 1.52197 -2.0615 -1.50069 1.96881 -1.11086 0.606549 0.0662777 -1.38233 -1.96054 -1.13132 -0.4772 
0.999355 -1.12138 -0.890259 1.52723 -2.05882 -1.49922 1.96413 -1.11086 0.606549 0.0662777 -1.38233 -1.96054 -1.13132 -0.4772 
1.00161 -1.11976 -0.890022 1.53012 -2.05761 -1.49967 1.96245 -1.11086 0.606549 0.0662777 -1.38233 -1.96054 -1.13132 -0.4772 
1.00271 -1.11952 -0.890052 1.53122 -2.05598 -1.50197 1.96166 -1.11086 0.606549 0.0662777 -1.38233 -1.96054 -1.13132 -0.4772 
1.00389 -1.1187 -0.889931 1.53342 -2.05611 -1.50224 1.96205 -1.11086 0.606549 0.0662777 -1.38233 -1.96054 -1.13132 -0.4772 
1.005 -1.11764 -0.890276 1.53568 -2.05693 -1.5018 1.96195 -1.11086 0.606549 0.0662777 -1.38233 -1.96054 -1.13132 -0.4772 
1.00546 -1.11834 -0.890187 1.53647 -2.05583 -1.50404 1.96257 -1.11086 0.606549 0.0662777 -1.38233 -1.96054 -1.13132 -0.4772 
1.00658 -1.11732 -0.890732 1.53793 -2.05669 -1.50298 1.96076 -1.11086 0.606549 0.0662777 -1.38233 -1.96054 -1.13132 -0.4772 
1.00822 -1.11566 -0.890841 1.5403 -2.05698 -1.50207 1.95938 -1.11086 0.606549 0.0662777 -1.38233 -1.96054 -1.13132 -0.4772 
1.01107 -1.11369 -0.890344 1.54348 -2.05487 -1.50231 1.95613 -1.11086 0.606549 0.0662777 -1.38233 -1.96054 -1.13132 -0.4772 
1.01246 -1.1146 -0.891515 1.54558 -2.05449 -1.50708 1.95772 -1.11086 0.606549 0.0662777 -1.38233 -1.96054 -1.13132 -0.4772 
1.0147 -1.11137 -0.891437 1.54883 -2.05468 -1.50479 1.95612 -1.11086 0.606549 0.0662777 -1.38233 -1.96054 -1.13132 -0.4772 
1.01539 -1.11015 -0.890502 1.54992 -2.05319 -1.50367 1.95488 -1.11086 0.606549 0.0662777 -1.38233 -1.96054 -1.13132 -0.4772 
1.01525 -1.11072 -0.891084 1.55032 -2.0543 -1.5042 1.95582 -1.11086 0.606549 0.0662777 -1.38233 -1.96054 -1.13132 -0.4772 
1.01494 -1.11147 -0.890387 1.54912 -2.0519 -1.50629 1.95597 -1.11086 0.606549 0.0662777 -1.38233 -1.96054 -1.13132 -0.4772 
1.01495 -1.11128 -0.890309 1.54891 -2.05221 -1.50631 1.95619 -1.11086 0.606549 0.0662777 -1.38233 -1.96054 -1.13132 -0.4772 
1.01435 -1.1125 -0.890206 1.54833 -2.0511 -1.50809 1.95674 -1.11086 0.606549 0.0662777 -1.38233 -1.96054 -1.13132 -0.4772 
1.01426 -1.113 -0.890946 1.54892 -2.05281 -1.50843 1.95846 -1.11086 0.606549 0.0662777 -1.38233 -1.96054 -1.13132 -0.4772 
1.01417 -1.11264 -0.890155 1.54837 -2.05155 -1.50778 1.95742 -1.11086 0.606549 0.0662777 -1.38233 -1.96054 -1.13132 -0.4772 
1.01413 -1.11299 -0.890076 1.54793 -2.05076 -1.50868 1.95743 -1.11086 0.606549 0.0662777 -1.38233 -1.96054 -1.13132 -0.4772 
1.01412 -1.11321 -0.890527 1.54831 -2.0522 -1.5084 1.95811 -1.11086 0.606549 0.0662777 -1.38233 -1.96054 -1.13132 -0.4772 
1.01433 -1.11277 -0.890684 1.54847 -2.05243 -1.50759 1.95746 -1.11086 0.606549 0.0662777 -1.38233 -1.96054 -1.13132 -0.4772 
1.01436 -1.11337 -0.891317 1.54859 -2.054 -1.50786 1.95765 -1.11086 0.606549 0.0662777 -1.38233 -1.96054 -1.13132 -0.4772 
1.0148 -1.11174 -0.890977 1.54903 -2.05398 -1.50532 1.9555 -1.11086 0.606549 0.0662777 -1.38233 -1.96054 -1.13132 -0.4772 
1.0148 -1.11176 -0.891004 1.5488 -2.05354 -1.50518 1.95401 -1.11086 0.606549 0.0662777 -1.38233 -1.96054 -1.13132 -0.4772 
1.01487 -1.1113 -0.890466 1.54881 -2.05311 -1.50489 1.95401 -1.11086 0.606549 0.0662777 -1.38233 -1.96054 -1.13132 -0.4772 
1.01468 -1.11203 -0.890674 1.54838 -2.05282 -1.50522 1.95309 -1.11086 0.606549 0.0662777 -1.38233 -1.96054 -1.13132 -0.4772 
1.01483 -1.11111 -0.890015 1.54827 -2.05203 -1.50454 1.95266 -1.11086 0.606549 0.0662777 -1.38233 -1.96054 -1.13132 -0.4772 
1.01468 -1.11239 -0.890831 1.54817 -2.05291 -1.50583 1.953 -1.11086 0.606549 0.0662777 -1.38233 -1.96054 -1.13132 -0.4772 
1.01506 -1.11071 -0.89007 1.54863 -2.05239 -1.50366 1.95197 -1.11086 0.606549 0.0662777 -1.38233 -1.96054 -1.13132 -0.4772 
1.01482 -1.11101 -0.890259 1.54839 -2.05236 -1.50425 1.95223 -1.11086 0.606549 0.0662777 -1.38233 -1.96054 -1.13132 -0.4772 
1.01516 -1.11055 -0.890099 1.54875 -2.0528 -1.50296 1.95183 -1.11086 0.606549 0.0662777 -1.38233 -1.96054 -1.13132 -0.4772 
1.01535 -1.10934 -0.889499 1.54897 -2.05212 -1.50114 1.95097 -1.11086 0.606549 0.0662777 -1.38233 -1.96054 -1.13132 -0.4772 
1.01498 -1.11038 -0.889817 1.54829 -2.05154 -1.50304 1.95189 -1.11086 0.606549 0.0662777 -1.38233 -1.96054 -1.13132 -0.4772 
1.01526 -1.11085 -0.890762 1.54938 -2.05408 -1.50314 1.95289 -1.11086 0.606549 0.0662777 -1.38233 -1.96054 -1.13132 -0.4772 
1.37293 -0.869888 -1.00101 1.98668 -2.07189 -1.70416 1.95473 -1.11086 0.606549 0.0662777 -1.38233 -1.96054 -1.13132 -0.4772 
