1.05709 -1.81177 -1.64493 1.27294 -1.20856 -1.24484 2.03983 -1.1103 0.609337 0.0656645 -1.37593 -1.96223 -1.13301 -0.473288 
1.03394 -1.80731 -1.64346 1.2365 -1.20881 -1.24596 2.02477 -1.11007 0.610447 0.0654194 -1.37338 -1.9629 -1.13369 -0.471729 
1.02993 -1.80174 -1.64161 1.22762 -1.21208 -1.23592 2.01724 -1.11007 0.610447 0.0654194 -1.37338 -1.9629 -1.13369 -0.471729 
1.02751 -1.79975 -1.6419 1.22184 -1.21279 -1.2361 2.01002 -1.11007 0.610447 0.0654194 -1.37338 -1.9629 -1.13369 -0.471729 
1.02666 -1.80015 -1.64246 1.21893 -1.21246 -1.23959 2.00594 -1.11007 0.610447 0.0654194 -1.37338 -1.9629 -1.13369 -0.471729 
1.02705 -1.8018 -1.64342 1.22009 -1.21219 -1.24132 2.01001 -1.11007 0.610447 0.0654194 -1.37338 -1.9629 -1.13369 -0.471729 
1.03075 -1.80304 -1.64475 1.22817 -1.21306 -1.2396 2.01905 -1.11007 0.610447 0.0654194 -1.37338 -1.9629 -1.13369 -0.471729 
1.03765 -1.80368 -1.64518 1.24199 -1.21415 -1.23579 2.02712 -1.11007 0.610447 0.0654194 -1.37338 -1.9629 -1.13369 -0.471729 
1.04741 -1.80372 -1.64423 1.25998 -1.21394 -1.23093 2.03524 -1.11007 0.610447 0.0654194 -1.37338 -1.9629 -1.13369 -0.471729 
1.05513 -1.80321 -1.64269 1.27414 -1.21282 -1.22728 2.04043 -1.11007 0.610447 0.0654194 -1.37338 -1.9629 -1.13369 -0.471729 
1.06272 -1.80298 -1.64171 1.28808 -1.21345 -1.22174 2.0468 -1.11007 0.610447 0.0654194 -1.37338 -1.9629 -1.13369 -0.471729 
1.06732 -1.80414 -1.64226 1.29768 -1.21597 -1.21738 2.05268 -1.11007 0.610447 0.0654194 -1.37338 -1.9629 -1.13369 -0.471729 
1.07091 -1.805 -1.643 1.3061 -1.21775 -1.21423 2.05751 -1.11007 0.610447 0.0654194 -1.37338 -1.9629 -1.13369 -0.471729 
1.07347 -1.80557 -1.64358 1.31228 -1.21911 -1.21186 2.06184 -1.11007 0.610447 0.0654194 -1.37338 -1.9629 -1.13369 -0.471729 
1.0777 -1.80596 -1.64338 1.32008 -1.21863 -1.2107 2.06591 -1.11007 0.610447 0.0654194 -1.37338 -1.9629 -1.13369 -0.471729 
1.08363 -1.80611 -1.64299 1.33091 -1.21818 -1.20839 2.0712 -1.11007 0.610447 0.0654194 -1.37338 -1.9629 -1.13369 -0.471729 
1.08924 -1.80695 -1.64302 1.34214 -1.21849 -1.20589 2.07744 -1.11007 0.610447 0.0654194 -1.37338 -1.9629 -1.13369 -0.471729 
1.09438 -1.80895 -1.6441 1.35399 -1.21978 -1.2037 2.08569 -1.11007 0.610447 0.0654194 -1.37338 -1.9629 -1.13369 -0.471729 
1.09875 -1.81147 -1.64525 1.36441 -1.2195 -1.20555 2.09153 -1.11007 0.610447 0.0654194 -1.37338 -1.9629 -1.13369 -0.471729 
1.09806 -1.81439 -1.6469 1.36614 -1.21781 -1.21219 2.09397 -1.11007 0.610447 0.0654194 -1.37338 -1.9629 -1.13369 -0.471729 
1.09534 -1.81734 -1.64831 1.36371 -1.21434 -1.22203 2.09474 -1.11007 0.610447 0.0654194 -1.37338 -1.9629 -1.13369 -0.471729 
1.09151 -1.82054 -1.65102 1.36067 -1.21498 -1.2272 2.09663 -1.11007 0.610447 0.0654194 -1.37338 -1.9629 -1.13369 -0.471729 
1.32499 -1.80201 -1.74193 1.9075 -1.43151 -0.954868 2.38377 -1.1103 0.609337 0.0656645 -1.37593 -1.96223 -1.13301 -0.473288 
