1.07863 -1.84043 -1.6752 1.35583 -1.19455 -1.20181 2.09088 -1.86272 1.4776 -1.45249 1.59011 2.82073 0.463295 -2.57108 
1.04645 -1.84093 -1.67198 1.28731 -1.18271 -1.23182 2.06098 -1.85551 1.48274 -1.43829 1.56883 2.79593 0.506438 -2.6212 
1.04508 -1.83836 -1.6703 1.28023 -1.18397 -1.22789 2.05421 -1.84938 1.48449 -1.4312 1.55559 2.78338 0.532176 -2.64832 
1.04601 -1.8362 -1.66969 1.27959 -1.18385 -1.22822 2.04643 -1.84769 1.48145 -1.43034 1.55054 2.77819 0.542879 -2.65684 
1.04564 -1.8364 -1.6701 1.27771 -1.18315 -1.23201 2.04249 -1.84752 1.4768 -1.43275 1.54898 2.77796 0.544468 -2.65367 
1.04633 -1.83783 -1.67089 1.27952 -1.18341 -1.23228 2.04637 -1.84782 1.47393 -1.43474 1.54889 2.7775 0.542506 -2.6513 
1.04978 -1.83936 -1.67202 1.28758 -1.18387 -1.23035 2.05574 -1.84595 1.4662 -1.43908 1.54349 2.77965 0.548683 -2.64332 
1.05637 -1.84033 -1.6722 1.30051 -1.18473 -1.22667 2.06244 -1.84388 1.46401 -1.44014 1.53758 2.78 0.556228 -2.64261 
1.06573 -1.84099 -1.67108 1.31833 -1.18478 -1.22093 2.07073 -1.84186 1.46352 -1.43975 1.53343 2.77527 0.56123 -2.65036 
1.07353 -1.84252 -1.67174 1.33541 -1.18845 -1.21306 2.07979 -1.84039 1.46424 -1.43995 1.53102 2.77442 0.562815 -2.65246 
1.07994 -1.84239 -1.67044 1.34663 -1.18822 -1.20822 2.0854 -1.83991 1.47087 -1.43873 1.53118 2.77839 0.559313 -2.65047 
1.08485 -1.8435 -1.67056 1.35672 -1.18945 -1.20448 2.09156 -1.83967 1.47581 -1.43753 1.5307 2.78164 0.557039 -2.64889 
1.08875 -1.8437 -1.67004 1.36438 -1.18953 -1.2021 2.09513 -1.83956 1.47925 -1.436 1.53036 2.78133 0.555693 -2.65166 
1.09202 -1.84414 -1.66999 1.3711 -1.19046 -1.19949 2.09826 -1.83939 1.47785 -1.43739 1.52805 2.78625 0.558062 -2.64366 
1.09481 -1.84536 -1.67062 1.3777 -1.19144 -1.19798 2.10277 -1.83865 1.48093 -1.43607 1.52496 2.78804 0.560668 -2.64393 
1.10037 -1.84619 -1.67035 1.3879 -1.19082 -1.19642 2.10764 -1.83765 1.48428 -1.43248 1.5222 2.77787 0.563453 -2.66291 
1.10381 -1.84821 -1.67065 1.39575 -1.18943 -1.19798 2.1135 -1.83723 1.48557 -1.43134 1.5212 2.77247 0.562744 -2.67195 
1.10655 -1.85173 -1.67242 1.40456 -1.18977 -1.20009 2.12096 -1.83504 1.48883 -1.42855 1.51605 2.76908 0.569381 -2.6817 
1.10911 -1.85374 -1.67289 1.41085 -1.18769 -1.20368 2.12508 -1.83269 1.49221 -1.42504 1.5099 2.76425 0.578283 -2.6947 
1.1097 -1.85526 -1.67318 1.41385 -1.18489 -1.20888 2.12693 -1.83293 1.49783 -1.42069 1.50938 2.76135 0.579454 -2.70483 
1.12115 -1.84842 -1.66708 1.42688 -1.18675 -1.19071 2.12619 -1.83328 1.50472 -1.41629 1.5089 2.76265 0.580292 -2.70947 
1.12222 -1.84779 -1.6665 1.4281 -1.18682 -1.18913 2.1261 -1.83383 1.50784 -1.41237 1.50779 2.76118 0.584001 -2.71665 
1.3213 -1.83296 -1.76734 1.91756 -1.41259 -0.91959 2.38815 -1.83377 1.50683 -1.41337 1.50802 2.76147 0.583071 -2.7149 
