1.0914 -1.96041 -1.68319 1.42137 -1.15876 -1.29212 2.20398 -1.11007 0.610447 0.0654194 -1.37338 -1.9629 -1.13369 -0.471729 
1.08635 -1.95766 -1.68338 1.41197 -1.15758 -1.29451 2.19845 -1.11086 0.606558 0.0662759 -1.38231 -1.96055 -1.13132 -0.477188 
1.08384 -1.96138 -1.68643 1.41096 -1.15983 -1.29784 2.20203 -1.11086 0.606549 0.0662777 -1.38233 -1.96054 -1.13132 -0.4772 
1.08333 -1.96123 -1.6876 1.41016 -1.16048 -1.29846 2.20233 -1.11086 0.606549 0.0662777 -1.38233 -1.96054 -1.13132 -0.4772 
1.08207 -1.96264 -1.68851 1.40937 -1.1608 -1.30055 2.20337 -1.11086 0.606549 0.0662777 -1.38233 -1.96054 -1.13132 -0.4772 
1.08335 -1.96206 -1.68807 1.41112 -1.16178 -1.29801 2.20354 -1.11086 0.606549 0.0662777 -1.38233 -1.96054 -1.13132 -0.4772 
1.0829 -1.96127 -1.68778 1.40948 -1.16013 -1.29949 2.20268 -1.11086 0.606549 0.0662777 -1.38233 -1.96054 -1.13132 -0.4772 
1.08193 -1.96268 -1.68937 1.41002 -1.16193 -1.2996 2.20453 -1.11086 0.606549 0.0662777 -1.38233 -1.96054 -1.13132 -0.4772 
1.08341 -1.962 -1.68844 1.41162 -1.16266 -1.29687 2.20449 -1.11086 0.606549 0.0662777 -1.38233 -1.96054 -1.13132 -0.4772 
1.08267 -1.96156 -1.68812 1.40971 -1.16076 -1.29925 2.20328 -1.11086 0.606549 0.0662777 -1.38233 -1.96054 -1.13132 -0.4772 
1.08155 -1.96342 -1.68992 1.41028 -1.16276 -1.2997 2.20564 -1.11086 0.606549 0.0662777 -1.38233 -1.96054 -1.13132 -0.4772 
1.08219 -1.96335 -1.68933 1.41049 -1.16194 -1.2997 2.20547 -1.11086 0.606549 0.0662777 -1.38233 -1.96054 -1.13132 -0.4772 
1.08181 -1.96237 -1.68908 1.40934 -1.16096 -1.3006 2.20385 -1.11086 0.606549 0.0662777 -1.38233 -1.96054 -1.13132 -0.4772 
1.08146 -1.96199 -1.68872 1.40799 -1.15987 -1.30221 2.20191 -1.11086 0.606549 0.0662777 -1.38233 -1.96054 -1.13132 -0.4772 
1.08182 -1.96235 -1.68883 1.40881 -1.16085 -1.30113 2.20222 -1.11086 0.606549 0.0662777 -1.38233 -1.96054 -1.13132 -0.4772 
1.08111 -1.96293 -1.68966 1.40932 -1.16213 -1.3009 2.20346 -1.11086 0.606549 0.0662777 -1.38233 -1.96054 -1.13132 -0.4772 
1.0808 -1.96273 -1.68939 1.40835 -1.16112 -1.30245 2.20328 -1.11086 0.606549 0.0662777 -1.38233 -1.96054 -1.13132 -0.4772 
