1.06514 -1.77404 -1.59413 1.32999 -1.27968 -1.26817 2.10464 -1.86651 1.45006 -1.45949 1.58493 2.81593 0.49094 -2.55237 
1.05905 -1.77572 -1.5946 1.3168 -1.28017 -1.27192 2.10001 -1.87243 1.48391 -1.43577 1.58144 2.79649 0.515501 -2.61059 
1.04293 -1.7742 -1.59022 1.27947 -1.27596 -1.27795 2.07714 -1.86939 1.47571 -1.43345 1.57196 2.78222 0.533193 -2.63124 
1.03654 -1.77284 -1.58836 1.26302 -1.27274 -1.28305 2.06394 -1.8676 1.46418 -1.43599 1.56551 2.77673 0.545195 -2.63409 
1.03038 -1.77339 -1.58794 1.249 -1.26952 -1.29137 2.05307 -1.86733 1.45142 -1.44285 1.56257 2.78306 0.548232 -2.61537 
1.02968 -1.7746 -1.58839 1.24801 -1.26826 -1.2946 2.05571 -1.86818 1.45198 -1.44451 1.56419 2.78705 0.542564 -2.60788 
1.03181 -1.77705 -1.59069 1.25491 -1.26882 -1.29654 2.06502 -1.86682 1.45426 -1.44403 1.56171 2.78568 0.543299 -2.61116 
1.03876 -1.77803 -1.59182 1.26927 -1.27041 -1.29375 2.07381 -1.86483 1.45817 -1.4423 1.55722 2.78377 0.548512 -2.61804 
1.0487 -1.77655 -1.58981 1.28693 -1.26946 -1.28823 2.08099 -1.86084 1.45818 -1.4405 1.54809 2.77774 0.562582 -2.63058 
1.05772 -1.77546 -1.5882 1.30327 -1.26994 -1.28159 2.08841 -1.85879 1.464 -1.43731 1.54567 2.77324 0.564814 -2.64259 
1.06419 -1.77522 -1.58752 1.3157 -1.27094 -1.27657 2.09535 -1.85674 1.48142 -1.42747 1.54451 2.76287 0.565762 -2.67286 
1.06963 -1.77472 -1.5872 1.32598 -1.27242 -1.27196 2.10028 -1.85531 1.47919 -1.42845 1.53964 2.7648 0.571864 -2.67025 
1.07383 -1.77459 -1.58683 1.33361 -1.27241 -1.27005 2.10355 -1.85396 1.47481 -1.42915 1.53508 2.76237 0.57887 -2.67258 
1.078 -1.77384 -1.58577 1.34092 -1.27225 -1.26733 2.10634 -1.85468 1.47354 -1.42967 1.53549 2.76077 0.576904 -2.67335 
1.08225 -1.7742 -1.586 1.3494 -1.27329 -1.26508 2.1111 -1.85474 1.47572 -1.42857 1.53481 2.75894 0.575715 -2.67754 
1.08702 -1.77483 -1.58655 1.35926 -1.27436 -1.26303 2.11712 -1.85466 1.47885 -1.4283 1.53406 2.76126 0.573778 -2.67571 
1.09273 -1.77567 -1.58696 1.37141 -1.2761 -1.25935 2.12584 -1.85432 1.48082 -1.42911 1.53233 2.7665 0.57304 -2.6688 
1.09796 -1.77642 -1.58729 1.38245 -1.27673 -1.25712 2.13316 -1.85316 1.47769 -1.43157 1.52775 2.7708 0.577138 -2.66058 
1.10234 -1.77732 -1.58795 1.39207 -1.27724 -1.25627 2.1387 -1.85422 1.4795 -1.43274 1.52943 2.77489 0.570243 -2.65351 
1.10536 -1.77808 -1.58793 1.39869 -1.27664 -1.25686 2.14179 -1.85541 1.49231 -1.42676 1.53259 2.77599 0.563992 -2.66109 
1.10508 -1.7791 -1.58801 1.39922 -1.27426 -1.26049 2.14321 -1.85628 1.49341 -1.42442 1.53257 2.77363 0.564708 -2.66645 
1.10313 -1.7804 -1.58878 1.39694 -1.27269 -1.26507 2.1431 -1.85476 1.49629 -1.41686 1.52625 2.76191 0.579369 -2.6922 
1.33544 -1.7324 -1.68711 1.91515 -1.49041 -1.02641 2.40303 -1.8549 1.49579 -1.41806 1.52708 2.76355 0.577345 -2.68864 
1.33475 -1.73247 -1.68649 1.9141 -1.48999 -1.02675 2.40155 -1.89059 1.57473 -1.40916 1.61156 2.78377 0.433125 -2.67785 
1.33476 -1.73244 -1.68651 1.91409 -1.49004 -1.02669 2.4015 -1.8958 1.59815 -1.40388 1.628 2.78512 0.405526 -2.68334 
1.33476 -1.73245 -1.68652 1.91408 -1.49003 -1.02668 2.40149 -1.89366 1.57989 -1.40643 1.62014 2.77507 0.422068 -2.69066 
1.33476 -1.73243 -1.68651 1.91408 -1.49004 -1.02668 2.40149 -1.8879 1.56569 -1.40883 1.61239 2.7702 0.432912 -2.69235 
1.33476 -1.73243 -1.68652 1.91408 -1.49003 -1.02668 2.40149 -1.87868 1.53966 -1.41642 1.59682 2.77056 0.454986 -2.68186 
1.33476 -1.73244 -1.68652 1.91408 -1.49003 -1.02667 2.40149 -1.86932 1.51143 -1.4257 1.58319 2.76607 0.471996 -2.67463 
1.33476 -1.73244 -1.68652 1.91408 -1.49003 -1.02667 2.40149 -1.85949 1.50152 -1.42831 1.57559 2.7606 0.476696 -2.67782 
1.33476 -1.73244 -1.68652 1.91408 -1.49003 -1.02667 2.40149 -1.84861 1.47596 -1.43664 1.56288 2.7481 0.491264 -2.6821 
1.33476 -1.73244 -1.68652 1.91408 -1.49003 -1.02667 2.40149 -1.83847 1.44963 -1.4461 1.54872 2.74269 0.509322 -2.67599 
1.33476 -1.73244 -1.68652 1.91408 -1.49003 -1.02667 2.40149 -1.82623 1.42066 -1.45736 1.53268 2.73804 0.530123 -2.66699 
1.33476 -1.73244 -1.68652 1.91408 -1.49003 -1.02667 2.40149 -1.81227 1.39662 -1.46799 1.51522 2.73548 0.551565 -2.65789 
1.33476 -1.73244 -1.68652 1.91408 -1.49003 -1.02667 2.40149 -1.79628 1.36916 -1.48333 1.49309 2.74222 0.578529 -2.63122 
1.33476 -1.73244 -1.68652 1.91408 -1.49003 -1.02667 2.40149 -1.78393 1.35857 -1.49095 1.48081 2.74646 0.587537 -2.61671 
1.33476 -1.73244 -1.68652 1.91408 -1.49003 -1.02667 2.40149 -1.77248 1.34116 -1.50132 1.4716 2.74198 0.592433 -2.60806 
1.33476 -1.73244 -1.68652 1.91408 -1.49003 -1.02666 2.40149 -1.76493 1.33535 -1.50629 1.46586 2.74193 0.592997 -2.6019 
1.33476 -1.73244 -1.68652 1.91408 -1.49003 -1.02666 2.40149 -1.75457 1.32276 -1.51525 1.45286 2.74569 0.606541 -2.58673 
1.33476 -1.73244 -1.68652 1.91408 -1.49003 -1.02666 2.40149 -1.75543 1.33165 -1.51144 1.45609 2.74263 0.599955 -2.59735 
1.33476 -1.73244 -1.68652 1.91408 -1.49003 -1.02666 2.40149 -1.75452 1.33315 -1.51114 1.45413 2.74333 0.603074 -2.59808 
1.33476 -1.73244 -1.68652 1.91408 -1.49003 -1.02666 2.40149 -1.75424 1.33861 -1.50916 1.45038 2.75135 0.608567 -2.59203 
1.33476 -1.73244 -1.68652 1.91408 -1.49003 -1.02666 2.40149 -1.75552 1.33923 -1.50787 1.45227 2.74721 0.606231 -2.59883 
1.33476 -1.73244 -1.68652 1.91408 -1.49003 -1.02666 2.40149 -1.75528 1.33918 -1.5084 1.4481 2.75378 0.613402 -2.59058 
1.33476 -1.73244 -1.68652 1.91408 -1.49003 -1.02666 2.40149 -1.75641 1.34031 -1.50711 1.4485 2.75301 0.613305 -2.59308 
1.33476 -1.73244 -1.68652 1.91408 -1.49003 -1.02666 2.40149 -1.7567 1.34018 -1.50713 1.44969 2.75127 0.611387 -2.59502 
1.13387 -1.77687 -1.5979 1.46099 -1.2892 -1.22892 2.17957 -1.70801 1.28181 -1.52262 1.37356 2.7098 0.748528 -2.65056 
1.10918 -1.78088 -1.59324 1.40805 -1.27644 -1.251 2.15743 -1.72025 1.26381 -1.53399 1.40546 2.70224 0.703734 -2.62549 
1.1066 -1.78124 -1.59271 1.40259 -1.27517 -1.25336 2.15517 -1.72569 1.26122 -1.53641 1.41832 2.70193 0.683964 -2.61641 
1.09909 -1.78733 -1.59711 1.39474 -1.2736 -1.26651 2.15694 -1.72858 1.26025 -1.537 1.42497 2.69949 0.673405 -2.61576 
1.09634 -1.78915 -1.59832 1.39163 -1.27233 -1.27127 2.15751 -1.72961 1.2604 -1.53764 1.42634 2.7021 0.671114 -2.61053 
1.09635 -1.78852 -1.59776 1.39053 -1.27097 -1.27214 2.15617 -1.72877 1.25428 -1.54116 1.42444 2.70306 0.674612 -2.60343 
1.09672 -1.78841 -1.59762 1.3911 -1.27138 -1.27117 2.15679 -1.73138 1.26265 -1.53588 1.42658 2.70414 0.67198 -2.61056 
1.09729 -1.78869 -1.59822 1.39301 -1.27359 -1.26861 2.15823 -1.73355 1.26121 -1.53538 1.42775 2.70487 0.673307 -2.60923 
1.09737 -1.78848 -1.59815 1.39302 -1.27343 -1.26868 2.1578 -1.73604 1.26244 -1.5327 1.42855 2.70433 0.67776 -2.6144 
1.09723 -1.78903 -1.59853 1.39325 -1.27397 -1.26865 2.15815 -1.73888 1.26238 -1.53161 1.42825 2.708 0.685227 -2.61159 
1.09783 -1.78884 -1.59851 1.39429 -1.27508 -1.26699 2.15865 -1.74592 1.2677 -1.52704 1.43536 2.70609 0.682287 -2.62061 
1.09774 -1.78982 -1.59939 1.39529 -1.27681 -1.26611 2.16028 -1.75102 1.27073 -1.52335 1.43866 2.7048 0.685336 -2.62818 
1.09761 -1.7901 -1.59964 1.39576 -1.27723 -1.26591 2.16116 -1.75607 1.27902 -1.51763 1.44116 2.70654 0.688907 -2.63624 
1.09933 -1.78824 -1.59823 1.39699 -1.27709 -1.26284 2.15982 -1.76184 1.28868 -1.5106 1.44574 2.70432 0.689005 -2.65124 
1.09922 -1.78879 -1.59882 1.39729 -1.27814 -1.26269 2.16033 -1.76073 1.28124 -1.51352 1.43861 2.70852 0.705895 -2.64283 
1.09872 -1.78906 -1.59905 1.39696 -1.27804 -1.2637 2.16047 -1.76209 1.28067 -1.51406 1.43541 2.71635 0.715063 -2.63262 
1.09814 -1.78936 -1.59934 1.39641 -1.27769 -1.2648 2.16075 -1.76637 1.27655 -1.51568 1.43855 2.71917 0.715438 -2.62422 
1.09826 -1.78902 -1.599 1.39643 -1.27736 -1.26447 2.16036 -1.77429 1.28691 -1.5094 1.44767 2.72017 0.707191 -2.6322 
1.098 -1.78939 -1.59924 1.39602 -1.27733 -1.26516 2.16003 -1.77902 1.29187 -1.50559 1.45086 2.71953 0.707732 -2.63944 
1.09906 -1.7881 -1.59812 1.39618 -1.2767 -1.26382 2.15895 -1.78112 1.29236 -1.50498 1.44913 2.72068 0.715131 -2.64075 
1.09965 -1.78766 -1.59777 1.39693 -1.27722 -1.26243 2.15884 -1.78697 1.30396 -1.49929 1.45712 2.71847 0.704668 -2.65323 
1.09946 -1.78787 -1.59802 1.39695 -1.27727 -1.26256 2.15939 -1.78795 1.30088 -1.50025 1.45844 2.71417 0.703152 -2.65631 
1.09863 -1.78837 -1.59829 1.39588 -1.27647 -1.2646 2.15884 -1.78862 1.30062 -1.50041 1.45966 2.7104 0.69965 -2.66058 
1.09872 -1.78743 -1.59754 1.39466 -1.27462 -1.26569 2.15722 -1.78668 1.29506 -1.5027 1.45619 2.70643 0.703594 -2.66244 
1.09851 -1.78721 -1.59762 1.39428 -1.27442 -1.2661 2.15711 -1.78303 1.28842 -1.50601 1.44958 2.70674 0.713032 -2.65778 
1.09842 -1.7871 -1.59742 1.394 -1.27415 -1.26632 2.1569 -1.78157 1.28559 -1.50756 1.44659 2.70622 0.716824 -2.65682 
1.09833 -1.78763 -1.59793 1.39454 -1.27487 -1.26591 2.15778 -1.78201 1.28957 -1.50577 1.44616 2.70618 0.717099 -2.66098 
1.09878 -1.78727 -1.59779 1.39508 -1.27531 -1.26496 2.15767 -1.78471 1.29872 -1.50165 1.45023 2.70545 0.709941 -2.66944 
1.09855 -1.78737 -1.59788 1.39505 -1.2752 -1.26483 2.15825 -1.78447 1.29832 -1.50355 1.44849 2.71151 0.711957 -2.65902 
1.09887 -1.78714 -1.59775 1.39541 -1.27539 -1.26413 2.15853 -1.78156 1.29308 -1.5061 1.44211 2.71202 0.722559 -2.65586 
1.09806 -1.78759 -1.59754 1.3936 -1.27356 -1.26711 2.15673 -1.78281 1.29346 -1.50582 1.4442 2.70894 0.719104 -2.66008 
1.09779 -1.78771 -1.59744 1.39288 -1.27278 -1.26807 2.1567 -1.77946 1.28274 -1.51097 1.43813 2.70922 0.729195 -2.65135 
1.09527 -1.78994 -1.59959 1.39123 -1.27355 -1.26698 2.1727 -1.77811 1.27872 -1.51356 1.43577 2.71144 0.732961 -2.64429 
1.09093 -1.7928 -1.60212 1.38611 -1.27284 -1.26803 2.19118 -1.77719 1.27929 -1.51324 1.43369 2.71201 0.736559 -2.64512 
1.08536 -1.79535 -1.60444 1.37817 -1.27092 -1.2708 2.20842 -1.77924 1.28789 -1.50901 1.43696 2.71344 0.730655 -2.65029 
1.07976 -1.79831 -1.60739 1.37046 -1.27013 -1.27278 2.22609 -1.77825 1.28512 -1.51012 1.43558 2.71254 0.733067 -2.64939 
1.0741 -1.80076 -1.60981 1.36254 -1.26869 -1.27471 2.24383 -1.77856 1.28617 -1.50967 1.43563 2.71309 0.732885 -2.64942 
1.07008 -1.80254 -1.61196 1.35747 -1.26892 -1.27329 2.26222 -1.77738 1.28439 -1.51071 1.4334 2.71419 0.736501 -2.64684 
1.06476 -1.80508 -1.61412 1.34961 -1.26675 -1.27651 2.27818 -1.77751 1.28569 -1.51035 1.43352 2.71563 0.736166 -2.64565 
1.05971 -1.808 -1.61677 1.34271 -1.26654 -1.27754 2.29684 -1.7775 1.28135 -1.512 1.43448 2.71229 0.735039 -2.64593 
1.05596 -1.80973 -1.61762 1.3362 -1.26439 -1.27921 2.31081 -1.77759 1.27598 -1.5152 1.43542 2.71219 0.733252 -2.63907 
1.04993 -1.81301 -1.62022 1.32749 -1.26242 -1.28343 2.32745 -1.77767 1.28086 -1.51325 1.43466 2.71463 0.733796 -2.64053 
1.04353 -1.81622 -1.6227 1.31742 -1.25919 -1.28895 2.34451 -1.77862 1.28339 -1.51141 1.43695 2.71177 0.730479 -2.64731 
1.04087 -1.81761 -1.62333 1.31293 -1.25761 -1.28869 2.35924 -1.77805 1.28458 -1.51086 1.43521 2.71284 0.733168 -2.64776 
1.04218 -1.81739 -1.62128 1.31429 -1.25584 -1.28803 2.35969 -1.7768 1.27795 -1.51412 1.43352 2.71208 0.736272 -2.64261 
1.04596 -1.81693 -1.61865 1.31998 -1.25429 -1.28595 2.35992 -1.77624 1.27836 -1.51345 1.43267 2.71017 0.737896 -2.64673 
1.05244 -1.81585 -1.61491 1.32973 -1.25274 -1.28165 2.35967 -1.77612 1.28424 -1.5108 1.43135 2.71261 0.739635 -2.64991 
1.05702 -1.81699 -1.61378 1.33989 -1.25376 -1.27849 2.36314 -1.77854 1.28731 -1.50912 1.43601 2.71131 0.73211 -2.65312 
1.06291 -1.81678 -1.61166 1.35047 -1.25443 -1.27362 2.36507 -1.78047 1.29204 -1.50703 1.43956 2.71203 0.725869 -2.65514 
1.06747 -1.82074 -1.61052 1.36551 -1.25478 -1.26888 2.38329 -1.77903 1.28262 -1.51168 1.43805 2.71052 0.72864 -2.6481 
1.06793 -1.82783 -1.6105 1.37903 -1.25279 -1.26736 2.41568 -1.77725 1.2845 -1.5108 1.4334 2.71355 0.735943 -2.6477 
1.0656 -1.83621 -1.61212 1.39107 -1.25145 -1.26585 2.45607 -1.77784 1.28657 -1.50926 1.4348 2.71148 0.73407 -2.6529 
1.06205 -1.84534 -1.61481 1.40307 -1.25423 -1.26166 2.49511 -1.77911 1.28686 -1.50904 1.43764 2.71014 0.729909 -2.65427 
1.05935 -1.85342 -1.61671 1.41544 -1.25843 -1.25566 2.52851 -1.78007 1.29026 -1.50797 1.43867 2.71374 0.72754 -2.65117 
1.05469 -1.86265 -1.61925 1.42482 -1.2604 -1.25655 2.55587 -1.77945 1.2851 -1.51003 1.43797 2.71112 0.729343 -2.65049 
1.05299 -1.87003 -1.6202 1.43678 -1.26516 -1.25119 2.57997 -1.77895 1.28554 -1.51025 1.43678 2.71333 0.730895 -2.64767 
1.04666 -1.87981 -1.62346 1.44327 -1.26834 -1.25319 2.60413 -1.77967 1.28518 -1.51019 1.43872 2.71175 0.728128 -2.64882 
1.04111 -1.88841 -1.62694 1.44824 -1.27428 -1.25473 2.61801 -1.77863 1.28032 -1.51269 1.43673 2.71179 0.731195 -2.64419 
1.03718 -1.89559 -1.63041 1.45248 -1.28156 -1.25707 2.61861 -1.77883 1.28629 -1.51098 1.43603 2.71734 0.731304 -2.64102 
1.03314 -1.90348 -1.63361 1.45532 -1.28807 -1.26363 2.61107 -1.77789 1.28158 -1.51301 1.43495 2.71516 0.733404 -2.64008 
1.0259 -1.9123 -1.63703 1.45328 -1.28945 -1.28133 2.59106 -1.77897 1.2859 -1.51 1.43693 2.71265 0.730579 -2.64856 
1.02675 -1.91409 -1.6383 1.45589 -1.29396 -1.28031 2.58801 -1.77895 1.28565 -1.50992 1.43681 2.71177 0.730779 -2.65005 
1.02844 -1.9179 -1.64028 1.4603 -1.30424 -1.28189 2.56123 -1.77802 1.28799 -1.50891 1.43436 2.71208 0.733903 -2.65305 
1.03243 -1.91911 -1.64242 1.46278 -1.31673 -1.28377 2.51405 -1.77724 1.28919 -1.50851 1.43261 2.71083 0.735692 -2.65675 
1.03891 -1.91813 -1.64256 1.4648 -1.3274 -1.28483 2.45751 -1.77523 1.28571 -1.51156 1.42877 2.71468 0.739615 -2.64681 
1.0483 -1.91677 -1.64254 1.4704 -1.34042 -1.28195 2.40001 -1.77496 1.28223 -1.51377 1.42849 2.71402 0.738796 -2.64349 
1.05865 -1.91445 -1.64192 1.47619 -1.35179 -1.27773 2.34638 -1.77595 1.28633 -1.51236 1.42955 2.71608 0.73585 -2.64332 
1.06789 -1.91265 -1.64191 1.48114 -1.36242 -1.27375 2.29865 -1.77656 1.28763 -1.5122 1.43016 2.71837 0.734292 -2.64032 
1.07675 -1.91037 -1.64169 1.48471 -1.37155 -1.2704 2.25126 -1.77604 1.28936 -1.5106 1.42806 2.71849 0.737552 -2.64405 
1.08565 -1.9091 -1.6428 1.49046 -1.38437 -1.2639 2.20917 -1.77529 1.28664 -1.51145 1.42669 2.71758 0.739889 -2.6435 
1.09295 -1.90664 -1.64184 1.49219 -1.39065 -1.26053 2.16984 -1.77379 1.28301 -1.51416 1.42338 2.72243 0.743833 -2.63251 
