0.651705 -0.96749 -0.256872 1.48195 -2.47499 -1.91523 1.35271 -1.79477 1.73386 -1.15936 1.57643 2.1859 0.673005 -2.14329 
0.65143 -0.969038 -0.256913 1.4786 -2.47511 -1.91374 1.35164 -1.78234 1.71222 -1.14539 1.54629 2.19379 0.740853 -2.19091 
0.65143 -0.969038 -0.256913 1.4786 -2.47511 -1.91374 1.35164 -1.79538 1.72841 -1.16041 1.57848 2.18245 0.678151 -2.14649 
0.65143 -0.969038 -0.256913 1.4786 -2.47511 -1.91374 1.35164 -1.77989 1.73406 -1.13374 1.55231 2.18258 0.734963 -2.24376 
0.65143 -0.969038 -0.256913 1.4786 -2.47511 -1.91374 1.35164 -1.77603 1.73592 -1.12676 1.54477 2.18316 0.75107 -2.27203 
0.65143 -0.969038 -0.256913 1.4786 -2.47511 -1.91374 1.35164 -1.79444 1.72674 -1.15691 1.57329 2.17847 0.690572 -2.16869 
0.65143 -0.969038 -0.256913 1.4786 -2.47511 -1.91374 1.35164 -1.77977 1.71848 -1.13953 1.54311 2.18457 0.747286 -2.23012 
0.65143 -0.969038 -0.256913 1.4786 -2.47511 -1.91374 1.35164 -1.77301 1.71503 -1.13253 1.529 2.18622 0.772384 -2.26057 
0.65143 -0.969038 -0.256913 1.4786 -2.47511 -1.91374 1.35164 -1.77003 1.71762 -1.13043 1.52322 2.19132 0.778365 -2.26354 
0.65143 -0.969038 -0.256913 1.4786 -2.47511 -1.91374 1.35164 -1.78015 1.72684 -1.14322 1.54411 2.18487 0.734264 -2.22093 
0.65143 -0.969038 -0.256913 1.4786 -2.47511 -1.91374 1.35164 -1.768 1.7269 -1.1262 1.52494 2.17972 0.772202 -2.29621 
0.65143 -0.969038 -0.256913 1.4786 -2.47511 -1.91374 1.35164 -1.76264 1.725 -1.12018 1.51457 2.1814 0.790539 -2.32116 
0.65143 -0.969038 -0.256913 1.4786 -2.47511 -1.91374 1.35164 -1.77095 1.73207 -1.13042 1.52883 2.18393 0.757497 -2.27303 
0.65143 -0.969038 -0.256913 1.4786 -2.47511 -1.91374 1.35164 -1.7713 1.73422 -1.13045 1.52913 2.18459 0.754384 -2.27043 
0.65143 -0.969038 -0.256913 1.4786 -2.47511 -1.91374 1.35164 -1.764 1.73717 -1.11794 1.51806 2.17966 0.776752 -2.32532 
0.65143 -0.969038 -0.256913 1.4786 -2.47511 -1.91374 1.35164 -1.76676 1.73516 -1.12447 1.51917 2.18516 0.76707 -2.2933 
0.65143 -0.969038 -0.256913 1.4786 -2.47511 -1.91374 1.35164 -1.76319 1.72161 -1.12417 1.50697 2.1867 0.788082 -2.2986 
0.65143 -0.969038 -0.256913 1.4786 -2.47511 -1.91374 1.35164 -1.75866 1.73289 -1.11505 1.50165 2.18779 0.794482 -2.32944 
0.65143 -0.969038 -0.256913 1.4786 -2.47511 -1.91374 1.35164 -1.76154 1.7227 -1.12247 1.50149 2.18819 0.791399 -2.3032 
0.65143 -0.969038 -0.256913 1.4786 -2.47511 -1.91374 1.35164 -1.75868 1.73925 -1.11283 1.50207 2.18745 0.787432 -2.33271 
0.65143 -0.969038 -0.256913 1.4786 -2.47511 -1.91374 1.35164 -1.75794 1.74677 -1.10756 1.50297 2.18654 0.785564 -2.3485 
0.65143 -0.969038 -0.256913 1.4786 -2.47511 -1.91374 1.35164 -1.75617 1.74945 -1.10184 1.49969 2.18773 0.792501 -2.36502 
0.65143 -0.969038 -0.256913 1.4786 -2.47511 -1.91374 1.35164 -1.7896 1.52693 -1.35267 1.83139 0.980332 0.441903 -1.27461 
