0.651836 -0.966714 -0.256854 1.48363 -2.47493 -1.91598 1.35325 -1.12119 0.646749 0.0348987 -1.49209 1.53068 1.2347 2.72241 
0.65143 -0.969037 -0.256913 1.4786 -2.47511 -1.91374 1.35164 -1.12665 0.649267 0.0412179 -1.49493 1.54799 1.23782 2.66825 
0.65143 -0.969038 -0.256913 1.4786 -2.47511 -1.91374 1.35164 -1.12753 0.650871 0.043929 -1.49808 1.55907 1.23359 2.64199 
0.65143 -0.969038 -0.256913 1.4786 -2.47511 -1.91374 1.35164 -1.12598 0.648243 0.0421029 -1.49921 1.55746 1.22834 2.63017 
0.65143 -0.969038 -0.256913 1.4786 -2.47511 -1.91374 1.35164 -1.12558 0.647288 0.0417701 -1.50097 1.55975 1.22489 2.65619 
0.65143 -0.969038 -0.256913 1.4786 -2.47511 -1.91374 1.35164 -1.12511 0.64667 0.0410566 -1.50163 1.56018 1.22183 2.65751 
0.65143 -0.969038 -0.256913 1.4786 -2.47511 -1.91374 1.35164 -1.12631 0.649074 0.0423856 -1.50189 1.56568 1.22106 2.64501 
0.65143 -0.969038 -0.256913 1.4786 -2.47511 -1.91374 1.35164 -1.12776 0.652893 0.0436471 -1.49931 1.56787 1.22434 2.64223 
0.65143 -0.969038 -0.256913 1.4786 -2.47511 -1.91374 1.35164 -1.12542 0.654755 0.0403168 -1.49075 1.55614 1.22542 2.66482 
0.65143 -0.969038 -0.256913 1.4786 -2.47511 -1.91374 1.35164 -1.12406 0.657048 0.0386122 -1.48617 1.54947 1.22614 2.66756 
0.65143 -0.969038 -0.256913 1.4786 -2.47511 -1.91374 1.35164 -1.12496 0.658278 0.0399411 -1.48687 1.5548 1.22504 2.65535 
0.65143 -0.969038 -0.256913 1.4786 -2.47511 -1.91374 1.35164 -1.12649 0.659622 0.041539 -1.48806 1.56082 1.22461 2.63335 
0.65143 -0.969038 -0.256913 1.4786 -2.47511 -1.91374 1.35164 -1.12982 0.663374 0.0451742 -1.48939 1.57038 1.22798 2.60326 
0.65143 -0.969038 -0.256913 1.4786 -2.47511 -1.91374 1.35164 -1.13007 0.664469 0.0448204 -1.48653 1.56857 1.2293 2.59831 
0.65143 -0.969038 -0.256913 1.4786 -2.47511 -1.91374 1.35164 -1.13224 0.669685 0.0460573 -1.48114 1.56844 1.23592 2.60294 
0.65143 -0.969038 -0.256913 1.4786 -2.47511 -1.91374 1.35164 -1.13386 0.673797 0.0468969 -1.47694 1.56941 1.23963 2.59535 
0.65143 -0.969038 -0.256913 1.4786 -2.47511 -1.91374 1.35164 -1.13235 0.676131 0.0434581 -1.4675 1.55796 1.24171 2.60878 
0.65143 -0.969038 -0.256913 1.4786 -2.47511 -1.91374 1.35164 -1.13373 0.679248 0.0442305 -1.46447 1.55906 1.2445 2.61964 
0.65143 -0.969038 -0.256913 1.4786 -2.47511 -1.91374 1.35164 -1.13071 0.677087 0.0401707 -1.46053 1.55086 1.23964 2.62976 
0.65143 -0.969038 -0.256913 1.4786 -2.47511 -1.91374 1.35164 -1.13456 0.680526 0.0437404 -1.46126 1.55915 1.24485 2.61701 
0.65143 -0.969038 -0.256913 1.4786 -2.47511 -1.91374 1.35164 -1.13996 0.682768 0.0498686 -1.46906 1.57736 1.24731 2.588 
0.65143 -0.969038 -0.256913 1.4786 -2.47511 -1.91374 1.35164 -1.14015 0.682037 0.0481703 -1.46432 1.57052 1.25073 2.5819 
0.65143 -0.969038 -0.256913 1.4786 -2.47511 -1.91374 1.35164 -0.991885 0.655593 -0.031808 -1.32562 1.29899 1.16594 2.70589 
0.65143 -0.969038 -0.256913 1.4786 -2.47511 -1.91374 1.35164 -0.978239 0.66635 -0.0442323 -1.29326 1.26236 1.18198 2.77013 
0.65143 -0.969038 -0.256913 1.4786 -2.47511 -1.91374 1.35164 -0.975264 0.673124 -0.0452679 -1.28417 1.25602 1.18677 2.78151 
0.65143 -0.969038 -0.256913 1.4786 -2.47511 -1.91374 1.35164 -0.971703 0.675382 -0.0491509 -1.27787 1.24823 1.18904 2.80002 
0.65143 -0.969038 -0.256913 1.4786 -2.47511 -1.91374 1.35164 -0.972529 0.678531 -0.049448 -1.27445 1.24777 1.19378 2.81041 
0.65143 -0.969038 -0.256913 1.4786 -2.47511 -1.91374 1.35164 -0.978204 0.667794 -0.0426381 -1.2922 1.26289 1.18154 2.76151 
0.65143 -0.969038 -0.256913 1.4786 -2.47511 -1.91374 1.35164 -0.976988 0.677135 -0.0459546 -1.27802 1.25481 1.19455 2.7958 
0.65143 -0.969038 -0.256913 1.4786 -2.47511 -1.91374 1.35164 -0.980772 0.669563 -0.0417426 -1.29117 1.26649 1.18432 2.76658 
0.65143 -0.969038 -0.256913 1.4786 -2.47511 -1.91374 1.35164 -0.981346 0.674743 -0.0419625 -1.28745 1.26699 1.18779 2.7791 
0.65143 -0.969038 -0.256913 1.4786 -2.47511 -1.91374 1.35164 -0.979534 0.676681 -0.0450453 -1.28306 1.26276 1.19039 2.80207 
0.65143 -0.969038 -0.256913 1.4786 -2.47511 -1.91374 1.35164 -0.983145 0.672201 -0.0415469 -1.29028 1.27013 1.18669 2.78056 
0.65143 -0.969038 -0.256913 1.4786 -2.47511 -1.91374 1.35164 -0.984564 0.676544 -0.0406361 -1.28725 1.27124 1.19038 2.78239 
0.65143 -0.969038 -0.256913 1.4786 -2.47511 -1.91374 1.35164 -0.984869 0.680491 -0.0421681 -1.27935 1.26603 1.20003 2.79848 
0.65143 -0.969038 -0.256913 1.4786 -2.47511 -1.91374 1.35164 -0.985721 0.677486 -0.0423418 -1.28409 1.26761 1.19809 2.79752 
0.65143 -0.969038 -0.256913 1.4786 -2.47511 -1.91374 1.35164 -0.98727 0.678653 -0.0436615 -1.28133 1.26415 1.20661 2.81134 
0.65143 -0.969038 -0.256913 1.4786 -2.47511 -1.91374 1.35164 -0.991648 0.676514 -0.0414284 -1.28788 1.26886 1.2073 2.79567 
0.65143 -0.969038 -0.256913 1.4786 -2.47511 -1.91374 1.35164 -0.994535 0.670149 -0.0400506 -1.30022 1.27406 1.20026 2.77153 
0.65143 -0.969038 -0.256913 1.4786 -2.47511 -1.91374 1.35164 -1.00013 0.672351 -0.0381786 -1.30018 1.27709 1.21093 2.77552 
0.65143 -0.969038 -0.256913 1.4786 -2.47511 -1.91374 1.35164 -1.00559 0.672297 -0.0359501 -1.30448 1.28198 1.2164 2.76858 
0.65143 -0.969038 -0.256913 1.4786 -2.47511 -1.91374 1.35164 -1.00557 0.672839 -0.0397345 -1.29778 1.27026 1.22629 2.77832 
0.65143 -0.969038 -0.256913 1.4786 -2.47511 -1.91374 1.35164 -1.01097 0.674372 -0.0378836 -1.29939 1.2744 1.23306 2.77537 
0.65143 -0.969038 -0.256913 1.4786 -2.47511 -1.91374 1.35164 -1.01347 0.669568 -0.0370872 -1.30793 1.27638 1.22955 2.75354 
0.65143 -0.969038 -0.256913 1.4786 -2.47511 -1.91374 1.35164 -1.0162 0.668786 -0.0376298 -1.30793 1.27509 1.23552 2.75661 
0.65143 -0.969038 -0.256913 1.4786 -2.47511 -1.91374 1.35164 -1.02229 0.668442 -0.0344227 -1.31368 1.28199 1.23882 2.74151 
0.65143 -0.969038 -0.256913 1.4786 -2.47511 -1.91374 1.35164 -1.02258 0.669068 -0.0374759 -1.30817 1.27341 1.24755 2.75487 
0.65143 -0.969038 -0.256913 1.4786 -2.47511 -1.91374 1.35164 -1.02549 0.668353 -0.0369902 -1.31164 1.27645 1.24872 2.7527 
0.65143 -0.969038 -0.256913 1.4786 -2.47511 -1.91374 1.35164 -1.03027 0.669754 -0.034399 -1.31525 1.284 1.25061 2.74754 
0.65143 -0.969038 -0.256913 1.4786 -2.47511 -1.91374 1.35164 -1.03249 0.670238 -0.0331535 -1.31738 1.28767 1.24999 2.73967 
0.65143 -0.969038 -0.256913 1.4786 -2.47511 -1.91374 1.35164 -1.03546 0.672131 -0.0306724 -1.3181 1.29349 1.25124 2.73375 
0.65143 -0.969038 -0.256913 1.4786 -2.47511 -1.91374 1.35164 -1.03345 0.670988 -0.0325137 -1.31582 1.2882 1.24887 2.72911 
0.65143 -0.969038 -0.256913 1.4786 -2.47511 -1.91374 1.35164 -1.02975 0.671509 -0.0370236 -1.30879 1.27824 1.25062 2.74737 
0.65143 -0.969038 -0.256913 1.4786 -2.47511 -1.91374 1.35164 -1.02606 0.669537 -0.0409979 -1.30614 1.27085 1.24792 2.75711 
0.65143 -0.969038 -0.256913 1.4786 -2.47511 -1.91374 1.35164 -1.02479 0.667799 -0.0423784 -1.30791 1.26991 1.24415 2.75867 
0.65143 -0.969038 -0.256913 1.4786 -2.47511 -1.91374 1.35164 -1.02524 0.667616 -0.0421032 -1.30929 1.27094 1.24253 2.75464 
0.65143 -0.969038 -0.256913 1.4786 -2.47511 -1.91374 1.35164 -1.02875 0.670763 -0.0393795 -1.30938 1.27663 1.24608 2.75241 
0.65143 -0.969038 -0.256913 1.4786 -2.47511 -1.91374 1.35164 -1.02933 0.67343 -0.0391376 -1.30392 1.27206 1.25043 2.74118 
0.65143 -0.969038 -0.256913 1.4786 -2.47511 -1.91374 1.35164 -1.0303 0.675768 -0.0391052 -1.3014 1.27267 1.25483 2.753 
0.65143 -0.969038 -0.256913 1.4786 -2.47511 -1.91374 1.35164 -1.03293 0.676546 -0.0363429 -1.3037 1.2776 1.25359 2.73676 
0.65143 -0.969038 -0.256913 1.4786 -2.47511 -1.91374 1.35164 -1.03077 0.677424 -0.0388015 -1.29969 1.27274 1.25434 2.7474 
0.65143 -0.969038 -0.256913 1.4786 -2.47511 -1.91374 1.35164 -1.03062 0.67907 -0.0393344 -1.29677 1.27168 1.25576 2.75225 
0.65143 -0.969038 -0.256913 1.4786 -2.47511 -1.91374 1.35164 -1.03055 0.681093 -0.0398807 -1.29223 1.26916 1.25892 2.75615 
0.65143 -0.969038 -0.256913 1.4786 -2.47511 -1.91374 1.35164 -1.02779 0.680577 -0.0429947 -1.28834 1.26251 1.25929 2.76618 
0.65143 -0.969038 -0.256913 1.4786 -2.47511 -1.91374 1.35164 -1.02957 0.681951 -0.0413625 -1.2893 1.26648 1.26013 2.76387 
0.65143 -0.969038 -0.256913 1.4786 -2.47511 -1.91374 1.35164 -1.02809 0.680663 -0.0430998 -1.28811 1.26259 1.2597 2.76666 
0.65143 -0.969038 -0.256913 1.4786 -2.47511 -1.91374 1.35164 -1.02818 0.680403 -0.0433026 -1.28865 1.26395 1.25975 2.7744 
0.65143 -0.969038 -0.256913 1.4786 -2.47511 -1.91374 1.35164 -1.02888 0.679717 -0.0423664 -1.2902 1.26635 1.25797 2.76904 
0.65143 -0.969038 -0.256913 1.4786 -2.47511 -1.91374 1.35164 -1.02952 0.681299 -0.0421235 -1.28822 1.26772 1.26047 2.77806 
0.65143 -0.969038 -0.256913 1.4786 -2.47511 -1.91374 1.35164 -1.02924 0.682102 -0.042122 -1.2855 1.26642 1.26175 2.77644 
0.65143 -0.969038 -0.256913 1.4786 -2.47511 -1.91374 1.35164 -1.02939 0.682201 -0.041776 -1.28532 1.26754 1.26099 2.77615 
0.65143 -0.969038 -0.256913 1.4786 -2.47511 -1.91374 1.35164 -1.03324 0.682479 -0.0370247 -1.2911 1.27741 1.2582 2.75416 
0.65143 -0.969038 -0.256913 1.4786 -2.47511 -1.91374 1.35164 -1.02758 0.68033 -0.0426919 -1.28679 1.26807 1.25613 2.77881 
0.65143 -0.969038 -0.256913 1.4786 -2.47511 -1.91374 1.35164 -1.02386 0.680754 -0.0466486 -1.28104 1.26164 1.25855 2.80732 
0.65143 -0.969038 -0.256913 1.4786 -2.47511 -1.91374 1.35164 -1.02326 0.680778 -0.0465579 -1.28082 1.26225 1.25757 2.80881 
0.65143 -0.969038 -0.256913 1.4786 -2.47511 -1.91374 1.35164 -1.02032 0.680126 -0.0488173 -1.27828 1.25881 1.25571 2.82011 
0.65143 -0.969038 -0.256913 1.4786 -2.47511 -1.91374 1.35164 -1.02204 0.68019 -0.0458347 -1.28179 1.26567 1.25231 2.80844 
0.65143 -0.969038 -0.256913 1.4786 -2.47511 -1.91374 1.35164 -1.02299 0.680802 -0.0435875 -1.28372 1.27105 1.24998 2.80362 
0.65143 -0.969038 -0.256913 1.4786 -2.47511 -1.91374 1.35164 -1.02315 0.678448 -0.0411825 -1.28977 1.27684 1.24205 2.78513 
0.65143 -0.969038 -0.256913 1.4786 -2.47511 -1.91374 1.35164 -1.01991 0.679024 -0.0437282 -1.28415 1.26989 1.24317 2.7939 
0.65143 -0.969038 -0.256913 1.4786 -2.47511 -1.91374 1.35164 -1.01783 0.677924 -0.0442451 -1.28377 1.26706 1.24001 2.78666 
0.65143 -0.969038 -0.256913 1.4786 -2.47511 -1.91374 1.35164 -1.01826 0.681438 -0.0438357 -1.2791 1.26769 1.24659 2.80503 
0.65143 -0.969038 -0.256913 1.4786 -2.47511 -1.91374 1.35164 -1.01991 0.6817 -0.0415225 -1.28216 1.27475 1.24502 2.8047 
0.65143 -0.969038 -0.256913 1.4786 -2.47511 -1.91374 1.35164 -1.02119 0.678917 -0.0391391 -1.28832 1.2814 1.23895 2.78913 
0.65143 -0.969038 -0.256913 1.4786 -2.47511 -1.91374 1.35164 -1.02136 0.678729 -0.0392004 -1.28596 1.27976 1.24051 2.78557 
0.65143 -0.969038 -0.256913 1.4786 -2.47511 -1.91374 1.35164 -1.02438 0.677985 -0.0362113 -1.28978 1.28703 1.23961 2.77634 
0.65143 -0.969038 -0.256913 1.4786 -2.47511 -1.91374 1.35164 -1.02844 0.678726 -0.0325549 -1.29264 1.29609 1.24204 2.77399 
0.65143 -0.969038 -0.256913 1.4786 -2.47511 -1.91374 1.35164 -1.02854 0.679049 -0.0332655 -1.28906 1.29281 1.24642 2.77797 
0.65143 -0.969038 -0.256913 1.4786 -2.47511 -1.91374 1.35164 -1.03321 0.678816 -0.0318382 -1.28867 1.29366 1.25379 2.77003 
0.65143 -0.969038 -0.256913 1.4786 -2.47511 -1.91374 1.35164 -1.04769 0.679428 -0.0220651 -1.3013 1.31604 1.26218 2.74259 
0.65143 -0.969038 -0.256913 1.4786 -2.47511 -1.91374 1.35164 -1.05504 0.677992 -0.0210234 -1.30338 1.32011 1.27277 2.74834 
0.65143 -0.969038 -0.256913 1.4786 -2.47511 -1.91374 1.35164 -1.07248 0.68085 -0.00802985 -1.31744 1.34923 1.2835 2.70987 
0.65143 -0.969038 -0.256913 1.4786 -2.47511 -1.91374 1.35164 -1.07846 0.679955 -0.00826394 -1.31621 1.34772 1.29428 2.7101 
0.65143 -0.969038 -0.256913 1.4786 -2.47511 -1.91374 1.35164 -1.08525 0.678643 -0.00745844 -1.31888 1.35101 1.30316 2.71234 
0.65143 -0.969038 -0.256913 1.4786 -2.47511 -1.91374 1.35164 -1.09078 0.676041 -0.00788892 -1.32212 1.35431 1.30975 2.72732 
0.65143 -0.969038 -0.256913 1.4786 -2.47511 -1.91374 1.35164 -0.983855 0.668811 -0.0423262 -1.28902 1.26066 1.19546 2.77744 
0.65143 -0.969038 -0.256913 1.4786 -2.47511 -1.91374 1.35164 -0.977469 0.670308 -0.0470751 -1.28142 1.25015 1.19524 2.79995 
0.65143 -0.969038 -0.256913 1.4786 -2.47511 -1.91374 1.35164 -0.976732 0.677189 -0.0449485 -1.27762 1.25188 1.19605 2.79776 
0.65143 -0.969038 -0.256913 1.4786 -2.47511 -1.91374 1.35164 -0.97485 0.677094 -0.0456415 -1.27794 1.24991 1.19129 2.78943 
0.65143 -0.969038 -0.256913 1.4786 -2.47511 -1.91374 1.35164 -0.975923 0.677694 -0.0449972 -1.2797 1.25338 1.18993 2.79058 
0.65143 -0.969038 -0.256913 1.4786 -2.47511 -1.91374 1.35164 -0.97524 0.680277 -0.0476522 -1.2727 1.24765 1.19686 2.80824 
0.65143 -0.969038 -0.256913 1.4786 -2.47511 -1.91374 1.35164 -0.97531 0.680148 -0.0483526 -1.27209 1.24756 1.1975 2.81469 
0.65143 -0.969038 -0.256913 1.4786 -2.47511 -1.91374 1.35164 -0.980062 0.679261 -0.0433407 -1.27992 1.25937 1.1928 2.79229 
0.65143 -0.969038 -0.256913 1.4786 -2.47511 -1.91374 1.35164 -0.981403 0.677247 -0.0426037 -1.28092 1.2613 1.19479 2.79328 
0.65143 -0.969038 -0.256913 1.4786 -2.47511 -1.91374 1.35164 -0.981437 0.678879 -0.0437493 -1.27884 1.26143 1.19596 2.804 
0.65143 -0.969038 -0.256913 1.4786 -2.47511 -1.91374 1.35164 -0.982684 0.677652 -0.0428177 -1.28141 1.26379 1.1954 2.79976 
0.65143 -0.969038 -0.256913 1.4786 -2.47511 -1.91374 1.35164 -0.98463 0.675881 -0.0402391 -1.28956 1.27282 1.18781 2.78585 
0.65143 -0.969038 -0.256913 1.4786 -2.47511 -1.91374 1.35164 -0.982634 0.676474 -0.0436128 -1.28407 1.26491 1.19216 2.8001 
0.65143 -0.969038 -0.256913 1.4786 -2.47511 -1.91374 1.35164 -0.985384 0.676554 -0.0423569 -1.2852 1.26675 1.19601 2.79758 
0.65143 -0.969038 -0.256913 1.4786 -2.47511 -1.91374 1.35164 -0.988135 0.678134 -0.0420478 -1.28242 1.26479 1.20494 2.80052 
0.65143 -0.969038 -0.256913 1.4786 -2.47511 -1.91374 1.35164 -0.992193 0.675949 -0.0404556 -1.28891 1.26989 1.20604 2.79454 
0.65143 -0.969038 -0.256913 1.4786 -2.47511 -1.91374 1.35164 -0.994817 0.675027 -0.040919 -1.29055 1.26842 1.21058 2.79229 
0.65143 -0.969038 -0.256913 1.4786 -2.47511 -1.91374 1.35164 -1.00487 0.677412 -0.0342893 -1.29753 1.28251 1.21883 2.77933 
0.65143 -0.969038 -0.256913 1.4786 -2.47511 -1.91374 1.35164 -1.00652 0.674764 -0.0354474 -1.30037 1.2809 1.22117 2.77862 
0.65143 -0.969038 -0.256913 1.4786 -2.47511 -1.91374 1.35164 -1.00921 0.67569 -0.0367191 -1.29803 1.27655 1.2304 2.78532 
0.65143 -0.969038 -0.256913 1.4786 -2.47511 -1.91374 1.35164 -1.0139 0.672697 -0.0342827 -1.30659 1.28323 1.22942 2.76846 
0.65143 -0.969038 -0.256913 1.4786 -2.47511 -1.91374 1.35164 -1.01728 0.670754 -0.0334049 -1.3099 1.28306 1.23111 2.74816 
