0.651705 -0.96749 -0.256872 1.48195 -2.47499 -1.91523 1.35271 -1.87965 1.40834 -1.47352 1.5923 2.78649 0.477425 -2.46278 
0.65143 -0.969038 -0.256913 1.4786 -2.47511 -1.91374 1.35164 -1.86673 1.4591 -1.4339 1.56853 2.75296 0.523085 -2.56104 
0.65143 -0.969038 -0.256913 1.4786 -2.47511 -1.91374 1.35164 -1.85617 1.48748 -1.41387 1.55382 2.73745 0.552031 -2.61572 
0.65143 -0.969038 -0.256913 1.4786 -2.47511 -1.91374 1.35164 -1.8539 1.48747 -1.41301 1.54845 2.74003 0.562404 -2.61565 
0.65143 -0.969038 -0.256913 1.4786 -2.47511 -1.91374 1.35164 -1.85431 1.48323 -1.41529 1.54877 2.73837 0.561138 -2.61414 
0.65143 -0.969038 -0.256913 1.4786 -2.47511 -1.91374 1.35164 -1.85452 1.481 -1.41686 1.54862 2.73888 0.559655 -2.61113 
0.65143 -0.969038 -0.256913 1.4786 -2.47511 -1.91374 1.35164 -1.85267 1.48059 -1.41879 1.54388 2.74457 0.56365 -2.60291 
0.65143 -0.969038 -0.256913 1.4786 -2.47511 -1.91374 1.35164 -1.85031 1.4801 -1.41853 1.538 2.74349 0.571222 -2.60614 
0.65143 -0.969038 -0.256913 1.4786 -2.47511 -1.91374 1.35164 -1.84675 1.47848 -1.41753 1.52985 2.73783 0.582869 -2.61694 
0.65143 -0.969038 -0.256913 1.4786 -2.47511 -1.91374 1.35164 -1.84342 1.47662 -1.41841 1.5217 2.74061 0.594355 -2.61451 
0.65143 -0.969038 -0.256913 1.4786 -2.47511 -1.91374 1.35164 -1.84321 1.48742 -1.41295 1.52395 2.73309 0.589177 -2.63375 
0.65143 -0.969038 -0.256913 1.4786 -2.47511 -1.91374 1.35164 -1.84274 1.49364 -1.41022 1.52356 2.73238 0.587836 -2.63967 
0.65143 -0.969038 -0.256913 1.4786 -2.47511 -1.91374 1.35164 -1.84157 1.50204 -1.4057 1.52194 2.73018 0.588942 -2.65115 
0.65143 -0.969038 -0.256913 1.4786 -2.47511 -1.91374 1.35164 -1.84129 1.50197 -1.40561 1.52026 2.73098 0.590214 -2.65022 
0.65143 -0.969038 -0.256913 1.4786 -2.47511 -1.91374 1.35164 -1.84137 1.50651 -1.40332 1.52049 2.72741 0.5881 -2.65886 
0.65143 -0.969038 -0.256913 1.4786 -2.47511 -1.91374 1.35164 -1.84063 1.50526 -1.40406 1.51709 2.72806 0.591024 -2.65756 
0.65143 -0.969038 -0.256913 1.4786 -2.47511 -1.91374 1.35164 -1.84053 1.49348 -1.4106 1.51375 2.73039 0.592949 -2.64385 
0.65143 -0.969038 -0.256913 1.4786 -2.47511 -1.91374 1.35164 -1.83958 1.49483 -1.41154 1.51027 2.73791 0.594931 -2.63395 
0.65143 -0.969038 -0.256913 1.4786 -2.47511 -1.91374 1.35164 -1.83939 1.49003 -1.41356 1.50866 2.7355 0.59512 -2.63358 
0.65143 -0.969038 -0.256913 1.4786 -2.47511 -1.91374 1.35164 -1.84004 1.4897 -1.41285 1.50787 2.73423 0.595607 -2.63556 
0.65143 -0.969038 -0.256913 1.4786 -2.47511 -1.91374 1.35164 -1.84058 1.49882 -1.40676 1.50954 2.73028 0.593373 -2.64998 
0.65143 -0.969038 -0.256913 1.4786 -2.47511 -1.91374 1.35164 -1.83928 1.51438 -1.39389 1.50689 2.71937 0.601174 -2.68499 
0.65143 -0.969038 -0.256913 1.4786 -2.47511 -1.91374 1.35164 -1.62493 1.27184 -1.5726 1.17442 2.82071 0.960304 -1.97557 
0.65143 -0.969038 -0.256913 1.4786 -2.47511 -1.91374 1.35164 -1.59639 1.26529 -1.57973 1.13014 2.82072 1.01271 -1.90612 
0.65143 -0.969038 -0.256913 1.4786 -2.47511 -1.91374 1.35164 -1.59488 1.26463 -1.58041 1.12713 2.82073 1.01601 -1.8975 
0.65143 -0.969038 -0.256913 1.4786 -2.47511 -1.91374 1.35164 -1.59591 1.26453 -1.58054 1.12828 2.82073 1.01441 -1.89265 
0.65143 -0.969038 -0.256913 1.4786 -2.47511 -1.91374 1.35164 -1.60226 1.30256 -1.55454 1.1297 2.82073 1.00581 -1.86051 
0.65143 -0.969038 -0.256913 1.4786 -2.47511 -1.91374 1.35164 -1.59944 1.27958 -1.56217 1.13139 2.80175 1.01245 -1.87079 
0.65143 -0.969038 -0.256913 1.4786 -2.47511 -1.91374 1.35164 -1.60058 1.27771 -1.56226 1.13299 2.80081 1.01147 -1.87034 
0.65143 -0.969038 -0.256913 1.4786 -2.47511 -1.91374 1.35164 -1.61797 1.30706 -1.54722 1.15482 2.81789 0.973654 -1.87259 
0.65143 -0.969038 -0.256913 1.4786 -2.47511 -1.91374 1.35164 -1.60957 1.28397 -1.55672 1.14183 2.80716 1.00225 -1.86851 
0.65143 -0.969038 -0.256913 1.4786 -2.47511 -1.91374 1.35164 -1.61296 1.28226 -1.55538 1.14439 2.80716 1.00451 -1.86947 
0.65143 -0.969038 -0.256913 1.4786 -2.47511 -1.91374 1.35164 -1.61823 1.28282 -1.5529 1.14964 2.80831 1.00328 -1.87104 
0.65143 -0.969038 -0.256913 1.4786 -2.47511 -1.91374 1.35164 -1.63798 1.31524 -1.53332 1.17496 2.82073 0.968355 -1.85046 
0.65143 -0.969038 -0.256913 1.4786 -2.47511 -1.91374 1.35164 -1.63323 1.29477 -1.53851 1.16602 2.80588 0.993151 -1.86348 
0.65143 -0.969038 -0.256913 1.4786 -2.47511 -1.91374 1.35164 -1.63747 1.29432 -1.53651 1.16918 2.80643 0.99554 -1.86522 
0.65143 -0.969038 -0.256913 1.4786 -2.47511 -1.91374 1.35164 -1.64178 1.29563 -1.53406 1.17228 2.80838 0.997053 -1.86628 
0.65143 -0.969038 -0.256913 1.4786 -2.47511 -1.91374 1.35164 -1.64638 1.29684 -1.53162 1.1761 2.80977 0.997151 -1.86773 
0.65143 -0.969038 -0.256913 1.4786 -2.47511 -1.91374 1.35164 -1.65135 1.29769 -1.52908 1.18076 2.81025 0.996099 -1.87046 
0.65143 -0.969038 -0.256913 1.4786 -2.47511 -1.91374 1.35164 -1.65681 1.29852 -1.52681 1.18627 2.81094 0.993843 -1.87219 
0.65143 -0.969038 -0.256913 1.4786 -2.47511 -1.91374 1.35164 -1.6795 1.31702 -1.51496 1.22277 2.81381 0.943988 -1.88252 
0.65143 -0.969038 -0.256913 1.4786 -2.47511 -1.91374 1.35164 -1.67017 1.30361 -1.52177 1.20195 2.81342 0.981967 -1.87515 
0.65143 -0.969038 -0.256913 1.4786 -2.47511 -1.91374 1.35164 -1.67223 1.30244 -1.52215 1.20319 2.81307 0.984523 -1.87498 
0.65143 -0.969038 -0.256913 1.4786 -2.47511 -1.91374 1.35164 -1.67455 1.30216 -1.52243 1.20599 2.81228 0.983023 -1.87512 
0.65143 -0.969038 -0.256913 1.4786 -2.47511 -1.91374 1.35164 -1.68463 1.33413 -1.50433 1.22106 2.82073 0.958531 -1.87936 
0.65143 -0.969038 -0.256913 1.4786 -2.47511 -1.91374 1.35164 -1.67721 1.31214 -1.51667 1.20898 2.81033 0.978977 -1.87224 
0.65143 -0.969038 -0.256913 1.4786 -2.47511 -1.91374 1.35164 -1.67507 1.31 -1.51868 1.20501 2.80934 0.984692 -1.87146 
0.65143 -0.969038 -0.256913 1.4786 -2.47511 -1.91374 1.35164 -1.67494 1.30979 -1.51918 1.20463 2.80831 0.985452 -1.87259 
0.65143 -0.969038 -0.256913 1.4786 -2.47511 -1.91374 1.35164 -1.68172 1.32549 -1.51301 1.21444 2.82064 0.968957 -1.86602 
0.65143 -0.969038 -0.256913 1.4786 -2.47511 -1.91374 1.35164 -1.67801 1.3144 -1.51762 1.20877 2.80996 0.980091 -1.87363 
0.65143 -0.969038 -0.256913 1.4786 -2.47511 -1.91374 1.35164 -1.67809 1.31427 -1.51766 1.20859 2.80888 0.981114 -1.87557 
0.65143 -0.969038 -0.256913 1.4786 -2.47511 -1.91374 1.35164 -1.67773 1.31558 -1.51739 1.20711 2.80981 0.983744 -1.87635 
0.65143 -0.969038 -0.256913 1.4786 -2.47511 -1.91374 1.35164 -1.81925 1.55166 -1.34456 1.48742 2.60006 0.641359 -2.51412 
0.65143 -0.969038 -0.256913 1.4786 -2.47511 -1.91374 1.35164 -1.81999 1.5634 -1.33107 1.49039 2.58654 0.647521 -2.55552 
0.65143 -0.969038 -0.256913 1.4786 -2.47511 -1.91374 1.35164 -1.81536 1.56528 -1.32022 1.4841 2.57363 0.668008 -2.59426 
0.65143 -0.969038 -0.256913 1.4786 -2.47511 -1.91374 1.35164 -1.80881 1.55471 -1.31871 1.47734 2.56102 0.682592 -2.61545 
0.65143 -0.969038 -0.256913 1.4786 -2.47511 -1.91374 1.35164 -1.80276 1.53156 -1.32761 1.47145 2.55393 0.69025 -2.60764 
0.65143 -0.969038 -0.256913 1.4786 -2.47511 -1.91374 1.35164 -1.79284 1.51529 -1.33106 1.4614 2.54339 0.705088 -2.61788 
0.65143 -0.969038 -0.256913 1.4786 -2.47511 -1.91374 1.35164 -1.78238 1.49218 -1.3406 1.44897 2.53958 0.720991 -2.60779 
0.65143 -0.969038 -0.256913 1.4786 -2.47511 -1.91374 1.35164 -1.77151 1.48167 -1.34488 1.43846 2.53793 0.732423 -2.60596 
0.65143 -0.969038 -0.256913 1.4786 -2.47511 -1.91374 1.35164 -1.75817 1.46048 -1.35311 1.42217 2.5339 0.75414 -2.60148 
0.65143 -0.969038 -0.256913 1.4786 -2.47511 -1.91374 1.35164 -1.74702 1.44481 -1.35987 1.41223 2.52752 0.766116 -2.6013 
0.65143 -0.969038 -0.256913 1.4786 -2.47511 -1.91374 1.35164 -1.73595 1.43112 -1.36738 1.40272 2.52262 0.774749 -2.59787 
0.65143 -0.969038 -0.256913 1.4786 -2.47511 -1.91374 1.35164 -1.71938 1.404 -1.38129 1.38233 2.51983 0.800821 -2.58276 
0.65143 -0.969038 -0.256913 1.4786 -2.47511 -1.91374 1.35164 -1.70677 1.38742 -1.39055 1.37288 2.51071 0.808908 -2.58148 
0.65143 -0.969038 -0.256913 1.4786 -2.47511 -1.91374 1.35164 -1.69275 1.3724 -1.40088 1.3579 2.51224 0.823647 -2.5654 
0.65143 -0.969038 -0.256913 1.4786 -2.47511 -1.91374 1.35164 -1.68524 1.36962 -1.40527 1.35196 2.51239 0.825354 -2.55966 
0.65143 -0.969038 -0.256913 1.4786 -2.47511 -1.91374 1.35164 -1.67946 1.36399 -1.4095 1.34839 2.50704 0.826855 -2.56101 
0.65143 -0.969038 -0.256913 1.4786 -2.47511 -1.91374 1.35164 -1.67358 1.35915 -1.41242 1.33887 2.50814 0.839431 -2.55942 
0.65143 -0.969038 -0.256913 1.4786 -2.47511 -1.91374 1.35164 -1.67444 1.36172 -1.41202 1.34176 2.50627 0.833971 -2.56227 
0.65143 -0.969038 -0.256913 1.4786 -2.47511 -1.91374 1.35164 -1.6753 1.3637 -1.41181 1.34261 2.50903 0.831218 -2.55742 
0.65143 -0.969038 -0.256913 1.4786 -2.47511 -1.91374 1.35164 -1.67584 1.36525 -1.41039 1.34308 2.50677 0.831085 -2.56427 
0.65143 -0.969038 -0.256913 1.4786 -2.47511 -1.91374 1.35164 -1.67512 1.36497 -1.41102 1.33911 2.51235 0.836114 -2.55649 
0.65143 -0.969038 -0.256913 1.4786 -2.47511 -1.91374 1.35164 -1.66272 0.528507 -2.07222 1.83317 2.55902 -0.099002 -1.6154 
0.65143 -0.969038 -0.256913 1.4786 -2.47511 -1.91374 1.35164 -1.59183 0.465706 -2.17089 1.85646 2.62489 -0.152137 -1.60607 
0.65143 -0.969038 -0.256913 1.4786 -2.47511 -1.91374 1.35164 -1.52787 0.421766 -2.24963 1.86291 2.66364 -0.163426 -1.62161 
0.65143 -0.969038 -0.256913 1.4786 -2.47511 -1.91374 1.35164 -1.50274 0.413086 -2.27337 1.85576 2.6729 -0.150592 -1.62812 
0.65143 -0.969038 -0.256913 1.4786 -2.47511 -1.91374 1.35164 -1.48543 0.4128 -2.28452 1.84194 2.67568 -0.126923 -1.63133 
0.65143 -0.969038 -0.256913 1.4786 -2.47511 -1.91374 1.35164 -1.47538 0.417759 -2.28188 1.81787 2.66785 -0.0760774 -1.63681 
0.65143 -0.969038 -0.256913 1.4786 -2.47511 -1.91374 1.35164 -1.47419 0.429857 -2.26855 1.79287 2.65477 -0.0268135 -1.6469 
0.65143 -0.969038 -0.256913 1.4786 -2.47511 -1.91374 1.35164 -1.47025 0.442987 -2.25732 1.767 2.64293 0.0218152 -1.65924 
0.65143 -0.969038 -0.256913 1.4786 -2.47511 -1.91374 1.35164 -1.46786 0.458191 -2.24655 1.74656 2.63177 0.0542714 -1.67314 
0.65143 -0.969038 -0.256913 1.4786 -2.47511 -1.91374 1.35164 -1.46284 0.473498 -2.23352 1.71749 2.62488 0.109557 -1.68674 
0.65143 -0.969038 -0.256913 1.4786 -2.47511 -1.91374 1.35164 -1.45915 0.493687 -2.21845 1.68636 2.62804 0.164958 -1.69436 
0.65143 -0.969038 -0.256913 1.4786 -2.47511 -1.91374 1.35164 -1.44375 0.505468 -2.22148 1.66278 2.62159 0.201367 -1.70223 
0.65143 -0.969038 -0.256913 1.4786 -2.47511 -1.91374 1.35164 -1.41749 0.509352 -2.23632 1.63988 2.61206 0.237764 -1.70334 
0.65143 -0.969038 -0.256913 1.4786 -2.47511 -1.91374 1.35164 -1.39958 0.518449 -2.24386 1.61808 2.60903 0.269108 -1.70295 
0.65143 -0.969038 -0.256913 1.4786 -2.47511 -1.91374 1.35164 -1.39279 0.531579 -2.2448 1.60101 2.61503 0.288305 -1.69848 
0.65143 -0.969038 -0.256913 1.4786 -2.47511 -1.91374 1.35164 -1.3772 0.53204 -2.25396 1.58928 2.60727 0.308968 -1.69946 
0.65143 -0.969038 -0.256913 1.4786 -2.47511 -1.91374 1.35164 -1.37371 0.535113 -2.25413 1.583 2.60686 0.319971 -1.70119 
0.65143 -0.969038 -0.256913 1.4786 -2.47511 -1.91374 1.35164 -1.37365 0.536064 -2.2543 1.58321 2.60711 0.318237 -1.70074 
0.65143 -0.969038 -0.256913 1.4786 -2.47511 -1.91374 1.35164 -1.37546 0.53542 -2.25417 1.58623 2.60744 0.311913 -1.69974 
0.65143 -0.969038 -0.256913 1.4786 -2.47511 -1.91374 1.35164 -1.38447 0.541346 -2.24725 1.58725 2.6138 0.306645 -1.70089 
0.65143 -0.969038 -0.256913 1.4786 -2.47511 -1.91374 1.35164 -1.38292 0.536783 -2.24858 1.58932 2.61219 0.306504 -1.70009 
