1.07318 -1.84048 -1.65655 1.40391 1.89951 1.17738 -1.04291 1.53039 -1.67939 -0.919701 -1.38311 -1.29238 1.212 -2.28376 
1.06905 -1.84357 -1.66003 1.40392 1.89563 1.17623 -1.02932 1.53011 -1.679 -0.920334 -1.3831 -1.29174 1.21152 -2.28391 
1.0679 -1.84564 -1.66096 1.40349 1.89488 1.17812 -1.02656 1.5301 -1.679 -0.92034 -1.3831 -1.29173 1.21152 -2.28392 
1.06888 -1.84507 -1.6593 1.40195 1.89883 1.18222 -1.03127 1.5301 -1.679 -0.920339 -1.3831 -1.29174 1.21152 -2.28392 
1.0689 -1.84587 -1.66021 1.40329 1.89769 1.18241 -1.02985 1.5301 -1.679 -0.92034 -1.3831 -1.29173 1.21152 -2.28392 
1.06987 -1.84666 -1.6611 1.40585 1.89495 1.1801 -1.02849 1.5301 -1.679 -0.92034 -1.3831 -1.29173 1.21152 -2.28392 
1.07161 -1.84608 -1.66011 1.40497 1.8958 1.1806 -1.03381 1.5301 -1.679 -0.920339 -1.3831 -1.29173 1.21152 -2.28392 
1.07534 -1.84468 -1.65857 1.40628 1.8954 1.17773 -1.03953 1.5301 -1.679 -0.920338 -1.3831 -1.29174 1.21152 -2.28392 
1.0785 -1.84368 -1.65675 1.40817 1.89629 1.17551 -1.04153 1.5301 -1.679 -0.920339 -1.3831 -1.29173 1.21152 -2.28392 
1.08118 -1.84438 -1.65565 1.41008 1.89842 1.17732 -1.04179 1.5301 -1.679 -0.92034 -1.3831 -1.29173 1.21152 -2.28392 
1.08554 -1.84339 -1.65327 1.41429 1.90042 1.17597 -1.04418 1.5301 -1.679 -0.920339 -1.3831 -1.29174 1.21152 -2.28392 
1.08876 -1.8429 -1.6513 1.41703 1.9031 1.17687 -1.04745 1.5301 -1.679 -0.920339 -1.3831 -1.29173 1.21152 -2.28392 
1.09097 -1.84325 -1.65075 1.41968 1.90366 1.17719 -1.04831 1.5301 -1.679 -0.92034 -1.3831 -1.29173 1.21152 -2.28392 
1.09329 -1.84404 -1.65037 1.42331 1.90236 1.17521 -1.04786 1.5301 -1.679 -0.92034 -1.3831 -1.29173 1.21152 -2.28392 
1.09493 -1.84447 -1.64999 1.42554 1.90261 1.17508 -1.04691 1.5301 -1.679 -0.92034 -1.3831 -1.29173 1.21152 -2.28392 
1.09621 -1.84587 -1.65076 1.42883 1.90016 1.17366 -1.04535 1.5301 -1.679 -0.92034 -1.3831 -1.29173 1.21152 -2.28392 
1.09783 -1.84462 -1.6491 1.42907 1.90294 1.17451 -1.04859 1.5301 -1.679 -0.92034 -1.3831 -1.29173 1.21152 -2.28392 
1.1 -1.84322 -1.64725 1.43012 1.90511 1.17367 -1.04993 1.5301 -1.679 -0.92034 -1.3831 -1.29173 1.21152 -2.28392 
1.10091 -1.84406 -1.64727 1.43197 1.9037 1.1724 -1.049 1.5301 -1.679 -0.92034 -1.3831 -1.29173 1.21152 -2.28392 
1.10148 -1.84484 -1.64799 1.43416 1.90182 1.1714 -1.0477 1.5301 -1.679 -0.92034 -1.3831 -1.29173 1.21152 -2.28392 
1.10216 -1.84559 -1.64828 1.43556 1.90099 1.17131 -1.0471 1.5301 -1.679 -0.92034 -1.3831 -1.29173 1.21152 -2.28392 
1.10238 -1.84518 -1.64729 1.43471 1.90366 1.17347 -1.04899 1.5301 -1.679 -0.92034 -1.3831 -1.29173 1.21152 -2.28392 
1.10304 -1.84521 -1.64712 1.43536 1.90391 1.17343 -1.0495 1.5301 -1.679 -0.92034 -1.3831 -1.29173 1.21152 -2.28392 
1.10312 -1.84563 -1.64702 1.43532 1.90454 1.1748 -1.04978 1.5301 -1.679 -0.92034 -1.3831 -1.29173 1.21152 -2.28392 
1.10406 -1.84469 -1.64585 1.4353 1.90619 1.17486 -1.05147 1.5301 -1.679 -0.92034 -1.3831 -1.29173 1.21152 -2.28392 
1.10335 -1.84607 -1.6467 1.43521 1.90569 1.17679 -1.05063 1.5301 -1.679 -0.92034 -1.3831 -1.29173 1.21152 -2.28392 
1.10481 -1.84656 -1.64737 1.4388 1.90164 1.172 -1.04895 1.5301 -1.679 -0.920339 -1.3831 -1.29174 1.21152 -2.28392 
1.10509 -1.8458 -1.64642 1.43797 1.90388 1.17332 -1.05041 1.5301 -1.679 -0.92034 -1.3831 -1.29173 1.21152 -2.28392 
1.10652 -1.84721 -1.64717 1.44109 1.90142 1.17181 -1.04896 1.5301 -1.679 -0.92034 -1.3831 -1.29173 1.21152 -2.28392 
1.10865 -1.84566 -1.64504 1.44143 1.90502 1.17281 -1.05189 1.5301 -1.679 -0.920339 -1.3831 -1.29173 1.21152 -2.28392 
1.11093 -1.84504 -1.64368 1.44287 1.90622 1.17234 -1.05404 1.5301 -1.679 -0.92034 -1.3831 -1.29173 1.21152 -2.28392 
1.11185 -1.8464 -1.64415 1.44509 1.90483 1.17219 -1.05306 1.5301 -1.679 -0.92034 -1.3831 -1.29173 1.21152 -2.28392 
1.11336 -1.84633 -1.64367 1.44722 1.9048 1.17124 -1.05282 1.5301 -1.679 -0.92034 -1.3831 -1.29173 1.21152 -2.28392 
1.11425 -1.84649 -1.64318 1.44847 1.90544 1.17161 -1.05317 1.5301 -1.679 -0.92034 -1.3831 -1.29173 1.21152 -2.28392 
1.11593 -1.84503 -1.6417 1.4492 1.90723 1.17084 -1.05531 1.5301 -1.679 -0.92034 -1.3831 -1.29173 1.21152 -2.28392 
1.11643 -1.84483 -1.6413 1.4496 1.90769 1.17051 -1.05553 1.5301 -1.679 -0.92034 -1.3831 -1.29173 1.21152 -2.28392 
1.11495 -1.84598 -1.64199 1.44818 1.90838 1.17408 -1.0553 1.5301 -1.679 -0.92034 -1.3831 -1.29173 1.21152 -2.28392 
1.1151 -1.84623 -1.64244 1.44922 1.90703 1.17271 -1.05414 1.5301 -1.679 -0.92034 -1.3831 -1.29173 1.21152 -2.28392 
1.11504 -1.84693 -1.6431 1.45023 1.90496 1.17146 -1.05302 1.5301 -1.679 -0.92034 -1.3831 -1.29173 1.21152 -2.28392 
1.11484 -1.84599 -1.64193 1.4482 1.90812 1.17376 -1.05456 1.5301 -1.679 -0.92034 -1.3831 -1.29173 1.21152 -2.28392 
1.11478 -1.84684 -1.64293 1.4494 1.90603 1.1728 -1.05353 1.5301 -1.679 -0.92034 -1.3831 -1.29173 1.21152 -2.28392 
1.11431 -1.84705 -1.64285 1.44869 1.90693 1.17413 -1.05341 1.5301 -1.679 -0.92034 -1.3831 -1.29173 1.21152 -2.28392 
1.11535 -1.84661 -1.64275 1.4502 1.9055 1.17123 -1.05339 1.5301 -1.679 -0.92034 -1.3831 -1.29173 1.21152 -2.28392 
1.11482 -1.84665 -1.64275 1.44935 1.90618 1.1725 -1.05398 1.5301 -1.679 -0.92034 -1.3831 -1.29173 1.21152 -2.28392 
1.11556 -1.84597 -1.64221 1.4497 1.9066 1.1714 -1.0542 1.5301 -1.679 -0.92034 -1.3831 -1.29173 1.21152 -2.28392 
1.11533 -1.84615 -1.64224 1.44905 1.90714 1.17271 -1.05488 1.5301 -1.679 -0.92034 -1.3831 -1.29173 1.21152 -2.28392 
1.1147 -1.84659 -1.64254 1.44872 1.90724 1.17361 -1.0543 1.5301 -1.679 -0.92034 -1.3831 -1.29173 1.21152 -2.28392 
1.11448 -1.84584 -1.64165 1.44702 1.9099 1.17578 -1.05591 1.5301 -1.679 -0.92034 -1.3831 -1.29173 1.21152 -2.28392 
1.11387 -1.84709 -1.64283 1.44756 1.90794 1.17569 -1.05432 1.5301 -1.679 -0.92034 -1.3831 -1.29173 1.21152 -2.28392 
1.11414 -1.84701 -1.64295 1.4481 1.90733 1.17484 -1.0542 1.5301 -1.679 -0.92034 -1.3831 -1.29173 1.21152 -2.28392 
1.11539 -1.84623 -1.64247 1.44977 1.90629 1.17134 -1.05381 1.5301 -1.679 -0.92034 -1.3831 -1.29173 1.21152 -2.28392 
1.11465 -1.84577 -1.64175 1.44746 1.90939 1.17459 -1.05548 1.5301 -1.679 -0.92034 -1.3831 -1.29173 1.21152 -2.28392 
1.1153 -1.84643 -1.64257 1.44963 1.90627 1.1718 -1.05418 1.5301 -1.679 -0.92034 -1.3831 -1.29173 1.21152 -2.28392 
1.11434 -1.84656 -1.64252 1.44797 1.90797 1.17459 -1.05513 1.5301 -1.679 -0.92034 -1.3831 -1.29173 1.21152 -2.28392 
1.11442 -1.84659 -1.64254 1.44799 1.90799 1.17443 -1.0548 1.5301 -1.679 -0.92034 -1.3831 -1.29173 1.21152 -2.28392 
1.11467 -1.8461 -1.64219 1.44772 1.90847 1.17437 -1.05626 1.5301 -1.679 -0.92034 -1.3831 -1.29173 1.21152 -2.28392 
1.11473 -1.84629 -1.64258 1.44826 1.9074 1.1735 -1.05594 1.5301 -1.679 -0.92034 -1.3831 -1.29173 1.21152 -2.28392 
1.11567 -1.84609 -1.64282 1.4501 1.9049 1.17028 -1.05579 1.5301 -1.679 -0.92034 -1.3831 -1.29173 1.21152 -2.28392 
1.11579 -1.84544 -1.64223 1.44929 1.90622 1.1708 -1.05727 1.5301 -1.679 -0.92034 -1.3831 -1.29173 1.21152 -2.28392 
1.11589 -1.84507 -1.64211 1.44904 1.90671 1.17092 -1.0578 1.5301 -1.679 -0.92034 -1.3831 -1.29173 1.21152 -2.28392 
1.11598 -1.8455 -1.64268 1.45006 1.90521 1.16964 -1.05635 1.5301 -1.679 -0.92034 -1.3831 -1.29173 1.21152 -2.28392 
1.11563 -1.84561 -1.64263 1.44938 1.90565 1.17061 -1.05713 1.5301 -1.679 -0.92034 -1.3831 -1.29173 1.21152 -2.28392 
1.1158 -1.84515 -1.64226 1.44915 1.90632 1.17077 -1.0581 1.5301 -1.679 -0.92034 -1.3831 -1.29173 1.21152 -2.28392 
1.11673 -1.84432 -1.64181 1.44994 1.906 1.1688 -1.05844 1.5301 -1.679 -0.92034 -1.3831 -1.29173 1.21152 -2.28392 
1.11551 -1.84539 -1.64249 1.44887 1.90632 1.17151 -1.05743 1.5301 -1.679 -0.92034 -1.3831 -1.29173 1.21152 -2.28392 
1.11554 -1.84507 -1.64207 1.44871 1.90688 1.17153 -1.0577 1.5301 -1.679 -0.92034 -1.3831 -1.29173 1.21152 -2.28392 
1.11609 -1.84568 -1.64288 1.45063 1.90408 1.16894 -1.05619 1.5301 -1.679 -0.92034 -1.3831 -1.29173 1.21152 -2.28392 
1.11606 -1.84452 -1.64161 1.44868 1.90708 1.17099 -1.05899 1.5301 -1.679 -0.92034 -1.3831 -1.29173 1.21152 -2.28392 
1.11585 -1.84535 -1.64254 1.44953 1.90544 1.17016 -1.05708 1.5301 -1.679 -0.92034 -1.3831 -1.29173 1.21152 -2.28392 
1.11578 -1.84541 -1.64248 1.44945 1.9055 1.17069 -1.05736 1.5301 -1.679 -0.92034 -1.3831 -1.29173 1.21152 -2.28392 
1.11666 -1.84421 -1.64155 1.44967 1.90614 1.1694 -1.05846 1.5301 -1.679 -0.92034 -1.3831 -1.29173 1.21152 -2.28392 
1.11581 -1.84564 -1.64293 1.45002 1.90429 1.16977 -1.05609 1.5301 -1.679 -0.92034 -1.3831 -1.29173 1.21152 -2.28392 
1.11541 -1.84515 -1.64233 1.44844 1.90643 1.17203 -1.05798 1.5301 -1.679 -0.92034 -1.3831 -1.29173 1.21152 -2.28392 
1.11603 -1.84513 -1.64246 1.4499 1.90503 1.16968 -1.05693 1.5301 -1.679 -0.92034 -1.3831 -1.29173 1.21152 -2.28392 
1.11631 -1.84517 -1.64225 1.45041 1.90504 1.16927 -1.05631 1.5301 -1.679 -0.92034 -1.3831 -1.29173 1.21152 -2.28392 
1.11565 -1.84486 -1.64192 1.44849 1.90682 1.17176 -1.05832 1.5301 -1.679 -0.92034 -1.3831 -1.29173 1.21152 -2.28392 
1.11563 -1.84529 -1.64238 1.44936 1.90553 1.17088 -1.05708 1.5301 -1.679 -0.92034 -1.3831 -1.29173 1.21152 -2.28392 
1.11475 -1.84598 -1.64264 1.44832 1.90634 1.17304 -1.05631 1.5301 -1.679 -0.92034 -1.3831 -1.29173 1.21152 -2.28392 
1.11516 -1.84576 -1.64261 1.44884 1.90584 1.17207 -1.05662 1.5301 -1.679 -0.92034 -1.3831 -1.29173 1.21152 -2.28392 
1.11639 -1.84446 -1.64171 1.44952 1.9061 1.16986 -1.0581 1.5301 -1.679 -0.92034 -1.3831 -1.29173 1.21152 -2.28392 
1.11573 -1.8447 -1.64175 1.44847 1.90715 1.17189 -1.05779 1.5301 -1.679 -0.92034 -1.3831 -1.29173 1.21152 -2.28392 
1.11592 -1.84427 -1.64122 1.44832 1.90814 1.17219 -1.05852 1.5301 -1.679 -0.92034 -1.3831 -1.29173 1.21152 -2.28392 
1.1158 -1.84508 -1.64214 1.44945 1.90611 1.17096 -1.05686 1.5301 -1.679 -0.92034 -1.3831 -1.29173 1.21152 -2.28392 
1.11605 -1.84458 -1.64121 1.44868 1.90789 1.17193 -1.0585 1.5301 -1.679 -0.92034 -1.3831 -1.29173 1.21152 -2.28392 
1.11534 -1.84583 -1.64215 1.44902 1.90697 1.17246 -1.05601 1.5301 -1.679 -0.92034 -1.3831 -1.29173 1.21152 -2.28392 
1.11585 -1.84478 -1.6413 1.4487 1.90843 1.17188 -1.05604 1.5301 -1.679 -0.92034 -1.3831 -1.29173 1.21152 -2.28392 
1.1145 -1.8461 -1.6424 1.44777 1.90819 1.1748 -1.05559 1.5301 -1.679 -0.92034 -1.3831 -1.29173 1.21152 -2.28392 
1.11462 -1.84724 -1.64336 1.44977 1.90523 1.17245 -1.05202 1.5301 -1.679 -0.920339 -1.3831 -1.29173 1.21152 -2.28392 
1.11539 -1.84585 -1.64205 1.44917 1.90702 1.17197 -1.05412 1.5301 -1.679 -0.92034 -1.3831 -1.29173 1.21152 -2.28392 
1.11577 -1.84561 -1.64198 1.44965 1.90681 1.17129 -1.05457 1.5301 -1.679 -0.92034 -1.3831 -1.29173 1.21152 -2.28392 
1.1158 -1.84495 -1.64157 1.44906 1.90791 1.17152 -1.05539 1.5301 -1.679 -0.92034 -1.3831 -1.29173 1.21152 -2.28392 
1.1148 -1.8456 -1.64192 1.44782 1.90862 1.1742 -1.05619 1.5301 -1.679 -0.92034 -1.3831 -1.29173 1.21152 -2.28392 
1.1158 -1.84522 -1.64189 1.44938 1.90706 1.17146 -1.05572 1.5301 -1.679 -0.92034 -1.3831 -1.29173 1.21152 -2.28392 
1.11479 -1.84614 -1.64245 1.44858 1.90732 1.17323 -1.05461 1.5301 -1.679 -0.92034 -1.3831 -1.29173 1.21152 -2.28392 
1.11569 -1.8454 -1.64192 1.44936 1.90725 1.17139 -1.05418 1.5301 -1.679 -0.92034 -1.3831 -1.29173 1.21152 -2.28392 
1.11578 -1.84516 -1.64159 1.44893 1.90801 1.17196 -1.05541 1.5301 -1.679 -0.92034 -1.3831 -1.29173 1.21152 -2.28392 
1.11526 -1.84659 -1.64314 1.45043 1.90508 1.17069 -1.05232 1.5301 -1.679 -0.92034 -1.3831 -1.29173 1.21152 -2.28392 
1.11485 -1.84669 -1.64309 1.44948 1.90597 1.1722 -1.05325 1.5301 -1.679 -0.92034 -1.3831 -1.29173 1.21152 -2.28392 
1.1152 -1.8468 -1.64328 1.45034 1.90493 1.1711 -1.05288 1.5301 -1.679 -0.92034 -1.3831 -1.29173 1.21152 -2.28392 
1.11471 -1.84597 -1.64218 1.44805 1.90833 1.17404 -1.05421 1.5301 -1.679 -0.92034 -1.3831 -1.29173 1.21152 -2.28392 
1.11534 -1.84577 -1.6422 1.44909 1.9072 1.17224 -1.05455 1.5301 -1.679 -0.92034 -1.3831 -1.29173 1.21152 -2.28392 
1.11503 -1.8459 -1.64255 1.44894 1.90662 1.17233 -1.05465 1.5301 -1.679 -0.92034 -1.3831 -1.29173 1.21152 -2.28392 
1.11542 -1.84578 -1.64256 1.44983 1.90571 1.17094 -1.05439 1.5301 -1.679 -0.92034 -1.3831 -1.29173 1.21152 -2.28392 
1.11624 -1.84509 -1.64221 1.45059 1.90523 1.16922 -1.05553 1.5301 -1.679 -0.92034 -1.3831 -1.29173 1.21152 -2.28392 
1.11644 -1.84458 -1.64163 1.45002 1.90657 1.16976 -1.05603 1.5301 -1.679 -0.92034 -1.3831 -1.29173 1.21152 -2.28392 
1.11623 -1.84474 -1.64159 1.4497 1.90685 1.17051 -1.05615 1.5301 -1.679 -0.92034 -1.3831 -1.29173 1.21152 -2.28392 
1.11561 -1.84597 -1.64304 1.45064 1.90412 1.16985 -1.05387 1.5301 -1.679 -0.92034 -1.3831 -1.29173 1.21152 -2.28392 
1.11687 -1.84377 -1.641 1.45013 1.90698 1.16886 -1.05582 1.5301 -1.679 -0.92034 -1.3831 -1.29173 1.21152 -2.28392 
1.11741 -1.84276 -1.63995 1.44939 1.90875 1.16956 -1.05848 1.5301 -1.679 -0.92034 -1.3831 -1.29173 1.21152 -2.28392 
1.11668 -1.84313 -1.64037 1.44861 1.90902 1.17086 -1.05904 1.5301 -1.679 -0.92034 -1.3831 -1.29173 1.21152 -2.28392 
1.11579 -1.84502 -1.64225 1.44965 1.90608 1.17064 -1.05579 1.5301 -1.679 -0.92034 -1.3831 -1.29173 1.21152 -2.28392 
1.11525 -1.84599 -1.643 1.44971 1.90523 1.17117 -1.05445 1.5301 -1.679 -0.92034 -1.3831 -1.29173 1.21152 -2.28392 
1.11676 -1.84362 -1.64098 1.44966 1.90718 1.16935 -1.05788 1.5301 -1.679 -0.920339 -1.3831 -1.29173 1.21152 -2.28392 
1.11654 -1.84377 -1.64115 1.44921 1.90753 1.17023 -1.058 1.5301 -1.679 -0.92034 -1.3831 -1.29173 1.21152 -2.28392 
1.11653 -1.84313 -1.64058 1.44828 1.9091 1.17132 -1.05936 1.5301 -1.679 -0.92034 -1.3831 -1.29173 1.21152 -2.28392 
1.11599 -1.84504 -1.64227 1.44984 1.90587 1.17026 -1.05633 1.5301 -1.679 -0.920339 -1.3831 -1.29173 1.21152 -2.28392 
1.116 -1.84482 -1.64198 1.44953 1.90652 1.17027 -1.05528 1.5301 -1.679 -0.92034 -1.3831 -1.29173 1.21152 -2.28392 
1.11681 -1.84343 -1.64074 1.44915 1.90829 1.16992 -1.05774 1.5301 -1.679 -0.92034 -1.3831 -1.29173 1.21152 -2.28392 
1.11538 -1.84801 -1.64201 1.45155 1.90715 1.17272 -1.04858 1.53011 -1.679 -0.920337 -1.3831 -1.29174 1.21152 -2.28391 
1.11423 -1.85267 -1.64301 1.45412 1.90704 1.17528 -1.03681 1.53011 -1.679 -0.920335 -1.3831 -1.29174 1.21152 -2.28391 
1.11414 -1.85711 -1.64403 1.45931 1.90424 1.17338 -1.02363 1.53011 -1.679 -0.920334 -1.3831 -1.29174 1.21152 -2.28391 
1.11149 -1.86267 -1.64574 1.46071 1.90394 1.1782 -1.01211 1.53011 -1.679 -0.920335 -1.3831 -1.29174 1.21152 -2.28391 
1.10981 -1.86761 -1.64645 1.46275 1.90459 1.18141 -0.999335 1.53011 -1.679 -0.920335 -1.3831 -1.29174 1.21152 -2.28391 
1.10786 -1.87113 -1.64664 1.46337 1.90699 1.18515 -0.987866 1.53011 -1.679 -0.920335 -1.3831 -1.29174 1.21152 -2.28391 
1.10619 -1.87484 -1.64655 1.46399 1.90965 1.18931 -0.976417 1.53011 -1.679 -0.920335 -1.3831 -1.29174 1.21152 -2.28391 
1.1041 -1.87994 -1.64794 1.46671 1.90893 1.19121 -0.961239 1.53011 -1.679 -0.920333 -1.3831 -1.29174 1.21152 -2.28391 
1.09911 -1.88681 -1.65065 1.46634 1.90971 1.19839 -0.944523 1.53011 -1.67901 -0.920328 -1.3831 -1.29175 1.21153 -2.28391 
1.09724 -1.8909 -1.65056 1.4685 1.91102 1.19966 -0.929453 1.53011 -1.679 -0.920333 -1.3831 -1.29174 1.21152 -2.28391 
1.09297 -1.89479 -1.65023 1.46509 1.91816 1.20861 -0.915688 1.53011 -1.67901 -0.92033 -1.3831 -1.29174 1.21153 -2.28391 
1.08984 -1.90036 -1.6523 1.46717 1.91803 1.21122 -0.896897 1.53011 -1.67901 -0.920329 -1.3831 -1.29175 1.21153 -2.28391 
1.08516 -1.90596 -1.65369 1.46615 1.92071 1.21765 -0.879918 1.53011 -1.67901 -0.920329 -1.3831 -1.29175 1.21153 -2.28391 
1.08095 -1.91099 -1.65485 1.46606 1.92292 1.22146 -0.859771 1.53011 -1.67901 -0.920327 -1.3831 -1.29175 1.21153 -2.28391 
1.0763 -1.91541 -1.65508 1.46341 1.9283 1.22909 -0.844376 1.53011 -1.67901 -0.920329 -1.3831 -1.29174 1.21153 -2.28391 
1.06914 -1.92291 -1.65872 1.46196 1.92955 1.2363 -0.819653 1.53011 -1.67901 -0.920317 -1.3831 -1.29176 1.21154 -2.28391 
1.06539 -1.92746 -1.65953 1.46246 1.9309 1.23763 -0.800079 1.53011 -1.67901 -0.920328 -1.3831 -1.29175 1.21153 -2.28391 
1.05942 -1.93134 -1.65998 1.45731 1.93829 1.2466 -0.782152 1.53011 -1.67901 -0.920324 -1.3831 -1.29175 1.21153 -2.28391 
1.05141 -1.93868 -1.6638 1.45486 1.9394 1.2545 -0.759412 1.53011 -1.67901 -0.920319 -1.3831 -1.29175 1.21153 -2.28391 
1.04587 -1.9436 -1.66522 1.45233 1.94245 1.26008 -0.741067 1.53011 -1.67901 -0.920327 -1.3831 -1.29175 1.21153 -2.28391 
1.04023 -1.94874 -1.6671 1.45069 1.94437 1.26436 -0.720481 1.53011 -1.67901 -0.920325 -1.3831 -1.29175 1.21153 -2.28391 
1.03508 -1.95228 -1.66764 1.44609 1.95005 1.27224 -0.706197 1.53011 -1.67901 -0.92033 -1.3831 -1.29174 1.21153 -2.28391 
1.02896 -1.95693 -1.66939 1.44322 1.95305 1.27767 -0.687159 1.53011 -1.67901 -0.920326 -1.3831 -1.29175 1.21153 -2.28391 
1.02233 -1.96226 -1.67181 1.44061 1.95497 1.2834 -0.667579 1.53011 -1.67901 -0.920325 -1.3831 -1.29175 1.21153 -2.28391 
1.01665 -1.96635 -1.67303 1.43747 1.9586 1.28884 -0.649918 1.53011 -1.67901 -0.920328 -1.3831 -1.29175 1.21153 -2.28391 
1.00964 -1.96758 -1.67275 1.42988 1.96202 1.30037 -0.637139 1.53011 -1.67901 -0.920329 -1.3831 -1.29174 1.21153 -2.28391 
1.00755 -1.96695 -1.67175 1.42646 1.96477 1.30066 -0.629316 1.5301 -1.679 -0.920338 -1.3831 -1.29174 1.21152 -2.28391 
1.00347 -1.96737 -1.67239 1.42381 1.96227 1.30306 -0.620332 1.5301 -1.679 -0.920337 -1.3831 -1.29174 1.21152 -2.28391 
0.999269 -1.96709 -1.67226 1.41821 1.96501 1.30804 -0.614467 1.5301 -1.679 -0.920337 -1.3831 -1.29174 1.21152 -2.28391 
0.997651 -1.966 -1.67103 1.41463 1.96814 1.30911 -0.613082 1.5301 -1.679 -0.920339 -1.3831 -1.29173 1.21152 -2.28392 
0.990748 -1.9673 -1.67326 1.40683 1.96961 1.32082 -0.610213 1.53011 -1.679 -0.920334 -1.3831 -1.29174 1.21152 -2.28391 
0.99145 -1.96749 -1.67363 1.41195 1.95916 1.31347 -0.603185 1.53011 -1.679 -0.920334 -1.3831 -1.29174 1.21152 -2.28391 
0.992741 -1.9641 -1.67003 1.40882 1.96421 1.31326 -0.608855 1.5301 -1.679 -0.920338 -1.3831 -1.29174 1.21152 -2.28391 
0.992077 -1.96526 -1.6715 1.41053 1.95976 1.31091 -0.609395 1.5301 -1.679 -0.920339 -1.3831 -1.29173 1.21152 -2.28392 
0.988205 -1.96703 -1.67412 1.40647 1.95852 1.3178 -0.612905 1.5301 -1.679 -0.920338 -1.3831 -1.29174 1.21152 -2.28391 
0.986034 -1.96744 -1.67462 1.40462 1.95429 1.32355 -0.617837 1.5301 -1.679 -0.920338 -1.3831 -1.29174 1.21152 -2.28392 
0.990803 -1.9649 -1.67194 1.40751 1.95195 1.31753 -0.629763 1.53011 -1.679 -0.920334 -1.3831 -1.29174 1.21152 -2.28391 
0.993112 -1.96378 -1.67105 1.40893 1.9494 1.31487 -0.639427 1.53011 -1.679 -0.920337 -1.3831 -1.29174 1.21152 -2.28391 
0.995426 -1.96326 -1.67086 1.41068 1.94528 1.3133 -0.652665 1.53011 -1.679 -0.920334 -1.3831 -1.29174 1.21152 -2.28391 
0.997141 -1.9635 -1.67177 1.41258 1.93999 1.31278 -0.666094 1.53011 -1.679 -0.920334 -1.3831 -1.29174 1.21152 -2.28391 
0.999234 -1.96272 -1.67159 1.41343 1.93682 1.31355 -0.683624 1.53011 -1.67901 -0.920331 -1.3831 -1.29174 1.21152 -2.28391 
1.00477 -1.95962 -1.6684 1.41543 1.93536 1.31051 -0.705743 1.53011 -1.67901 -0.920324 -1.3831 -1.29175 1.21153 -2.28391 
1.00606 -1.9596 -1.66902 1.41479 1.9327 1.31476 -0.724824 1.53011 -1.67901 -0.920329 -1.3831 -1.29174 1.21153 -2.28391 
1.00991 -1.95907 -1.66909 1.41789 1.92661 1.31361 -0.746614 1.53011 -1.67901 -0.920324 -1.3831 -1.29175 1.21153 -2.28391 
1.01364 -1.95817 -1.6685 1.41976 1.92263 1.31325 -0.766779 1.53011 -1.67901 -0.920328 -1.3831 -1.29175 1.21153 -2.28391 
1.0168 -1.95553 -1.66622 1.41721 1.92407 1.31802 -0.79352 1.53011 -1.67901 -0.920319 -1.3831 -1.29175 1.21153 -2.28391 
1.02094 -1.95545 -1.66667 1.42139 1.91657 1.31575 -0.814725 1.53011 -1.67901 -0.920324 -1.3831 -1.29175 1.21153 -2.28391 
1.02988 -1.95205 -1.66326 1.428 1.90979 1.30574 -0.84033 1.53012 -1.67902 -0.920312 -1.3831 -1.29176 1.21154 -2.28391 
1.03145 -1.95094 -1.66208 1.42335 1.91142 1.31538 -0.870498 1.53012 -1.67902 -0.920313 -1.3831 -1.29176 1.21154 -2.28391 
1.03335 -1.95055 -1.66238 1.42181 1.90894 1.32028 -0.895169 1.53011 -1.67901 -0.920322 -1.3831 -1.29175 1.21153 -2.28391 
1.04096 -1.94717 -1.65928 1.42566 1.9043 1.31448 -0.923894 1.53012 -1.67902 -0.920312 -1.3831 -1.29176 1.21154 -2.28391 
1.04224 -1.94783 -1.66033 1.42481 1.90016 1.31944 -0.948063 1.53011 -1.67901 -0.920322 -1.3831 -1.29175 1.21153 -2.28391 
1.04456 -1.94661 -1.6594 1.42194 1.89958 1.32524 -0.976377 1.53011 -1.67901 -0.920317 -1.3831 -1.29176 1.21154 -2.28391 
1.04908 -1.94291 -1.65599 1.41887 1.90217 1.32875 -1.00629 1.53012 -1.67902 -0.920314 -1.3831 -1.29176 1.21154 -2.28391 
1.0553 -1.93977 -1.65361 1.42103 1.8984 1.32484 -1.03283 1.53011 -1.67901 -0.920317 -1.3831 -1.29176 1.21154 -2.28391 
1.05696 -1.93973 -1.65346 1.41905 1.89621 1.3291 -1.05611 1.53011 -1.67901 -0.920324 -1.3831 -1.29175 1.21153 -2.28391 
1.05921 -1.93762 -1.65198 1.41558 1.89693 1.33357 -1.08155 1.53011 -1.67901 -0.920322 -1.3831 -1.29175 1.21153 -2.28391 
1.06007 -1.9373 -1.65203 1.41239 1.89561 1.33909 -1.10448 1.53011 -1.67901 -0.920325 -1.3831 -1.29175 1.21153 -2.28391 
1.06331 -1.93502 -1.65001 1.41027 1.89558 1.34119 -1.1286 1.53011 -1.67901 -0.920323 -1.3831 -1.29175 1.21153 -2.28391 
1.06601 -1.93281 -1.64794 1.40713 1.89696 1.34453 -1.15067 1.53011 -1.67901 -0.920326 -1.3831 -1.29175 1.21153 -2.28391 
1.0669 -1.93136 -1.64687 1.40361 1.89761 1.34909 -1.17098 1.53011 -1.67901 -0.920328 -1.3831 -1.29175 1.21153 -2.28391 
1.06932 -1.92981 -1.64565 1.40233 1.89626 1.34959 -1.18944 1.53011 -1.67901 -0.92033 -1.3831 -1.29174 1.21153 -2.28391 
1.07025 -1.92825 -1.64432 1.39809 1.89777 1.3547 -1.20982 1.53011 -1.67901 -0.920328 -1.3831 -1.29175 1.21153 -2.28391 
1.07065 -1.9228 -1.64079 1.39073 1.89958 1.35749 -1.24688 1.53012 -1.67902 -0.920301 -1.3831 -1.29177 1.21155 -2.28391 
1.06786 -1.9236 -1.64227 1.38481 1.89982 1.36655 -1.26233 1.53011 -1.679 -0.920331 -1.3831 -1.29174 1.21152 -2.28391 
1.06794 -1.92123 -1.63989 1.37806 1.90534 1.37392 -1.28121 1.53011 -1.67901 -0.920328 -1.3831 -1.29175 1.21153 -2.28391 
1.07004 -1.91975 -1.63839 1.37706 1.90526 1.37364 -1.29347 1.53011 -1.679 -0.920336 -1.3831 -1.29174 1.21152 -2.28391 
1.06678 -1.92528 -1.64391 1.37807 1.89681 1.37732 -1.29393 1.53011 -1.679 -0.920335 -1.3831 -1.29174 1.21152 -2.28391 
1.06877 -1.91928 -1.63778 1.36905 1.90889 1.38448 -1.31548 1.53011 -1.67901 -0.920319 -1.3831 -1.29176 1.21153 -2.28391 
1.06769 -1.92001 -1.63855 1.36658 1.90856 1.3885 -1.32178 1.5301 -1.679 -0.920339 -1.3831 -1.29174 1.21152 -2.28392 
1.07363 -1.91442 -1.63277 1.36669 1.91196 1.383 -1.33877 1.53011 -1.67901 -0.920328 -1.3831 -1.29175 1.21153 -2.28391 
1.06596 -1.92071 -1.63857 1.36013 1.90994 1.39757 -1.3404 1.53011 -1.67901 -0.92033 -1.3831 -1.29174 1.21153 -2.28391 
1.06448 -1.9173 -1.63541 1.34973 1.91997 1.40854 -1.35691 1.53011 -1.67901 -0.920325 -1.3831 -1.29175 1.21153 -2.28391 
1.071 -1.9204 -1.63835 1.36614 1.90073 1.38765 -1.3521 1.53012 -1.67902 -0.92031 -1.3831 -1.29176 1.21154 -2.28391 
1.06797 -1.9233 -1.6414 1.36356 1.89713 1.39357 -1.35952 1.53011 -1.679 -0.920337 -1.3831 -1.29174 1.21152 -2.28391 
1.06982 -1.92311 -1.64116 1.36527 1.89384 1.39061 -1.36558 1.5301 -1.679 -0.920338 -1.3831 -1.29174 1.21152 -2.28392 
1.07079 -1.91532 -1.6342 1.3529 1.90903 1.39924 -1.3894 1.53012 -1.67902 -0.920311 -1.3831 -1.29176 1.21154 -2.28391 
1.07134 -1.91473 -1.63425 1.35228 1.90702 1.39866 -1.39782 1.5301 -1.679 -0.920338 -1.3831 -1.29174 1.21152 -2.28392 
1.06793 -1.91698 -1.63672 1.34777 1.90554 1.40622 -1.4057 1.53011 -1.679 -0.920336 -1.3831 -1.29174 1.21152 -2.28391 
1.06867 -1.91387 -1.63402 1.3424 1.90984 1.40958 -1.42129 1.53011 -1.679 -0.920332 -1.3831 -1.29174 1.21152 -2.28391 
1.06795 -1.91266 -1.63312 1.33769 1.91163 1.4135 -1.43363 1.53011 -1.679 -0.920335 -1.3831 -1.29174 1.21152 -2.28391 
1.0636 -1.9194 -1.63947 1.33797 1.9006 1.41789 -1.43843 1.53011 -1.679 -0.920332 -1.3831 -1.29174 1.21152 -2.28391 
1.06369 -1.92113 -1.64126 1.33913 1.89412 1.41697 -1.4494 1.53011 -1.679 -0.920335 -1.3831 -1.29174 1.21152 -2.28391 
1.06132 -1.91527 -1.63635 1.32397 1.90931 1.431 -1.47054 1.53012 -1.67902 -0.920311 -1.3831 -1.29176 1.21154 -2.28391 
1.05877 -1.91914 -1.64024 1.32401 1.90249 1.4337 -1.47495 1.53011 -1.679 -0.920337 -1.3831 -1.29174 1.21152 -2.28391 
1.06303 -1.91655 -1.63707 1.32636 1.90072 1.42687 -1.48688 1.53011 -1.679 -0.920333 -1.3831 -1.29174 1.21152 -2.28391 
1.06137 -1.91597 -1.63685 1.32075 1.90257 1.43328 -1.50146 1.53011 -1.679 -0.920333 -1.3831 -1.29174 1.21152 -2.28391 
1.06092 -1.91457 -1.63582 1.31632 1.90515 1.43735 -1.51261 1.53011 -1.679 -0.920336 -1.3831 -1.29174 1.21152 -2.28391 
1.06513 -1.91514 -1.63476 1.31996 1.9075 1.43651 -1.50343 1.5301 -1.679 -0.920337 -1.3831 -1.29174 1.21152 -2.28391 
1.06385 -1.91878 -1.63816 1.32131 1.9005 1.43817 -1.50833 1.53011 -1.679 -0.920337 -1.3831 -1.29174 1.21152 -2.28391 
1.06204 -1.92016 -1.64 1.31897 1.89723 1.44227 -1.51983 1.53011 -1.679 -0.920336 -1.3831 -1.29174 1.21152 -2.28391 
1.06185 -1.91862 -1.6386 1.31473 1.8999 1.44645 -1.53374 1.53011 -1.679 -0.920334 -1.3831 -1.29174 1.21152 -2.28391 
1.0639 -1.91668 -1.63681 1.31426 1.90013 1.44526 -1.54517 1.53011 -1.679 -0.920336 -1.3831 -1.29174 1.21152 -2.28391 
1.0642 -1.91435 -1.63499 1.3098 1.90333 1.44905 -1.56081 1.53011 -1.679 -0.920333 -1.3831 -1.29174 1.21152 -2.28391 
1.06186 -1.91545 -1.63637 1.30572 1.90302 1.45578 -1.57184 1.53011 -1.679 -0.920335 -1.3831 -1.29174 1.21152 -2.28391 
1.06015 -1.91714 -1.63794 1.30455 1.90122 1.46013 -1.57835 1.5301 -1.679 -0.920338 -1.3831 -1.29174 1.21152 -2.28392 
1.06036 -1.91828 -1.63882 1.30569 1.89813 1.46059 -1.58463 1.5301 -1.679 -0.920339 -1.3831 -1.29174 1.21152 -2.28392 
1.06022 -1.91885 -1.63941 1.30598 1.89622 1.4619 -1.59204 1.5301 -1.679 -0.920339 -1.3831 -1.29174 1.21152 -2.28392 
1.06151 -1.91406 -1.63499 1.29996 1.9052 1.4666 -1.60598 1.53011 -1.67901 -0.92033 -1.3831 -1.29174 1.21153 -2.28391 
1.05931 -1.91423 -1.63554 1.29549 1.90776 1.47412 -1.61387 1.53011 -1.679 -0.920337 -1.3831 -1.29174 1.21152 -2.28391 
1.06114 -1.91469 -1.63534 1.29927 1.90543 1.47116 -1.61474 1.5301 -1.679 -0.920339 -1.3831 -1.29173 1.21152 -2.28392 
1.0621 -1.91187 -1.63251 1.2961 1.91139 1.47431 -1.6228 1.53011 -1.679 -0.920337 -1.3831 -1.29174 1.21152 -2.28391 
1.06033 -1.91218 -1.63289 1.29276 1.91366 1.48073 -1.62955 1.5301 -1.679 -0.920338 -1.3831 -1.29174 1.21152 -2.28391 
1.05941 -1.91182 -1.63271 1.29015 1.91678 1.48618 -1.63348 1.5301 -1.679 -0.920339 -1.3831 -1.29174 1.21152 -2.28392 
1.06109 -1.9107 -1.63133 1.29155 1.91751 1.48489 -1.63758 1.5301 -1.679 -0.920339 -1.3831 -1.29173 1.21152 -2.28392 
1.06148 -1.90928 -1.62985 1.28985 1.92178 1.48794 -1.64073 1.5301 -1.679 -0.920339 -1.3831 -1.29173 1.21152 -2.28392 
1.0607 -1.90962 -1.63026 1.28927 1.92331 1.49186 -1.64211 1.5301 -1.679 -0.92034 -1.3831 -1.29173 1.21152 -2.28392 
1.06231 -1.90971 -1.63 1.29254 1.92245 1.49002 -1.64163 1.5301 -1.679 -0.92034 -1.3831 -1.29173 1.21152 -2.28392 
1.06426 -1.90965 -1.62943 1.29578 1.92196 1.48787 -1.64097 1.5301 -1.679 -0.92034 -1.3831 -1.29173 1.21152 -2.28392 
1.06494 -1.90903 -1.62856 1.2956 1.9247 1.4899 -1.64192 1.5301 -1.679 -0.92034 -1.3831 -1.29173 1.21152 -2.28392 
1.06745 -1.90722 -1.62647 1.29724 1.92768 1.48853 -1.64277 1.5301 -1.679 -0.92034 -1.3831 -1.29173 1.21152 -2.28392 
1.0687 -1.90872 -1.62694 1.30207 1.9255 1.4863 -1.63851 1.5301 -1.679 -0.920339 -1.3831 -1.29173 1.21152 -2.28392 
1.06744 -1.90912 -1.62694 1.29958 1.92932 1.49234 -1.63865 1.5301 -1.679 -0.920339 -1.3831 -1.29174 1.21152 -2.28392 
1.06912 -1.91005 -1.62656 1.30359 1.92841 1.49049 -1.63589 1.5301 -1.679 -0.92034 -1.3831 -1.29173 1.21152 -2.28392 
1.06985 -1.9058 -1.62228 1.29761 1.93966 1.49662 -1.64185 1.53011 -1.679 -0.920333 -1.3831 -1.29174 1.21152 -2.28391 
1.0717 -1.90173 -1.61775 1.29398 1.94957 1.50032 -1.64644 1.53011 -1.679 -0.920335 -1.3831 -1.29174 1.21152 -2.28391 
1.07291 -1.90175 -1.61702 1.29593 1.9508 1.50021 -1.64422 1.5301 -1.679 -0.92034 -1.3831 -1.29173 1.21152 -2.28392 
1.07392 -1.89936 -1.61418 1.29347 1.957 1.50334 -1.64798 1.5301 -1.679 -0.920338 -1.3831 -1.29174 1.21152 -2.28391 
1.07371 -1.8988 -1.61299 1.29171 1.96126 1.50692 -1.64835 1.5301 -1.679 -0.920339 -1.3831 -1.29173 1.21152 -2.28392 
1.07638 -1.89442 -1.60851 1.28966 1.96918 1.50713 -1.65194 1.53011 -1.679 -0.920336 -1.3831 -1.29174 1.21152 -2.28391 
1.0776 -1.89447 -1.60785 1.29147 1.96904 1.50604 -1.65298 1.5301 -1.679 -0.92034 -1.3831 -1.29173 1.21152 -2.28392 
1.07954 -1.89111 -1.60435 1.28925 1.97539 1.50694 -1.65687 1.5301 -1.679 -0.920338 -1.3831 -1.29174 1.21152 -2.28391 
1.08027 -1.89087 -1.60323 1.28933 1.97817 1.50843 -1.65597 1.5301 -1.679 -0.92034 -1.3831 -1.29173 1.21152 -2.28392 
1.08191 -1.88783 -1.60014 1.28771 1.98344 1.50879 -1.65942 1.5301 -1.679 -0.920338 -1.3831 -1.29174 1.21152 -2.28392 
1.08152 -1.88739 -1.59907 1.28562 1.98713 1.51244 -1.66019 1.5301 -1.679 -0.920339 -1.3831 -1.29173 1.21152 -2.28392 
1.08214 -1.88233 -1.59473 1.27907 1.99794 1.5178 -1.66718 1.53011 -1.679 -0.920332 -1.3831 -1.29174 1.21152 -2.28391 
1.08197 -1.88178 -1.59376 1.27719 2.00195 1.52127 -1.66692 1.5301 -1.679 -0.920339 -1.3831 -1.29173 1.21152 -2.28392 
1.08234 -1.88125 -1.59279 1.27642 2.00444 1.52314 -1.66799 1.5301 -1.679 -0.92034 -1.3831 -1.29173 1.21152 -2.28392 
1.08465 -1.8768 -1.58851 1.27421 2.01161 1.5234 -1.67308 1.53011 -1.679 -0.920336 -1.3831 -1.29174 1.21152 -2.28391 
1.08509 -1.87309 -1.58535 1.26921 2.02025 1.52809 -1.67701 1.53011 -1.679 -0.920336 -1.3831 -1.29174 1.21152 -2.28391 
1.08564 -1.87247 -1.58414 1.26883 2.02268 1.5291 -1.67778 1.5301 -1.679 -0.92034 -1.3831 -1.29173 1.21152 -2.28392 
1.08833 -1.87012 -1.58123 1.27017 2.02557 1.52656 -1.67977 1.5301 -1.679 -0.920339 -1.3831 -1.29173 1.21152 -2.28392 
1.0895 -1.86598 -1.57741 1.26624 2.03384 1.52906 -1.68306 1.53011 -1.679 -0.920336 -1.3831 -1.29174 1.21152 -2.28391 
1.08749 -1.8663 -1.5774 1.26256 2.03719 1.53493 -1.68367 1.5301 -1.679 -0.920339 -1.3831 -1.29174 1.21152 -2.28392 
1.08973 -1.86232 -1.57381 1.26127 2.0429 1.53467 -1.68778 1.5301 -1.679 -0.920338 -1.3831 -1.29174 1.21152 -2.28391 
1.08949 -1.85711 -1.56996 1.25414 2.05365 1.54067 -1.69277 1.53011 -1.679 -0.920333 -1.3831 -1.29174 1.21152 -2.28391 
1.09099 -1.85681 -1.56886 1.25584 2.05427 1.53886 -1.69243 1.5301 -1.679 -0.92034 -1.3831 -1.29173 1.21152 -2.28392 
1.09 -1.85517 -1.56761 1.25159 2.05963 1.54358 -1.69347 1.5301 -1.679 -0.920338 -1.3831 -1.29174 1.21152 -2.28392 
1.0916 -1.84936 -1.56341 1.24726 2.06836 1.54533 -1.69868 1.53011 -1.679 -0.920335 -1.3831 -1.29174 1.21152 -2.28391 
1.09093 -1.85049 -1.56411 1.24716 2.06884 1.54669 -1.69506 1.5301 -1.679 -0.92034 -1.3831 -1.29173 1.21152 -2.28392 
1.09387 -1.84671 -1.56088 1.24829 2.07177 1.54235 -1.69783 1.5301 -1.679 -0.920338 -1.3831 -1.29174 1.21152 -2.28392 
1.09149 -1.84789 -1.56234 1.24498 2.07244 1.54744 -1.69833 1.5301 -1.679 -0.920339 -1.3831 -1.29173 1.21152 -2.28392 
1.0931 -1.84603 -1.56075 1.24618 2.07331 1.5445 -1.69992 1.5301 -1.679 -0.92034 -1.3831 -1.29173 1.21152 -2.28392 
1.09403 -1.84597 -1.56052 1.24782 2.07243 1.54228 -1.69911 1.5301 -1.679 -0.92034 -1.3831 -1.29173 1.21152 -2.28392 
1.09356 -1.84828 -1.56208 1.24963 2.06966 1.54178 -1.69617 1.5301 -1.679 -0.920339 -1.3831 -1.29173 1.21152 -2.28392 
1.09168 -1.84872 -1.56245 1.24619 2.0721 1.54661 -1.69548 1.5301 -1.679 -0.920339 -1.3831 -1.29173 1.21152 -2.28392 
1.09112 -1.85031 -1.56376 1.24699 2.06994 1.54678 -1.69457 1.5301 -1.679 -0.92034 -1.3831 -1.29173 1.21152 -2.28392 
1.09127 -1.85053 -1.56397 1.24763 2.0689 1.54606 -1.69504 1.5301 -1.679 -0.92034 -1.3831 -1.29173 1.21152 -2.28392 
1.09195 -1.84831 -1.56233 1.24627 2.07151 1.54596 -1.69759 1.5301 -1.679 -0.92034 -1.3831 -1.29173 1.21152 -2.28392 
1.09102 -1.84925 -1.56317 1.24564 2.07135 1.54764 -1.69611 1.5301 -1.679 -0.92034 -1.3831 -1.29173 1.21152 -2.28392 
1.09321 -1.84679 -1.56106 1.24709 2.07242 1.54386 -1.69856 1.5301 -1.679 -0.920339 -1.3831 -1.29173 1.21152 -2.28392 
1.09145 -1.84837 -1.56248 1.24548 2.07158 1.54693 -1.69802 1.5301 -1.679 -0.92034 -1.3831 -1.29173 1.21152 -2.28392 
1.09358 -1.84662 -1.56081 1.24749 2.07221 1.54301 -1.69859 1.5301 -1.679 -0.920339 -1.3831 -1.29173 1.21152 -2.28392 
1.09071 -1.84799 -1.56244 1.24405 2.07361 1.54915 -1.69693 1.5301 -1.679 -0.920338 -1.3831 -1.29174 1.21152 -2.28392 
1.0917 -1.84966 -1.5632 1.24746 2.07004 1.54586 -1.69506 1.5301 -1.679 -0.920339 -1.3831 -1.29173 1.21152 -2.28392 
1.09069 -1.85088 -1.5642 1.24701 2.06918 1.54728 -1.69404 1.5301 -1.679 -0.92034 -1.3831 -1.29173 1.21152 -2.28392 
1.09046 -1.85176 -1.56478 1.24774 2.06783 1.54684 -1.69332 1.5301 -1.679 -0.92034 -1.3831 -1.29173 1.21152 -2.28392 
1.09009 -1.854 -1.56636 1.2497 2.06428 1.54607 -1.69105 1.5301 -1.679 -0.920339 -1.3831 -1.29173 1.21152 -2.28392 
1.09303 -1.84667 -1.56064 1.24631 2.07351 1.54496 -1.69772 1.53011 -1.679 -0.920333 -1.3831 -1.29174 1.21152 -2.28391 
1.09204 -1.85058 -1.56362 1.24932 2.06732 1.54403 -1.69483 1.5301 -1.679 -0.920338 -1.3831 -1.29174 1.21152 -2.28391 
1.09146 -1.85152 -1.56451 1.24954 2.06611 1.5446 -1.69372 1.5301 -1.679 -0.92034 -1.3831 -1.29173 1.21152 -2.28392 
1.09149 -1.84828 -1.56212 1.24558 2.07241 1.54719 -1.69614 1.5301 -1.679 -0.920338 -1.3831 -1.29174 1.21152 -2.28391 
1.09037 -1.85258 -1.56542 1.24864 2.06607 1.5466 -1.69284 1.5301 -1.679 -0.920338 -1.3831 -1.29174 1.21152 -2.28391 
1.09216 -1.84898 -1.56266 1.24757 2.07006 1.5451 -1.69592 1.5301 -1.679 -0.920339 -1.3831 -1.29174 1.21152 -2.28392 
1.0918 -1.84964 -1.56322 1.24773 2.06944 1.5454 -1.69503 1.5301 -1.679 -0.92034 -1.3831 -1.29173 1.21152 -2.28392 
