1.14003 -1.88351 -1.74999 1.50336 -1.23599 -0.917046 2.06662 -1.11007 0.610447 0.0654194 -1.37338 -1.9629 -1.13369 -0.471729 
1.11334 -1.88664 -1.7617 1.47873 -1.23657 -0.925164 2.09806 -1.11086 0.606558 0.0662759 -1.38231 -1.96055 -1.13132 -0.477188 
1.11125 -1.88755 -1.76083 1.47454 -1.23227 -0.930886 2.09928 -1.11086 0.606549 0.0662777 -1.38233 -1.96054 -1.13132 -0.4772 
1.10983 -1.88906 -1.76087 1.47177 -1.22813 -0.938664 2.09845 -1.11086 0.606549 0.0662777 -1.38233 -1.96054 -1.13132 -0.4772 
1.11297 -1.8872 -1.75983 1.47213 -1.2281 -0.937425 2.09231 -1.11086 0.606549 0.0662777 -1.38233 -1.96054 -1.13132 -0.4772 
1.11789 -1.88724 -1.75961 1.47585 -1.23154 -0.933144 2.08858 -1.11086 0.606549 0.0662777 -1.38233 -1.96054 -1.13132 -0.4772 
1.12454 -1.88814 -1.75818 1.48286 -1.23175 -0.931445 2.08689 -1.11086 0.606549 0.0662777 -1.38233 -1.96054 -1.13132 -0.4772 
1.13076 -1.88607 -1.75467 1.48838 -1.22852 -0.930887 2.081 -1.11086 0.606549 0.0662777 -1.38233 -1.96054 -1.13132 -0.4772 
1.1352 -1.88672 -1.75423 1.49488 -1.23016 -0.927918 2.08115 -1.11086 0.606549 0.0662777 -1.38233 -1.96054 -1.13132 -0.4772 
1.13842 -1.8857 -1.7519 1.49684 -1.22725 -0.928813 2.07747 -1.11086 0.606549 0.0662777 -1.38233 -1.96054 -1.13132 -0.4772 
1.14064 -1.88594 -1.75094 1.49949 -1.22698 -0.92838 2.07674 -1.11086 0.606549 0.0662777 -1.38233 -1.96054 -1.13132 -0.4772 
1.14216 -1.8867 -1.75117 1.50207 -1.228 -0.927633 2.07687 -1.11086 0.606549 0.0662777 -1.38233 -1.96054 -1.13132 -0.4772 
1.1433 -1.88673 -1.75062 1.50332 -1.22737 -0.92773 2.07636 -1.11086 0.606549 0.0662777 -1.38233 -1.96054 -1.13132 -0.4772 
1.1438 -1.8876 -1.75096 1.5046 -1.2279 -0.927529 2.07703 -1.11086 0.606549 0.0662777 -1.38233 -1.96054 -1.13132 -0.4772 
1.14458 -1.88715 -1.75072 1.50541 -1.22806 -0.926962 2.07628 -1.11086 0.606549 0.0662777 -1.38233 -1.96054 -1.13132 -0.4772 
1.14653 -1.88732 -1.74946 1.50641 -1.22611 -0.928595 2.07412 -1.11086 0.606549 0.0662777 -1.38233 -1.96054 -1.13132 -0.4772 
1.1503 -1.88747 -1.74872 1.51071 -1.22715 -0.926482 2.07248 -1.11086 0.606549 0.0662777 -1.38233 -1.96054 -1.13132 -0.4772 
1.15309 -1.88763 -1.74797 1.51403 -1.22657 -0.926236 2.07151 -1.11086 0.606549 0.0662777 -1.38233 -1.96054 -1.13132 -0.4772 
1.15458 -1.8874 -1.74659 1.5151 -1.22434 -0.928609 2.06863 -1.11086 0.606549 0.0662777 -1.38233 -1.96054 -1.13132 -0.4772 
1.15498 -1.88731 -1.74619 1.51566 -1.22448 -0.927555 2.06879 -1.11086 0.606549 0.0662777 -1.38233 -1.96054 -1.13132 -0.4772 
1.15452 -1.88868 -1.7473 1.51594 -1.22507 -0.928876 2.07024 -1.11086 0.606549 0.0662777 -1.38233 -1.96054 -1.13132 -0.4772 
1.15464 -1.88838 -1.74634 1.51553 -1.22371 -0.929822 2.06974 -1.11086 0.606549 0.0662777 -1.38233 -1.96054 -1.13132 -0.4772 
1.15444 -1.88904 -1.74755 1.51651 -1.22564 -0.928194 2.07141 -1.11086 0.606549 0.0662777 -1.38233 -1.96054 -1.13132 -0.4772 
1.15489 -1.88869 -1.74707 1.51667 -1.22573 -0.927105 2.07169 -1.11086 0.606549 0.0662777 -1.38233 -1.96054 -1.13132 -0.4772 
1.15476 -1.88988 -1.74844 1.51817 -1.22866 -0.924794 2.07403 -1.11086 0.606549 0.0662777 -1.38233 -1.96054 -1.13132 -0.4772 
1.15445 -1.88988 -1.74794 1.51735 -1.22736 -0.926454 2.07325 -1.11086 0.606549 0.0662777 -1.38233 -1.96054 -1.13132 -0.4772 
1.15499 -1.88859 -1.7467 1.51661 -1.22511 -0.927394 2.07115 -1.11086 0.606549 0.0662777 -1.38233 -1.96054 -1.13132 -0.4772 
1.15435 -1.88911 -1.74642 1.5157 -1.22356 -0.930053 2.07047 -1.11086 0.606549 0.0662777 -1.38233 -1.96054 -1.13132 -0.4772 
1.15416 -1.88903 -1.74634 1.51523 -1.22278 -0.9308 2.07012 -1.11086 0.606549 0.0662777 -1.38233 -1.96054 -1.13132 -0.4772 
1.15465 -1.88874 -1.74646 1.51556 -1.22408 -0.928927 2.06949 -1.11086 0.606549 0.0662777 -1.38233 -1.96054 -1.13132 -0.4772 
1.15589 -1.88722 -1.74593 1.51646 -1.22528 -0.925597 2.06822 -1.11086 0.606549 0.0662777 -1.38233 -1.96054 -1.13132 -0.4772 
1.15574 -1.88709 -1.74603 1.51622 -1.22534 -0.925963 2.06744 -1.11086 0.606549 0.0662777 -1.38233 -1.96054 -1.13132 -0.4772 
1.15543 -1.88793 -1.74674 1.51666 -1.22667 -0.925457 2.06892 -1.11086 0.606549 0.0662777 -1.38233 -1.96054 -1.13132 -0.4772 
1.15582 -1.88778 -1.74714 1.51757 -1.22836 -0.923221 2.06987 -1.11086 0.606549 0.0662777 -1.38233 -1.96054 -1.13132 -0.4772 
1.15506 -1.88831 -1.74728 1.51673 -1.22769 -0.924949 2.06951 -1.11086 0.606549 0.0662777 -1.38233 -1.96054 -1.13132 -0.4772 
1.15534 -1.8881 -1.74774 1.51719 -1.22839 -0.924159 2.06946 -1.11086 0.606549 0.0662777 -1.38233 -1.96054 -1.13132 -0.4772 
1.15533 -1.88811 -1.74694 1.5168 -1.22739 -0.92509 2.06883 -1.11086 0.606549 0.0662777 -1.38233 -1.96054 -1.13132 -0.4772 
1.15597 -1.88706 -1.74701 1.51734 -1.22787 -0.923623 2.0681 -1.11086 0.606549 0.0662777 -1.38233 -1.96054 -1.13132 -0.4772 
1.15453 -1.88921 -1.74772 1.51671 -1.22801 -0.925873 2.06976 -1.11086 0.606549 0.0662777 -1.38233 -1.96054 -1.13132 -0.4772 
1.15577 -1.88771 -1.74752 1.51798 -1.22923 -0.922172 2.07011 -1.11086 0.606549 0.0662777 -1.38233 -1.96054 -1.13132 -0.4772 
1.15557 -1.8879 -1.74774 1.51811 -1.22938 -0.922149 2.07037 -1.11086 0.606549 0.0662777 -1.38233 -1.96054 -1.13132 -0.4772 
1.15529 -1.88803 -1.74701 1.51692 -1.2271 -0.924704 2.06998 -1.11086 0.606549 0.0662777 -1.38233 -1.96054 -1.13132 -0.4772 
1.15617 -1.88732 -1.747 1.51815 -1.22806 -0.92224 2.07083 -1.11086 0.606549 0.0662777 -1.38233 -1.96054 -1.13132 -0.4772 
1.15603 -1.88699 -1.746 1.51734 -1.22605 -0.924084 2.06929 -1.11086 0.606549 0.0662777 -1.38233 -1.96054 -1.13132 -0.4772 
1.15591 -1.88717 -1.74661 1.51732 -1.22611 -0.924507 2.07003 -1.11086 0.606549 0.0662777 -1.38233 -1.96054 -1.13132 -0.4772 
1.15471 -1.88902 -1.74679 1.51681 -1.22526 -0.927011 2.07152 -1.11086 0.606549 0.0662777 -1.38233 -1.96054 -1.13132 -0.4772 
1.15528 -1.88822 -1.7468 1.51742 -1.2261 -0.92509 2.07133 -1.11086 0.606549 0.0662777 -1.38233 -1.96054 -1.13132 -0.4772 
1.15531 -1.88804 -1.74654 1.51663 -1.22484 -0.926564 2.07051 -1.11086 0.606549 0.0662777 -1.38233 -1.96054 -1.13132 -0.4772 
1.15528 -1.88839 -1.74711 1.51732 -1.22631 -0.925247 2.07139 -1.11086 0.606549 0.0662777 -1.38233 -1.96054 -1.13132 -0.4772 
1.15563 -1.88764 -1.74666 1.51727 -1.22589 -0.92499 2.07083 -1.11086 0.606549 0.0662777 -1.38233 -1.96054 -1.13132 -0.4772 
1.15533 -1.88783 -1.74646 1.51678 -1.2249 -0.926084 2.07049 -1.11086 0.606549 0.0662777 -1.38233 -1.96054 -1.13132 -0.4772 
1.1547 -1.88908 -1.74745 1.51701 -1.2262 -0.92647 2.07216 -1.11086 0.606549 0.0662777 -1.38233 -1.96054 -1.13132 -0.4772 
1.15474 -1.88855 -1.74733 1.51656 -1.22617 -0.926446 2.07113 -1.11086 0.606549 0.0662777 -1.38233 -1.96054 -1.13132 -0.4772 
1.15465 -1.88916 -1.74748 1.51698 -1.22664 -0.926468 2.0714 -1.11086 0.606549 0.0662777 -1.38233 -1.96054 -1.13132 -0.4772 
1.15533 -1.88803 -1.74731 1.51751 -1.22748 -0.92404 2.07132 -1.11086 0.606549 0.0662777 -1.38233 -1.96054 -1.13132 -0.4772 
1.15505 -1.88846 -1.74782 1.51721 -1.22756 -0.924702 2.07158 -1.11086 0.606549 0.0662777 -1.38233 -1.96054 -1.13132 -0.4772 
1.15599 -1.88706 -1.74663 1.51756 -1.22712 -0.923333 2.06942 -1.11086 0.606549 0.0662777 -1.38233 -1.96054 -1.13132 -0.4772 
1.15608 -1.88664 -1.74638 1.51767 -1.22729 -0.922389 2.06926 -1.11086 0.606549 0.0662777 -1.38233 -1.96054 -1.13132 -0.4772 
1.15613 -1.8872 -1.74667 1.5179 -1.22731 -0.922777 2.07016 -1.11086 0.606549 0.0662777 -1.38233 -1.96054 -1.13132 -0.4772 
1.1551 -1.88844 -1.7472 1.51743 -1.22711 -0.924097 2.07128 -1.11086 0.606549 0.0662777 -1.38233 -1.96054 -1.13132 -0.4772 
1.15451 -1.89223 -1.74819 1.51995 -1.22678 -0.925671 2.08002 -1.11086 0.606549 0.0662777 -1.38233 -1.96054 -1.13132 -0.4772 
1.15334 -1.90115 -1.75006 1.52603 -1.22614 -0.928672 2.10058 -1.11086 0.606549 0.0662777 -1.38233 -1.96054 -1.13132 -0.4772 
1.15092 -1.9112 -1.75251 1.53153 -1.22519 -0.93276 2.12431 -1.11086 0.606549 0.0662777 -1.38233 -1.96054 -1.13132 -0.4772 
1.14805 -1.92136 -1.75379 1.53602 -1.22171 -0.938386 2.14972 -1.11086 0.606549 0.0662777 -1.38233 -1.96054 -1.13132 -0.4772 
1.14264 -1.93487 -1.75831 1.54109 -1.22109 -0.943931 2.18381 -1.11086 0.606549 0.0662777 -1.38233 -1.96054 -1.13132 -0.4772 
1.13606 -1.94826 -1.76203 1.54435 -1.2173 -0.952409 2.2186 -1.11086 0.606549 0.0662777 -1.38233 -1.96054 -1.13132 -0.4772 
1.12846 -1.96157 -1.76585 1.54696 -1.21275 -0.960549 2.25627 -1.11086 0.606549 0.0662777 -1.38233 -1.96054 -1.13132 -0.4772 
1.12167 -1.96699 -1.76019 1.54793 -1.21644 -0.978301 2.2994 -1.11086 0.606549 0.0662777 -1.38233 -1.96054 -1.13132 -0.4772 
1.11582 -1.96699 -1.74872 1.54729 -1.22118 -0.999771 2.34363 -1.11086 0.606549 0.0662777 -1.38233 -1.96054 -1.13132 -0.4772 
