0.651615 -0.968007 -0.256885 1.48084 -2.47503 -1.91474 1.35235 -1.76792 1.78579 -1.09188 1.57434 2.08879 0.729267 -2.0934 
0.65143 -0.969038 -0.256913 1.4786 -2.47511 -1.91374 1.35164 -1.75926 1.77659 -1.07825 1.55706 2.09395 0.772605 -2.14847 
0.65143 -0.969038 -0.256913 1.4786 -2.47511 -1.91374 1.35164 -1.74937 1.77724 -1.06491 1.54089 2.09895 0.806137 -2.20782 
0.65143 -0.969038 -0.256913 1.4786 -2.47511 -1.91374 1.35164 -1.75068 1.76217 -1.07072 1.53661 2.1006 0.815647 -2.18845 
0.65143 -0.969038 -0.256913 1.4786 -2.47511 -1.91374 1.35164 -1.74892 1.76609 -1.0676 1.53386 2.10359 0.818385 -2.19587 
0.65143 -0.969038 -0.256913 1.4786 -2.47511 -1.91374 1.35164 -1.74699 1.769 -1.06449 1.53035 2.10493 0.822515 -2.20837 
0.65143 -0.969038 -0.256913 1.4786 -2.47511 -1.91374 1.35164 -1.7501 1.75489 -1.07435 1.52863 2.10643 0.821501 -2.16899 
0.65143 -0.969038 -0.256913 1.4786 -2.47511 -1.91374 1.35164 -1.74352 1.76068 -1.06522 1.51968 2.10608 0.835569 -2.21314 
0.65143 -0.969038 -0.256913 1.4786 -2.47511 -1.91374 1.35164 -1.75303 1.77048 -1.07603 1.53841 2.09757 0.79809 -2.17284 
0.65143 -0.969038 -0.256913 1.4786 -2.47511 -1.91374 1.35164 -1.75227 1.7729 -1.07616 1.53775 2.09719 0.79565 -2.17378 
0.65143 -0.969038 -0.256913 1.4786 -2.47511 -1.91374 1.35164 -1.75112 1.77523 -1.075 1.53636 2.09703 0.795577 -2.1793 
0.65143 -0.969038 -0.256913 1.4786 -2.47511 -1.91374 1.35164 -1.7419 1.77909 -1.06015 1.52455 2.09262 0.818825 -2.25368 
0.65143 -0.969038 -0.256913 1.4786 -2.47511 -1.91374 1.35164 -1.74574 1.77848 -1.06728 1.5277 2.09798 0.807192 -2.21359 
0.65143 -0.969038 -0.256913 1.4786 -2.47511 -1.91374 1.35164 -1.73947 1.77199 -1.06064 1.51393 2.10207 0.831771 -2.24249 
0.65143 -0.969038 -0.256913 1.4786 -2.47511 -1.91374 1.35164 -1.73625 1.77103 -1.05577 1.5085 2.09808 0.842382 -2.27417 
0.65143 -0.969038 -0.256913 1.4786 -2.47511 -1.91374 1.35164 -1.73806 1.77517 -1.05889 1.51018 2.10318 0.830497 -2.24691 
0.65143 -0.969038 -0.256913 1.4786 -2.47511 -1.91374 1.35164 -1.73781 1.77338 -1.05851 1.50823 2.1008 0.832651 -2.25335 
0.65143 -0.969038 -0.256913 1.4786 -2.47511 -1.91374 1.35164 -1.7361 1.77497 -1.05599 1.50398 2.10215 0.836397 -2.26256 
0.65143 -0.969038 -0.256913 1.4786 -2.47511 -1.91374 1.35164 -1.73094 1.78939 -1.04475 1.49993 2.10219 0.840433 -2.30823 
0.65143 -0.969038 -0.256913 1.4786 -2.47511 -1.91374 1.35164 -1.73213 1.78518 -1.04816 1.49887 2.1059 0.838469 -2.28672 
0.65143 -0.969038 -0.256913 1.4786 -2.47511 -1.91374 1.35164 -1.73169 1.79049 -1.04425 1.49971 2.10564 0.836507 -2.29778 
0.65143 -0.969038 -0.256913 1.4786 -2.47511 -1.91374 1.35164 -1.72992 1.79238 -1.03897 1.4964 2.10766 0.843007 -2.31411 
