1.1421 -1.78713 -1.68107 1.45734 -1.33805 -0.948667 2.0676 -1.11007 0.610447 0.0654194 -1.37338 -1.9629 -1.13369 -0.471729 
1.14337 -1.77528 -1.6814 1.45991 -1.36479 -0.901613 2.07038 -1.11086 0.606554 0.0662767 -1.38232 -1.96054 -1.13132 -0.477194 
1.14122 -1.77606 -1.67967 1.45506 -1.35813 -0.909252 2.06858 -1.11086 0.606549 0.0662777 -1.38233 -1.96054 -1.13132 -0.4772 
1.14219 -1.77343 -1.67566 1.45153 -1.34848 -0.916595 2.06035 -1.11086 0.606549 0.0662777 -1.38233 -1.96054 -1.13132 -0.4772 
1.14485 -1.77237 -1.67558 1.45273 -1.35011 -0.914203 2.05584 -1.11086 0.606549 0.0662777 -1.38233 -1.96054 -1.13132 -0.4772 
1.14988 -1.77032 -1.67351 1.45372 -1.34895 -0.913142 2.04713 -1.11086 0.606549 0.0662777 -1.38233 -1.96054 -1.13132 -0.4772 
1.15587 -1.77036 -1.67182 1.45976 -1.34709 -0.913895 2.04446 -1.11086 0.606549 0.0662777 -1.38233 -1.96054 -1.13132 -0.4772 
1.16145 -1.76988 -1.67103 1.46657 -1.34695 -0.912869 2.04178 -1.11086 0.606549 0.0662777 -1.38233 -1.96054 -1.13132 -0.4772 
1.16565 -1.77014 -1.67132 1.47275 -1.34958 -0.909653 2.04248 -1.11086 0.606549 0.0662777 -1.38233 -1.96054 -1.13132 -0.4772 
1.16886 -1.77038 -1.67194 1.47776 -1.35222 -0.906521 2.04388 -1.11086 0.606549 0.0662777 -1.38233 -1.96054 -1.13132 -0.4772 
1.17144 -1.76823 -1.66865 1.47805 -1.34658 -0.909268 2.03724 -1.11086 0.606549 0.0662777 -1.38233 -1.96054 -1.13132 -0.4772 
1.1727 -1.76791 -1.66741 1.47865 -1.3446 -0.910646 2.03507 -1.11086 0.606549 0.0662777 -1.38233 -1.96054 -1.13132 -0.4772 
1.17381 -1.7685 -1.66757 1.48035 -1.34515 -0.910594 2.03491 -1.11086 0.606549 0.0662777 -1.38233 -1.96054 -1.13132 -0.4772 
1.17529 -1.76713 -1.66678 1.48178 -1.34514 -0.908774 2.03307 -1.11086 0.606549 0.0662777 -1.38233 -1.96054 -1.13132 -0.4772 
1.17493 -1.76928 -1.66866 1.48328 -1.34767 -0.908805 2.03591 -1.11086 0.606549 0.0662777 -1.38233 -1.96054 -1.13132 -0.4772 
1.17702 -1.76921 -1.6677 1.48525 -1.34727 -0.908665 2.03481 -1.11086 0.606549 0.0662777 -1.38233 -1.96054 -1.13132 -0.4772 
1.18063 -1.76824 -1.66631 1.48835 -1.34594 -0.908239 2.03185 -1.11086 0.606549 0.0662777 -1.38233 -1.96054 -1.13132 -0.4772 
1.18404 -1.76759 -1.66628 1.4923 -1.34711 -0.905905 2.03147 -1.11086 0.606549 0.0662777 -1.38233 -1.96054 -1.13132 -0.4772 
1.18616 -1.76682 -1.66575 1.49499 -1.34693 -0.904972 2.03017 -1.11086 0.606549 0.0662777 -1.38233 -1.96054 -1.13132 -0.4772 
1.1869 -1.7675 -1.66629 1.49698 -1.34897 -0.903272 2.03151 -1.11086 0.606549 0.0662777 -1.38233 -1.96054 -1.13132 -0.4772 
1.18582 -1.76901 -1.66688 1.49617 -1.34815 -0.906098 2.03317 -1.11086 0.606549 0.0662777 -1.38233 -1.96054 -1.13132 -0.4772 
1.18553 -1.76923 -1.66679 1.49592 -1.34809 -0.905981 2.03361 -1.11086 0.606549 0.0662777 -1.38233 -1.96054 -1.13132 -0.4772 
1.18507 -1.77081 -1.6678 1.49595 -1.34888 -0.907341 2.03516 -1.11086 0.606549 0.0662777 -1.38233 -1.96054 -1.13132 -0.4772 
1.18564 -1.76952 -1.66688 1.49581 -1.34774 -0.906781 2.03359 -1.11086 0.606549 0.0662777 -1.38233 -1.96054 -1.13132 -0.4772 
1.18533 -1.77038 -1.66771 1.49642 -1.34942 -0.906287 2.03478 -1.11086 0.606549 0.0662777 -1.38233 -1.96054 -1.13132 -0.4772 
1.18542 -1.77011 -1.66741 1.49608 -1.34928 -0.906167 2.03422 -1.11086 0.606549 0.0662777 -1.38233 -1.96054 -1.13132 -0.4772 
1.18555 -1.76933 -1.6667 1.49593 -1.34793 -0.90623 2.03347 -1.11086 0.606549 0.0662777 -1.38233 -1.96054 -1.13132 -0.4772 
1.18562 -1.76962 -1.66692 1.49593 -1.34828 -0.90615 2.03383 -1.11086 0.606549 0.0662777 -1.38233 -1.96054 -1.13132 -0.4772 
1.18569 -1.76874 -1.66622 1.49598 -1.34736 -0.905901 2.03297 -1.11086 0.606549 0.0662777 -1.38233 -1.96054 -1.13132 -0.4772 
1.18594 -1.769 -1.66702 1.49619 -1.34916 -0.904697 2.03298 -1.11086 0.606549 0.0662777 -1.38233 -1.96054 -1.13132 -0.4772 
1.18586 -1.76874 -1.66692 1.49566 -1.34918 -0.904958 2.03105 -1.11086 0.606549 0.0662777 -1.38233 -1.96054 -1.13132 -0.4772 
1.18582 -1.76862 -1.66705 1.49568 -1.34925 -0.905188 2.03082 -1.11086 0.606549 0.0662777 -1.38233 -1.96054 -1.13132 -0.4772 
1.1861 -1.76834 -1.66712 1.49602 -1.3503 -0.903259 2.03105 -1.11086 0.606549 0.0662777 -1.38233 -1.96054 -1.13132 -0.4772 
1.18574 -1.76914 -1.66788 1.4965 -1.35184 -0.902498 2.03286 -1.11086 0.606549 0.0662777 -1.38233 -1.96054 -1.13132 -0.4772 
1.18576 -1.76877 -1.66738 1.49572 -1.3501 -0.904239 2.03153 -1.11086 0.606549 0.0662777 -1.38233 -1.96054 -1.13132 -0.4772 
1.18618 -1.76817 -1.66699 1.49617 -1.35001 -0.903552 2.0307 -1.11086 0.606549 0.0662777 -1.38233 -1.96054 -1.13132 -0.4772 
1.18552 -1.7692 -1.66774 1.49575 -1.35054 -0.904673 2.03178 -1.11086 0.606549 0.0662777 -1.38233 -1.96054 -1.13132 -0.4772 
1.18621 -1.76835 -1.66725 1.49649 -1.35092 -0.902801 2.03159 -1.11086 0.606549 0.0662777 -1.38233 -1.96054 -1.13132 -0.4772 
1.18685 -1.76717 -1.66671 1.4971 -1.35122 -0.900855 2.03104 -1.11086 0.606549 0.0662777 -1.38233 -1.96054 -1.13132 -0.4772 
1.18606 -1.76815 -1.66715 1.49595 -1.3502 -0.903373 2.0311 -1.11086 0.606549 0.0662777 -1.38233 -1.96054 -1.13132 -0.4772 
1.18561 -1.76905 -1.66751 1.49559 -1.34996 -0.904834 2.03178 -1.11086 0.606549 0.0662777 -1.38233 -1.96054 -1.13132 -0.4772 
1.18555 -1.76894 -1.66739 1.49545 -1.34951 -0.905219 2.03183 -1.11086 0.606549 0.0662777 -1.38233 -1.96054 -1.13132 -0.4772 
1.18592 -1.76848 -1.66692 1.49571 -1.34914 -0.904788 2.03152 -1.11086 0.606549 0.0662777 -1.38233 -1.96054 -1.13132 -0.4772 
1.18562 -1.76889 -1.66675 1.49546 -1.34787 -0.906514 2.03232 -1.11086 0.606549 0.0662777 -1.38233 -1.96054 -1.13132 -0.4772 
1.18584 -1.76855 -1.66679 1.49586 -1.34831 -0.905805 2.03279 -1.11086 0.606549 0.0662777 -1.38233 -1.96054 -1.13132 -0.4772 
1.18569 -1.76946 -1.66719 1.49635 -1.34912 -0.905602 2.03431 -1.11086 0.606549 0.0662777 -1.38233 -1.96054 -1.13132 -0.4772 
1.18557 -1.76955 -1.66744 1.49629 -1.34944 -0.905676 2.03462 -1.11086 0.606549 0.0662777 -1.38233 -1.96054 -1.13132 -0.4772 
1.18591 -1.76876 -1.66688 1.4963 -1.3489 -0.90494 2.03404 -1.11086 0.606549 0.0662777 -1.38233 -1.96054 -1.13132 -0.4772 
1.18556 -1.76953 -1.66725 1.49626 -1.34958 -0.905456 2.03465 -1.11086 0.606549 0.0662777 -1.38233 -1.96054 -1.13132 -0.4772 
1.18631 -1.76764 -1.66601 1.49608 -1.3481 -0.904605 2.03269 -1.11086 0.606549 0.0662777 -1.38233 -1.96054 -1.13132 -0.4772 
1.18646 -1.76697 -1.66577 1.4964 -1.34799 -0.903791 2.03255 -1.11086 0.606549 0.0662777 -1.38233 -1.96054 -1.13132 -0.4772 
1.18643 -1.76718 -1.66593 1.4965 -1.34849 -0.903773 2.03235 -1.11086 0.606549 0.0662777 -1.38233 -1.96054 -1.13132 -0.4772 
1.18677 -1.76641 -1.66553 1.49646 -1.34818 -0.90276 2.03225 -1.11086 0.606549 0.0662777 -1.38233 -1.96054 -1.13132 -0.4772 
1.18625 -1.76777 -1.66667 1.49704 -1.35028 -0.902526 2.03347 -1.11086 0.606549 0.0662777 -1.38233 -1.96054 -1.13132 -0.4772 
1.1864 -1.76725 -1.66643 1.49692 -1.35045 -0.902072 2.03248 -1.11086 0.606549 0.0662777 -1.38233 -1.96054 -1.13132 -0.4772 
1.1862 -1.76778 -1.66701 1.49718 -1.35109 -0.901778 2.0339 -1.11086 0.606549 0.0662777 -1.38233 -1.96054 -1.13132 -0.4772 
1.18611 -1.76862 -1.66794 1.49781 -1.35342 -0.900524 2.03539 -1.11086 0.606549 0.0662777 -1.38233 -1.96054 -1.13132 -0.4772 
1.1862 -1.76787 -1.6671 1.49643 -1.35133 -0.902298 2.03316 -1.11086 0.606549 0.0662777 -1.38233 -1.96054 -1.13132 -0.4772 
1.18591 -1.76827 -1.66706 1.49623 -1.35091 -0.903412 2.03273 -1.11086 0.606549 0.0662777 -1.38233 -1.96054 -1.13132 -0.4772 
1.18556 -1.76878 -1.6674 1.496 -1.3508 -0.90455 2.03327 -1.11086 0.606549 0.0662777 -1.38233 -1.96054 -1.13132 -0.4772 
1.1866 -1.77135 -1.66744 1.50013 -1.3511 -0.904455 2.04215 -1.11086 0.606549 0.0662777 -1.38233 -1.96054 -1.13132 -0.4772 
1.18672 -1.78031 -1.66881 1.50819 -1.35093 -0.908034 2.06686 -1.11086 0.606549 0.0662777 -1.38233 -1.96054 -1.13132 -0.4772 
1.18514 -1.79198 -1.67225 1.51649 -1.35353 -0.911802 2.09708 -1.11086 0.606549 0.0662777 -1.38233 -1.96054 -1.13132 -0.4772 
1.18335 -1.80284 -1.67513 1.524 -1.3555 -0.915025 2.12759 -1.11086 0.606549 0.0662777 -1.38233 -1.96054 -1.13132 -0.4772 
1.18001 -1.8149 -1.67875 1.53066 -1.35693 -0.919873 2.16164 -1.11086 0.606549 0.0662777 -1.38233 -1.96054 -1.13132 -0.4772 
1.17582 -1.82759 -1.68163 1.53687 -1.35604 -0.92665 2.20005 -1.11086 0.606549 0.0662777 -1.38233 -1.96054 -1.13132 -0.4772 
1.16965 -1.8416 -1.68405 1.54111 -1.35116 -0.937813 2.24186 -1.11086 0.606549 0.0662777 -1.38233 -1.96054 -1.13132 -0.4772 
1.16264 -1.85508 -1.68693 1.54408 -1.34733 -0.947912 2.28317 -1.11086 0.606549 0.0662777 -1.38233 -1.96054 -1.13132 -0.4772 
1.15515 -1.8681 -1.68928 1.54592 -1.34173 -0.95874 2.3259 -1.11086 0.606549 0.0662777 -1.38233 -1.96054 -1.13132 -0.4772 
1.14843 -1.87915 -1.69044 1.54787 -1.33631 -0.965958 2.36716 -1.11086 0.606549 0.0662777 -1.38233 -1.96054 -1.13132 -0.4772 
1.13785 -1.89438 -1.69418 1.54771 -1.33036 -0.979848 2.41315 -1.11086 0.606549 0.0662777 -1.38233 -1.96054 -1.13132 -0.4772 
1.12878 -1.90692 -1.69652 1.54692 -1.32401 -0.991449 2.45243 -1.11086 0.606549 0.0662777 -1.38233 -1.96054 -1.13132 -0.4772 
1.1201 -1.91761 -1.69706 1.54456 -1.31428 -1.00432 2.48764 -1.11086 0.606549 0.0662777 -1.38233 -1.96054 -1.13132 -0.4772 
1.11212 -1.92467 -1.6994 1.54077 -1.31044 -1.01115 2.51416 -1.11086 0.606549 0.0662777 -1.38233 -1.96054 -1.13132 -0.4772 
1.1054 -1.92817 -1.7007 1.53531 -1.30677 -1.01638 2.52979 -1.11086 0.606549 0.0662777 -1.38233 -1.96054 -1.13132 -0.4772 
1.10034 -1.93033 -1.70128 1.53031 -1.3034 -1.02118 2.53774 -1.11086 0.606549 0.0662777 -1.38233 -1.96054 -1.13132 -0.4772 
1.09645 -1.93235 -1.70264 1.52719 -1.30425 -1.02349 2.54058 -1.11086 0.606549 0.0662777 -1.38233 -1.96054 -1.13132 -0.4772 
1.09519 -1.93244 -1.70287 1.52454 -1.30488 -1.02535 2.53419 -1.11086 0.606549 0.0662777 -1.38233 -1.96054 -1.13132 -0.4772 
1.09431 -1.93358 -1.70481 1.52337 -1.31014 -1.02684 2.52078 -1.11086 0.606549 0.0662777 -1.38233 -1.96054 -1.13132 -0.4772 
1.09767 -1.93229 -1.70545 1.52514 -1.31749 -1.02368 2.4989 -1.11086 0.606549 0.0662777 -1.38233 -1.96054 -1.13132 -0.4772 
1.10337 -1.92937 -1.70508 1.52784 -1.32594 -1.01865 2.46899 -1.11086 0.606549 0.0662777 -1.38233 -1.96054 -1.13132 -0.4772 
1.10852 -1.92642 -1.70427 1.52821 -1.33099 -1.0191 2.43062 -1.11086 0.606549 0.0662777 -1.38233 -1.96054 -1.13132 -0.4772 
1.11571 -1.92266 -1.70341 1.52926 -1.33762 -1.01848 2.38429 -1.11086 0.606549 0.0662777 -1.38233 -1.96054 -1.13132 -0.4772 
1.12441 -1.9181 -1.70241 1.53154 -1.34679 -1.01456 2.33487 -1.11086 0.606549 0.0662777 -1.38233 -1.96054 -1.13132 -0.4772 
1.13075 -1.91292 -1.70295 1.51791 -1.35777 -1.02549 2.22241 -1.11086 0.606549 0.0662777 -1.38233 -1.96054 -1.13132 -0.4772 
1.13029 -1.9133 -1.70343 1.51608 -1.3588 -1.02716 2.21377 -1.11086 0.606549 0.0662777 -1.38233 -1.96054 -1.13132 -0.4772 
1.13705 -1.90855 -1.70087 1.51304 -1.36137 -1.02913 2.16036 -1.11086 0.606549 0.0662777 -1.38233 -1.96054 -1.13132 -0.4772 
1.14185 -1.90566 -1.69927 1.50779 -1.36198 -1.03647 2.10447 -1.11086 0.606549 0.0662777 -1.38233 -1.96054 -1.13132 -0.4772 
1.14837 -1.89981 -1.69516 1.50189 -1.36012 -1.04137 2.04668 -1.11086 0.606549 0.0662777 -1.38233 -1.96054 -1.13132 -0.4772 
1.15204 -1.89812 -1.69494 1.4981 -1.36324 -1.04604 2.00183 -1.11086 0.606549 0.0662777 -1.38233 -1.96054 -1.13132 -0.4772 
1.15639 -1.89403 -1.69186 1.49175 -1.36132 -1.05198 1.95306 -1.11086 0.606549 0.0662777 -1.38233 -1.96054 -1.13132 -0.4772 
1.15966 -1.89043 -1.6891 1.48496 -1.35907 -1.05826 1.90852 -1.11086 0.606549 0.0662777 -1.38233 -1.96054 -1.13132 -0.4772 
1.1608 -1.88219 -1.68184 1.47117 -1.34992 -1.06897 1.84325 -1.11086 0.606549 0.0662777 -1.38233 -1.96054 -1.13132 -0.4772 
1.16274 -1.87841 -1.67862 1.46441 -1.34689 -1.07466 1.80535 -1.11086 0.606549 0.0662777 -1.38233 -1.96054 -1.13132 -0.4772 
1.1612 -1.87872 -1.67764 1.45577 -1.34151 -1.08769 1.77714 -1.11086 0.606549 0.0662777 -1.38233 -1.96054 -1.13132 -0.4772 
1.16274 -1.87244 -1.67057 1.44534 -1.3271 -1.09928 1.74537 -1.11086 0.606549 0.0662777 -1.38233 -1.96054 -1.13132 -0.4772 
1.16242 -1.872 -1.66905 1.43909 -1.32356 -1.10775 1.72247 -1.11086 0.606549 0.0662777 -1.38233 -1.96054 -1.13132 -0.4772 
1.16033 -1.87362 -1.66946 1.433 -1.32083 -1.11746 1.70759 -1.11086 0.606549 0.0662777 -1.38233 -1.96054 -1.13132 -0.4772 
1.16201 -1.8742 -1.67083 1.43424 -1.32885 -1.11295 1.6951 -1.11086 0.606549 0.0662777 -1.38233 -1.96054 -1.13132 -0.4772 
1.1616 -1.8726 -1.66931 1.42862 -1.32649 -1.11799 1.67558 -1.11086 0.606549 0.0662777 -1.38233 -1.96054 -1.13132 -0.4772 
1.16215 -1.87083 -1.66772 1.42415 -1.32626 -1.12019 1.65493 -1.11086 0.606549 0.0662777 -1.38233 -1.96054 -1.13132 -0.4772 
1.16001 -1.87085 -1.66714 1.4162 -1.32401 -1.12931 1.63018 -1.11086 0.606549 0.0662777 -1.38233 -1.96054 -1.13132 -0.4772 
1.15786 -1.87451 -1.66988 1.41276 -1.3291 -1.13447 1.61308 -1.11086 0.606549 0.0662777 -1.38233 -1.96054 -1.13132 -0.4772 
1.15626 -1.87507 -1.66973 1.40661 -1.32895 -1.14163 1.58889 -1.11086 0.606549 0.0662777 -1.38233 -1.96054 -1.13132 -0.4772 
1.15447 -1.87575 -1.66948 1.40064 -1.32814 -1.14933 1.56546 -1.11086 0.606549 0.0662777 -1.38233 -1.96054 -1.13132 -0.4772 
1.15817 -1.87629 -1.66919 1.40258 -1.32827 -1.14917 1.56335 -1.11086 0.606549 0.0662777 -1.38233 -1.96054 -1.13132 -0.4772 
1.16028 -1.87527 -1.66842 1.40063 -1.32973 -1.15062 1.54278 -1.11086 0.606549 0.0662777 -1.38233 -1.96054 -1.13132 -0.4772 
1.15895 -1.87671 -1.66978 1.39734 -1.3325 -1.15545 1.52269 -1.11086 0.606549 0.0662777 -1.38233 -1.96054 -1.13132 -0.4772 
1.15726 -1.87749 -1.67004 1.39255 -1.3316 -1.16332 1.50229 -1.11086 0.606549 0.0662777 -1.38233 -1.96054 -1.13132 -0.4772 
1.15709 -1.8762 -1.6685 1.38876 -1.32833 -1.16936 1.48329 -1.11086 0.606549 0.0662777 -1.38233 -1.96054 -1.13132 -0.4772 
1.15551 -1.87519 -1.66679 1.3824 -1.32156 -1.18063 1.46319 -1.11086 0.606549 0.0662777 -1.38233 -1.96054 -1.13132 -0.4772 
1.15569 -1.87214 -1.66372 1.37768 -1.31367 -1.18843 1.44635 -1.11086 0.606549 0.0662777 -1.38233 -1.96054 -1.13132 -0.4772 
1.15607 -1.87209 -1.66335 1.37772 -1.31248 -1.19184 1.43778 -1.11086 0.606549 0.0662777 -1.38233 -1.96054 -1.13132 -0.4772 
1.15571 -1.8715 -1.66237 1.3759 -1.30745 -1.19871 1.43045 -1.11086 0.606549 0.0662777 -1.38233 -1.96054 -1.13132 -0.4772 
1.15598 -1.8705 -1.66119 1.37468 -1.30199 -1.20515 1.4245 -1.11086 0.606549 0.0662777 -1.38233 -1.96054 -1.13132 -0.4772 
1.15785 -1.8703 -1.66107 1.37792 -1.30199 -1.20484 1.42382 -1.11086 0.606549 0.0662777 -1.38233 -1.96054 -1.13132 -0.4772 
1.16023 -1.86932 -1.66013 1.381 -1.30067 -1.20439 1.42271 -1.11086 0.606549 0.0662777 -1.38233 -1.96054 -1.13132 -0.4772 
1.16346 -1.86708 -1.65735 1.38359 -1.29604 -1.20519 1.41997 -1.11086 0.606549 0.0662777 -1.38233 -1.96054 -1.13132 -0.4772 
1.1654 -1.86379 -1.65264 1.38146 -1.28512 -1.21236 1.413 -1.11086 0.606549 0.0662777 -1.38233 -1.96054 -1.13132 -0.4772 
1.16593 -1.85912 -1.64683 1.37468 -1.27009 -1.22353 1.40266 -1.11086 0.606549 0.0662777 -1.38233 -1.96054 -1.13132 -0.4772 
1.16757 -1.8543 -1.64153 1.37066 -1.25856 -1.23016 1.39396 -1.11086 0.606549 0.0662777 -1.38233 -1.96054 -1.13132 -0.4772 
1.17014 -1.85107 -1.63771 1.37033 -1.25303 -1.23129 1.38791 -1.11086 0.606549 0.0662777 -1.38233 -1.96054 -1.13132 -0.4772 
1.17168 -1.84636 -1.63187 1.36543 -1.24099 -1.23885 1.37758 -1.11086 0.606549 0.0662777 -1.38233 -1.96054 -1.13132 -0.4772 
