1.04696 -1.81333 -1.64608 1.26169 -1.20575 -1.24894 2.04007 -1.11007 0.610447 0.0654194 -1.37338 -1.9629 -1.13369 -0.471729 
1.03811 -1.80515 -1.64134 1.24042 -1.20671 -1.23959 2.02338 -1.11007 0.610447 0.0654194 -1.37338 -1.9629 -1.13369 -0.471729 
1.0312 -1.80184 -1.64171 1.22842 -1.20958 -1.23513 2.0163 -1.11007 0.610447 0.0654194 -1.37338 -1.9629 -1.13369 -0.471729 
1.02681 -1.79983 -1.64271 1.22036 -1.21133 -1.2347 2.00917 -1.11007 0.610447 0.0654194 -1.37338 -1.9629 -1.13369 -0.471729 
1.02637 -1.80011 -1.64283 1.21706 -1.20958 -1.23988 2.00465 -1.11007 0.610447 0.0654194 -1.37338 -1.9629 -1.13369 -0.471729 
1.02693 -1.80192 -1.64404 1.21916 -1.20979 -1.24119 2.00959 -1.11007 0.610447 0.0654194 -1.37338 -1.9629 -1.13369 -0.471729 
1.03021 -1.80416 -1.64611 1.22787 -1.2112 -1.24014 2.0199 -1.11007 0.610447 0.0654194 -1.37338 -1.9629 -1.13369 -0.471729 
1.03749 -1.80503 -1.64696 1.24243 -1.21323 -1.23507 2.02814 -1.11007 0.610447 0.0654194 -1.37338 -1.9629 -1.13369 -0.471729 
1.04715 -1.80418 -1.64541 1.25921 -1.21284 -1.22918 2.0348 -1.11007 0.610447 0.0654194 -1.37338 -1.9629 -1.13369 -0.471729 
1.05627 -1.80342 -1.64334 1.27551 -1.21142 -1.22435 2.04137 -1.11007 0.610447 0.0654194 -1.37338 -1.9629 -1.13369 -0.471729 
1.06173 -1.80329 -1.64297 1.28651 -1.21284 -1.21957 2.04603 -1.11007 0.610447 0.0654194 -1.37338 -1.9629 -1.13369 -0.471729 
1.0676 -1.80361 -1.64296 1.29737 -1.21441 -1.21471 2.05172 -1.11007 0.610447 0.0654194 -1.37338 -1.9629 -1.13369 -0.471729 
1.0712 -1.80439 -1.64315 1.30548 -1.21538 -1.21216 2.05664 -1.11007 0.610447 0.0654194 -1.37338 -1.9629 -1.13369 -0.471729 
1.07362 -1.8064 -1.64465 1.31257 -1.21755 -1.21044 2.06284 -1.11007 0.610447 0.0654194 -1.37338 -1.9629 -1.13369 -0.471729 
1.07744 -1.80642 -1.64435 1.31949 -1.21797 -1.2084 2.06507 -1.11007 0.610447 0.0654194 -1.37338 -1.9629 -1.13369 -0.471729 
1.083 -1.80663 -1.64396 1.3294 -1.21682 -1.20749 2.06953 -1.11007 0.610447 0.0654194 -1.37338 -1.9629 -1.13369 -0.471729 
1.08983 -1.80603 -1.64222 1.34048 -1.21475 -1.20473 2.0748 -1.11007 0.610447 0.0654194 -1.37338 -1.9629 -1.13369 -0.471729 
1.09302 -1.80815 -1.64359 1.34937 -1.21506 -1.20518 2.08188 -1.11007 0.610447 0.0654194 -1.37338 -1.9629 -1.13369 -0.471729 
1.09693 -1.81068 -1.64555 1.36012 -1.21786 -1.20383 2.08802 -1.11007 0.610447 0.0654194 -1.37338 -1.9629 -1.13369 -0.471729 
1.09817 -1.81309 -1.64658 1.36469 -1.21631 -1.20845 2.09092 -1.11007 0.610447 0.0654194 -1.37338 -1.9629 -1.13369 -0.471729 
1.0963 -1.81655 -1.64858 1.3642 -1.21441 -1.2163 2.09366 -1.11007 0.610447 0.0654194 -1.37338 -1.9629 -1.13369 -0.471729 
1.09337 -1.81982 -1.651 1.36238 -1.21386 -1.22307 2.0965 -1.11007 0.610447 0.0654194 -1.37338 -1.9629 -1.13369 -0.471729 
1.32493 -1.80315 -1.74297 1.90759 -1.43058 -0.953149 2.38349 -1.1103 0.609337 0.0656645 -1.37593 -1.96223 -1.13301 -0.473288 
