1.0375 -1.87244 -1.71379 1.27929 -1.14639 -1.21356 2.02749 -1.89048 1.45817 -1.45858 1.61718 2.82073 0.460426 -2.54218 
1.02196 -1.86927 -1.71603 1.25533 -1.14889 -1.21361 2.0247 -1.89015 1.43684 -1.45995 1.61402 2.79756 0.47101 -2.56585 
1.01594 -1.8649 -1.71658 1.24456 -1.14955 -1.21257 2.01921 -1.89012 1.44298 -1.45245 1.61719 2.76993 0.466793 -2.6079 
1.01406 -1.86318 -1.7163 1.23913 -1.14744 -1.2179 2.0114 -1.89056 1.43713 -1.4554 1.61601 2.7717 0.470165 -2.60225 
1.01307 -1.86199 -1.71603 1.23485 -1.14602 -1.22174 2.00475 -1.89136 1.43157 -1.45877 1.61585 2.77282 0.469516 -2.59667 
1.01366 -1.86272 -1.71624 1.23563 -1.14539 -1.22217 2.00761 -1.89137 1.42921 -1.46027 1.61501 2.77268 0.469273 -2.59492 
1.01606 -1.86523 -1.7182 1.24315 -1.14625 -1.22152 2.01736 -1.88956 1.43379 -1.45867 1.61131 2.77092 0.472982 -2.60076 
1.02257 -1.86757 -1.71918 1.25725 -1.14859 -1.21676 2.02523 -1.88696 1.43644 -1.45693 1.60442 2.76947 0.483037 -2.60658 
1.0322 -1.86967 -1.7184 1.27604 -1.14874 -1.21133 2.03484 -1.88509 1.43318 -1.45908 1.60053 2.76935 0.487059 -2.60495 
1.04196 -1.86936 -1.71602 1.29297 -1.14808 -1.20392 2.04088 -1.88533 1.44353 -1.45717 1.60428 2.7711 0.476191 -2.6067 
1.04787 -1.87052 -1.71611 1.30535 -1.15025 -1.19783 2.0475 -1.88355 1.449 -1.45362 1.60099 2.76488 0.4807 -2.62039 
1.05371 -1.86969 -1.71457 1.31501 -1.15085 -1.19094 2.0518 -1.8839 1.45067 -1.4529 1.60237 2.76108 0.476873 -2.62574 
1.05794 -1.8704 -1.71457 1.32331 -1.1523 -1.18628 2.05666 -1.88186 1.45283 -1.44991 1.59636 2.75652 0.487118 -2.6363 
1.06051 -1.87116 -1.71449 1.32853 -1.15223 -1.18551 2.05919 -1.88088 1.45222 -1.449 1.59261 2.75424 0.492878 -2.64081 
1.06417 -1.87212 -1.71419 1.33614 -1.15161 -1.1849 2.06252 -1.88065 1.45296 -1.44938 1.59069 2.75676 0.493551 -2.63774 
1.07099 -1.87366 -1.71401 1.34948 -1.15204 -1.18138 2.06883 -1.88201 1.4644 -1.44716 1.59472 2.76059 0.481643 -2.63685 
1.07676 -1.87439 -1.71351 1.36028 -1.15249 -1.17696 2.07497 -1.88083 1.47024 -1.44483 1.59135 2.76192 0.484645 -2.63944 
1.08285 -1.87511 -1.71293 1.37187 -1.15294 -1.17207 2.08147 -1.87917 1.46665 -1.4452 1.58542 2.7583 0.493109 -2.64427 
1.08811 -1.87563 -1.71221 1.38157 -1.15306 -1.1688 2.08516 -1.87878 1.46413 -1.44657 1.58301 2.75776 0.49499 -2.64354 
1.09221 -1.87681 -1.71222 1.39062 -1.15423 -1.16565 2.08909 -1.87809 1.46919 -1.44269 1.57976 2.75623 0.500778 -2.65132 
1.09428 -1.87652 -1.71096 1.39356 -1.15176 -1.16655 2.08972 -1.87755 1.47632 -1.43591 1.57703 2.74867 0.506992 -2.66982 
1.09139 -1.87838 -1.71271 1.39072 -1.15219 -1.1698 2.09092 -1.87842 1.48256 -1.43064 1.57775 2.74473 0.507922 -2.68125 
1.308 -1.88085 -1.80772 1.91471 -1.3719 -0.870027 2.37486 -1.87818 1.48148 -1.43156 1.57769 2.74549 0.507693 -2.67909 
1.29119 -1.8777 -1.78865 1.86166 -1.33271 -0.903154 2.3315 -1.90291 1.55487 -1.42517 1.65888 2.78029 0.346662 -2.64235 
1.29133 -1.87741 -1.78848 1.86151 -1.33253 -0.903207 2.33095 -1.90599 1.57208 -1.4216 1.67389 2.77725 0.316638 -2.64922 
1.29134 -1.87738 -1.78848 1.86149 -1.33247 -0.903187 2.33084 -1.9051 1.55356 -1.42843 1.67038 2.78493 0.321057 -2.63228 
1.29135 -1.87739 -1.78848 1.86148 -1.33246 -0.903179 2.33082 -1.8999 1.52277 -1.43747 1.65879 2.78228 0.33834 -2.62498 
1.29135 -1.87739 -1.78849 1.86148 -1.33245 -0.903175 2.33082 -1.89176 1.5146 -1.43872 1.64937 2.78371 0.348142 -2.62174 
1.29135 -1.87739 -1.78849 1.86148 -1.33245 -0.903173 2.33081 -1.88081 1.49711 -1.44151 1.63512 2.76758 0.36754 -2.63816 
1.29135 -1.8774 -1.78849 1.86148 -1.33245 -0.903171 2.33081 -1.87131 1.4659 -1.45208 1.62044 2.76296 0.387086 -2.63203 
1.29135 -1.8774 -1.78849 1.86148 -1.33245 -0.903169 2.33081 -1.86094 1.44753 -1.45768 1.60647 2.75897 0.40517 -2.63143 
1.29135 -1.8774 -1.78849 1.86148 -1.33244 -0.903168 2.33081 -1.84961 1.42572 -1.4659 1.59107 2.76012 0.424489 -2.6214 
1.29135 -1.8774 -1.78849 1.86148 -1.33244 -0.903167 2.33081 -1.83797 1.39694 -1.47701 1.57576 2.75554 0.444623 -2.61424 
1.29135 -1.8774 -1.78849 1.86148 -1.33244 -0.903166 2.33081 -1.82558 1.37344 -1.48872 1.5603 2.76107 0.4623 -2.59463 
