1.0596 -1.77226 -1.58374 1.3583 1.88714 1.25585 -1.0557 1.53013 -1.67903 -0.920287 -1.3831 -1.29179 1.21156 -2.2839 
1.05911 -1.77207 -1.58371 1.35733 1.88785 1.25642 -1.05604 1.53012 -1.67902 -0.920311 -1.3831 -1.29176 1.21154 -2.28391 
1.07089 -1.77731 -1.58288 1.37274 1.87798 1.244 -1.04954 1.53011 -1.679 -0.920334 -1.3831 -1.29174 1.21152 -2.28391 
1.0734 -1.78029 -1.58636 1.38193 1.87245 1.24178 -1.04682 1.53011 -1.67901 -0.920326 -1.3831 -1.29175 1.21153 -2.28391 
1.07478 -1.78157 -1.58774 1.38616 1.86838 1.23803 -1.04337 1.53011 -1.679 -0.920331 -1.3831 -1.29174 1.21152 -2.28391 
1.07591 -1.78344 -1.58996 1.39214 1.86193 1.23398 -1.04027 1.53011 -1.679 -0.920331 -1.3831 -1.29174 1.21152 -2.28391 
1.07875 -1.78217 -1.58779 1.39342 1.86343 1.23397 -1.04615 1.5301 -1.679 -0.920338 -1.3831 -1.29174 1.21152 -2.28392 
1.08146 -1.78166 -1.58666 1.39404 1.86347 1.23345 -1.05084 1.5301 -1.679 -0.920338 -1.3831 -1.29174 1.21152 -2.28391 
1.08375 -1.78214 -1.58606 1.39561 1.86298 1.23274 -1.0516 1.5301 -1.679 -0.920339 -1.3831 -1.29173 1.21152 -2.28392 
1.08692 -1.78104 -1.58313 1.39696 1.86765 1.23431 -1.05318 1.5301 -1.679 -0.920338 -1.3831 -1.29174 1.21152 -2.28392 
1.09031 -1.78126 -1.5822 1.40154 1.86802 1.23391 -1.05286 1.5301 -1.679 -0.920339 -1.3831 -1.29174 1.21152 -2.28392 
1.09563 -1.77977 -1.58045 1.40774 1.86727 1.22923 -1.05477 1.53011 -1.679 -0.920336 -1.3831 -1.29174 1.21152 -2.28391 
1.0969 -1.78086 -1.58021 1.40954 1.86803 1.23135 -1.05522 1.5301 -1.679 -0.920339 -1.3831 -1.29173 1.21152 -2.28392 
1.09842 -1.78048 -1.57859 1.41018 1.87069 1.23272 -1.05741 1.5301 -1.679 -0.920339 -1.3831 -1.29173 1.21152 -2.28392 
1.09987 -1.78144 -1.57771 1.41168 1.8721 1.23484 -1.05909 1.5301 -1.679 -0.920339 -1.3831 -1.29173 1.21152 -2.28392 
1.10202 -1.78137 -1.57792 1.41511 1.87066 1.23273 -1.05858 1.5301 -1.679 -0.92034 -1.3831 -1.29173 1.21152 -2.28392 
1.10382 -1.78092 -1.57779 1.41754 1.86996 1.23087 -1.05787 1.5301 -1.679 -0.92034 -1.3831 -1.29173 1.21152 -2.28392 
1.10574 -1.77997 -1.57629 1.41861 1.8719 1.23071 -1.05938 1.5301 -1.679 -0.92034 -1.3831 -1.29173 1.21152 -2.28392 
1.10642 -1.78034 -1.57605 1.41944 1.87192 1.23137 -1.05971 1.5301 -1.679 -0.92034 -1.3831 -1.29173 1.21152 -2.28392 
1.10623 -1.7814 -1.5771 1.42085 1.86963 1.23066 -1.05769 1.5301 -1.679 -0.92034 -1.3831 -1.29173 1.21152 -2.28392 
1.10774 -1.78065 -1.5756 1.42148 1.87176 1.23107 -1.05942 1.5301 -1.679 -0.92034 -1.3831 -1.29173 1.21152 -2.28392 
1.10829 -1.78011 -1.57523 1.42142 1.87282 1.2318 -1.06102 1.5301 -1.679 -0.92034 -1.3831 -1.29173 1.21152 -2.28392 
1.1096 -1.78018 -1.57521 1.42357 1.87144 1.22976 -1.06054 1.5301 -1.679 -0.92034 -1.3831 -1.29173 1.21152 -2.28392 
1.10949 -1.78115 -1.57589 1.42404 1.87081 1.23051 -1.05964 1.5301 -1.679 -0.92034 -1.3831 -1.29173 1.21152 -2.28392 
1.10955 -1.78215 -1.57653 1.42562 1.86928 1.23014 -1.05823 1.5301 -1.679 -0.92034 -1.3831 -1.29173 1.21152 -2.28392 
1.10969 -1.78184 -1.57548 1.42462 1.87178 1.23192 -1.0595 1.5301 -1.679 -0.92034 -1.3831 -1.29173 1.21152 -2.28392 
1.11018 -1.78204 -1.5756 1.42566 1.87092 1.23116 -1.05875 1.5301 -1.679 -0.92034 -1.3831 -1.29173 1.21152 -2.28392 
1.11118 -1.78119 -1.57472 1.42633 1.87149 1.23041 -1.06045 1.5301 -1.679 -0.92034 -1.3831 -1.29173 1.21152 -2.28392 
1.11326 -1.78106 -1.57392 1.42849 1.87157 1.22973 -1.06148 1.5301 -1.679 -0.92034 -1.3831 -1.29173 1.21152 -2.28392 
1.11548 -1.7803 -1.57331 1.43027 1.87193 1.22899 -1.06324 1.5301 -1.679 -0.92034 -1.3831 -1.29173 1.21152 -2.28392 
1.11657 -1.78043 -1.5738 1.43166 1.871 1.22869 -1.06293 1.5301 -1.679 -0.92034 -1.3831 -1.29173 1.21152 -2.28392 
1.11721 -1.78181 -1.57394 1.43291 1.87087 1.23032 -1.06242 1.5301 -1.679 -0.92034 -1.3831 -1.29173 1.21152 -2.28392 
1.1176 -1.78263 -1.57322 1.43354 1.87288 1.23291 -1.06277 1.5301 -1.679 -0.92034 -1.3831 -1.29173 1.21152 -2.28392 
1.11883 -1.78243 -1.57261 1.43512 1.87323 1.232 -1.06251 1.5301 -1.679 -0.92034 -1.3831 -1.29173 1.21152 -2.28392 
1.12009 -1.78191 -1.57184 1.43656 1.87374 1.23102 -1.06293 1.5301 -1.679 -0.92034 -1.3831 -1.29173 1.21152 -2.28392 
1.12133 -1.7805 -1.57048 1.43721 1.87541 1.23042 -1.06522 1.5301 -1.679 -0.92034 -1.3831 -1.29173 1.21152 -2.28392 
1.12083 -1.78157 -1.57137 1.43769 1.87374 1.23033 -1.06337 1.5301 -1.679 -0.92034 -1.3831 -1.29173 1.21152 -2.28392 
1.11976 -1.78258 -1.57186 1.43666 1.87391 1.23231 -1.06277 1.5301 -1.679 -0.92034 -1.3831 -1.29173 1.21152 -2.28392 
1.11952 -1.78307 -1.57223 1.43677 1.87335 1.23223 -1.06196 1.5301 -1.679 -0.92034 -1.3831 -1.29173 1.21152 -2.28392 
1.12026 -1.78208 -1.57147 1.43679 1.87427 1.23173 -1.06304 1.5301 -1.679 -0.92034 -1.3831 -1.29173 1.21152 -2.28392 
1.1202 -1.7816 -1.57139 1.43629 1.87485 1.23213 -1.06409 1.5301 -1.679 -0.92034 -1.3831 -1.29173 1.21152 -2.28392 
1.12052 -1.78091 -1.57072 1.43585 1.87595 1.23232 -1.06566 1.5301 -1.679 -0.92034 -1.3831 -1.29173 1.21152 -2.28392 
1.11985 -1.7815 -1.57107 1.43532 1.87605 1.2335 -1.06521 1.5301 -1.679 -0.92034 -1.3831 -1.29173 1.21152 -2.28392 
1.11951 -1.78193 -1.57152 1.43538 1.87564 1.23349 -1.06419 1.5301 -1.679 -0.92034 -1.3831 -1.29173 1.21152 -2.28392 
1.11926 -1.78249 -1.57203 1.4357 1.87466 1.23332 -1.06306 1.5301 -1.679 -0.92034 -1.3831 -1.29173 1.21152 -2.28392 
1.12022 -1.78176 -1.57155 1.43663 1.8744 1.23161 -1.06362 1.5301 -1.679 -0.92034 -1.3831 -1.29173 1.21152 -2.28392 
1.11989 -1.78228 -1.57198 1.43657 1.87389 1.23204 -1.06336 1.5301 -1.679 -0.92034 -1.3831 -1.29173 1.21152 -2.28392 
1.11984 -1.78238 -1.57181 1.4364 1.87432 1.23248 -1.06325 1.5301 -1.679 -0.92034 -1.3831 -1.29173 1.21152 -2.28392 
1.11955 -1.78243 -1.57176 1.43565 1.8753 1.23367 -1.06386 1.5301 -1.679 -0.92034 -1.3831 -1.29173 1.21152 -2.28392 
1.11945 -1.78266 -1.57211 1.43566 1.87476 1.23362 -1.06375 1.5301 -1.679 -0.92034 -1.3831 -1.29173 1.21152 -2.28392 
1.1199 -1.78189 -1.57151 1.43554 1.87557 1.23309 -1.06447 1.5301 -1.679 -0.92034 -1.3831 -1.29173 1.21152 -2.28392 
1.12072 -1.78167 -1.57175 1.43715 1.87382 1.23067 -1.06383 1.5301 -1.679 -0.92034 -1.3831 -1.29173 1.21152 -2.28392 
1.11982 -1.7823 -1.57193 1.43612 1.87456 1.23254 -1.06319 1.5301 -1.679 -0.92034 -1.3831 -1.29173 1.21152 -2.28392 
1.1194 -1.78254 -1.57171 1.43564 1.87528 1.23369 -1.06366 1.5301 -1.679 -0.92034 -1.3831 -1.29173 1.21152 -2.28392 
1.12001 -1.78201 -1.57156 1.43612 1.87491 1.23244 -1.06383 1.5301 -1.679 -0.92034 -1.3831 -1.29173 1.21152 -2.28392 
1.11987 -1.78195 -1.57176 1.43615 1.87434 1.23222 -1.06437 1.5301 -1.679 -0.92034 -1.3831 -1.29173 1.21152 -2.28392 
1.12044 -1.78143 -1.57155 1.43667 1.8738 1.23109 -1.06483 1.5301 -1.679 -0.92034 -1.3831 -1.29173 1.21152 -2.28392 
1.12107 -1.78086 -1.57154 1.43743 1.87313 1.22953 -1.06512 1.5301 -1.679 -0.92034 -1.3831 -1.29173 1.21152 -2.28392 
1.12017 -1.78189 -1.57194 1.43662 1.87313 1.23121 -1.06459 1.5301 -1.679 -0.92034 -1.3831 -1.29173 1.21152 -2.28392 
1.11966 -1.78299 -1.57285 1.43702 1.87155 1.2313 -1.0633 1.5301 -1.679 -0.92034 -1.3831 -1.29173 1.21152 -2.28392 
1.12032 -1.78231 -1.57252 1.4377 1.87151 1.22991 -1.06362 1.5301 -1.679 -0.92034 -1.3831 -1.29173 1.21152 -2.28392 
1.12116 -1.78132 -1.5719 1.43785 1.87188 1.22879 -1.06524 1.5301 -1.679 -0.92034 -1.3831 -1.29173 1.21152 -2.28392 
1.12112 -1.78081 -1.57146 1.43718 1.87288 1.22933 -1.06662 1.5301 -1.679 -0.92034 -1.3831 -1.29173 1.21152 -2.28392 
1.1211 -1.7808 -1.57157 1.43724 1.8727 1.22911 -1.06594 1.5301 -1.679 -0.92034 -1.3831 -1.29173 1.21152 -2.28392 
1.12102 -1.78092 -1.57163 1.43726 1.87277 1.2292 -1.06563 1.5301 -1.679 -0.92034 -1.3831 -1.29173 1.21152 -2.28392 
1.12092 -1.78109 -1.57171 1.43713 1.87263 1.22959 -1.06622 1.5301 -1.679 -0.92034 -1.3831 -1.29173 1.21152 -2.28392 
1.1211 -1.78108 -1.57171 1.43755 1.87219 1.22931 -1.06656 1.5301 -1.679 -0.92034 -1.3831 -1.29173 1.21152 -2.28392 
1.12108 -1.78092 -1.57161 1.43759 1.87221 1.22901 -1.06616 1.5301 -1.679 -0.92034 -1.3831 -1.29173 1.21152 -2.28392 
1.1206 -1.78193 -1.57241 1.43782 1.87102 1.22936 -1.0651 1.5301 -1.679 -0.92034 -1.3831 -1.29173 1.21152 -2.28392 
1.12095 -1.78187 -1.5726 1.43859 1.87012 1.22807 -1.06483 1.5301 -1.679 -0.92034 -1.3831 -1.29173 1.21152 -2.28392 
1.1206 -1.78246 -1.57322 1.43884 1.86929 1.22809 -1.06343 1.5301 -1.679 -0.92034 -1.3831 -1.29173 1.21152 -2.28392 
1.12037 -1.78224 -1.57275 1.43772 1.87077 1.2294 -1.06427 1.5301 -1.679 -0.92034 -1.3831 -1.29173 1.21152 -2.28392 
1.12124 -1.78033 -1.57107 1.43704 1.87341 1.22924 -1.06711 1.5301 -1.679 -0.92034 -1.3831 -1.29173 1.21152 -2.28392 
1.12119 -1.78073 -1.57154 1.43774 1.87239 1.2286 -1.06582 1.5301 -1.679 -0.92034 -1.3831 -1.29173 1.21152 -2.28392 
1.12087 -1.78117 -1.57185 1.43761 1.87215 1.22899 -1.06566 1.5301 -1.679 -0.92034 -1.3831 -1.29173 1.21152 -2.28392 
1.12096 -1.78061 -1.57142 1.4369 1.8734 1.22961 -1.06652 1.5301 -1.679 -0.92034 -1.3831 -1.29173 1.21152 -2.28392 
1.12122 -1.78058 -1.57152 1.43742 1.8729 1.22878 -1.06601 1.5301 -1.679 -0.92034 -1.3831 -1.29173 1.21152 -2.28392 
1.12092 -1.7808 -1.57145 1.437 1.87339 1.22984 -1.06609 1.5301 -1.679 -0.92034 -1.3831 -1.29173 1.21152 -2.28392 
1.12062 -1.78161 -1.57216 1.43743 1.87218 1.22987 -1.06519 1.5301 -1.679 -0.92034 -1.3831 -1.29173 1.21152 -2.28392 
1.12067 -1.78229 -1.57293 1.43872 1.87026 1.22823 -1.06316 1.5301 -1.679 -0.92034 -1.3831 -1.29173 1.21152 -2.28392 
1.12064 -1.78182 -1.57228 1.43781 1.87198 1.2292 -1.0638 1.5301 -1.679 -0.92034 -1.3831 -1.29173 1.21152 -2.28392 
1.12043 -1.78211 -1.57243 1.43767 1.87217 1.22978 -1.06353 1.5301 -1.679 -0.92034 -1.3831 -1.29173 1.21152 -2.28392 
1.12024 -1.78187 -1.57211 1.43685 1.87339 1.23087 -1.06443 1.5301 -1.679 -0.92034 -1.3831 -1.29173 1.21152 -2.28392 
1.11989 -1.78246 -1.57236 1.4367 1.87333 1.2316 -1.06392 1.5301 -1.679 -0.92034 -1.3831 -1.29173 1.21152 -2.28392 
1.12012 -1.78206 -1.57191 1.43657 1.87426 1.23185 -1.06378 1.5301 -1.679 -0.92034 -1.3831 -1.29173 1.21152 -2.28392 
1.12014 -1.78244 -1.57228 1.43725 1.87332 1.23124 -1.06261 1.5301 -1.679 -0.92034 -1.3831 -1.29173 1.21152 -2.28392 
1.12003 -1.78149 -1.57127 1.43568 1.87576 1.23282 -1.06482 1.5301 -1.679 -0.92034 -1.3831 -1.29173 1.21152 -2.28392 
1.12026 -1.7817 -1.57148 1.43644 1.87463 1.23173 -1.06383 1.5301 -1.679 -0.92034 -1.3831 -1.29173 1.21152 -2.28392 
1.11978 -1.78202 -1.57148 1.43594 1.87518 1.23277 -1.06362 1.5301 -1.679 -0.92034 -1.3831 -1.29173 1.21152 -2.28392 
1.11983 -1.78169 -1.57129 1.43575 1.87564 1.23298 -1.06392 1.5301 -1.679 -0.92034 -1.3831 -1.29173 1.21152 -2.28392 
1.11961 -1.78249 -1.57222 1.43647 1.874 1.2325 -1.06274 1.5301 -1.679 -0.92034 -1.3831 -1.29173 1.21152 -2.28392 
1.12005 -1.78202 -1.57205 1.4366 1.87403 1.23174 -1.06326 1.5301 -1.679 -0.92034 -1.3831 -1.29173 1.21152 -2.28392 
1.11948 -1.78294 -1.57263 1.43669 1.8731 1.23221 -1.06179 1.5301 -1.679 -0.92034 -1.3831 -1.29173 1.21152 -2.28392 
1.11955 -1.7827 -1.57245 1.43685 1.87334 1.23194 -1.06211 1.5301 -1.679 -0.92034 -1.3831 -1.29173 1.21152 -2.28392 
1.11952 -1.7827 -1.57247 1.43669 1.87332 1.2322 -1.06252 1.5301 -1.679 -0.92034 -1.3831 -1.29173 1.21152 -2.28392 
1.11979 -1.78214 -1.57201 1.43658 1.87406 1.23201 -1.06309 1.5301 -1.679 -0.92034 -1.3831 -1.29173 1.21152 -2.28392 
1.12011 -1.78217 -1.57215 1.43732 1.87332 1.23097 -1.06261 1.5301 -1.679 -0.92034 -1.3831 -1.29173 1.21152 -2.28392 
1.12016 -1.78167 -1.57163 1.43658 1.87464 1.2317 -1.06314 1.5301 -1.679 -0.92034 -1.3831 -1.29173 1.21152 -2.28392 
1.12028 -1.78141 -1.57125 1.43633 1.87522 1.23176 -1.0636 1.5301 -1.679 -0.92034 -1.3831 -1.29173 1.21152 -2.28392 
1.11948 -1.78272 -1.57234 1.43662 1.87373 1.23234 -1.06179 1.5301 -1.679 -0.92034 -1.3831 -1.29173 1.21152 -2.28392 
1.1194 -1.7828 -1.57259 1.43671 1.87344 1.2321 -1.06193 1.5301 -1.679 -0.92034 -1.3831 -1.29173 1.21152 -2.28392 
1.12026 -1.78161 -1.57175 1.43672 1.87412 1.23089 -1.06345 1.5301 -1.679 -0.92034 -1.3831 -1.29173 1.21152 -2.28392 
1.11925 -1.78251 -1.57221 1.43587 1.87434 1.23284 -1.06336 1.5301 -1.679 -0.92034 -1.3831 -1.29173 1.21152 -2.28392 
1.11952 -1.78215 -1.57208 1.43573 1.87461 1.23275 -1.06392 1.5301 -1.679 -0.92034 -1.3831 -1.29173 1.21152 -2.28392 
1.12024 -1.78198 -1.57216 1.43733 1.87327 1.23051 -1.06283 1.5301 -1.679 -0.92034 -1.3831 -1.29173 1.21152 -2.28392 
1.12088 -1.78067 -1.57107 1.43669 1.87479 1.23024 -1.06538 1.5301 -1.679 -0.92034 -1.3831 -1.29173 1.21152 -2.28392 
1.12059 -1.7813 -1.57187 1.43756 1.87314 1.22932 -1.0634 1.5301 -1.679 -0.92034 -1.3831 -1.29173 1.21152 -2.28392 
1.12013 -1.78138 -1.5718 1.43642 1.87443 1.23119 -1.06408 1.5301 -1.679 -0.92034 -1.3831 -1.29173 1.21152 -2.28392 
1.12037 -1.78189 -1.57223 1.43734 1.87313 1.23036 -1.06334 1.5301 -1.679 -0.92034 -1.3831 -1.29173 1.21152 -2.28392 
1.1202 -1.78243 -1.57272 1.43775 1.87205 1.23011 -1.06293 1.5301 -1.679 -0.92034 -1.3831 -1.29173 1.21152 -2.28392 
1.1205 -1.78195 -1.57225 1.43776 1.87238 1.22971 -1.06323 1.5301 -1.679 -0.92034 -1.3831 -1.29173 1.21152 -2.28392 
1.12077 -1.78146 -1.57204 1.43788 1.8725 1.22904 -1.06352 1.5301 -1.679 -0.92034 -1.3831 -1.29173 1.21152 -2.28392 
1.12064 -1.78114 -1.57189 1.43741 1.87303 1.22945 -1.06385 1.5301 -1.679 -0.92034 -1.3831 -1.29173 1.21152 -2.28392 
1.12015 -1.78177 -1.57223 1.43712 1.87301 1.23054 -1.06338 1.5301 -1.679 -0.92034 -1.3831 -1.29173 1.21152 -2.28392 
1.1202 -1.78149 -1.57206 1.43687 1.87344 1.23074 -1.06415 1.5301 -1.679 -0.92034 -1.3831 -1.29173 1.21152 -2.28392 
1.12068 -1.78075 -1.57142 1.43673 1.8745 1.23053 -1.0652 1.5301 -1.679 -0.92034 -1.3831 -1.29173 1.21152 -2.28392 
1.12045 -1.78124 -1.57183 1.43713 1.87345 1.23048 -1.06441 1.5301 -1.679 -0.92034 -1.3831 -1.29173 1.21152 -2.28392 
1.12126 -1.78086 -1.57181 1.43838 1.87207 1.22822 -1.06403 1.5301 -1.679 -0.92034 -1.3831 -1.29173 1.21152 -2.28392 
1.12036 -1.78458 -1.57226 1.44034 1.8724 1.23095 -1.05543 1.5301 -1.679 -0.920338 -1.3831 -1.29174 1.21152 -2.28391 
1.11897 -1.7884 -1.57269 1.44139 1.87414 1.23507 -1.04599 1.53011 -1.679 -0.920334 -1.3831 -1.29174 1.21152 -2.28391 
1.11895 -1.79099 -1.57258 1.4437 1.87423 1.23551 -1.03845 1.53011 -1.679 -0.920332 -1.3831 -1.29174 1.21152 -2.28391 
1.11835 -1.79504 -1.57308 1.44709 1.87351 1.23617 -1.02774 1.53011 -1.67901 -0.92033 -1.3831 -1.29174 1.21153 -2.28391 
1.11672 -1.79911 -1.57307 1.4478 1.87598 1.24077 -1.01672 1.53011 -1.67901 -0.920327 -1.3831 -1.29175 1.21153 -2.28391 
1.11533 -1.80244 -1.57367 1.44891 1.8765 1.2432 -1.00727 1.53011 -1.67901 -0.920324 -1.3831 -1.29175 1.21153 -2.28391 
1.11175 -1.80911 -1.57609 1.44982 1.87647 1.24865 -0.990274 1.53012 -1.67902 -0.920312 -1.3831 -1.29176 1.21154 -2.28391 
1.11041 -1.81259 -1.57544 1.45128 1.87922 1.25131 -0.977432 1.53011 -1.67901 -0.920316 -1.3831 -1.29176 1.21154 -2.28391 
1.10855 -1.81577 -1.5762 1.45139 1.87947 1.25473 -0.966603 1.53011 -1.67901 -0.920316 -1.3831 -1.29176 1.21154 -2.28391 
1.10343 -1.82389 -1.57894 1.45212 1.87969 1.26221 -0.947023 1.53012 -1.67902 -0.920302 -1.3831 -1.29177 1.21155 -2.28391 
1.1017 -1.82708 -1.57837 1.45237 1.88322 1.26477 -0.932946 1.53012 -1.67902 -0.920303 -1.3831 -1.29177 1.21155 -2.28391 
1.09862 -1.83174 -1.57911 1.45298 1.88452 1.26905 -0.9147 1.53012 -1.67902 -0.920303 -1.3831 -1.29177 1.21155 -2.28391 
1.09339 -1.839 -1.58128 1.45339 1.88598 1.27479 -0.891246 1.53013 -1.67903 -0.920293 -1.3831 -1.29178 1.21155 -2.2839 
1.08968 -1.84296 -1.5815 1.45136 1.89006 1.28086 -0.877527 1.53012 -1.67903 -0.920294 -1.3831 -1.29178 1.21155 -2.2839 
1.08606 -1.84696 -1.58193 1.4509 1.89231 1.28521 -0.858326 1.53012 -1.67903 -0.920297 -1.3831 -1.29178 1.21155 -2.2839 
1.07933 -1.8553 -1.58527 1.45032 1.8927 1.29205 -0.834329 1.53013 -1.67904 -0.920273 -1.3831 -1.2918 1.21157 -2.2839 
1.07572 -1.85813 -1.58485 1.4476 1.89718 1.29794 -0.819095 1.53013 -1.67904 -0.92028 -1.3831 -1.29179 1.21156 -2.2839 
1.06973 -1.86414 -1.58605 1.44598 1.89984 1.3038 -0.796236 1.53013 -1.67903 -0.920284 -1.3831 -1.29179 1.21156 -2.2839 
1.06391 -1.86946 -1.5867 1.44276 1.90453 1.31075 -0.778553 1.53013 -1.67903 -0.920283 -1.3831 -1.29179 1.21156 -2.2839 
1.05951 -1.87442 -1.58899 1.44237 1.90413 1.31465 -0.758107 1.53013 -1.67904 -0.920271 -1.3831 -1.2918 1.21157 -2.2839 
1.05389 -1.87866 -1.58991 1.43832 1.9092 1.32199 -0.741303 1.53014 -1.67905 -0.920261 -1.3831 -1.29181 1.21158 -2.2839 
1.04763 -1.88464 -1.59203 1.4368 1.9089 1.32722 -0.717846 1.53014 -1.67904 -0.920268 -1.3831 -1.29181 1.21157 -2.2839 
1.0433 -1.88789 -1.59219 1.43335 1.91382 1.33155 -0.703212 1.53014 -1.67904 -0.920268 -1.3831 -1.29181 1.21157 -2.2839 
1.03757 -1.89175 -1.59163 1.42929 1.91929 1.33886 -0.68541 1.53013 -1.67904 -0.920281 -1.3831 -1.29179 1.21156 -2.2839 
1.03118 -1.89696 -1.59318 1.42496 1.92376 1.34671 -0.669181 1.53013 -1.67904 -0.920278 -1.3831 -1.2918 1.21157 -2.2839 
1.0244 -1.90192 -1.59656 1.42156 1.92304 1.35156 -0.652272 1.53013 -1.67904 -0.920277 -1.3831 -1.2918 1.21157 -2.2839 
1.0197 -1.90318 -1.59694 1.41637 1.92666 1.35572 -0.642922 1.53012 -1.67902 -0.9203 -1.3831 -1.29177 1.21155 -2.28391 
1.01634 -1.90364 -1.59708 1.41285 1.92828 1.35732 -0.632961 1.53011 -1.67901 -0.92032 -1.3831 -1.29175 1.21153 -2.28391 
1.0122 -1.90478 -1.59739 1.40817 1.93112 1.36055 -0.624779 1.53011 -1.67901 -0.920325 -1.3831 -1.29175 1.21153 -2.28391 
1.01106 -1.90413 -1.59625 1.40622 1.93317 1.36007 -0.622376 1.53011 -1.679 -0.920333 -1.3831 -1.29174 1.21152 -2.28391 
1.00743 -1.90561 -1.59822 1.40301 1.93218 1.36312 -0.619628 1.53011 -1.679 -0.920336 -1.3831 -1.29174 1.21152 -2.28391 
1.00357 -1.90803 -1.60051 1.40138 1.92946 1.36361 -0.613739 1.53011 -1.679 -0.920336 -1.3831 -1.29174 1.21152 -2.28391 
1.00168 -1.90824 -1.60063 1.39821 1.93135 1.36629 -0.613745 1.5301 -1.679 -0.920338 -1.3831 -1.29174 1.21152 -2.28392 
0.99947 -1.90754 -1.60033 1.39294 1.93404 1.37127 -0.619568 1.5301 -1.679 -0.920338 -1.3831 -1.29174 1.21152 -2.28391 
0.997924 -1.91014 -1.60381 1.39444 1.92762 1.37138 -0.620376 1.5301 -1.679 -0.920338 -1.3831 -1.29174 1.21152 -2.28392 
0.999275 -1.90971 -1.60357 1.39613 1.92466 1.3685 -0.626839 1.5301 -1.679 -0.920338 -1.3831 -1.29174 1.21152 -2.28391 
1.00059 -1.90894 -1.60313 1.39675 1.92208 1.36724 -0.635791 1.53011 -1.679 -0.920336 -1.3831 -1.29174 1.21152 -2.28391 
1.00196 -1.90815 -1.60279 1.39684 1.92033 1.36668 -0.645713 1.53011 -1.679 -0.920333 -1.3831 -1.29174 1.21152 -2.28391 
1.00499 -1.90678 -1.60176 1.39889 1.91743 1.36418 -0.6582 1.53011 -1.67901 -0.920326 -1.3831 -1.29175 1.21153 -2.28391 
1.00727 -1.90673 -1.6023 1.40138 1.9124 1.3624 -0.670691 1.53011 -1.67901 -0.920322 -1.3831 -1.29175 1.21153 -2.28391 
1.01037 -1.90512 -1.60129 1.40292 1.90953 1.36115 -0.686763 1.53012 -1.67902 -0.920313 -1.3831 -1.29176 1.21154 -2.28391 
1.01305 -1.90437 -1.60085 1.40492 1.90534 1.36034 -0.704787 1.53012 -1.67902 -0.920306 -1.3831 -1.29177 1.21154 -2.28391 
1.01167 -1.9061 -1.60351 1.40226 1.90362 1.36768 -0.721522 1.53012 -1.67902 -0.920303 -1.3831 -1.29177 1.21155 -2.28391 
1.01923 -1.90215 -1.60012 1.40709 1.90009 1.36087 -0.746136 1.53013 -1.67903 -0.920286 -1.3831 -1.29179 1.21156 -2.2839 
1.02307 -1.90078 -1.59954 1.40802 1.89745 1.36128 -0.768806 1.53013 -1.67904 -0.920278 -1.3831 -1.2918 1.21157 -2.2839 
1.02673 -1.89984 -1.59935 1.41052 1.89361 1.35972 -0.790942 1.53013 -1.67904 -0.920278 -1.3831 -1.2918 1.21157 -2.2839 
1.02902 -1.8997 -1.5999 1.41033 1.89036 1.36303 -0.816156 1.53013 -1.67904 -0.920276 -1.3831 -1.2918 1.21157 -2.2839 
1.03378 -1.89767 -1.5984 1.41128 1.88795 1.36242 -0.843314 1.53014 -1.67905 -0.92026 -1.3831 -1.29181 1.21158 -2.2839 
1.03675 -1.89658 -1.59781 1.41133 1.88673 1.36341 -0.865977 1.53014 -1.67905 -0.920259 -1.3831 -1.29182 1.21158 -2.2839 
1.04184 -1.89341 -1.59531 1.41109 1.88724 1.3633 -0.895349 1.53014 -1.67905 -0.920253 -1.3831 -1.29182 1.21158 -2.28389 
1.04447 -1.89315 -1.59543 1.41045 1.88411 1.36646 -0.921097 1.53015 -1.67906 -0.920237 -1.3831 -1.29184 1.2116 -2.28389 
1.04696 -1.89344 -1.59644 1.4108 1.88041 1.36783 -0.9471 1.53015 -1.67906 -0.920236 -1.3831 -1.29184 1.2116 -2.28389 
1.05023 -1.89272 -1.59641 1.41033 1.87719 1.37025 -0.974647 1.53015 -1.67907 -0.920229 -1.3831 -1.29184 1.2116 -2.28389 
1.05324 -1.89191 -1.59604 1.40944 1.87687 1.37167 -1.00046 1.53015 -1.67906 -0.920247 -1.3831 -1.29183 1.21159 -2.28389 
1.05814 -1.88885 -1.59387 1.40814 1.87736 1.37207 -1.03107 1.53015 -1.67905 -0.920249 -1.3831 -1.29183 1.21159 -2.28389 
1.06017 -1.88821 -1.59399 1.4056 1.87599 1.37642 -1.05747 1.53014 -1.67905 -0.920254 -1.3831 -1.29182 1.21158 -2.28389 
1.06316 -1.88724 -1.59342 1.40454 1.87481 1.37753 -1.08007 1.53014 -1.67904 -0.920267 -1.3831 -1.29181 1.21157 -2.2839 
1.06743 -1.88469 -1.59189 1.40304 1.87393 1.37817 -1.10884 1.53014 -1.67904 -0.920266 -1.3831 -1.29181 1.21157 -2.2839 
1.06905 -1.88472 -1.59273 1.40142 1.87123 1.38114 -1.1298 1.53013 -1.67904 -0.920276 -1.3831 -1.2918 1.21157 -2.2839 
1.07158 -1.88199 -1.58998 1.39811 1.87524 1.3826 -1.15246 1.53013 -1.67903 -0.920282 -1.3831 -1.29179 1.21156 -2.2839 
1.07273 -1.88149 -1.59022 1.39536 1.8741 1.38644 -1.17156 1.53013 -1.67903 -0.920293 -1.3831 -1.29178 1.21155 -2.2839 
1.07306 -1.88261 -1.5913 1.39315 1.87189 1.39002 -1.19003 1.53012 -1.67902 -0.9203 -1.3831 -1.29177 1.21155 -2.28391 
1.07556 -1.87847 -1.58749 1.3875 1.87815 1.39438 -1.21205 1.53013 -1.67904 -0.920281 -1.3831 -1.29179 1.21156 -2.2839 
1.07312 -1.87715 -1.58799 1.37969 1.87648 1.40049 -1.24802 1.53015 -1.67906 -0.920247 -1.3831 -1.29183 1.21159 -2.28389 
1.07423 -1.875 -1.58639 1.37527 1.88008 1.40419 -1.26516 1.53014 -1.67904 -0.92027 -1.3831 -1.2918 1.21157 -2.2839 
1.07366 -1.87598 -1.58728 1.37288 1.88035 1.4082 -1.27743 1.53012 -1.67903 -0.920296 -1.3831 -1.29178 1.21155 -2.2839 
1.07459 -1.87349 -1.58494 1.3687 1.88422 1.41084 -1.2908 1.53013 -1.67903 -0.920292 -1.3831 -1.29178 1.21155 -2.2839 
1.07468 -1.87323 -1.58463 1.36704 1.88482 1.41288 -1.29726 1.53013 -1.67904 -0.920275 -1.3831 -1.2918 1.21157 -2.2839 
1.07464 -1.87239 -1.58368 1.36414 1.8873 1.41625 -1.30492 1.53014 -1.67905 -0.920249 -1.3831 -1.29183 1.21159 -2.28389 
1.07427 -1.87232 -1.58343 1.36203 1.88844 1.41893 -1.30994 1.53015 -1.67907 -0.92023 -1.3831 -1.29184 1.2116 -2.28389 
1.07452 -1.87179 -1.58307 1.36045 1.8888 1.42049 -1.31712 1.53017 -1.67908 -0.920203 -1.3831 -1.29187 1.21162 -2.28388 
1.07339 -1.87158 -1.58272 1.35653 1.89158 1.42552 -1.32336 1.53018 -1.6791 -0.920169 -1.3831 -1.29191 1.21165 -2.28387 
1.07451 -1.87125 -1.58227 1.35721 1.89035 1.42412 -1.32772 1.53019 -1.67911 -0.920155 -1.3831 -1.29192 1.21166 -2.28387 
