1.06293 -1.81485 -1.64814 1.29927 -1.21033 -1.23592 2.05563 -1.1103 0.609337 0.0656645 -1.37593 -1.96223 -1.13301 -0.473288 
1.04388 -1.81085 -1.64831 1.26285 -1.21356 -1.23688 2.0381 -1.11007 0.610447 0.0654194 -1.37338 -1.9629 -1.13369 -0.471729 
1.03354 -1.80425 -1.64592 1.2376 -1.21621 -1.22817 2.02392 -1.11007 0.610447 0.0654194 -1.37338 -1.9629 -1.13369 -0.471729 
1.02965 -1.80184 -1.64509 1.22692 -1.21428 -1.23156 2.01313 -1.11007 0.610447 0.0654194 -1.37338 -1.9629 -1.13369 -0.471729 
1.02691 -1.80206 -1.64528 1.21978 -1.21228 -1.23756 2.00633 -1.11007 0.610447 0.0654194 -1.37338 -1.9629 -1.13369 -0.471729 
1.02632 -1.80284 -1.64548 1.21853 -1.2111 -1.23979 2.00879 -1.11007 0.610447 0.0654194 -1.37338 -1.9629 -1.13369 -0.471729 
1.02824 -1.80425 -1.64676 1.22281 -1.2108 -1.24188 2.01158 -1.11007 0.610447 0.0654194 -1.37338 -1.9629 -1.13369 -0.471729 
1.03512 -1.80432 -1.64639 1.2359 -1.21144 -1.23766 2.01943 -1.11007 0.610447 0.0654194 -1.37338 -1.9629 -1.13369 -0.471729 
1.04701 -1.80568 -1.64683 1.26107 -1.21374 -1.2296 2.03427 -1.11007 0.610447 0.0654194 -1.37338 -1.9629 -1.13369 -0.471729 
1.0559 -1.80597 -1.64595 1.27918 -1.21364 -1.22468 2.04343 -1.11007 0.610447 0.0654194 -1.37338 -1.9629 -1.13369 -0.471729 
1.06297 -1.80583 -1.64468 1.29174 -1.21374 -1.21994 2.04808 -1.11007 0.610447 0.0654194 -1.37338 -1.9629 -1.13369 -0.471729 
1.0666 -1.80495 -1.64367 1.29733 -1.21415 -1.21579 2.05036 -1.11007 0.610447 0.0654194 -1.37338 -1.9629 -1.13369 -0.471729 
1.07073 -1.80555 -1.64405 1.30545 -1.21535 -1.21267 2.05456 -1.11007 0.610447 0.0654194 -1.37338 -1.9629 -1.13369 -0.471729 
1.07554 -1.80539 -1.64344 1.31348 -1.21547 -1.20928 2.05905 -1.11007 0.610447 0.0654194 -1.37338 -1.9629 -1.13369 -0.471729 
1.07943 -1.80701 -1.64505 1.32335 -1.21792 -1.20659 2.06582 -1.11007 0.610447 0.0654194 -1.37338 -1.9629 -1.13369 -0.471729 
1.08464 -1.80732 -1.64504 1.33373 -1.21871 -1.20379 2.07103 -1.11007 0.610447 0.0654194 -1.37338 -1.9629 -1.13369 -0.471729 
1.08805 -1.81033 -1.64714 1.34468 -1.22157 -1.20215 2.07976 -1.11007 0.610447 0.0654194 -1.37338 -1.9629 -1.13369 -0.471729 
1.09279 -1.81034 -1.64636 1.3539 -1.21933 -1.20219 2.08456 -1.11007 0.610447 0.0654194 -1.37338 -1.9629 -1.13369 -0.471729 
1.09707 -1.81157 -1.64678 1.36244 -1.21975 -1.20197 2.08763 -1.11007 0.610447 0.0654194 -1.37338 -1.9629 -1.13369 -0.471729 
1.0993 -1.81258 -1.64656 1.36664 -1.21809 -1.2041 2.09025 -1.11007 0.610447 0.0654194 -1.37338 -1.9629 -1.13369 -0.471729 
1.09862 -1.81491 -1.64786 1.36733 -1.21684 -1.20926 2.09254 -1.11007 0.610447 0.0654194 -1.37338 -1.9629 -1.13369 -0.471729 
1.09825 -1.81701 -1.64866 1.36824 -1.216 -1.21304 2.09396 -1.11007 0.610447 0.0654194 -1.37338 -1.9629 -1.13369 -0.471729 
1.32541 -1.80269 -1.74305 1.90787 -1.4313 -0.951753 2.38314 -1.1103 0.609337 0.0656645 -1.37593 -1.96223 -1.13301 -0.473288 
1.30983 -1.80283 -1.73058 1.87796 -1.40809 -0.969592 2.36241 -1.11007 0.610447 0.0654194 -1.37338 -1.9629 -1.13369 -0.471729 
1.30991 -1.80294 -1.73085 1.87801 -1.40802 -0.969204 2.3626 -1.11007 0.610447 0.0654194 -1.37338 -1.9629 -1.13369 -0.471729 
1.30983 -1.80283 -1.73063 1.878 -1.40791 -0.969363 2.36255 -1.11007 0.610447 0.0654194 -1.37338 -1.9629 -1.13369 -0.471729 
1.30982 -1.80285 -1.73066 1.878 -1.40786 -0.969312 2.36255 -1.11007 0.610447 0.0654194 -1.37338 -1.9629 -1.13369 -0.471729 
1.30981 -1.8028 -1.73061 1.878 -1.40789 -0.969367 2.36255 -1.11007 0.610447 0.0654194 -1.37338 -1.9629 -1.13369 -0.471729 
