1.12144 -1.96647 -1.73478 1.58552 -1.30001 -0.964872 2.34279 -1.1103 0.609337 0.0656645 -1.37593 -1.96223 -1.13301 -0.473288 
1.10581 -1.95969 -1.73676 1.56184 -1.29843 -0.970587 2.33295 -1.11086 0.606554 0.0662767 -1.38232 -1.96054 -1.13132 -0.477194 
1.10385 -1.96215 -1.73846 1.55973 -1.3012 -0.970191 2.33887 -1.11086 0.606549 0.0662777 -1.38233 -1.96054 -1.13132 -0.4772 
1.10216 -1.96467 -1.74012 1.55851 -1.30096 -0.973762 2.34253 -1.11086 0.606549 0.0662777 -1.38233 -1.96054 -1.13132 -0.4772 
1.10217 -1.96403 -1.74058 1.55832 -1.30079 -0.974109 2.3419 -1.11086 0.606549 0.0662777 -1.38233 -1.96054 -1.13132 -0.4772 
1.1025 -1.9641 -1.73975 1.55824 -1.29994 -0.97411 2.34198 -1.11086 0.606549 0.0662777 -1.38233 -1.96054 -1.13132 -0.4772 
1.10307 -1.96362 -1.74094 1.56006 -1.30316 -0.970664 2.34327 -1.11086 0.606549 0.0662777 -1.38233 -1.96054 -1.13132 -0.4772 
1.10279 -1.96368 -1.74188 1.56035 -1.30446 -0.969776 2.34413 -1.11086 0.606549 0.0662777 -1.38233 -1.96054 -1.13132 -0.4772 
1.10241 -1.9642 -1.74144 1.55964 -1.30317 -0.972201 2.3434 -1.11086 0.606549 0.0662777 -1.38233 -1.96054 -1.13132 -0.4772 
1.10224 -1.96396 -1.74082 1.55857 -1.30116 -0.974079 2.34214 -1.11086 0.606549 0.0662777 -1.38233 -1.96054 -1.13132 -0.4772 
1.10113 -1.96493 -1.74109 1.55738 -1.29977 -0.97709 2.3418 -1.11086 0.606549 0.0662777 -1.38233 -1.96054 -1.13132 -0.4772 
1.10058 -1.9658 -1.74181 1.55813 -1.30133 -0.976266 2.34389 -1.11086 0.606549 0.0662777 -1.38233 -1.96054 -1.13132 -0.4772 
1.10075 -1.96523 -1.74093 1.55731 -1.29957 -0.977441 2.34238 -1.11086 0.606549 0.0662777 -1.38233 -1.96054 -1.13132 -0.4772 
1.10112 -1.96474 -1.7407 1.5574 -1.29938 -0.976975 2.3416 -1.11086 0.606549 0.0662777 -1.38233 -1.96054 -1.13132 -0.4772 
1.1014 -1.96486 -1.74072 1.55799 -1.30002 -0.975799 2.3428 -1.11086 0.606549 0.0662777 -1.38233 -1.96054 -1.13132 -0.4772 
1.10143 -1.9648 -1.74102 1.55833 -1.30086 -0.975294 2.34263 -1.11086 0.606549 0.0662777 -1.38233 -1.96054 -1.13132 -0.4772 
1.10214 -1.96491 -1.7411 1.5593 -1.30223 -0.97352 2.34359 -1.11086 0.606549 0.0662777 -1.38233 -1.96054 -1.13132 -0.4772 
1.10194 -1.96467 -1.74099 1.55886 -1.30172 -0.973932 2.34322 -1.11086 0.606549 0.0662777 -1.38233 -1.96054 -1.13132 -0.4772 
1.10212 -1.96398 -1.74042 1.55812 -1.30043 -0.974575 2.34183 -1.11086 0.606549 0.0662777 -1.38233 -1.96054 -1.13132 -0.4772 
1.10191 -1.96459 -1.7409 1.55854 -1.30121 -0.974378 2.34259 -1.11086 0.606549 0.0662777 -1.38233 -1.96054 -1.13132 -0.4772 
1.10178 -1.964 -1.74033 1.5575 -1.29945 -0.975992 2.34135 -1.11086 0.606549 0.0662777 -1.38233 -1.96054 -1.13132 -0.4772 
1.10193 -1.96427 -1.74106 1.55883 -1.30176 -0.973795 2.34258 -1.11086 0.606549 0.0662777 -1.38233 -1.96054 -1.13132 -0.4772 
1.10233 -1.96337 -1.74007 1.55819 -1.30003 -0.974412 2.34114 -1.11086 0.606549 0.0662777 -1.38233 -1.96054 -1.13132 -0.4772 
1.10248 -1.96384 -1.74023 1.55894 -1.3008 -0.973538 2.34204 -1.11086 0.606549 0.0662777 -1.38233 -1.96054 -1.13132 -0.4772 
1.10242 -1.96262 -1.73895 1.55689 -1.2971 -0.976198 2.33975 -1.11086 0.606549 0.0662777 -1.38233 -1.96054 -1.13132 -0.4772 
1.10247 -1.96315 -1.73975 1.55813 -1.2994 -0.974408 2.34105 -1.11086 0.606549 0.0662777 -1.38233 -1.96054 -1.13132 -0.4772 
1.10195 -1.96415 -1.74067 1.55872 -1.30125 -0.973813 2.34292 -1.11086 0.606549 0.0662777 -1.38233 -1.96054 -1.13132 -0.4772 
1.10115 -1.96511 -1.74156 1.55833 -1.3018 -0.97533 2.34395 -1.11086 0.606549 0.0662777 -1.38233 -1.96054 -1.13132 -0.4772 
1.10132 -1.96528 -1.74153 1.55855 -1.30192 -0.975351 2.34404 -1.11086 0.606549 0.0662777 -1.38233 -1.96054 -1.13132 -0.4772 
1.1014 -1.96523 -1.74208 1.55926 -1.30377 -0.973555 2.345 -1.11086 0.606549 0.0662777 -1.38233 -1.96054 -1.13132 -0.4772 
