1.08038 -1.79902 -1.66048 1.2264 -1.19473 -1.20038 1.9014 -1.87427 1.53911 -1.42255 1.54307 2.76669 0.499199 -2.60346 
1.06649 -1.79723 -1.65308 1.2051 -1.18299 -1.20478 1.90593 -1.87625 1.53967 -1.40892 1.52822 2.75388 0.536547 -2.63608 
1.06363 -1.79834 -1.65519 1.20305 -1.18578 -1.20315 1.90947 -1.87088 1.55246 -1.3944 1.51862 2.73546 0.554542 -2.68164 
1.06163 -1.79856 -1.65648 1.19972 -1.18667 -1.20586 1.90632 -1.87213 1.55373 -1.39636 1.52326 2.73935 0.544951 -2.67372 
1.06027 -1.79937 -1.65737 1.19664 -1.18693 -1.20902 1.90359 -1.87335 1.55501 -1.39796 1.52709 2.74177 0.535913 -2.66785 
1.06045 -1.80074 -1.65836 1.198 -1.1875 -1.20931 1.90839 -1.87411 1.55695 -1.39971 1.52896 2.74745 0.529833 -2.65858 
1.06382 -1.80233 -1.66015 1.20584 -1.18899 -1.20738 1.91662 -1.8734 1.55803 -1.39847 1.52829 2.73809 0.528106 -2.67292 
1.07055 -1.80307 -1.66088 1.21854 -1.19038 -1.20349 1.92287 -1.87007 1.56612 -1.39313 1.52148 2.73538 0.537276 -2.68645 
1.07998 -1.80312 -1.66014 1.23533 -1.19023 -1.19872 1.93014 -1.86662 1.56889 -1.39156 1.51411 2.73759 0.546588 -2.68812 
1.08792 -1.80306 -1.65936 1.24927 -1.18985 -1.19495 1.93587 -1.86749 1.55031 -1.40273 1.51247 2.74337 0.546672 -2.66345 
1.09415 -1.80297 -1.65876 1.26012 -1.18945 -1.19187 1.94026 -1.86446 1.56035 -1.39644 1.50794 2.7408 0.552493 -2.67745 
1.09914 -1.80285 -1.65825 1.26876 -1.18905 -1.18945 1.9437 -1.86362 1.56513 -1.39409 1.5063 2.74191 0.55273 -2.68002 
1.10321 -1.8028 -1.6579 1.27582 -1.18872 -1.18747 1.94651 -1.86342 1.57521 -1.39022 1.50794 2.74384 0.547279 -2.68365 
1.10657 -1.80273 -1.65756 1.28168 -1.18852 -1.18588 1.94892 -1.86585 1.56831 -1.39545 1.51154 2.74576 0.538974 -2.67227 
1.11102 -1.8028 -1.65736 1.28952 -1.18856 -1.18379 1.95234 -1.86506 1.56391 -1.39529 1.50774 2.7371 0.544644 -2.68386 
1.11718 -1.80287 -1.65711 1.30022 -1.18844 -1.18119 1.95691 -1.86456 1.56104 -1.39681 1.50422 2.7379 0.547401 -2.68087 
1.12365 -1.80305 -1.65668 1.31177 -1.18833 -1.17797 1.9628 -1.86033 1.5679 -1.38993 1.49448 2.73127 0.561993 -2.70203 
1.13024 -1.8028 -1.65615 1.32343 -1.18828 -1.17428 1.96824 -1.8604 1.5631 -1.39301 1.49259 2.73426 0.562787 -2.69358 
1.13636 -1.80238 -1.65548 1.33365 -1.18808 -1.17136 1.97108 -1.85793 1.57987 -1.38322 1.49007 2.72942 0.564109 -2.71623 
1.14074 -1.80181 -1.65452 1.34084 -1.18738 -1.16935 1.97283 -1.85847 1.58156 -1.3817 1.4897 2.72955 0.564554 -2.71822 
1.1431 -1.80148 -1.65383 1.34453 -1.18643 -1.16871 1.97385 -1.85961 1.59687 -1.37448 1.49472 2.73278 0.555602 -2.72431 
1.14339 -1.80146 -1.65378 1.34491 -1.18623 -1.16865 1.97395 -1.85956 1.59747 -1.36983 1.49243 2.72478 0.562719 -2.74074 
1.32626 -1.83104 -1.76969 1.91097 -1.40899 -0.913151 2.37001 -1.85967 1.59727 -1.37062 1.49263 2.72592 0.561771 -2.73861 
1.3257 -1.83217 -1.76863 1.90999 -1.40677 -0.916259 2.36847 -1.86156 1.68846 -1.31434 1.51184 2.67691 0.54763 -2.89005 
1.32571 -1.83229 -1.7686 1.90998 -1.40665 -0.91647 2.3684 -1.85979 1.70833 -1.29574 1.51272 2.64776 0.557692 -2.90768 
1.32572 -1.83228 -1.76858 1.90998 -1.40664 -0.916533 2.3684 -1.85973 1.68483 -1.30425 1.50842 2.64316 0.567843 -2.901 
1.32572 -1.83228 -1.76857 1.90998 -1.40663 -0.916543 2.3684 -1.85498 1.65798 -1.31179 1.50016 2.6311 0.58201 -2.90367 
1.32572 -1.83227 -1.76857 1.90998 -1.40664 -0.916548 2.3684 -1.85038 1.62652 -1.32601 1.4948 2.62689 0.58587 -2.8839 
1.32572 -1.83227 -1.76857 1.90998 -1.40664 -0.916551 2.3684 -1.84556 1.6043 -1.33721 1.49254 2.62157 0.583252 -2.87116 
1.32572 -1.83227 -1.76857 1.90998 -1.40664 -0.916552 2.3684 -1.83789 1.58011 -1.34426 1.48363 2.60507 0.595569 -2.88198 
1.32572 -1.83227 -1.76857 1.90998 -1.40664 -0.916552 2.36839 -1.83295 1.55629 -1.35877 1.48308 2.60482 0.58754 -2.8559 
1.32572 -1.83227 -1.76857 1.90998 -1.40664 -0.916552 2.36839 -1.82428 1.54099 -1.3633 1.47616 2.59135 0.594682 -2.86724 
1.32572 -1.83227 -1.76857 1.90998 -1.40664 -0.916552 2.36839 -1.8166 1.51018 -1.37844 1.46979 2.58547 0.599031 -2.84869 
1.32572 -1.83227 -1.76857 1.90998 -1.40664 -0.916552 2.36839 -1.8079 1.48587 -1.39061 1.46321 2.57753 0.602868 -2.83929 
1.32572 -1.83227 -1.76857 1.90998 -1.40664 -0.916551 2.36839 -1.79781 1.45799 -1.40627 1.45422 2.57431 0.608455 -2.81829 
1.32572 -1.83227 -1.76857 1.90998 -1.40664 -0.916551 2.36839 -1.78663 1.42695 -1.42585 1.44293 2.58058 0.615491 -2.77805 
1.32572 -1.83227 -1.76857 1.90998 -1.40664 -0.916551 2.36839 -1.77787 1.41209 -1.43608 1.43868 2.57566 0.612265 -2.76767 
1.32572 -1.83227 -1.76857 1.90998 -1.40664 -0.916551 2.36839 -1.77001 1.411 -1.43864 1.4316 2.57924 0.61442 -2.76094 
1.32572 -1.83227 -1.76857 1.90998 -1.40664 -0.916551 2.36839 -1.76299 1.38689 -1.45303 1.42488 2.57498 0.619148 -2.74299 
1.32572 -1.83227 -1.76857 1.90998 -1.40663 -0.916551 2.36839 -1.76167 1.37881 -1.45753 1.42356 2.56957 0.620819 -2.74363 
1.32572 -1.83227 -1.76857 1.90998 -1.40664 -0.916551 2.36839 -1.76296 1.38934 -1.45211 1.42651 2.56637 0.615077 -2.75777 
1.32572 -1.83227 -1.76857 1.90998 -1.40663 -0.916551 2.36839 -1.76232 1.4044 -1.44432 1.42184 2.57791 0.62143 -2.75764 
1.32572 -1.83227 -1.76857 1.90998 -1.40663 -0.916551 2.36839 -1.7633 1.40235 -1.44621 1.42198 2.5815 0.62089 -2.74895 
1.32572 -1.83227 -1.76857 1.90998 -1.40663 -0.916551 2.36839 -1.76529 1.40591 -1.44251 1.42552 2.57283 0.617778 -2.76663 
1.32572 -1.83227 -1.76857 1.90998 -1.40663 -0.916551 2.36839 -1.76604 1.41 -1.43918 1.42541 2.57183 0.618908 -2.77404 
1.32572 -1.83227 -1.76857 1.90998 -1.40663 -0.916551 2.36839 -1.7674 1.40812 -1.43974 1.42792 2.56837 0.615667 -2.77653 
1.15392 -1.83041 -1.6784 1.40028 -1.18845 -1.17724 2.03976 -1.70927 1.32191 -1.49122 1.31734 2.63226 0.772094 -2.64033 
1.12904 -1.83019 -1.67405 1.33938 -1.17624 -1.20517 2.00922 -1.71539 1.30205 -1.50736 1.33479 2.63627 0.747019 -2.59107 
1.1264 -1.83018 -1.67364 1.33308 -1.17496 -1.20807 2.0061 -1.72249 1.29383 -1.51459 1.35055 2.63791 0.722762 -2.56553 
1.12609 -1.83027 -1.67369 1.33244 -1.17478 -1.2084 2.00582 -1.72509 1.29179 -1.51716 1.35518 2.64109 0.714338 -2.55306 
1.12603 -1.83019 -1.6736 1.33227 -1.17471 -1.20854 2.00571 -1.72761 1.2908 -1.51755 1.35966 2.63866 0.707282 -2.55318 
1.12598 -1.83029 -1.67366 1.33222 -1.1747 -1.20865 2.00574 -1.7275 1.28623 -1.51973 1.35906 2.63678 0.70852 -2.55136 
1.12593 -1.83037 -1.6737 1.33219 -1.17473 -1.20877 2.00578 -1.71981 1.30703 -1.50361 1.3352 2.64151 0.746464 -2.58748 
1.12591 -1.83032 -1.67365 1.33213 -1.17468 -1.20887 2.00575 -1.72899 1.309 -1.50276 1.35354 2.63959 0.722082 -2.58342 
1.12599 -1.83033 -1.6737 1.33234 -1.17499 -1.20849 2.00577 -1.73604 1.30894 -1.50232 1.36505 2.63865 0.709161 -2.58056 
1.1261 -1.83055 -1.67388 1.33282 -1.17574 -1.20787 2.00617 -1.74172 1.31406 -1.4981 1.37083 2.63935 0.707332 -2.58582 
1.12626 -1.83069 -1.67402 1.33331 -1.17636 -1.20719 2.00657 -1.74731 1.32236 -1.4917 1.37468 2.64082 0.710683 -2.59583 
1.12635 -1.83103 -1.67427 1.33388 -1.17701 -1.2067 2.00736 -1.75255 1.32703 -1.4886 1.3782 2.64448 0.711887 -2.59585 
1.1265 -1.83119 -1.67443 1.33434 -1.17751 -1.20612 2.0078 -1.759 1.32781 -1.4877 1.38466 2.64501 0.709694 -2.595 
1.12662 -1.83117 -1.67448 1.33455 -1.17769 -1.20567 2.0078 -1.76123 1.32983 -1.48562 1.38557 2.64447 0.712447 -2.6001 
1.12663 -1.83117 -1.6745 1.33457 -1.17764 -1.20561 2.00777 -1.76455 1.3343 -1.4824 1.38567 2.64863 0.718367 -2.60134 
1.12673 -1.83096 -1.67437 1.33458 -1.17755 -1.20546 2.00759 -1.76736 1.33342 -1.48138 1.385 2.64859 0.726046 -2.60396 
1.12671 -1.83098 -1.67438 1.33457 -1.17756 -1.20551 2.00763 -1.77156 1.34232 -1.47598 1.38603 2.65493 0.729998 -2.60576 
1.12678 -1.83087 -1.67432 1.33463 -1.1776 -1.20532 2.00757 -1.77558 1.34576 -1.47224 1.38875 2.65326 0.732373 -2.61476 
1.12687 -1.83079 -1.67432 1.33472 -1.17762 -1.20502 2.0075 -1.77975 1.34585 -1.47051 1.39144 2.65092 0.735388 -2.62107 
1.12694 -1.83067 -1.67426 1.33476 -1.17756 -1.20487 2.00742 -1.78518 1.35477 -1.4636 1.39719 2.64298 0.732512 -2.64508 
1.12704 -1.83062 -1.67425 1.33493 -1.17783 -1.2045 2.00738 -1.78554 1.35574 -1.46534 1.3954 2.65056 0.734518 -2.63321 
1.12704 -1.83046 -1.67413 1.33478 -1.17753 -1.2047 2.00722 -1.78798 1.34712 -1.471 1.39972 2.64681 0.728062 -2.6257 
1.127 -1.83014 -1.6739 1.33435 -1.1768 -1.2051 2.00672 -1.78874 1.34191 -1.47475 1.40108 2.64427 0.724512 -2.62153 
1.12693 -1.8298 -1.67361 1.33385 -1.17621 -1.20566 2.00611 -1.78848 1.34597 -1.47248 1.40033 2.64249 0.723431 -2.62897 
1.12689 -1.82935 -1.6733 1.3333 -1.17549 -1.2061 2.00526 -1.78808 1.35117 -1.47033 1.39889 2.64446 0.723153 -2.63139 
1.12686 -1.82913 -1.67311 1.333 -1.17519 -1.20642 2.00486 -1.7875 1.35502 -1.46798 1.39761 2.64317 0.724098 -2.63852 
1.12688 -1.8292 -1.67318 1.33313 -1.17522 -1.20627 2.00513 -1.78763 1.35549 -1.46658 1.39803 2.63795 0.723844 -2.64875 
1.12707 -1.82916 -1.67321 1.33359 -1.17552 -1.20559 2.00562 -1.78857 1.35424 -1.46751 1.39969 2.6367 0.721755 -2.64827 
1.1272 -1.82918 -1.67327 1.33398 -1.17589 -1.20503 2.00604 -1.788 1.35154 -1.4695 1.39792 2.63806 0.724345 -2.6435 
1.12733 -1.82907 -1.67323 1.33425 -1.17612 -1.20461 2.00622 -1.78782 1.34905 -1.4721 1.39609 2.64116 0.726855 -2.63536 
1.12571 -1.82547 -1.66978 1.32725 -1.16677 -1.21291 2.00042 -1.78793 1.34329 -1.4737 1.39563 2.63705 0.729236 -2.63754 
1.12557 -1.82514 -1.66946 1.32665 -1.16596 -1.21364 1.99991 -1.78737 1.33937 -1.47552 1.39409 2.63862 0.732163 -2.63155 
1.12273 -1.82763 -1.67192 1.32421 -1.16538 -1.21337 2.01588 -1.7864 1.33592 -1.47907 1.39147 2.64628 0.735081 -2.6146 
1.11817 -1.83067 -1.675 1.31948 -1.16456 -1.21462 2.03356 -1.78634 1.34006 -1.47633 1.39158 2.64464 0.734954 -2.62231 
1.11241 -1.83375 -1.67847 1.31269 -1.16371 -1.21649 2.05154 -1.78625 1.34126 -1.47532 1.39178 2.64311 0.73468 -2.62671 
1.106 -1.83703 -1.68223 1.30518 -1.16293 -1.21886 2.06983 -1.78536 1.33814 -1.47789 1.38968 2.64665 0.737444 -2.61752 
1.09943 -1.84028 -1.68603 1.29746 -1.16211 -1.22142 2.08852 -1.78633 1.34109 -1.47689 1.39161 2.64804 0.733725 -2.61681 
1.09324 -1.84349 -1.68986 1.29018 -1.1612 -1.22385 2.1071 -1.78576 1.33802 -1.47781 1.39076 2.64502 0.735615 -2.61921 
1.08727 -1.84666 -1.6934 1.28296 -1.16017 -1.22632 2.12515 -1.78482 1.33296 -1.47913 1.38996 2.63965 0.738412 -2.62405 
1.08144 -1.85001 -1.69687 1.27584 -1.15925 -1.22888 2.14306 -1.78527 1.33625 -1.47888 1.39011 2.64533 0.736821 -2.61688 
1.07569 -1.85312 -1.70003 1.26834 -1.15796 -1.23164 2.16043 -1.78539 1.33545 -1.47976 1.39043 2.64616 0.735975 -2.6137 
1.06979 -1.8563 -1.70324 1.26056 -1.15651 -1.23467 2.17784 -1.78629 1.34131 -1.4765 1.3918 2.64596 0.733557 -2.62008 
1.06408 -1.85919 -1.70623 1.25288 -1.15492 -1.23759 2.1949 -1.78683 1.34606 -1.47368 1.39283 2.64462 0.731808 -2.62748 
1.05948 -1.86187 -1.70869 1.24705 -1.15331 -1.23985 2.2107 -1.78593 1.34343 -1.47382 1.39157 2.63996 0.734942 -2.6344 
1.05971 -1.86253 -1.70764 1.24722 -1.15163 -1.24126 2.21191 -1.78502 1.34419 -1.47387 1.38885 2.64385 0.73858 -2.6302 
1.06311 -1.8628 -1.70568 1.25265 -1.1505 -1.23909 2.2133 -1.78375 1.34141 -1.47561 1.38597 2.64651 0.743221 -2.62406 
1.06808 -1.86305 -1.70321 1.26083 -1.14977 -1.23551 2.21479 -1.78426 1.34118 -1.47558 1.3874 2.64514 0.741234 -2.62535 
1.07434 -1.86321 -1.70039 1.27099 -1.14904 -1.23102 2.21608 -1.78522 1.33959 -1.47744 1.38949 2.64687 0.737043 -2.6182 
1.08081 -1.86321 -1.69746 1.28132 -1.1483 -1.22627 2.217 -1.78528 1.33832 -1.47849 1.38958 2.64805 0.73642 -2.61401 
1.08674 -1.86719 -1.69526 1.29659 -1.14657 -1.22105 2.23361 -1.7849 1.33737 -1.47807 1.38949 2.64433 0.737428 -2.62 
1.09061 -1.8742 -1.6946 1.31361 -1.14466 -1.21509 2.26384 -1.78574 1.34429 -1.47428 1.39057 2.64467 0.735589 -2.62725 
1.09139 -1.88272 -1.69609 1.32931 -1.14385 -1.20905 2.30185 -1.78572 1.34567 -1.474 1.38996 2.64759 0.736082 -2.62399 
1.03161 -1.92089 -1.73976 1.29218 -1.15305 -1.28732 2.3427 -1.7845 1.3423 -1.47559 1.38743 2.64769 0.740345 -2.62162 
1.02977 -1.92536 -1.73969 1.30281 -1.15478 -1.27689 2.37063 -1.78544 1.3368 -1.4792 1.39039 2.64723 0.735974 -2.61334 
1.0402 -1.92615 -1.73147 1.32633 -1.15603 -1.24874 2.39933 -1.78571 1.33677 -1.47811 1.39149 2.64321 0.734959 -2.62069 
1.04979 -1.92713 -1.72272 1.34724 -1.15454 -1.22611 2.42362 -1.78663 1.33983 -1.47652 1.39263 2.64379 0.732932 -2.62246 
1.05671 -1.92995 -1.71786 1.36562 -1.15727 -1.20618 2.44654 -1.78704 1.33999 -1.47663 1.39336 2.64394 0.731759 -2.6217 
1.05994 -1.93438 -1.71649 1.37888 -1.16371 -1.19259 2.45999 -1.78779 1.34178 -1.47601 1.39484 2.6446 0.729127 -2.62147 
1.06038 -1.94027 -1.71777 1.38803 -1.17254 -1.18659 2.46177 -1.78703 1.34276 -1.47447 1.3936 2.6409 0.731809 -2.6303 
1.05892 -1.94829 -1.7212 1.39592 -1.18416 -1.18618 2.45548 -1.78662 1.33975 -1.4764 1.39297 2.64189 0.732841 -2.62552 
1.05693 -1.95459 -1.724 1.39873 -1.19113 -1.19209 2.44342 -1.78635 1.33908 -1.47637 1.39269 2.64043 0.733615 -2.62761 
1.05462 -1.96185 -1.72743 1.40256 -1.19999 -1.19834 2.42855 -1.78588 1.33764 -1.4779 1.39157 2.64263 0.734651 -2.62196 
1.05758 -1.96345 -1.72946 1.40611 -1.21479 -1.19763 2.39078 -1.78473 1.33887 -1.47788 1.38889 2.645 0.737312 -2.62016 
1.06327 -1.96217 -1.73 1.40799 -1.23081 -1.19634 2.33507 -1.7844 1.34595 -1.47377 1.38717 2.64416 0.738079 -2.63061 
1.07258 -1.95816 -1.72741 1.4112 -1.24379 -1.19214 2.27564 -1.78182 1.34151 -1.47692 1.38175 2.64682 0.74467 -2.62277 
1.08233 -1.95446 -1.72514 1.41482 -1.25488 -1.18851 2.22152 -1.78035 1.33924 -1.47832 1.37882 2.64777 0.748653 -2.62002 
1.09165 -1.9514 -1.72401 1.41994 -1.26716 -1.18196 2.17576 -1.77824 1.33595 -1.47962 1.37381 2.64836 0.756035 -2.61827 
1.10004 -1.94905 -1.7241 1.42361 -1.28108 -1.17708 2.125 -1.7801 1.3396 -1.47795 1.37668 2.6499 0.7514 -2.61803 
1.10542 -1.94759 -1.72462 1.42431 -1.29038 -1.17659 2.08328 -1.7804 1.34218 -1.47621 1.377 2.65057 0.750551 -2.62018 
1.11109 -1.94641 -1.72555 1.42585 -1.30085 -1.17405 2.04438 -1.77881 1.33755 -1.47792 1.37408 2.64936 0.755068 -2.61893 
1.1142 -1.94668 -1.72745 1.42538 -1.30955 -1.175 2.01102 -1.77996 1.33913 -1.47675 1.37651 2.64763 0.750882 -2.62241 
1.11603 -1.9462 -1.72811 1.42273 -1.31411 -1.17778 1.98206 -1.78003 1.34043 -1.47674 1.37621 2.65064 0.749234 -2.61801 
1.11934 -1.94522 -1.7299 1.42218 -1.32477 -1.17448 1.94711 -1.77852 1.34065 -1.47725 1.37319 2.65411 0.751606 -2.61287 
1.12185 -1.94493 -1.73178 1.4202 -1.33503 -1.17314 1.90968 -1.77764 1.33702 -1.47899 1.37228 2.65344 0.751777 -2.60977 
1.12385 -1.94329 -1.73206 1.41439 -1.34134 -1.1751 1.86509 -1.77565 1.33443 -1.48073 1.36808 2.65648 0.756293 -2.60301 
1.13098 -1.93942 -1.71903 1.39531 -1.34132 -1.18018 1.76012 -1.77687 1.32019 -1.49203 1.37052 2.66221 0.751717 -2.57117 
1.12413 -1.94564 -1.72371 1.38913 -1.34321 -1.19216 1.75324 -1.76198 1.33701 -1.48139 1.33485 2.67318 0.800389 -2.59346 
1.13042 -1.93558 -1.71511 1.3791 -1.33698 -1.19237 1.69794 -1.75288 1.34233 -1.47705 1.31516 2.67663 0.826285 -2.60607 
1.13471 -1.9318 -1.71317 1.3748 -1.34185 -1.19104 1.65098 -1.74946 1.34146 -1.47639 1.30981 2.67467 0.831468 -2.61142 
1.13443 -1.92981 -1.71243 1.36284 -1.34275 -1.20187 1.59057 -1.74763 1.33367 -1.48128 1.30931 2.67443 0.829657 -2.60013 
1.13264 -1.92686 -1.71025 1.34659 -1.33853 -1.2171 1.52849 -1.74698 1.33404 -1.47963 1.31069 2.66853 0.826057 -2.61089 
1.13061 -1.92631 -1.71071 1.33495 -1.34029 -1.22786 1.47722 -1.74801 1.3402 -1.47534 1.31428 2.66578 0.819029 -2.62209 
1.12761 -1.92383 -1.70913 1.31907 -1.33648 -1.2429 1.42037 -1.74638 1.34032 -1.47599 1.3128 2.66803 0.818562 -2.61776 
1.12281 -1.92319 -1.70966 1.30226 -1.33502 -1.25987 1.36311 -1.74344 1.33689 -1.47957 1.30815 2.67439 0.823162 -2.60239 
1.11721 -1.92514 -1.7128 1.28918 -1.33779 -1.27466 1.31642 -1.74329 1.33942 -1.47701 1.30938 2.67197 0.820404 -2.60998 
1.10651 -1.93064 -1.71901 1.27322 -1.337 -1.29967 1.28366 -1.74481 1.34619 -1.47149 1.3133 2.66751 0.813427 -2.62577 
1.09698 -1.93571 -1.72468 1.26048 -1.33511 -1.32237 1.26172 -1.74482 1.34998 -1.46846 1.31218 2.6702 0.814029 -2.62778 
1.08881 -1.94033 -1.73013 1.2504 -1.3345 -1.34204 1.24316 -1.74473 1.34318 -1.47069 1.3116 2.66779 0.815114 -2.62453 
1.08393 -1.94353 -1.73388 1.2453 -1.33317 -1.35553 1.23505 -1.74576 1.34121 -1.46974 1.31273 2.66542 0.814289 -2.62761 
1.07604 -1.94933 -1.74065 1.23986 -1.33373 -1.37251 1.23166 -1.74689 1.34581 -1.46797 1.31191 2.67528 0.814303 -2.61616 
1.0677 -1.95437 -1.74693 1.23244 -1.33283 -1.38998 1.23061 -1.75012 1.35159 -1.46191 1.31695 2.67121 0.808954 -2.63151 
1.06021 -1.95972 -1.75409 1.22872 -1.33683 -1.40116 1.23242 -1.75767 1.36387 -1.45223 1.32288 2.67607 0.806975 -2.64138 
1.0586 -1.96208 -1.75689 1.23031 -1.34102 -1.40147 1.23554 -1.76768 1.3714 -1.44463 1.33057 2.68034 0.804973 -2.64598 
1.05537 -1.96287 -1.7584 1.2264 -1.33966 -1.40728 1.2342 -1.77757 1.38175 -1.43529 1.336 2.6857 0.80685 -2.65404 
1.05484 -1.96259 -1.75834 1.22527 -1.3388 -1.40833 1.23387 -1.78505 1.38479 -1.43185 1.33888 2.69509 0.81057 -2.64472 
1.05327 -1.95993 -1.76043 1.224 -1.33623 -1.40703 1.25991 -1.79466 1.39774 -1.42098 1.34619 2.69546 0.810196 -2.66307 
1.0443 -1.95974 -1.77025 1.22111 -1.33558 -1.41149 1.3156 -1.80369 1.40724 -1.41458 1.35361 2.70276 0.805874 -2.66183 
1.04908 -1.95375 -1.76854 1.22904 -1.32973 -1.39626 1.37419 -1.81113 1.41673 -1.40913 1.36081 2.70956 0.799498 -2.66004 
0.957217 -1.90049 -1.78657 1.14958 -1.23567 -1.3698 1.93203 -1.86147 1.49099 -1.41382 1.49806 2.74799 0.600641 -2.58672 
0.949293 -1.89519 -1.78784 1.14309 -1.22759 -1.36267 1.98824 -1.86438 1.50735 -1.40869 1.51195 2.74532 0.578987 -2.59786 
0.946926 -1.89535 -1.79081 1.14245 -1.23065 -1.36049 1.99602 -1.86442 1.51779 -1.40525 1.51731 2.74096 0.569346 -2.60997 
0.945106 -1.89515 -1.79244 1.13929 -1.23154 -1.36312 1.9929 -1.86668 1.52191 -1.40453 1.52332 2.73711 0.559542 -2.61585 
0.943479 -1.8956 -1.79361 1.13597 -1.23186 -1.36634 1.98979 -1.86917 1.51845 -1.40889 1.52663 2.74214 0.5516 -2.60211 
0.943313 -1.8968 -1.79459 1.13708 -1.23226 -1.36698 1.99429 -1.86988 1.50248 -1.41815 1.52374 2.74826 0.554312 -2.57987 
0.946614 -1.89883 -1.79561 1.14532 -1.23314 -1.3658 2.00263 -1.86628 1.50174 -1.41653 1.51504 2.74376 0.566836 -2.58966 
0.953608 -1.90095 -1.79523 1.15903 -1.23347 -1.36251 2.00957 -1.86316 1.51339 -1.4091 1.51006 2.73594 0.572973 -2.61339 
0.963452 -1.90312 -1.79307 1.1771 -1.23193 -1.35814 2.01825 -1.86237 1.51057 -1.41239 1.50834 2.7393 0.57246 -2.60511 
0.971733 -1.90482 -1.791 1.19205 -1.23044 -1.35468 2.02522 -1.86098 1.50636 -1.41471 1.50549 2.73882 0.575017 -2.60251 
0.97826 -1.90614 -1.7894 1.20378 -1.22918 -1.35181 2.03063 -1.85887 1.51028 -1.41054 1.50234 2.72959 0.579471 -2.62188 
0.983506 -1.90713 -1.78804 1.21308 -1.22812 -1.34957 2.0349 -1.85684 1.52149 -1.40391 1.49938 2.7264 0.582722 -2.63804 
0.98776 -1.90796 -1.78698 1.22067 -1.22727 -1.34773 2.03838 -1.85624 1.51963 -1.40516 1.49653 2.72926 0.585324 -2.63275 
0.991266 -1.90868 -1.78613 1.22694 -1.22654 -1.34625 2.0413 -1.85723 1.51583 -1.40857 1.49641 2.73478 0.583058 -2.61973 
0.995867 -1.90974 -1.78521 1.23537 -1.22588 -1.34434 2.04536 -1.85705 1.51307 -1.40887 1.49403 2.7303 0.585219 -2.62485 
1.00226 -1.91115 -1.78387 1.24684 -1.22487 -1.34204 2.05081 -1.85538 1.51605 -1.40676 1.48969 2.72913 0.589968 -2.63073 
1.0089 -1.9128 -1.78241 1.25911 -1.2237 -1.33907 2.05761 -1.85316 1.52316 -1.40246 1.48566 2.72709 0.594313 -2.64177 
1.01578 -1.91409 -1.78083 1.2716 -1.22256 -1.33551 2.06406 -1.85017 1.52606 -1.40011 1.47762 2.72841 0.604661 -2.64594 
1.02227 -1.91507 -1.77909 1.28264 -1.2215 -1.33272 2.06789 -1.84927 1.52249 -1.40218 1.47347 2.73026 0.608418 -2.6406 
1.02688 -1.91561 -1.77746 1.29037 -1.22015 -1.33066 2.07045 -1.85305 1.52239 -1.40324 1.48092 2.72972 0.595446 -2.63694 
1.02937 -1.91588 -1.7764 1.29433 -1.21888 -1.3299 2.072 -1.85404 1.53353 -1.39646 1.48369 2.7283 0.591142 -2.64904 
1.02962 -1.91589 -1.77627 1.29471 -1.21873 -1.32988 2.07216 -1.85321 1.54634 -1.38545 1.48216 2.7198 0.596381 -2.67773 
1.30945 -1.86093 -1.78867 1.90797 -1.39463 -0.914952 2.3811 -1.85337 1.54434 -1.38698 1.48234 2.72092 0.595593 -2.67381 
1.30887 -1.86157 -1.78819 1.90742 -1.39394 -0.915822 2.38112 -1.78677 1.97407 -1.05763 1.58291 2.17113 0.569242 -2.91335 
1.30889 -1.86151 -1.78812 1.90742 -1.39396 -0.91587 2.38096 -1.7865 1.97204 -1.0443 1.58573 2.12723 0.592824 -2.9122 
1.30889 -1.86153 -1.78813 1.90742 -1.39394 -0.915868 2.38096 -1.78164 1.97505 -1.02973 1.59365 2.08644 0.606703 -2.91548 
1.30889 -1.86153 -1.78813 1.90742 -1.39394 -0.915868 2.38096 -1.79398 1.94785 -1.0575 1.60588 2.05834 0.584754 -2.87745 
1.30889 -1.86153 -1.78813 1.90742 -1.39394 -0.915868 2.38096 -1.778 1.96617 -1.04324 1.59513 2.06679 0.58587 -2.90771 
1.30889 -1.86153 -1.78813 1.90742 -1.39394 -0.915867 2.38096 -1.78945 1.91651 -1.07589 1.60416 2.02711 0.576922 -2.87299 
1.30889 -1.86153 -1.78813 1.90742 -1.39394 -0.915868 2.38096 -1.79711 1.87136 -1.10539 1.61041 1.99826 0.567083 -2.82472 
1.30889 -1.86153 -1.78813 1.90742 -1.39394 -0.915868 2.38096 -1.78963 1.86128 -1.1069 1.6069 1.98286 0.571055 -2.85194 
1.30889 -1.86153 -1.78813 1.90742 -1.39394 -0.915868 2.38096 -1.7871 1.8329 -1.12188 1.60405 1.96871 0.57079 -2.82711 
1.30889 -1.86153 -1.78813 1.90742 -1.39394 -0.915868 2.38096 -1.78746 1.79944 -1.14201 1.6038 1.95438 0.56613 -2.78008 
1.30889 -1.86153 -1.78813 1.90742 -1.39394 -0.915868 2.38096 -1.78533 1.76332 -1.16211 1.60022 1.9404 0.564754 -2.73319 
1.30889 -1.86153 -1.78813 1.90742 -1.39394 -0.915868 2.38096 -1.78231 1.73873 -1.17934 1.60001 1.92311 0.553882 -2.69853 
1.30889 -1.86153 -1.78813 1.90742 -1.39394 -0.915868 2.38096 -1.77941 1.71102 -1.19735 1.59892 1.90496 0.545708 -2.66277 
1.30889 -1.86153 -1.78813 1.90742 -1.39394 -0.915868 2.38096 -1.77883 1.68786 -1.21832 1.60473 1.87704 0.521616 -2.62426 
1.30889 -1.86153 -1.78813 1.90742 -1.39394 -0.915868 2.38096 -1.77339 1.67043 -1.22817 1.59972 1.8688 0.520504 -2.60226 
1.30889 -1.86153 -1.78813 1.90742 -1.39394 -0.915868 2.38096 -1.77051 1.65314 -1.23867 1.59643 1.86189 0.518527 -2.5726 
1.30889 -1.86153 -1.78813 1.90742 -1.39394 -0.915868 2.38096 -1.76948 1.64292 -1.24482 1.59393 1.8616 0.51925 -2.54839 
1.30889 -1.86153 -1.78813 1.90742 -1.39394 -0.915868 2.38096 -1.76795 1.6399 -1.24356 1.59012 1.8648 0.527715 -2.55299 
1.30889 -1.86153 -1.78813 1.90742 -1.39394 -0.915868 2.38096 -1.77187 1.64275 -1.24885 1.59915 1.85019 0.508167 -2.54988 
1.30889 -1.86153 -1.78813 1.90742 -1.39394 -0.915868 2.38096 -1.76841 1.65392 -1.23715 1.59167 1.86677 0.5231 -2.57298 
1.30889 -1.86153 -1.78813 1.90742 -1.39394 -0.915868 2.38096 -1.76758 1.65784 -1.23176 1.58807 1.8766 0.531113 -2.57789 
1.30889 -1.86153 -1.78813 1.90742 -1.39394 -0.915868 2.38096 -1.76686 1.65515 -1.22897 1.58427 1.8819 0.542027 -2.58384 
1.30889 -1.86153 -1.78813 1.90742 -1.39394 -0.915868 2.38096 -1.76863 1.65501 -1.232 1.58773 1.87779 0.534403 -2.57517 
1.0698 -1.91543 -1.77668 1.37478 -1.21291 -1.26349 2.11744 -1.66645 1.53168 -1.20162 1.35353 2.15068 0.910895 -2.40642 
1.03889 -1.91717 -1.78217 1.31036 -1.20695 -1.29962 2.09021 -1.675 1.52719 -1.21083 1.3712 2.14907 0.887745 -2.35612 
1.03572 -1.91729 -1.78275 1.3037 -1.20638 -1.30333 2.08743 -1.67926 1.52636 -1.21405 1.37903 2.15176 0.874874 -2.32574 
1.03532 -1.91736 -1.78287 1.303 -1.20631 -1.30379 2.08716 -1.6826 1.52861 -1.21581 1.38451 2.1548 0.863383 -2.30304 
1.03525 -1.91733 -1.78287 1.30283 -1.20618 -1.30388 2.08705 -1.682 1.52785 -1.2157 1.3817 2.15806 0.866615 -2.29865 
1.03518 -1.9174 -1.78293 1.30276 -1.20618 -1.30401 2.08707 -1.68069 1.52479 -1.21599 1.37768 2.15969 0.872989 -2.29875 
1.0351 -1.91748 -1.783 1.30272 -1.2062 -1.30414 2.08709 -1.68239 1.52867 -1.21379 1.37982 2.16096 0.870415 -2.30011 
1.0351 -1.91745 -1.78296 1.30267 -1.20613 -1.30421 2.08706 -1.68493 1.52994 -1.21202 1.38328 2.15882 0.869383 -2.30694 
1.03517 -1.9175 -1.78303 1.30288 -1.20641 -1.30384 2.08706 -1.68914 1.53439 -1.20914 1.3896 2.15682 0.866455 -2.3165 
1.03524 -1.91775 -1.78325 1.30334 -1.20709 -1.3033 2.08738 -1.69474 1.54761 -1.20273 1.39808 2.15737 0.85952 -2.33125 
1.03537 -1.91792 -1.78338 1.30387 -1.20771 -1.30268 2.08776 -1.69774 1.55451 -1.19748 1.40024 2.15893 0.863025 -2.34721 
1.03538 -1.91828 -1.78369 1.30436 -1.20825 -1.30226 2.08843 -1.70248 1.56773 -1.19088 1.40631 2.16195 0.859228 -2.36098 
1.03549 -1.91844 -1.78384 1.30483 -1.20875 -1.30174 2.08882 -1.70671 1.5702 -1.18959 1.40944 2.16457 0.861367 -2.36096 
1.03563 -1.9184 -1.78381 1.30506 -1.20899 -1.30136 2.08885 -1.71098 1.57358 -1.18757 1.41136 2.16963 0.86519 -2.35912 
1.03565 -1.91842 -1.78384 1.30508 -1.20892 -1.30127 2.08882 -1.71492 1.57397 -1.18661 1.4121 2.17454 0.871487 -2.35547 
1.0358 -1.91825 -1.7837 1.30513 -1.20885 -1.30107 2.0887 -1.7169 1.57276 -1.18562 1.40917 2.18212 0.881258 -2.34918 
1.03578 -1.9183 -1.78375 1.30511 -1.20881 -1.30109 2.08872 -1.71913 1.574 -1.18414 1.40942 2.18564 0.884499 -2.34755 
1.03589 -1.91819 -1.78365 1.3052 -1.20888 -1.3009 2.08868 -1.72253 1.57257 -1.18419 1.41267 2.18384 0.885698 -2.34959 
1.03601 -1.91811 -1.7836 1.30532 -1.20895 -1.30063 2.08864 -1.72777 1.58261 -1.17928 1.41822 2.18624 0.882843 -2.35827 
1.03611 -1.91802 -1.78353 1.30537 -1.2089 -1.30046 2.08859 -1.72977 1.59221 -1.17399 1.42075 2.18549 0.88234 -2.37784 
1.03623 -1.918 -1.78355 1.30558 -1.20914 -1.30007 2.08855 -1.7315 1.59119 -1.1744 1.42168 2.18242 0.883781 -2.38372 
1.03623 -1.9179 -1.78347 1.30543 -1.20879 -1.30021 2.0884 -1.73455 1.59008 -1.17714 1.42574 2.17876 0.878008 -2.37831 
1.03626 -1.91762 -1.78327 1.30505 -1.20806 -1.30048 2.08797 -1.73418 1.58356 -1.18063 1.42238 2.17869 0.882023 -2.36995 
1.03623 -1.91728 -1.783 1.30454 -1.20749 -1.30095 2.08743 -1.73188 1.57619 -1.18338 1.41637 2.17966 0.889423 -2.36429 
1.03629 -1.91685 -1.78263 1.30405 -1.20686 -1.30127 2.0867 -1.73098 1.57478 -1.18399 1.41455 2.17914 0.89031 -2.36412 
1.03628 -1.91668 -1.78249 1.30379 -1.20655 -1.3015 2.08636 -1.73161 1.57389 -1.18565 1.41451 2.17979 0.887726 -2.35568 
1.0363 -1.91673 -1.78253 1.30392 -1.2066 -1.30138 2.08661 -1.73089 1.57354 -1.18557 1.4126 2.18103 0.890074 -2.35548 
1.0365 -1.91673 -1.78255 1.3044 -1.20689 -1.30073 2.08709 -1.73133 1.57818 -1.18322 1.41386 2.18026 0.888281 -2.36438 
1.03666 -1.91673 -1.78253 1.30484 -1.20731 -1.30023 2.08754 -1.73198 1.58078 -1.18156 1.41593 2.176 0.88689 -2.3774 
1.03683 -1.91668 -1.78251 1.30514 -1.2075 -1.29979 2.08773 -1.73033 1.58385 -1.17883 1.41239 2.17894 0.891719 -2.38513 
1.03192 -1.91647 -1.78238 1.29411 -1.20076 -1.31422 2.07767 -1.73239 1.57129 -1.18575 1.41196 2.17707 0.894464 -2.36482 
1.03143 -1.91648 -1.78244 1.29306 -1.20014 -1.31556 2.07699 -1.73395 1.57329 -1.18529 1.41584 2.17439 0.889487 -2.36695 
1.02803 -1.91812 -1.78509 1.29016 -1.20002 -1.31581 2.09255 -1.73529 1.57176 -1.18592 1.41951 2.1683 0.886176 -2.37286 
1.02281 -1.91992 -1.78853 1.28473 -1.19972 -1.31761 2.10961 -1.73549 1.57464 -1.18457 1.42092 2.16743 0.883987 -2.37759 
1.01638 -1.92147 -1.79242 1.27718 -1.19953 -1.32002 2.12684 -1.73456 1.5743 -1.18452 1.41907 2.16947 0.886179 -2.37618 
1.00923 -1.92307 -1.79667 1.26881 -1.19942 -1.32294 2.14439 -1.73427 1.57536 -1.18358 1.41915 2.1681 0.886543 -2.38245 
1.00192 -1.92466 -1.801 1.26022 -1.19924 -1.32601 2.16225 -1.73416 1.57212 -1.18475 1.41863 2.16693 0.888305 -2.38144 
0.994998 -1.9262 -1.80525 1.25211 -1.19907 -1.329 2.18004 -1.73509 1.56956 -1.18691 1.41996 2.16593 0.886572 -2.37462 
0.988276 -1.92781 -1.80922 1.24403 -1.19871 -1.33198 2.19738 -1.73386 1.5712 -1.18534 1.41788 2.16737 0.889288 -2.37948 
0.981625 -1.92958 -1.8131 1.23602 -1.19848 -1.33507 2.21451 -1.73364 1.57241 -1.18429 1.4179 2.16674 0.889633 -2.38466 
0.975118 -1.93116 -1.81669 1.22763 -1.19793 -1.3383 2.23114 -1.73375 1.57265 -1.18462 1.41816 2.16737 0.888808 -2.38238 
0.968464 -1.93274 -1.82027 1.21898 -1.19729 -1.34181 2.24781 -1.73409 1.58163 -1.1808 1.41929 2.17056 0.884911 -2.3876 
0.96196 -1.93411 -1.82363 1.21038 -1.19646 -1.34515 2.26422 -1.73393 1.58305 -1.18088 1.41819 2.17456 0.884626 -2.38012 
0.956656 -1.93549 -1.82636 1.20376 -1.19554 -1.34781 2.27952 -1.73472 1.57785 -1.1841 1.41852 2.17391 0.884375 -2.36938 
0.956576 -1.93614 -1.82544 1.20368 -1.19384 -1.34913 2.28075 -1.73437 1.57788 -1.18333 1.41869 2.17121 0.885321 -2.37761 
0.95983 -1.93704 -1.8233 1.20921 -1.19249 -1.3469 2.2826 -1.73413 1.57442 -1.18531 1.41705 2.17324 0.887244 -2.3685 
0.964691 -1.9383 -1.82058 1.21762 -1.19127 -1.34325 2.28467 -1.73402 1.57103 -1.1858 1.41755 2.16827 0.889021 -2.37605 
0.970897 -1.93966 -1.81735 1.22813 -1.19006 -1.33874 2.28667 -1.73355 1.5751 -1.18339 1.41724 2.16941 0.889062 -2.38273 
0.977328 -1.94095 -1.814 1.23885 -1.1888 -1.33387 2.28833 -1.73322 1.57763 -1.1814 1.41788 2.16729 0.889132 -2.39388 
0.982137 -1.94544 -1.81135 1.25369 -1.18655 -1.32929 2.30545 -1.73342 1.57504 -1.18364 1.41717 2.16975 0.889073 -2.38116 
0.983992 -1.952 -1.81045 1.26934 -1.18425 -1.32462 2.33557 -1.73351 1.57575 -1.18359 1.41694 2.1714 0.888866 -2.37794 
0.982552 -1.95932 -1.81182 1.28361 -1.18313 -1.32017 2.3734 -1.73348 1.57244 -1.18542 1.41601 2.17256 0.889857 -2.3698 
1.02794 -1.94923 -1.77798 1.34994 -1.19384 -1.21247 2.41823 -1.7341 1.57919 -1.18212 1.41846 2.17191 0.885834 -2.37967 
1.03832 -1.93671 -1.7518 1.34577 -1.15764 -1.21453 2.41306 -1.73494 1.57877 -1.18254 1.4207 2.16877 0.883352 -2.38203 
1.05113 -1.93041 -1.7333 1.35835 -1.14026 -1.19998 2.42305 -1.73537 1.57937 -1.18214 1.42179 2.16728 0.882091 -2.38503 
1.05873 -1.93209 -1.72475 1.3753 -1.13624 -1.18414 2.44316 -1.73548 1.57791 -1.183 1.42147 2.16738 0.882892 -2.38276 
1.06123 -1.93848 -1.72399 1.39109 -1.14139 -1.16999 2.46641 -1.73469 1.57577 -1.18304 1.42024 2.16591 0.886048 -2.38733 
1.05829 -1.94837 -1.72914 1.40225 -1.15253 -1.16224 2.48541 -1.73438 1.57694 -1.18202 1.4199 2.16581 0.886513 -2.39117 
1.05512 -1.95641 -1.73385 1.40889 -1.16342 -1.16054 2.4886 -1.73482 1.58181 -1.18057 1.42076 2.16873 0.883225 -2.38929 
1.05418 -1.96373 -1.73657 1.41619 -1.17404 -1.15991 2.48196 -1.73485 1.58061 -1.18118 1.42093 2.16808 0.883366 -2.3885 
1.05369 -1.96699 -1.73358 1.42237 -1.19015 -1.16723 2.4716 -1.73395 1.57623 -1.18247 1.41925 2.16668 0.887299 -2.38905 
1.05471 -1.96699 -1.728 1.42493 -1.199 -1.17645 2.45487 -1.73432 1.57866 -1.18175 1.41987 2.16716 0.885535 -2.38987 
1.05663 -1.96699 -1.7285 1.42735 -1.21718 -1.17982 2.42084 -1.73393 1.5795 -1.1821 1.41814 2.16968 0.885826 -2.38529 
1.06221 -1.96529 -1.72872 1.42989 -1.23284 -1.1783 2.37205 -1.73241 1.58132 -1.18078 1.41422 2.17341 0.888762 -2.38534 
1.07052 -1.96252 -1.72748 1.43331 -1.24682 -1.17572 2.31478 -1.73055 1.57624 -1.18207 1.41022 2.17182 0.894671 -2.38842 
1.07915 -1.95966 -1.72621 1.43597 -1.25842 -1.17489 2.25741 -1.72979 1.57303 -1.18427 1.40711 2.17535 0.897067 -2.37627 
1.0904 -1.95534 -1.72381 1.44156 -1.27153 -1.16718 2.20363 -1.72919 1.57206 -1.18408 1.40527 2.17595 0.899405 -2.37705 
1.09562 -1.95436 -1.72494 1.44261 -1.28206 -1.16767 2.1601 -1.72958 1.57502 -1.18194 1.4068 2.17397 0.898264 -2.38706 
1.10401 -1.95147 -1.72429 1.44611 -1.29336 -1.16207 2.11678 -1.7277 1.57681 -1.17946 1.40266 2.17823 0.903001 -2.38993 
1.11072 -1.94949 -1.72465 1.44777 -1.30372 -1.15957 2.0736 -1.7285 1.57475 -1.18065 1.40401 2.17669 0.901019 -2.38648 
1.11445 -1.94868 -1.72527 1.44763 -1.31086 -1.15925 2.04259 -1.72822 1.5742 -1.18132 1.40246 2.17969 0.901201 -2.37845 
1.11756 -1.94881 -1.72707 1.44829 -1.32007 -1.15749 2.01518 -1.72674 1.56943 -1.18295 1.39926 2.18041 0.905041 -2.37326 
1.12173 -1.94753 -1.72872 1.44982 -1.33197 -1.1509 1.98665 -1.7247 1.57184 -1.18063 1.39602 2.18277 0.908022 -2.37894 
1.12737 -1.9431 -1.72646 1.4467 -1.33761 -1.14805 1.94146 -1.72296 1.56647 -1.18239 1.3918 2.18387 0.912801 -2.37354 
1.13173 -1.93842 -1.72372 1.44086 -1.34029 -1.14832 1.89474 -1.72379 1.56749 -1.18269 1.39394 2.18303 0.907614 -2.3696 
1.14637 -1.92536 -1.70826 1.42844 -1.34536 -1.13507 1.78808 -1.73676 1.56905 -1.19069 1.41846 2.17016 0.873889 -2.34238 
1.14419 -1.92363 -1.70555 1.42074 -1.33648 -1.14408 1.7762 -1.72291 1.57558 -1.17947 1.38694 2.19536 0.911044 -2.36199 
1.14026 -1.92468 -1.70755 1.40734 -1.33722 -1.15988 1.72726 -1.71453 1.57689 -1.17419 1.36924 2.20689 0.930913 -2.37278 
1.14922 -1.91122 -1.69666 1.39719 -1.33082 -1.15809 1.65809 -1.70769 1.57665 -1.16993 1.35698 2.2105 0.945352 -2.39083 
1.15243 -1.91044 -1.69762 1.3958 -1.34152 -1.15526 1.61492 -1.70851 1.58044 -1.16869 1.36139 2.20675 0.937171 -2.39632 
1.15484 -1.90648 -1.69499 1.38706 -1.34325 -1.15973 1.55948 -1.70743 1.57847 -1.16913 1.36237 2.20144 0.93502 -2.40287 
1.15579 -1.89933 -1.68889 1.3711 -1.33433 -1.17221 1.49679 -1.70542 1.57314 -1.17145 1.35959 2.20073 0.937839 -2.39789 
1.15502 -1.89483 -1.68535 1.35663 -1.32994 -1.18436 1.43761 -1.70262 1.56892 -1.17395 1.35357 2.20726 0.942463 -2.38044 
1.15193 -1.89496 -1.68621 1.34429 -1.33193 -1.19709 1.38469 -1.7027 1.57472 -1.17193 1.35653 2.20758 0.935244 -2.38166 
1.14584 -1.89633 -1.68761 1.32867 -1.32955 -1.21621 1.33853 -1.70205 1.58038 -1.16715 1.3587 2.20259 0.932854 -2.40476 
1.13943 -1.8971 -1.68809 1.31245 -1.32314 -1.23768 1.29876 -1.70327 1.57991 -1.1684 1.36258 2.1996 0.926288 -2.40132 
1.13407 -1.89977 -1.69013 1.3025 -1.32075 -1.25407 1.27253 -1.70275 1.5808 -1.16684 1.3609 2.20257 0.927011 -2.39912 
1.12858 -1.90242 -1.69257 1.29357 -1.31699 -1.27088 1.25422 -1.70328 1.58292 -1.16449 1.36126 2.20387 0.925536 -2.40103 
1.12498 -1.90689 -1.6967 1.29204 -1.31791 -1.28112 1.25138 -1.7041 1.58462 -1.16178 1.36323 2.20196 0.92368 -2.40936 
1.12281 -1.91183 -1.70103 1.29381 -1.32112 -1.28713 1.25369 -1.70375 1.58357 -1.16039 1.36075 2.2058 0.927193 -2.40619 
1.11982 -1.91639 -1.70498 1.29347 -1.32222 -1.29588 1.25529 -1.7044 1.58591 -1.15742 1.36072 2.20869 0.928173 -2.40814 
1.11049 -1.92197 -1.71077 1.28432 -1.31998 -1.31361 1.25514 -1.70969 1.59917 -1.14816 1.36699 2.21183 0.925498 -2.42651 
1.10575 -1.92406 -1.71329 1.27901 -1.31849 -1.32257 1.25435 -1.71652 1.60465 -1.14331 1.37244 2.21553 0.926302 -2.42986 
1.10347 -1.92565 -1.71508 1.27752 -1.31926 -1.32547 1.25535 -1.72645 1.61734 -1.13608 1.38062 2.22592 0.921926 -2.42413 
1.10451 -1.92399 -1.7135 1.27719 -1.31779 -1.32382 1.25335 -1.73561 1.6291 -1.12855 1.39021 2.23097 0.917172 -2.42887 
1.10219 -1.9216 -1.71643 1.27605 -1.31558 -1.32221 1.2796 -1.74096 1.63257 -1.12397 1.39126 2.23849 0.923421 -2.4278 
1.09592 -1.91979 -1.72356 1.27444 -1.31229 -1.32104 1.33631 -1.7477 1.64245 -1.11696 1.39709 2.24271 0.922197 -2.43617 
1.08213 -1.92793 -1.73893 1.27424 -1.31799 -1.32721 1.40373 -1.75441 1.64641 -1.11597 1.403 2.24777 0.917322 -2.42331 
0.993994 -1.87917 -1.75131 1.19947 -1.21542 -1.29235 1.93986 -1.80412 1.73349 -1.15084 1.54044 2.2322 0.709425 -2.28485 
1.03047 -1.84205 -1.70805 1.2257 -1.19251 -1.2083 1.96259 -1.80808 1.73915 -1.15714 1.55278 2.23308 0.686441 -2.2613 
1.04609 -1.82066 -1.68552 1.23279 -1.17872 -1.17404 1.95803 -1.80672 1.74425 -1.15458 1.55594 2.22118 0.683008 -2.28776 
