1.06059 -1.81057 -1.673 1.20282 -1.1615 -1.19627 1.90437 -1.80733 1.77029 -1.17342 1.55441 2.2217 0.608898 -2.23075 
1.06279 -1.80823 -1.6704 1.2001 -1.15879 -1.19641 1.89872 -1.80404 1.78314 -1.14864 1.53964 2.22837 0.648369 -2.28792 
1.06155 -1.80926 -1.67296 1.19989 -1.16243 -1.19431 1.90123 -1.80127 1.78189 -1.13608 1.52609 2.23037 0.681307 -2.3254 
1.05977 -1.80946 -1.67437 1.19676 -1.16339 -1.19695 1.89792 -1.80027 1.78472 -1.1305 1.52179 2.23402 0.69283 -2.33776 
1.05841 -1.81028 -1.67536 1.19369 -1.16364 -1.20012 1.89514 -1.80455 1.77527 -1.13732 1.52518 2.22933 0.688287 -2.32414 
1.0586 -1.81173 -1.67645 1.19509 -1.16409 -1.2003 1.89991 -1.80271 1.78271 -1.13187 1.52501 2.22503 0.688707 -2.34609 
1.06196 -1.81342 -1.67822 1.20296 -1.16557 -1.19826 1.90812 -1.80236 1.78459 -1.13222 1.52487 2.22442 0.684713 -2.34543 
1.0687 -1.81426 -1.67886 1.2157 -1.16701 -1.19425 1.91432 -1.80415 1.77421 -1.14072 1.52141 2.233 0.684347 -2.30965 
1.07814 -1.81448 -1.67807 1.23253 -1.16683 -1.18931 1.92149 -1.79985 1.78557 -1.13292 1.51835 2.23151 0.686863 -2.3349 
1.08608 -1.8146 -1.67727 1.24647 -1.16641 -1.18537 1.92713 -1.79663 1.7834 -1.13009 1.51268 2.22739 0.696656 -2.35366 
1.09234 -1.81457 -1.67654 1.25736 -1.16609 -1.18223 1.93147 -1.79408 1.78843 -1.12579 1.50954 2.22789 0.700023 -2.36672 
1.09736 -1.81449 -1.67592 1.26601 -1.16576 -1.17978 1.9349 -1.79383 1.79092 -1.12595 1.50898 2.23149 0.696566 -2.3594 
1.10145 -1.8145 -1.67552 1.27308 -1.16545 -1.17772 1.93768 -1.79621 1.78394 -1.13196 1.50863 2.23507 0.693059 -2.33562 
1.10481 -1.81453 -1.6752 1.27897 -1.16518 -1.17605 1.94003 -1.79779 1.78134 -1.13522 1.50913 2.23742 0.689172 -2.32095 
1.10928 -1.8147 -1.67499 1.28686 -1.16521 -1.17388 1.94343 -1.79286 1.78756 -1.1266 1.50177 2.23733 0.701137 -2.34873 
1.11543 -1.8149 -1.67471 1.29755 -1.16506 -1.17115 1.94792 -1.78734 1.79997 -1.11554 1.49566 2.23759 0.709515 -2.38275 
1.12188 -1.81524 -1.67428 1.30908 -1.1649 -1.1678 1.9537 -1.78593 1.79679 -1.11482 1.49054 2.23717 0.716318 -2.38806 
1.12849 -1.8152 -1.6738 1.32079 -1.1647 -1.16388 1.95904 -1.78625 1.79519 -1.11599 1.49008 2.23413 0.714489 -2.38911 
1.13462 -1.81488 -1.67308 1.33104 -1.1645 -1.16087 1.96183 -1.7854 1.79415 -1.11544 1.48605 2.23502 0.717199 -2.38979 
1.13904 -1.81441 -1.67212 1.33825 -1.16377 -1.15878 1.96353 -1.78568 1.79152 -1.11462 1.48469 2.23211 0.719497 -2.39555 
1.14141 -1.81413 -1.6714 1.34193 -1.16282 -1.15811 1.96453 -1.78671 1.7991 -1.11099 1.48879 2.23165 0.712844 -2.4021 
1.14166 -1.8141 -1.67134 1.34227 -1.16266 -1.15807 1.96461 -1.77955 1.81904 -1.09166 1.48449 2.23026 0.724663 -2.4611 
1.32124 -1.85401 -1.78891 1.91077 -1.3888 -0.888858 2.36405 -1.78036 1.81649 -1.09407 1.48508 2.23046 0.723141 -2.45438 
1.26367 -1.83178 -1.72386 1.68072 -1.26171 -1.00402 2.17323 -1.80318 1.92668 -1.09137 1.55883 2.23253 0.585109 -2.4319 
1.26371 -1.83168 -1.72383 1.68072 -1.26159 -1.0039 2.17318 -1.79738 1.96667 -1.07245 1.56471 2.23768 0.57502 -2.46802 
1.26371 -1.83162 -1.7238 1.68072 -1.26162 -1.00391 2.17318 -1.81233 1.9109 -1.10295 1.56568 2.22333 0.58002 -2.41484 
1.26371 -1.8316 -1.72378 1.68072 -1.26163 -1.00392 2.17318 -1.80631 1.89737 -1.1022 1.55676 2.22415 0.594145 -2.41666 
1.26371 -1.83159 -1.72378 1.68072 -1.26163 -1.00392 2.17319 -1.79603 1.88861 -1.09583 1.54642 2.21389 0.612346 -2.4525 
1.26371 -1.83159 -1.72377 1.68072 -1.26163 -1.00392 2.17319 -1.7899 1.86627 -1.10028 1.53544 2.20765 0.629624 -2.45668 
1.26371 -1.83159 -1.72377 1.68072 -1.26163 -1.00392 2.17319 -1.78417 1.84101 -1.10779 1.52567 2.20113 0.642429 -2.45114 
1.26371 -1.83159 -1.72377 1.68072 -1.26163 -1.00392 2.17319 -1.77521 1.82971 -1.10821 1.51581 2.19962 0.652487 -2.4561 
1.26371 -1.83159 -1.72377 1.68072 -1.26163 -1.00392 2.17319 -1.76753 1.80096 -1.11576 1.50212 2.19311 0.672008 -2.45333 
1.26371 -1.83159 -1.72377 1.68072 -1.26163 -1.00392 2.17319 -1.76152 1.76683 -1.1291 1.48941 2.19204 0.687434 -2.42341 
1.26371 -1.83159 -1.72377 1.68072 -1.26163 -1.00392 2.17319 -1.75303 1.74546 -1.13642 1.47637 2.19365 0.700781 -2.40669 
1.26371 -1.83159 -1.72377 1.68072 -1.26163 -1.00392 2.17319 -1.74191 1.7302 -1.13859 1.46212 2.19092 0.716859 -2.41433 
1.26371 -1.83159 -1.72377 1.68072 -1.26163 -1.00392 2.17319 -1.73279 1.71006 -1.14406 1.45378 2.17066 0.728082 -2.44186 
1.26371 -1.83159 -1.72377 1.68072 -1.26163 -1.00392 2.17319 -1.72699 1.68573 -1.15844 1.44279 2.17747 0.734183 -2.39213 
1.26371 -1.83159 -1.72377 1.68072 -1.26163 -1.00392 2.17319 -1.7203 1.67366 -1.1647 1.43375 2.18067 0.738363 -2.37132 
1.26371 -1.83159 -1.72377 1.68072 -1.26163 -1.00392 2.17319 -1.71633 1.66016 -1.17192 1.4269 2.18082 0.743483 -2.35351 
1.26371 -1.83159 -1.72377 1.68072 -1.26163 -1.00392 2.17319 -1.71275 1.66238 -1.17007 1.42097 2.18644 0.749102 -2.35343 
1.26371 -1.83159 -1.72377 1.68072 -1.26163 -1.00392 2.17319 -1.71285 1.67236 -1.16625 1.4257 2.18211 0.740179 -2.36957 
1.26371 -1.83159 -1.72377 1.68072 -1.26163 -1.00392 2.17319 -1.71326 1.67823 -1.16324 1.42759 2.18095 0.736499 -2.37896 
1.26371 -1.83159 -1.72377 1.68072 -1.26163 -1.00392 2.17319 -1.71491 1.68119 -1.16272 1.43058 2.17881 0.732051 -2.38203 
1.26371 -1.83159 -1.72377 1.68072 -1.26164 -1.00392 2.17319 -1.71544 1.67375 -1.16561 1.42705 2.18165 0.739326 -2.37146 
1.26371 -1.83159 -1.72377 1.68072 -1.26163 -1.00392 2.17319 -1.7156 1.67993 -1.16192 1.42709 2.18478 0.738725 -2.37609 
1.26371 -1.83159 -1.72377 1.68072 -1.26163 -1.00392 2.17319 -1.71437 1.68569 -1.15737 1.42676 2.18432 0.739847 -2.39095 
1.13976 -1.83823 -1.68816 1.36486 -1.15305 -1.18687 2.01718 -1.65747 1.54874 -1.18684 1.31162 2.19473 0.936023 -2.40965 
1.12474 -1.83881 -1.68636 1.32943 -1.14545 -1.20584 2.00191 -1.67109 1.5329 -1.20501 1.34262 2.17234 0.900352 -2.36226 
1.12317 -1.83887 -1.6862 1.32579 -1.14456 -1.2078 2.00032 -1.67564 1.52251 -1.21448 1.35295 2.16296 0.887919 -2.33881 
1.12298 -1.83893 -1.68622 1.3254 -1.14449 -1.20809 2.00022 -1.67752 1.51517 -1.22072 1.35567 2.16162 0.883849 -2.31645 
1.12293 -1.83886 -1.68614 1.32526 -1.14443 -1.20822 2.00015 -1.67765 1.50893 -1.22443 1.35465 2.16124 0.885949 -2.3053 
1.12288 -1.83898 -1.68624 1.32521 -1.14436 -1.20829 2.00017 -1.67856 1.51179 -1.22326 1.35491 2.16451 0.883972 -2.30031 
1.12283 -1.83908 -1.6863 1.32518 -1.14437 -1.20839 2.0002 -1.67995 1.51875 -1.21936 1.35577 2.16853 0.881866 -2.30322 
1.12282 -1.83903 -1.68624 1.32512 -1.14433 -1.20849 2.00017 -1.68379 1.52481 -1.21563 1.36276 2.16552 0.875402 -2.31457 
1.12292 -1.83905 -1.68629 1.32533 -1.14463 -1.20812 2.00018 -1.68753 1.53146 -1.21117 1.36806 2.16545 0.873049 -2.32571 
1.12303 -1.83929 -1.6865 1.32584 -1.14534 -1.20746 2.00057 -1.68904 1.53108 -1.20941 1.36601 2.17014 0.882637 -2.32788 
1.12317 -1.83947 -1.68669 1.32636 -1.14593 -1.20675 2.00097 -1.69302 1.53611 -1.2052 1.36927 2.17154 0.886469 -2.34043 
1.12325 -1.83985 -1.68698 1.32691 -1.14652 -1.20621 2.00172 -1.69722 1.53868 -1.20377 1.37145 2.17769 0.888958 -2.33277 
1.12338 -1.84 -1.68713 1.32735 -1.147 -1.20564 2.00213 -1.70412 1.54393 -1.20184 1.38056 2.17548 0.883125 -2.33755 
1.12351 -1.83993 -1.68711 1.32757 -1.14725 -1.20524 2.00217 -1.70836 1.54935 -1.19908 1.38392 2.17892 0.883467 -2.33958 
1.12354 -1.83993 -1.68711 1.3276 -1.14724 -1.20517 2.00214 -1.70993 1.55553 -1.19454 1.38156 2.18853 0.89043 -2.33997 
1.12363 -1.83974 -1.68701 1.32761 -1.14712 -1.20501 2.00196 -1.71145 1.5522 -1.19446 1.38057 2.18795 0.897876 -2.3449 
1.12362 -1.83977 -1.68703 1.3276 -1.1471 -1.20504 2.00201 -1.7151 1.55668 -1.19063 1.38282 2.18964 0.90146 -2.35474 
1.12369 -1.83967 -1.68698 1.32767 -1.14713 -1.20484 2.00194 -1.72022 1.56606 -1.18537 1.39016 2.18724 0.896721 -2.37185 
1.12378 -1.83957 -1.68695 1.32777 -1.14717 -1.20457 2.00188 -1.7228 1.56844 -1.18305 1.39243 2.18652 0.898344 -2.38048 
1.12387 -1.83945 -1.6869 1.3278 -1.14711 -1.20442 2.00181 -1.72493 1.5674 -1.18348 1.38982 2.19391 0.906044 -2.36952 
1.12396 -1.83943 -1.68693 1.32799 -1.14734 -1.204 2.00176 -1.72844 1.5698 -1.18288 1.39438 2.18895 0.902636 -2.3786 
1.12396 -1.83931 -1.68686 1.32781 -1.14697 -1.20416 2.00157 -1.73088 1.57114 -1.18394 1.39716 2.18744 0.898118 -2.37602 
1.12393 -1.83901 -1.68666 1.32739 -1.14622 -1.20456 2.00107 -1.73124 1.5727 -1.18352 1.39845 2.1849 0.894291 -2.37949 
1.12384 -1.83871 -1.68644 1.32687 -1.14558 -1.2051 2.00043 -1.73233 1.57153 -1.18563 1.39944 2.18413 0.890582 -2.37179 
1.12381 -1.83823 -1.68609 1.32633 -1.1449 -1.20555 1.99962 -1.73068 1.56728 -1.18734 1.39566 2.18431 0.894595 -2.36857 
1.12375 -1.83801 -1.68591 1.32605 -1.14461 -1.20585 1.99926 -1.72962 1.56441 -1.1884 1.39278 2.18445 0.89735 -2.36677 
1.12377 -1.83807 -1.68596 1.32618 -1.14468 -1.20572 1.99952 -1.72764 1.56279 -1.18794 1.38921 2.18367 0.902588 -2.37372 
1.12396 -1.83802 -1.68598 1.32663 -1.14499 -1.20507 2 -1.72879 1.5642 -1.18779 1.39156 2.18206 0.90008 -2.37566 
1.12411 -1.83806 -1.68605 1.32705 -1.14532 -1.20448 2.00042 -1.7298 1.56487 -1.1885 1.39259 2.18197 0.898179 -2.37281 
1.12425 -1.83796 -1.68601 1.32734 -1.14555 -1.20405 2.00059 -1.73021 1.56669 -1.18816 1.39182 2.18498 0.898356 -2.36918 
1.12552 -1.8367 -1.68625 1.32907 -1.15157 -1.19641 1.99488 -1.73265 1.57408 -1.18595 1.39509 2.185 0.894172 -2.37555 
1.12564 -1.83661 -1.6863 1.32925 -1.15208 -1.19569 1.9944 -1.73346 1.57457 -1.18619 1.39633 2.18405 0.89352 -2.37683 
1.12281 -1.83911 -1.6888 1.32701 -1.15173 -1.19523 2.01044 -1.73334 1.57371 -1.18643 1.39596 2.1845 0.894745 -2.37587 
1.11829 -1.84219 -1.69198 1.32238 -1.15091 -1.19634 2.02807 -1.73294 1.5692 -1.18893 1.39406 2.18743 0.896374 -2.36232 
1.1125 -1.84524 -1.69552 1.31563 -1.15003 -1.19823 2.0461 -1.73238 1.57155 -1.18847 1.39217 2.19339 0.896158 -2.3529 
1.10607 -1.8485 -1.69933 1.30817 -1.1492 -1.20063 2.06451 -1.73223 1.57254 -1.18777 1.39211 2.1933 0.895858 -2.35513 
1.09956 -1.8517 -1.70317 1.30057 -1.14828 -1.20319 2.08307 -1.73098 1.56852 -1.18825 1.38994 2.19118 0.900737 -2.36038 
1.09323 -1.85492 -1.70712 1.29327 -1.14728 -1.20566 2.10187 -1.73062 1.57042 -1.18724 1.38931 2.19248 0.901257 -2.36217 
1.08725 -1.85813 -1.71075 1.28611 -1.14615 -1.20814 2.12 -1.73143 1.57191 -1.18676 1.39179 2.18999 0.898112 -2.36625 
1.08143 -1.86144 -1.71424 1.27902 -1.1452 -1.21075 2.13801 -1.73102 1.57064 -1.18713 1.39118 2.18898 0.899612 -2.36831 
1.07566 -1.86451 -1.71745 1.27157 -1.14384 -1.21357 2.15538 -1.73134 1.57052 -1.1877 1.39149 2.1897 0.898677 -2.36433 
1.06978 -1.86768 -1.72073 1.26389 -1.14232 -1.21662 2.17282 -1.73135 1.57483 -1.18632 1.39034 2.19529 0.897673 -2.35844 
1.06405 -1.87056 -1.7238 1.25623 -1.1406 -1.21957 2.18994 -1.73069 1.5772 -1.1843 1.38973 2.19539 0.898582 -2.36543 
1.05945 -1.87319 -1.72627 1.25046 -1.139 -1.2219 2.20581 -1.73033 1.57431 -1.18557 1.38885 2.19481 0.900354 -2.36332 
1.05969 -1.8739 -1.72527 1.25063 -1.13725 -1.22327 2.20696 -1.73011 1.56851 -1.18889 1.3874 2.19506 0.902923 -2.35373 
1.0631 -1.87418 -1.72324 1.25606 -1.13619 -1.22109 2.20832 -1.73108 1.56999 -1.18803 1.39028 2.19098 0.899847 -2.36174 
1.06811 -1.87456 -1.7208 1.26423 -1.1354 -1.21738 2.20972 -1.73143 1.57239 -1.18649 1.39137 2.19019 0.89811 -2.36686 
1.07434 -1.87477 -1.718 1.27436 -1.13471 -1.21283 2.21092 -1.73093 1.56966 -1.18845 1.38874 2.19444 0.900793 -2.35428 
1.08082 -1.8748 -1.71498 1.28467 -1.13409 -1.20801 2.21178 -1.73052 1.57503 -1.18511 1.38956 2.1932 0.900017 -2.36811 
1.08677 -1.87891 -1.71276 1.29997 -1.13242 -1.20263 2.2283 -1.73081 1.5756 -1.18551 1.38952 2.19557 0.898897 -2.36172 
1.09062 -1.88614 -1.71217 1.31703 -1.13053 -1.19645 2.25843 -1.73162 1.57533 -1.18565 1.39202 2.19185 0.896301 -2.36558 
1.09135 -1.89488 -1.71375 1.33276 -1.12973 -1.1902 2.29639 -1.73105 1.57522 -1.18556 1.39042 2.1943 0.898022 -2.36226 
1.02859 -1.93496 -1.75966 1.29495 -1.13897 -1.2729 2.34156 -1.73143 1.57418 -1.18661 1.39044 2.19534 0.897584 -2.35625 
1.02371 -1.94027 -1.76121 1.30258 -1.14016 -1.26695 2.36946 -1.73203 1.57491 -1.18617 1.39191 2.19358 0.89603 -2.35937 
1.03812 -1.93901 -1.75048 1.32879 -1.14153 -1.23222 2.39529 -1.73258 1.57196 -1.1875 1.39334 2.19034 0.8952 -2.3599 
1.05124 -1.93844 -1.73967 1.35245 -1.14035 -1.20358 2.41796 -1.73301 1.57448 -1.1863 1.39448 2.18995 0.893361 -2.36324 
1.0576 -1.94188 -1.73534 1.36975 -1.14313 -1.18511 2.4392 -1.73234 1.57499 -1.18606 1.39343 2.19122 0.89447 -2.36303 
1.0585 -1.94734 -1.73593 1.38029 -1.14946 -1.17582 2.45192 -1.73172 1.57335 -1.18609 1.39282 2.18912 0.896757 -2.36833 
1.05659 -1.95532 -1.73921 1.38849 -1.1593 -1.1726 2.45621 -1.73196 1.57349 -1.18581 1.39343 2.18763 0.896282 -2.37173 
1.05385 -1.96557 -1.74432 1.39788 -1.17315 -1.172 2.45326 -1.73243 1.57576 -1.18488 1.39509 2.18663 0.893983 -2.37527 
1.0543 -1.96699 -1.73912 1.40236 -1.18509 -1.1805 2.43967 -1.73321 1.57734 -1.1849 1.39642 2.18702 0.89163 -2.37301 
1.05336 -1.96699 -1.733 1.40709 -1.20633 -1.19384 2.42922 -1.73289 1.57632 -1.18609 1.39441 2.1912 0.892665 -2.36218 
1.05826 -1.96604 -1.73258 1.40976 -1.21895 -1.19231 2.389 -1.73151 1.58054 -1.18354 1.39137 2.19424 0.894858 -2.3678 
1.06498 -1.96287 -1.73172 1.41199 -1.23268 -1.1878 2.33957 -1.72923 1.57891 -1.18279 1.38677 2.19394 0.900899 -2.37562 
1.07377 -1.9592 -1.72977 1.41508 -1.24566 -1.1836 2.28288 -1.72756 1.57811 -1.18207 1.38362 2.19302 0.904428 -2.38219 
1.08198 -1.95539 -1.72725 1.41488 -1.25392 -1.18593 2.22145 -1.72664 1.57788 -1.18206 1.38133 2.19459 0.90665 -2.38115 
1.09004 -1.95326 -1.7271 1.41936 -1.2663 -1.18115 2.1772 -1.72594 1.57241 -1.18375 1.37918 2.19252 0.911189 -2.38148 
1.09797 -1.95158 -1.72768 1.4243 -1.28086 -1.1746 2.13321 -1.72537 1.56955 -1.18523 1.37635 2.19686 0.914475 -2.36955 
1.10536 -1.94947 -1.7279 1.4271 -1.29281 -1.17025 2.08907 -1.72523 1.57071 -1.18465 1.37565 2.19946 0.913881 -2.36563 
1.11134 -1.94836 -1.72893 1.42824 -1.30392 -1.16829 2.04607 -1.72567 1.57022 -1.18485 1.37656 2.1988 0.912319 -2.36441 
1.11483 -1.94785 -1.72995 1.42722 -1.31135 -1.16903 2.01147 -1.72523 1.57101 -1.18433 1.37539 2.20058 0.912388 -2.36225 
1.11673 -1.94803 -1.73141 1.42533 -1.31751 -1.17109 1.98177 -1.72435 1.57089 -1.18424 1.37368 2.20178 0.913218 -2.36055 
1.11889 -1.94884 -1.73528 1.42638 -1.33103 -1.16709 1.9536 -1.72267 1.56543 -1.18584 1.37039 2.20053 0.917591 -2.35985 
1.12147 -1.94793 -1.73653 1.42328 -1.34017 -1.16673 1.91285 -1.72203 1.56573 -1.18562 1.36894 2.20211 0.917151 -2.35699 
1.12533 -1.94342 -1.73409 1.4161 -1.34278 -1.16783 1.86275 -1.72201 1.56252 -1.18798 1.36831 2.20319 0.915613 -2.34549 
1.13971 -1.92593 -1.71206 1.39938 -1.32744 -1.16413 1.76916 -1.72483 1.55421 -1.19114 1.37468 2.19311 0.909689 -2.3445 
1.13259 -1.93177 -1.71684 1.39377 -1.32753 -1.17649 1.76947 -1.70848 1.56232 -1.17667 1.3403 2.213 0.951503 -2.38788 
1.13533 -1.9262 -1.71277 1.38404 -1.32656 -1.1809 1.71774 -1.69833 1.56296 -1.17126 1.31841 2.22681 0.975726 -2.39846 
1.13972 -1.9198 -1.70793 1.37532 -1.32538 -1.18433 1.66104 -1.6944 1.55878 -1.17107 1.31188 2.22508 0.98343 -2.40783 
1.14029 -1.91498 -1.70422 1.36099 -1.32134 -1.19693 1.59741 -1.69537 1.56043 -1.17071 1.31679 2.22037 0.975729 -2.41241 
1.1379 -1.91426 -1.70439 1.34811 -1.32235 -1.21046 1.54189 -1.69293 1.55515 -1.17416 1.31211 2.22434 0.978416 -2.39515 
1.13606 -1.91563 -1.70664 1.33936 -1.32922 -1.21894 1.49303 -1.69225 1.55243 -1.17579 1.31295 2.2213 0.976104 -2.39352 
1.13278 -1.91432 -1.70643 1.32372 -1.3283 -1.2347 1.43381 -1.69068 1.55786 -1.17126 1.31361 2.21805 0.973731 -2.41319 
1.12595 -1.91702 -1.71 1.30852 -1.32992 -1.25347 1.3835 -1.69039 1.56067 -1.17075 1.31476 2.21971 0.969802 -2.41012 
1.11523 -1.92304 -1.71692 1.2918 -1.33253 -1.27766 1.34097 -1.68762 1.55759 -1.17092 1.31002 2.22108 0.975981 -2.41113 
1.10347 -1.9282 -1.72286 1.27301 -1.32978 -1.30613 1.30347 -1.68822 1.55967 -1.17016 1.31274 2.22024 0.970193 -2.41012 
1.09113 -1.93417 -1.73001 1.25625 -1.32792 -1.33455 1.27379 -1.68875 1.56277 -1.16752 1.314 2.22057 0.966974 -2.41432 
1.08363 -1.93973 -1.73644 1.24946 -1.33017 -1.3509 1.26109 -1.68894 1.56348 -1.16507 1.31441 2.21832 0.967165 -2.42468 
1.12616 -1.90491 -1.6987 1.27073 -1.30845 -1.29222 1.2392 -1.68864 1.5659 -1.16321 1.31144 2.2265 0.968744 -2.41428 
1.13226 -1.90078 -1.69426 1.2748 -1.30528 -1.28681 1.23433 -1.69045 1.56725 -1.1613 1.31546 2.22331 0.964632 -2.42116 
1.13353 -1.90047 -1.69357 1.27597 -1.30401 -1.28737 1.23337 -1.6931 1.57207 -1.15741 1.32073 2.22148 0.95898 -2.43059 
1.13321 -1.90073 -1.69387 1.27573 -1.30377 -1.28851 1.23328 -1.69838 1.57815 -1.15127 1.32508 2.22545 0.959693 -2.43736 
1.13328 -1.90062 -1.6938 1.2758 -1.30376 -1.28844 1.23322 -1.70655 1.58755 -1.14345 1.33111 2.23281 0.960234 -2.44135 
1.13331 -1.90056 -1.6938 1.27577 -1.30359 -1.2884 1.2332 -1.71291 1.60087 -1.1341 1.33454 2.24402 0.96093 -2.44531 
1.1334 -1.90051 -1.69378 1.27587 -1.30364 -1.2882 1.23321 -1.72065 1.60867 -1.12839 1.33883 2.25424 0.962042 -2.4387 
1.13001 -1.8993 -1.69776 1.27407 -1.30181 -1.288 1.25975 -1.72732 1.62033 -1.1199 1.34477 2.25831 0.961599 -2.45258 
1.1237 -1.89942 -1.70503 1.27274 -1.29955 -1.2882 1.31027 -1.7339 1.62499 -1.11666 1.3489 2.26523 0.961608 -2.44484 
1.11595 -1.90054 -1.71312 1.27156 -1.29535 -1.28975 1.37315 -1.74154 1.63334 -1.11379 1.35801 2.26977 0.951879 -2.43529 
1.01033 -1.86659 -1.73736 1.18125 -1.19301 -1.27945 1.90435 -1.79831 1.70893 -1.15074 1.50086 2.25395 0.746345 -2.28193 
