1.12286 -1.97117 -1.71061 1.46892 -1.20429 -1.17754 2.2269 -1.1103 0.609337 0.0656645 -1.37593 -1.96223 -1.13301 -0.473288 
1.10383 -1.96672 -1.71162 1.44324 -1.20487 -1.19104 2.22442 -1.11086 0.606552 0.0662771 -1.38232 -1.96054 -1.13132 -0.477196 
1.10166 -1.96699 -1.71009 1.43943 -1.20605 -1.19914 2.22736 -1.11086 0.606549 0.0662777 -1.38233 -1.96054 -1.13132 -0.4772 
1.09962 -1.96699 -1.71072 1.43696 -1.20598 -1.20319 2.22826 -1.11086 0.606549 0.0662777 -1.38233 -1.96054 -1.13132 -0.4772 
1.09888 -1.96699 -1.71134 1.43705 -1.20831 -1.20405 2.23017 -1.11086 0.606549 0.0662777 -1.38233 -1.96054 -1.13132 -0.4772 
1.09963 -1.96699 -1.71153 1.43859 -1.21007 -1.20103 2.23051 -1.11086 0.606549 0.0662777 -1.38233 -1.96054 -1.13132 -0.4772 
1.09888 -1.96699 -1.71083 1.43851 -1.21248 -1.20378 2.23196 -1.11086 0.606549 0.0662777 -1.38233 -1.96054 -1.13132 -0.4772 
1.09924 -1.96595 -1.70995 1.43694 -1.2091 -1.20457 2.22992 -1.11086 0.606549 0.0662777 -1.38233 -1.96054 -1.13132 -0.4772 
1.09845 -1.96695 -1.71138 1.43757 -1.21092 -1.20395 2.23177 -1.11086 0.606549 0.0662777 -1.38233 -1.96054 -1.13132 -0.4772 
1.09899 -1.96594 -1.71036 1.43666 -1.20921 -1.20463 2.22962 -1.11086 0.606549 0.0662777 -1.38233 -1.96054 -1.13132 -0.4772 
1.09867 -1.96643 -1.71089 1.43749 -1.21028 -1.20378 2.23102 -1.11086 0.606549 0.0662777 -1.38233 -1.96054 -1.13132 -0.4772 
1.09889 -1.96594 -1.71045 1.43698 -1.20934 -1.20453 2.22987 -1.11086 0.606549 0.0662777 -1.38233 -1.96054 -1.13132 -0.4772 
1.09993 -1.96545 -1.70984 1.43827 -1.20982 -1.20193 2.23062 -1.11086 0.606549 0.0662777 -1.38233 -1.96054 -1.13132 -0.4772 
1.09817 -1.96699 -1.71125 1.43762 -1.21127 -1.20501 2.23224 -1.11086 0.606549 0.0662777 -1.38233 -1.96054 -1.13132 -0.4772 
1.0996 -1.9653 -1.70971 1.43732 -1.20888 -1.20329 2.22977 -1.11086 0.606549 0.0662777 -1.38233 -1.96054 -1.13132 -0.4772 
1.09849 -1.96637 -1.71082 1.43713 -1.20978 -1.20432 2.23115 -1.11086 0.606549 0.0662777 -1.38233 -1.96054 -1.13132 -0.4772 
1.0994 -1.96528 -1.70984 1.43684 -1.20869 -1.20379 2.22975 -1.11086 0.606549 0.0662777 -1.38233 -1.96054 -1.13132 -0.4772 
1.09825 -1.96582 -1.70994 1.43509 -1.20724 -1.20701 2.2282 -1.11086 0.606549 0.0662777 -1.38233 -1.96054 -1.13132 -0.4772 
1.09698 -1.96668 -1.71068 1.43385 -1.2064 -1.20996 2.22816 -1.11086 0.606549 0.0662777 -1.38233 -1.96054 -1.13132 -0.4772 
1.09796 -1.96687 -1.71143 1.43673 -1.20979 -1.20548 2.23075 -1.11086 0.606549 0.0662777 -1.38233 -1.96054 -1.13132 -0.4772 
1.09875 -1.96696 -1.71108 1.43783 -1.21078 -1.20364 2.23162 -1.11086 0.606549 0.0662777 -1.38233 -1.96054 -1.13132 -0.4772 
1.09966 -1.96587 -1.71013 1.43802 -1.21005 -1.2026 2.23067 -1.11086 0.606549 0.0662777 -1.38233 -1.96054 -1.13132 -0.4772 
1.09909 -1.96588 -1.71016 1.43708 -1.20933 -1.20384 2.23029 -1.11086 0.606549 0.0662777 -1.38233 -1.96054 -1.13132 -0.4772 
1.09971 -1.96521 -1.70926 1.43684 -1.20812 -1.20434 2.22913 -1.11086 0.606549 0.0662777 -1.38233 -1.96054 -1.13132 -0.4772 
1.09673 -1.96699 -1.71096 1.43491 -1.20941 -1.21019 2.22986 -1.11086 0.606549 0.0662777 -1.38233 -1.96054 -1.13132 -0.4772 
1.09891 -1.96561 -1.70979 1.4368 -1.20938 -1.20546 2.2304 -1.11086 0.606549 0.0662777 -1.38233 -1.96054 -1.13132 -0.4772 
1.09976 -1.96578 -1.70996 1.43857 -1.21119 -1.20254 2.23185 -1.11086 0.606549 0.0662777 -1.38233 -1.96054 -1.13132 -0.4772 
1.09989 -1.96638 -1.7103 1.43947 -1.2124 -1.20152 2.23257 -1.11086 0.606549 0.0662777 -1.38233 -1.96054 -1.13132 -0.4772 
1.10004 -1.96572 -1.70976 1.43893 -1.21168 -1.20184 2.23189 -1.11086 0.606549 0.0662777 -1.38233 -1.96054 -1.13132 -0.4772 
1.09897 -1.96699 -1.71115 1.43889 -1.21313 -1.20291 2.23299 -1.11086 0.606549 0.0662777 -1.38233 -1.96054 -1.13132 -0.4772 
1.10024 -1.96485 -1.70887 1.43766 -1.20979 -1.20297 2.22963 -1.11086 0.606549 0.0662777 -1.38233 -1.96054 -1.13132 -0.4772 
1.09927 -1.96656 -1.71054 1.43849 -1.2118 -1.20283 2.23264 -1.11086 0.606549 0.0662777 -1.38233 -1.96054 -1.13132 -0.4772 
1.09923 -1.96618 -1.71044 1.43847 -1.21156 -1.20265 2.23202 -1.11086 0.606549 0.0662777 -1.38233 -1.96054 -1.13132 -0.4772 
1.09901 -1.96667 -1.71086 1.43863 -1.21222 -1.20282 2.23246 -1.11086 0.606549 0.0662777 -1.38233 -1.96054 -1.13132 -0.4772 
1.09809 -1.96685 -1.71131 1.43758 -1.21166 -1.20459 2.23221 -1.11086 0.606549 0.0662777 -1.38233 -1.96054 -1.13132 -0.4772 
1.09783 -1.96626 -1.71078 1.43606 -1.20967 -1.20687 2.23039 -1.11086 0.606549 0.0662777 -1.38233 -1.96054 -1.13132 -0.4772 
1.09881 -1.96632 -1.7103 1.4373 -1.21045 -1.20522 2.23063 -1.11086 0.606549 0.0662777 -1.38233 -1.96054 -1.13132 -0.4772 
1.09815 -1.96637 -1.71046 1.43638 -1.20975 -1.20669 2.23013 -1.11086 0.606549 0.0662777 -1.38233 -1.96054 -1.13132 -0.4772 
1.09815 -1.96699 -1.7111 1.43757 -1.21183 -1.20567 2.23202 -1.11086 0.606549 0.0662777 -1.38233 -1.96054 -1.13132 -0.4772 
1.09894 -1.96699 -1.71105 1.43933 -1.21376 -1.20278 2.23379 -1.11086 0.606549 0.0662777 -1.38233 -1.96054 -1.13132 -0.4772 
1.09818 -1.96698 -1.71034 1.43733 -1.21126 -1.20631 2.23225 -1.11086 0.606549 0.0662777 -1.38233 -1.96054 -1.13132 -0.4772 
