1.12226 -1.89434 -1.74041 1.49917 -1.19649 -0.970427 2.11185 -1.11046 0.608541 0.0658396 -1.37776 -1.96175 -1.13253 -0.474404 
1.09613 -1.88125 -1.7383 1.45045 -1.17733 -1.00234 2.07799 -1.11086 0.60655 0.0662776 -1.38233 -1.96054 -1.13132 -0.4772 
1.09352 -1.88394 -1.74 1.4474 -1.17737 -1.00578 2.0814 -1.11086 0.606549 0.0662777 -1.38233 -1.96054 -1.13132 -0.4772 
1.09368 -1.88251 -1.73816 1.4445 -1.17289 -1.01071 2.07679 -1.11086 0.606549 0.0662777 -1.38233 -1.96054 -1.13132 -0.4772 
1.09299 -1.88279 -1.73865 1.44373 -1.17218 -1.01287 2.07646 -1.11086 0.606549 0.0662777 -1.38233 -1.96054 -1.13132 -0.4772 
1.09329 -1.8836 -1.73956 1.4453 -1.17394 -1.01198 2.07761 -1.11086 0.606549 0.0662777 -1.38233 -1.96054 -1.13132 -0.4772 
1.09592 -1.88207 -1.7384 1.44574 -1.17446 -1.01052 2.07256 -1.11086 0.606549 0.0662777 -1.38233 -1.96054 -1.13132 -0.4772 
1.09918 -1.88033 -1.73654 1.44607 -1.17389 -1.00939 2.06629 -1.11086 0.606549 0.0662777 -1.38233 -1.96054 -1.13132 -0.4772 
1.10178 -1.8799 -1.73526 1.44677 -1.17281 -1.00911 2.06441 -1.11086 0.606549 0.0662777 -1.38233 -1.96054 -1.13132 -0.4772 
1.10473 -1.88086 -1.73441 1.44955 -1.17206 -1.00928 2.06442 -1.11086 0.606549 0.0662777 -1.38233 -1.96054 -1.13132 -0.4772 
1.10789 -1.88073 -1.7331 1.4526 -1.17042 -1.01034 2.06241 -1.11086 0.606549 0.0662777 -1.38233 -1.96054 -1.13132 -0.4772 
1.11223 -1.87919 -1.73072 1.4567 -1.16893 -1.00861 2.05986 -1.11086 0.606549 0.0662777 -1.38233 -1.96054 -1.13132 -0.4772 
1.11482 -1.87943 -1.73025 1.46042 -1.16975 -1.00701 2.05905 -1.11086 0.606549 0.0662777 -1.38233 -1.96054 -1.13132 -0.4772 
1.11631 -1.88149 -1.73111 1.46378 -1.17168 -1.00604 2.06073 -1.11086 0.606549 0.0662777 -1.38233 -1.96054 -1.13132 -0.4772 
1.11769 -1.88211 -1.73072 1.46567 -1.17165 -1.00644 2.06024 -1.11086 0.606549 0.0662777 -1.38233 -1.96054 -1.13132 -0.4772 
1.11929 -1.88142 -1.7293 1.46652 -1.16974 -1.0073 2.05834 -1.11086 0.606549 0.0662777 -1.38233 -1.96054 -1.13132 -0.4772 
1.12072 -1.88101 -1.72856 1.46786 -1.16932 -1.0068 2.05756 -1.11086 0.606549 0.0662777 -1.38233 -1.96054 -1.13132 -0.4772 
1.12139 -1.88141 -1.72862 1.46907 -1.16969 -1.00641 2.05803 -1.11086 0.606549 0.0662777 -1.38233 -1.96054 -1.13132 -0.4772 
1.12273 -1.88077 -1.72786 1.47 -1.16941 -1.00618 2.05631 -1.11086 0.606549 0.0662777 -1.38233 -1.96054 -1.13132 -0.4772 
1.12461 -1.88029 -1.72706 1.47186 -1.16973 -1.00418 2.05521 -1.11086 0.606549 0.0662777 -1.38233 -1.96054 -1.13132 -0.4772 
1.12433 -1.88215 -1.72809 1.47294 -1.1706 -1.00488 2.05774 -1.11086 0.606549 0.0662777 -1.38233 -1.96054 -1.13132 -0.4772 
1.12581 -1.88067 -1.72665 1.47384 -1.16974 -1.0035 2.05562 -1.11086 0.606549 0.0662777 -1.38233 -1.96054 -1.13132 -0.4772 
1.12691 -1.87913 -1.72505 1.47355 -1.16751 -1.00398 2.053 -1.11086 0.606549 0.0662777 -1.38233 -1.96054 -1.13132 -0.4772 
1.12692 -1.88029 -1.72548 1.47417 -1.16773 -1.00508 2.05394 -1.11086 0.606549 0.0662777 -1.38233 -1.96054 -1.13132 -0.4772 
1.12818 -1.87934 -1.72458 1.47479 -1.16705 -1.00434 2.05205 -1.11086 0.606549 0.0662777 -1.38233 -1.96054 -1.13132 -0.4772 
1.12849 -1.87911 -1.72445 1.47511 -1.16682 -1.00428 2.0517 -1.11086 0.606549 0.0662777 -1.38233 -1.96054 -1.13132 -0.4772 
1.12893 -1.88034 -1.72506 1.47625 -1.16806 -1.00424 2.05244 -1.11086 0.606549 0.0662777 -1.38233 -1.96054 -1.13132 -0.4772 
1.12902 -1.88203 -1.72589 1.47758 -1.16935 -1.00378 2.05478 -1.11086 0.606549 0.0662777 -1.38233 -1.96054 -1.13132 -0.4772 
1.13111 -1.88062 -1.72468 1.47889 -1.1686 -1.00311 2.05248 -1.11086 0.606549 0.0662777 -1.38233 -1.96054 -1.13132 -0.4772 
1.13363 -1.87943 -1.72316 1.48049 -1.16745 -1.00223 2.05061 -1.11086 0.606549 0.0662777 -1.38233 -1.96054 -1.13132 -0.4772 
1.13532 -1.88019 -1.7229 1.48317 -1.16855 -1.00117 2.05045 -1.11086 0.606549 0.0662777 -1.38233 -1.96054 -1.13132 -0.4772 
1.13575 -1.88126 -1.72269 1.48387 -1.16756 -1.00322 2.05011 -1.11086 0.606549 0.0662777 -1.38233 -1.96054 -1.13132 -0.4772 
1.13656 -1.88143 -1.72298 1.48582 -1.16853 -1.00172 2.05111 -1.11086 0.606549 0.0662777 -1.38233 -1.96054 -1.13132 -0.4772 
1.13699 -1.88204 -1.72342 1.48718 -1.16919 -1.00166 2.05185 -1.11086 0.606549 0.0662777 -1.38233 -1.96054 -1.13132 -0.4772 
1.13853 -1.88122 -1.72269 1.48871 -1.16905 -1.00063 2.05043 -1.11086 0.606549 0.0662777 -1.38233 -1.96054 -1.13132 -0.4772 
1.13914 -1.8805 -1.722 1.48853 -1.16815 -1.00125 2.04863 -1.11086 0.606549 0.0662777 -1.38233 -1.96054 -1.13132 -0.4772 
1.13859 -1.8817 -1.72274 1.48839 -1.16842 -1.00246 2.04946 -1.11086 0.606549 0.0662777 -1.38233 -1.96054 -1.13132 -0.4772 
1.13882 -1.88188 -1.72246 1.48868 -1.16844 -1.00228 2.04966 -1.11086 0.606549 0.0662777 -1.38233 -1.96054 -1.13132 -0.4772 
1.13807 -1.88211 -1.72213 1.48718 -1.16622 -1.00543 2.0491 -1.11086 0.606549 0.0662777 -1.38233 -1.96054 -1.13132 -0.4772 
1.13758 -1.88266 -1.72262 1.48695 -1.16636 -1.00615 2.04985 -1.11086 0.606549 0.0662777 -1.38233 -1.96054 -1.13132 -0.4772 
1.13804 -1.88275 -1.72238 1.48767 -1.16691 -1.00489 2.04994 -1.11086 0.606549 0.0662777 -1.38233 -1.96054 -1.13132 -0.4772 
1.13799 -1.88251 -1.72207 1.48724 -1.16609 -1.0062 2.04949 -1.11086 0.606549 0.0662777 -1.38233 -1.96054 -1.13132 -0.4772 
1.13741 -1.88286 -1.72174 1.48599 -1.16433 -1.00872 2.04916 -1.11086 0.606549 0.0662777 -1.38233 -1.96054 -1.13132 -0.4772 
1.13776 -1.88249 -1.72167 1.48636 -1.16516 -1.00739 2.04896 -1.11086 0.606549 0.0662777 -1.38233 -1.96054 -1.13132 -0.4772 
1.13771 -1.88248 -1.7216 1.48644 -1.16557 -1.00673 2.04893 -1.11086 0.606549 0.0662777 -1.38233 -1.96054 -1.13132 -0.4772 
1.13771 -1.88264 -1.72171 1.48655 -1.1653 -1.00687 2.04972 -1.11086 0.606549 0.0662777 -1.38233 -1.96054 -1.13132 -0.4772 
1.13831 -1.88219 -1.72145 1.4873 -1.16628 -1.0047 2.04928 -1.11086 0.606549 0.0662777 -1.38233 -1.96054 -1.13132 -0.4772 
1.13843 -1.88269 -1.72235 1.48851 -1.16819 -1.00262 2.05051 -1.11086 0.606549 0.0662777 -1.38233 -1.96054 -1.13132 -0.4772 
1.13825 -1.88223 -1.72186 1.48738 -1.16645 -1.00453 2.04953 -1.11086 0.606549 0.0662777 -1.38233 -1.96054 -1.13132 -0.4772 
1.13815 -1.88227 -1.7215 1.48679 -1.16511 -1.00618 2.04881 -1.11086 0.606549 0.0662777 -1.38233 -1.96054 -1.13132 -0.4772 
1.13863 -1.88185 -1.72149 1.48761 -1.16594 -1.00476 2.04886 -1.11086 0.606549 0.0662777 -1.38233 -1.96054 -1.13132 -0.4772 
1.13812 -1.88272 -1.7225 1.48823 -1.16774 -1.0037 2.04979 -1.11086 0.606549 0.0662777 -1.38233 -1.96054 -1.13132 -0.4772 
1.13866 -1.88235 -1.72224 1.48851 -1.16776 -1.00261 2.0504 -1.11086 0.606549 0.0662777 -1.38233 -1.96054 -1.13132 -0.4772 
1.13791 -1.88339 -1.72281 1.48826 -1.16804 -1.00382 2.05089 -1.11086 0.606549 0.0662777 -1.38233 -1.96054 -1.13132 -0.4772 
1.13925 -1.88142 -1.7212 1.48821 -1.16659 -1.00303 2.04905 -1.11086 0.606549 0.0662777 -1.38233 -1.96054 -1.13132 -0.4772 
1.13867 -1.88137 -1.72091 1.48684 -1.16536 -1.00543 2.04711 -1.11086 0.606549 0.0662777 -1.38233 -1.96054 -1.13132 -0.4772 
1.13807 -1.88291 -1.72258 1.48793 -1.16825 -1.00351 2.04965 -1.11086 0.606549 0.0662777 -1.38233 -1.96054 -1.13132 -0.4772 
1.1385 -1.88281 -1.72291 1.48863 -1.16939 -1.00183 2.05002 -1.11086 0.606549 0.0662777 -1.38233 -1.96054 -1.13132 -0.4772 
1.13847 -1.88259 -1.72263 1.4884 -1.1689 -1.00223 2.04939 -1.11086 0.606549 0.0662777 -1.38233 -1.96054 -1.13132 -0.4772 
1.1387 -1.88241 -1.72293 1.48863 -1.16958 -1.00143 2.04956 -1.11086 0.606549 0.0662777 -1.38233 -1.96054 -1.13132 -0.4772 
1.13828 -1.88243 -1.7223 1.48772 -1.16787 -1.00372 2.04853 -1.11086 0.606549 0.0662777 -1.38233 -1.96054 -1.13132 -0.4772 
1.13926 -1.88104 -1.72163 1.48803 -1.16748 -1.00258 2.04701 -1.11086 0.606549 0.0662777 -1.38233 -1.96054 -1.13132 -0.4772 
1.13924 -1.88042 -1.72099 1.48753 -1.16673 -1.00248 2.046 -1.11086 0.606549 0.0662777 -1.38233 -1.96054 -1.13132 -0.4772 
1.1395 -1.88104 -1.72205 1.4891 -1.16921 -1.00026 2.04745 -1.11086 0.606549 0.0662777 -1.38233 -1.96054 -1.13132 -0.4772 
1.1394 -1.8808 -1.7219 1.48904 -1.16886 -1.00016 2.04735 -1.11086 0.606549 0.0662777 -1.38233 -1.96054 -1.13132 -0.4772 
1.1393 -1.88089 -1.72182 1.48836 -1.16832 -1.00111 2.04701 -1.11086 0.606549 0.0662777 -1.38233 -1.96054 -1.13132 -0.4772 
1.13927 -1.88098 -1.72173 1.48804 -1.168 -1.00175 2.04655 -1.11086 0.606549 0.0662777 -1.38233 -1.96054 -1.13132 -0.4772 
1.13897 -1.88097 -1.7217 1.48748 -1.16734 -1.00274 2.04614 -1.11086 0.606549 0.0662777 -1.38233 -1.96054 -1.13132 -0.4772 
1.13825 -1.88219 -1.72267 1.48777 -1.16826 -1.00313 2.048 -1.11086 0.606549 0.0662777 -1.38233 -1.96054 -1.13132 -0.4772 
1.13851 -1.88228 -1.72277 1.48814 -1.16919 -1.00213 2.04862 -1.11086 0.606549 0.0662777 -1.38233 -1.96054 -1.13132 -0.4772 
1.13847 -1.88168 -1.7222 1.48768 -1.16784 -1.00315 2.04738 -1.11086 0.606549 0.0662777 -1.38233 -1.96054 -1.13132 -0.4772 
1.13929 -1.88108 -1.72164 1.48799 -1.16753 -1.00215 2.04675 -1.11086 0.606549 0.0662777 -1.38233 -1.96054 -1.13132 -0.4772 
1.13945 -1.88019 -1.72147 1.48819 -1.16783 -1.00119 2.04626 -1.11086 0.606549 0.0662777 -1.38233 -1.96054 -1.13132 -0.4772 
1.13826 -1.88182 -1.72205 1.48708 -1.16721 -1.00434 2.04751 -1.11086 0.606549 0.0662777 -1.38233 -1.96054 -1.13132 -0.4772 
1.13855 -1.88211 -1.72242 1.4883 -1.16902 -1.00222 2.04862 -1.11086 0.606549 0.0662777 -1.38233 -1.96054 -1.13132 -0.4772 
1.13867 -1.88221 -1.72274 1.48884 -1.17012 -1.00096 2.04871 -1.11086 0.606549 0.0662777 -1.38233 -1.96054 -1.13132 -0.4772 
1.13963 -1.88077 -1.72164 1.48876 -1.16881 -1.00023 2.04758 -1.11086 0.606549 0.0662777 -1.38233 -1.96054 -1.13132 -0.4772 
1.13893 -1.88156 -1.72195 1.48836 -1.16862 -1.00166 2.04804 -1.11086 0.606549 0.0662777 -1.38233 -1.96054 -1.13132 -0.4772 
1.13963 -1.88023 -1.72133 1.48884 -1.16851 -1.00018 2.04717 -1.11086 0.606549 0.0662777 -1.38233 -1.96054 -1.13132 -0.4772 
1.13902 -1.88093 -1.72196 1.48826 -1.16849 -1.00134 2.04745 -1.11086 0.606549 0.0662777 -1.38233 -1.96054 -1.13132 -0.4772 
1.13927 -1.88049 -1.72171 1.48846 -1.16852 -1.00105 2.04707 -1.11086 0.606549 0.0662777 -1.38233 -1.96054 -1.13132 -0.4772 
1.13906 -1.88196 -1.72245 1.48888 -1.16923 -1.00119 2.04926 -1.11086 0.606549 0.0662777 -1.38233 -1.96054 -1.13132 -0.4772 
1.13926 -1.88094 -1.72171 1.48848 -1.16818 -1.00131 2.04819 -1.11086 0.606549 0.0662777 -1.38233 -1.96054 -1.13132 -0.4772 
1.13913 -1.88145 -1.72152 1.48794 -1.16702 -1.00284 2.04878 -1.11086 0.606549 0.0662777 -1.38233 -1.96054 -1.13132 -0.4772 
1.13923 -1.88192 -1.72175 1.48886 -1.16805 -1.00161 2.05008 -1.11086 0.606549 0.0662777 -1.38233 -1.96054 -1.13132 -0.4772 
1.13896 -1.88112 -1.72132 1.48764 -1.16654 -1.00325 2.04914 -1.11086 0.606549 0.0662777 -1.38233 -1.96054 -1.13132 -0.4772 
1.13868 -1.88154 -1.72151 1.48721 -1.16611 -1.00434 2.04884 -1.11086 0.606549 0.0662777 -1.38233 -1.96054 -1.13132 -0.4772 
1.13917 -1.88096 -1.72138 1.48828 -1.16697 -1.00226 2.04936 -1.11086 0.606549 0.0662777 -1.38233 -1.96054 -1.13132 -0.4772 
1.13851 -1.88159 -1.72181 1.48798 -1.16697 -1.00304 2.05039 -1.11086 0.606549 0.0662777 -1.38233 -1.96054 -1.13132 -0.4772 
1.13955 -1.88045 -1.72085 1.48837 -1.16647 -1.00202 2.04893 -1.11086 0.606549 0.0662777 -1.38233 -1.96054 -1.13132 -0.4772 
1.13873 -1.88182 -1.72212 1.4883 -1.16787 -1.00253 2.05007 -1.11086 0.606549 0.0662777 -1.38233 -1.96054 -1.13132 -0.4772 
1.13906 -1.88091 -1.72104 1.48763 -1.16578 -1.00372 2.04835 -1.11086 0.606549 0.0662777 -1.38233 -1.96054 -1.13132 -0.4772 
1.13869 -1.88158 -1.72149 1.48772 -1.1661 -1.00416 2.04932 -1.11086 0.606549 0.0662777 -1.38233 -1.96054 -1.13132 -0.4772 
1.13839 -1.88164 -1.72162 1.48765 -1.16636 -1.004 2.04952 -1.11086 0.606549 0.0662777 -1.38233 -1.96054 -1.13132 -0.4772 
1.13832 -1.88144 -1.72123 1.48671 -1.16467 -1.00602 2.04787 -1.11086 0.606549 0.0662777 -1.38233 -1.96054 -1.13132 -0.4772 
1.13861 -1.88108 -1.72125 1.48722 -1.16501 -1.00487 2.04797 -1.11086 0.606549 0.0662777 -1.38233 -1.96054 -1.13132 -0.4772 
1.13817 -1.88185 -1.72172 1.48714 -1.16537 -1.00522 2.04882 -1.11086 0.606549 0.0662777 -1.38233 -1.96054 -1.13132 -0.4772 
1.13885 -1.88078 -1.72092 1.48713 -1.16475 -1.00456 2.04808 -1.11086 0.606549 0.0662777 -1.38233 -1.96054 -1.13132 -0.4772 
1.13833 -1.88146 -1.72151 1.48715 -1.16542 -1.00461 2.04896 -1.11086 0.606549 0.0662777 -1.38233 -1.96054 -1.13132 -0.4772 
1.13898 -1.88061 -1.72081 1.48702 -1.16468 -1.00442 2.04786 -1.11086 0.606549 0.0662777 -1.38233 -1.96054 -1.13132 -0.4772 
1.13906 -1.8804 -1.7206 1.48718 -1.16475 -1.00403 2.04706 -1.11086 0.606549 0.0662777 -1.38233 -1.96054 -1.13132 -0.4772 
1.13947 -1.88015 -1.72069 1.48751 -1.16524 -1.00296 2.0475 -1.11086 0.606549 0.0662777 -1.38233 -1.96054 -1.13132 -0.4772 
1.1391 -1.88095 -1.72126 1.48803 -1.16659 -1.0024 2.04757 -1.11086 0.606549 0.0662777 -1.38233 -1.96054 -1.13132 -0.4772 
1.13913 -1.88085 -1.72157 1.48823 -1.16723 -1.00187 2.04837 -1.11086 0.606549 0.0662777 -1.38233 -1.96054 -1.13132 -0.4772 
1.13931 -1.88101 -1.72161 1.48811 -1.16712 -1.00208 2.04793 -1.11086 0.606549 0.0662777 -1.38233 -1.96054 -1.13132 -0.4772 
1.13895 -1.88169 -1.72227 1.48879 -1.16854 -1.00098 2.04989 -1.11086 0.606549 0.0662777 -1.38233 -1.96054 -1.13132 -0.4772 
1.13886 -1.88108 -1.72166 1.48768 -1.16707 -1.00278 2.04841 -1.11086 0.606549 0.0662777 -1.38233 -1.96054 -1.13132 -0.4772 
1.13832 -1.88157 -1.7219 1.48725 -1.16648 -1.00409 2.04894 -1.11086 0.606549 0.0662777 -1.38233 -1.96054 -1.13132 -0.4772 
1.13915 -1.88065 -1.72132 1.48785 -1.1668 -1.00264 2.04813 -1.11086 0.606549 0.0662777 -1.38233 -1.96054 -1.13132 -0.4772 
1.1399 -1.87942 -1.72053 1.48788 -1.16646 -1.00144 2.04636 -1.11086 0.606549 0.0662777 -1.38233 -1.96054 -1.13132 -0.4772 
1.13879 -1.88013 -1.72074 1.48695 -1.16544 -1.00382 2.04663 -1.11086 0.606549 0.0662777 -1.38233 -1.96054 -1.13132 -0.4772 
1.13846 -1.88097 -1.72104 1.4876 -1.16638 -1.00343 2.04753 -1.11086 0.606549 0.0662777 -1.38233 -1.96054 -1.13132 -0.4772 
1.13926 -1.88036 -1.72136 1.48802 -1.16719 -1.00202 2.04742 -1.11086 0.606549 0.0662777 -1.38233 -1.96054 -1.13132 -0.4772 
1.13947 -1.87967 -1.7209 1.48756 -1.16615 -1.00256 2.04645 -1.11086 0.606549 0.0662777 -1.38233 -1.96054 -1.13132 -0.4772 
1.13923 -1.8803 -1.72144 1.48826 -1.16753 -1.00151 2.04716 -1.11086 0.606549 0.0662777 -1.38233 -1.96054 -1.13132 -0.4772 
1.13934 -1.87985 -1.72081 1.48711 -1.16613 -1.00305 2.04568 -1.11086 0.606549 0.0662777 -1.38233 -1.96054 -1.13132 -0.4772 
1.13916 -1.88081 -1.72143 1.48741 -1.16667 -1.00296 2.04743 -1.11086 0.606549 0.0662777 -1.38233 -1.96054 -1.13132 -0.4772 
1.13897 -1.88127 -1.72186 1.48794 -1.16758 -1.00244 2.04845 -1.11086 0.606549 0.0662777 -1.38233 -1.96054 -1.13132 -0.4772 
1.13874 -1.88457 -1.72191 1.49039 -1.16612 -1.00383 2.05637 -1.11086 0.606549 0.0662777 -1.38233 -1.96054 -1.13132 -0.4772 
1.13796 -1.88986 -1.72376 1.49393 -1.16743 -1.00423 2.06763 -1.11086 0.606549 0.0662777 -1.38233 -1.96054 -1.13132 -0.4772 
1.13694 -1.89447 -1.72426 1.49597 -1.16588 -1.00716 2.0769 -1.11086 0.606549 0.0662777 -1.38233 -1.96054 -1.13132 -0.4772 
1.13621 -1.89891 -1.72461 1.49821 -1.16397 -1.00945 2.0879 -1.11086 0.606549 0.0662777 -1.38233 -1.96054 -1.13132 -0.4772 
1.13475 -1.90449 -1.72628 1.50099 -1.164 -1.01105 2.10012 -1.11086 0.606549 0.0662777 -1.38233 -1.96054 -1.13132 -0.4772 
1.13255 -1.91149 -1.7288 1.50403 -1.16469 -1.01312 2.11511 -1.11086 0.606549 0.0662777 -1.38233 -1.96054 -1.13132 -0.4772 
1.13196 -1.9164 -1.72991 1.50785 -1.16484 -1.01229 2.12891 -1.11086 0.606549 0.0662777 -1.38233 -1.96054 -1.13132 -0.4772 
1.12974 -1.92103 -1.7301 1.50802 -1.16057 -1.01733 2.14129 -1.11086 0.606549 0.0662777 -1.38233 -1.96054 -1.13132 -0.4772 
1.12671 -1.92738 -1.73229 1.50961 -1.15938 -1.02061 2.15664 -1.11086 0.606549 0.0662777 -1.38233 -1.96054 -1.13132 -0.4772 
1.1233 -1.9341 -1.73426 1.51073 -1.1572 -1.02489 2.1738 -1.11086 0.606549 0.0662777 -1.38233 -1.96054 -1.13132 -0.4772 
1.12028 -1.94032 -1.73575 1.51207 -1.15494 -1.02832 2.1905 -1.11086 0.606549 0.0662777 -1.38233 -1.96054 -1.13132 -0.4772 
1.11596 -1.94787 -1.73858 1.5128 -1.15295 -1.03314 2.20928 -1.11086 0.606549 0.0662777 -1.38233 -1.96054 -1.13132 -0.4772 
1.11199 -1.9537 -1.73973 1.51202 -1.14815 -1.03965 2.22549 -1.11086 0.606549 0.0662777 -1.38233 -1.96054 -1.13132 -0.4772 
1.10912 -1.95938 -1.74082 1.51327 -1.14522 -1.04166 2.2442 -1.11086 0.606549 0.0662777 -1.38233 -1.96054 -1.13132 -0.4772 
1.10206 -1.96699 -1.74302 1.51157 -1.14367 -1.05213 2.26819 -1.11086 0.606549 0.0662777 -1.38233 -1.96054 -1.13132 -0.4772 
1.0986 -1.96699 -1.7376 1.50988 -1.145 -1.06367 2.28858 -1.11086 0.606549 0.0662777 -1.38233 -1.96054 -1.13132 -0.4772 
1.09381 -1.96699 -1.73131 1.50932 -1.15306 -1.07747 2.3163 -1.11086 0.606549 0.0662777 -1.38233 -1.96054 -1.13132 -0.4772 
1.09072 -1.96699 -1.72609 1.50835 -1.15516 -1.08616 2.33701 -1.11086 0.606549 0.0662777 -1.38233 -1.96054 -1.13132 -0.4772 
1.08765 -1.96699 -1.72117 1.50797 -1.15828 -1.09353 2.35813 -1.11086 0.606549 0.0662777 -1.38233 -1.96054 -1.13132 -0.4772 
1.08253 -1.96699 -1.71514 1.50682 -1.16627 -1.10691 2.38385 -1.11086 0.606549 0.0662777 -1.38233 -1.96054 -1.13132 -0.4772 
1.07812 -1.96699 -1.71022 1.50465 -1.16856 -1.11779 2.40481 -1.11086 0.606549 0.0662777 -1.38233 -1.96054 -1.13132 -0.4772 
1.07308 -1.96699 -1.70514 1.502 -1.17223 -1.13041 2.42541 -1.11086 0.606549 0.0662777 -1.38233 -1.96054 -1.13132 -0.4772 
1.06811 -1.96699 -1.70044 1.49869 -1.17324 -1.14216 2.44528 -1.11086 0.606549 0.0662777 -1.38233 -1.96054 -1.13132 -0.4772 
1.06374 -1.96699 -1.69557 1.49577 -1.17447 -1.1531 2.4636 -1.11086 0.606549 0.0662777 -1.38233 -1.96054 -1.13132 -0.4772 
1.05873 -1.96699 -1.69083 1.4935 -1.17924 -1.16447 2.48532 -1.11086 0.606549 0.0662777 -1.38233 -1.96054 -1.13132 -0.4772 
1.05632 -1.96699 -1.68821 1.49197 -1.17875 -1.16722 2.49961 -1.11086 0.606549 0.0662777 -1.38233 -1.96054 -1.13132 -0.4772 
1.0493 -1.96699 -1.68689 1.48572 -1.18147 -1.17954 2.5121 -1.11086 0.606549 0.0662777 -1.38233 -1.96054 -1.13132 -0.4772 
1.04743 -1.9669 -1.68635 1.48299 -1.17839 -1.17849 2.5191 -1.11086 0.606549 0.0662777 -1.38233 -1.96054 -1.13132 -0.4772 
1.04282 -1.96699 -1.68599 1.4788 -1.18008 -1.18518 2.52696 -1.11086 0.606549 0.0662777 -1.38233 -1.96054 -1.13132 -0.4772 
1.03995 -1.96699 -1.68548 1.4772 -1.18341 -1.18773 2.53489 -1.11086 0.606549 0.0662777 -1.38233 -1.96054 -1.13132 -0.4772 
1.03762 -1.96693 -1.68555 1.4734 -1.1804 -1.19042 2.53568 -1.11086 0.606549 0.0662777 -1.38233 -1.96054 -1.13132 -0.4772 
1.0339 -1.96699 -1.68567 1.47037 -1.18334 -1.19553 2.53854 -1.11086 0.606549 0.0662777 -1.38233 -1.96054 -1.13132 -0.4772 
1.03168 -1.96691 -1.68562 1.46606 -1.18003 -1.20022 2.53603 -1.11086 0.606549 0.0662777 -1.38233 -1.96054 -1.13132 -0.4772 
1.03398 -1.96343 -1.68219 1.46472 -1.17706 -1.19881 2.5293 -1.11086 0.606549 0.0662777 -1.38233 -1.96054 -1.13132 -0.4772 
1.0347 -1.96402 -1.68315 1.46698 -1.18209 -1.19534 2.52604 -1.11086 0.606549 0.0662777 -1.38233 -1.96054 -1.13132 -0.4772 
1.03634 -1.96214 -1.68109 1.46603 -1.18144 -1.1955 2.51708 -1.11086 0.606549 0.0662777 -1.38233 -1.96054 -1.13132 -0.4772 
1.03713 -1.96157 -1.68126 1.46648 -1.18444 -1.19478 2.50937 -1.11086 0.606549 0.0662777 -1.38233 -1.96054 -1.13132 -0.4772 
1.03629 -1.96356 -1.68405 1.46753 -1.19098 -1.19527 2.50144 -1.11086 0.606549 0.0662777 -1.38233 -1.96054 -1.13132 -0.4772 
1.03745 -1.96397 -1.6851 1.46939 -1.19663 -1.19395 2.49091 -1.11086 0.606549 0.0662777 -1.38233 -1.96054 -1.13132 -0.4772 
1.03854 -1.96233 -1.684 1.46721 -1.19636 -1.19821 2.4749 -1.11086 0.606549 0.0662777 -1.38233 -1.96054 -1.13132 -0.4772 
1.04129 -1.96215 -1.68466 1.47036 -1.20335 -1.19564 2.46008 -1.11086 0.606549 0.0662777 -1.38233 -1.96054 -1.13132 -0.4772 
1.04674 -1.95959 -1.68286 1.47451 -1.20943 -1.18995 2.44217 -1.11086 0.606549 0.0662777 -1.38233 -1.96054 -1.13132 -0.4772 
1.05035 -1.95714 -1.68118 1.47546 -1.21218 -1.18976 2.42201 -1.11086 0.606549 0.0662777 -1.38233 -1.96054 -1.13132 -0.4772 
1.05225 -1.95671 -1.68152 1.47523 -1.21566 -1.19338 2.4011 -1.11086 0.606549 0.0662777 -1.38233 -1.96054 -1.13132 -0.4772 
1.0579 -1.95362 -1.67938 1.47785 -1.22017 -1.19065 2.37747 -1.11086 0.606549 0.0662777 -1.38233 -1.96054 -1.13132 -0.4772 
1.06139 -1.95206 -1.67857 1.47886 -1.22418 -1.19128 2.35496 -1.11086 0.606549 0.0662777 -1.38233 -1.96054 -1.13132 -0.4772 
1.06661 -1.94906 -1.67639 1.48037 -1.22808 -1.19015 2.3288 -1.11086 0.606549 0.0662777 -1.38233 -1.96054 -1.13132 -0.4772 
1.07051 -1.94654 -1.67476 1.48032 -1.23049 -1.19184 2.30286 -1.11086 0.606549 0.0662777 -1.38233 -1.96054 -1.13132 -0.4772 
1.07445 -1.94527 -1.6793 1.48008 -1.24961 -1.19328 2.24471 -1.11086 0.606549 0.0662777 -1.38233 -1.96054 -1.13132 -0.4772 
