1.05517 -1.8058 -1.64007 1.28814 -1.22593 -1.25012 2.05873 -1.11046 0.608541 0.0658396 -1.37776 -1.96175 -1.13253 -0.474404 
1.04792 -1.80506 -1.63578 1.27057 -1.22485 -1.25025 2.04769 -1.11086 0.606551 0.0662773 -1.38233 -1.96054 -1.13132 -0.477198 
1.03322 -1.80341 -1.63424 1.23666 -1.21773 -1.26507 2.03024 -1.11086 0.606549 0.0662777 -1.38233 -1.96054 -1.13132 -0.4772 
1.02596 -1.80322 -1.63538 1.2207 -1.214 -1.27673 2.01968 -1.11086 0.606549 0.0662777 -1.38233 -1.96054 -1.13132 -0.4772 
1.02367 -1.8032 -1.63581 1.21479 -1.21351 -1.28012 2.01476 -1.11086 0.606549 0.0662777 -1.38233 -1.96054 -1.13132 -0.4772 
1.02307 -1.80337 -1.63547 1.21246 -1.21114 -1.28291 2.01602 -1.11086 0.606549 0.0662777 -1.38233 -1.96054 -1.13132 -0.4772 
1.02682 -1.80336 -1.63596 1.21955 -1.21079 -1.28125 2.02328 -1.11086 0.606549 0.0662777 -1.38233 -1.96054 -1.13132 -0.4772 
1.03454 -1.80259 -1.63542 1.23367 -1.2117 -1.2757 2.02911 -1.11086 0.606549 0.0662777 -1.38233 -1.96054 -1.13132 -0.4772 
1.0438 -1.80327 -1.63493 1.25233 -1.21235 -1.27017 2.03931 -1.11086 0.606549 0.0662777 -1.38233 -1.96054 -1.13132 -0.4772 
1.05117 -1.80373 -1.63468 1.26705 -1.21386 -1.26488 2.04574 -1.11086 0.606549 0.0662777 -1.38233 -1.96054 -1.13132 -0.4772 
1.05806 -1.80342 -1.63401 1.27948 -1.21479 -1.25959 2.05148 -1.11086 0.606549 0.0662777 -1.38233 -1.96054 -1.13132 -0.4772 
1.06228 -1.80523 -1.63503 1.2897 -1.21665 -1.2572 2.0575 -1.11086 0.606549 0.0662777 -1.38233 -1.96054 -1.13132 -0.4772 
1.06631 -1.80483 -1.63401 1.29656 -1.21582 -1.25497 2.06116 -1.11086 0.606549 0.0662777 -1.38233 -1.96054 -1.13132 -0.4772 
1.06933 -1.80567 -1.63422 1.3028 -1.2164 -1.25355 2.06468 -1.11086 0.606549 0.0662777 -1.38233 -1.96054 -1.13132 -0.4772 
1.0731 -1.80635 -1.63402 1.31021 -1.21599 -1.25274 2.06902 -1.11086 0.606549 0.0662777 -1.38233 -1.96054 -1.13132 -0.4772 
1.07892 -1.8073 -1.63461 1.32237 -1.21742 -1.24913 2.0769 -1.11086 0.606549 0.0662777 -1.38233 -1.96054 -1.13132 -0.4772 
1.08497 -1.8075 -1.63346 1.333 -1.21663 -1.24662 2.08156 -1.11086 0.606549 0.0662777 -1.38233 -1.96054 -1.13132 -0.4772 
1.08968 -1.80913 -1.63408 1.3441 -1.21709 -1.2454 2.0885 -1.11086 0.606549 0.0662777 -1.38233 -1.96054 -1.13132 -0.4772 
1.09491 -1.8095 -1.63381 1.3538 -1.21707 -1.24358 2.09236 -1.11086 0.606549 0.0662777 -1.38233 -1.96054 -1.13132 -0.4772 
1.09748 -1.81074 -1.63402 1.35973 -1.21642 -1.24461 2.09557 -1.11086 0.606549 0.0662777 -1.38233 -1.96054 -1.13132 -0.4772 
1.09855 -1.81218 -1.63481 1.36407 -1.21692 -1.245 2.09909 -1.11086 0.606549 0.0662777 -1.38233 -1.96054 -1.13132 -0.4772 
1.09697 -1.8142 -1.63645 1.36334 -1.21734 -1.24819 2.10059 -1.11086 0.606549 0.0662777 -1.38233 -1.96054 -1.13132 -0.4772 
1.35129 -1.75368 -1.75771 1.92765 -1.5553 -0.869645 2.37494 -1.11086 0.606549 0.0662777 -1.38233 -1.96054 -1.13132 -0.4772 
1.13217 -1.80392 -1.64219 1.4288 -1.22587 -1.19303 2.12357 -1.11086 0.606549 0.0662777 -1.38233 -1.96054 -1.13132 -0.4772 
