1.153 -1.82982 -1.71727 1.48825 -1.29016 -0.896605 2.03363 -1.11046 0.608541 0.0658396 -1.37776 -1.96175 -1.13253 -0.474404 
1.14588 -1.83583 -1.73561 1.5016 -1.31903 -0.859089 2.11324 -1.11086 0.60655 0.0662776 -1.38233 -1.96054 -1.13132 -0.4772 
1.14413 -1.83747 -1.73554 1.49928 -1.31531 -0.86403 2.11885 -1.11086 0.606549 0.0662777 -1.38233 -1.96054 -1.13132 -0.4772 
1.14355 -1.83925 -1.73554 1.49816 -1.31141 -0.870851 2.11931 -1.11086 0.606549 0.0662777 -1.38233 -1.96054 -1.13132 -0.4772 
1.146 -1.83865 -1.73549 1.49944 -1.31294 -0.869173 2.11605 -1.11086 0.606549 0.0662777 -1.38233 -1.96054 -1.13132 -0.4772 
1.15157 -1.83624 -1.73335 1.5015 -1.31271 -0.866535 2.10788 -1.11086 0.606549 0.0662777 -1.38233 -1.96054 -1.13132 -0.4772 
1.15834 -1.8359 -1.731 1.50751 -1.31038 -0.866625 2.10443 -1.11086 0.606549 0.0662777 -1.38233 -1.96054 -1.13132 -0.4772 
1.16418 -1.83465 -1.72819 1.51245 -1.30667 -0.868437 2.09792 -1.11086 0.606549 0.0662777 -1.38233 -1.96054 -1.13132 -0.4772 
1.16909 -1.83299 -1.72698 1.51835 -1.30803 -0.863697 2.09569 -1.11086 0.606549 0.0662777 -1.38233 -1.96054 -1.13132 -0.4772 
1.17169 -1.83352 -1.72672 1.52166 -1.30806 -0.863516 2.0956 -1.11086 0.606549 0.0662777 -1.38233 -1.96054 -1.13132 -0.4772 
1.17361 -1.83433 -1.72712 1.52461 -1.30958 -0.862236 2.09626 -1.11086 0.606549 0.0662777 -1.38233 -1.96054 -1.13132 -0.4772 
1.17554 -1.83383 -1.72613 1.52642 -1.30897 -0.861961 2.09438 -1.11086 0.606549 0.0662777 -1.38233 -1.96054 -1.13132 -0.4772 
1.17627 -1.83428 -1.72589 1.52772 -1.30874 -0.862535 2.0942 -1.11086 0.606549 0.0662777 -1.38233 -1.96054 -1.13132 -0.4772 
1.1769 -1.83456 -1.72605 1.52871 -1.3092 -0.862487 2.09415 -1.11086 0.606549 0.0662777 -1.38233 -1.96054 -1.13132 -0.4772 
1.17789 -1.83446 -1.72608 1.53006 -1.31035 -0.861064 2.09429 -1.11086 0.606549 0.0662777 -1.38233 -1.96054 -1.13132 -0.4772 
1.17965 -1.8346 -1.72594 1.53238 -1.31126 -0.859776 2.09345 -1.11086 0.606549 0.0662777 -1.38233 -1.96054 -1.13132 -0.4772 
1.18332 -1.83438 -1.72472 1.53572 -1.31052 -0.859574 2.09083 -1.11086 0.606549 0.0662777 -1.38233 -1.96054 -1.13132 -0.4772 
1.18577 -1.83425 -1.7234 1.5379 -1.30776 -0.861763 2.08852 -1.11086 0.606549 0.0662777 -1.38233 -1.96054 -1.13132 -0.4772 
1.18757 -1.83436 -1.72252 1.54021 -1.30644 -0.862435 2.08743 -1.11086 0.606549 0.0662777 -1.38233 -1.96054 -1.13132 -0.4772 
1.18799 -1.83422 -1.72324 1.54163 -1.30846 -0.85996 2.08895 -1.11086 0.606549 0.0662777 -1.38233 -1.96054 -1.13132 -0.4772 
1.18674 -1.83646 -1.72455 1.54151 -1.30987 -0.861087 2.09175 -1.11086 0.606549 0.0662777 -1.38233 -1.96054 -1.13132 -0.4772 
1.18728 -1.83571 -1.72274 1.54047 -1.30704 -0.862867 2.08871 -1.11086 0.606549 0.0662777 -1.38233 -1.96054 -1.13132 -0.4772 
1.18723 -1.83565 -1.72251 1.54001 -1.30621 -0.863889 2.08807 -1.11086 0.606549 0.0662777 -1.38233 -1.96054 -1.13132 -0.4772 
1.18707 -1.8358 -1.72258 1.53973 -1.30564 -0.86493 2.0878 -1.11086 0.606549 0.0662777 -1.38233 -1.96054 -1.13132 -0.4772 
1.18691 -1.83705 -1.72403 1.54112 -1.30873 -0.86293 2.09081 -1.11086 0.606549 0.0662777 -1.38233 -1.96054 -1.13132 -0.4772 
1.18723 -1.83686 -1.72391 1.54159 -1.30907 -0.862137 2.09123 -1.11086 0.606549 0.0662777 -1.38233 -1.96054 -1.13132 -0.4772 
1.18792 -1.83554 -1.72355 1.54172 -1.30924 -0.86069 2.09018 -1.11086 0.606549 0.0662777 -1.38233 -1.96054 -1.13132 -0.4772 
1.18742 -1.83693 -1.72429 1.54218 -1.31008 -0.860941 2.09254 -1.11086 0.606549 0.0662777 -1.38233 -1.96054 -1.13132 -0.4772 
1.18751 -1.83661 -1.7242 1.54231 -1.31079 -0.859966 2.092 -1.11086 0.606549 0.0662777 -1.38233 -1.96054 -1.13132 -0.4772 
1.18733 -1.83636 -1.72398 1.54169 -1.3098 -0.861041 2.09071 -1.11086 0.606549 0.0662777 -1.38233 -1.96054 -1.13132 -0.4772 
1.18811 -1.835 -1.72336 1.54181 -1.31034 -0.858975 2.08884 -1.11086 0.606549 0.0662777 -1.38233 -1.96054 -1.13132 -0.4772 
1.18766 -1.83626 -1.72466 1.54249 -1.31242 -0.858394 2.09109 -1.11086 0.606549 0.0662777 -1.38233 -1.96054 -1.13132 -0.4772 
1.1888 -1.83381 -1.72296 1.54193 -1.3101 -0.858226 2.08741 -1.11086 0.606549 0.0662777 -1.38233 -1.96054 -1.13132 -0.4772 
1.18821 -1.83496 -1.72426 1.54238 -1.3123 -0.857589 2.08906 -1.11086 0.606549 0.0662777 -1.38233 -1.96054 -1.13132 -0.4772 
1.1884 -1.83473 -1.72407 1.54235 -1.31232 -0.857143 2.0889 -1.11086 0.606549 0.0662777 -1.38233 -1.96054 -1.13132 -0.4772 
1.1882 -1.83485 -1.72408 1.5423 -1.31258 -0.857248 2.08857 -1.11086 0.606549 0.0662777 -1.38233 -1.96054 -1.13132 -0.4772 
1.18883 -1.8332 -1.72252 1.54136 -1.30978 -0.858394 2.0854 -1.11086 0.606549 0.0662777 -1.38233 -1.96054 -1.13132 -0.4772 
1.18844 -1.83354 -1.72232 1.54057 -1.30833 -0.860571 2.08518 -1.11086 0.606549 0.0662777 -1.38233 -1.96054 -1.13132 -0.4772 
1.18848 -1.83431 -1.72304 1.54166 -1.3103 -0.859107 2.0874 -1.11086 0.606549 0.0662777 -1.38233 -1.96054 -1.13132 -0.4772 
1.18822 -1.83455 -1.72355 1.54199 -1.31126 -0.858354 2.08876 -1.11086 0.606549 0.0662777 -1.38233 -1.96054 -1.13132 -0.4772 
1.18789 -1.83513 -1.72393 1.54206 -1.3118 -0.858561 2.08973 -1.11086 0.606549 0.0662777 -1.38233 -1.96054 -1.13132 -0.4772 
1.18799 -1.83486 -1.72366 1.54201 -1.31158 -0.858502 2.08898 -1.11086 0.606549 0.0662777 -1.38233 -1.96054 -1.13132 -0.4772 
1.18844 -1.83366 -1.72261 1.54145 -1.30942 -0.859041 2.08778 -1.11086 0.606549 0.0662777 -1.38233 -1.96054 -1.13132 -0.4772 
1.18819 -1.83432 -1.72233 1.54133 -1.30822 -0.860323 2.08862 -1.11086 0.606549 0.0662777 -1.38233 -1.96054 -1.13132 -0.4772 
1.18925 -1.83283 -1.72177 1.54196 -1.30852 -0.858095 2.08769 -1.11086 0.606549 0.0662777 -1.38233 -1.96054 -1.13132 -0.4772 
1.18777 -1.83548 -1.72383 1.54232 -1.31096 -0.858968 2.09157 -1.11086 0.606549 0.0662777 -1.38233 -1.96054 -1.13132 -0.4772 
1.18746 -1.83627 -1.72402 1.54192 -1.31082 -0.860387 2.09168 -1.11086 0.606549 0.0662777 -1.38233 -1.96054 -1.13132 -0.4772 
1.18788 -1.83544 -1.72386 1.5425 -1.31092 -0.859002 2.09215 -1.11086 0.606549 0.0662777 -1.38233 -1.96054 -1.13132 -0.4772 
1.18779 -1.83539 -1.72349 1.54202 -1.31 -0.859936 2.09112 -1.11086 0.606549 0.0662777 -1.38233 -1.96054 -1.13132 -0.4772 
1.18868 -1.8341 -1.72367 1.54325 -1.31179 -0.85639 2.09178 -1.11086 0.606549 0.0662777 -1.38233 -1.96054 -1.13132 -0.4772 
1.18818 -1.8344 -1.7231 1.54215 -1.30961 -0.859211 2.09054 -1.11086 0.606549 0.0662777 -1.38233 -1.96054 -1.13132 -0.4772 
1.18727 -1.83597 -1.72403 1.54217 -1.31035 -0.860446 2.09193 -1.11086 0.606549 0.0662777 -1.38233 -1.96054 -1.13132 -0.4772 
1.1876 -1.83563 -1.72389 1.54204 -1.31074 -0.859699 2.09099 -1.11086 0.606549 0.0662777 -1.38233 -1.96054 -1.13132 -0.4772 
1.18738 -1.83599 -1.72436 1.54252 -1.31145 -0.859427 2.09202 -1.11086 0.606549 0.0662777 -1.38233 -1.96054 -1.13132 -0.4772 
1.18788 -1.83543 -1.72437 1.54262 -1.31243 -0.857957 2.09131 -1.11086 0.606549 0.0662777 -1.38233 -1.96054 -1.13132 -0.4772 
1.18825 -1.83427 -1.72336 1.54228 -1.31058 -0.857994 2.08986 -1.11086 0.606549 0.0662777 -1.38233 -1.96054 -1.13132 -0.4772 
1.18818 -1.83454 -1.72338 1.54223 -1.31016 -0.858782 2.08941 -1.11086 0.606549 0.0662777 -1.38233 -1.96054 -1.13132 -0.4772 
1.18802 -1.8342 -1.72294 1.54158 -1.30937 -0.859422 2.0886 -1.11086 0.606549 0.0662777 -1.38233 -1.96054 -1.13132 -0.4772 
1.18821 -1.83413 -1.72354 1.54208 -1.31034 -0.858335 2.08906 -1.11086 0.606549 0.0662777 -1.38233 -1.96054 -1.13132 -0.4772 
1.18867 -1.83347 -1.72259 1.54177 -1.30932 -0.858596 2.08792 -1.11086 0.606549 0.0662777 -1.38233 -1.96054 -1.13132 -0.4772 
1.18869 -1.83756 -1.72415 1.54598 -1.31132 -0.857735 2.0986 -1.11086 0.606549 0.0662777 -1.38233 -1.96054 -1.13132 -0.4772 
1.18817 -1.84589 -1.72489 1.55187 -1.30964 -0.861527 2.1191 -1.11086 0.606549 0.0662777 -1.38233 -1.96054 -1.13132 -0.4772 
1.1861 -1.85717 -1.72796 1.55873 -1.31097 -0.865158 2.1458 -1.11086 0.606549 0.0662777 -1.38233 -1.96054 -1.13132 -0.4772 
1.18308 -1.86922 -1.73139 1.5657 -1.31209 -0.869151 2.1767 -1.11086 0.606549 0.0662777 -1.38233 -1.96054 -1.13132 -0.4772 
1.17842 -1.88287 -1.73532 1.57156 -1.31217 -0.875503 2.21127 -1.11086 0.606549 0.0662777 -1.38233 -1.96054 -1.13132 -0.4772 
1.17212 -1.89732 -1.73887 1.57594 -1.30939 -0.88495 2.24914 -1.11086 0.606549 0.0662777 -1.38233 -1.96054 -1.13132 -0.4772 
1.16675 -1.90944 -1.74056 1.57991 -1.30453 -0.892765 2.28596 -1.11086 0.606549 0.0662777 -1.38233 -1.96054 -1.13132 -0.4772 
1.1586 -1.92309 -1.7428 1.58125 -1.2968 -0.905072 2.3267 -1.11086 0.606549 0.0662777 -1.38233 -1.96054 -1.13132 -0.4772 
1.15076 -1.9355 -1.74378 1.58222 -1.28764 -0.915821 2.36814 -1.11086 0.606549 0.0662777 -1.38233 -1.96054 -1.13132 -0.4772 
1.14175 -1.94922 -1.7471 1.58311 -1.28231 -0.924956 2.41174 -1.11086 0.606549 0.0662777 -1.38233 -1.96054 -1.13132 -0.4772 
1.13159 -1.96361 -1.751 1.58339 -1.27739 -0.935101 2.4554 -1.11086 0.606549 0.0662777 -1.38233 -1.96054 -1.13132 -0.4772 
1.12352 -1.96699 -1.74353 1.58161 -1.28031 -0.956659 2.49688 -1.11086 0.606549 0.0662777 -1.38233 -1.96054 -1.13132 -0.4772 
1.11695 -1.96699 -1.7321 1.57949 -1.28365 -0.978512 2.53725 -1.11086 0.606549 0.0662777 -1.38233 -1.96054 -1.13132 -0.4772 
1.10977 -1.96699 -1.72647 1.5743 -1.28362 -0.991779 2.56396 -1.11086 0.606549 0.0662777 -1.38233 -1.96054 -1.13132 -0.4772 
1.10353 -1.96699 -1.72393 1.56905 -1.2839 -0.998717 2.58253 -1.11086 0.606549 0.0662777 -1.38233 -1.96054 -1.13132 -0.4772 
1.0988 -1.96699 -1.72242 1.56364 -1.28286 -1.00586 2.58949 -1.11086 0.606549 0.0662777 -1.38233 -1.96054 -1.13132 -0.4772 
1.09377 -1.96699 -1.72166 1.55904 -1.28761 -1.01478 2.59359 -1.11086 0.606549 0.0662777 -1.38233 -1.96054 -1.13132 -0.4772 
1.09312 -1.96693 -1.72184 1.55751 -1.28967 -1.01558 2.5862 -1.11086 0.606549 0.0662777 -1.38233 -1.96054 -1.13132 -0.4772 
1.09413 -1.96697 -1.72268 1.55865 -1.2978 -1.01423 2.57437 -1.11086 0.606549 0.0662777 -1.38233 -1.96054 -1.13132 -0.4772 
1.09742 -1.96564 -1.72345 1.56096 -1.307 -1.0106 2.55353 -1.11086 0.606549 0.0662777 -1.38233 -1.96054 -1.13132 -0.4772 
1.1026 -1.96296 -1.72326 1.56313 -1.31471 -1.00746 2.52306 -1.11086 0.606549 0.0662777 -1.38233 -1.96054 -1.13132 -0.4772 
1.1087 -1.96003 -1.72294 1.56557 -1.32232 -1.00521 2.48701 -1.11086 0.606549 0.0662777 -1.38233 -1.96054 -1.13132 -0.4772 
1.11692 -1.95478 -1.72038 1.56647 -1.32653 -1.00476 2.44013 -1.11086 0.606549 0.0662777 -1.38233 -1.96054 -1.13132 -0.4772 
1.123 -1.95227 -1.71985 1.56594 -1.33167 -1.00862 2.39192 -1.11086 0.606549 0.0662777 -1.38233 -1.96054 -1.13132 -0.4772 
1.13349 -1.94542 -1.71925 1.56429 -1.34256 -1.00894 2.31377 -1.11086 0.606549 0.0662777 -1.38233 -1.96054 -1.13132 -0.4772 
1.13482 -1.94353 -1.71774 1.56379 -1.34123 -1.0081 2.30743 -1.11086 0.606549 0.0662777 -1.38233 -1.96054 -1.13132 -0.4772 
1.14282 -1.93874 -1.71555 1.5631 -1.34585 -1.00881 2.25521 -1.11086 0.606549 0.0662777 -1.38233 -1.96054 -1.13132 -0.4772 
1.14916 -1.93532 -1.71415 1.56024 -1.34893 -1.01396 2.20012 -1.11086 0.606549 0.0662777 -1.38233 -1.96054 -1.13132 -0.4772 
1.15545 -1.93046 -1.71101 1.5553 -1.34767 -1.0208 2.14373 -1.11086 0.606549 0.0662777 -1.38233 -1.96054 -1.13132 -0.4772 
1.16061 -1.92708 -1.70862 1.55079 -1.34759 -1.02717 2.0941 -1.11086 0.606549 0.0662777 -1.38233 -1.96054 -1.13132 -0.4772 
1.1645 -1.9247 -1.70724 1.54624 -1.34859 -1.0335 2.04885 -1.11086 0.606549 0.0662777 -1.38233 -1.96054 -1.13132 -0.4772 
1.16911 -1.92069 -1.70436 1.54156 -1.34737 -1.03798 2.00699 -1.11086 0.606549 0.0662777 -1.38233 -1.96054 -1.13132 -0.4772 
1.17089 -1.9126 -1.69788 1.5289 -1.33889 -1.0493 1.94225 -1.11086 0.606549 0.0662777 -1.38233 -1.96054 -1.13132 -0.4772 
1.1725 -1.90993 -1.69503 1.522 -1.3345 -1.05805 1.90667 -1.11086 0.606549 0.0662777 -1.38233 -1.96054 -1.13132 -0.4772 
1.17462 -1.90611 -1.69127 1.51534 -1.32798 -1.06579 1.87573 -1.11086 0.606549 0.0662777 -1.38233 -1.96054 -1.13132 -0.4772 
1.17898 -1.89912 -1.68446 1.50964 -1.31857 -1.06981 1.84725 -1.11086 0.606549 0.0662777 -1.38233 -1.96054 -1.13132 -0.4772 
1.1774 -1.89557 -1.67949 1.49638 -1.30367 -1.08863 1.81423 -1.11086 0.606549 0.0662777 -1.38233 -1.96054 -1.13132 -0.4772 
1.17437 -1.90188 -1.68389 1.49463 -1.30884 -1.096 1.80764 -1.11086 0.606549 0.0662777 -1.38233 -1.96054 -1.13132 -0.4772 
1.17466 -1.90241 -1.68487 1.49302 -1.31291 -1.09701 1.79338 -1.11086 0.606549 0.0662777 -1.38233 -1.96054 -1.13132 -0.4772 
1.17759 -1.89937 -1.68288 1.49186 -1.3152 -1.0942 1.77468 -1.11086 0.606549 0.0662777 -1.38233 -1.96054 -1.13132 -0.4772 
1.17494 -1.90156 -1.68418 1.48583 -1.31527 -1.10365 1.75614 -1.11086 0.606549 0.0662777 -1.38233 -1.96054 -1.13132 -0.4772 
1.17468 -1.90102 -1.68365 1.48099 -1.31591 -1.1084 1.73299 -1.11086 0.606549 0.0662777 -1.38233 -1.96054 -1.13132 -0.4772 
1.17372 -1.89972 -1.68179 1.47334 -1.31154 -1.11777 1.7072 -1.11086 0.606549 0.0662777 -1.38233 -1.96054 -1.13132 -0.4772 
1.17218 -1.90342 -1.68427 1.47123 -1.3181 -1.12175 1.6888 -1.11086 0.606549 0.0662777 -1.38233 -1.96054 -1.13132 -0.4772 
1.17172 -1.90171 -1.68169 1.46413 -1.31333 -1.13019 1.6633 -1.11086 0.606549 0.0662777 -1.38233 -1.96054 -1.13132 -0.4772 
1.1748 -1.90205 -1.68099 1.46432 -1.31083 -1.13344 1.66003 -1.11086 0.606549 0.0662777 -1.38233 -1.96054 -1.13132 -0.4772 
1.17489 -1.90133 -1.68079 1.46059 -1.31195 -1.13799 1.63711 -1.11086 0.606549 0.0662777 -1.38233 -1.96054 -1.13132 -0.4772 
1.17475 -1.90151 -1.68081 1.45739 -1.31288 -1.14307 1.61639 -1.11086 0.606549 0.0662777 -1.38233 -1.96054 -1.13132 -0.4772 
1.17407 -1.90079 -1.67977 1.45197 -1.30996 -1.15163 1.59293 -1.11086 0.606549 0.0662777 -1.38233 -1.96054 -1.13132 -0.4772 
1.1735 -1.89981 -1.67849 1.44727 -1.30605 -1.15985 1.57258 -1.11086 0.606549 0.0662777 -1.38233 -1.96054 -1.13132 -0.4772 
1.17215 -1.89969 -1.67773 1.44262 -1.3016 -1.16977 1.55532 -1.11086 0.606549 0.0662777 -1.38233 -1.96054 -1.13132 -0.4772 
1.17234 -1.89883 -1.67645 1.44109 -1.29868 -1.1747 1.54361 -1.11086 0.606549 0.0662777 -1.38233 -1.96054 -1.13132 -0.4772 
1.17154 -1.89905 -1.6759 1.43859 -1.2947 -1.18249 1.53292 -1.11086 0.606549 0.0662777 -1.38233 -1.96054 -1.13132 -0.4772 
1.17229 -1.89718 -1.67403 1.4373 -1.28939 -1.18743 1.52533 -1.11086 0.606549 0.0662777 -1.38233 -1.96054 -1.13132 -0.4772 
1.17328 -1.89703 -1.6738 1.43928 -1.28806 -1.18931 1.52265 -1.11086 0.606549 0.0662777 -1.38233 -1.96054 -1.13132 -0.4772 
1.17367 -1.89744 -1.67349 1.43979 -1.2851 -1.19393 1.51953 -1.11086 0.606549 0.0662777 -1.38233 -1.96054 -1.13132 -0.4772 
1.17616 -1.89427 -1.6705 1.44028 -1.27927 -1.19573 1.51484 -1.11086 0.606549 0.0662777 -1.38233 -1.96054 -1.13132 -0.4772 
1.17857 -1.89264 -1.66798 1.44228 -1.27471 -1.19696 1.51384 -1.11086 0.606549 0.0662777 -1.38233 -1.96054 -1.13132 -0.4772 
1.17933 -1.8914 -1.66477 1.44037 -1.26538 -1.20502 1.50931 -1.11086 0.606549 0.0662777 -1.38233 -1.96054 -1.13132 -0.4772 
1.18076 -1.88762 -1.65988 1.4365 -1.2535 -1.21312 1.50078 -1.11086 0.606549 0.0662777 -1.38233 -1.96054 -1.13132 -0.4772 
1.18386 -1.87982 -1.65225 1.43147 -1.23825 -1.21956 1.48886 -1.11086 0.606549 0.0662777 -1.38233 -1.96054 -1.13132 -0.4772 
1.18814 -1.87504 -1.6475 1.43309 -1.23299 -1.21719 1.48251 -1.11086 0.606549 0.0662777 -1.38233 -1.96054 -1.13132 -0.4772 
1.19116 -1.86673 -1.63968 1.42698 -1.21786 -1.22371 1.46883 -1.11086 0.606549 0.0662777 -1.38233 -1.96054 -1.13132 -0.4772 
1.19325 -1.86045 -1.63335 1.42221 -1.20556 -1.22978 1.45833 -1.11086 0.606549 0.0662777 -1.38233 -1.96054 -1.13132 -0.4772 
1.19536 -1.85418 -1.62728 1.4176 -1.19375 -1.23559 1.44771 -1.11086 0.606549 0.0662777 -1.38233 -1.96054 -1.13132 -0.4772 
1.1974 -1.84771 -1.62119 1.41292 -1.18208 -1.24139 1.43702 -1.11086 0.606549 0.0662777 -1.38233 -1.96054 -1.13132 -0.4772 
1.19912 -1.84174 -1.6154 1.40817 -1.17033 -1.24758 1.42737 -1.11086 0.606549 0.0662777 -1.38233 -1.96054 -1.13132 -0.4772 
1.20039 -1.8358 -1.60966 1.4029 -1.15873 -1.25435 1.41784 -1.11086 0.606549 0.0662777 -1.38233 -1.96054 -1.13132 -0.4772 
1.20089 -1.83052 -1.60454 1.39718 -1.14753 -1.26209 1.40911 -1.11086 0.606549 0.0662777 -1.38233 -1.96054 -1.13132 -0.4772 
1.20086 -1.82565 -1.60004 1.39087 -1.13622 -1.27053 1.40102 -1.11086 0.606549 0.0662777 -1.38233 -1.96054 -1.13132 -0.4772 
1.20154 -1.82023 -1.59578 1.38597 -1.12649 -1.27552 1.39591 -1.11086 0.606549 0.0662777 -1.38233 -1.96054 -1.13132 -0.4772 
1.20184 -1.8183 -1.5943 1.38449 -1.12336 -1.27693 1.39461 -1.11086 0.606549 0.0662777 -1.38233 -1.96054 -1.13132 -0.4772 
1.20419 -1.82299 -1.59678 1.39438 -1.12894 -1.27 1.40879 -1.11086 0.606549 0.0662777 -1.38233 -1.96054 -1.13132 -0.4772 
1.20442 -1.82338 -1.59695 1.39525 -1.12938 -1.2694 1.41008 -1.11086 0.606549 0.0662777 -1.38233 -1.96054 -1.13132 -0.4772 
1.20443 -1.82336 -1.59694 1.39529 -1.12934 -1.26944 1.41025 -1.11086 0.606549 0.0662777 -1.38233 -1.96054 -1.13132 -0.4772 
1.20445 -1.82338 -1.59698 1.39534 -1.12926 -1.26935 1.41029 -1.11086 0.606549 0.0662777 -1.38233 -1.96054 -1.13132 -0.4772 
1.20446 -1.82333 -1.59692 1.39536 -1.12934 -1.26937 1.41035 -1.11086 0.606549 0.0662777 -1.38233 -1.96054 -1.13132 -0.4772 
1.20456 -1.82314 -1.5969 1.39541 -1.12945 -1.26904 1.40996 -1.11086 0.606549 0.0662777 -1.38233 -1.96054 -1.13132 -0.4772 
1.20441 -1.82358 -1.59703 1.39542 -1.12931 -1.2695 1.41066 -1.11086 0.606549 0.0662777 -1.38233 -1.96054 -1.13132 -0.4772 
1.20441 -1.82363 -1.59709 1.39541 -1.12923 -1.26946 1.4106 -1.11086 0.606549 0.0662777 -1.38233 -1.96054 -1.13132 -0.4772 
1.20434 -1.82379 -1.59707 1.39543 -1.12921 -1.2697 1.41098 -1.11086 0.606549 0.0662777 -1.38233 -1.96054 -1.13132 -0.4772 
1.20451 -1.82337 -1.59696 1.39549 -1.12948 -1.26916 1.41028 -1.11086 0.606549 0.0662777 -1.38233 -1.96054 -1.13132 -0.4772 
1.20451 -1.8234 -1.59699 1.39553 -1.12949 -1.26911 1.41034 -1.11086 0.606549 0.0662777 -1.38233 -1.96054 -1.13132 -0.4772 
