0.651836 -0.966714 -0.256854 1.48363 -2.47493 -1.91598 1.35325 -0.978037 0.566694 -0.146249 -1.53117 1.50462 1.19108 2.62149 
0.651431 -0.969037 -0.256913 1.47861 -2.47511 -1.91374 1.35164 -0.96595 0.581799 -0.137839 -1.51058 1.52138 1.17319 2.63148 
0.65143 -0.969038 -0.256913 1.4786 -2.47511 -1.91374 1.35164 -0.959348 0.577047 -0.14071 -1.50572 1.51263 1.16391 2.62658 
0.65143 -0.969038 -0.256913 1.4786 -2.47511 -1.91374 1.35164 -0.950714 0.570354 -0.145514 -1.50615 1.50369 1.14662 2.61629 
0.65143 -0.969038 -0.256913 1.4786 -2.47511 -1.91374 1.35164 -0.952857 0.573379 -0.143788 -1.50615 1.51194 1.14452 2.60293 
0.65143 -0.969038 -0.256913 1.4786 -2.47511 -1.91374 1.35164 -0.952041 0.580391 -0.146347 -1.49031 1.49766 1.15199 2.61564 
0.65143 -0.969038 -0.256913 1.4786 -2.47511 -1.91374 1.35164 -0.953976 0.584798 -0.145754 -1.48408 1.49668 1.15654 2.60646 
0.65143 -0.969038 -0.256913 1.4786 -2.47511 -1.91374 1.35164 -0.959457 0.5876 -0.140409 -1.48972 1.51423 1.15755 2.56808 
0.65143 -0.969038 -0.256913 1.4786 -2.47511 -1.91374 1.35164 -0.960532 0.590498 -0.141069 -1.48417 1.50972 1.16334 2.58652 
0.65143 -0.969038 -0.256913 1.4786 -2.47511 -1.91374 1.35164 -0.962653 0.593724 -0.140321 -1.4803 1.50908 1.16948 2.58972 
0.65143 -0.969038 -0.256913 1.4786 -2.47511 -1.91374 1.35164 -0.965325 0.595685 -0.138174 -1.48081 1.51457 1.1727 2.57206 
0.65143 -0.969038 -0.256913 1.4786 -2.47511 -1.91374 1.35164 -0.964833 0.599445 -0.140882 -1.47038 1.50186 1.18038 2.60745 
0.65143 -0.969038 -0.256913 1.4786 -2.47511 -1.91374 1.35164 -0.965093 0.598843 -0.140711 -1.47161 1.50291 1.17828 2.58399 
0.65143 -0.969038 -0.256913 1.4786 -2.47511 -1.91374 1.35164 -0.966021 0.601781 -0.141323 -1.46679 1.49924 1.18395 2.60945 
0.65143 -0.969038 -0.256913 1.4786 -2.47511 -1.91374 1.35164 -0.966109 0.604456 -0.142871 -1.45961 1.49211 1.18867 2.62054 
0.65143 -0.969038 -0.256913 1.4786 -2.47511 -1.91374 1.35164 -0.968773 0.608539 -0.141847 -1.45505 1.49309 1.19471 2.625 
0.65143 -0.969038 -0.256913 1.4786 -2.47511 -1.91374 1.35164 -0.97184 0.613613 -0.140711 -1.44978 1.49302 1.20251 2.63171 
0.65143 -0.969038 -0.256913 1.4786 -2.47511 -1.91374 1.35164 -0.972389 0.613656 -0.140925 -1.44998 1.49275 1.20274 2.62457 
0.65143 -0.969038 -0.256913 1.4786 -2.47511 -1.91374 1.35164 -0.972 0.614723 -0.143329 -1.44477 1.4835 1.20621 2.61989 
0.65143 -0.969038 -0.256913 1.4786 -2.47511 -1.91374 1.35164 -0.97389 0.616898 -0.143063 -1.44214 1.48092 1.21081 2.60671 
0.65143 -0.969038 -0.256913 1.4786 -2.47511 -1.91374 1.35164 -0.977758 0.621094 -0.140895 -1.43932 1.48314 1.21887 2.60186 
0.65143 -0.969038 -0.256913 1.4786 -2.47511 -1.91374 1.35164 -0.976318 0.62247 -0.144057 -1.43171 1.47141 1.22497 2.62946 
0.65143 -0.969038 -0.256913 1.4786 -2.47511 -1.91374 1.35164 -0.976211 0.62444 -0.144729 -1.42528 1.46409 1.23165 2.63519 
0.65143 -0.969038 -0.256913 1.4786 -2.47511 -1.91374 1.35164 -0.974291 0.623961 -0.145469 -1.42244 1.45839 1.23213 2.62758 
0.65143 -0.969038 -0.256913 1.4786 -2.47511 -1.91374 1.35164 -0.971465 0.624764 -0.146712 -1.41705 1.45123 1.23529 2.64994 
0.65143 -0.969038 -0.256913 1.4786 -2.47511 -1.91374 1.35164 -0.96785 0.622947 -0.146258 -1.41844 1.4505 1.22974 2.63566 
0.65143 -0.969038 -0.256913 1.4786 -2.47511 -1.91374 1.35164 -0.960931 0.623379 -0.149257 -1.41085 1.43742 1.22743 2.64364 
0.65143 -0.969038 -0.256913 1.4786 -2.47511 -1.91374 1.35164 -0.955147 0.623717 -0.150212 -1.40724 1.43116 1.22352 2.64681 
0.65143 -0.969038 -0.256913 1.4786 -2.47511 -1.91374 1.35164 -0.94527 0.620849 -0.154246 -1.40327 1.41844 1.21383 2.65035 
0.65143 -0.969038 -0.256913 1.4786 -2.47511 -1.91374 1.35164 -0.934778 0.619789 -0.160169 -1.39355 1.39903 1.20934 2.67409 
0.65143 -0.969038 -0.256913 1.4786 -2.47511 -1.91374 1.35164 -0.930376 0.620993 -0.159447 -1.39191 1.39852 1.20565 2.68228 
0.65143 -0.969038 -0.256913 1.4786 -2.47511 -1.91374 1.35164 -0.922261 0.622147 -0.163201 -1.38231 1.3849 1.20442 2.70862 
0.65143 -0.969038 -0.256913 1.4786 -2.47511 -1.91374 1.35164 -0.918388 0.62263 -0.161557 -1.3829 1.38655 1.19925 2.70251 
0.65143 -0.969038 -0.256913 1.4786 -2.47511 -1.91374 1.35164 -0.905369 0.620098 -0.168975 -1.37475 1.36644 1.19038 2.72886 
0.65143 -0.969038 -0.256913 1.4786 -2.47511 -1.91374 1.35164 -0.897135 0.621314 -0.17295 -1.36765 1.35473 1.18637 2.75235 
0.65143 -0.969038 -0.256913 1.4786 -2.47511 -1.91374 1.35164 -0.892618 0.622809 -0.173732 -1.36494 1.35288 1.18237 2.76553 
0.65143 -0.969038 -0.256913 1.4786 -2.47511 -1.91374 1.35164 -0.886006 0.622657 -0.17663 -1.36149 1.34452 1.17596 2.77037 
0.65143 -0.969038 -0.256913 1.4786 -2.47511 -1.91374 1.35164 -0.880949 0.623424 -0.179608 -1.35625 1.33572 1.17315 2.77715 
0.65143 -0.969038 -0.256913 1.4786 -2.47511 -1.91374 1.35164 -0.878132 0.625328 -0.181732 -1.35104 1.3285 1.17474 2.78549 
0.65143 -0.969038 -0.256913 1.4786 -2.47511 -1.91374 1.35164 -0.877901 0.626269 -0.182241 -1.3498 1.32858 1.17578 2.79806 
0.65143 -0.969038 -0.256913 1.4786 -2.47511 -1.91374 1.35164 -0.878317 0.62448 -0.180821 -1.3547 1.33303 1.17096 2.78491 
0.65143 -0.969038 -0.256913 1.4786 -2.47511 -1.91374 1.35164 -0.87934 0.626503 -0.181388 -1.34762 1.32831 1.17925 2.79216 
0.65143 -0.969038 -0.256913 1.4786 -2.47511 -1.91374 1.35164 -0.879448 0.626657 -0.181395 -1.34703 1.3279 1.17992 2.7927 
0.65143 -0.969038 -0.256913 1.4786 -2.47511 -1.91374 1.35164 -0.880786 0.628071 -0.179855 -1.34721 1.33077 1.17998 2.78446 
0.65143 -0.969038 -0.256913 1.4786 -2.47511 -1.91374 1.35164 -0.879247 0.628978 -0.182007 -1.34341 1.32604 1.18235 2.80024 
0.65143 -0.969038 -0.256913 1.4786 -2.47511 -1.91374 1.35164 -0.879051 0.62702 -0.181216 -1.34782 1.32843 1.17751 2.78672 
0.65143 -0.969038 -0.256913 1.4786 -2.47511 -1.91374 1.35164 -0.878441 0.626431 -0.181753 -1.34835 1.32767 1.17593 2.78672 
0.65143 -0.969038 -0.256913 1.4786 -2.47511 -1.91374 1.35164 -0.880211 0.627248 -0.180134 -1.34915 1.33131 1.17699 2.78415 
0.65143 -0.969038 -0.256913 1.4786 -2.47511 -1.91374 1.35164 -0.879127 0.625016 -0.180414 -1.35298 1.33339 1.17222 2.78299 
0.65143 -0.969038 -0.256913 1.4786 -2.47511 -1.91374 1.35164 -0.878616 0.625418 -0.181419 -1.35078 1.33075 1.17359 2.78758 
0.65143 -0.969038 -0.256913 1.4786 -2.47511 -1.91374 1.35164 -0.881065 0.624039 -0.178006 -1.35802 1.34043 1.16959 2.77191 
0.65143 -0.969038 -0.256913 1.4786 -2.47511 -1.91374 1.35164 -0.878813 0.626366 -0.181405 -1.34931 1.32969 1.17575 2.78864 
0.65143 -0.969038 -0.256913 1.4786 -2.47511 -1.91374 1.35164 -0.880312 0.625986 -0.179884 -1.35216 1.33435 1.17478 2.78325 
0.65143 -0.969038 -0.256913 1.4786 -2.47511 -1.91374 1.35164 -0.875259 0.606767 -0.177605 -1.39097 1.36067 1.13751 2.7686 
0.65143 -0.969038 -0.256913 1.4786 -2.47511 -1.91374 1.35164 -0.867984 0.59903 -0.183387 -1.39583 1.34836 1.12636 2.76502 
0.65143 -0.969038 -0.256913 1.4786 -2.47511 -1.91374 1.35164 -0.865956 0.599279 -0.18788 -1.38898 1.33339 1.13284 2.77481 
0.65143 -0.969038 -0.256913 1.4786 -2.47511 -1.91374 1.35164 -0.862238 0.597737 -0.193672 -1.38237 1.31489 1.13654 2.77785 
0.65143 -0.969038 -0.256913 1.4786 -2.47511 -1.91374 1.35164 -0.866383 0.59815 -0.192346 -1.38343 1.31527 1.14212 2.76196 
0.65143 -0.969038 -0.256913 1.4786 -2.47511 -1.91374 1.35164 -0.868561 0.602465 -0.195245 -1.37249 1.30247 1.15845 2.77581 
0.65143 -0.969038 -0.256913 1.4786 -2.47511 -1.91374 1.35164 -0.870466 0.60549 -0.19753 -1.36401 1.29119 1.17071 2.77668 
0.65143 -0.969038 -0.256913 1.4786 -2.47511 -1.91374 1.35164 -0.871743 0.605761 -0.199474 -1.36104 1.28378 1.1775 2.77675 
0.65143 -0.969038 -0.256913 1.4786 -2.47511 -1.91374 1.35164 -0.870533 0.606468 -0.204354 -1.35329 1.2679 1.18663 2.78652 
0.65143 -0.969038 -0.256913 1.4786 -2.47511 -1.91374 1.35164 -0.874379 0.611534 -0.206017 -1.34412 1.26117 1.20418 2.80859 
0.65143 -0.969038 -0.256913 1.4786 -2.47511 -1.91374 1.35164 -0.87422 0.609637 -0.208655 -1.34282 1.25145 1.2069 2.79657 
0.65143 -0.969038 -0.256913 1.4786 -2.47511 -1.91374 1.35164 -0.876128 0.610514 -0.210122 -1.33811 1.24209 1.21433 2.78288 
0.65143 -0.969038 -0.256913 1.4786 -2.47511 -1.91374 1.35164 -0.878955 0.615818 -0.212436 -1.32573 1.2298 1.2324 2.7921 
0.65143 -0.969038 -0.256913 1.4786 -2.47511 -1.91374 1.35164 -0.877649 0.615484 -0.216664 -1.32065 1.21764 1.23851 2.79771 
0.65143 -0.969038 -0.256913 1.4786 -2.47511 -1.91374 1.35164 -0.880169 0.617843 -0.216979 -1.31641 1.21475 1.24649 2.79966 
0.65143 -0.969038 -0.256913 1.4786 -2.47511 -1.91374 1.35164 -0.881513 0.614099 -0.215812 -1.32481 1.21835 1.23994 2.78011 
0.65143 -0.969038 -0.256913 1.4786 -2.47511 -1.91374 1.35164 -0.884156 0.613391 -0.214368 -1.32962 1.22358 1.23966 2.77607 
0.65143 -0.969038 -0.256913 1.4786 -2.47511 -1.91374 1.35164 -0.884256 0.614466 -0.215686 -1.32615 1.21824 1.24455 2.77871 
0.65143 -0.969038 -0.256913 1.4786 -2.47511 -1.91374 1.35164 -0.885626 0.613386 -0.214966 -1.32912 1.21902 1.24397 2.76869 
0.65143 -0.969038 -0.256913 1.4786 -2.47511 -1.91374 1.35164 -0.888179 0.613849 -0.213787 -1.33138 1.22328 1.24676 2.77221 
0.65143 -0.969038 -0.256913 1.4786 -2.47511 -1.91374 1.35164 -0.890514 0.6132 -0.212159 -1.3345 1.22604 1.24634 2.7584 
0.65143 -0.969038 -0.256913 1.4786 -2.47511 -1.91374 1.35164 -0.886665 0.612621 -0.216493 -1.33103 1.21681 1.24806 2.77626 
0.65143 -0.969038 -0.256913 1.4786 -2.47511 -1.91374 1.35164 -0.889682 0.614336 -0.214544 -1.33065 1.21876 1.25179 2.76706 
0.65143 -0.969038 -0.256913 1.4786 -2.47511 -1.91374 1.35164 -0.891414 0.613815 -0.21371 -1.33491 1.22381 1.25195 2.7728 
0.65143 -0.969038 -0.256913 1.4786 -2.47511 -1.91374 1.35164 -0.889955 0.613202 -0.21548 -1.33388 1.21844 1.25228 2.77192 
0.65143 -0.969038 -0.256913 1.4786 -2.47511 -1.91374 1.35164 -0.893735 0.611515 -0.211875 -1.3421 1.22789 1.24785 2.75129 
0.65143 -0.969038 -0.256913 1.4786 -2.47511 -1.91374 1.35164 -0.893208 0.610246 -0.212054 -1.3425 1.22438 1.24633 2.7378 
0.65143 -0.969038 -0.256913 1.4786 -2.47511 -1.91374 1.35164 -0.893572 0.609889 -0.212183 -1.34472 1.22652 1.2463 2.74527 
0.65143 -0.969038 -0.256913 1.4786 -2.47511 -1.91374 1.35164 -0.895348 0.611506 -0.211122 -1.34471 1.22917 1.24936 2.74868 
0.65143 -0.969038 -0.256913 1.4786 -2.47511 -1.91374 1.35164 -0.900168 0.610409 -0.205863 -1.354 1.24207 1.2448 2.72318 
0.65143 -0.969038 -0.256913 1.4786 -2.47511 -1.91374 1.35164 -0.899802 0.611369 -0.206533 -1.35141 1.2396 1.24642 2.7266 
0.65143 -0.969038 -0.256913 1.4786 -2.47511 -1.91374 1.35164 -0.897527 0.611475 -0.209064 -1.34845 1.23439 1.24745 2.73927 
