1.01437 -1.94313 -1.82853 1.26662 -1.0124 -1.15002 2.00423 -1.73466 1.83946 -1.01339 1.5778 1.98193 0.794783 -2.04402 
1.01744 -1.93812 -1.82342 1.2638 -1.01219 -1.14087 1.99625 -1.72339 1.82494 -0.998211 1.55619 1.99161 0.846269 -2.12605 
1.01524 -1.93618 -1.82445 1.26002 -1.01509 -1.13857 1.99218 -1.73434 1.83597 -1.01353 1.57807 1.97913 0.799732 -2.05331 
1.01179 -1.93459 -1.82576 1.25284 -1.01455 -1.14637 1.98449 -1.71741 1.81725 -0.992987 1.54168 1.99674 0.870961 -2.16146 
1.00978 -1.93535 -1.82695 1.2486 -1.01399 -1.15343 1.9809 -1.72035 1.82007 -0.995756 1.54732 1.99146 0.859297 -2.14962 
1.01002 -1.9375 -1.82813 1.25047 -1.01396 -1.15397 1.98637 -1.73395 1.82828 -1.0128 1.57158 1.97785 0.813357 -2.069 
1.01342 -1.93935 -1.8289 1.25847 -1.01335 -1.15152 1.99492 -1.71448 1.82595 -0.987475 1.53745 1.99816 0.870262 -2.18409 
1.02126 -1.94242 -1.82951 1.27521 -1.01591 -1.14231 2.00424 -1.72822 1.82928 -1.00666 1.55922 1.98476 0.828691 -2.09937 
1.03016 -1.94556 -1.82912 1.29453 -1.01756 -1.13358 2.01268 -1.71715 1.818 -0.995549 1.53597 1.99544 0.867415 -2.15528 
1.04053 -1.94399 -1.82386 1.30851 -1.01336 -1.12648 2.01393 -1.71023 1.82053 -0.987288 1.52519 2.00026 0.883187 -2.19911 
1.04668 -1.94536 -1.82245 1.32007 -1.01344 -1.12004 2.01896 -1.71947 1.82903 -0.998896 1.54271 1.99145 0.848532 -2.14246 
1.05132 -1.94746 -1.82309 1.33046 -1.01648 -1.11296 2.02467 -1.70988 1.8273 -0.985872 1.5273 1.99585 0.875033 -2.21123 
1.05438 -1.94932 -1.82354 1.33771 -1.01735 -1.11034 2.02906 -1.71545 1.83162 -0.993176 1.53603 1.99358 0.85565 -2.17053 
1.05662 -1.95151 -1.8242 1.34427 -1.01809 -1.10934 2.0328 -1.70613 1.8219 -0.983313 1.51521 2.00473 0.890239 -2.21689 
1.05991 -1.95376 -1.82485 1.3529 -1.01889 -1.1069 2.03778 -1.70523 1.83026 -0.97918 1.51681 2.00269 0.885587 -2.23627 
1.06703 -1.95464 -1.82346 1.36537 -1.01862 -1.10069 2.04266 -1.70355 1.81841 -0.98076 1.50793 2.00444 0.899457 -2.2377 
1.07231 -1.95705 -1.82337 1.37674 -1.01913 -1.09633 2.04914 -1.70336 1.81968 -0.98121 1.50475 2.00995 0.89739 -2.22143 
1.07579 -1.95933 -1.8234 1.38467 -1.01848 -1.09552 2.05358 -1.69852 1.83137 -0.9719 1.49936 2.01412 0.899727 -2.25715 
1.07906 -1.96234 -1.82352 1.39279 -1.01661 -1.0991 2.05681 -1.69701 1.83607 -0.968606 1.49807 2.01334 0.899037 -2.27521 
1.08182 -1.96392 -1.82293 1.39835 -1.01409 -1.10181 2.0591 -1.70197 1.82793 -0.975754 1.50185 2.01044 0.894082 -2.24154 
1.08028 -1.96685 -1.82479 1.39921 -1.01312 -1.10711 2.06244 -1.69936 1.83594 -0.968434 1.50088 2.01101 0.89581 -2.27204 
1.07637 -1.96699 -1.82443 1.39411 -1.01443 -1.11654 2.06395 -1.69883 1.83364 -0.96691 1.49759 2.01563 0.900591 -2.27053 
1.28263 -1.96699 -1.88368 1.91511 -1.28751 -0.781511 2.34536 -1.69928 1.83448 -0.967873 1.499 2.01372 0.89866 -2.27074 
1.12224 -1.93158 -1.78669 1.46646 -1.0718 -1.07436 2.09824 -1.54362 1.60612 -1.02182 1.2281 2.09139 1.19231 -2.25233 
1.10253 -1.92876 -1.78265 1.42018 -1.06036 -1.10073 2.07957 -1.5221 1.58763 -1.02605 1.18353 2.10687 1.23073 -2.24639 
1.09806 -1.92795 -1.7817 1.40959 -1.05775 -1.10655 2.0753 -1.5051 1.58214 -1.0261 1.14622 2.12491 1.25884 -2.24376 
