1.04395 -1.89227 -1.77072 1.28568 -1.06506 -1.11459 1.98557 -1.11007 0.610447 0.0654194 -1.37338 -1.9629 -1.13369 -0.471729 
1.04438 -1.8874 -1.76506 1.27813 -1.06155 -1.1135 1.97351 -1.11086 0.606555 0.0662764 -1.38232 -1.96055 -1.13132 -0.477192 
1.04284 -1.88398 -1.76562 1.27466 -1.06484 -1.10835 1.96845 -1.11086 0.606549 0.0662777 -1.38233 -1.96054 -1.13132 -0.4772 
1.0404 -1.88287 -1.76649 1.27004 -1.06553 -1.11123 1.96275 -1.11086 0.606549 0.0662777 -1.38233 -1.96054 -1.13132 -0.4772 
1.03914 -1.88195 -1.76627 1.26576 -1.06466 -1.11512 1.9573 -1.11086 0.606549 0.0662777 -1.38233 -1.96054 -1.13132 -0.4772 
1.03901 -1.8839 -1.76793 1.26718 -1.0654 -1.11524 1.96266 -1.11086 0.606549 0.0662777 -1.38233 -1.96054 -1.13132 -0.4772 
1.0421 -1.88542 -1.76959 1.27479 -1.06618 -1.11246 1.97069 -1.11086 0.606549 0.0662777 -1.38233 -1.96054 -1.13132 -0.4772 
1.04884 -1.8861 -1.76983 1.28767 -1.06724 -1.10654 1.97633 -1.11086 0.606549 0.0662777 -1.38233 -1.96054 -1.13132 -0.4772 
1.05715 -1.88728 -1.7691 1.30314 -1.06698 -1.1011 1.98307 -1.11086 0.606549 0.0662777 -1.38233 -1.96054 -1.13132 -0.4772 
1.06447 -1.88916 -1.76742 1.31602 -1.06718 -1.09543 1.98802 -1.11086 0.606549 0.0662777 -1.38233 -1.96054 -1.13132 -0.4772 
1.07103 -1.88969 -1.76833 1.32999 -1.06985 -1.08732 1.99405 -1.11086 0.606549 0.0662777 -1.38233 -1.96054 -1.13132 -0.4772 
1.07636 -1.88998 -1.76787 1.33958 -1.07037 -1.08232 1.99813 -1.11086 0.606549 0.0662777 -1.38233 -1.96054 -1.13132 -0.4772 
1.08062 -1.89033 -1.76757 1.34785 -1.07102 -1.07801 2.00174 -1.11086 0.606549 0.0662777 -1.38233 -1.96054 -1.13132 -0.4772 
1.08315 -1.89202 -1.76798 1.35397 -1.07183 -1.07606 2.0053 -1.11086 0.606549 0.0662777 -1.38233 -1.96054 -1.13132 -0.4772 
1.08716 -1.89271 -1.76806 1.36127 -1.07198 -1.07368 2.00849 -1.11086 0.606549 0.0662777 -1.38233 -1.96054 -1.13132 -0.4772 
1.09341 -1.89396 -1.76844 1.374 -1.07382 -1.06744 2.01468 -1.11086 0.606549 0.0662777 -1.38233 -1.96054 -1.13132 -0.4772 
