0.541694 -0.7709 -0.145382 1.3523 -2.35617 -0.869291 1.31578 -1.11046 0.608541 0.0658396 -1.37776 -1.96175 -1.13253 -0.474404 
0.519818 -0.765804 -0.127115 1.30211 -2.29697 -0.741603 1.26181 -1.11086 0.606558 0.0662759 -1.38231 -1.96055 -1.13132 -0.477188 
0.519911 -0.766269 -0.127124 1.30089 -2.29604 -0.741157 1.26075 -1.11086 0.606549 0.0662777 -1.38233 -1.96054 -1.13132 -0.4772 
0.52015 -0.766184 -0.12702 1.30335 -2.29658 -0.742323 1.26186 -1.11086 0.606549 0.0662777 -1.38233 -1.96054 -1.13132 -0.4772 
0.519985 -0.76501 -0.12694 1.30458 -2.2979 -0.744404 1.26473 -1.11086 0.606549 0.0662777 -1.38233 -1.96054 -1.13132 -0.4772 
0.520114 -0.763574 -0.128164 1.30246 -2.29329 -0.740876 1.25667 -1.11086 0.606549 0.0662777 -1.38233 -1.96054 -1.13132 -0.4772 
0.525061 -0.763565 -0.129074 1.30211 -2.28064 -0.744346 1.24314 -1.11086 0.606549 0.0662777 -1.38233 -1.96054 -1.13132 -0.4772 
0.524314 -0.762694 -0.129293 1.30665 -2.28379 -0.743739 1.24512 -1.11086 0.606549 0.0662777 -1.38233 -1.96054 -1.13132 -0.4772 
0.526977 -0.7607 -0.132069 1.31118 -2.27836 -0.755531 1.24116 -1.11086 0.606549 0.0662777 -1.38233 -1.96054 -1.13132 -0.4772 
0.526447 -0.761085 -0.131032 1.31685 -2.29102 -0.761097 1.25622 -1.11086 0.606549 0.0662777 -1.38233 -1.96054 -1.13132 -0.4772 
0.529075 -0.762627 -0.132933 1.32161 -2.2985 -0.780972 1.26787 -1.11086 0.606549 0.0662777 -1.38233 -1.96054 -1.13132 -0.4772 
0.534623 -0.75597 -0.134584 1.31724 -2.26368 -0.768972 1.22588 -1.11086 0.606549 0.0662777 -1.38233 -1.96054 -1.13132 -0.4772 
0.540517 -0.750164 -0.140095 1.31701 -2.25484 -0.772986 1.20176 -1.11086 0.606549 0.0662777 -1.38233 -1.96054 -1.13132 -0.4772 
0.542413 -0.743408 -0.143187 1.31649 -2.23909 -0.770576 1.17941 -1.11086 0.606549 0.0662777 -1.38233 -1.96054 -1.13132 -0.4772 
