1.10725 -1.76192 -1.62452 1.45989 -1.36361 -1.03572 2.12552 -1.11007 0.610447 0.0654194 -1.37338 -1.9629 -1.13369 -0.471729 
1.10943 -1.75455 -1.61892 1.45478 -1.35942 -1.03112 2.10971 -1.11086 0.606558 0.0662759 -1.38231 -1.96055 -1.13132 -0.477188 
1.10718 -1.75725 -1.61927 1.45145 -1.35647 -1.03718 2.11189 -1.11086 0.606549 0.0662777 -1.38233 -1.96054 -1.13132 -0.4772 
1.10782 -1.75753 -1.61787 1.44964 -1.3513 -1.04309 2.10859 -1.11086 0.606549 0.0662777 -1.38233 -1.96054 -1.13132 -0.4772 
1.11077 -1.75588 -1.61684 1.45027 -1.35094 -1.04215 2.10303 -1.11086 0.606549 0.0662777 -1.38233 -1.96054 -1.13132 -0.4772 
1.11609 -1.75435 -1.61518 1.45301 -1.35191 -1.03857 2.09774 -1.11086 0.606549 0.0662777 -1.38233 -1.96054 -1.13132 -0.4772 
1.12323 -1.75333 -1.61308 1.46019 -1.35085 -1.03676 2.09471 -1.11086 0.606549 0.0662777 -1.38233 -1.96054 -1.13132 -0.4772 
1.12915 -1.75118 -1.61068 1.46587 -1.34811 -1.03636 2.08971 -1.11086 0.606549 0.0662777 -1.38233 -1.96054 -1.13132 -0.4772 
1.13298 -1.75106 -1.61 1.47062 -1.34795 -1.03606 2.08823 -1.11086 0.606549 0.0662777 -1.38233 -1.96054 -1.13132 -0.4772 
1.13608 -1.75066 -1.60884 1.47387 -1.34729 -1.03556 2.08641 -1.11086 0.606549 0.0662777 -1.38233 -1.96054 -1.13132 -0.4772 
1.13879 -1.7499 -1.60787 1.47665 -1.34664 -1.03466 2.08449 -1.11086 0.606549 0.0662777 -1.38233 -1.96054 -1.13132 -0.4772 
1.1403 -1.74982 -1.60696 1.47786 -1.34478 -1.03598 2.08318 -1.11086 0.606549 0.0662777 -1.38233 -1.96054 -1.13132 -0.4772 
1.14118 -1.75022 -1.60677 1.47907 -1.34475 -1.03603 2.08349 -1.11086 0.606549 0.0662777 -1.38233 -1.96054 -1.13132 -0.4772 
1.14253 -1.74989 -1.60659 1.48127 -1.34605 -1.03395 2.08431 -1.11086 0.606549 0.0662777 -1.38233 -1.96054 -1.13132 -0.4772 
1.14321 -1.75026 -1.60708 1.48297 -1.3475 -1.03294 2.08483 -1.11086 0.606549 0.0662777 -1.38233 -1.96054 -1.13132 -0.4772 
1.1453 -1.74949 -1.60601 1.48445 -1.34628 -1.03335 2.082 -1.11086 0.606549 0.0662777 -1.38233 -1.96054 -1.13132 -0.4772 
1.14879 -1.74933 -1.60546 1.48826 -1.34721 -1.03201 2.08072 -1.11086 0.606549 0.0662777 -1.38233 -1.96054 -1.13132 -0.4772 
1.15157 -1.74926 -1.60486 1.49182 -1.34662 -1.03223 2.07961 -1.11086 0.606549 0.0662777 -1.38233 -1.96054 -1.13132 -0.4772 
1.15313 -1.74998 -1.60543 1.495 -1.34802 -1.0314 2.08155 -1.11086 0.606549 0.0662777 -1.38233 -1.96054 -1.13132 -0.4772 
1.15334 -1.75011 -1.60502 1.49517 -1.34712 -1.03208 2.0813 -1.11086 0.606549 0.0662777 -1.38233 -1.96054 -1.13132 -0.4772 
1.15372 -1.74916 -1.60486 1.49505 -1.3472 -1.03114 2.08019 -1.11086 0.606549 0.0662777 -1.38233 -1.96054 -1.13132 -0.4772 
1.15356 -1.75015 -1.60426 1.4955 -1.34614 -1.03245 2.0806 -1.11086 0.606549 0.0662777 -1.38233 -1.96054 -1.13132 -0.4772 
1.15376 -1.75079 -1.60533 1.49639 -1.34894 -1.03052 2.08246 -1.11086 0.606549 0.0662777 -1.38233 -1.96054 -1.13132 -0.4772 
1.15395 -1.75012 -1.6053 1.49621 -1.34896 -1.02991 2.08232 -1.11086 0.606549 0.0662777 -1.38233 -1.96054 -1.13132 -0.4772 
1.15412 -1.75035 -1.60517 1.49662 -1.34921 -1.02938 2.0822 -1.11086 0.606549 0.0662777 -1.38233 -1.96054 -1.13132 -0.4772 
1.15427 -1.7496 -1.60459 1.49633 -1.34852 -1.02899 2.08203 -1.11086 0.606549 0.0662777 -1.38233 -1.96054 -1.13132 -0.4772 
1.1529 -1.7514 -1.60504 1.49527 -1.34751 -1.03225 2.08232 -1.11086 0.606549 0.0662777 -1.38233 -1.96054 -1.13132 -0.4772 
1.15316 -1.7502 -1.60395 1.4946 -1.34553 -1.03308 2.08005 -1.11086 0.606549 0.0662777 -1.38233 -1.96054 -1.13132 -0.4772 
1.15333 -1.74955 -1.60354 1.49425 -1.3448 -1.03322 2.07915 -1.11086 0.606549 0.0662777 -1.38233 -1.96054 -1.13132 -0.4772 
1.15345 -1.74941 -1.60364 1.49413 -1.34546 -1.03283 2.0779 -1.11086 0.606549 0.0662777 -1.38233 -1.96054 -1.13132 -0.4772 
1.15413 -1.74876 -1.60401 1.49542 -1.3479 -1.02955 2.07848 -1.11086 0.606549 0.0662777 -1.38233 -1.96054 -1.13132 -0.4772 
1.1538 -1.75 -1.60481 1.49602 -1.34944 -1.0293 2.07993 -1.11086 0.606549 0.0662777 -1.38233 -1.96054 -1.13132 -0.4772 
1.15436 -1.74901 -1.6043 1.49567 -1.34873 -1.02919 2.07789 -1.11086 0.606549 0.0662777 -1.38233 -1.96054 -1.13132 -0.4772 
1.15363 -1.75016 -1.60508 1.49598 -1.34966 -1.02937 2.08001 -1.11086 0.606549 0.0662777 -1.38233 -1.96054 -1.13132 -0.4772 
1.15355 -1.75056 -1.60558 1.49588 -1.35013 -1.02951 2.08076 -1.11086 0.606549 0.0662777 -1.38233 -1.96054 -1.13132 -0.4772 
1.15378 -1.74915 -1.60415 1.49498 -1.34743 -1.03041 2.07822 -1.11086 0.606549 0.0662777 -1.38233 -1.96054 -1.13132 -0.4772 
1.15418 -1.74798 -1.60328 1.4947 -1.34637 -1.03047 2.07625 -1.11086 0.606549 0.0662777 -1.38233 -1.96054 -1.13132 -0.4772 
1.1541 -1.74821 -1.60356 1.4947 -1.34671 -1.03047 2.07632 -1.11086 0.606549 0.0662777 -1.38233 -1.96054 -1.13132 -0.4772 
1.15409 -1.7487 -1.60434 1.49543 -1.34832 -1.02934 2.07822 -1.11086 0.606549 0.0662777 -1.38233 -1.96054 -1.13132 -0.4772 
1.15402 -1.7492 -1.60503 1.496 -1.34982 -1.02867 2.07995 -1.11086 0.606549 0.0662777 -1.38233 -1.96054 -1.13132 -0.4772 
1.15338 -1.7498 -1.6048 1.49485 -1.34838 -1.03132 2.07963 -1.11086 0.606549 0.0662777 -1.38233 -1.96054 -1.13132 -0.4772 
1.15358 -1.74901 -1.60395 1.4942 -1.34685 -1.03193 2.07803 -1.11086 0.606549 0.0662777 -1.38233 -1.96054 -1.13132 -0.4772 
1.15323 -1.74968 -1.60453 1.49478 -1.34747 -1.03166 2.08055 -1.11086 0.606549 0.0662777 -1.38233 -1.96054 -1.13132 -0.4772 
1.15334 -1.75012 -1.60478 1.49544 -1.34791 -1.03143 2.08198 -1.11086 0.606549 0.0662777 -1.38233 -1.96054 -1.13132 -0.4772 
1.15288 -1.7508 -1.60489 1.49518 -1.34784 -1.03228 2.08204 -1.11086 0.606549 0.0662777 -1.38233 -1.96054 -1.13132 -0.4772 
1.1535 -1.74955 -1.60405 1.49496 -1.34639 -1.03222 2.08087 -1.11086 0.606549 0.0662777 -1.38233 -1.96054 -1.13132 -0.4772 
1.15305 -1.74965 -1.6037 1.49395 -1.34504 -1.03387 2.07953 -1.11086 0.606549 0.0662777 -1.38233 -1.96054 -1.13132 -0.4772 
1.15279 -1.75017 -1.60406 1.49378 -1.34515 -1.03453 2.07967 -1.11086 0.606549 0.0662777 -1.38233 -1.96054 -1.13132 -0.4772 
1.15312 -1.74979 -1.60401 1.49438 -1.34585 -1.03324 2.08004 -1.11086 0.606549 0.0662777 -1.38233 -1.96054 -1.13132 -0.4772 
1.15352 -1.74891 -1.60345 1.49422 -1.3448 -1.03312 2.07913 -1.11086 0.606549 0.0662777 -1.38233 -1.96054 -1.13132 -0.4772 
1.15364 -1.74885 -1.60358 1.49488 -1.3456 -1.03188 2.07988 -1.11086 0.606549 0.0662777 -1.38233 -1.96054 -1.13132 -0.4772 
1.15391 -1.74805 -1.603 1.49417 -1.3445 -1.03235 2.07831 -1.11086 0.606549 0.0662777 -1.38233 -1.96054 -1.13132 -0.4772 
1.15351 -1.74862 -1.60336 1.49399 -1.34489 -1.0326 2.0783 -1.11086 0.606549 0.0662777 -1.38233 -1.96054 -1.13132 -0.4772 
1.15411 -1.74782 -1.60302 1.49425 -1.34483 -1.03155 2.0782 -1.11086 0.606549 0.0662777 -1.38233 -1.96054 -1.13132 -0.4772 
1.15396 -1.74822 -1.60348 1.49481 -1.34598 -1.03094 2.07874 -1.11086 0.606549 0.0662777 -1.38233 -1.96054 -1.13132 -0.4772 
1.15463 -1.74719 -1.60308 1.49496 -1.34593 -1.02983 2.07802 -1.11086 0.606549 0.0662777 -1.38233 -1.96054 -1.13132 -0.4772 
1.1539 -1.7482 -1.60345 1.49474 -1.34603 -1.03092 2.07801 -1.11086 0.606549 0.0662777 -1.38233 -1.96054 -1.13132 -0.4772 
1.15417 -1.74825 -1.60394 1.49547 -1.34755 -1.02985 2.07903 -1.11086 0.606549 0.0662777 -1.38233 -1.96054 -1.13132 -0.4772 
1.15338 -1.74968 -1.60453 1.49524 -1.34796 -1.03087 2.08019 -1.11086 0.606549 0.0662777 -1.38233 -1.96054 -1.13132 -0.4772 
1.15412 -1.74884 -1.60448 1.49555 -1.34836 -1.02954 2.07927 -1.11086 0.606549 0.0662777 -1.38233 -1.96054 -1.13132 -0.4772 
1.15289 -1.75389 -1.60512 1.49755 -1.34735 -1.03348 2.08986 -1.11086 0.606549 0.0662777 -1.38233 -1.96054 -1.13132 -0.4772 
1.15271 -1.76099 -1.60605 1.50385 -1.34675 -1.03683 2.11012 -1.11086 0.606549 0.0662777 -1.38233 -1.96054 -1.13132 -0.4772 
1.15223 -1.76879 -1.60734 1.51083 -1.34737 -1.0388 2.13407 -1.11086 0.606549 0.0662777 -1.38233 -1.96054 -1.13132 -0.4772 
1.14926 -1.77997 -1.6095 1.51608 -1.3463 -1.0458 2.16399 -1.11086 0.606549 0.0662777 -1.38233 -1.96054 -1.13132 -0.4772 
1.14475 -1.79142 -1.6115 1.51959 -1.34334 -1.05468 2.1951 -1.11086 0.606549 0.0662777 -1.38233 -1.96054 -1.13132 -0.4772 
1.13964 -1.80403 -1.61462 1.52403 -1.34223 -1.06198 2.23154 -1.11086 0.606549 0.0662777 -1.38233 -1.96054 -1.13132 -0.4772 
1.13315 -1.81697 -1.61758 1.52676 -1.33895 -1.07169 2.26952 -1.11086 0.606549 0.0662777 -1.38233 -1.96054 -1.13132 -0.4772 
1.12536 -1.83065 -1.62034 1.52854 -1.33425 -1.08219 2.31283 -1.11086 0.606549 0.0662777 -1.38233 -1.96054 -1.13132 -0.4772 
1.11773 -1.84255 -1.62186 1.52895 -1.32785 -1.09206 2.3535 -1.11086 0.606549 0.0662777 -1.38233 -1.96054 -1.13132 -0.4772 
1.10838 -1.8555 -1.62436 1.52855 -1.32216 -1.10193 2.39892 -1.11086 0.606549 0.0662777 -1.38233 -1.96054 -1.13132 -0.4772 
1.0989 -1.86753 -1.62653 1.52607 -1.31518 -1.11391 2.43749 -1.11086 0.606549 0.0662777 -1.38233 -1.96054 -1.13132 -0.4772 
1.08824 -1.88061 -1.63005 1.52351 -1.30964 -1.12577 2.47836 -1.11086 0.606549 0.0662777 -1.38233 -1.96054 -1.13132 -0.4772 
1.0798 -1.89005 -1.63128 1.52093 -1.30267 -1.13502 2.51302 -1.11086 0.606549 0.0662777 -1.38233 -1.96054 -1.13132 -0.4772 
1.06966 -1.89738 -1.63365 1.51312 -1.29598 -1.1462 2.53727 -1.11086 0.606549 0.0662777 -1.38233 -1.96054 -1.13132 -0.4772 
1.06233 -1.90086 -1.63559 1.50709 -1.29333 -1.15081 2.55276 -1.11086 0.606549 0.0662777 -1.38233 -1.96054 -1.13132 -0.4772 
1.05721 -1.9024 -1.63564 1.50051 -1.28868 -1.15603 2.55967 -1.11086 0.606549 0.0662777 -1.38233 -1.96054 -1.13132 -0.4772 
1.05512 -1.90195 -1.63526 1.49788 -1.28865 -1.15516 2.56078 -1.11086 0.606549 0.0662777 -1.38233 -1.96054 -1.13132 -0.4772 
1.05377 -1.90198 -1.63591 1.49562 -1.29047 -1.15601 2.55341 -1.11086 0.606549 0.0662777 -1.38233 -1.96054 -1.13132 -0.4772 
1.05577 -1.90131 -1.6361 1.49669 -1.29571 -1.15359 2.53927 -1.11086 0.606549 0.0662777 -1.38233 -1.96054 -1.13132 -0.4772 
1.05766 -1.90096 -1.63666 1.49634 -1.30037 -1.15559 2.51523 -1.11086 0.606549 0.0662777 -1.38233 -1.96054 -1.13132 -0.4772 
1.06289 -1.89916 -1.637 1.50005 -1.30956 -1.15155 2.48612 -1.11086 0.606549 0.0662777 -1.38233 -1.96054 -1.13132 -0.4772 
1.06671 -1.89853 -1.63832 1.50136 -1.317 -1.15342 2.45137 -1.11086 0.606549 0.0662777 -1.38233 -1.96054 -1.13132 -0.4772 
1.07385 -1.89433 -1.63659 1.50223 -1.32153 -1.15422 2.40513 -1.11086 0.606549 0.0662777 -1.38233 -1.96054 -1.13132 -0.4772 
1.08288 -1.88968 -1.63491 1.50601 -1.33009 -1.15007 2.35743 -1.11086 0.606549 0.0662777 -1.38233 -1.96054 -1.13132 -0.4772 
1.08592 -1.88131 -1.62762 1.48192 -1.31078 -1.18299 2.25714 -1.11086 0.606549 0.0662777 -1.38233 -1.96054 -1.13132 -0.4772 
1.08439 -1.88196 -1.62816 1.47806 -1.3089 -1.18884 2.24803 -1.11086 0.606549 0.0662777 -1.38233 -1.96054 -1.13132 -0.4772 
1.09169 -1.87675 -1.62491 1.47632 -1.31151 -1.19131 2.19666 -1.11086 0.606549 0.0662777 -1.38233 -1.96054 -1.13132 -0.4772 
1.09726 -1.8741 -1.62392 1.47356 -1.31582 -1.19709 2.14279 -1.11086 0.606549 0.0662777 -1.38233 -1.96054 -1.13132 -0.4772 
1.10132 -1.87288 -1.62263 1.46875 -1.31804 -1.20629 2.08836 -1.11086 0.606549 0.0662777 -1.38233 -1.96054 -1.13132 -0.4772 
1.1079 -1.86658 -1.61891 1.46472 -1.31784 -1.20875 2.03924 -1.11086 0.606549 0.0662777 -1.38233 -1.96054 -1.13132 -0.4772 
