0.803204 -1.08438 -0.610925 1.47231 -2.25352 -1.85036 1.94364 -1.11007 0.610447 0.0654194 -1.37338 -1.9629 -1.13369 -0.471729 
0.799964 -1.08995 -0.611048 1.46668 -2.25346 -1.85629 1.95053 -1.11086 0.606558 0.0662759 -1.38231 -1.96055 -1.13132 -0.477188 
0.798389 -1.09359 -0.611175 1.46325 -2.25173 -1.86302 1.95395 -1.11086 0.606549 0.0662777 -1.38233 -1.96054 -1.13132 -0.4772 
0.800638 -1.09295 -0.610982 1.46364 -2.25098 -1.86194 1.94896 -1.11086 0.606549 0.0662777 -1.38233 -1.96054 -1.13132 -0.4772 
0.804425 -1.0906 -0.608828 1.4659 -2.24838 -1.85937 1.94299 -1.11086 0.606549 0.0662777 -1.38233 -1.96054 -1.13132 -0.4772 
0.808114 -1.08914 -0.608424 1.47212 -2.24638 -1.864 1.94222 -1.11086 0.606549 0.0662777 -1.38233 -1.96054 -1.13132 -0.4772 
0.811911 -1.08525 -0.607357 1.47903 -2.24337 -1.86617 1.93993 -1.11086 0.606549 0.0662777 -1.38233 -1.96054 -1.13132 -0.4772 
0.814178 -1.08349 -0.606968 1.4834 -2.24153 -1.86889 1.93909 -1.11086 0.606549 0.0662777 -1.38233 -1.96054 -1.13132 -0.4772 
0.815972 -1.08085 -0.605148 1.48687 -2.23833 -1.8688 1.93686 -1.11086 0.606549 0.0662777 -1.38233 -1.96054 -1.13132 -0.4772 
0.817054 -1.08084 -0.60515 1.48845 -2.23694 -1.8716 1.93681 -1.11086 0.606549 0.0662777 -1.38233 -1.96054 -1.13132 -0.4772 
0.817713 -1.08035 -0.604506 1.49003 -2.23592 -1.87282 1.93707 -1.11086 0.606549 0.0662777 -1.38233 -1.96054 -1.13132 -0.4772 
0.818447 -1.07972 -0.60586 1.49254 -2.23783 -1.87303 1.93738 -1.11086 0.606549 0.0662777 -1.38233 -1.96054 -1.13132 -0.4772 
0.81888 -1.07936 -0.605593 1.49396 -2.23728 -1.87358 1.93753 -1.11086 0.606549 0.0662777 -1.38233 -1.96054 -1.13132 -0.4772 
0.819451 -1.07897 -0.605609 1.49502 -2.23696 -1.87377 1.93725 -1.11086 0.606549 0.0662777 -1.38233 -1.96054 -1.13132 -0.4772 
0.820291 -1.07994 -0.605908 1.49555 -2.23591 -1.87796 1.93752 -1.11086 0.606549 0.0662777 -1.38233 -1.96054 -1.13132 -0.4772 
0.822347 -1.07908 -0.604671 1.49809 -2.2329 -1.88068 1.93563 -1.11086 0.606549 0.0662777 -1.38233 -1.96054 -1.13132 -0.4772 
0.824242 -1.07654 -0.602947 1.50184 -2.23046 -1.88088 1.93443 -1.11086 0.606549 0.0662777 -1.38233 -1.96054 -1.13132 -0.4772 
0.82519 -1.07548 -0.602861 1.5042 -2.22971 -1.88237 1.93458 -1.11086 0.606549 0.0662777 -1.38233 -1.96054 -1.13132 -0.4772 
0.825167 -1.0755 -0.603217 1.50477 -2.2298 -1.88263 1.93453 -1.11086 0.606549 0.0662777 -1.38233 -1.96054 -1.13132 -0.4772 
0.825561 -1.07485 -0.60381 1.50529 -2.2309 -1.8823 1.93474 -1.11086 0.606549 0.0662777 -1.38233 -1.96054 -1.13132 -0.4772 
0.825215 -1.07655 -0.604713 1.50566 -2.23182 -1.88361 1.93498 -1.11086 0.606549 0.0662777 -1.38233 -1.96054 -1.13132 -0.4772 
0.825962 -1.07455 -0.604336 1.50715 -2.23236 -1.8804 1.93335 -1.11086 0.606549 0.0662777 -1.38233 -1.96054 -1.13132 -0.4772 
0.825482 -1.07562 -0.604004 1.50548 -2.23106 -1.88264 1.93448 -1.11086 0.606549 0.0662777 -1.38233 -1.96054 -1.13132 -0.4772 
0.825404 -1.07638 -0.604684 1.50533 -2.23185 -1.88342 1.9352 -1.11086 0.606549 0.0662777 -1.38233 -1.96054 -1.13132 -0.4772 
0.825062 -1.07675 -0.604277 1.50457 -2.23089 -1.88432 1.93529 -1.11086 0.606549 0.0662777 -1.38233 -1.96054 -1.13132 -0.4772 
0.824935 -1.07691 -0.604277 1.50468 -2.23083 -1.88431 1.93558 -1.11086 0.606549 0.0662777 -1.38233 -1.96054 -1.13132 -0.4772 
0.824966 -1.07668 -0.604425 1.50481 -2.23115 -1.88434 1.93537 -1.11086 0.606549 0.0662777 -1.38233 -1.96054 -1.13132 -0.4772 
0.824664 -1.0783 -0.605215 1.50406 -2.23176 -1.88625 1.9363 -1.11086 0.606549 0.0662777 -1.38233 -1.96054 -1.13132 -0.4772 
0.82546 -1.07606 -0.604669 1.50521 -2.23177 -1.88311 1.93436 -1.11086 0.606549 0.0662777 -1.38233 -1.96054 -1.13132 -0.4772 
0.826041 -1.07414 -0.603653 1.50562 -2.23086 -1.88003 1.93192 -1.11086 0.606549 0.0662777 -1.38233 -1.96054 -1.13132 -0.4772 
0.826056 -1.07476 -0.604525 1.50559 -2.23185 -1.88036 1.9317 -1.11086 0.606549 0.0662777 -1.38233 -1.96054 -1.13132 -0.4772 
0.82587 -1.07539 -0.604893 1.50551 -2.23211 -1.88091 1.93162 -1.11086 0.606549 0.0662777 -1.38233 -1.96054 -1.13132 -0.4772 
0.825691 -1.07583 -0.605201 1.50506 -2.23248 -1.88109 1.93186 -1.11086 0.606549 0.0662777 -1.38233 -1.96054 -1.13132 -0.4772 
0.825683 -1.076 -0.604517 1.50455 -2.23115 -1.8816 1.93141 -1.11086 0.606549 0.0662777 -1.38233 -1.96054 -1.13132 -0.4772 
0.825829 -1.07543 -0.604919 1.5054 -2.23229 -1.88038 1.93156 -1.11086 0.606549 0.0662777 -1.38233 -1.96054 -1.13132 -0.4772 
0.825586 -1.07584 -0.603983 1.50418 -2.23028 -1.88168 1.93139 -1.11086 0.606549 0.0662777 -1.38233 -1.96054 -1.13132 -0.4772 
0.825714 -1.07566 -0.604681 1.50507 -2.23173 -1.88095 1.93175 -1.11086 0.606549 0.0662777 -1.38233 -1.96054 -1.13132 -0.4772 
0.825709 -1.07559 -0.604591 1.50516 -2.23163 -1.88077 1.93167 -1.11086 0.606549 0.0662777 -1.38233 -1.96054 -1.13132 -0.4772 
0.825706 -1.07609 -0.605233 1.50536 -2.23245 -1.88154 1.93235 -1.11086 0.606549 0.0662777 -1.38233 -1.96054 -1.13132 -0.4772 
0.825516 -1.07518 -0.603413 1.50473 -2.23017 -1.88079 1.93228 -1.11086 0.606549 0.0662777 -1.38233 -1.96054 -1.13132 -0.4772 
0.825634 -1.07576 -0.604266 1.50481 -2.23124 -1.88105 1.93191 -1.11086 0.606549 0.0662777 -1.38233 -1.96054 -1.13132 -0.4772 
1.12764 -0.696253 -0.649721 1.98588 -2.26361 -1.94317 1.81675 -1.11086 0.606549 0.0662777 -1.38233 -1.96054 -1.13132 -0.4772 
0.855647 -1.03946 -0.612717 1.56092 -2.23318 -1.88761 1.92851 -1.11086 0.606549 0.0662777 -1.38233 -1.96054 -1.13132 -0.4772 
