1.1566 -1.94894 -1.77547 1.6331 -1.41938 -0.779839 2.37569 -1.11007 0.610447 0.0654194 -1.37338 -1.9629 -1.13369 -0.471729 
1.14144 -1.93745 -1.78015 1.60976 -1.42925 -0.768635 2.36826 -1.11086 0.606554 0.0662767 -1.38232 -1.96054 -1.13132 -0.477194 
1.13891 -1.94165 -1.78085 1.60687 -1.42736 -0.774595 2.37445 -1.11086 0.606549 0.0662777 -1.38233 -1.96054 -1.13132 -0.4772 
1.13734 -1.94204 -1.78042 1.60369 -1.42307 -0.779265 2.37506 -1.11086 0.606549 0.0662777 -1.38233 -1.96054 -1.13132 -0.4772 
1.13691 -1.94214 -1.7809 1.6034 -1.42352 -0.779335 2.37654 -1.11086 0.606549 0.0662777 -1.38233 -1.96054 -1.13132 -0.4772 
1.13748 -1.94087 -1.77957 1.60297 -1.42127 -0.779637 2.37475 -1.11086 0.606549 0.0662777 -1.38233 -1.96054 -1.13132 -0.4772 
1.13787 -1.94006 -1.77922 1.60274 -1.42037 -0.780035 2.37259 -1.11086 0.606549 0.0662777 -1.38233 -1.96054 -1.13132 -0.4772 
1.13743 -1.9409 -1.78008 1.60323 -1.42198 -0.779543 2.37482 -1.11086 0.606549 0.0662777 -1.38233 -1.96054 -1.13132 -0.4772 
1.13689 -1.94184 -1.78183 1.60397 -1.42573 -0.777794 2.37728 -1.11086 0.606549 0.0662777 -1.38233 -1.96054 -1.13132 -0.4772 
1.13536 -1.94363 -1.78297 1.60337 -1.42584 -0.780537 2.37941 -1.11086 0.606549 0.0662777 -1.38233 -1.96054 -1.13132 -0.4772 
1.13681 -1.94103 -1.78063 1.60274 -1.42247 -0.780056 2.37512 -1.11086 0.606549 0.0662777 -1.38233 -1.96054 -1.13132 -0.4772 
1.1361 -1.94139 -1.7807 1.6021 -1.42117 -0.782515 2.37356 -1.11086 0.606549 0.0662777 -1.38233 -1.96054 -1.13132 -0.4772 
1.13597 -1.94255 -1.78202 1.60317 -1.42445 -0.780817 2.37606 -1.11086 0.606549 0.0662777 -1.38233 -1.96054 -1.13132 -0.4772 
1.13665 -1.9412 -1.78025 1.60242 -1.42131 -0.781657 2.37356 -1.11086 0.606549 0.0662777 -1.38233 -1.96054 -1.13132 -0.4772 
1.13685 -1.94108 -1.7803 1.60263 -1.42185 -0.780808 2.3743 -1.11086 0.606549 0.0662777 -1.38233 -1.96054 -1.13132 -0.4772 
1.13652 -1.94174 -1.78202 1.60391 -1.42603 -0.778424 2.37732 -1.11086 0.606549 0.0662777 -1.38233 -1.96054 -1.13132 -0.4772 
1.13622 -1.94211 -1.78265 1.60404 -1.42694 -0.778471 2.37748 -1.11086 0.606549 0.0662777 -1.38233 -1.96054 -1.13132 -0.4772 
1.13617 -1.94225 -1.78223 1.60369 -1.42588 -0.779443 2.3769 -1.11086 0.606549 0.0662777 -1.38233 -1.96054 -1.13132 -0.4772 
1.13576 -1.94283 -1.78283 1.60374 -1.42629 -0.77989 2.3771 -1.11086 0.606549 0.0662777 -1.38233 -1.96054 -1.13132 -0.4772 
1.13629 -1.94143 -1.7808 1.60259 -1.4222 -0.781636 2.37431 -1.11086 0.606549 0.0662777 -1.38233 -1.96054 -1.13132 -0.4772 
1.13676 -1.94103 -1.78074 1.60303 -1.42276 -0.780377 2.37507 -1.11086 0.606549 0.0662777 -1.38233 -1.96054 -1.13132 -0.4772 
1.13696 -1.94029 -1.77977 1.60242 -1.42104 -0.781013 2.37357 -1.11086 0.606549 0.0662777 -1.38233 -1.96054 -1.13132 -0.4772 
1.13602 -1.94227 -1.7819 1.60326 -1.42423 -0.781201 2.37673 -1.11086 0.606549 0.0662777 -1.38233 -1.96054 -1.13132 -0.4772 
1.13602 -1.94233 -1.78232 1.60355 -1.42524 -0.780601 2.37706 -1.11086 0.606549 0.0662777 -1.38233 -1.96054 -1.13132 -0.4772 
1.13767 -1.93996 -1.78069 1.60394 -1.42463 -0.77745 2.37533 -1.11086 0.606549 0.0662777 -1.38233 -1.96054 -1.13132 -0.4772 
