1.05952 -1.57134 -1.34236 1.33656 -1.53963 -1.41525 2.10562 -1.89204 1.51614 -1.44105 1.63212 2.82073 0.427361 -2.6122 
1.03536 -1.58221 -1.33495 1.28248 -1.53257 -1.42066 2.07159 -1.88703 1.51689 -1.44354 1.63558 2.82073 0.408972 -2.60383 
1.03716 -1.57827 -1.33314 1.28228 -1.53513 -1.412 2.06648 -1.87661 1.53446 -1.4226 1.61071 2.78524 0.45602 -2.67348 
1.03642 -1.57638 -1.33119 1.27714 -1.53396 -1.40964 2.05594 -1.87751 1.53189 -1.42208 1.60839 2.78229 0.462376 -2.67875 
1.03506 -1.57762 -1.33101 1.2728 -1.53117 -1.4143 2.04972 -1.87757 1.5255 -1.42252 1.60401 2.77609 0.470492 -2.68551 
1.03428 -1.58092 -1.33344 1.27379 -1.53204 -1.41908 2.05664 -1.87587 1.52613 -1.42217 1.59977 2.77821 0.476358 -2.68434 
1.03735 -1.58114 -1.33527 1.28159 -1.53377 -1.41984 2.06642 -1.87339 1.51963 -1.42494 1.59213 2.78047 0.486681 -2.67905 
1.04511 -1.57748 -1.3351 1.29556 -1.53424 -1.41709 2.07413 -1.86993 1.52197 -1.42152 1.58393 2.77321 0.500023 -2.69423 
1.05416 -1.57361 -1.33465 1.31277 -1.5341 -1.41491 2.08224 -1.86955 1.51795 -1.42491 1.58271 2.77541 0.498191 -2.68746 
1.0606 -1.57137 -1.3351 1.3256 -1.53515 -1.4134 2.08786 -1.8666 1.52199 -1.42213 1.57692 2.77051 0.505386 -2.69883 
1.0672 -1.5683 -1.33429 1.33786 -1.53401 -1.41227 2.09335 -1.86518 1.53082 -1.41765 1.57561 2.7661 0.505873 -2.71146 
1.07355 -1.56572 -1.33472 1.35075 -1.53651 -1.40844 2.10009 -1.86376 1.53475 -1.41488 1.57266 2.76414 0.50999 -2.71858 
1.07759 -1.56401 -1.33521 1.35926 -1.53773 -1.40682 2.10502 -1.86221 1.53915 -1.41244 1.56852 2.76736 0.515379 -2.71857 
1.08029 -1.56304 -1.33569 1.36526 -1.53886 -1.40552 2.10884 -1.86328 1.54101 -1.41369 1.57006 2.77486 0.509907 -2.70745 
1.08328 -1.56204 -1.33589 1.37101 -1.53899 -1.40521 2.11244 -1.86401 1.54251 -1.41255 1.57229 2.76768 0.50425 -2.71724 
1.08906 -1.55985 -1.33615 1.38141 -1.53938 -1.40418 2.11762 -1.86278 1.54431 -1.41108 1.56844 2.7656 0.507952 -2.72241 
1.09492 -1.55798 -1.33668 1.3934 -1.54035 -1.40287 2.12424 -1.86139 1.5461 -1.41068 1.56359 2.76874 0.512849 -2.72022 
1.09971 -1.55617 -1.33735 1.40365 -1.54061 -1.40238 2.13034 -1.86193 1.53904 -1.41507 1.56248 2.77125 0.511402 -2.71046 
1.105 -1.55457 -1.33808 1.41375 -1.54063 -1.40268 2.13426 -1.86157 1.54514 -1.41224 1.56207 2.76881 0.509665 -2.71762 
1.10731 -1.55478 -1.33884 1.41924 -1.53915 -1.40573 2.13716 -1.86205 1.54919 -1.40947 1.56167 2.76783 0.510079 -2.72276 
1.1063 -1.55757 -1.34033 1.41936 -1.53817 -1.41079 2.14065 -1.862 1.55959 -1.40187 1.56174 2.76049 0.511409 -2.74206 
1.10491 -1.56045 -1.34208 1.41829 -1.53827 -1.41497 2.14334 -1.86069 1.5702 -1.39405 1.55882 2.7576 0.518831 -2.75788 
1.33934 -1.43654 -1.46397 1.9164 -1.6945 -1.32914 2.39199 -1.86187 1.55835 -1.40278 1.56115 2.76246 0.512451 -2.74005 
1.33852 -1.43743 -1.46305 1.91541 -1.69366 -1.32993 2.39112 -1.88175 1.59341 -1.40249 1.60605 2.79422 0.430328 -2.69833 
1.33937 -1.43657 -1.46407 1.91652 -1.69455 -1.32911 2.39209 -1.87572 1.577 -1.40215 1.58894 2.77556 0.464333 -2.72183 
1.33937 -1.43657 -1.4641 1.91661 -1.69457 -1.32907 2.3921 -1.87545 1.56836 -1.40554 1.58941 2.77858 0.461003 -2.71144 
1.33937 -1.43657 -1.46411 1.91661 -1.69457 -1.32906 2.3921 -1.8714 1.56036 -1.40918 1.58552 2.78493 0.464213 -2.69811 
1.33937 -1.43657 -1.46412 1.91661 -1.69457 -1.32902 2.39211 -1.86494 1.56075 -1.40378 1.57915 2.76686 0.473221 -2.72734 
1.33937 -1.43656 -1.46413 1.91661 -1.69457 -1.32901 2.39211 -1.86109 1.53052 -1.41727 1.57237 2.76956 0.481096 -2.70441 
1.33937 -1.43657 -1.46414 1.91661 -1.69458 -1.329 2.39211 -1.85346 1.51212 -1.42175 1.56137 2.76167 0.496721 -2.70768 
1.33937 -1.43656 -1.46415 1.91661 -1.69458 -1.329 2.39211 -1.84912 1.5023 -1.42816 1.55998 2.77098 0.491589 -2.68663 
1.33937 -1.43656 -1.46415 1.91661 -1.69458 -1.32899 2.39211 -1.84089 1.48419 -1.43294 1.54883 2.76417 0.506631 -2.68809 
1.33937 -1.43656 -1.46416 1.91661 -1.69458 -1.32899 2.39211 -1.83188 1.46386 -1.44205 1.5399 2.77005 0.513779 -2.66783 
1.33937 -1.43656 -1.46416 1.91661 -1.69458 -1.32898 2.39211 -1.82381 1.43844 -1.45301 1.529 2.76394 0.526985 -2.66107 
1.33937 -1.43656 -1.46417 1.91662 -1.69458 -1.32898 2.39212 -1.81023 1.42168 -1.45713 1.51523 2.75246 0.542324 -2.67057 
1.33937 -1.43656 -1.46417 1.91661 -1.69458 -1.32898 2.39212 -1.80295 1.41051 -1.4633 1.50618 2.75301 0.551819 -2.66343 
1.33937 -1.43656 -1.46417 1.91661 -1.69458 -1.32898 2.39212 -1.7915 1.37787 -1.48007 1.49415 2.75228 0.562729 -2.64141 
1.33937 -1.43656 -1.46418 1.91661 -1.69458 -1.32898 2.39212 -1.78192 1.37294 -1.48387 1.48225 2.76045 0.5743 -2.62789 
1.33937 -1.43656 -1.46418 1.91661 -1.69458 -1.32898 2.39212 -1.77867 1.37682 -1.48173 1.48226 2.75144 0.569853 -2.64303 
1.33937 -1.43656 -1.46418 1.91661 -1.69458 -1.32898 2.39212 -1.77542 1.36412 -1.48924 1.47663 2.75507 0.577356 -2.6287 
1.33937 -1.43656 -1.46418 1.91661 -1.69458 -1.32898 2.39212 -1.76976 1.35403 -1.49633 1.47074 2.75892 0.58214 -2.61464 
1.33937 -1.43656 -1.46418 1.91661 -1.69458 -1.32898 2.39212 -1.76954 1.3591 -1.49338 1.47238 2.7539 0.577672 -2.62528 
1.33937 -1.43656 -1.46419 1.91661 -1.69458 -1.32898 2.39212 -1.76942 1.36415 -1.49253 1.47135 2.75933 0.57813 -2.62112 
1.33937 -1.43656 -1.46419 1.91661 -1.69459 -1.32898 2.39212 -1.76481 1.3586 -1.49479 1.4646 2.75707 0.587187 -2.62168 
1.12997 -1.54292 -1.34383 1.46967 -1.52706 -1.41543 2.19509 -1.74462 1.30905 -1.50109 1.43182 2.69904 0.664198 -2.69517 
