1.01601 -1.93625 -1.83301 1.25134 -1.00931 -1.14601 1.98374 -1.73423 1.8509 -0.997253 1.5593 1.98931 0.815605 -2.06897 
1.01186 -1.9344 -1.83291 1.23809 -1.01392 -1.14038 1.97843 -1.71521 1.84508 -0.96897 1.52272 2.01082 0.87936 -2.19196 
1.0085 -1.92991 -1.83087 1.22817 -1.01048 -1.14572 1.96931 -1.71945 1.83652 -0.977962 1.52956 2.00218 0.87438 -2.16926 
1.00485 -1.92688 -1.83024 1.21933 -1.00782 -1.15453 1.95957 -1.73324 1.84729 -0.994768 1.5564 1.98723 0.827477 -2.09353 
1.0042 -1.92611 -1.82937 1.21549 -1.00546 -1.16031 1.95455 -1.73641 1.84601 -0.999112 1.56078 1.98187 0.819854 -2.07916 
1.00553 -1.92571 -1.82802 1.21551 -1.00247 -1.16254 1.95504 -1.72018 1.83961 -0.976252 1.53225 1.99458 0.872525 -2.19331 
1.00843 -1.92954 -1.83096 1.22541 -1.00505 -1.1583 1.96596 -1.71625 1.85133 -0.96883 1.52963 1.99739 0.872347 -2.22378 
1.01731 -1.93066 -1.82978 1.24131 -1.00549 -1.14922 1.97285 -1.7147 1.83183 -0.971502 1.51891 1.99647 0.893736 -2.23081 
1.02524 -1.93274 -1.82867 1.25729 -1.00532 -1.14251 1.9799 -1.72431 1.84323 -0.985344 1.53493 1.99271 0.856198 -2.15281 
1.03341 -1.93637 -1.82898 1.27529 -1.00731 -1.13551 1.98748 -1.70912 1.83369 -0.966984 1.50926 2.00106 0.901571 -2.2512 
1.03879 -1.93714 -1.82748 1.28472 -1.00679 -1.13141 1.9902 -1.71029 1.83919 -0.968716 1.51073 2.00505 0.893124 -2.23005 
1.04424 -1.93962 -1.8276 1.29638 -1.00888 -1.12504 1.99553 -1.70435 1.83837 -0.961926 1.49959 2.01112 0.908728 -2.26126 
1.0482 -1.94043 -1.8267 1.30425 -1.00804 -1.12199 1.99959 -1.70594 1.83318 -0.965343 1.49959 2.00872 0.908321 -2.24994 
1.05069 -1.94093 -1.82634 1.30897 -1.00794 -1.1201 2.00173 -1.70693 1.82695 -0.968944 1.496 2.01232 0.910346 -2.22598 
1.05457 -1.94313 -1.82698 1.31759 -1.00861 -1.1177 2.00682 -1.70312 1.83297 -0.962682 1.49155 2.01524 0.914491 -2.25111 
1.06076 -1.94547 -1.82725 1.33065 -1.01005 -1.11156 2.01318 -1.70275 1.83786 -0.960212 1.49283 2.01065 0.910779 -2.27092 
1.06789 -1.947 -1.82567 1.34377 -1.00932 -1.1057 2.01887 -1.69985 1.84442 -0.955202 1.48828 2.01376 0.912224 -2.28972 
1.07234 -1.94957 -1.82605 1.35452 -1.01047 -1.10153 2.02514 -1.69865 1.8442 -0.954408 1.48412 2.01583 0.913598 -2.29018 
1.07504 -1.94941 -1.8246 1.35812 -1.00766 -1.10365 2.02451 -1.70163 1.82658 -0.963977 1.47943 2.01427 0.919878 -2.25431 
1.07928 -1.95182 -1.82441 1.36689 -1.00719 -1.10335 2.02743 -1.69847 1.84066 -0.954086 1.47987 2.01806 0.918578 -2.28782 
1.08004 -1.95461 -1.82569 1.37107 -1.00703 -1.10607 2.03056 -1.69801 1.84858 -0.949828 1.48269 2.01686 0.911705 -2.30184 
1.07652 -1.95652 -1.82756 1.36766 -1.0061 -1.11329 2.03161 -1.69497 1.84288 -0.945313 1.47313 2.02242 0.929589 -2.32312 
1.28302 -1.96699 -1.88499 1.91292 -1.28497 -0.779602 2.34076 -1.69678 1.84419 -0.948565 1.4772 2.01994 0.922573 -2.31087 
1.11726 -1.92349 -1.78804 1.43501 -1.06048 -1.0901 2.07324 -1.73644 1.61224 -1.18213 1.73866 1.36838 0.690058 -1.91451 
