0.651836 -0.966714 -0.256854 1.48363 -2.47493 -1.91598 1.35325 -1.01642 0.593211 -0.0671711 -1.4956 1.49436 1.16025 2.64125 
0.651431 -0.969036 -0.256913 1.47861 -2.47511 -1.91374 1.35164 -1.00961 0.584023 -0.0728024 -1.49759 1.47806 1.15064 2.61567 
0.65143 -0.969038 -0.256913 1.4786 -2.47511 -1.91374 1.35164 -1.00351 0.579163 -0.0768989 -1.49593 1.46681 1.14252 2.61922 
0.65143 -0.969038 -0.256913 1.4786 -2.47511 -1.91374 1.35164 -1.00276 0.578473 -0.0764501 -1.49654 1.4699 1.13749 2.60303 
0.65143 -0.969038 -0.256913 1.4786 -2.47511 -1.91374 1.35164 -1.00139 0.581095 -0.0788797 -1.48938 1.46613 1.13721 2.64233 
0.65143 -0.969038 -0.256913 1.4786 -2.47511 -1.91374 1.35164 -1.00846 0.588187 -0.0714197 -1.4917 1.48706 1.14087 2.60458 
0.65143 -0.969038 -0.256913 1.4786 -2.47511 -1.91374 1.35164 -1.00943 0.589711 -0.0709806 -1.48999 1.48965 1.13978 2.59004 
0.65143 -0.969038 -0.256913 1.4786 -2.47511 -1.91374 1.35164 -1.01436 0.596641 -0.0679077 -1.48515 1.49488 1.15046 2.5968 
0.65143 -0.969038 -0.256913 1.4786 -2.47511 -1.91374 1.35164 -1.01548 0.601126 -0.0682628 -1.48014 1.49281 1.15514 2.61551 
0.65143 -0.969038 -0.256913 1.4786 -2.47511 -1.91374 1.35164 -1.01467 0.599888 -0.0694212 -1.47815 1.48859 1.15473 2.61068 
0.65143 -0.969038 -0.256913 1.4786 -2.47511 -1.91374 1.35164 -1.01657 0.601275 -0.0681086 -1.47813 1.49105 1.15688 2.5917 
0.65143 -0.969038 -0.256913 1.4786 -2.47511 -1.91374 1.35164 -1.01534 0.602515 -0.0705203 -1.47147 1.48124 1.16018 2.59879 
0.65143 -0.969038 -0.256913 1.4786 -2.47511 -1.91374 1.35164 -1.0167 0.606719 -0.0708631 -1.46465 1.47622 1.16806 2.61383 
0.65143 -0.969038 -0.256913 1.4786 -2.47511 -1.91374 1.35164 -1.0193 0.609776 -0.0691738 -1.46282 1.47882 1.17329 2.61323 
0.65143 -0.969038 -0.256913 1.4786 -2.47511 -1.91374 1.35164 -1.01969 0.611316 -0.0696651 -1.45958 1.47692 1.17551 2.62189 
0.65143 -0.969038 -0.256913 1.4786 -2.47511 -1.91374 1.35164 -1.01914 0.614628 -0.07214 -1.45068 1.4678 1.1809 2.64417 
0.65143 -0.969038 -0.256913 1.4786 -2.47511 -1.91374 1.35164 -1.01922 0.616725 -0.073301 -1.44525 1.46183 1.1838 2.63508 
0.65143 -0.969038 -0.256913 1.4786 -2.47511 -1.91374 1.35164 -1.021 0.620568 -0.0733712 -1.43935 1.45707 1.19136 2.63 
0.65143 -0.969038 -0.256913 1.4786 -2.47511 -1.91374 1.35164 -1.02314 0.622304 -0.0726877 -1.43882 1.45708 1.19462 2.61539 
0.65143 -0.969038 -0.256913 1.4786 -2.47511 -1.91374 1.35164 -1.02569 0.624064 -0.0713365 -1.43828 1.45833 1.19827 2.5968 
0.65143 -0.969038 -0.256913 1.4786 -2.47511 -1.91374 1.35164 -1.02437 0.624843 -0.074066 -1.43325 1.45003 1.2016 2.61648 
0.65143 -0.969038 -0.256913 1.4786 -2.47511 -1.91374 1.35164 -1.02435 0.626152 -0.0751852 -1.42884 1.44419 1.20667 2.6252 
0.65143 -0.969038 -0.256913 1.4786 -2.47511 -1.91374 1.35164 -1.02244 0.627334 -0.0775678 -1.42119 1.43251 1.21223 2.63231 
0.65143 -0.969038 -0.256913 1.4786 -2.47511 -1.91374 1.35164 -1.0211 0.628592 -0.0784439 -1.41601 1.42696 1.21675 2.65084 
0.65143 -0.969038 -0.256913 1.4786 -2.47511 -1.91374 1.35164 -1.02003 0.629875 -0.0776806 -1.41309 1.42437 1.2197 2.65144 
0.65143 -0.969038 -0.256913 1.4786 -2.47511 -1.91374 1.35164 -1.01586 0.628598 -0.077833 -1.41184 1.42087 1.21647 2.65021 
0.65143 -0.969038 -0.256913 1.4786 -2.47511 -1.91374 1.35164 -1.03107 0.629643 -0.0601798 -1.44446 1.47286 1.21427 2.58207 
0.65143 -0.969038 -0.256913 1.4786 -2.47511 -1.91374 1.35164 -1.03207 0.630009 -0.0586944 -1.44696 1.47729 1.21381 2.57072 
0.65143 -0.969038 -0.256913 1.4786 -2.47511 -1.91374 1.35164 -1.02253 0.627075 -0.064007 -1.4402 1.46004 1.20677 2.58397 
0.65143 -0.969038 -0.256913 1.4786 -2.47511 -1.91374 1.35164 -1.01412 0.624099 -0.0671631 -1.43726 1.4498 1.19761 2.5909 
0.65143 -0.969038 -0.256913 1.4786 -2.47511 -1.91374 1.35164 -1.00906 0.623886 -0.0676672 -1.43401 1.44495 1.19523 2.60477 
0.65143 -0.969038 -0.256913 1.4786 -2.47511 -1.91374 1.35164 -1.00117 0.622922 -0.0702475 -1.42853 1.43386 1.18862 2.6058 
0.65143 -0.969038 -0.256913 1.4786 -2.47511 -1.91374 1.35164 -0.994835 0.623782 -0.0717363 -1.42278 1.42705 1.18575 2.62681 
0.65143 -0.969038 -0.256913 1.4786 -2.47511 -1.91374 1.35164 -0.986613 0.626254 -0.075899 -1.41011 1.4109 1.18794 2.66936 
0.65143 -0.969038 -0.256913 1.4786 -2.47511 -1.91374 1.35164 -0.979921 0.623006 -0.0762159 -1.41285 1.4103 1.17535 2.65966 
0.65143 -0.969038 -0.256913 1.4786 -2.47511 -1.91374 1.35164 -0.970357 0.621584 -0.0809278 -1.407 1.39752 1.16717 2.68336 
0.65143 -0.969038 -0.256913 1.4786 -2.47511 -1.91374 1.35164 -0.966508 0.620972 -0.0796803 -1.41023 1.40175 1.1574 2.67505 
0.65143 -0.969038 -0.256913 1.4786 -2.47511 -1.91374 1.35164 -0.961011 0.622282 -0.0820388 -1.40467 1.39349 1.1542 2.68509 
0.65143 -0.969038 -0.256913 1.4786 -2.47511 -1.91374 1.35164 -0.954724 0.623567 -0.0864438 -1.39633 1.3804 1.15301 2.70664 
0.65143 -0.969038 -0.256913 1.4786 -2.47511 -1.91374 1.35164 -0.949322 0.620975 -0.0903621 -1.39495 1.37213 1.14644 2.7163 
0.65143 -0.969038 -0.256913 1.4786 -2.47511 -1.91374 1.35164 -0.952592 0.621913 -0.0864655 -1.39972 1.38222 1.14525 2.69789 
0.65143 -0.969038 -0.256913 1.4786 -2.47511 -1.91374 1.35164 -0.951658 0.62113 -0.0871408 -1.39939 1.38007 1.14395 2.69275 
0.65143 -0.969038 -0.256913 1.4786 -2.47511 -1.91374 1.35164 -0.950676 0.621756 -0.0884757 -1.39613 1.37561 1.14596 2.70039 
0.65143 -0.969038 -0.256913 1.4786 -2.47511 -1.91374 1.35164 -0.951202 0.623644 -0.0884694 -1.39371 1.37465 1.14947 2.70855 
0.65143 -0.969038 -0.256913 1.4786 -2.47511 -1.91374 1.35164 -0.951556 0.62442 -0.0882001 -1.39174 1.37332 1.15148 2.70366 
0.65143 -0.969038 -0.256913 1.4786 -2.47511 -1.91374 1.35164 -0.950571 0.622459 -0.0886417 -1.39415 1.37352 1.14732 2.69651 
0.65143 -0.969038 -0.256913 1.4786 -2.47511 -1.91374 1.35164 -0.950822 0.62425 -0.0891215 -1.39123 1.37223 1.15115 2.71085 
0.65143 -0.969038 -0.256913 1.4786 -2.47511 -1.91374 1.35164 -0.949826 0.622767 -0.0894673 -1.3928 1.3716 1.14839 2.70627 
0.65143 -0.969038 -0.256913 1.4786 -2.47511 -1.91374 1.35164 -0.951115 0.623285 -0.0880292 -1.39419 1.37565 1.14861 2.70373 
0.65143 -0.969038 -0.256913 1.4786 -2.47511 -1.91374 1.35164 -0.951657 0.622798 -0.0871038 -1.39659 1.37911 1.14714 2.70233 
0.65143 -0.969038 -0.256913 1.4786 -2.47511 -1.91374 1.35164 -0.948072 0.622992 -0.0916239 -1.38938 1.36596 1.14992 2.71789 
0.65143 -0.969038 -0.256913 1.4786 -2.47511 -1.91374 1.35164 -0.948902 0.621812 -0.0902616 -1.39333 1.37048 1.14632 2.70732 
0.65143 -0.969038 -0.256913 1.4786 -2.47511 -1.91374 1.35164 -0.949973 0.62145 -0.0891299 -1.39546 1.37399 1.14619 2.7048 
0.65143 -0.969038 -0.256913 1.4786 -2.47511 -1.91374 1.35164 -0.942637 0.600404 -0.0892849 -1.43205 1.3955 1.10627 2.69105 
0.65143 -0.969038 -0.256913 1.4786 -2.47511 -1.91374 1.35164 -0.941046 0.593718 -0.0897083 -1.44264 1.39873 1.09608 2.67634 
0.65143 -0.969038 -0.256913 1.4786 -2.47511 -1.91374 1.35164 -0.939522 0.59157 -0.0926021 -1.44152 1.3891 1.09703 2.67364 
0.65143 -0.969038 -0.256913 1.4786 -2.47511 -1.91374 1.35164 -0.94141 0.590405 -0.0970149 -1.43085 1.37378 1.11129 2.69238 
0.65143 -0.969038 -0.256913 1.4786 -2.47511 -1.91374 1.35164 -0.940715 0.590419 -0.100928 -1.42457 1.35904 1.11801 2.69282 
0.65143 -0.969038 -0.256913 1.4786 -2.47511 -1.91374 1.35164 -0.941003 0.592517 -0.104745 -1.41591 1.34513 1.12953 2.70817 
0.65143 -0.969038 -0.256913 1.4786 -2.47511 -1.91374 1.35164 -0.941796 0.594687 -0.107979 -1.40808 1.33204 1.14059 2.71461 
0.65143 -0.969038 -0.256913 1.4786 -2.47511 -1.91374 1.35164 -0.941582 0.595401 -0.111719 -1.40196 1.31895 1.14844 2.71931 
0.65143 -0.969038 -0.256913 1.4786 -2.47511 -1.91374 1.35164 -0.944333 0.59653 -0.112756 -1.39957 1.31313 1.15647 2.7144 
0.65143 -0.969038 -0.256913 1.4786 -2.47511 -1.91374 1.35164 -0.942646 0.597279 -0.118254 -1.39001 1.2939 1.16603 2.72191 
0.65143 -0.969038 -0.256913 1.4786 -2.47511 -1.91374 1.35164 -0.943225 0.601374 -0.122313 -1.3777 1.27761 1.1823 2.73871 
0.65143 -0.969038 -0.256913 1.4786 -2.47511 -1.91374 1.35164 -0.944297 0.601056 -0.124703 -1.375 1.26894 1.18855 2.73638 
0.65143 -0.969038 -0.256913 1.4786 -2.47511 -1.91374 1.35164 -0.945417 0.603096 -0.127299 -1.36742 1.25564 1.19894 2.73073 
0.65143 -0.969038 -0.256913 1.4786 -2.47511 -1.91374 1.35164 -0.947522 0.604058 -0.12849 -1.3643 1.24971 1.20566 2.72616 
0.65143 -0.969038 -0.256913 1.4786 -2.47511 -1.91374 1.35164 -0.951148 0.602119 -0.126598 -1.37092 1.25494 1.20424 2.70943 
0.65143 -0.969038 -0.256913 1.4786 -2.47511 -1.91374 1.35164 -0.951797 0.602016 -0.127383 -1.37186 1.25462 1.20562 2.71404 
0.65143 -0.969038 -0.256913 1.4786 -2.47511 -1.91374 1.35164 -0.954305 0.602942 -0.126246 -1.37249 1.25551 1.20854 2.70504 
0.65143 -0.969038 -0.256913 1.4786 -2.47511 -1.91374 1.35164 -0.953511 0.599851 -0.127926 -1.37234 1.2497 1.20752 2.69573 
0.65143 -0.969038 -0.256913 1.4786 -2.47511 -1.91374 1.35164 -0.951534 0.600537 -0.131201 -1.36806 1.24165 1.21162 2.71097 
0.65143 -0.969038 -0.256913 1.4786 -2.47511 -1.91374 1.35164 -0.953889 0.599921 -0.130171 -1.37309 1.24823 1.21214 2.71691 
0.65143 -0.969038 -0.256913 1.4786 -2.47511 -1.91374 1.35164 -0.9597 0.601294 -0.125474 -1.37803 1.2585 1.21419 2.69644 
0.65143 -0.969038 -0.256913 1.4786 -2.47511 -1.91374 1.35164 -0.959213 0.600012 -0.126314 -1.37914 1.25607 1.21316 2.69186 
0.65143 -0.969038 -0.256913 1.4786 -2.47511 -1.91374 1.35164 -0.96097 0.600682 -0.125265 -1.38036 1.25763 1.21491 2.68655 
0.65143 -0.969038 -0.256913 1.4786 -2.47511 -1.91374 1.35164 -0.961886 0.601788 -0.125502 -1.38003 1.25807 1.21842 2.69619 
0.65143 -0.969038 -0.256913 1.4786 -2.47511 -1.91374 1.35164 -0.960848 0.599959 -0.126423 -1.38109 1.25469 1.21633 2.68987 
0.65143 -0.969038 -0.256913 1.4786 -2.47511 -1.91374 1.35164 -0.961862 0.599053 -0.125736 -1.38445 1.25742 1.21505 2.685 
0.65143 -0.969038 -0.256913 1.4786 -2.47511 -1.91374 1.35164 -0.962747 0.600599 -0.125811 -1.38292 1.25728 1.21932 2.69281 
0.65143 -0.969038 -0.256913 1.4786 -2.47511 -1.91374 1.35164 -0.962158 0.600016 -0.12629 -1.38226 1.25374 1.21902 2.68577 
0.65143 -0.969038 -0.256913 1.4786 -2.47511 -1.91374 1.35164 -0.966962 0.601266 -0.122168 -1.38776 1.26482 1.21972 2.67434 
0.65143 -0.969038 -0.256913 1.4786 -2.47511 -1.91374 1.35164 -0.968518 0.599836 -0.120536 -1.39425 1.27299 1.21548 2.67241 
0.65143 -0.969038 -0.256913 1.4786 -2.47511 -1.91374 1.35164 -0.971467 0.60001 -0.117587 -1.39875 1.28076 1.21411 2.66038 
0.65143 -0.969038 -0.256913 1.4786 -2.47511 -1.91374 1.35164 -0.971772 0.60067 -0.117408 -1.39818 1.28087 1.21449 2.65833 
0.65143 -0.969038 -0.256913 1.4786 -2.47511 -1.91374 1.35164 -0.94364 0.600279 -0.14103 -1.35141 1.20915 1.22416 2.73681 
0.65143 -0.969038 -0.256913 1.4786 -2.47511 -1.91374 1.35164 -0.94105 0.600413 -0.143124 -1.34664 1.20207 1.22547 2.74441 
0.65143 -0.969038 -0.256913 1.4786 -2.47511 -1.91374 1.35164 -0.94269 0.600633 -0.141558 -1.34993 1.20755 1.22407 2.74294 
0.65143 -0.969038 -0.256913 1.4786 -2.47511 -1.91374 1.35164 -0.942413 0.602892 -0.142763 -1.34622 1.20593 1.2278 2.7558 
0.65143 -0.969038 -0.256913 1.4786 -2.47511 -1.91374 1.35164 -0.942994 0.600819 -0.141671 -1.35165 1.21042 1.22221 2.74705 
0.65143 -0.969038 -0.256913 1.4786 -2.47511 -1.91374 1.35164 -0.940963 0.599513 -0.143307 -1.35188 1.20708 1.21861 2.74611 
0.65143 -0.969038 -0.256913 1.4786 -2.47511 -1.91374 1.35164 -0.942295 0.598995 -0.142088 -1.35591 1.21237 1.21588 2.74349 
0.65143 -0.969038 -0.256913 1.4786 -2.47511 -1.91374 1.35164 -0.939694 0.598627 -0.144826 -1.35394 1.20692 1.21567 2.75282 
0.65143 -0.969038 -0.256913 1.4786 -2.47511 -1.91374 1.35164 -0.944122 0.5995 -0.141546 -1.35903 1.21773 1.21552 2.74892 
0.65143 -0.969038 -0.256913 1.4786 -2.47511 -1.91374 1.35164 -0.944463 0.596335 -0.14058 -1.36646 1.22334 1.20795 2.74005 
0.65143 -0.969038 -0.256913 1.4786 -2.47511 -1.91374 1.35164 -0.944192 0.595292 -0.140543 -1.36876 1.22464 1.20456 2.73589 
0.65143 -0.969038 -0.256913 1.4786 -2.47511 -1.91374 1.35164 -0.944447 0.594726 -0.140044 -1.37078 1.22721 1.20201 2.73493 
0.65143 -0.969038 -0.256913 1.4786 -2.47511 -1.91374 1.35164 -0.94323 0.595486 -0.141456 -1.36876 1.22468 1.20297 2.74446 
0.65143 -0.969038 -0.256913 1.4786 -2.47511 -1.91374 1.35164 -0.943126 0.596057 -0.141744 -1.3683 1.2251 1.20299 2.74783 
0.65143 -0.969038 -0.256913 1.4786 -2.47511 -1.91374 1.35164 -0.946175 0.59496 -0.138363 -1.37535 1.23472 1.19787 2.7297 
0.65143 -0.969038 -0.256913 1.4786 -2.47511 -1.91374 1.35164 -0.946409 0.596291 -0.138769 -1.37348 1.23459 1.20052 2.7391 
0.65143 -0.969038 -0.256913 1.4786 -2.47511 -1.91374 1.35164 -0.946929 0.596032 -0.137934 -1.37589 1.23877 1.19851 2.73946 
0.65143 -0.969038 -0.256913 1.4786 -2.47511 -1.91374 1.35164 -0.947224 0.597253 -0.137464 -1.37423 1.23844 1.19932 2.73569 
0.65143 -0.969038 -0.256913 1.4786 -2.47511 -1.91374 1.35164 -0.94415 0.598989 -0.140188 -1.36717 1.22866 1.20237 2.74311 
0.65143 -0.969038 -0.256913 1.4786 -2.47511 -1.91374 1.35164 -0.946858 0.60268 -0.138219 -1.36448 1.23238 1.20768 2.74545 
0.65143 -0.969038 -0.256913 1.4786 -2.47511 -1.91374 1.35164 -0.947273 0.602915 -0.13694 -1.36426 1.23194 1.20582 2.7276 
0.65143 -0.969038 -0.256913 1.4786 -2.47511 -1.91374 1.35164 -0.946767 0.604585 -0.137567 -1.36106 1.22965 1.20852 2.73378 
0.65143 -0.969038 -0.256913 1.4786 -2.47511 -1.91374 1.35164 -0.943914 0.603808 -0.139877 -1.35934 1.2248 1.20667 2.74036 
0.65143 -0.969038 -0.256913 1.4786 -2.47511 -1.91374 1.35164 -0.94506 0.605563 -0.139026 -1.35815 1.22649 1.20896 2.74263 
0.65143 -0.969038 -0.256913 1.4786 -2.47511 -1.91374 1.35164 -0.945509 0.607176 -0.13932 -1.35546 1.2256 1.21209 2.74905 
0.65143 -0.969038 -0.256913 1.4786 -2.47511 -1.91374 1.35164 -0.945462 0.606698 -0.139379 -1.35556 1.22503 1.21149 2.74638 
0.65143 -0.969038 -0.256913 1.4786 -2.47511 -1.91374 1.35164 -0.946021 0.605796 -0.138571 -1.35751 1.22655 1.20912 2.73839 
0.65143 -0.969038 -0.256913 1.4786 -2.47511 -1.91374 1.35164 -0.944821 0.605282 -0.13973 -1.35743 1.22509 1.20778 2.74335 
0.65143 -0.969038 -0.256913 1.4786 -2.47511 -1.91374 1.35164 -0.944491 0.604847 -0.140327 -1.3591 1.22779 1.20625 2.7552 
0.65143 -0.969038 -0.256913 1.4786 -2.47511 -1.91374 1.35164 -0.946952 0.605709 -0.138917 -1.35978 1.23317 1.2075 2.75782 
0.65143 -0.969038 -0.256913 1.4786 -2.47511 -1.91374 1.35164 -0.950527 0.603732 -0.135526 -1.36624 1.24345 1.20283 2.74057 
0.65143 -0.969038 -0.256913 1.4786 -2.47511 -1.91374 1.35164 -0.950227 0.604574 -0.137093 -1.36032 1.23874 1.20718 2.7482 
0.65143 -0.969038 -0.256913 1.4786 -2.47511 -1.91374 1.35164 -0.954967 0.606977 -0.134116 -1.35935 1.2457 1.2121 2.74305 
0.65143 -0.969038 -0.256913 1.4786 -2.47511 -1.91374 1.35164 -0.955547 0.608197 -0.13395 -1.36131 1.249 1.21115 2.74986 
0.65143 -0.969038 -0.256913 1.4786 -2.47511 -1.91374 1.35164 -0.953859 0.609513 -0.134939 -1.36156 1.24698 1.20889 2.75224 
0.65143 -0.969038 -0.256913 1.4786 -2.47511 -1.91374 1.35164 -0.958596 0.612338 -0.131933 -1.36102 1.25513 1.21395 2.75269 
0.65143 -0.969038 -0.256913 1.4786 -2.47511 -1.91374 1.35164 -0.962675 0.614062 -0.128928 -1.35951 1.26118 1.21755 2.7423 
0.65143 -0.969038 -0.256913 1.4786 -2.47511 -1.91374 1.35164 -0.962801 0.614604 -0.130055 -1.35489 1.25882 1.22055 2.75151 
0.65143 -0.969038 -0.256913 1.4786 -2.47511 -1.91374 1.35164 -0.967129 0.61611 -0.127205 -1.35502 1.26662 1.2237 2.74819 
0.65143 -0.969038 -0.256913 1.4786 -2.47511 -1.91374 1.35164 -0.969303 0.617485 -0.126432 -1.35229 1.26978 1.22797 2.7572 
0.65143 -0.969038 -0.256913 1.4786 -2.47511 -1.91374 1.35164 -0.969265 0.618739 -0.127837 -1.345 1.26489 1.23309 2.7632 
0.65143 -0.969038 -0.256913 1.4786 -2.47511 -1.91374 1.35164 -0.978067 0.620985 -0.12092 -1.3518 1.28555 1.23649 2.75756 
0.65143 -0.969038 -0.256913 1.4786 -2.47511 -1.91374 1.35164 -0.980465 0.62306 -0.119843 -1.34887 1.28781 1.24195 2.76267 
0.65143 -0.969038 -0.256913 1.4786 -2.47511 -1.91374 1.35164 -0.985194 0.624522 -0.116029 -1.35176 1.29839 1.24443 2.75944 
0.65143 -0.969038 -0.256913 1.4786 -2.47511 -1.91374 1.35164 -0.989305 0.62599 -0.112559 -1.35316 1.30536 1.24625 2.74412 
0.65143 -0.969038 -0.256913 1.4786 -2.47511 -1.91374 1.35164 -0.989984 0.626526 -0.112782 -1.35245 1.30715 1.24718 2.75368 
0.65143 -0.969038 -0.256913 1.4786 -2.47511 -1.91374 1.35164 -0.989316 0.6266 -0.114471 -1.35001 1.30521 1.24799 2.76709 
0.65143 -0.969038 -0.256913 1.4786 -2.47511 -1.91374 1.35164 -0.992239 0.624511 -0.111553 -1.35826 1.3156 1.24222 2.75173 
0.65143 -0.969038 -0.256913 1.4786 -2.47511 -1.91374 1.35164 -0.994446 0.62534 -0.111195 -1.3579 1.31726 1.24464 2.75227 
0.65143 -0.969038 -0.256913 1.4786 -2.47511 -1.91374 1.35164 -0.993259 0.623847 -0.112343 -1.35823 1.31524 1.24234 2.75323 
0.65143 -0.969038 -0.256913 1.4786 -2.47511 -1.91374 1.35164 -0.997415 0.624852 -0.109023 -1.36237 1.32549 1.24323 2.74828 
0.65143 -0.969038 -0.256913 1.4786 -2.47511 -1.91374 1.35164 -0.999076 0.624615 -0.108463 -1.36519 1.33151 1.24303 2.76002 
0.65143 -0.969038 -0.256913 1.4786 -2.47511 -1.91374 1.35164 -0.999978 0.624072 -0.108654 -1.36482 1.33143 1.24257 2.75289 
0.65143 -0.969038 -0.256913 1.4786 -2.47511 -1.91374 1.35164 -1.00218 0.62388 -0.10812 -1.36677 1.33639 1.24309 2.76051 
0.65143 -0.969038 -0.256913 1.4786 -2.47511 -1.91374 1.35164 -0.999431 0.621395 -0.111359 -1.36538 1.33092 1.24006 2.77091 
0.65143 -0.969038 -0.256913 1.4786 -2.47511 -1.91374 1.35164 -1.00481 0.619116 -0.105325 -1.37891 1.35002 1.2332 2.74318 
0.65143 -0.969038 -0.256913 1.4786 -2.47511 -1.91374 1.35164 -1.00235 0.615423 -0.106479 -1.38458 1.35176 1.22495 2.74572 
0.65143 -0.969038 -0.256913 1.4786 -2.47511 -1.91374 1.35164 -1.00284 0.612552 -0.10422 -1.39434 1.3618 1.21717 2.73571 
0.65143 -0.969038 -0.256913 1.4786 -2.47511 -1.91374 1.35164 -1.00237 0.609166 -0.103114 -1.40272 1.36961 1.20904 2.73101 
