1.13119 -1.93641 -1.68719 1.46881 -1.23192 -1.14455 2.18459 -1.11007 0.610447 0.0654194 -1.37338 -1.9629 -1.13369 -0.471729 
1.13421 -1.9311 -1.68784 1.46989 -1.24189 -1.12813 2.1804 -1.11086 0.606558 0.0662759 -1.38231 -1.96055 -1.13132 -0.477188 
1.13367 -1.93268 -1.68901 1.46927 -1.24227 -1.12933 2.18359 -1.11086 0.606549 0.0662777 -1.38233 -1.96054 -1.13132 -0.4772 
1.13221 -1.93238 -1.68889 1.46544 -1.2383 -1.13482 2.18184 -1.11086 0.606549 0.0662777 -1.38233 -1.96054 -1.13132 -0.4772 
1.13206 -1.93298 -1.68963 1.4659 -1.2395 -1.13454 2.18307 -1.11086 0.606549 0.0662777 -1.38233 -1.96054 -1.13132 -0.4772 
1.1323 -1.93281 -1.68962 1.4664 -1.23976 -1.13373 2.18391 -1.11086 0.606549 0.0662777 -1.38233 -1.96054 -1.13132 -0.4772 
1.13253 -1.93301 -1.69011 1.46719 -1.2409 -1.13225 2.18505 -1.11086 0.606549 0.0662777 -1.38233 -1.96054 -1.13132 -0.4772 
1.13257 -1.93319 -1.69021 1.46756 -1.24185 -1.13156 2.18457 -1.11086 0.606549 0.0662777 -1.38233 -1.96054 -1.13132 -0.4772 
1.13137 -1.93434 -1.69133 1.46682 -1.24174 -1.13351 2.18641 -1.11086 0.606549 0.0662777 -1.38233 -1.96054 -1.13132 -0.4772 
1.13061 -1.93477 -1.69114 1.4649 -1.23976 -1.13732 2.18409 -1.11086 0.606549 0.0662777 -1.38233 -1.96054 -1.13132 -0.4772 
1.13048 -1.93534 -1.69174 1.46567 -1.24104 -1.13662 2.18548 -1.11086 0.606549 0.0662777 -1.38233 -1.96054 -1.13132 -0.4772 
1.13016 -1.93616 -1.69257 1.46653 -1.24293 -1.13594 2.18606 -1.11086 0.606549 0.0662777 -1.38233 -1.96054 -1.13132 -0.4772 
1.1306 -1.93599 -1.69294 1.46768 -1.24471 -1.13387 2.18716 -1.11086 0.606549 0.0662777 -1.38233 -1.96054 -1.13132 -0.4772 
1.13033 -1.93593 -1.69254 1.46671 -1.24349 -1.13554 2.18625 -1.11086 0.606549 0.0662777 -1.38233 -1.96054 -1.13132 -0.4772 
1.13155 -1.93482 -1.69176 1.46748 -1.24335 -1.13337 2.18588 -1.11086 0.606549 0.0662777 -1.38233 -1.96054 -1.13132 -0.4772 
1.13163 -1.93417 -1.69082 1.46687 -1.24169 -1.13377 2.18533 -1.11086 0.606549 0.0662777 -1.38233 -1.96054 -1.13132 -0.4772 
1.13122 -1.9346 -1.69149 1.46683 -1.24214 -1.13417 2.18519 -1.11086 0.606549 0.0662777 -1.38233 -1.96054 -1.13132 -0.4772 
1.13132 -1.93325 -1.68949 1.46478 -1.23805 -1.13671 2.18276 -1.11086 0.606549 0.0662777 -1.38233 -1.96054 -1.13132 -0.4772 
1.131 -1.93344 -1.68951 1.46412 -1.23688 -1.13831 2.18261 -1.11086 0.606549 0.0662777 -1.38233 -1.96054 -1.13132 -0.4772 
1.13129 -1.93323 -1.68941 1.46417 -1.23707 -1.13832 2.18171 -1.11086 0.606549 0.0662777 -1.38233 -1.96054 -1.13132 -0.4772 
1.13251 -1.93193 -1.68883 1.4652 -1.23765 -1.1354 2.18112 -1.11086 0.606549 0.0662777 -1.38233 -1.96054 -1.13132 -0.4772 
1.13263 -1.93286 -1.68996 1.46678 -1.24061 -1.13313 2.18316 -1.11086 0.606549 0.0662777 -1.38233 -1.96054 -1.13132 -0.4772 
1.13116 -1.93438 -1.69103 1.46602 -1.24063 -1.13553 2.18456 -1.11086 0.606549 0.0662777 -1.38233 -1.96054 -1.13132 -0.4772 
1.1323 -1.93396 -1.69074 1.46766 -1.24189 -1.13258 2.18494 -1.11086 0.606549 0.0662777 -1.38233 -1.96054 -1.13132 -0.4772 
1.13145 -1.93441 -1.69093 1.46633 -1.24068 -1.13544 2.18373 -1.11086 0.606549 0.0662777 -1.38233 -1.96054 -1.13132 -0.4772 
1.13072 -1.9348 -1.69148 1.46572 -1.24067 -1.13651 2.18438 -1.11086 0.606549 0.0662777 -1.38233 -1.96054 -1.13132 -0.4772 
1.1308 -1.93501 -1.69154 1.46641 -1.24136 -1.13556 2.18532 -1.11086 0.606549 0.0662777 -1.38233 -1.96054 -1.13132 -0.4772 
1.13046 -1.93474 -1.69141 1.46532 -1.24006 -1.13682 2.18456 -1.11086 0.606549 0.0662777 -1.38233 -1.96054 -1.13132 -0.4772 
1.13097 -1.93464 -1.69115 1.46617 -1.24069 -1.13543 2.18514 -1.11086 0.606549 0.0662777 -1.38233 -1.96054 -1.13132 -0.4772 
1.13035 -1.93461 -1.69056 1.46412 -1.23788 -1.13871 2.18332 -1.11086 0.606549 0.0662777 -1.38233 -1.96054 -1.13132 -0.4772 
1.13162 -1.93325 -1.68978 1.4651 -1.23802 -1.13594 2.18326 -1.11086 0.606549 0.0662777 -1.38233 -1.96054 -1.13132 -0.4772 
1.1308 -1.93388 -1.69067 1.46467 -1.23853 -1.13735 2.18285 -1.11086 0.606549 0.0662777 -1.38233 -1.96054 -1.13132 -0.4772 
1.13126 -1.93504 -1.69211 1.46721 -1.24238 -1.13422 2.18596 -1.11086 0.606549 0.0662777 -1.38233 -1.96054 -1.13132 -0.4772 
1.1322 -1.93376 -1.69134 1.46769 -1.24255 -1.13205 2.18487 -1.11086 0.606549 0.0662777 -1.38233 -1.96054 -1.13132 -0.4772 
1.13086 -1.9349 -1.69186 1.4665 -1.24198 -1.13465 2.18481 -1.11086 0.606549 0.0662777 -1.38233 -1.96054 -1.13132 -0.4772 
