1.05525 -1.66027 -1.4343 1.3231 -1.43326 -1.40668 2.12722 -1.84871 1.56094 -1.34572 1.57635 2.54007 0.549628 -2.36681 
1.03402 -1.66671 -1.43163 1.27472 -1.4277 -1.41701 2.10851 -1.84027 1.55004 -1.33616 1.55466 2.53274 0.599098 -2.39619 
1.04462 -1.66085 -1.43105 1.29315 -1.43711 -1.39946 2.11163 -1.8331 1.57349 -1.31482 1.54621 2.50938 0.62025 -2.47092 
1.03563 -1.66196 -1.42896 1.27041 -1.43324 -1.40366 2.09628 -1.84853 1.55851 -1.34348 1.57527 2.53033 0.558402 -2.38462 
1.03083 -1.6642 -1.42911 1.2588 -1.42983 -1.41089 2.08861 -1.83865 1.55927 -1.32876 1.55205 2.5199 0.604561 -2.42871 
1.02955 -1.66534 -1.42923 1.25663 -1.42838 -1.41377 2.09087 -1.8492 1.55322 -1.34636 1.57357 2.52963 0.559304 -2.37993 
1.03155 -1.6668 -1.4312 1.26268 -1.42888 -1.41639 2.10032 -1.84804 1.55509 -1.34612 1.57123 2.5293 0.560246 -2.38147 
1.03775 -1.66567 -1.43097 1.27398 -1.42745 -1.41716 2.10606 -1.84657 1.55586 -1.34586 1.56756 2.52937 0.564333 -2.38342 
1.04763 -1.66205 -1.4291 1.29186 -1.42692 -1.41202 2.11229 -1.84476 1.55686 -1.34561 1.56423 2.529 0.567409 -2.38598 
1.052 -1.66251 -1.43056 1.30229 -1.4288 -1.41168 2.11906 -1.83278 1.54052 -1.33799 1.53395 2.51936 0.623962 -2.4196 
1.05937 -1.6605 -1.43003 1.31622 -1.4297 -1.40782 2.12629 -1.82728 1.54972 -1.32793 1.52309 2.51616 0.643515 -2.44735 
1.06577 -1.65912 -1.4299 1.32894 -1.43075 -1.4046 2.13354 -1.83632 1.5618 -1.33618 1.54628 2.52142 0.595348 -2.42022 
1.0703 -1.65807 -1.42963 1.3383 -1.43063 -1.40317 2.13888 -1.81952 1.56604 -1.3111 1.51158 2.50139 0.664098 -2.50453 
1.0739 -1.65649 -1.42852 1.34397 -1.43061 -1.40025 2.14087 -1.82569 1.57132 -1.31709 1.524 2.50987 0.638 -2.47898 
1.07716 -1.6564 -1.42935 1.35136 -1.43193 -1.39932 2.1457 -1.81954 1.55603 -1.31536 1.50697 2.50085 0.668795 -2.49906 
1.08262 -1.65623 -1.42988 1.3625 -1.43187 -1.39949 2.15266 -1.81861 1.57273 -1.30667 1.50886 2.49503 0.664361 -2.52534 
1.09019 -1.65422 -1.42914 1.37624 -1.43193 -1.39643 2.16026 -1.81869 1.56509 -1.31264 1.5047 2.50466 0.666227 -2.5017 
1.09327 -1.65501 -1.4306 1.38459 -1.43265 -1.39736 2.16737 -1.81771 1.56375 -1.31374 1.50034 2.5078 0.668866 -2.49592 
1.09555 -1.65508 -1.43043 1.38942 -1.43035 -1.40003 2.16954 -1.81478 1.5758 -1.3067 1.49511 2.50868 0.673158 -2.51137 
1.09859 -1.65596 -1.43106 1.39671 -1.4281 -1.40405 2.17402 -1.81396 1.59033 -1.29734 1.49589 2.50348 0.673028 -2.53789 
1.09976 -1.65813 -1.43236 1.40132 -1.42642 -1.40917 2.179 -1.81644 1.58669 -1.2998 1.50014 2.50182 0.66537 -2.53297 
1.09566 -1.66129 -1.43403 1.3962 -1.42516 -1.41542 2.18018 -1.81552 1.58945 -1.29471 1.49718 2.50013 0.672317 -2.54551 
1.34378 -1.54109 -1.54027 1.91528 -1.62288 -1.23021 2.40669 -1.8159 1.5878 -1.29776 1.49867 2.50144 0.668646 -2.53804 
1.36527 -1.52841 -1.55736 1.959 -1.6517 -1.2146 2.42755 -1.81591 1.58773 -1.29788 1.49871 2.50151 0.668516 -2.53777 
1.34381 -1.54104 -1.54034 1.91524 -1.62298 -1.23012 2.40675 -1.84683 1.67187 -1.29453 1.56374 2.5327 0.551379 -2.49594 
1.34381 -1.54103 -1.54038 1.91524 -1.623 -1.2301 2.40678 -1.84692 1.67336 -1.294 1.56418 2.53336 0.550675 -2.4958 
1.34382 -1.54102 -1.5404 1.91524 -1.623 -1.2301 2.40678 -1.84358 1.66826 -1.2928 1.55907 2.53125 0.559279 -2.49948 
1.34382 -1.54102 -1.54041 1.91524 -1.623 -1.23009 2.40679 -1.83843 1.65727 -1.29446 1.55272 2.52793 0.567428 -2.4998 
1.34382 -1.54102 -1.54042 1.91524 -1.623 -1.23009 2.40679 -1.82928 1.63153 -1.2967 1.53541 2.51681 0.59806 -2.51185 
1.34382 -1.54102 -1.54042 1.91524 -1.623 -1.23009 2.40679 -1.82225 1.62313 -1.2967 1.52733 2.51357 0.61017 -2.51794 
1.34382 -1.54102 -1.54043 1.91524 -1.623 -1.23009 2.40679 -1.81542 1.60402 -1.30106 1.51884 2.50482 0.622395 -2.52196 
1.34382 -1.54102 -1.54043 1.91524 -1.623 -1.23009 2.40679 -1.80513 1.58753 -1.30748 1.50927 2.50484 0.629807 -2.51121 
