0.651836 -0.966714 -0.256854 1.48363 -2.47493 -1.91598 1.35325 -0.998954 0.576759 -0.109189 -1.50569 1.47006 1.18228 2.64547 
0.651431 -0.969036 -0.256913 1.47861 -2.47511 -1.91374 1.35164 -0.991143 0.570444 -0.106813 -1.50564 1.47901 1.16379 2.62234 
0.65143 -0.969038 -0.256913 1.4786 -2.47511 -1.91374 1.35164 -0.982668 0.572166 -0.107003 -1.50124 1.47785 1.14947 2.62181 
0.65143 -0.969038 -0.256913 1.4786 -2.47511 -1.91374 1.35164 -0.978944 0.571407 -0.106809 -1.50137 1.48226 1.13809 2.61278 
0.65143 -0.969038 -0.256913 1.4786 -2.47511 -1.91374 1.35164 -0.979943 0.575296 -0.105863 -1.49878 1.48845 1.13631 2.62126 
0.65143 -0.969038 -0.256913 1.4786 -2.47511 -1.91374 1.35164 -0.983396 0.583177 -0.102792 -1.49245 1.49558 1.14161 2.61853 
0.65143 -0.969038 -0.256913 1.4786 -2.47511 -1.91374 1.35164 -0.986235 0.588738 -0.101124 -1.4854 1.49549 1.1473 2.58714 
0.65143 -0.969038 -0.256913 1.4786 -2.47511 -1.91374 1.35164 -0.989341 0.593288 -0.100023 -1.48159 1.49586 1.15451 2.58708 
0.65143 -0.969038 -0.256913 1.4786 -2.47511 -1.91374 1.35164 -0.989604 0.595274 -0.100974 -1.47684 1.49042 1.15826 2.58797 
0.65143 -0.969038 -0.256913 1.4786 -2.47511 -1.91374 1.35164 -0.993027 0.598034 -0.0995761 -1.47599 1.49528 1.16384 2.61178 
0.65143 -0.969038 -0.256913 1.4786 -2.47511 -1.91374 1.35164 -0.989644 0.597954 -0.103465 -1.46912 1.4819 1.16365 2.61702 
0.65143 -0.969038 -0.256913 1.4786 -2.47511 -1.91374 1.35164 -0.98847 0.598951 -0.105547 -1.4637 1.47407 1.16565 2.62472 
0.65143 -0.969038 -0.256913 1.4786 -2.47511 -1.91374 1.35164 -0.990916 0.602004 -0.104097 -1.4611 1.47532 1.17089 2.61714 
0.65143 -0.969038 -0.256913 1.4786 -2.47511 -1.91374 1.35164 -0.993353 0.604215 -0.102272 -1.46165 1.48001 1.17419 2.61689 
0.65143 -0.969038 -0.256913 1.4786 -2.47511 -1.91374 1.35164 -0.994288 0.606405 -0.102412 -1.45838 1.47889 1.17766 2.62819 
0.65143 -0.969038 -0.256913 1.4786 -2.47511 -1.91374 1.35164 -0.99665 0.6103 -0.101532 -1.45357 1.47897 1.1832 2.62509 
0.65143 -0.969038 -0.256913 1.4786 -2.47511 -1.91374 1.35164 -0.99738 0.614368 -0.102827 -1.4459 1.47235 1.18938 2.63455 
0.65143 -0.969038 -0.256913 1.4786 -2.47511 -1.91374 1.35164 -1.00042 0.620254 -0.102244 -1.43739 1.46754 1.20146 2.63954 
0.65143 -0.969038 -0.256913 1.4786 -2.47511 -1.91374 1.35164 -0.998047 0.618038 -0.105529 -1.43617 1.45905 1.1982 2.63166 
0.65143 -0.969038 -0.256913 1.4786 -2.47511 -1.91374 1.35164 -1.00096 0.62022 -0.104028 -1.4359 1.46088 1.20214 2.61244 
0.65143 -0.969038 -0.256913 1.4786 -2.47511 -1.91374 1.35164 -1.00217 0.622262 -0.104226 -1.43243 1.45824 1.20751 2.61919 
0.65143 -0.969038 -0.256913 1.4786 -2.47511 -1.91374 1.35164 -1.00336 0.624918 -0.1042 -1.42725 1.45319 1.21481 2.6179 
0.65143 -0.969038 -0.256913 1.4786 -2.47511 -1.91374 1.35164 -1.00137 0.625618 -0.106756 -1.42044 1.44238 1.21917 2.62909 
0.65143 -0.969038 -0.256913 1.4786 -2.47511 -1.91374 1.35164 -1.00177 0.628589 -0.106186 -1.41445 1.43874 1.22692 2.64191 
0.65143 -0.969038 -0.256913 1.4786 -2.47511 -1.91374 1.35164 -0.997308 0.625784 -0.107951 -1.41394 1.4326 1.2227 2.64004 
0.65143 -0.969038 -0.256913 1.4786 -2.47511 -1.91374 1.35164 -0.992483 0.624369 -0.108965 -1.41206 1.42687 1.21889 2.63747 
0.65143 -0.969038 -0.256913 1.4786 -2.47511 -1.91374 1.35164 -0.98704 0.62452 -0.109995 -1.40766 1.42015 1.21602 2.64 
0.65143 -0.969038 -0.256913 1.4786 -2.47511 -1.91374 1.35164 -0.980503 0.62405 -0.110983 -1.40442 1.41312 1.21037 2.63543 
0.65143 -0.969038 -0.256913 1.4786 -2.47511 -1.91374 1.35164 -0.969459 0.624225 -0.117159 -1.39339 1.39252 1.20707 2.66612 
0.65143 -0.969038 -0.256913 1.4786 -2.47511 -1.91374 1.35164 -0.961623 0.624476 -0.121752 -1.38504 1.37778 1.20537 2.69261 
0.65143 -0.969038 -0.256913 1.4786 -2.47511 -1.91374 1.35164 -0.954018 0.625104 -0.12452 -1.3779 1.36725 1.20278 2.71053 
0.65143 -0.969038 -0.256913 1.4786 -2.47511 -1.91374 1.35164 -0.946424 0.622498 -0.126119 -1.37897 1.36373 1.19269 2.71904 
0.65143 -0.969038 -0.256913 1.4786 -2.47511 -1.91374 1.35164 -0.940927 0.624294 -0.126427 -1.37369 1.35778 1.19121 2.72299 
0.65143 -0.969038 -0.256913 1.4786 -2.47511 -1.91374 1.35164 -0.930865 0.623368 -0.131153 -1.36735 1.34413 1.1847 2.7435 
0.65143 -0.969038 -0.256913 1.4786 -2.47511 -1.91374 1.35164 -0.922232 0.624416 -0.135538 -1.35957 1.3321 1.18078 2.7695 
0.65143 -0.969038 -0.256913 1.4786 -2.47511 -1.91374 1.35164 -0.915229 0.623175 -0.137635 -1.35878 1.32659 1.17089 2.76969 
0.65143 -0.969038 -0.256913 1.4786 -2.47511 -1.91374 1.35164 -0.908697 0.625835 -0.141724 -1.34956 1.31408 1.17149 2.79166 
0.65143 -0.969038 -0.256913 1.4786 -2.47511 -1.91374 1.35164 -0.905119 0.627091 -0.143329 -1.34614 1.30923 1.16979 2.79983 
0.65143 -0.969038 -0.256913 1.4786 -2.47511 -1.91374 1.35164 -0.903619 0.628142 -0.143721 -1.34484 1.30829 1.16902 2.80452 
0.65143 -0.969038 -0.256913 1.4786 -2.47511 -1.91374 1.35164 -0.90337 0.627034 -0.143176 -1.34757 1.31003 1.16492 2.7946 
0.65143 -0.969038 -0.256913 1.4786 -2.47511 -1.91374 1.35164 -0.904464 0.625509 -0.141398 -1.35283 1.31612 1.16049 2.78519 
0.65143 -0.969038 -0.256913 1.4786 -2.47511 -1.91374 1.35164 -0.905556 0.624746 -0.141959 -1.35189 1.31599 1.16423 2.79679 
0.65143 -0.969038 -0.256913 1.4786 -2.47511 -1.91374 1.35164 -0.908616 0.627357 -0.139403 -1.35218 1.32198 1.16716 2.79463 
0.65143 -0.969038 -0.256913 1.4786 -2.47511 -1.91374 1.35164 -0.906789 0.627005 -0.141104 -1.35026 1.31768 1.16666 2.79704 
0.65143 -0.969038 -0.256913 1.4786 -2.47511 -1.91374 1.35164 -0.908461 0.626066 -0.139143 -1.35504 1.32484 1.16367 2.79194 
0.65143 -0.969038 -0.256913 1.4786 -2.47511 -1.91374 1.35164 -0.908798 0.626277 -0.138738 -1.35513 1.32508 1.16407 2.78804 
0.65143 -0.969038 -0.256913 1.4786 -2.47511 -1.91374 1.35164 -0.909105 0.626406 -0.138339 -1.35532 1.32591 1.16391 2.78519 
0.65143 -0.969038 -0.256913 1.4786 -2.47511 -1.91374 1.35164 -0.908899 0.626704 -0.138669 -1.35434 1.32497 1.16483 2.78843 
0.65143 -0.969038 -0.256913 1.4786 -2.47511 -1.91374 1.35164 -0.908924 0.626363 -0.138566 -1.35531 1.32608 1.16427 2.78923 
0.65143 -0.969038 -0.256913 1.4786 -2.47511 -1.91374 1.35164 -0.906778 0.625397 -0.140586 -1.3541 1.32115 1.16285 2.79131 
0.65143 -0.969038 -0.256913 1.4786 -2.47511 -1.91374 1.35164 -0.906312 0.624556 -0.140999 -1.35494 1.32096 1.16113 2.79131 
0.65143 -0.969038 -0.256913 1.4786 -2.47511 -1.91374 1.35164 -0.906297 0.626857 -0.141726 -1.34936 1.31579 1.16631 2.79485 
0.65143 -0.969038 -0.256913 1.4786 -2.47511 -1.91374 1.35164 -0.907435 0.624879 -0.13995 -1.35545 1.3229 1.16234 2.79003 
0.65143 -0.969038 -0.256913 1.4786 -2.47511 -1.91374 1.35164 -0.900081 0.603653 -0.139786 -1.39361 1.34382 1.12136 2.77407 
0.65143 -0.969038 -0.256913 1.4786 -2.47511 -1.91374 1.35164 -0.893412 0.596845 -0.145746 -1.39721 1.33179 1.11258 2.78152 
0.65143 -0.969038 -0.256913 1.4786 -2.47511 -1.91374 1.35164 -0.889325 0.595697 -0.151331 -1.39003 1.31242 1.11678 2.78392 
0.65143 -0.969038 -0.256913 1.4786 -2.47511 -1.91374 1.35164 -0.886928 0.595976 -0.15673 -1.3811 1.29278 1.12458 2.78788 
0.65143 -0.969038 -0.256913 1.4786 -2.47511 -1.91374 1.35164 -0.894201 0.598092 -0.152812 -1.38329 1.30016 1.13306 2.77413 
0.65143 -0.969038 -0.256913 1.4786 -2.47511 -1.91374 1.35164 -0.893509 0.599744 -0.157534 -1.37462 1.2849 1.14338 2.78661 
0.65143 -0.969038 -0.256913 1.4786 -2.47511 -1.91374 1.35164 -0.896317 0.601087 -0.158368 -1.37129 1.27921 1.15244 2.78351 
0.65143 -0.969038 -0.256913 1.4786 -2.47511 -1.91374 1.35164 -0.897451 0.605882 -0.161937 -1.3579 1.26332 1.16989 2.79466 
0.65143 -0.969038 -0.256913 1.4786 -2.47511 -1.91374 1.35164 -0.895617 0.606774 -0.167301 -1.34913 1.24673 1.17985 2.80819 
0.65143 -0.969038 -0.256913 1.4786 -2.47511 -1.91374 1.35164 -0.898828 0.607749 -0.167778 -1.34801 1.24464 1.18752 2.81007 
0.65143 -0.969038 -0.256913 1.4786 -2.47511 -1.91374 1.35164 -0.900275 0.608117 -0.169763 -1.34423 1.23591 1.19518 2.80522 
0.65143 -0.969038 -0.256913 1.4786 -2.47511 -1.91374 1.35164 -0.900748 0.611014 -0.173863 -1.3336 1.22107 1.20883 2.81429 
0.65143 -0.969038 -0.256913 1.4786 -2.47511 -1.91374 1.35164 -0.903109 0.612696 -0.174924 -1.32813 1.21159 1.21834 2.80102 
0.65143 -0.969038 -0.256913 1.4786 -2.47511 -1.91374 1.35164 -0.905458 0.614544 -0.176026 -1.32286 1.20458 1.22763 2.79717 
0.65143 -0.969038 -0.256913 1.4786 -2.47511 -1.91374 1.35164 -0.905215 0.612786 -0.177716 -1.32383 1.20034 1.22753 2.79353 
0.65143 -0.969038 -0.256913 1.4786 -2.47511 -1.91374 1.35164 -0.90987 0.610645 -0.174245 -1.33343 1.21033 1.22392 2.77583 
0.65143 -0.969038 -0.256913 1.4786 -2.47511 -1.91374 1.35164 -0.907859 0.611491 -0.177605 -1.32811 1.20169 1.22911 2.78898 
0.65143 -0.969038 -0.256913 1.4786 -2.47511 -1.91374 1.35164 -0.910129 0.61106 -0.176472 -1.33096 1.20442 1.22953 2.78136 
0.65143 -0.969038 -0.256913 1.4786 -2.47511 -1.91374 1.35164 -0.912101 0.611474 -0.17565 -1.33323 1.20773 1.23148 2.78344 
0.65143 -0.969038 -0.256913 1.4786 -2.47511 -1.91374 1.35164 -0.912141 0.612488 -0.177067 -1.33038 1.20367 1.23653 2.79007 
0.65143 -0.969038 -0.256913 1.4786 -2.47511 -1.91374 1.35164 -0.914229 0.609993 -0.174987 -1.33748 1.2091 1.23226 2.77426 
0.65143 -0.969038 -0.256913 1.4786 -2.47511 -1.91374 1.35164 -0.913127 0.609156 -0.176377 -1.33766 1.20489 1.23181 2.7718 
0.65143 -0.969038 -0.256913 1.4786 -2.47511 -1.91374 1.35164 -0.913396 0.608028 -0.176616 -1.33959 1.20394 1.23081 2.76595 
0.65143 -0.969038 -0.256913 1.4786 -2.47511 -1.91374 1.35164 -0.916183 0.60591 -0.173644 -1.34742 1.21101 1.226 2.74624 
0.65143 -0.969038 -0.256913 1.4786 -2.47511 -1.91374 1.35164 -0.91776 0.60766 -0.173161 -1.34625 1.21229 1.23057 2.75197 
0.65143 -0.969038 -0.256913 1.4786 -2.47511 -1.91374 1.35164 -0.916545 0.608299 -0.17512 -1.34252 1.20549 1.23361 2.75561 
0.65143 -0.969038 -0.256913 1.4786 -2.47511 -1.91374 1.35164 -0.917112 0.605879 -0.174488 -1.3481 1.20879 1.22914 2.74785 
0.65143 -0.969038 -0.256913 1.4786 -2.47511 -1.91374 1.35164 -0.917885 0.6074 -0.174539 -1.34607 1.20775 1.23263 2.75109 
0.65143 -0.969038 -0.256913 1.4786 -2.47511 -1.91374 1.35164 -0.922603 0.607198 -0.170369 -1.35428 1.22077 1.23099 2.74405 
0.65143 -0.969038 -0.256913 1.4786 -2.47511 -1.91374 1.35164 -0.922194 0.607174 -0.170532 -1.35318 1.2181 1.23114 2.73722 
0.65143 -0.969038 -0.256913 1.4786 -2.47511 -1.91374 1.35164 -0.924177 0.610487 -0.169734 -1.35016 1.22033 1.23718 2.74702 
0.65143 -0.969038 -0.256913 1.4786 -2.47511 -1.91374 1.35164 -0.921618 0.607621 -0.171498 -1.35263 1.21817 1.23159 2.74787 
