0.652884 -1.07435 -0.399848 1.39062 -2.56244 -1.99689 1.83454 -1.11086 0.606551 0.0662772 -1.38233 -1.96054 -1.13132 -0.477197 
0.749769 -1.13079 -0.57428 1.39889 -2.40923 -1.9684 1.98365 -1.11086 0.606549 0.0662777 -1.38233 -1.96054 -1.13132 -0.4772 
0.752856 -1.13241 -0.579287 1.39983 -2.40422 -1.96702 1.98673 -1.11086 0.606549 0.0662777 -1.38233 -1.96054 -1.13132 -0.4772 
0.751656 -1.13438 -0.578783 1.39776 -2.40387 -1.96621 1.98649 -1.11086 0.606549 0.0662777 -1.38233 -1.96054 -1.13132 -0.4772 
0.754581 -1.13555 -0.583616 1.39942 -2.39815 -1.96702 1.99217 -1.11086 0.606549 0.0662777 -1.38233 -1.96054 -1.13132 -0.4772 
0.756649 -1.13179 -0.58417 1.40511 -2.39734 -1.967 1.98997 -1.11086 0.606549 0.0662777 -1.38233 -1.96054 -1.13132 -0.4772 
0.758897 -1.13336 -0.581215 1.40354 -2.39238 -1.96675 1.98326 -1.11086 0.606549 0.0662777 -1.38233 -1.96054 -1.13132 -0.4772 
0.756795 -1.1356 -0.581622 1.40202 -2.39293 -1.96469 1.98252 -1.11086 0.606549 0.0662777 -1.38233 -1.96054 -1.13132 -0.4772 
0.762545 -1.14078 -0.59137 1.40252 -2.37124 -1.96702 1.99027 -1.11086 0.606549 0.0662777 -1.38233 -1.96054 -1.13132 -0.4772 
0.763761 -1.1487 -0.599102 1.39644 -2.36629 -1.96702 1.99697 -1.11086 0.606549 0.0662777 -1.38233 -1.96054 -1.13132 -0.4772 
0.776028 -1.16467 -0.625407 1.38817 -2.33115 -1.96701 2.01448 -1.11086 0.606549 0.0662777 -1.38233 -1.96054 -1.13132 -0.4772 
0.785199 -1.1547 -0.621116 1.40567 -2.32566 -1.96051 2.00343 -1.11086 0.606549 0.0662777 -1.38233 -1.96054 -1.13132 -0.4772 
0.798053 -1.15288 -0.631117 1.41885 -2.30739 -1.96701 1.99548 -1.11086 0.606549 0.0662777 -1.38233 -1.96054 -1.13132 -0.4772 
0.807849 -1.14713 -0.637885 1.43529 -2.29263 -1.96701 1.99713 -1.11086 0.606549 0.0662777 -1.38233 -1.96054 -1.13132 -0.4772 
