1.12179 -1.87903 -1.70169 1.39061 2.00411 1.16347 -1.12319 -1.11752 0.619135 0.0779224 -1.35451 -1.9754 -1.13355 -0.457962 
1.09494 -1.86039 -1.70308 1.3409 2.00582 1.1652 -1.14748 -1.12013 0.607175 0.0805929 -1.38179 -1.9682 -1.12629 -0.474495 
1.09166 -1.86045 -1.70308 1.33412 2.00902 1.1712 -1.14893 -1.12018 0.606947 0.080645 -1.38232 -1.96805 -1.12615 -0.474818 
1.09018 -1.85972 -1.7022 1.32899 2.01374 1.17874 -1.15336 -1.12018 0.60694 0.0806463 -1.38233 -1.96805 -1.12615 -0.474827 
1.09019 -1.85901 -1.70211 1.32852 2.01436 1.17937 -1.15419 -1.12018 0.60694 0.0806463 -1.38233 -1.96805 -1.12615 -0.474827 
1.09106 -1.85858 -1.70206 1.33024 2.01325 1.17721 -1.15474 -1.12018 0.60694 0.0806463 -1.38233 -1.96805 -1.12615 -0.474827 
1.09417 -1.85626 -1.69991 1.33052 2.01346 1.17407 -1.15937 -1.12018 0.60694 0.0806463 -1.38233 -1.96805 -1.12615 -0.474827 
1.09609 -1.85552 -1.6987 1.32924 2.01462 1.17638 -1.1661 -1.12018 0.60694 0.0806463 -1.38233 -1.96805 -1.12615 -0.474827 
1.09775 -1.8559 -1.69836 1.33 2.01436 1.17654 -1.1673 -1.12018 0.60694 0.0806463 -1.38233 -1.96805 -1.12615 -0.474827 
1.1011 -1.8564 -1.69729 1.33388 2.0146 1.17501 -1.16643 -1.12018 0.60694 0.0806463 -1.38233 -1.96805 -1.12615 -0.474827 
1.10467 -1.85612 -1.69554 1.33711 2.01642 1.176 -1.16866 -1.12018 0.60694 0.0806463 -1.38233 -1.96805 -1.12615 -0.474827 
1.10868 -1.85547 -1.69437 1.34196 2.01634 1.17368 -1.17052 -1.12018 0.60694 0.0806463 -1.38233 -1.96805 -1.12615 -0.474827 
1.11081 -1.85623 -1.69413 1.34488 2.01613 1.17384 -1.17072 -1.12018 0.60694 0.0806463 -1.38233 -1.96805 -1.12615 -0.474827 
1.1124 -1.85652 -1.69318 1.34618 2.01719 1.17474 -1.17173 -1.12018 0.60694 0.0806463 -1.38233 -1.96805 -1.12615 -0.474827 
1.11429 -1.85698 -1.69201 1.34788 2.01827 1.17553 -1.1728 -1.12018 0.60694 0.0806463 -1.38233 -1.96805 -1.12615 -0.474827 
1.11467 -1.85854 -1.69208 1.34862 2.01872 1.17805 -1.17371 -1.12018 0.60694 0.0806463 -1.38233 -1.96805 -1.12615 -0.474827 
1.11601 -1.85763 -1.69132 1.34963 2.0196 1.17819 -1.17522 -1.12018 0.60694 0.0806463 -1.38233 -1.96805 -1.12615 -0.474827 
1.11735 -1.85744 -1.69108 1.3517 2.01897 1.17612 -1.17518 -1.12018 0.60694 0.0806463 -1.38233 -1.96805 -1.12615 -0.474827 
1.11792 -1.85876 -1.6908 1.35233 2.01959 1.17768 -1.17482 -1.12018 0.60694 0.0806463 -1.38233 -1.96805 -1.12615 -0.474827 
1.11933 -1.85815 -1.69006 1.35351 2.0197 1.17661 -1.1758 -1.12018 0.60694 0.0806463 -1.38233 -1.96805 -1.12615 -0.474827 
1.11976 -1.8588 -1.6908 1.3552 2.01849 1.17563 -1.17419 -1.12018 0.60694 0.0806463 -1.38233 -1.96805 -1.12615 -0.474827 
1.11874 -1.86046 -1.69144 1.35462 2.01933 1.17934 -1.17335 -1.12018 0.60694 0.0806463 -1.38233 -1.96805 -1.12615 -0.474827 
1.12109 -1.8595 -1.68973 1.35641 2.01987 1.17714 -1.17414 -1.12018 0.60694 0.0806463 -1.38233 -1.96805 -1.12615 -0.474827 
1.12117 -1.85979 -1.69002 1.35618 2.01986 1.17844 -1.17484 -1.12018 0.60694 0.0806463 -1.38233 -1.96805 -1.12615 -0.474827 
1.12188 -1.85916 -1.68956 1.35672 2.02049 1.17795 -1.17515 -1.12018 0.60694 0.0806463 -1.38233 -1.96805 -1.12615 -0.474827 
1.1225 -1.85993 -1.69002 1.35823 2.0189 1.17647 -1.17482 -1.12018 0.60694 0.0806463 -1.38233 -1.96805 -1.12615 -0.474827 
1.12321 -1.85841 -1.68873 1.35826 2.02027 1.17606 -1.17686 -1.12018 0.60694 0.0806463 -1.38233 -1.96805 -1.12615 -0.474827 
1.12379 -1.85834 -1.68874 1.35927 2.01985 1.17515 -1.17656 -1.12018 0.60694 0.0806463 -1.38233 -1.96805 -1.12615 -0.474827 
1.12582 -1.85834 -1.68698 1.36012 2.02201 1.17688 -1.17847 -1.12018 0.60694 0.0806463 -1.38233 -1.96805 -1.12615 -0.474827 
1.12703 -1.85877 -1.68702 1.3616 2.02201 1.17743 -1.17899 -1.12018 0.60694 0.0806463 -1.38233 -1.96805 -1.12615 -0.474827 
1.12892 -1.85899 -1.68684 1.36446 2.02104 1.17548 -1.17813 -1.12018 0.60694 0.0806463 -1.38233 -1.96805 -1.12615 -0.474827 
1.13025 -1.85945 -1.68604 1.36521 2.0221 1.17711 -1.17959 -1.12018 0.60694 0.0806463 -1.38233 -1.96805 -1.12615 -0.474827 
1.1302 -1.8603 -1.6861 1.36534 2.02342 1.1799 -1.17944 -1.12018 0.60694 0.0806463 -1.38233 -1.96805 -1.12615 -0.474827 
1.13111 -1.86086 -1.68592 1.36704 2.02318 1.17964 -1.17902 -1.12018 0.60694 0.0806463 -1.38233 -1.96805 -1.12615 -0.474827 
1.13273 -1.86017 -1.68577 1.36971 2.02178 1.17608 -1.17905 -1.12018 0.60694 0.0806463 -1.38233 -1.96805 -1.12615 -0.474827 
1.13411 -1.86146 -1.68575 1.37221 2.02026 1.17412 -1.17763 -1.12018 0.60694 0.0806463 -1.38233 -1.96805 -1.12615 -0.474827 
1.13392 -1.86209 -1.68606 1.37243 2.01983 1.17417 -1.17671 -1.12018 0.60694 0.0806463 -1.38233 -1.96805 -1.12615 -0.474827 
1.13331 -1.86139 -1.68567 1.3701 2.02228 1.17744 -1.17799 -1.12018 0.60694 0.0806463 -1.38233 -1.96805 -1.12615 -0.474827 
1.13376 -1.86079 -1.68545 1.37075 2.02201 1.17647 -1.17825 -1.12018 0.60694 0.0806463 -1.38233 -1.96805 -1.12615 -0.474827 
1.1336 -1.861 -1.68536 1.37052 2.02258 1.17723 -1.17805 -1.12018 0.60694 0.0806463 -1.38233 -1.96805 -1.12615 -0.474827 
1.13365 -1.86232 -1.68669 1.37287 2.01908 1.17411 -1.17572 -1.12018 0.60694 0.0806463 -1.38233 -1.96805 -1.12615 -0.474827 
1.13365 -1.86232 -1.68658 1.37281 2.01916 1.17397 -1.17561 -1.12018 0.60694 0.0806463 -1.38233 -1.96805 -1.12615 -0.474827 
1.13311 -1.86205 -1.68604 1.37087 2.02162 1.17715 -1.17721 -1.12018 0.60694 0.0806463 -1.38233 -1.96805 -1.12615 -0.474827 
1.13243 -1.86291 -1.68684 1.37039 2.02123 1.17851 -1.17698 -1.12018 0.60694 0.0806463 -1.38233 -1.96805 -1.12615 -0.474827 
1.13317 -1.8619 -1.68603 1.37115 2.02128 1.17692 -1.17737 -1.12018 0.60694 0.0806463 -1.38233 -1.96805 -1.12615 -0.474827 
1.13397 -1.86061 -1.68491 1.37088 2.02269 1.17654 -1.17821 -1.12018 0.60694 0.0806463 -1.38233 -1.96805 -1.12615 -0.474827 
1.13375 -1.86085 -1.68503 1.37074 2.0229 1.17719 -1.17827 -1.12018 0.60694 0.0806463 -1.38233 -1.96805 -1.12615 -0.474827 
1.135 -1.85952 -1.68415 1.3712 2.02299 1.17462 -1.17887 -1.12018 0.60694 0.0806463 -1.38233 -1.96805 -1.12615 -0.474827 
1.13353 -1.86183 -1.68599 1.37076 2.02139 1.17671 -1.17754 -1.12018 0.60694 0.0806463 -1.38233 -1.96805 -1.12615 -0.474827 
1.13389 -1.8612 -1.68548 1.37091 2.02187 1.17631 -1.17821 -1.12018 0.60694 0.0806463 -1.38233 -1.96805 -1.12615 -0.474827 
1.13262 -1.86245 -1.68586 1.36962 2.02267 1.17951 -1.1779 -1.12018 0.60694 0.0806463 -1.38233 -1.96805 -1.12615 -0.474827 
1.13265 -1.8621 -1.68546 1.36916 2.02349 1.18026 -1.17858 -1.12018 0.60694 0.0806463 -1.38233 -1.96805 -1.12615 -0.474827 
1.1328 -1.86229 -1.68575 1.36978 2.02266 1.179 -1.17819 -1.12018 0.60694 0.0806463 -1.38233 -1.96805 -1.12615 -0.474827 
1.13295 -1.86228 -1.68597 1.37052 2.02143 1.17755 -1.17784 -1.12018 0.60694 0.0806463 -1.38233 -1.96805 -1.12615 -0.474827 
1.13364 -1.86078 -1.68467 1.36995 2.02306 1.1772 -1.17911 -1.12018 0.60694 0.0806463 -1.38233 -1.96805 -1.12615 -0.474827 
1.13343 -1.86231 -1.68618 1.37156 2.02021 1.17519 -1.1769 -1.12018 0.60694 0.0806463 -1.38233 -1.96805 -1.12615 -0.474827 
1.13401 -1.8612 -1.68545 1.37166 2.02074 1.17417 -1.1784 -1.12018 0.60694 0.0806463 -1.38233 -1.96805 -1.12615 -0.474827 
1.13524 -1.85982 -1.6848 1.37271 2.0202 1.17157 -1.17966 -1.12018 0.60694 0.0806463 -1.38233 -1.96805 -1.12615 -0.474827 
1.13518 -1.85946 -1.68469 1.37238 2.02038 1.17207 -1.18035 -1.12018 0.60694 0.0806463 -1.38233 -1.96805 -1.12615 -0.474827 
1.13455 -1.86067 -1.68569 1.37262 2.01928 1.17277 -1.17889 -1.12018 0.60694 0.0806463 -1.38233 -1.96805 -1.12615 -0.474827 
1.13472 -1.86056 -1.68558 1.37236 2.01982 1.17305 -1.17849 -1.12018 0.60694 0.0806463 -1.38233 -1.96805 -1.12615 -0.474827 
1.13446 -1.86095 -1.68586 1.37239 2.01945 1.17365 -1.17941 -1.12018 0.60694 0.0806463 -1.38233 -1.96805 -1.12615 -0.474827 
1.13447 -1.86063 -1.68583 1.37244 2.01946 1.17329 -1.17891 -1.12018 0.60694 0.0806463 -1.38233 -1.96805 -1.12615 -0.474827 
1.13472 -1.86021 -1.68515 1.37207 2.02031 1.17386 -1.18062 -1.12018 0.60694 0.0806463 -1.38233 -1.96805 -1.12615 -0.474827 
1.13507 -1.85959 -1.68497 1.37256 2.01988 1.1723 -1.18068 -1.12018 0.60694 0.0806463 -1.38233 -1.96805 -1.12615 -0.474827 
1.13454 -1.85988 -1.68481 1.37113 2.02099 1.17469 -1.18168 -1.12018 0.60694 0.0806463 -1.38233 -1.96805 -1.12615 -0.474827 
1.13414 -1.86046 -1.68509 1.3708 2.02142 1.17617 -1.18137 -1.12018 0.60694 0.0806463 -1.38233 -1.96805 -1.12615 -0.474827 
1.13418 -1.8606 -1.68533 1.37126 2.02055 1.17494 -1.18045 -1.12018 0.60694 0.0806463 -1.38233 -1.96805 -1.12615 -0.474827 
1.13332 -1.86045 -1.68525 1.36948 2.02246 1.17837 -1.1815 -1.12018 0.60694 0.0806463 -1.38233 -1.96805 -1.12615 -0.474827 
1.13344 -1.86057 -1.68549 1.36991 2.02143 1.17745 -1.18139 -1.12018 0.60694 0.0806463 -1.38233 -1.96805 -1.12615 -0.474827 
1.13454 -1.85997 -1.6849 1.37155 2.02053 1.17426 -1.18043 -1.12018 0.60694 0.0806463 -1.38233 -1.96805 -1.12615 -0.474827 
1.13426 -1.86006 -1.68472 1.37085 2.02127 1.17563 -1.18075 -1.12018 0.60694 0.0806463 -1.38233 -1.96805 -1.12615 -0.474827 
1.13419 -1.86086 -1.68553 1.3716 2.01942 1.1744 -1.17957 -1.12018 0.60694 0.0806463 -1.38233 -1.96805 -1.12615 -0.474827 
1.13424 -1.85996 -1.6849 1.37076 2.0206 1.17558 -1.18127 -1.12018 0.60694 0.0806463 -1.38233 -1.96805 -1.12615 -0.474827 
1.13399 -1.85981 -1.68445 1.37011 2.02178 1.17672 -1.18171 -1.12018 0.60694 0.0806463 -1.38233 -1.96805 -1.12615 -0.474827 
1.13402 -1.86002 -1.68519 1.37105 2.02044 1.17503 -1.18041 -1.12018 0.60694 0.0806463 -1.38233 -1.96805 -1.12615 -0.474827 
1.13413 -1.86069 -1.68549 1.37198 2.01903 1.17367 -1.1792 -1.12018 0.60694 0.0806463 -1.38233 -1.96805 -1.12615 -0.474827 
1.13469 -1.86045 -1.68535 1.37267 2.0181 1.17211 -1.17967 -1.12018 0.60694 0.0806463 -1.38233 -1.96805 -1.12615 -0.474827 
1.13382 -1.86018 -1.68486 1.37052 2.02083 1.17591 -1.18106 -1.12018 0.60694 0.0806463 -1.38233 -1.96805 -1.12615 -0.474827 
1.13461 -1.85935 -1.6844 1.37101 2.02121 1.17484 -1.18133 -1.12018 0.60694 0.0806463 -1.38233 -1.96805 -1.12615 -0.474827 
1.13317 -1.86043 -1.68482 1.3694 2.02243 1.17849 -1.18112 -1.12018 0.60694 0.0806463 -1.38233 -1.96805 -1.12615 -0.474827 
1.13263 -1.86191 -1.6858 1.37007 2.02084 1.17821 -1.17928 -1.12018 0.60694 0.0806463 -1.38233 -1.96805 -1.12615 -0.474827 
1.13368 -1.86066 -1.68535 1.37082 2.02047 1.17572 -1.17952 -1.12018 0.60694 0.0806463 -1.38233 -1.96805 -1.12615 -0.474827 
1.13423 -1.85959 -1.68431 1.37012 2.0223 1.17627 -1.1803 -1.12018 0.60694 0.0806463 -1.38233 -1.96805 -1.12615 -0.474827 
1.13378 -1.86027 -1.68464 1.3703 2.02243 1.17695 -1.17956 -1.12018 0.60694 0.0806463 -1.38233 -1.96805 -1.12615 -0.474827 
1.13451 -1.8597 -1.68456 1.37094 2.02187 1.17505 -1.17932 -1.12018 0.60694 0.0806463 -1.38233 -1.96805 -1.12615 -0.474827 
1.13375 -1.85998 -1.68413 1.36926 2.02399 1.17844 -1.18054 -1.12018 0.60694 0.0806463 -1.38233 -1.96805 -1.12615 -0.474827 
1.13332 -1.86077 -1.6849 1.36999 2.02278 1.17776 -1.17877 -1.12018 0.60694 0.0806463 -1.38233 -1.96805 -1.12615 -0.474827 
1.13301 -1.86114 -1.68539 1.36983 2.02245 1.17811 -1.17775 -1.12018 0.60694 0.0806463 -1.38233 -1.96805 -1.12615 -0.474827 
1.13273 -1.86175 -1.68589 1.37043 2.02153 1.17747 -1.17653 -1.12018 0.60694 0.0806463 -1.38233 -1.96805 -1.12615 -0.474827 
1.13358 -1.86024 -1.68465 1.37018 2.0227 1.17724 -1.17838 -1.12018 0.60694 0.0806463 -1.38233 -1.96805 -1.12615 -0.474827 
1.13372 -1.86035 -1.68485 1.3707 2.02208 1.17654 -1.17821 -1.12018 0.60694 0.0806463 -1.38233 -1.96805 -1.12615 -0.474827 
1.13344 -1.86042 -1.68472 1.3702 2.02279 1.17734 -1.1781 -1.12018 0.60694 0.0806463 -1.38233 -1.96805 -1.12615 -0.474827 
1.13384 -1.86054 -1.68519 1.37134 2.02142 1.17537 -1.17754 -1.12018 0.60694 0.0806463 -1.38233 -1.96805 -1.12615 -0.474827 
1.13336 -1.86089 -1.68526 1.37058 2.0216 1.17661 -1.1781 -1.12018 0.60694 0.0806463 -1.38233 -1.96805 -1.12615 -0.474827 
1.13414 -1.86035 -1.68496 1.37127 2.02139 1.17499 -1.17783 -1.12018 0.60694 0.0806463 -1.38233 -1.96805 -1.12615 -0.474827 
1.13457 -1.85919 -1.68373 1.37045 2.02348 1.17589 -1.17985 -1.12018 0.60694 0.0806463 -1.38233 -1.96805 -1.12615 -0.474827 
1.13376 -1.8606 -1.68475 1.37066 2.02246 1.17631 -1.17857 -1.12018 0.60694 0.0806463 -1.38233 -1.96805 -1.12615 -0.474827 
1.13401 -1.86055 -1.68483 1.37078 2.02219 1.17617 -1.17878 -1.12018 0.60694 0.0806463 -1.38233 -1.96805 -1.12615 -0.474827 
1.13402 -1.86066 -1.68521 1.37106 2.0216 1.17581 -1.17841 -1.12018 0.60694 0.0806463 -1.38233 -1.96805 -1.12615 -0.474827 
1.13409 -1.85994 -1.68411 1.37038 2.02336 1.17685 -1.17944 -1.12018 0.60694 0.0806463 -1.38233 -1.96805 -1.12615 -0.474827 
1.13423 -1.86033 -1.68449 1.37123 2.02192 1.17474 -1.17877 -1.12018 0.60694 0.0806463 -1.38233 -1.96805 -1.12615 -0.474827 
1.1338 -1.8615 -1.68569 1.37192 2.01999 1.17389 -1.17689 -1.12018 0.60694 0.0806463 -1.38233 -1.96805 -1.12615 -0.474827 
1.13472 -1.85994 -1.68461 1.37175 2.02086 1.17386 -1.17951 -1.12018 0.60694 0.0806463 -1.38233 -1.96805 -1.12615 -0.474827 
1.13423 -1.85998 -1.68461 1.37094 2.02212 1.17611 -1.17937 -1.12018 0.60694 0.0806463 -1.38233 -1.96805 -1.12615 -0.474827 
1.13394 -1.86085 -1.68525 1.37144 2.02136 1.17607 -1.1777 -1.12018 0.60694 0.0806463 -1.38233 -1.96805 -1.12615 -0.474827 
1.13413 -1.86061 -1.68533 1.37177 2.02032 1.17492 -1.1782 -1.12018 0.60694 0.0806463 -1.38233 -1.96805 -1.12615 -0.474827 
1.13364 -1.86108 -1.68583 1.37151 2.02027 1.17574 -1.17778 -1.12018 0.60694 0.0806463 -1.38233 -1.96805 -1.12615 -0.474827 
1.13475 -1.85988 -1.68465 1.37214 2.02075 1.17416 -1.17882 -1.12018 0.60694 0.0806463 -1.38233 -1.96805 -1.12615 -0.474827 
1.13431 -1.86004 -1.68464 1.37158 2.02104 1.1747 -1.17887 -1.12018 0.60694 0.0806463 -1.38233 -1.96805 -1.12615 -0.474827 
1.13483 -1.86016 -1.68509 1.37285 2.01948 1.17284 -1.1786 -1.12018 0.60694 0.0806463 -1.38233 -1.96805 -1.12615 -0.474827 
1.13432 -1.86072 -1.68561 1.37295 2.0188 1.17274 -1.17781 -1.12018 0.60694 0.0806463 -1.38233 -1.96805 -1.12615 -0.474827 
1.13473 -1.85988 -1.68495 1.37251 2.01989 1.17287 -1.17885 -1.12018 0.60694 0.0806463 -1.38233 -1.96805 -1.12615 -0.474827 
1.13447 -1.86017 -1.68511 1.37254 2.02025 1.17336 -1.17833 -1.12018 0.60694 0.0806463 -1.38233 -1.96805 -1.12615 -0.474827 
1.13453 -1.85983 -1.68463 1.3715 2.02147 1.17479 -1.17903 -1.12018 0.60694 0.0806463 -1.38233 -1.96805 -1.12615 -0.474827 
1.13462 -1.86006 -1.68501 1.37208 2.02046 1.1737 -1.17861 -1.12018 0.60694 0.0806463 -1.38233 -1.96805 -1.12615 -0.474827 
1.13444 -1.85959 -1.68432 1.37102 2.02235 1.17583 -1.17973 -1.12018 0.60694 0.0806463 -1.38233 -1.96805 -1.12615 -0.474827 
1.13458 -1.8598 -1.68455 1.37163 2.02191 1.17543 -1.17964 -1.12018 0.60694 0.0806463 -1.38233 -1.96805 -1.12615 -0.474827 
1.13354 -1.86388 -1.6858 1.37345 2.02186 1.177 -1.17062 -1.12018 0.60694 0.0806463 -1.38233 -1.96805 -1.12615 -0.474827 
1.13308 -1.86752 -1.68618 1.37547 2.02303 1.17871 -1.16242 -1.12018 0.60694 0.0806463 -1.38233 -1.96805 -1.12615 -0.474827 
1.13284 -1.87187 -1.68717 1.37917 2.02264 1.17852 -1.15166 -1.12018 0.60694 0.0806463 -1.38233 -1.96805 -1.12615 -0.474827 
1.13171 -1.8763 -1.68817 1.38114 2.02364 1.18091 -1.14136 -1.12018 0.60694 0.0806463 -1.38233 -1.96805 -1.12615 -0.474827 
1.13034 -1.88201 -1.69023 1.38452 2.02267 1.18188 -1.1285 -1.12018 0.60694 0.0806463 -1.38233 -1.96805 -1.12615 -0.474827 
1.12974 -1.88586 -1.69063 1.38682 2.02419 1.18324 -1.11754 -1.12018 0.60694 0.0806463 -1.38233 -1.96805 -1.12615 -0.474827 
1.12791 -1.89153 -1.69275 1.38955 2.02429 1.18481 -1.10302 -1.12018 0.60694 0.0806463 -1.38233 -1.96805 -1.12615 -0.474827 
1.12532 -1.89677 -1.69396 1.38992 2.02696 1.18952 -1.0902 -1.12018 0.60694 0.0806463 -1.38233 -1.96805 -1.12615 -0.474827 
1.12342 -1.90163 -1.69492 1.39123 2.02938 1.19227 -1.07567 -1.12018 0.60694 0.0806463 -1.38233 -1.96805 -1.12615 -0.474827 
1.11803 -1.90951 -1.69902 1.39084 2.0304 1.1995 -1.05869 -1.12018 0.60694 0.0806463 -1.38233 -1.96805 -1.12615 -0.474827 
1.11544 -1.91489 -1.70069 1.39217 2.03232 1.20208 -1.04233 -1.12018 0.60694 0.0806463 -1.38233 -1.96805 -1.12615 -0.474827 
1.11124 -1.92118 -1.70313 1.392 2.03509 1.20731 -1.02446 -1.12018 0.60694 0.0806463 -1.38233 -1.96805 -1.12615 -0.474827 
1.10776 -1.92625 -1.70462 1.39194 2.03839 1.21143 -1.00786 -1.12018 0.60694 0.0806463 -1.38233 -1.96805 -1.12615 -0.474827 
1.10236 -1.93307 -1.70756 1.39056 2.04168 1.2182 -0.988449 -1.12018 0.60694 0.0806463 -1.38233 -1.96805 -1.12615 -0.474827 
1.10016 -1.93798 -1.70879 1.39296 2.04327 1.21755 -0.968988 -1.12018 0.60694 0.0806463 -1.38233 -1.96805 -1.12615 -0.474827 
1.0944 -1.94439 -1.71169 1.39102 2.04699 1.22417 -0.949586 -1.12018 0.60694 0.0806463 -1.38233 -1.96805 -1.12615 -0.474827 
1.08881 -1.95096 -1.71464 1.38986 2.05051 1.22922 -0.927 -1.12018 0.60694 0.0806463 -1.38233 -1.96805 -1.12615 -0.474827 
1.08332 -1.95648 -1.71695 1.3876 2.05441 1.23495 -0.908345 -1.12018 0.60694 0.0806463 -1.38233 -1.96805 -1.12615 -0.474827 
1.0779 -1.96215 -1.7194 1.38561 2.05812 1.24021 -0.889113 -1.12018 0.60694 0.0806463 -1.38233 -1.96805 -1.12615 -0.474827 
1.07233 -1.96699 -1.72072 1.38365 2.05961 1.24619 -0.868423 -1.12018 0.60694 0.0806463 -1.38233 -1.96805 -1.12615 -0.474827 
1.06688 -1.96699 -1.71626 1.37919 2.05822 1.25902 -0.848239 -1.12018 0.60694 0.0806463 -1.38233 -1.96805 -1.12615 -0.474827 
1.06375 -1.96698 -1.71144 1.37982 2.05091 1.26483 -0.82585 -1.12018 0.60694 0.0806463 -1.38233 -1.96805 -1.12615 -0.474827 
1.05825 -1.96699 -1.70703 1.37629 2.04762 1.27649 -0.805603 -1.12018 0.60694 0.0806463 -1.38233 -1.96805 -1.12615 -0.474827 
1.05302 -1.96699 -1.70284 1.37162 2.04798 1.28791 -0.786858 -1.12018 0.60694 0.0806463 -1.38233 -1.96805 -1.12615 -0.474827 
1.04704 -1.96699 -1.69848 1.36751 2.04398 1.30062 -0.766419 -1.12018 0.60694 0.0806463 -1.38233 -1.96805 -1.12615 -0.474827 
1.04159 -1.96699 -1.69602 1.36337 2.04111 1.30981 -0.751438 -1.12018 0.60694 0.0806463 -1.38233 -1.96805 -1.12615 -0.474827 
1.03753 -1.96697 -1.69555 1.35837 2.04403 1.31456 -0.742288 -1.12018 0.60694 0.0806463 -1.38233 -1.96805 -1.12615 -0.474827 
1.03209 -1.96698 -1.69546 1.35323 2.04231 1.32103 -0.732928 -1.12018 0.60694 0.0806463 -1.38233 -1.96805 -1.12615 -0.474827 
1.02836 -1.96698 -1.69558 1.34981 2.04113 1.32462 -0.725577 -1.12018 0.60694 0.0806463 -1.38233 -1.96805 -1.12615 -0.474827 
1.02536 -1.96699 -1.69551 1.34766 2.03882 1.32602 -0.718601 -1.12018 0.60694 0.0806463 -1.38233 -1.96805 -1.12615 -0.474827 
1.02277 -1.96697 -1.69566 1.34493 2.03804 1.32925 -0.715873 -1.12018 0.60694 0.0806463 -1.38233 -1.96805 -1.12615 -0.474827 
1.02114 -1.96672 -1.6957 1.34209 2.03963 1.33027 -0.715979 -1.12018 0.60694 0.0806463 -1.38233 -1.96805 -1.12615 -0.474827 
1.01835 -1.96671 -1.69622 1.33789 2.04105 1.33471 -0.717172 -1.12018 0.60694 0.0806463 -1.38233 -1.96805 -1.12615 -0.474827 
1.01886 -1.96585 -1.6954 1.33743 2.04053 1.33336 -0.720528 -1.12018 0.60694 0.0806463 -1.38233 -1.96805 -1.12615 -0.474827 
1.02047 -1.96396 -1.69357 1.33708 2.04051 1.33195 -0.7272 -1.12018 0.60694 0.0806463 -1.38233 -1.96805 -1.12615 -0.474827 
1.01998 -1.96517 -1.69508 1.3383 2.03595 1.33083 -0.731174 -1.12018 0.60694 0.0806463 -1.38233 -1.96805 -1.12615 -0.474827 
1.02257 -1.96347 -1.69331 1.33995 2.03369 1.32728 -0.739581 -1.12018 0.60694 0.0806463 -1.38233 -1.96805 -1.12615 -0.474827 
1.02094 -1.96438 -1.69522 1.3382 2.03047 1.33139 -0.749039 -1.12018 0.60694 0.0806463 -1.38233 -1.96805 -1.12615 -0.474827 
1.02394 -1.96258 -1.69351 1.33956 2.02748 1.3296 -0.763369 -1.12018 0.60694 0.0806463 -1.38233 -1.96805 -1.12615 -0.474827 
1.02618 -1.96296 -1.69442 1.34303 2.02026 1.32668 -0.776157 -1.12018 0.60694 0.0806463 -1.38233 -1.96805 -1.12615 -0.474827 
1.02867 -1.96159 -1.69357 1.34359 2.01652 1.32719 -0.793928 -1.12018 0.60694 0.0806463 -1.38233 -1.96805 -1.12615 -0.474827 
1.03133 -1.96046 -1.69275 1.3449 2.01253 1.32715 -0.81152 -1.12018 0.60694 0.0806463 -1.38233 -1.96805 -1.12615 -0.474827 
1.03599 -1.95901 -1.69154 1.34891 2.00618 1.32341 -0.830941 -1.12018 0.60694 0.0806463 -1.38233 -1.96805 -1.12615 -0.474827 
1.03964 -1.95702 -1.68986 1.34964 2.00293 1.324 -0.85268 -1.12018 0.60694 0.0806463 -1.38233 -1.96805 -1.12615 -0.474827 
1.04531 -1.95429 -1.68731 1.3528 1.99822 1.32076 -0.876253 -1.12018 0.60694 0.0806463 -1.38233 -1.96805 -1.12615 -0.474827 
1.04767 -1.95209 -1.68561 1.35084 1.99663 1.3253 -0.901617 -1.12018 0.60694 0.0806463 -1.38233 -1.96805 -1.12615 -0.474827 
1.04999 -1.95095 -1.68509 1.3503 1.99302 1.32862 -0.924867 -1.12018 0.60694 0.0806463 -1.38233 -1.96805 -1.12615 -0.474827 
1.05479 -1.94902 -1.68354 1.35278 1.98713 1.32669 -0.949818 -1.12018 0.60694 0.0806463 -1.38233 -1.96805 -1.12615 -0.474827 
1.06033 -1.94659 -1.6812 1.35493 1.98189 1.32483 -0.977382 -1.12018 0.60694 0.0806463 -1.38233 -1.96805 -1.12615 -0.474827 
1.06453 -1.94416 -1.67913 1.3555 1.97804 1.32495 -1.00298 -1.12018 0.60694 0.0806463 -1.38233 -1.96805 -1.12615 -0.474827 
1.06564 -1.94367 -1.67944 1.35334 1.97433 1.33044 -1.02849 -1.12018 0.60694 0.0806463 -1.38233 -1.96805 -1.12615 -0.474827 
1.07043 -1.93943 -1.67561 1.35129 1.97352 1.33285 -1.06015 -1.12018 0.60694 0.0806463 -1.38233 -1.96805 -1.12615 -0.474827 
1.07354 -1.93727 -1.67392 1.3499 1.97072 1.33568 -1.08751 -1.12018 0.60694 0.0806463 -1.38233 -1.96805 -1.12615 -0.474827 
1.07839 -1.93472 -1.67177 1.35066 1.9667 1.33473 -1.11312 -1.12018 0.60694 0.0806463 -1.38233 -1.96805 -1.12615 -0.474827 
