1.08467 -1.65369 -1.42047 1.36644 -1.47494 -1.34675 2.14671 -1.1103 0.609337 0.0656645 -1.37593 -1.96223 -1.13301 -0.473288 
1.08001 -1.6507 -1.41984 1.35538 -1.48579 -1.33084 2.12986 -1.11086 0.606554 0.0662767 -1.38232 -1.96054 -1.13132 -0.477194 
1.06288 -1.64418 -1.42083 1.31864 -1.48269 -1.33024 2.09447 -1.11086 0.606549 0.0662777 -1.38233 -1.96054 -1.13132 -0.4772 
1.05487 -1.64317 -1.42163 1.30055 -1.47958 -1.33494 2.07692 -1.11086 0.606549 0.0662777 -1.38233 -1.96054 -1.13132 -0.4772 
1.05211 -1.64184 -1.42119 1.29329 -1.47658 -1.33721 2.06865 -1.11086 0.606549 0.0662777 -1.38233 -1.96054 -1.13132 -0.4772 
1.05111 -1.64215 -1.42163 1.29167 -1.47533 -1.33941 2.07061 -1.11086 0.606549 0.0662777 -1.38233 -1.96054 -1.13132 -0.4772 
1.05379 -1.64188 -1.42308 1.29742 -1.47576 -1.34052 2.07749 -1.11086 0.606549 0.0662777 -1.38233 -1.96054 -1.13132 -0.4772 
1.06054 -1.64002 -1.4244 1.31086 -1.47885 -1.33674 2.08501 -1.11086 0.606549 0.0662777 -1.38233 -1.96054 -1.13132 -0.4772 
1.06876 -1.63798 -1.42539 1.32763 -1.48118 -1.33317 2.09424 -1.11086 0.606549 0.0662777 -1.38233 -1.96054 -1.13132 -0.4772 
1.07626 -1.63545 -1.4251 1.34174 -1.48161 -1.33023 2.10014 -1.11086 0.606549 0.0662777 -1.38233 -1.96054 -1.13132 -0.4772 
1.08218 -1.63308 -1.42478 1.35229 -1.48161 -1.32761 2.1049 -1.11086 0.606549 0.0662777 -1.38233 -1.96054 -1.13132 -0.4772 
1.08788 -1.63043 -1.42401 1.362 -1.48186 -1.32408 2.10946 -1.11086 0.606549 0.0662777 -1.38233 -1.96054 -1.13132 -0.4772 
1.0906 -1.63031 -1.424 1.36718 -1.4807 -1.3253 2.11224 -1.11086 0.606549 0.0662777 -1.38233 -1.96054 -1.13132 -0.4772 
1.09367 -1.63023 -1.42564 1.37496 -1.48403 -1.32293 2.11801 -1.11086 0.606549 0.0662777 -1.38233 -1.96054 -1.13132 -0.4772 
1.09825 -1.62814 -1.42497 1.38296 -1.48393 -1.32051 2.12125 -1.11086 0.606549 0.0662777 -1.38233 -1.96054 -1.13132 -0.4772 
1.10383 -1.62625 -1.42522 1.39343 -1.48396 -1.31907 2.12654 -1.11086 0.606549 0.0662777 -1.38233 -1.96054 -1.13132 -0.4772 
1.11 -1.62436 -1.42541 1.40531 -1.48486 -1.31668 2.13352 -1.11086 0.606549 0.0662777 -1.38233 -1.96054 -1.13132 -0.4772 
1.11513 -1.62373 -1.42654 1.41615 -1.48618 -1.31594 2.14051 -1.11086 0.606549 0.0662777 -1.38233 -1.96054 -1.13132 -0.4772 
1.11905 -1.62425 -1.4282 1.42532 -1.48689 -1.31754 2.14634 -1.11086 0.606549 0.0662777 -1.38233 -1.96054 -1.13132 -0.4772 
1.12176 -1.62437 -1.42913 1.43154 -1.4877 -1.31772 2.14926 -1.11086 0.606549 0.0662777 -1.38233 -1.96054 -1.13132 -0.4772 
1.12248 -1.62513 -1.42936 1.43374 -1.48602 -1.32039 2.15101 -1.11086 0.606549 0.0662777 -1.38233 -1.96054 -1.13132 -0.4772 
1.12172 -1.62614 -1.42907 1.43259 -1.48396 -1.32334 2.15119 -1.11086 0.606549 0.0662777 -1.38233 -1.96054 -1.13132 -0.4772 
1.34625 -1.53376 -1.53902 1.91744 -1.63402 -1.22589 2.40357 -1.11086 0.606549 0.0662777 -1.38233 -1.96054 -1.13132 -0.4772 
1.36548 -1.5243 -1.55483 1.9592 -1.65491 -1.21765 2.42693 -1.11086 0.606549 0.0662777 -1.38233 -1.96054 -1.13132 -0.4772 
1.34635 -1.53372 -1.53902 1.91751 -1.63407 -1.22584 2.40366 -1.11086 0.606549 0.0662777 -1.38233 -1.96054 -1.13132 -0.4772 
1.34635 -1.53371 -1.53903 1.91751 -1.63407 -1.22584 2.40367 -1.11086 0.606549 0.0662777 -1.38233 -1.96054 -1.13132 -0.4772 
1.34635 -1.53371 -1.53903 1.91751 -1.63407 -1.22584 2.40367 -1.11086 0.606549 0.0662777 -1.38233 -1.96054 -1.13132 -0.4772 
1.34635 -1.53372 -1.53903 1.91751 -1.63407 -1.22584 2.40367 -1.11086 0.606549 0.0662777 -1.38233 -1.96054 -1.13132 -0.4772 
1.34635 -1.53372 -1.53903 1.91751 -1.63407 -1.22584 2.40367 -1.11086 0.606549 0.0662777 -1.38233 -1.96054 -1.13132 -0.4772 
1.34635 -1.53372 -1.53903 1.91751 -1.63407 -1.22584 2.40367 -1.11086 0.606549 0.0662777 -1.38233 -1.96054 -1.13132 -0.4772 
1.34635 -1.53372 -1.53903 1.91751 -1.63407 -1.22584 2.40367 -1.11086 0.606549 0.0662777 -1.38233 -1.96054 -1.13132 -0.4772 
1.34635 -1.53371 -1.53903 1.91751 -1.63407 -1.22584 2.40367 -1.11086 0.606549 0.0662777 -1.38233 -1.96054 -1.13132 -0.4772 
1.13247 -1.63706 -1.43449 1.4659 -1.44263 -1.37664 2.21084 -1.11086 0.606549 0.0662777 -1.38233 -1.96054 -1.13132 -0.4772 
1.10757 -1.64734 -1.42848 1.41307 -1.4297 -1.39368 2.18949 -1.11086 0.606549 0.0662777 -1.38233 -1.96054 -1.13132 -0.4772 
