1.06731 -1.79648 -1.60382 1.28697 -1.24916 -1.29245 2.02034 -1.1103 0.609337 0.0656645 -1.37593 -1.96223 -1.13301 -0.473288 
1.04763 -1.78408 -1.5968 1.24872 -1.23492 -1.2887 2.03083 -1.11086 0.60655 0.0662775 -1.38233 -1.96054 -1.13132 -0.477199 
1.03635 -1.7808 -1.60063 1.23124 -1.23616 -1.28755 2.03551 -1.11086 0.606549 0.0662777 -1.38233 -1.96054 -1.13132 -0.4772 
1.03139 -1.77891 -1.60156 1.22169 -1.23443 -1.29131 2.03145 -1.11086 0.606549 0.0662777 -1.38233 -1.96054 -1.13132 -0.4772 
1.0278 -1.77956 -1.60345 1.21576 -1.23468 -1.29596 2.02801 -1.11086 0.606549 0.0662777 -1.38233 -1.96054 -1.13132 -0.4772 
1.02855 -1.77882 -1.60282 1.21608 -1.23337 -1.29555 2.03 -1.11086 0.606549 0.0662777 -1.38233 -1.96054 -1.13132 -0.4772 
1.03166 -1.77933 -1.60337 1.22191 -1.23234 -1.29585 2.03611 -1.11086 0.606549 0.0662777 -1.38233 -1.96054 -1.13132 -0.4772 
1.03848 -1.77977 -1.60515 1.23709 -1.23564 -1.29036 2.04506 -1.11086 0.606549 0.0662777 -1.38233 -1.96054 -1.13132 -0.4772 
1.04775 -1.78025 -1.60516 1.25552 -1.23751 -1.28367 2.05573 -1.11086 0.606549 0.0662777 -1.38233 -1.96054 -1.13132 -0.4772 
1.05497 -1.7802 -1.60434 1.2694 -1.23729 -1.28006 2.06214 -1.11086 0.606549 0.0662777 -1.38233 -1.96054 -1.13132 -0.4772 
1.0618 -1.77942 -1.60306 1.28112 -1.23706 -1.27576 2.06684 -1.11086 0.606549 0.0662777 -1.38233 -1.96054 -1.13132 -0.4772 
1.06765 -1.7798 -1.60292 1.29304 -1.23907 -1.27052 2.07325 -1.11086 0.606549 0.0662777 -1.38233 -1.96054 -1.13132 -0.4772 
1.07014 -1.78116 -1.60369 1.29927 -1.23986 -1.27016 2.07759 -1.11086 0.606549 0.0662777 -1.38233 -1.96054 -1.13132 -0.4772 
1.07384 -1.78087 -1.60323 1.30594 -1.23987 -1.26787 2.08064 -1.11086 0.606549 0.0662777 -1.38233 -1.96054 -1.13132 -0.4772 
1.07775 -1.7807 -1.60245 1.31298 -1.23845 -1.26718 2.08387 -1.11086 0.606549 0.0662777 -1.38233 -1.96054 -1.13132 -0.4772 
1.08371 -1.781 -1.60217 1.32443 -1.23883 -1.26406 2.09006 -1.11086 0.606549 0.0662777 -1.38233 -1.96054 -1.13132 -0.4772 
1.08848 -1.78324 -1.60368 1.33587 -1.24054 -1.26283 2.09827 -1.11086 0.606549 0.0662777 -1.38233 -1.96054 -1.13132 -0.4772 
1.09395 -1.78385 -1.60391 1.34733 -1.24132 -1.26013 2.10516 -1.11086 0.606549 0.0662777 -1.38233 -1.96054 -1.13132 -0.4772 
1.09892 -1.78375 -1.60289 1.35621 -1.23969 -1.25985 2.10847 -1.11086 0.606549 0.0662777 -1.38233 -1.96054 -1.13132 -0.4772 
1.10101 -1.78577 -1.60406 1.36252 -1.23995 -1.26147 2.11231 -1.11086 0.606549 0.0662777 -1.38233 -1.96054 -1.13132 -0.4772 
1.10115 -1.78762 -1.60477 1.3643 -1.23848 -1.26547 2.11481 -1.11086 0.606549 0.0662777 -1.38233 -1.96054 -1.13132 -0.4772 
1.09931 -1.78946 -1.6061 1.36302 -1.23787 -1.26956 2.11625 -1.11086 0.606549 0.0662777 -1.38233 -1.96054 -1.13132 -0.4772 
1.55328 -1.69187 -1.68316 1.98078 -1.54752 -0.89301 2.18318 -1.11086 0.606549 0.0662777 -1.38233 -1.96054 -1.13132 -0.4772 
1.141 -1.78536 -1.61082 1.42662 -1.25563 -1.22472 2.11871 -1.11086 0.606549 0.0662777 -1.38233 -1.96054 -1.13132 -0.4772 
