1.1124 -1.96696 -1.71803 1.47246 -1.20381 -1.14102 2.21082 -1.11007 0.610447 0.0654194 -1.37338 -1.9629 -1.13369 -0.471729 
1.10362 -1.96526 -1.71845 1.45488 -1.19774 -1.15451 2.20063 -1.11086 0.606555 0.0662764 -1.38232 -1.96055 -1.13132 -0.477192 
1.10195 -1.96699 -1.71904 1.45244 -1.19731 -1.15999 2.20204 -1.11086 0.606549 0.0662777 -1.38233 -1.96054 -1.13132 -0.4772 
1.10101 -1.96699 -1.71944 1.45047 -1.19682 -1.16225 2.20215 -1.11086 0.606549 0.0662777 -1.38233 -1.96054 -1.13132 -0.4772 
1.10028 -1.96699 -1.71939 1.44975 -1.19757 -1.16403 2.20318 -1.11086 0.606549 0.0662777 -1.38233 -1.96054 -1.13132 -0.4772 
1.09928 -1.96699 -1.7199 1.44903 -1.19818 -1.16592 2.20493 -1.11086 0.606549 0.0662777 -1.38233 -1.96054 -1.13132 -0.4772 
1.09934 -1.96699 -1.71909 1.44882 -1.19805 -1.16716 2.20451 -1.11086 0.606549 0.0662777 -1.38233 -1.96054 -1.13132 -0.4772 
1.10009 -1.96667 -1.71924 1.44985 -1.19844 -1.16503 2.20464 -1.11086 0.606549 0.0662777 -1.38233 -1.96054 -1.13132 -0.4772 
1.09878 -1.96698 -1.71941 1.44843 -1.19804 -1.16715 2.20446 -1.11086 0.606549 0.0662777 -1.38233 -1.96054 -1.13132 -0.4772 
1.09905 -1.96699 -1.71922 1.45092 -1.20356 -1.16594 2.20813 -1.11086 0.606549 0.0662777 -1.38233 -1.96054 -1.13132 -0.4772 
1.10019 -1.96616 -1.71885 1.4516 -1.2031 -1.16374 2.20739 -1.11086 0.606549 0.0662777 -1.38233 -1.96054 -1.13132 -0.4772 
1.09923 -1.96636 -1.71858 1.44956 -1.20105 -1.16689 2.20546 -1.11086 0.606549 0.0662777 -1.38233 -1.96054 -1.13132 -0.4772 
1.09761 -1.96699 -1.71856 1.44914 -1.2042 -1.17091 2.2083 -1.11086 0.606549 0.0662777 -1.38233 -1.96054 -1.13132 -0.4772 
1.09853 -1.96591 -1.71784 1.44903 -1.20256 -1.16966 2.20659 -1.11086 0.606549 0.0662777 -1.38233 -1.96054 -1.13132 -0.4772 
1.09861 -1.96642 -1.71798 1.44961 -1.20314 -1.16913 2.20711 -1.11086 0.606549 0.0662777 -1.38233 -1.96054 -1.13132 -0.4772 
1.09982 -1.96484 -1.71678 1.44979 -1.20211 -1.16794 2.20612 -1.11086 0.606549 0.0662777 -1.38233 -1.96054 -1.13132 -0.4772 
1.09997 -1.9654 -1.71682 1.4504 -1.20262 -1.16736 2.2065 -1.11086 0.606549 0.0662777 -1.38233 -1.96054 -1.13132 -0.4772 
1.10028 -1.96622 -1.71813 1.4526 -1.20619 -1.16435 2.20855 -1.11086 0.606549 0.0662777 -1.38233 -1.96054 -1.13132 -0.4772 
1.09974 -1.96583 -1.71848 1.45195 -1.20575 -1.16508 2.20862 -1.11086 0.606549 0.0662777 -1.38233 -1.96054 -1.13132 -0.4772 
1.09979 -1.96624 -1.71829 1.45188 -1.20542 -1.16547 2.20904 -1.11086 0.606549 0.0662777 -1.38233 -1.96054 -1.13132 -0.4772 
1.10061 -1.96578 -1.71793 1.45282 -1.20591 -1.16377 2.20881 -1.11086 0.606549 0.0662777 -1.38233 -1.96054 -1.13132 -0.4772 
1.10074 -1.96495 -1.71702 1.45166 -1.20437 -1.16465 2.20652 -1.11086 0.606549 0.0662777 -1.38233 -1.96054 -1.13132 -0.4772 
1.09969 -1.96589 -1.71828 1.45157 -1.20561 -1.16505 2.20824 -1.11086 0.606549 0.0662777 -1.38233 -1.96054 -1.13132 -0.4772 
1.09981 -1.9664 -1.71843 1.45208 -1.20588 -1.16478 2.20999 -1.11086 0.606549 0.0662777 -1.38233 -1.96054 -1.13132 -0.4772 
