1.03302 -1.90219 -1.78769 1.26664 -1.05976 -1.15869 2.00417 -1.73123 1.8508 -0.991854 1.55731 1.98361 0.824105 -2.06961 
1.01202 -1.90193 -1.78593 1.2243 -1.05191 -1.18352 1.99119 -1.73448 1.85201 -0.996215 1.56489 1.98016 0.813501 -2.04883 
1.01754 -1.89842 -1.7839 1.23059 -1.05457 -1.17167 1.98905 -1.71806 1.84806 -0.97207 1.5362 1.99503 0.866414 -2.16507 
1.01552 -1.89614 -1.78278 1.22369 -1.05263 -1.17732 1.97974 -1.7325 1.85075 -0.992549 1.56085 1.97833 0.823521 -2.07931 
1.01293 -1.89533 -1.78253 1.21639 -1.0504 -1.18534 1.97227 -1.735 1.84869 -0.996161 1.56387 1.97347 0.818396 -2.06799 
1.01337 -1.89603 -1.78222 1.21677 -1.04894 -1.1862 1.97513 -1.71905 1.84468 -0.972887 1.53454 1.99059 0.869399 -2.17484 
1.01688 -1.89873 -1.78399 1.22603 -1.05055 -1.18265 1.98466 -1.71643 1.8432 -0.970962 1.5294 1.99117 0.876755 -2.19149 
1.02357 -1.90152 -1.78477 1.24025 -1.052 -1.1777 1.99262 -1.70443 1.8433 -0.954387 1.50744 2.00314 0.910576 -2.27128 
1.03348 -1.90278 -1.78297 1.25851 -1.05129 -1.17034 1.99978 -1.70767 1.84263 -0.960648 1.51333 1.99747 0.899655 -2.24911 
1.04161 -1.90194 -1.77983 1.27111 -1.04819 -1.16582 2.00279 -1.70717 1.82742 -0.966264 1.50524 1.99807 0.910949 -2.2316 
1.04888 -1.90358 -1.77914 1.28566 -1.05007 -1.15748 2.00922 -1.70451 1.82504 -0.964459 1.49924 1.99967 0.918308 -2.24299 
1.05469 -1.90529 -1.77919 1.29792 -1.05227 -1.15051 2.01513 -1.70462 1.81741 -0.967295 1.49516 2.00086 0.923109 -2.23018 
1.05728 -1.90553 -1.77827 1.30219 -1.05119 -1.14959 2.01699 -1.70482 1.81809 -0.967874 1.494 2.00342 0.921136 -2.21984 
1.0598 -1.9076 -1.77907 1.30872 -1.05219 -1.14805 2.02151 -1.70329 1.83239 -0.961799 1.49636 2.00611 0.913296 -2.2357 
1.06354 -1.9117 -1.78124 1.3196 -1.0557 -1.14432 2.02892 -1.70282 1.83289 -0.961316 1.4937 2.00788 0.914197 -2.23498 
1.06652 -1.91198 -1.78098 1.32582 -1.05529 -1.1425 2.03191 -1.70125 1.84336 -0.95636 1.49372 2.00846 0.908667 -2.25263 
1.07415 -1.91229 -1.7786 1.33841 -1.05286 -1.13861 2.03676 -1.69946 1.83911 -0.955536 1.48837 2.00736 0.915988 -2.26606 
1.08059 -1.91518 -1.77886 1.35234 -1.05372 -1.13402 2.04497 -1.6995 1.83837 -0.955963 1.48657 2.00777 0.915322 -2.26175 
1.08341 -1.91533 -1.77797 1.35721 -1.05318 -1.13288 2.04517 -1.69765 1.8415 -0.952471 1.48346 2.0077 0.916784 -2.27875 
1.08796 -1.91873 -1.77882 1.36847 -1.05394 -1.13137 2.05131 -1.6964 1.84332 -0.949003 1.48124 2.00912 0.919754 -2.29221 
1.08799 -1.91946 -1.77846 1.36882 -1.05113 -1.13625 2.05134 -1.69791 1.83607 -0.951762 1.47835 2.01354 0.923794 -2.26956 
1.08414 -1.9227 -1.78125 1.36603 -1.05096 -1.14373 2.05301 -1.6969 1.83004 -0.950251 1.47385 2.01373 0.934102 -2.28135 
1.28399 -1.96398 -1.88227 1.91278 -1.28726 -0.782536 2.34192 -1.6972 1.83381 -0.950639 1.47645 2.01299 0.928813 -2.27796 
1.09483 -1.91937 -1.78032 1.38369 -1.05645 -1.12599 2.05475 -1.53 1.57849 -1.03303 1.15996 2.11828 1.24065 -2.10636 
