1.06784 -1.87375 -1.56801 1.46453 -1.31111 -1.3493 2.27216 -1.1103 0.609337 0.0656645 -1.37593 -1.96223 -1.13301 -0.473288 
1.03662 -1.88195 -1.57306 1.41081 -1.2828 -1.40376 2.25139 -1.11086 0.606551 0.0662773 -1.38233 -1.96054 -1.13132 -0.477198 
1.03551 -1.88541 -1.57573 1.41045 -1.28675 -1.4042 2.25536 -1.11086 0.606549 0.0662777 -1.38233 -1.96054 -1.13132 -0.4772 
1.03352 -1.88757 -1.5778 1.40818 -1.28774 -1.4073 2.25681 -1.11086 0.606549 0.0662777 -1.38233 -1.96054 -1.13132 -0.4772 
1.03242 -1.88792 -1.57845 1.40685 -1.28742 -1.40895 2.25724 -1.11086 0.606549 0.0662777 -1.38233 -1.96054 -1.13132 -0.4772 
1.03197 -1.88837 -1.57868 1.40625 -1.28771 -1.40979 2.25682 -1.11086 0.606549 0.0662777 -1.38233 -1.96054 -1.13132 -0.4772 
1.0317 -1.888 -1.57818 1.4051 -1.28578 -1.41105 2.25649 -1.11086 0.606549 0.0662777 -1.38233 -1.96054 -1.13132 -0.4772 
1.03161 -1.88781 -1.57804 1.40508 -1.28536 -1.4111 2.25661 -1.11086 0.606549 0.0662777 -1.38233 -1.96054 -1.13132 -0.4772 
1.03182 -1.88749 -1.57819 1.40516 -1.28588 -1.4108 2.25571 -1.11086 0.606549 0.0662777 -1.38233 -1.96054 -1.13132 -0.4772 
1.03228 -1.88835 -1.5787 1.40744 -1.28835 -1.40846 2.25766 -1.11086 0.606549 0.0662777 -1.38233 -1.96054 -1.13132 -0.4772 
1.03309 -1.88825 -1.57873 1.40897 -1.28995 -1.40651 2.2578 -1.11086 0.606549 0.0662777 -1.38233 -1.96054 -1.13132 -0.4772 
1.03263 -1.88841 -1.57936 1.40888 -1.29052 -1.40654 2.2579 -1.11086 0.606549 0.0662777 -1.38233 -1.96054 -1.13132 -0.4772 
1.03221 -1.88854 -1.57941 1.40809 -1.28983 -1.40764 2.25807 -1.11086 0.606549 0.0662777 -1.38233 -1.96054 -1.13132 -0.4772 
1.03246 -1.88802 -1.57885 1.40747 -1.28886 -1.40796 2.25671 -1.11086 0.606549 0.0662777 -1.38233 -1.96054 -1.13132 -0.4772 
1.03288 -1.88745 -1.57829 1.40729 -1.28818 -1.40767 2.25595 -1.11086 0.606549 0.0662777 -1.38233 -1.96054 -1.13132 -0.4772 
1.03134 -1.88883 -1.57947 1.40628 -1.28842 -1.41033 2.25677 -1.11086 0.606549 0.0662777 -1.38233 -1.96054 -1.13132 -0.4772 
1.03195 -1.88783 -1.5786 1.40628 -1.28745 -1.4099 2.25566 -1.11086 0.606549 0.0662777 -1.38233 -1.96054 -1.13132 -0.4772 
1.03205 -1.88768 -1.57823 1.40604 -1.28677 -1.41017 2.25598 -1.11086 0.606549 0.0662777 -1.38233 -1.96054 -1.13132 -0.4772 
1.03163 -1.88831 -1.57936 1.40671 -1.28839 -1.40992 2.25703 -1.11086 0.606549 0.0662777 -1.38233 -1.96054 -1.13132 -0.4772 
1.03088 -1.88838 -1.57945 1.40501 -1.28706 -1.41189 2.25707 -1.11086 0.606549 0.0662777 -1.38233 -1.96054 -1.13132 -0.4772 
1.03183 -1.88822 -1.57966 1.40663 -1.28886 -1.40925 2.25789 -1.11086 0.606549 0.0662777 -1.38233 -1.96054 -1.13132 -0.4772 
