1.07638 -1.83677 -1.6705 1.34894 -1.19525 -1.20668 2.08782 -1.86299 1.47624 -1.45312 1.59193 2.82073 0.460079 -2.57164 
1.04684 -1.83736 -1.66778 1.28633 -1.18489 -1.23375 2.0604 -1.85708 1.4842 -1.43986 1.57445 2.80193 0.495379 -2.61286 
1.04578 -1.83448 -1.66621 1.28014 -1.1865 -1.22913 2.05364 -1.85098 1.48759 -1.43139 1.56055 2.78598 0.522588 -2.6459 
1.04666 -1.83256 -1.66555 1.27891 -1.18591 -1.23065 2.04533 -1.8491 1.47771 -1.43322 1.55324 2.78078 0.537869 -2.6503 
1.04658 -1.83273 -1.66575 1.27745 -1.18534 -1.2335 2.04157 -1.84925 1.46903 -1.4368 1.55177 2.7785 0.539973 -2.6473 
1.04712 -1.83426 -1.66676 1.2795 -1.18599 -1.23347 2.04617 -1.84825 1.46399 -1.43927 1.54763 2.78041 0.545688 -2.64211 
1.05044 -1.83597 -1.66804 1.28751 -1.18679 -1.23175 2.05524 -1.84643 1.47415 -1.43514 1.54566 2.77853 0.545838 -2.65232 
1.05788 -1.83629 -1.66774 1.3013 -1.18731 -1.22715 2.06217 -1.84417 1.47191 -1.43632 1.53983 2.7779 0.553002 -2.65295 
1.06731 -1.83677 -1.66704 1.31948 -1.18873 -1.2195 2.07112 -1.84252 1.47141 -1.43661 1.53621 2.77652 0.55615 -2.65504 
1.07453 -1.83802 -1.66685 1.33459 -1.19012 -1.21439 2.07902 -1.84015 1.46799 -1.43807 1.5307 2.7748 0.563284 -2.65639 
1.08069 -1.83884 -1.66644 1.34643 -1.19092 -1.21017 2.08525 -1.83995 1.47342 -1.43671 1.5314 2.7753 0.559659 -2.65852 
1.08622 -1.83905 -1.66587 1.35689 -1.19263 -1.20454 2.09036 -1.84021 1.47511 -1.43724 1.53168 2.78056 0.556469 -2.65098 
1.08891 -1.8395 -1.66584 1.36239 -1.19242 -1.20346 2.09381 -1.84032 1.47522 -1.43702 1.53161 2.77862 0.555291 -2.6535 
1.09189 -1.84052 -1.66628 1.36948 -1.19335 -1.20153 2.09797 -1.84075 1.47521 -1.43755 1.53186 2.7786 0.55314 -2.65277 
1.09561 -1.84107 -1.66631 1.37703 -1.19363 -1.19992 2.10162 -1.83935 1.48251 -1.43283 1.52806 2.77512 0.557423 -2.66538 
1.09951 -1.84218 -1.66607 1.38463 -1.19187 -1.20126 2.10573 -1.83723 1.48229 -1.43125 1.52177 2.76983 0.566258 -2.67569 
1.10442 -1.84408 -1.66654 1.39579 -1.19241 -1.19901 2.11392 -1.83543 1.48041 -1.43154 1.51654 2.7671 0.572542 -2.67975 
1.10933 -1.84545 -1.66661 1.40594 -1.19229 -1.19752 2.12007 -1.83482 1.48552 -1.42937 1.51462 2.76755 0.572732 -2.68342 
1.11127 -1.84845 -1.66776 1.41204 -1.19054 -1.20252 2.12466 -1.83458 1.48479 -1.43063 1.51296 2.76974 0.572929 -2.67934 
1.11116 -1.8515 -1.66867 1.41456 -1.18701 -1.21074 2.12725 -1.83499 1.49066 -1.42654 1.5126 2.76776 0.572976 -2.68771 
1.12212 -1.844 -1.66268 1.42661 -1.18926 -1.19197 2.12564 -1.83434 1.50174 -1.41906 1.50977 2.76842 0.57772 -2.69859 
1.12315 -1.84333 -1.66215 1.42774 -1.18935 -1.19034 2.12549 -1.83421 1.50376 -1.41341 1.50759 2.75868 0.584673 -2.71874 
1.32223 -1.82878 -1.76407 1.91753 -1.41577 -0.923553 2.38872 -1.83432 1.50337 -1.41441 1.50792 2.76013 0.583532 -2.71561 
1.32083 -1.82986 -1.76382 1.91706 -1.41639 -0.924267 2.39023 -1.86611 1.61662 -1.3924 1.58947 2.79034 0.445149 -2.71739 
1.32078 -1.82999 -1.7639 1.9171 -1.4165 -0.924236 2.39044 -1.86986 1.63948 -1.38484 1.60125 2.78734 0.427511 -2.73101 
