1.11413 -1.73566 -1.53241 1.40319 1.85595 1.25983 -1.14606 1.53011 -1.67901 -0.920328 -1.3831 -1.29175 1.21153 -2.28391 
1.11439 -1.73485 -1.53173 1.4032 1.8574 1.25975 -1.14523 1.5301 -1.679 -0.92034 -1.3831 -1.29173 1.21152 -2.28392 
1.11476 -1.73508 -1.53172 1.40377 1.85686 1.25888 -1.14373 1.5301 -1.679 -0.92034 -1.3831 -1.29173 1.21152 -2.28392 
1.11492 -1.73538 -1.53185 1.40436 1.85606 1.25806 -1.14307 1.5301 -1.679 -0.92034 -1.3831 -1.29173 1.21152 -2.28392 
1.11489 -1.73511 -1.53164 1.40391 1.85637 1.25844 -1.14473 1.5301 -1.679 -0.92034 -1.3831 -1.29173 1.21152 -2.28392 
1.11527 -1.73535 -1.53218 1.40518 1.85482 1.25681 -1.14355 1.5301 -1.679 -0.92034 -1.3831 -1.29173 1.21152 -2.28392 
1.11525 -1.73597 -1.53272 1.40604 1.85344 1.25604 -1.14207 1.5301 -1.679 -0.92034 -1.3831 -1.29173 1.21152 -2.28392 
1.1146 -1.73641 -1.53261 1.40489 1.85453 1.25814 -1.14278 1.5301 -1.679 -0.92034 -1.3831 -1.29173 1.21152 -2.28392 
1.1143 -1.73547 -1.5316 1.40277 1.85778 1.26037 -1.14467 1.5301 -1.679 -0.92034 -1.3831 -1.29173 1.21152 -2.28392 
1.11414 -1.73589 -1.53213 1.4029 1.85723 1.26053 -1.14446 1.5301 -1.679 -0.92034 -1.3831 -1.29173 1.21152 -2.28392 
1.11482 -1.73568 -1.5322 1.40442 1.85567 1.25821 -1.14373 1.5301 -1.679 -0.92034 -1.3831 -1.29173 1.21152 -2.28392 
