1.10498 -1.84351 -1.67425 1.33879 1.9628 1.18461 -1.21527 1.53507 -1.68556 -0.909442 -1.38329 -1.30265 1.21979 -2.28132 
1.10206 -1.84628 -1.68821 1.3562 1.93919 1.14668 -1.14862 1.53018 -1.67911 -0.920163 -1.3831 -1.29191 1.21165 -2.28387 
1.10072 -1.84576 -1.68743 1.35269 1.94405 1.15182 -1.1474 1.5301 -1.679 -0.920339 -1.3831 -1.29174 1.21152 -2.28392 
1.10056 -1.84609 -1.6876 1.35159 1.94646 1.15573 -1.14699 1.5301 -1.679 -0.920339 -1.3831 -1.29173 1.21152 -2.28392 
1.10129 -1.84554 -1.68746 1.35231 1.94689 1.15531 -1.14679 1.5301 -1.679 -0.92034 -1.3831 -1.29173 1.21152 -2.28392 
1.10143 -1.84594 -1.68777 1.35283 1.94633 1.15566 -1.14703 1.5301 -1.679 -0.92034 -1.3831 -1.29173 1.21152 -2.28392 
1.1041 -1.84367 -1.6855 1.35169 1.9489 1.15563 -1.15308 1.5301 -1.679 -0.920339 -1.3831 -1.29174 1.21152 -2.28392 
1.10596 -1.84341 -1.68461 1.35161 1.94872 1.15592 -1.15836 1.5301 -1.679 -0.920339 -1.3831 -1.29173 1.21152 -2.28392 
1.10825 -1.84407 -1.68453 1.35431 1.94692 1.15321 -1.15747 1.5301 -1.679 -0.92034 -1.3831 -1.29173 1.21152 -2.28392 
1.11165 -1.84461 -1.68341 1.35773 1.94723 1.15235 -1.15766 1.5301 -1.679 -0.920339 -1.3831 -1.29173 1.21152 -2.28392 
1.11516 -1.84477 -1.68214 1.36117 1.94867 1.15298 -1.15923 1.5301 -1.679 -0.920339 -1.3831 -1.29173 1.21152 -2.28392 
1.11864 -1.84472 -1.68071 1.36441 1.95001 1.1536 -1.1617 1.5301 -1.679 -0.920339 -1.3831 -1.29173 1.21152 -2.28392 
1.12069 -1.84533 -1.68041 1.36776 1.94979 1.15325 -1.16141 1.5301 -1.679 -0.92034 -1.3831 -1.29173 1.21152 -2.28392 
1.12263 -1.84592 -1.67974 1.37014 1.95028 1.15358 -1.16169 1.5301 -1.679 -0.92034 -1.3831 -1.29173 1.21152 -2.28392 
1.12403 -1.84627 -1.67894 1.37094 1.9517 1.15544 -1.16298 1.5301 -1.679 -0.92034 -1.3831 -1.29173 1.21152 -2.28392 
1.12451 -1.84649 -1.67859 1.37125 1.9529 1.15717 -1.16413 1.5301 -1.679 -0.92034 -1.3831 -1.29173 1.21152 -2.28392 
1.12495 -1.84783 -1.67926 1.37329 1.95123 1.15681 -1.16281 1.5301 -1.679 -0.92034 -1.3831 -1.29173 1.21152 -2.28392 
1.1269 -1.84683 -1.67784 1.37453 1.95265 1.15579 -1.16451 1.5301 -1.679 -0.92034 -1.3831 -1.29173 1.21152 -2.28392 
1.12848 -1.84647 -1.67709 1.37571 1.95304 1.15507 -1.16553 1.5301 -1.679 -0.92034 -1.3831 -1.29173 1.21152 -2.28392 
1.12903 -1.84759 -1.67762 1.37748 1.95169 1.15466 -1.16461 1.5301 -1.679 -0.92034 -1.3831 -1.29173 1.21152 -2.28392 
1.12928 -1.84757 -1.67682 1.37723 1.95342 1.1567 -1.16592 1.5301 -1.679 -0.92034 -1.3831 -1.29173 1.21152 -2.28392 
1.13122 -1.84634 -1.67586 1.37921 1.95377 1.15411 -1.16678 1.5301 -1.679 -0.92034 -1.3831 -1.29173 1.21152 -2.28392 
1.13177 -1.84697 -1.67636 1.38065 1.95245 1.15356 -1.16569 1.5301 -1.679 -0.92034 -1.3831 -1.29173 1.21152 -2.28392 
1.13136 -1.84809 -1.67694 1.38072 1.9518 1.15512 -1.16545 1.5301 -1.679 -0.92034 -1.3831 -1.29173 1.21152 -2.28392 
1.13244 -1.8474 -1.67615 1.38097 1.95272 1.15495 -1.16642 1.5301 -1.679 -0.92034 -1.3831 -1.29173 1.21152 -2.28392 
1.13271 -1.84817 -1.67628 1.38189 1.9523 1.15511 -1.16591 1.5301 -1.679 -0.92034 -1.3831 -1.29173 1.21152 -2.28392 
1.13374 -1.84747 -1.67589 1.38253 1.95236 1.15412 -1.16688 1.5301 -1.679 -0.92034 -1.3831 -1.29173 1.21152 -2.28392 
1.13415 -1.84681 -1.67491 1.38175 1.95459 1.15571 -1.16863 1.5301 -1.679 -0.92034 -1.3831 -1.29173 1.21152 -2.28392 
1.13511 -1.84785 -1.67475 1.38325 1.95441 1.15614 -1.16834 1.5301 -1.679 -0.92034 -1.3831 -1.29173 1.21152 -2.28392 
1.13764 -1.84663 -1.67351 1.38516 1.95524 1.15457 -1.17071 1.5301 -1.679 -0.920339 -1.3831 -1.29173 1.21152 -2.28392 
1.13929 -1.84661 -1.67286 1.38712 1.95549 1.1543 -1.17168 1.5301 -1.679 -0.92034 -1.3831 -1.29173 1.21152 -2.28392 
1.14049 -1.8474 -1.67256 1.38882 1.95543 1.15484 -1.17184 1.5301 -1.679 -0.92034 -1.3831 -1.29173 1.21152 -2.28392 
1.1408 -1.84956 -1.6738 1.39171 1.95302 1.15429 -1.16865 1.5301 -1.679 -0.920339 -1.3831 -1.29173 1.21152 -2.28392 
1.14217 -1.84937 -1.6732 1.39315 1.95378 1.15378 -1.16857 1.5301 -1.679 -0.92034 -1.3831 -1.29173 1.21152 -2.28392 
1.14237 -1.84973 -1.67324 1.39307 1.95459 1.15529 -1.169 1.5301 -1.679 -0.92034 -1.3831 -1.29173 1.21152 -2.28392 
1.14244 -1.85009 -1.67369 1.39414 1.95303 1.15431 -1.16849 1.5301 -1.679 -0.92034 -1.3831 -1.29173 1.21152 -2.28392 
1.14284 -1.84941 -1.67285 1.39314 1.95511 1.15585 -1.1698 1.5301 -1.679 -0.92034 -1.3831 -1.29173 1.21152 -2.28392 
1.14246 -1.85053 -1.6735 1.39339 1.95394 1.1561 -1.16892 1.5301 -1.679 -0.92034 -1.3831 -1.29173 1.21152 -2.28392 
1.1429 -1.85004 -1.67346 1.39386 1.95403 1.15562 -1.16889 1.5301 -1.679 -0.92034 -1.3831 -1.29173 1.21152 -2.28392 
1.14253 -1.85054 -1.67337 1.3935 1.95428 1.15646 -1.16889 1.5301 -1.679 -0.92034 -1.3831 -1.29173 1.21152 -2.28392 
1.14243 -1.85084 -1.67385 1.3941 1.95315 1.1555 -1.16769 1.5301 -1.679 -0.92034 -1.3831 -1.29173 1.21152 -2.28392 
1.14171 -1.85188 -1.6744 1.39363 1.95304 1.15704 -1.16723 1.5301 -1.679 -0.92034 -1.3831 -1.29173 1.21152 -2.28392 
1.14278 -1.85047 -1.67346 1.39394 1.95389 1.15577 -1.1685 1.5301 -1.679 -0.92034 -1.3831 -1.29173 1.21152 -2.28392 
1.1431 -1.8503 -1.67333 1.39439 1.95372 1.15472 -1.168 1.5301 -1.679 -0.92034 -1.3831 -1.29173 1.21152 -2.28392 
1.1432 -1.85074 -1.67385 1.39511 1.95249 1.1539 -1.16722 1.5301 -1.679 -0.92034 -1.3831 -1.29173 1.21152 -2.28392 
1.143 -1.85027 -1.67323 1.39414 1.95396 1.15556 -1.16846 1.5301 -1.679 -0.92034 -1.3831 -1.29173 1.21152 -2.28392 
1.14277 -1.85074 -1.67362 1.39375 1.9538 1.15615 -1.1682 1.5301 -1.679 -0.92034 -1.3831 -1.29173 1.21152 -2.28392 
1.14241 -1.85117 -1.67427 1.39426 1.95275 1.15597 -1.16745 1.5301 -1.679 -0.92034 -1.3831 -1.29173 1.21152 -2.28392 
1.14218 -1.85116 -1.67396 1.3937 1.95366 1.15668 -1.16802 1.5301 -1.679 -0.92034 -1.3831 -1.29173 1.21152 -2.28392 
1.1426 -1.85113 -1.67433 1.39484 1.95231 1.15493 -1.16727 1.5301 -1.679 -0.92034 -1.3831 -1.29173 1.21152 -2.28392 
1.14267 -1.85096 -1.67409 1.39497 1.95253 1.15428 -1.16709 1.5301 -1.679 -0.92034 -1.3831 -1.29173 1.21152 -2.28392 
1.14266 -1.85119 -1.67447 1.39504 1.9521 1.15454 -1.16698 1.5301 -1.679 -0.92034 -1.3831 -1.29173 1.21152 -2.28392 
1.14263 -1.85085 -1.67361 1.39398 1.95394 1.15573 -1.16798 1.5301 -1.679 -0.92034 -1.3831 -1.29173 1.21152 -2.28392 
1.14274 -1.85136 -1.67436 1.39522 1.95218 1.15368 -1.16638 1.5301 -1.679 -0.92034 -1.3831 -1.29173 1.21152 -2.28392 
1.14259 -1.85191 -1.67502 1.39601 1.95057 1.15286 -1.16543 1.5301 -1.679 -0.92034 -1.3831 -1.29173 1.21152 -2.28392 
1.14284 -1.85086 -1.67423 1.39472 1.95248 1.15417 -1.1675 1.5301 -1.679 -0.92034 -1.3831 -1.29173 1.21152 -2.28392 
1.14302 -1.85 -1.67355 1.39406 1.95382 1.15473 -1.16927 1.5301 -1.679 -0.92034 -1.3831 -1.29173 1.21152 -2.28392 
1.14245 -1.85062 -1.67412 1.39405 1.95307 1.15533 -1.16921 1.5301 -1.679 -0.92034 -1.3831 -1.29173 1.21152 -2.28392 
1.14289 -1.85018 -1.67399 1.39423 1.95281 1.15452 -1.16999 1.5301 -1.679 -0.92034 -1.3831 -1.29173 1.21152 -2.28392 
1.14282 -1.85037 -1.67413 1.39449 1.95235 1.15404 -1.16988 1.5301 -1.679 -0.92034 -1.3831 -1.29173 1.21152 -2.28392 
1.14349 -1.84923 -1.67341 1.3943 1.95304 1.15336 -1.17131 1.5301 -1.679 -0.92034 -1.3831 -1.29173 1.21152 -2.28392 
1.14313 -1.84999 -1.67399 1.39442 1.95224 1.15345 -1.17107 1.5301 -1.679 -0.92034 -1.3831 -1.29173 1.21152 -2.28392 
1.14415 -1.84936 -1.67366 1.39555 1.95156 1.15101 -1.17065 1.5301 -1.679 -0.92034 -1.3831 -1.29173 1.21152 -2.28392 
1.14456 -1.84873 -1.67329 1.39543 1.95225 1.15105 -1.17154 1.5301 -1.679 -0.92034 -1.3831 -1.29173 1.21152 -2.28392 
1.144 -1.84913 -1.67334 1.39503 1.95251 1.15186 -1.17129 1.5301 -1.679 -0.92034 -1.3831 -1.29173 1.21152 -2.28392 
1.14338 -1.85014 -1.6743 1.39515 1.95113 1.15227 -1.17038 1.5301 -1.679 -0.92034 -1.3831 -1.29173 1.21152 -2.28392 
1.14353 -1.84935 -1.6734 1.3946 1.9527 1.15288 -1.17187 1.5301 -1.679 -0.92034 -1.3831 -1.29173 1.21152 -2.28392 
1.14356 -1.84931 -1.67339 1.39463 1.95301 1.15305 -1.17128 1.5301 -1.679 -0.92034 -1.3831 -1.29173 1.21152 -2.28392 
1.14266 -1.85026 -1.6738 1.39389 1.95292 1.15481 -1.17132 1.5301 -1.679 -0.92034 -1.3831 -1.29173 1.21152 -2.28392 
1.14289 -1.85038 -1.67435 1.39449 1.9518 1.15395 -1.17074 1.5301 -1.679 -0.92034 -1.3831 -1.29173 1.21152 -2.28392 
1.14379 -1.84945 -1.67339 1.39479 1.95255 1.15235 -1.17173 1.5301 -1.679 -0.92034 -1.3831 -1.29173 1.21152 -2.28392 
1.14398 -1.84929 -1.67313 1.39528 1.95259 1.15119 -1.17128 1.5301 -1.679 -0.92034 -1.3831 -1.29173 1.21152 -2.28392 
1.14354 -1.84963 -1.67381 1.39495 1.95225 1.15217 -1.17118 1.5301 -1.679 -0.92034 -1.3831 -1.29173 1.21152 -2.28392 
1.14371 -1.8495 -1.67344 1.39457 1.9529 1.15266 -1.1715 1.5301 -1.679 -0.92034 -1.3831 -1.29173 1.21152 -2.28392 
1.14424 -1.84931 -1.67352 1.39569 1.95171 1.15044 -1.17073 1.5301 -1.679 -0.92034 -1.3831 -1.29173 1.21152 -2.28392 
1.1428 -1.85037 -1.67393 1.39415 1.95261 1.1541 -1.17118 1.5301 -1.679 -0.92034 -1.3831 -1.29173 1.21152 -2.28392 
1.14271 -1.85093 -1.67455 1.3946 1.9516 1.15363 -1.16969 1.5301 -1.679 -0.92034 -1.3831 -1.29173 1.21152 -2.28392 
1.14295 -1.85025 -1.67414 1.39464 1.95193 1.15339 -1.17058 1.5301 -1.679 -0.92034 -1.3831 -1.29173 1.21152 -2.28392 
1.14255 -1.85102 -1.67463 1.39446 1.95161 1.1541 -1.16947 1.5301 -1.679 -0.92034 -1.3831 -1.29173 1.21152 -2.28392 
1.14324 -1.85039 -1.67446 1.39534 1.95101 1.15219 -1.16907 1.5301 -1.679 -0.92034 -1.3831 -1.29173 1.21152 -2.28392 
1.14378 -1.84921 -1.67355 1.39501 1.95253 1.15185 -1.17042 1.5301 -1.679 -0.92034 -1.3831 -1.29173 1.21152 -2.28392 
1.14263 -1.85125 -1.67505 1.39536 1.95086 1.1528 -1.16739 1.5301 -1.679 -0.92034 -1.3831 -1.29173 1.21152 -2.28392 
1.14271 -1.85112 -1.67474 1.39527 1.95137 1.15307 -1.16832 1.5301 -1.679 -0.92034 -1.3831 -1.29173 1.21152 -2.28392 
1.143 -1.85086 -1.67451 1.3953 1.95163 1.15294 -1.16802 1.5301 -1.679 -0.92034 -1.3831 -1.29173 1.21152 -2.28392 
1.1427 -1.85115 -1.67452 1.3951 1.95195 1.15378 -1.16721 1.5301 -1.679 -0.92034 -1.3831 -1.29173 1.21152 -2.28392 
1.14296 -1.85093 -1.67452 1.39541 1.95192 1.15316 -1.16749 1.5301 -1.679 -0.92034 -1.3831 -1.29173 1.21152 -2.28392 
1.14286 -1.85088 -1.67446 1.39519 1.95248 1.15357 -1.16741 1.5301 -1.679 -0.92034 -1.3831 -1.29173 1.21152 -2.28392 
1.14264 -1.85119 -1.67455 1.39495 1.9529 1.15455 -1.16703 1.5301 -1.679 -0.92034 -1.3831 -1.29173 1.21152 -2.28392 
1.14308 -1.85052 -1.67398 1.39501 1.9534 1.15383 -1.16763 1.5301 -1.679 -0.92034 -1.3831 -1.29173 1.21152 -2.28392 
1.14209 -1.85163 -1.67485 1.39441 1.9529 1.15549 -1.16735 1.5301 -1.679 -0.92034 -1.3831 -1.29173 1.21152 -2.28392 
1.14294 -1.85036 -1.67384 1.39413 1.95437 1.15538 -1.16909 1.5301 -1.679 -0.92034 -1.3831 -1.29173 1.21152 -2.28392 
1.14264 -1.85052 -1.67389 1.39421 1.95427 1.1555 -1.16893 1.5301 -1.679 -0.92034 -1.3831 -1.29173 1.21152 -2.28392 
1.14222 -1.85099 -1.67426 1.39386 1.95399 1.15608 -1.16828 1.5301 -1.679 -0.92034 -1.3831 -1.29173 1.21152 -2.28392 
1.14283 -1.85042 -1.67377 1.3943 1.95407 1.15484 -1.16822 1.5301 -1.679 -0.92034 -1.3831 -1.29173 1.21152 -2.28392 
1.14287 -1.85092 -1.67433 1.39532 1.95256 1.15314 -1.16694 1.5301 -1.679 -0.92034 -1.3831 -1.29173 1.21152 -2.28392 
1.14268 -1.851 -1.67438 1.39501 1.95273 1.15347 -1.16659 1.5301 -1.679 -0.92034 -1.3831 -1.29173 1.21152 -2.28392 
1.14257 -1.85127 -1.67434 1.39493 1.95283 1.15378 -1.16648 1.5301 -1.679 -0.92034 -1.3831 -1.29173 1.21152 -2.28392 
1.14245 -1.85088 -1.67422 1.39381 1.9542 1.1555 -1.1672 1.5301 -1.679 -0.92034 -1.3831 -1.29173 1.21152 -2.28392 
1.14248 -1.85113 -1.67443 1.39435 1.95343 1.1551 -1.16734 1.5301 -1.679 -0.92034 -1.3831 -1.29173 1.21152 -2.28392 
1.14306 -1.84978 -1.67342 1.39397 1.95513 1.15497 -1.16864 1.5301 -1.679 -0.92034 -1.3831 -1.29173 1.21152 -2.28392 
1.14335 -1.84957 -1.67321 1.39433 1.9551 1.15408 -1.16863 1.5301 -1.679 -0.92034 -1.3831 -1.29173 1.21152 -2.28392 
1.14301 -1.85016 -1.67386 1.39455 1.95366 1.15386 -1.16847 1.5301 -1.679 -0.92034 -1.3831 -1.29173 1.21152 -2.28392 
1.14323 -1.84985 -1.67371 1.39496 1.95371 1.15331 -1.16824 1.5301 -1.679 -0.92034 -1.3831 -1.29173 1.21152 -2.28392 
1.14343 -1.84943 -1.6734 1.39448 1.95384 1.1535 -1.16986 1.5301 -1.679 -0.92034 -1.3831 -1.29173 1.21152 -2.28392 
1.14268 -1.8505 -1.67425 1.39457 1.95309 1.15426 -1.16816 1.5301 -1.679 -0.92034 -1.3831 -1.29173 1.21152 -2.28392 
1.14286 -1.8498 -1.67377 1.39459 1.95372 1.15362 -1.16839 1.5301 -1.679 -0.92034 -1.3831 -1.29173 1.21152 -2.28392 
1.14338 -1.84945 -1.67361 1.39494 1.95327 1.15251 -1.1691 1.5301 -1.679 -0.92034 -1.3831 -1.29173 1.21152 -2.28392 
1.14316 -1.85048 -1.67427 1.39543 1.95207 1.15242 -1.16731 1.5301 -1.679 -0.92034 -1.3831 -1.29173 1.21152 -2.28392 
1.14371 -1.84963 -1.67368 1.39532 1.95285 1.15221 -1.16824 1.5301 -1.679 -0.92034 -1.3831 -1.29173 1.21152 -2.28392 
1.14347 -1.85015 -1.67428 1.39596 1.95154 1.15147 -1.16761 1.5301 -1.679 -0.92034 -1.3831 -1.29173 1.21152 -2.28392 
1.14316 -1.85018 -1.67405 1.39496 1.95208 1.15282 -1.16825 1.5301 -1.679 -0.92034 -1.3831 -1.29173 1.21152 -2.28392 
1.14352 -1.84974 -1.67387 1.39476 1.95268 1.15298 -1.16928 1.5301 -1.679 -0.92034 -1.3831 -1.29173 1.21152 -2.28392 
1.1437 -1.84932 -1.67338 1.39532 1.95272 1.15185 -1.16964 1.5301 -1.679 -0.92034 -1.3831 -1.29173 1.21152 -2.28392 
1.14377 -1.84894 -1.67322 1.39476 1.95354 1.15268 -1.17031 1.5301 -1.679 -0.92034 -1.3831 -1.29173 1.21152 -2.28392 
1.14389 -1.84887 -1.67312 1.39469 1.95362 1.15281 -1.17015 1.5301 -1.679 -0.92034 -1.3831 -1.29173 1.21152 -2.28392 
1.1438 -1.8487 -1.67289 1.39449 1.95399 1.15305 -1.17054 1.5301 -1.679 -0.92034 -1.3831 -1.29173 1.21152 -2.28392 
1.14319 -1.84982 -1.6737 1.39456 1.95325 1.15386 -1.1694 1.5301 -1.679 -0.92034 -1.3831 -1.29173 1.21152 -2.28392 
1.14325 -1.84936 -1.67337 1.39399 1.95396 1.15419 -1.17011 1.5301 -1.679 -0.92034 -1.3831 -1.29173 1.21152 -2.28392 
1.14278 -1.85298 -1.67396 1.3968 1.95401 1.15588 -1.16102 1.5301 -1.679 -0.920338 -1.3831 -1.29174 1.21152 -2.28391 
1.14225 -1.85711 -1.67489 1.39995 1.95334 1.15702 -1.15115 1.53011 -1.679 -0.920336 -1.3831 -1.29174 1.21152 -2.28391 
1.14169 -1.86132 -1.67568 1.40292 1.95341 1.15879 -1.14103 1.53011 -1.679 -0.920336 -1.3831 -1.29174 1.21152 -2.28391 
1.14151 -1.86521 -1.67638 1.40686 1.95277 1.15835 -1.12929 1.53011 -1.679 -0.920335 -1.3831 -1.29174 1.21152 -2.28391 
1.14043 -1.86985 -1.67718 1.40951 1.95334 1.16079 -1.11681 1.53011 -1.679 -0.920334 -1.3831 -1.29174 1.21152 -2.28391 
1.13963 -1.87406 -1.67779 1.41228 1.95393 1.16223 -1.10412 1.53011 -1.679 -0.920334 -1.3831 -1.29174 1.21152 -2.28391 
1.13802 -1.87911 -1.67922 1.41495 1.95389 1.16474 -1.09071 1.53011 -1.679 -0.920333 -1.3831 -1.29174 1.21152 -2.28391 
1.13598 -1.88441 -1.68053 1.41727 1.95462 1.16767 -1.07563 1.53011 -1.679 -0.920332 -1.3831 -1.29174 1.21152 -2.28391 
1.13296 -1.88998 -1.68232 1.41841 1.95555 1.1722 -1.06072 1.53011 -1.679 -0.920331 -1.3831 -1.29174 1.21152 -2.28391 
1.13081 -1.89472 -1.68298 1.41996 1.95765 1.17525 -1.04501 1.53011 -1.679 -0.920331 -1.3831 -1.29174 1.21152 -2.28391 
1.12752 -1.90091 -1.68522 1.4216 1.95808 1.1788 -1.02629 1.53011 -1.67901 -0.920327 -1.3831 -1.29175 1.21153 -2.28391 
1.12264 -1.90796 -1.68803 1.42192 1.95911 1.18549 -1.00738 1.53011 -1.67901 -0.920325 -1.3831 -1.29175 1.21153 -2.28391 
1.11867 -1.91362 -1.68971 1.42218 1.96138 1.19084 -0.988379 1.53011 -1.67901 -0.920326 -1.3831 -1.29175 1.21153 -2.28391 
1.11389 -1.91933 -1.69132 1.42153 1.96463 1.19697 -0.968688 1.53011 -1.67901 -0.920325 -1.3831 -1.29175 1.21153 -2.28391 
1.10954 -1.9246 -1.69278 1.4211 1.96779 1.20226 -0.949352 1.53011 -1.67901 -0.920326 -1.3831 -1.29175 1.21153 -2.28391 
1.10596 -1.92895 -1.69341 1.42067 1.97166 1.20645 -0.930811 1.53011 -1.67901 -0.920327 -1.3831 -1.29175 1.21153 -2.28391 
1.10141 -1.93411 -1.69456 1.41976 1.97516 1.21144 -0.910736 1.53011 -1.67901 -0.920325 -1.3831 -1.29175 1.21153 -2.28391 
1.09646 -1.93972 -1.69648 1.41925 1.9772 1.21579 -0.88972 1.53011 -1.67901 -0.920324 -1.3831 -1.29175 1.21153 -2.28391 
1.09176 -1.94483 -1.69798 1.41822 1.98023 1.22018 -0.869007 1.53011 -1.67901 -0.920324 -1.3831 -1.29175 1.21153 -2.28391 
1.08585 -1.95026 -1.69986 1.41553 1.98398 1.22745 -0.849378 1.53011 -1.67901 -0.920323 -1.3831 -1.29175 1.21153 -2.28391 
1.08009 -1.9556 -1.70202 1.41336 1.98695 1.23361 -0.829681 1.53011 -1.67901 -0.920324 -1.3831 -1.29175 1.21153 -2.28391 
1.0741 -1.96067 -1.70383 1.41017 1.99071 1.24113 -0.812075 1.53011 -1.67901 -0.920326 -1.3831 -1.29175 1.21153 -2.28391 
1.06842 -1.96671 -1.70701 1.40978 1.99063 1.24483 -0.791268 1.53011 -1.67901 -0.920324 -1.3831 -1.29175 1.21153 -2.28391 
1.06265 -1.96835 -1.7048 1.40661 1.98927 1.25538 -0.771556 1.53011 -1.67901 -0.920325 -1.3831 -1.29175 1.21153 -2.28391 
1.05791 -1.96848 -1.70063 1.40445 1.98648 1.26465 -0.751056 1.53011 -1.67901 -0.920326 -1.3831 -1.29175 1.21153 -2.28391 
1.05346 -1.96802 -1.69752 1.40083 1.98538 1.27269 -0.736305 1.53011 -1.679 -0.920332 -1.3831 -1.29174 1.21152 -2.28391 
1.04892 -1.96768 -1.69632 1.39723 1.98339 1.2777 -0.724613 1.53011 -1.679 -0.920335 -1.3831 -1.29174 1.21152 -2.28391 
1.04509 -1.96736 -1.69574 1.39317 1.98335 1.28211 -0.716695 1.53011 -1.679 -0.920337 -1.3831 -1.29174 1.21152 -2.28391 
1.04256 -1.9671 -1.69539 1.39025 1.98425 1.28363 -0.710447 1.5301 -1.679 -0.920338 -1.3831 -1.29174 1.21152 -2.28391 
1.0383 -1.96732 -1.69573 1.38612 1.9842 1.28865 -0.703857 1.53011 -1.679 -0.920337 -1.3831 -1.29174 1.21152 -2.28391 
1.0358 -1.96706 -1.69578 1.3829 1.9847 1.29141 -0.702024 1.5301 -1.679 -0.920339 -1.3831 -1.29173 1.21152 -2.28392 
1.03303 -1.9672 -1.69629 1.38003 1.98341 1.29449 -0.7004 1.5301 -1.679 -0.920339 -1.3831 -1.29173 1.21152 -2.28392 
1.03167 -1.96697 -1.69624 1.37827 1.98349 1.29456 -0.700691 1.5301 -1.679 -0.92034 -1.3831 -1.29173 1.21152 -2.28392 
1.03275 -1.96563 -1.69474 1.37727 1.98427 1.29335 -0.705766 1.5301 -1.679 -0.920339 -1.3831 -1.29173 1.21152 -2.28392 
1.03256 -1.96591 -1.69539 1.37752 1.98169 1.29282 -0.709885 1.5301 -1.679 -0.920339 -1.3831 -1.29173 1.21152 -2.28392 
1.03203 -1.9667 -1.69664 1.37757 1.97846 1.29318 -0.715016 1.5301 -1.679 -0.920339 -1.3831 -1.29174 1.21152 -2.28392 
1.03254 -1.9664 -1.69677 1.37718 1.9763 1.29364 -0.724343 1.53011 -1.679 -0.920337 -1.3831 -1.29174 1.21152 -2.28391 
1.03455 -1.96476 -1.69525 1.37712 1.97533 1.29231 -0.735392 1.53011 -1.679 -0.920336 -1.3831 -1.29174 1.21152 -2.28391 
1.03608 -1.96428 -1.69527 1.37776 1.97201 1.29198 -0.748055 1.53011 -1.679 -0.920334 -1.3831 -1.29174 1.21152 -2.28391 
1.03761 -1.96364 -1.69522 1.37786 1.9689 1.29308 -0.763996 1.53011 -1.679 -0.920332 -1.3831 -1.29174 1.21152 -2.28391 
1.04168 -1.96187 -1.69391 1.38049 1.96481 1.28927 -0.781076 1.53011 -1.67901 -0.920329 -1.3831 -1.29175 1.21153 -2.28391 
1.04418 -1.96109 -1.69369 1.38152 1.96082 1.28917 -0.79899 1.53011 -1.67901 -0.920329 -1.3831 -1.29174 1.21153 -2.28391 
1.04778 -1.9605 -1.69371 1.38456 1.95458 1.28671 -0.817226 1.53011 -1.67901 -0.920327 -1.3831 -1.29175 1.21153 -2.28391 
1.05064 -1.95893 -1.69264 1.38438 1.95204 1.28904 -0.841712 1.53011 -1.67901 -0.920321 -1.3831 -1.29175 1.21153 -2.28391 
1.05383 -1.95767 -1.69203 1.38516 1.9483 1.28928 -0.86313 1.53011 -1.67901 -0.920325 -1.3831 -1.29175 1.21153 -2.28391 
1.05987 -1.95522 -1.68992 1.38834 1.9438 1.2849 -0.887109 1.53011 -1.67901 -0.920319 -1.3831 -1.29175 1.21153 -2.28391 
1.06229 -1.95471 -1.6902 1.38872 1.93905 1.28658 -0.910333 1.53011 -1.67901 -0.920323 -1.3831 -1.29175 1.21153 -2.28391 
1.06637 -1.95291 -1.68881 1.3894 1.93533 1.28671 -0.936234 1.53011 -1.67901 -0.920319 -1.3831 -1.29176 1.21153 -2.28391 
1.07048 -1.95098 -1.68704 1.38918 1.93264 1.28779 -0.963743 1.53011 -1.67901 -0.920316 -1.3831 -1.29176 1.21154 -2.28391 
1.07374 -1.94984 -1.68647 1.38939 1.92851 1.28891 -0.988712 1.53011 -1.67901 -0.92032 -1.3831 -1.29175 1.21153 -2.28391 
1.07983 -1.94599 -1.68295 1.38953 1.9274 1.28705 -1.01735 1.53012 -1.67902 -0.920314 -1.3831 -1.29176 1.21154 -2.28391 
1.08189 -1.94513 -1.68267 1.38741 1.92433 1.29132 -1.04529 1.53011 -1.67901 -0.920316 -1.3831 -1.29176 1.21154 -2.28391 
1.08631 -1.94183 -1.67991 1.38591 1.92387 1.29258 -1.07437 1.53012 -1.67902 -0.920314 -1.3831 -1.29176 1.21154 -2.28391 
1.08997 -1.93916 -1.67772 1.38335 1.92322 1.29563 -1.10513 1.53012 -1.67902 -0.920311 -1.3831 -1.29176 1.21154 -2.28391 
1.09176 -1.93879 -1.67823 1.3817 1.91897 1.29911 -1.13053 1.53011 -1.67901 -0.92032 -1.3831 -1.29175 1.21153 -2.28391 
1.09422 -1.93711 -1.67694 1.37963 1.91783 1.30157 -1.15366 1.53011 -1.67901 -0.920324 -1.3831 -1.29175 1.21153 -2.28391 
1.09604 -1.93579 -1.67618 1.37669 1.91666 1.30549 -1.17764 1.53011 -1.67901 -0.920322 -1.3831 -1.29175 1.21153 -2.28391 
1.09826 -1.934 -1.67492 1.37361 1.91578 1.30888 -1.2023 1.53011 -1.67901 -0.920322 -1.3831 -1.29175 1.21153 -2.28391 
1.10029 -1.9323 -1.67375 1.37131 1.91444 1.31102 -1.22492 1.53011 -1.67901 -0.920324 -1.3831 -1.29175 1.21153 -2.28391 
