0.569892 -0.84076 -0.118944 1.30109 -2.26989 -1.04027 1.19926 -1.11046 0.608541 0.0658396 -1.37776 -1.96175 -1.13253 -0.474404 
0.562335 -0.836155 -0.114645 1.26378 -2.20846 -0.938621 1.15244 -1.11057 0.607972 0.0659647 -1.37907 -1.96141 -1.13218 -0.475202 
0.561812 -0.836546 -0.116148 1.26375 -2.21446 -0.93367 1.15761 -1.11057 0.607972 0.0659647 -1.37907 -1.96141 -1.13218 -0.475202 
0.562348 -0.83835 -0.11737 1.26212 -2.21853 -0.933757 1.15849 -1.11057 0.607972 0.0659647 -1.37907 -1.96141 -1.13218 -0.475202 
0.563258 -0.839538 -0.117957 1.26189 -2.2222 -0.935255 1.15986 -1.11057 0.607972 0.0659647 -1.37907 -1.96141 -1.13218 -0.475202 
0.56278 -0.838438 -0.117499 1.26383 -2.22576 -0.935422 1.16555 -1.11057 0.607972 0.0659647 -1.37907 -1.96141 -1.13218 -0.475202 
0.56203 -0.834903 -0.117837 1.26605 -2.22942 -0.933416 1.17098 -1.11057 0.607972 0.0659647 -1.37907 -1.96141 -1.13218 -0.475202 
0.56207 -0.82953 -0.11913 1.26784 -2.22882 -0.930073 1.16979 -1.11057 0.607972 0.0659647 -1.37907 -1.96141 -1.13218 -0.475202 
0.562068 -0.82224 -0.119927 1.27024 -2.22413 -0.927891 1.16534 -1.11057 0.607972 0.0659647 -1.37907 -1.96141 -1.13218 -0.475202 
0.562099 -0.816144 -0.120493 1.2722 -2.21982 -0.926469 1.16124 -1.11057 0.607972 0.0659647 -1.37907 -1.96141 -1.13218 -0.475202 
0.562118 -0.811379 -0.120918 1.27361 -2.21623 -0.925311 1.15782 -1.11057 0.607972 0.0659647 -1.37907 -1.96141 -1.13218 -0.475202 
0.562122 -0.807602 -0.121217 1.27466 -2.21323 -0.924493 1.15498 -1.11057 0.607972 0.0659647 -1.37907 -1.96141 -1.13218 -0.475202 
0.562129 -0.804502 -0.12148 1.27554 -2.21085 -0.923804 1.15271 -1.11057 0.607972 0.0659647 -1.37907 -1.96141 -1.13218 -0.475202 
0.562132 -0.801905 -0.1217 1.2763 -2.20894 -0.923251 1.1509 -1.11057 0.607972 0.0659647 -1.37907 -1.96141 -1.13218 -0.475202 
0.562144 -0.798434 -0.12214 1.27732 -2.20706 -0.922223 1.14896 -1.11057 0.607972 0.0659647 -1.37907 -1.96141 -1.13218 -0.475202 
0.562204 -0.793681 -0.122663 1.27857 -2.20442 -0.921107 1.14624 -1.11057 0.607972 0.0659647 -1.37907 -1.96141 -1.13218 -0.475202 
0.562031 -0.788372 -0.122975 1.28044 -2.20144 -0.919816 1.14403 -1.11057 0.607972 0.0659647 -1.37907 -1.96141 -1.13218 -0.475202 
0.561783 -0.783198 -0.123342 1.28167 -2.19746 -0.918142 1.14065 -1.11057 0.607972 0.0659647 -1.37907 -1.96141 -1.13218 -0.475202 
0.562042 -0.778714 -0.124033 1.28239 -2.19326 -0.916859 1.13564 -1.11057 0.607972 0.0659647 -1.37907 -1.96141 -1.13218 -0.475202 
0.562174 -0.77547 -0.1243 1.28303 -2.18933 -0.916588 1.13142 -1.11057 0.607972 0.0659647 -1.37907 -1.96141 -1.13218 -0.475202 
0.562195 -0.773722 -0.124114 1.28348 -2.18697 -0.917262 1.12935 -1.11057 0.607972 0.0659647 -1.37907 -1.96141 -1.13218 -0.475202 
0.562192 -0.773579 -0.124063 1.28352 -2.18675 -0.917438 1.12918 -1.11057 0.607972 0.0659647 -1.37907 -1.96141 -1.13218 -0.475202 
0.808824 -0.667626 -0.482535 1.90231 -2.45377 -1.99956 1.90516 -1.11086 0.606549 0.0662777 -1.38233 -1.96054 -1.13132 -0.4772 
