1.069 -1.65484 -1.43824 1.34478 -1.4423 -1.38325 2.14503 -1.81506 1.67993 -1.22403 1.57434 2.307 0.625792 -2.23035 
1.03929 -1.66459 -1.43374 1.28285 -1.43315 -1.39908 2.11753 -1.80561 1.67035 -1.21086 1.55325 2.30767 0.675844 -2.26941 
1.0463 -1.6593 -1.43284 1.29268 -1.44348 -1.38018 2.11822 -1.79351 1.67559 -1.19163 1.53303 2.29895 0.719331 -2.34291 
1.03953 -1.66114 -1.4322 1.27774 -1.43806 -1.38878 2.10587 -1.79322 1.6793 -1.18827 1.53388 2.29183 0.720542 -2.36405 
1.03429 -1.66312 -1.43184 1.26548 -1.43268 -1.398 2.09523 -1.79409 1.67703 -1.19111 1.53226 2.29796 0.719377 -2.34753 
1.03432 -1.66383 -1.4316 1.26503 -1.43066 -1.40076 2.09861 -1.81119 1.67355 -1.2165 1.56242 2.29772 0.656982 -2.26854 
1.03731 -1.66485 -1.43339 1.27244 -1.43216 -1.40133 2.108 -1.81098 1.67495 -1.21762 1.56177 2.29781 0.654133 -2.26584 
1.04265 -1.66395 -1.43391 1.28353 -1.43384 -1.39907 2.11276 -1.80096 1.6597 -1.2104 1.53661 2.3005 0.701387 -2.29212 
1.05294 -1.66137 -1.43346 1.30327 -1.43397 -1.39569 2.1233 -1.80488 1.67336 -1.21344 1.54825 2.29906 0.674257 -2.28217 
1.06104 -1.65861 -1.43192 1.31854 -1.43283 -1.39237 2.12999 -1.79372 1.67418 -1.19928 1.52831 2.29696 0.710529 -2.33075 
1.06827 -1.65676 -1.43131 1.33251 -1.43343 -1.38897 2.13764 -1.78839 1.6784 -1.19184 1.51921 2.29772 0.725652 -2.35495 
1.07406 -1.65486 -1.43066 1.34292 -1.4341 -1.38549 2.14225 -1.78322 1.67352 -1.18779 1.50763 2.29846 0.744753 -2.37064 
1.07784 -1.65429 -1.43109 1.35102 -1.436 -1.38291 2.14771 -1.77978 1.67711 -1.18231 1.50151 2.29719 0.754597 -2.39095 
1.08137 -1.6539 -1.43182 1.35897 -1.43837 -1.38041 2.15318 -1.78762 1.68235 -1.19082 1.51707 2.29744 0.722994 -2.35954 
1.08551 -1.65306 -1.43178 1.3666 -1.43832 -1.37944 2.15748 -1.7785 1.67293 -1.18186 1.49688 2.2944 0.760833 -2.39844 
1.08952 -1.65401 -1.43333 1.37638 -1.43895 -1.38098 2.16492 -1.77946 1.66891 -1.18622 1.4946 2.3007 0.758919 -2.37714 
1.09519 -1.65258 -1.43237 1.38652 -1.43741 -1.38045 2.17046 -1.77699 1.67263 -1.18155 1.49063 2.29512 0.763527 -2.40003 
1.10033 -1.65133 -1.43208 1.39696 -1.43654 -1.37996 2.17661 -1.77728 1.6796 -1.18004 1.49184 2.29659 0.756707 -2.40099 
1.10264 -1.65254 -1.43358 1.40417 -1.43658 -1.38247 2.18184 -1.77712 1.68409 -1.18019 1.49192 2.29921 0.751554 -2.39661 
1.10406 -1.65483 -1.43518 1.40959 -1.43434 -1.38858 2.18701 -1.77597 1.68762 -1.17647 1.48808 2.30329 0.756829 -2.4017 
1.10355 -1.65644 -1.43559 1.41023 -1.43143 -1.39395 2.18932 -1.77595 1.69194 -1.17021 1.48909 2.297 0.758606 -2.42555 
1.11068 -1.64873 -1.43083 1.41704 -1.43361 -1.37998 2.18571 -1.77842 1.67642 -1.17828 1.4869 2.30185 0.762321 -2.39608 
1.34521 -1.54256 -1.54278 1.91659 -1.62297 -1.22417 2.40723 -1.77777 1.67998 -1.17679 1.48758 2.30108 0.761025 -2.40104 
1.36544 -1.53139 -1.55967 1.95912 -1.64997 -1.21103 2.42787 -1.77775 1.68019 -1.17672 1.4876 2.30107 0.760932 -2.40136 
