1.05553 -1.58732 -1.34756 1.34 -1.52584 -1.4588 2.14628 -1.86786 1.47246 -1.45082 1.58163 2.82073 0.489299 -2.58393 
1.02573 -1.60119 -1.34269 1.27721 -1.51705 -1.4717 2.11897 -1.861 1.48351 -1.4357 1.56307 2.80299 0.526203 -2.62767 
1.03414 -1.59303 -1.33967 1.28901 -1.52541 -1.45146 2.11849 -1.85726 1.48511 -1.43034 1.55427 2.79252 0.54318 -2.64992 
1.02866 -1.59467 -1.33911 1.2751 -1.52301 -1.45433 2.10538 -1.85826 1.48005 -1.43365 1.55487 2.79542 0.542338 -2.64124 
1.02264 -1.5997 -1.34077 1.26264 -1.51873 -1.46606 2.09768 -1.85749 1.46833 -1.43805 1.55101 2.79216 0.548437 -2.63824 
1.02159 -1.60112 -1.34055 1.26059 -1.51617 -1.47015 2.10084 -1.85731 1.46477 -1.44003 1.54958 2.79293 0.548895 -2.63454 
1.02472 -1.60109 -1.34201 1.26838 -1.51685 -1.47134 2.10999 -1.8545 1.46628 -1.43853 1.54305 2.7904 0.557417 -2.64136 
1.0316 -1.59856 -1.34183 1.28202 -1.51648 -1.47033 2.11767 -1.85355 1.46805 -1.43851 1.54068 2.7896 0.558376 -2.64362 
1.03858 -1.5964 -1.34158 1.29591 -1.5169 -1.46844 2.12385 -1.85092 1.47564 -1.43492 1.53597 2.78764 0.563422 -2.65351 
1.04579 -1.59378 -1.34121 1.31074 -1.51656 -1.46693 2.13198 -1.84798 1.48275 -1.43026 1.5313 2.78102 0.569732 -2.671 
1.05166 -1.59099 -1.3402 1.32141 -1.51502 -1.46588 2.13673 -1.84591 1.4864 -1.4283 1.52734 2.77989 0.574674 -2.67739 
1.05819 -1.589 -1.34071 1.3347 -1.51711 -1.46307 2.14392 -1.8452 1.48799 -1.42839 1.52577 2.7817 0.574549 -2.67568 
1.06102 -1.58787 -1.34109 1.34145 -1.5203 -1.45917 2.14712 -1.84417 1.48351 -1.42921 1.52185 2.77922 0.580514 -2.67745 
1.06411 -1.58698 -1.34108 1.34747 -1.52031 -1.45877 2.15166 -1.84338 1.4892 -1.42544 1.51983 2.77583 0.582913 -2.68829 
1.06934 -1.58528 -1.34119 1.3582 -1.5201 -1.45837 2.1578 -1.84414 1.48048 -1.43038 1.51912 2.7773 0.581956 -2.67815 
1.07463 -1.58421 -1.34202 1.36997 -1.52026 -1.45901 2.16543 -1.84385 1.4778 -1.43156 1.5169 2.77529 0.582882 -2.67877 
1.07743 -1.5836 -1.34176 1.37552 -1.51924 -1.45956 2.16948 -1.84413 1.48301 -1.43051 1.51776 2.77683 0.577311 -2.67902 
1.08368 -1.58172 -1.34176 1.38843 -1.51897 -1.45911 2.17698 -1.84353 1.48981 -1.42819 1.51691 2.77853 0.574981 -2.68125 
1.08883 -1.58062 -1.34234 1.39941 -1.51832 -1.46049 2.18272 -1.84165 1.49803 -1.4244 1.51207 2.77947 0.579952 -2.68781 
1.09256 -1.58062 -1.34364 1.40851 -1.51957 -1.46114 2.18787 -1.84274 1.50477 -1.42032 1.51413 2.77818 0.576871 -2.69498 
1.09057 -1.58353 -1.34488 1.40684 -1.51623 -1.46861 2.19051 -1.84448 1.50544 -1.41852 1.5164 2.77598 0.573419 -2.69897 
1.08739 -1.58612 -1.34556 1.4017 -1.51289 -1.47504 2.18987 -1.84447 1.50294 -1.4146 1.51245 2.76792 0.583138 -2.71366 
1.33708 -1.43828 -1.46226 1.91561 -1.69113 -1.33602 2.39715 -1.8442 1.50425 -1.41734 1.51456 2.77305 0.577843 -2.70475 
1.33612 -1.43912 -1.46137 1.9147 -1.69033 -1.33694 2.39623 -1.8672 1.63128 -1.3738 1.57333 2.78262 0.490628 -2.76516 
1.33711 -1.43825 -1.46219 1.91572 -1.69119 -1.33592 2.39725 -1.86392 1.60796 -1.38102 1.56302 2.78166 0.506752 -2.75404 
1.33713 -1.43823 -1.46219 1.91577 -1.69121 -1.3359 2.39725 -1.87127 1.6221 -1.37345 1.57894 2.77611 0.488279 -2.76869 
1.33713 -1.43823 -1.46219 1.91578 -1.69121 -1.3359 2.39725 -1.86376 1.60752 -1.37972 1.56844 2.77387 0.499891 -2.76442 
1.33713 -1.43822 -1.46219 1.91581 -1.69121 -1.3359 2.39725 -1.86125 1.59 -1.38621 1.56437 2.77458 0.504541 -2.75288 
1.33713 -1.43822 -1.46219 1.91586 -1.69121 -1.3359 2.39725 -1.85559 1.5743 -1.39138 1.55933 2.76696 0.509153 -2.75435 
1.33713 -1.43822 -1.46219 1.91587 -1.69121 -1.3359 2.39725 -1.8495 1.55679 -1.3949 1.55059 2.75517 0.522035 -2.76345 
1.33714 -1.43821 -1.46219 1.91588 -1.69121 -1.3359 2.39725 -1.84243 1.52633 -1.40656 1.53984 2.75517 0.535488 -2.74584 
1.33714 -1.43821 -1.46219 1.91589 -1.69121 -1.3359 2.39725 -1.83724 1.51522 -1.41099 1.53593 2.75279 0.537668 -2.74248 
1.33714 -1.43821 -1.46219 1.91589 -1.69121 -1.3359 2.39725 -1.82728 1.50127 -1.41299 1.52209 2.74727 0.558472 -2.74777 
1.33714 -1.43821 -1.46219 1.91589 -1.69121 -1.33589 2.39725 -1.81918 1.48451 -1.42013 1.51565 2.74299 0.561714 -2.74279 
1.33714 -1.43821 -1.46219 1.91589 -1.69121 -1.33589 2.39725 -1.8117 1.46188 -1.43103 1.50596 2.745 0.571862 -2.72514 
1.33714 -1.43821 -1.46219 1.91589 -1.69121 -1.33589 2.39726 -1.80493 1.45019 -1.43627 1.50187 2.73907 0.572257 -2.72538 
1.33714 -1.43821 -1.46219 1.91589 -1.69121 -1.33589 2.39726 -1.79579 1.43622 -1.4429 1.49047 2.74316 0.58431 -2.71187 
1.33714 -1.4382 -1.46219 1.91589 -1.69121 -1.33589 2.39726 -1.7874 1.41982 -1.45049 1.48075 2.74058 0.594442 -2.70504 
1.33714 -1.4382 -1.46219 1.91589 -1.69121 -1.33589 2.39726 -1.78194 1.42205 -1.44869 1.47967 2.73349 0.590642 -2.71702 
1.33714 -1.4382 -1.46219 1.91589 -1.69121 -1.33589 2.39725 -1.77859 1.4031 -1.46019 1.47294 2.739 0.600078 -2.6942 
1.33714 -1.4382 -1.46219 1.91589 -1.69121 -1.33589 2.39726 -1.77599 1.41301 -1.45512 1.47409 2.73356 0.594333 -2.70971 
1.33714 -1.4382 -1.46219 1.91589 -1.69121 -1.33589 2.39726 -1.77455 1.4104 -1.4561 1.47129 2.73302 0.598112 -2.70953 
1.33714 -1.4382 -1.46219 1.9159 -1.69121 -1.33589 2.39726 -1.77017 1.40324 -1.46158 1.46738 2.7291 0.600588 -2.70872 
1.33714 -1.4382 -1.46219 1.9159 -1.69121 -1.33589 2.39726 -1.77072 1.40179 -1.4623 1.46713 2.73325 0.600501 -2.70147 
1.11876 -1.56772 -1.35253 1.46605 -1.52942 -1.45048 2.22715 -1.72954 1.30777 -1.50054 1.39496 2.71191 0.722181 -2.68807 
