1.11442 -1.73674 -1.53354 1.40525 1.85606 1.25758 -1.14237 1.5301 -1.679 -0.92034 -1.3831 -1.29173 1.21152 -2.28392 
1.11454 -1.73652 -1.53346 1.4054 1.85605 1.25729 -1.14245 1.5301 -1.679 -0.92034 -1.3831 -1.29173 1.21152 -2.28392 
1.11459 -1.73599 -1.53242 1.40417 1.85795 1.25837 -1.14452 1.5301 -1.679 -0.92034 -1.3831 -1.29173 1.21152 -2.28392 
1.11482 -1.73682 -1.53339 1.40586 1.85522 1.25647 -1.14173 1.5301 -1.679 -0.92034 -1.3831 -1.29173 1.21152 -2.28392 
1.11501 -1.73652 -1.53315 1.40587 1.85539 1.25607 -1.14203 1.5301 -1.679 -0.92034 -1.3831 -1.29173 1.21152 -2.28392 
1.11495 -1.73683 -1.53327 1.40588 1.8554 1.25634 -1.14221 1.5301 -1.679 -0.92034 -1.3831 -1.29173 1.21152 -2.28392 
1.11494 -1.73687 -1.53323 1.40588 1.85549 1.25638 -1.14226 1.5301 -1.679 -0.92034 -1.3831 -1.29173 1.21152 -2.28392 
1.11532 -1.73655 -1.53318 1.40643 1.85503 1.25539 -1.14247 1.5301 -1.679 -0.92034 -1.3831 -1.29173 1.21152 -2.28392 
1.11527 -1.73679 -1.53337 1.40663 1.85469 1.25516 -1.14188 1.5301 -1.679 -0.92034 -1.3831 -1.29173 1.21152 -2.28392 
1.11479 -1.73687 -1.5332 1.40556 1.85563 1.25689 -1.14275 1.5301 -1.679 -0.92034 -1.3831 -1.29173 1.21152 -2.28392 
1.11508 -1.7362 -1.53274 1.40528 1.85633 1.25686 -1.14369 1.5301 -1.679 -0.92034 -1.3831 -1.29173 1.21152 -2.28392 
1.11457 -1.73755 -1.53391 1.40618 1.85425 1.2566 -1.14113 1.5301 -1.679 -0.92034 -1.3831 -1.29173 1.21152 -2.28392 
1.11474 -1.73684 -1.5331 1.40548 1.8556 1.2571 -1.14238 1.5301 -1.679 -0.92034 -1.3831 -1.29173 1.21152 -2.28392 
1.11459 -1.73694 -1.53315 1.40537 1.85572 1.25746 -1.14245 1.5301 -1.679 -0.92034 -1.3831 -1.29173 1.21152 -2.28392 
