1.0988 -1.85877 -1.69897 1.34607 1.99321 1.16346 -1.14382 1.53015 -1.67906 -0.920241 -1.3831 -1.29183 1.21159 -2.28389 
1.09495 -1.85848 -1.70059 1.3427 1.99131 1.16224 -1.14158 1.5301 -1.679 -0.920339 -1.3831 -1.29174 1.21152 -2.28392 
1.0935 -1.85947 -1.70052 1.34011 1.99339 1.16648 -1.14017 1.5301 -1.679 -0.920339 -1.3831 -1.29173 1.21152 -2.28392 
1.09198 -1.85891 -1.69958 1.33466 1.99953 1.17681 -1.14503 1.53011 -1.679 -0.920335 -1.3831 -1.29174 1.21152 -2.28391 
1.09328 -1.85815 -1.69946 1.33633 1.99947 1.17502 -1.14493 1.5301 -1.679 -0.92034 -1.3831 -1.29173 1.21152 -2.28392 
1.09392 -1.85868 -1.69985 1.33813 1.99798 1.17376 -1.14439 1.5301 -1.679 -0.92034 -1.3831 -1.29173 1.21152 -2.28392 
1.09725 -1.85711 -1.69921 1.34068 1.9956 1.16814 -1.14771 1.5301 -1.679 -0.920338 -1.3831 -1.29174 1.21152 -2.28391 
1.1 -1.85605 -1.69769 1.3402 1.99661 1.16867 -1.15378 1.5301 -1.679 -0.920339 -1.3831 -1.29174 1.21152 -2.28392 
1.10121 -1.85689 -1.69743 1.34055 1.99666 1.17024 -1.15511 1.5301 -1.679 -0.92034 -1.3831 -1.29173 1.21152 -2.28392 
1.10423 -1.85646 -1.69508 1.34193 2.00014 1.17196 -1.15732 1.5301 -1.679 -0.920339 -1.3831 -1.29174 1.21152 -2.28392 
1.1077 -1.85632 -1.69335 1.34474 2.00231 1.17321 -1.15972 1.5301 -1.679 -0.920339 -1.3831 -1.29174 1.21152 -2.28392 
1.11048 -1.85735 -1.69335 1.34912 2.00128 1.1725 -1.15976 1.5301 -1.679 -0.920339 -1.3831 -1.29173 1.21152 -2.28392 
1.11329 -1.857 -1.69176 1.35153 2.00308 1.17306 -1.1621 1.5301 -1.679 -0.920339 -1.3831 -1.29173 1.21152 -2.28392 
1.11517 -1.85813 -1.69131 1.35421 2.00296 1.1735 -1.16199 1.5301 -1.679 -0.92034 -1.3831 -1.29173 1.21152 -2.28392 
1.11694 -1.8591 -1.6914 1.35743 2.00164 1.1721 -1.16126 1.5301 -1.679 -0.92034 -1.3831 -1.29173 1.21152 -2.28392 
1.11849 -1.85857 -1.69012 1.35835 2.00305 1.17235 -1.16328 1.5301 -1.679 -0.92034 -1.3831 -1.29173 1.21152 -2.28392 
1.1197 -1.85814 -1.68919 1.35934 2.004 1.17238 -1.16419 1.5301 -1.679 -0.92034 -1.3831 -1.29173 1.21152 -2.28392 
1.12176 -1.8578 -1.68867 1.36233 2.00302 1.16915 -1.164 1.5301 -1.679 -0.920339 -1.3831 -1.29173 1.21152 -2.28392 
1.12254 -1.85877 -1.6882 1.36291 2.00382 1.17083 -1.16426 1.5301 -1.679 -0.92034 -1.3831 -1.29173 1.21152 -2.28392 
1.1222 -1.85936 -1.68846 1.36279 2.0044 1.1727 -1.16434 1.5301 -1.679 -0.92034 -1.3831 -1.29173 1.21152 -2.28392 
1.12318 -1.85841 -1.68807 1.36347 2.00507 1.17219 -1.16508 1.5301 -1.679 -0.92034 -1.3831 -1.29173 1.21152 -2.28392 
1.12487 -1.85785 -1.68656 1.36394 2.00702 1.17241 -1.16682 1.5301 -1.679 -0.92034 -1.3831 -1.29173 1.21152 -2.28392 
1.12563 -1.85935 -1.6876 1.36651 2.00427 1.17037 -1.16512 1.5301 -1.679 -0.92034 -1.3831 -1.29173 1.21152 -2.28392 
1.12539 -1.86032 -1.68789 1.36723 2.00404 1.17108 -1.16376 1.5301 -1.679 -0.92034 -1.3831 -1.29173 1.21152 -2.28392 
1.12584 -1.85986 -1.6878 1.36742 2.00433 1.17122 -1.16466 1.5301 -1.679 -0.92034 -1.3831 -1.29173 1.21152 -2.28392 
1.12529 -1.8618 -1.68863 1.36765 2.00358 1.17297 -1.16276 1.5301 -1.679 -0.92034 -1.3831 -1.29173 1.21152 -2.28392 
1.12706 -1.85994 -1.68724 1.36838 2.00479 1.17105 -1.16448 1.5301 -1.679 -0.92034 -1.3831 -1.29173 1.21152 -2.28392 
1.12715 -1.85906 -1.68629 1.36725 2.00698 1.17274 -1.16654 1.5301 -1.679 -0.92034 -1.3831 -1.29173 1.21152 -2.28392 
1.12937 -1.85878 -1.68572 1.36973 2.00673 1.17105 -1.16771 1.5301 -1.679 -0.92034 -1.3831 -1.29173 1.21152 -2.28392 
1.13054 -1.8599 -1.68551 1.3711 2.00666 1.17233 -1.16828 1.5301 -1.679 -0.92034 -1.3831 -1.29173 1.21152 -2.28392 
1.13267 -1.85914 -1.68467 1.3734 2.00648 1.17024 -1.16908 1.5301 -1.679 -0.92034 -1.3831 -1.29173 1.21152 -2.28392 
1.13365 -1.86104 -1.68588 1.37681 2.00345 1.16866 -1.16646 1.5301 -1.679 -0.920339 -1.3831 -1.29173 1.21152 -2.28392 
1.13387 -1.86221 -1.68522 1.37653 2.00575 1.17267 -1.16714 1.5301 -1.679 -0.92034 -1.3831 -1.29173 1.21152 -2.28392 
1.13527 -1.8615 -1.68384 1.37717 2.00786 1.17335 -1.16874 1.5301 -1.679 -0.92034 -1.3831 -1.29173 1.21152 -2.28392 
1.1357 -1.86127 -1.68365 1.37767 2.00835 1.17359 -1.16885 1.5301 -1.679 -0.92034 -1.3831 -1.29173 1.21152 -2.28392 
1.13629 -1.86196 -1.68458 1.37977 2.0059 1.17143 -1.16726 1.5301 -1.679 -0.92034 -1.3831 -1.29173 1.21152 -2.28392 
1.13631 -1.86244 -1.68485 1.38021 2.00525 1.17092 -1.16659 1.5301 -1.679 -0.92034 -1.3831 -1.29173 1.21152 -2.28392 
1.13639 -1.86274 -1.68499 1.38053 2.00491 1.17083 -1.16624 1.5301 -1.679 -0.92034 -1.3831 -1.29173 1.21152 -2.28392 
1.1362 -1.86284 -1.68453 1.38001 2.0058 1.17184 -1.16629 1.5301 -1.679 -0.92034 -1.3831 -1.29173 1.21152 -2.28392 
1.13583 -1.86376 -1.68523 1.38031 2.00468 1.17229 -1.16614 1.5301 -1.679 -0.92034 -1.3831 -1.29173 1.21152 -2.28392 
1.13599 -1.86257 -1.68405 1.3789 2.00701 1.17358 -1.16748 1.5301 -1.679 -0.92034 -1.3831 -1.29173 1.21152 -2.28392 
1.13508 -1.86351 -1.68471 1.3785 2.00657 1.17467 -1.16616 1.5301 -1.679 -0.92034 -1.3831 -1.29173 1.21152 -2.28392 
1.13618 -1.86184 -1.68365 1.37854 2.00771 1.17373 -1.16785 1.5301 -1.679 -0.92034 -1.3831 -1.29173 1.21152 -2.28392 
1.13658 -1.86273 -1.68413 1.38018 2.00561 1.17136 -1.16661 1.5301 -1.679 -0.92034 -1.3831 -1.29173 1.21152 -2.28392 
1.13584 -1.86413 -1.68531 1.38079 2.00401 1.17157 -1.16489 1.5301 -1.679 -0.92034 -1.3831 -1.29173 1.21152 -2.28392 
1.13615 -1.86298 -1.68427 1.37943 2.00625 1.17334 -1.16723 1.5301 -1.679 -0.92034 -1.3831 -1.29173 1.21152 -2.28392 
1.13675 -1.86242 -1.68367 1.37955 2.00671 1.17273 -1.16773 1.5301 -1.679 -0.92034 -1.3831 -1.29173 1.21152 -2.28392 
1.13585 -1.86315 -1.68457 1.37943 2.00584 1.17344 -1.16715 1.5301 -1.679 -0.92034 -1.3831 -1.29173 1.21152 -2.28392 
1.13623 -1.8626 -1.68373 1.37895 2.00715 1.17419 -1.16855 1.5301 -1.679 -0.92034 -1.3831 -1.29173 1.21152 -2.28392 
1.13562 -1.86356 -1.68485 1.37981 2.00546 1.17346 -1.16664 1.5301 -1.679 -0.92034 -1.3831 -1.29173 1.21152 -2.28392 
1.13619 -1.86291 -1.6846 1.38023 2.00541 1.17203 -1.16649 1.5301 -1.679 -0.92034 -1.3831 -1.29173 1.21152 -2.28392 
1.13652 -1.8634 -1.68491 1.38151 2.00403 1.17006 -1.16513 1.5301 -1.679 -0.92034 -1.3831 -1.29173 1.21152 -2.28392 
1.13599 -1.86384 -1.68501 1.38099 2.00413 1.17114 -1.16516 1.5301 -1.679 -0.92034 -1.3831 -1.29173 1.21152 -2.28392 
1.1358 -1.86316 -1.6843 1.37925 2.00639 1.17343 -1.16668 1.5301 -1.679 -0.92034 -1.3831 -1.29173 1.21152 -2.28392 
1.13548 -1.86353 -1.68445 1.37851 2.00679 1.17511 -1.16725 1.5301 -1.679 -0.92034 -1.3831 -1.29173 1.21152 -2.28392 
1.13629 -1.86256 -1.68385 1.3791 2.0067 1.17355 -1.16838 1.5301 -1.679 -0.92034 -1.3831 -1.29173 1.21152 -2.28392 
1.1366 -1.86251 -1.6842 1.38005 2.00554 1.17173 -1.16801 1.5301 -1.679 -0.92034 -1.3831 -1.29173 1.21152 -2.28392 
1.13677 -1.86298 -1.68496 1.3816 2.00327 1.16901 -1.1659 1.5301 -1.679 -0.92034 -1.3831 -1.29173 1.21152 -2.28392 
1.13709 -1.86239 -1.68451 1.38151 2.00345 1.16874 -1.16749 1.5301 -1.679 -0.92034 -1.3831 -1.29173 1.21152 -2.28392 
1.1365 -1.86276 -1.68471 1.38052 2.00409 1.17052 -1.16776 1.5301 -1.679 -0.92034 -1.3831 -1.29173 1.21152 -2.28392 
1.13739 -1.86176 -1.68405 1.3811 2.00402 1.16898 -1.1687 1.5301 -1.679 -0.92034 -1.3831 -1.29173 1.21152 -2.28392 
1.1364 -1.86209 -1.68425 1.37938 2.00527 1.17211 -1.16969 1.5301 -1.679 -0.92034 -1.3831 -1.29173 1.21152 -2.28392 
1.13587 -1.86321 -1.68494 1.37951 2.00443 1.17261 -1.16839 1.5301 -1.679 -0.92034 -1.3831 -1.29173 1.21152 -2.28392 
1.1367 -1.86154 -1.68431 1.37973 2.00496 1.17126 -1.16992 1.5301 -1.679 -0.92034 -1.3831 -1.29173 1.21152 -2.28392 
1.13632 -1.86264 -1.68502 1.38021 2.00378 1.17116 -1.16867 1.5301 -1.679 -0.92034 -1.3831 -1.29173 1.21152 -2.28392 
1.13771 -1.86118 -1.68432 1.38153 2.00344 1.16777 -1.16885 1.5301 -1.679 -0.92034 -1.3831 -1.29173 1.21152 -2.28392 
1.1384 -1.86066 -1.68344 1.38151 2.00401 1.16721 -1.1701 1.5301 -1.679 -0.92034 -1.3831 -1.29173 1.21152 -2.28392 
1.13691 -1.86264 -1.68497 1.38156 2.0025 1.16865 -1.16726 1.5301 -1.679 -0.92034 -1.3831 -1.29173 1.21152 -2.28392 
1.13673 -1.86222 -1.68457 1.3808 2.00371 1.16971 -1.1681 1.5301 -1.679 -0.92034 -1.3831 -1.29173 1.21152 -2.28392 
1.13643 -1.86282 -1.6847 1.38061 2.00353 1.17038 -1.16801 1.5301 -1.679 -0.92034 -1.3831 -1.29173 1.21152 -2.28392 
1.1364 -1.86229 -1.68437 1.37976 2.00455 1.17157 -1.16884 1.5301 -1.679 -0.92034 -1.3831 -1.29173 1.21152 -2.28392 
1.13531 -1.8632 -1.68494 1.37873 2.00474 1.17397 -1.1687 1.5301 -1.679 -0.92034 -1.3831 -1.29173 1.21152 -2.28392 
1.13566 -1.86359 -1.68548 1.38019 2.00298 1.17196 -1.16733 1.5301 -1.679 -0.92034 -1.3831 -1.29173 1.21152 -2.28392 
1.13627 -1.86206 -1.68405 1.37951 2.00494 1.17174 -1.16935 1.5301 -1.679 -0.92034 -1.3831 -1.29173 1.21152 -2.28392 
1.1373 -1.86105 -1.68351 1.38075 2.00437 1.169 -1.17015 1.5301 -1.679 -0.92034 -1.3831 -1.29173 1.21152 -2.28392 
1.13699 -1.86149 -1.68368 1.38037 2.00433 1.16986 -1.16996 1.5301 -1.679 -0.92034 -1.3831 -1.29173 1.21152 -2.28392 
1.13766 -1.86075 -1.68335 1.38077 2.00461 1.16881 -1.17024 1.5301 -1.679 -0.92034 -1.3831 -1.29173 1.21152 -2.28392 
1.13712 -1.86148 -1.68367 1.38012 2.0046 1.17005 -1.17012 1.5301 -1.679 -0.92034 -1.3831 -1.29173 1.21152 -2.28392 
1.13786 -1.86032 -1.68325 1.38103 2.00477 1.16788 -1.16969 1.5301 -1.679 -0.92034 -1.3831 -1.29173 1.21152 -2.28392 
1.13672 -1.86159 -1.68381 1.37985 2.00501 1.17065 -1.16946 1.5301 -1.679 -0.92034 -1.3831 -1.29173 1.21152 -2.28392 
1.13592 -1.86232 -1.68399 1.37904 2.00548 1.17265 -1.16976 1.5301 -1.679 -0.92034 -1.3831 -1.29173 1.21152 -2.28392 
1.13668 -1.86193 -1.68349 1.37949 2.00611 1.17196 -1.16979 1.5301 -1.679 -0.92034 -1.3831 -1.29173 1.21152 -2.28392 
1.13621 -1.86261 -1.68469 1.38019 2.00453 1.17108 -1.16799 1.5301 -1.679 -0.92034 -1.3831 -1.29173 1.21152 -2.28392 
1.13612 -1.86191 -1.6842 1.37895 2.00627 1.17302 -1.1689 1.5301 -1.679 -0.92034 -1.3831 -1.29173 1.21152 -2.28392 
1.13655 -1.86215 -1.6842 1.38008 2.00584 1.17174 -1.16746 1.5301 -1.679 -0.92034 -1.3831 -1.29173 1.21152 -2.28392 
1.13697 -1.86144 -1.68377 1.38042 2.00606 1.17076 -1.16776 1.5301 -1.679 -0.92034 -1.3831 -1.29173 1.21152 -2.28392 
1.13661 -1.86189 -1.68372 1.37985 2.00656 1.17177 -1.16739 1.5301 -1.679 -0.92034 -1.3831 -1.29173 1.21152 -2.28392 
1.13695 -1.86153 -1.68329 1.37962 2.00735 1.17224 -1.16817 1.5301 -1.679 -0.92034 -1.3831 -1.29173 1.21152 -2.28392 
1.1363 -1.86223 -1.68401 1.37959 2.00669 1.17232 -1.1668 1.5301 -1.679 -0.92034 -1.3831 -1.29173 1.21152 -2.28392 
1.13642 -1.86245 -1.68439 1.38031 2.00557 1.17139 -1.1662 1.5301 -1.679 -0.92034 -1.3831 -1.29173 1.21152 -2.28392 
1.13586 -1.86305 -1.68423 1.37914 2.0066 1.1737 -1.16698 1.5301 -1.679 -0.92034 -1.3831 -1.29173 1.21152 -2.28392 
1.1373 -1.86135 -1.6832 1.37986 2.00729 1.17128 -1.16832 1.5301 -1.679 -0.92034 -1.3831 -1.29173 1.21152 -2.28392 
1.13681 -1.86177 -1.68381 1.37984 2.00652 1.17156 -1.16765 1.5301 -1.679 -0.92034 -1.3831 -1.29173 1.21152 -2.28392 
1.13718 -1.86215 -1.68432 1.38122 2.00505 1.16966 -1.16645 1.5301 -1.679 -0.92034 -1.3831 -1.29173 1.21152 -2.28392 
1.13715 -1.86161 -1.68337 1.37989 2.00717 1.17164 -1.16797 1.5301 -1.679 -0.92034 -1.3831 -1.29173 1.21152 -2.28392 
1.13611 -1.86286 -1.68435 1.37964 2.00631 1.17303 -1.16691 1.5301 -1.679 -0.92034 -1.3831 -1.29173 1.21152 -2.28392 
1.13657 -1.86227 -1.68401 1.37993 2.00632 1.17204 -1.16723 1.5301 -1.679 -0.92034 -1.3831 -1.29173 1.21152 -2.28392 
1.1362 -1.86318 -1.6847 1.38054 2.00516 1.17167 -1.16572 1.5301 -1.679 -0.92034 -1.3831 -1.29173 1.21152 -2.28392 
1.13668 -1.86207 -1.68368 1.37964 2.00709 1.17241 -1.16723 1.5301 -1.679 -0.92034 -1.3831 -1.29173 1.21152 -2.28392 
1.13688 -1.86169 -1.68336 1.37964 2.00745 1.17219 -1.16819 1.5301 -1.679 -0.92034 -1.3831 -1.29173 1.21152 -2.28392 
1.13658 -1.86233 -1.68421 1.38035 2.00601 1.17137 -1.1661 1.5301 -1.679 -0.92034 -1.3831 -1.29173 1.21152 -2.28392 
1.13649 -1.86276 -1.68478 1.38107 2.00433 1.17011 -1.16539 1.5301 -1.679 -0.92034 -1.3831 -1.29173 1.21152 -2.28392 
1.1367 -1.86115 -1.68325 1.37903 2.00769 1.17252 -1.16891 1.5301 -1.679 -0.92034 -1.3831 -1.29173 1.21152 -2.28392 
1.13669 -1.86161 -1.68383 1.38 2.00589 1.17122 -1.16881 1.5301 -1.679 -0.92034 -1.3831 -1.29173 1.21152 -2.28392 
1.13682 -1.86132 -1.68369 1.38025 2.00599 1.17078 -1.16823 1.5301 -1.679 -0.92034 -1.3831 -1.29173 1.21152 -2.28392 
1.13704 -1.86205 -1.68416 1.38125 2.00446 1.16954 -1.16782 1.5301 -1.679 -0.92034 -1.3831 -1.29173 1.21152 -2.28392 
1.13784 -1.86061 -1.68316 1.38087 2.00582 1.16913 -1.1691 1.5301 -1.679 -0.92034 -1.3831 -1.29173 1.21152 -2.28392 
1.13617 -1.86214 -1.68418 1.37954 2.00593 1.17226 -1.16799 1.5301 -1.679 -0.92034 -1.3831 -1.29173 1.21152 -2.28392 
1.13544 -1.86349 -1.68499 1.3795 2.00508 1.17318 -1.1667 1.5301 -1.679 -0.92034 -1.3831 -1.29173 1.21152 -2.28392 
1.13673 -1.86164 -1.68412 1.37999 2.00572 1.17104 -1.16852 1.5301 -1.679 -0.92034 -1.3831 -1.29173 1.21152 -2.28392 
1.1359 -1.86207 -1.68422 1.37879 2.00657 1.17309 -1.16843 1.5301 -1.679 -0.92034 -1.3831 -1.29173 1.21152 -2.28392 
1.13737 -1.86159 -1.68412 1.38111 2.0047 1.16881 -1.16724 1.5301 -1.679 -0.92034 -1.3831 -1.29173 1.21152 -2.28392 
1.13694 -1.86192 -1.68437 1.38064 2.00483 1.1697 -1.16724 1.5301 -1.679 -0.92034 -1.3831 -1.29173 1.21152 -2.28392 
1.13776 -1.86101 -1.68395 1.38147 2.00465 1.16796 -1.16805 1.5301 -1.679 -0.92034 -1.3831 -1.29173 1.21152 -2.28392 
1.13645 -1.86237 -1.68461 1.37989 2.00527 1.1714 -1.16721 1.5301 -1.679 -0.92034 -1.3831 -1.29173 1.21152 -2.28392 
1.13661 -1.86181 -1.68397 1.37966 2.00627 1.17149 -1.1685 1.5301 -1.679 -0.92034 -1.3831 -1.29173 1.21152 -2.28392 
1.13671 -1.86146 -1.68392 1.37963 2.00654 1.17133 -1.16843 1.5301 -1.679 -0.92034 -1.3831 -1.29173 1.21152 -2.28392 
1.13673 -1.86216 -1.68419 1.38047 2.00533 1.17046 -1.16744 1.5301 -1.679 -0.92034 -1.3831 -1.29173 1.21152 -2.28392 
1.13643 -1.86502 -1.6846 1.38267 2.00607 1.17206 -1.15998 1.5301 -1.679 -0.920338 -1.3831 -1.29174 1.21152 -2.28391 
1.13635 -1.86781 -1.6843 1.38457 2.00839 1.17405 -1.15164 1.5301 -1.679 -0.920337 -1.3831 -1.29174 1.21152 -2.28391 
1.13443 -1.87305 -1.68553 1.38581 2.00934 1.17872 -1.1412 1.53011 -1.679 -0.920335 -1.3831 -1.29174 1.21152 -2.28391 
1.13296 -1.87845 -1.68698 1.3883 2.00898 1.18114 -1.12946 1.53011 -1.679 -0.920334 -1.3831 -1.29174 1.21152 -2.28391 
1.13287 -1.88132 -1.68672 1.3908 2.01069 1.18173 -1.11937 1.53011 -1.679 -0.920336 -1.3831 -1.29174 1.21152 -2.28391 
1.13225 -1.88635 -1.68816 1.39517 2.00904 1.18098 -1.1051 1.53011 -1.679 -0.920333 -1.3831 -1.29174 1.21152 -2.28391 
1.13027 -1.89254 -1.69052 1.39883 2.00707 1.1821 -1.08924 1.53011 -1.67901 -0.920331 -1.3831 -1.29174 1.21153 -2.28391 
1.12808 -1.89684 -1.69093 1.39893 2.01023 1.18691 -1.07689 1.53011 -1.679 -0.920333 -1.3831 -1.29174 1.21152 -2.28391 
1.12607 -1.90144 -1.69196 1.40068 2.01128 1.18928 -1.06306 1.53011 -1.679 -0.920333 -1.3831 -1.29174 1.21152 -2.28391 
1.12254 -1.90717 -1.69381 1.40106 2.01298 1.19455 -1.04734 1.53011 -1.67901 -0.92033 -1.3831 -1.29174 1.21153 -2.28391 
1.11876 -1.91382 -1.69642 1.4024 2.01297 1.19846 -1.02891 1.53011 -1.67901 -0.920327 -1.3831 -1.29175 1.21153 -2.28391 
1.11451 -1.91933 -1.69792 1.40131 2.01675 1.20545 -1.01212 1.53011 -1.67901 -0.920327 -1.3831 -1.29175 1.21153 -2.28391 
1.11033 -1.92486 -1.69975 1.40101 2.01912 1.21083 -0.994777 1.53011 -1.67901 -0.920328 -1.3831 -1.29175 1.21153 -2.28391 
1.10685 -1.93036 -1.70138 1.40206 2.02101 1.21347 -0.974963 1.53011 -1.67901 -0.920326 -1.3831 -1.29175 1.21153 -2.28391 
1.10171 -1.936 -1.70314 1.40018 2.02478 1.22036 -0.956276 1.53011 -1.67901 -0.920325 -1.3831 -1.29175 1.21153 -2.28391 
1.09772 -1.94093 -1.70428 1.39954 2.02823 1.22454 -0.937159 1.53011 -1.67901 -0.920326 -1.3831 -1.29175 1.21153 -2.28391 
1.09241 -1.94625 -1.70616 1.39736 2.03216 1.23132 -0.918307 1.53011 -1.67901 -0.920325 -1.3831 -1.29175 1.21153 -2.28391 
1.08651 -1.95236 -1.70883 1.39559 2.03462 1.23719 -0.896515 1.53011 -1.67901 -0.920321 -1.3831 -1.29175 1.21153 -2.28391 
1.08206 -1.9572 -1.71026 1.39461 2.03742 1.24072 -0.877423 1.53011 -1.67901 -0.920326 -1.3831 -1.29175 1.21153 -2.28391 
1.07611 -1.963 -1.71261 1.39265 2.04018 1.24627 -0.856247 1.53011 -1.67901 -0.920322 -1.3831 -1.29175 1.21153 -2.28391 
1.07013 -1.96774 -1.71414 1.39058 2.04082 1.25267 -0.835412 1.53011 -1.67901 -0.920323 -1.3831 -1.29175 1.21153 -2.28391 
1.06616 -1.96842 -1.71057 1.38896 2.0388 1.26029 -0.815173 1.53011 -1.67901 -0.920327 -1.3831 -1.29175 1.21153 -2.28391 
1.06043 -1.96869 -1.70653 1.38484 2.03593 1.27278 -0.795551 1.53011 -1.67901 -0.920325 -1.3831 -1.29175 1.21153 -2.28391 
1.05389 -1.96846 -1.70233 1.37828 2.03664 1.2881 -0.777754 1.53011 -1.67901 -0.920323 -1.3831 -1.29175 1.21153 -2.28391 
1.04803 -1.96884 -1.69832 1.37562 2.0312 1.29893 -0.756796 1.53011 -1.67901 -0.920325 -1.3831 -1.29175 1.21153 -2.28391 
1.04248 -1.96833 -1.69516 1.37117 2.02809 1.30884 -0.740783 1.53011 -1.67901 -0.92033 -1.3831 -1.29174 1.21153 -2.28391 
1.03804 -1.96771 -1.69388 1.36707 2.02602 1.31442 -0.730001 1.53011 -1.679 -0.920335 -1.3831 -1.29174 1.21152 -2.28391 
1.03439 -1.96694 -1.69311 1.3614 2.03036 1.31872 -0.724182 1.53011 -1.679 -0.920336 -1.3831 -1.29174 1.21152 -2.28391 
1.03071 -1.96739 -1.69351 1.35885 2.02824 1.3203 -0.714204 1.53011 -1.679 -0.920336 -1.3831 -1.29174 1.21152 -2.28391 
1.0294 -1.96703 -1.6931 1.3572 2.02872 1.31965 -0.709493 1.5301 -1.679 -0.920339 -1.3831 -1.29173 1.21152 -2.28392 
1.02595 -1.9672 -1.69369 1.35393 2.02789 1.323 -0.705766 1.5301 -1.679 -0.920339 -1.3831 -1.29174 1.21152 -2.28392 
1.02378 -1.9672 -1.69394 1.35194 2.02622 1.32445 -0.703742 1.5301 -1.679 -0.920339 -1.3831 -1.29173 1.21152 -2.28392 
1.02287 -1.96675 -1.69367 1.34939 2.02722 1.32561 -0.706402 1.5301 -1.679 -0.92034 -1.3831 -1.29173 1.21152 -2.28392 
1.0212 -1.96693 -1.69436 1.34682 2.02696 1.3284 -0.709103 1.5301 -1.679 -0.920339 -1.3831 -1.29173 1.21152 -2.28392 
1.02116 -1.96696 -1.69492 1.34699 2.02422 1.32799 -0.714431 1.5301 -1.679 -0.920339 -1.3831 -1.29173 1.21152 -2.28392 
1.02192 -1.96635 -1.69436 1.34737 2.02249 1.32699 -0.721525 1.5301 -1.679 -0.920338 -1.3831 -1.29174 1.21152 -2.28392 
1.02342 -1.96594 -1.69407 1.34887 2.01931 1.32447 -0.729188 1.5301 -1.679 -0.920337 -1.3831 -1.29174 1.21152 -2.28391 
1.02425 -1.96508 -1.69365 1.34798 2.01778 1.32546 -0.740439 1.53011 -1.679 -0.920336 -1.3831 -1.29174 1.21152 -2.28391 
1.02521 -1.965 -1.69415 1.34853 2.01388 1.32611 -0.752611 1.53011 -1.679 -0.920335 -1.3831 -1.29174 1.21152 -2.28391 
1.02857 -1.96404 -1.69345 1.35141 2.00902 1.32276 -0.767177 1.53011 -1.679 -0.920331 -1.3831 -1.29174 1.21152 -2.28391 
1.03075 -1.96364 -1.69375 1.35295 2.00397 1.32217 -0.783493 1.53011 -1.67901 -0.92033 -1.3831 -1.29174 1.21153 -2.28391 
1.03252 -1.96262 -1.69319 1.35254 2.00119 1.32434 -0.802216 1.53011 -1.67901 -0.920329 -1.3831 -1.29175 1.21153 -2.28391 
1.03717 -1.96051 -1.6914 1.35493 1.99752 1.32195 -0.82279 1.53011 -1.67901 -0.920325 -1.3831 -1.29175 1.21153 -2.28391 
1.04148 -1.95862 -1.68975 1.35709 1.99341 1.32041 -0.845206 1.53011 -1.67901 -0.920323 -1.3831 -1.29175 1.21153 -2.28391 
1.04483 -1.95736 -1.68911 1.35834 1.98926 1.32084 -0.867286 1.53011 -1.67901 -0.920324 -1.3831 -1.29175 1.21153 -2.28391 
1.04982 -1.95471 -1.68666 1.35992 1.98626 1.31944 -0.892018 1.53011 -1.67901 -0.92032 -1.3831 -1.29175 1.21153 -2.28391 
1.05382 -1.95297 -1.68538 1.3608 1.98238 1.31957 -0.916263 1.53011 -1.67901 -0.920321 -1.3831 -1.29175 1.21153 -2.28391 
1.05721 -1.95197 -1.68495 1.36198 1.97721 1.31989 -0.940507 1.53011 -1.67901 -0.920321 -1.3831 -1.29175 1.21153 -2.28391 
1.06142 -1.94903 -1.6823 1.36089 1.97622 1.32193 -0.968695 1.53011 -1.67901 -0.920315 -1.3831 -1.29176 1.21154 -2.28391 
1.06595 -1.94822 -1.68185 1.36388 1.96916 1.3195 -0.993217 1.53011 -1.67901 -0.920319 -1.3831 -1.29176 1.21153 -2.28391 
1.06972 -1.94513 -1.67929 1.36169 1.96863 1.32259 -1.02187 1.53012 -1.67901 -0.920315 -1.3831 -1.29176 1.21154 -2.28391 
1.07263 -1.94411 -1.6788 1.36119 1.96434 1.3252 -1.04895 1.53011 -1.67901 -0.920317 -1.3831 -1.29176 1.21154 -2.28391 
1.07587 -1.94262 -1.67782 1.36027 1.96094 1.32771 -1.07626 1.53011 -1.67901 -0.920317 -1.3831 -1.29176 1.21154 -2.28391 
1.07938 -1.93994 -1.6758 1.35784 1.95998 1.3309 -1.10517 1.53012 -1.67901 -0.920314 -1.3831 -1.29176 1.21154 -2.28391 
1.08239 -1.93724 -1.67398 1.35579 1.95836 1.33311 -1.13234 1.53011 -1.67901 -0.920317 -1.3831 -1.29176 1.21154 -2.28391 
1.08521 -1.93504 -1.67225 1.35329 1.95746 1.33618 -1.15871 1.53011 -1.67901 -0.920319 -1.3831 -1.29176 1.21153 -2.28391 
1.08761 -1.93321 -1.67092 1.35103 1.956 1.33876 -1.18217 1.53011 -1.67901 -0.920323 -1.3831 -1.29175 1.21153 -2.28391 
1.08973 -1.93133 -1.66951 1.34797 1.95511 1.34207 -1.20587 1.53011 -1.67901 -0.920323 -1.3831 -1.29175 1.21153 -2.28391 
1.09128 -1.92943 -1.66831 1.3445 1.9545 1.34605 -1.22919 1.53011 -1.67901 -0.920323 -1.3831 -1.29175 1.21153 -2.28391 
1.09241 -1.92766 -1.66706 1.34005 1.95494 1.35129 -1.25182 1.53011 -1.67901 -0.920324 -1.3831 -1.29175 1.21153 -2.28391 
1.09404 -1.92701 -1.66701 1.33896 1.95159 1.35273 -1.27095 1.53011 -1.67901 -0.920329 -1.3831 -1.29175 1.21153 -2.28391 
1.09596 -1.92393 -1.66445 1.33467 1.9538 1.3559 -1.29117 1.53011 -1.67901 -0.920327 -1.3831 -1.29175 1.21153 -2.28391 
1.0979 -1.92131 -1.66232 1.33123 1.9548 1.3585 -1.31092 1.53011 -1.67901 -0.920328 -1.3831 -1.29175 1.21153 -2.28391 
1.09428 -1.91928 -1.6624 1.32297 1.95229 1.36586 -1.34379 1.53012 -1.67902 -0.920307 -1.3831 -1.29177 1.21154 -2.28391 
1.09496 -1.91718 -1.66058 1.31875 1.95425 1.36996 -1.36123 1.53011 -1.67901 -0.92033 -1.3831 -1.29174 1.21153 -2.28391 
1.09595 -1.91601 -1.65958 1.31666 1.95413 1.37153 -1.37375 1.53011 -1.679 -0.920335 -1.3831 -1.29174 1.21152 -2.28391 
1.09527 -1.91357 -1.6576 1.3093 1.95824 1.37945 -1.39262 1.53011 -1.67901 -0.920327 -1.3831 -1.29175 1.21153 -2.28391 
1.09604 -1.91042 -1.65472 1.30369 1.96331 1.38415 -1.40706 1.53011 -1.679 -0.920331 -1.3831 -1.29174 1.21152 -2.28391 
1.09517 -1.91252 -1.65666 1.30352 1.95954 1.38618 -1.41154 1.5301 -1.679 -0.920339 -1.3831 -1.29174 1.21152 -2.28392 
1.09059 -1.91121 -1.65605 1.29073 1.96753 1.40258 -1.42794 1.53011 -1.67901 -0.920321 -1.3831 -1.29175 1.21153 -2.28391 
1.09422 -1.90804 -1.65277 1.2912 1.9688 1.39867 -1.43804 1.53011 -1.679 -0.920335 -1.3831 -1.29174 1.21152 -2.28391 
1.09557 -1.91253 -1.65667 1.2993 1.95628 1.3905 -1.43477 1.53011 -1.679 -0.920331 -1.3831 -1.29174 1.21152 -2.28391 
1.09616 -1.9107 -1.65499 1.29603 1.95837 1.39308 -1.44658 1.53011 -1.679 -0.920336 -1.3831 -1.29174 1.21152 -2.28391 
1.09482 -1.90559 -1.65086 1.28409 1.96854 1.40465 -1.46869 1.53011 -1.67901 -0.920316 -1.3831 -1.29176 1.21154 -2.28391 
1.09024 -1.90922 -1.65486 1.27969 1.96515 1.41309 -1.47283 1.53011 -1.679 -0.920336 -1.3831 -1.29174 1.21152 -2.28391 
1.09025 -1.90916 -1.65527 1.27843 1.9628 1.41352 -1.48206 1.5301 -1.679 -0.920337 -1.3831 -1.29174 1.21152 -2.28391 
1.09061 -1.90935 -1.65559 1.2785 1.9602 1.41268 -1.48754 1.5301 -1.679 -0.920339 -1.3831 -1.29174 1.21152 -2.28392 
1.09064 -1.90562 -1.65242 1.27157 1.96573 1.41774 -1.50309 1.53011 -1.67901 -0.92033 -1.3831 -1.29174 1.21153 -2.28391 
1.08932 -1.91062 -1.65722 1.27544 1.95445 1.41532 -1.50457 1.53011 -1.679 -0.920335 -1.3831 -1.29174 1.21152 -2.28391 
1.08696 -1.91215 -1.65897 1.27212 1.95186 1.41994 -1.51404 1.53011 -1.679 -0.920336 -1.3831 -1.29174 1.21152 -2.28391 
1.08718 -1.909 -1.65649 1.26612 1.95561 1.4241 -1.53011 1.53011 -1.67901 -0.920331 -1.3831 -1.29174 1.21152 -2.28391 
1.08697 -1.90835 -1.65618 1.26349 1.9545 1.4257 -1.5418 1.53011 -1.679 -0.920336 -1.3831 -1.29174 1.21152 -2.28391 
1.08321 -1.91087 -1.65913 1.25895 1.95084 1.43291 -1.55281 1.53011 -1.679 -0.920334 -1.3831 -1.29174 1.21152 -2.28391 
1.08332 -1.90863 -1.65723 1.25443 1.95357 1.43574 -1.56445 1.53011 -1.679 -0.920335 -1.3831 -1.29174 1.21152 -2.28391 
1.07935 -1.91197 -1.66098 1.25113 1.94784 1.44181 -1.57405 1.53011 -1.679 -0.920334 -1.3831 -1.29174 1.21152 -2.28391 
1.08194 -1.91288 -1.66128 1.25582 1.94088 1.43523 -1.58189 1.53011 -1.679 -0.920334 -1.3831 -1.29174 1.21152 -2.28391 
1.08211 -1.9091 -1.65769 1.24914 1.94692 1.43967 -1.59695 1.53011 -1.67901 -0.920331 -1.3831 -1.29174 1.21152 -2.28391 
1.07844 -1.91026 -1.65943 1.24292 1.94631 1.44826 -1.60963 1.53011 -1.679 -0.920333 -1.3831 -1.29174 1.21152 -2.28391 
1.08156 -1.9104 -1.6584 1.24372 1.95084 1.45046 -1.60227 1.5301 -1.679 -0.920338 -1.3831 -1.29174 1.21152 -2.28391 
1.08249 -1.90804 -1.65638 1.24038 1.95339 1.45246 -1.61382 1.53011 -1.679 -0.920336 -1.3831 -1.29174 1.21152 -2.28391 
1.082 -1.90874 -1.65727 1.23915 1.95014 1.45437 -1.62489 1.53011 -1.679 -0.920336 -1.3831 -1.29174 1.21152 -2.28391 
1.08198 -1.91078 -1.65918 1.24103 1.94396 1.45313 -1.63223 1.53011 -1.679 -0.920337 -1.3831 -1.29174 1.21152 -2.28391 
1.0804 -1.9104 -1.65941 1.23654 1.94434 1.45888 -1.64472 1.53011 -1.679 -0.920334 -1.3831 -1.29174 1.21152 -2.28391 
1.07981 -1.90927 -1.65866 1.23276 1.94551 1.46304 -1.65777 1.53011 -1.679 -0.920334 -1.3831 -1.29174 1.21152 -2.28391 
1.08003 -1.9079 -1.65777 1.23032 1.94623 1.46533 -1.66935 1.53011 -1.679 -0.920336 -1.3831 -1.29174 1.21152 -2.28391 
1.07865 -1.90709 -1.65736 1.22577 1.948 1.47139 -1.68176 1.53011 -1.679 -0.920334 -1.3831 -1.29174 1.21152 -2.28391 
1.07818 -1.90778 -1.65793 1.22527 1.94646 1.47336 -1.68814 1.5301 -1.679 -0.920339 -1.3831 -1.29174 1.21152 -2.28392 
1.07792 -1.9075 -1.65777 1.22342 1.94681 1.47642 -1.69649 1.5301 -1.679 -0.920338 -1.3831 -1.29174 1.21152 -2.28391 
1.07705 -1.90598 -1.65684 1.21907 1.95017 1.48199 -1.70579 1.53011 -1.679 -0.920336 -1.3831 -1.29174 1.21152 -2.28391 
1.07703 -1.90546 -1.65614 1.21743 1.95165 1.48518 -1.71293 1.5301 -1.679 -0.920338 -1.3831 -1.29174 1.21152 -2.28391 
1.07658 -1.90623 -1.65676 1.21728 1.9508 1.48767 -1.71746 1.5301 -1.679 -0.920339 -1.3831 -1.29173 1.21152 -2.28392 
1.07571 -1.90474 -1.65566 1.21334 1.95488 1.49334 -1.72448 1.53011 -1.679 -0.920337 -1.3831 -1.29174 1.21152 -2.28391 
1.07531 -1.90401 -1.65502 1.2114 1.95696 1.49683 -1.73013 1.5301 -1.679 -0.920338 -1.3831 -1.29174 1.21152 -2.28392 
1.07381 -1.90428 -1.65544 1.20844 1.95897 1.50292 -1.73439 1.5301 -1.679 -0.920338 -1.3831 -1.29174 1.21152 -2.28391 
1.07499 -1.90316 -1.65409 1.20879 1.96104 1.50372 -1.73789 1.5301 -1.679 -0.920339 -1.3831 -1.29173 1.21152 -2.28392 
1.07626 -1.90173 -1.65272 1.20965 1.96321 1.50434 -1.74116 1.5301 -1.679 -0.920339 -1.3831 -1.29173 1.21152 -2.28392 
1.0768 -1.90261 -1.65319 1.21182 1.96217 1.5046 -1.74078 1.5301 -1.679 -0.92034 -1.3831 -1.29173 1.21152 -2.28392 
1.07609 -1.90311 -1.65351 1.2114 1.96314 1.50776 -1.74086 1.5301 -1.679 -0.92034 -1.3831 -1.29173 1.21152 -2.28392 
1.0775 -1.9026 -1.6525 1.21242 1.96472 1.5084 -1.74227 1.5301 -1.679 -0.92034 -1.3831 -1.29173 1.21152 -2.28392 
1.07925 -1.90261 -1.65187 1.21548 1.96475 1.50634 -1.74147 1.5301 -1.679 -0.92034 -1.3831 -1.29173 1.21152 -2.28392 
1.08095 -1.90111 -1.64997 1.21579 1.96862 1.50757 -1.74239 1.5301 -1.679 -0.920339 -1.3831 -1.29173 1.21152 -2.28392 
1.08193 -1.9017 -1.64986 1.21784 1.96947 1.50834 -1.7401 1.5301 -1.679 -0.92034 -1.3831 -1.29173 1.21152 -2.28392 
1.08229 -1.90106 -1.64868 1.21726 1.97281 1.51122 -1.74088 1.5301 -1.679 -0.920339 -1.3831 -1.29173 1.21152 -2.28392 
1.08392 -1.90199 -1.64829 1.221 1.97236 1.50962 -1.7373 1.5301 -1.679 -0.92034 -1.3831 -1.29173 1.21152 -2.28392 
1.0849 -1.89994 -1.64579 1.21865 1.97876 1.51325 -1.73947 1.5301 -1.679 -0.920338 -1.3831 -1.29174 1.21152 -2.28392 
1.08471 -1.89727 -1.64292 1.21345 1.98759 1.52044 -1.74344 1.53011 -1.679 -0.920334 -1.3831 -1.29174 1.21152 -2.28391 
1.08583 -1.89623 -1.64109 1.21314 1.99118 1.52198 -1.74435 1.5301 -1.679 -0.920339 -1.3831 -1.29173 1.21152 -2.28392 
1.08816 -1.89442 -1.63811 1.2138 1.99559 1.52201 -1.74522 1.5301 -1.679 -0.920339 -1.3831 -1.29174 1.21152 -2.28392 
1.08802 -1.89205 -1.63578 1.20931 2.00241 1.52749 -1.74881 1.53011 -1.679 -0.920336 -1.3831 -1.29174 1.21152 -2.28391 
1.08993 -1.88941 -1.6328 1.20844 2.00761 1.52779 -1.75046 1.5301 -1.679 -0.920338 -1.3831 -1.29174 1.21152 -2.28392 
1.0916 -1.88875 -1.63126 1.20984 2.00948 1.52703 -1.74983 1.5301 -1.679 -0.92034 -1.3831 -1.29173 1.21152 -2.28392 
1.09271 -1.88713 -1.62899 1.20825 2.01404 1.52922 -1.75252 1.5301 -1.679 -0.920338 -1.3831 -1.29174 1.21152 -2.28392 
1.09332 -1.88485 -1.62678 1.20578 2.01874 1.5319 -1.756 1.5301 -1.679 -0.920338 -1.3831 -1.29174 1.21152 -2.28391 
1.09478 -1.88216 -1.624 1.20401 2.02396 1.53304 -1.75881 1.5301 -1.679 -0.920338 -1.3831 -1.29174 1.21152 -2.28391 
1.09468 -1.88074 -1.62203 1.20123 2.02892 1.5368 -1.76047 1.5301 -1.679 -0.920338 -1.3831 -1.29174 1.21152 -2.28392 
1.09425 -1.87941 -1.62071 1.19802 2.03343 1.54104 -1.76232 1.5301 -1.679 -0.920338 -1.3831 -1.29174 1.21152 -2.28392 
1.09467 -1.87776 -1.61892 1.19577 2.03768 1.54413 -1.76487 1.5301 -1.679 -0.920338 -1.3831 -1.29174 1.21152 -2.28392 
1.09418 -1.87527 -1.61678 1.191 2.04388 1.54939 -1.76902 1.53011 -1.679 -0.920336 -1.3831 -1.29174 1.21152 -2.28391 
1.09376 -1.87094 -1.61307 1.1835 2.05384 1.5571 -1.77536 1.53011 -1.679 -0.920331 -1.3831 -1.29174 1.21152 -2.28391 
1.09518 -1.86578 -1.60853 1.17878 2.0636 1.56079 -1.78031 1.53011 -1.679 -0.920333 -1.3831 -1.29174 1.21152 -2.28391 
1.09611 -1.86455 -1.60676 1.17819 2.06632 1.56163 -1.78194 1.5301 -1.679 -0.920339 -1.3831 -1.29173 1.21152 -2.28392 
1.09778 -1.86166 -1.60391 1.17682 2.07144 1.56224 -1.78379 1.5301 -1.679 -0.920338 -1.3831 -1.29174 1.21152 -2.28392 
1.09721 -1.86085 -1.60272 1.17407 2.07508 1.56602 -1.78492 1.5301 -1.679 -0.920339 -1.3831 -1.29174 1.21152 -2.28392 
1.09609 -1.85923 -1.60093 1.16946 2.08089 1.5717 -1.7869 1.53011 -1.679 -0.920337 -1.3831 -1.29174 1.21152 -2.28391 
1.09768 -1.85455 -1.59681 1.16611 2.08886 1.5736 -1.79085 1.53011 -1.679 -0.920335 -1.3831 -1.29174 1.21152 -2.28391 
1.09831 -1.85615 -1.5971 1.16896 2.08643 1.57159 -1.78916 1.5301 -1.679 -0.92034 -1.3831 -1.29173 1.21152 -2.28392 
1.09788 -1.85647 -1.59692 1.16758 2.08817 1.57422 -1.78827 1.5301 -1.679 -0.92034 -1.3831 -1.29173 1.21152 -2.28392 
1.09545 -1.84862 -1.59192 1.15323 2.10505 1.58773 -1.79514 1.53011 -1.67901 -0.920318 -1.3831 -1.29176 1.21153 -2.28391 
1.09793 -1.84592 -1.58947 1.15391 2.10846 1.58519 -1.79563 1.5301 -1.679 -0.920339 -1.3831 -1.29174 1.21152 -2.28392 
1.09776 -1.84561 -1.58902 1.15318 2.10995 1.58646 -1.79507 1.5301 -1.679 -0.92034 -1.3831 -1.29173 1.21152 -2.28392 
1.09684 -1.84403 -1.58813 1.15008 2.11339 1.58936 -1.79658 1.5301 -1.679 -0.920339 -1.3831 -1.29173 1.21152 -2.28392 
1.09856 -1.84657 -1.58952 1.156 2.10786 1.5834 -1.79295 1.5301 -1.679 -0.920338 -1.3831 -1.29174 1.21152 -2.28391 
1.09752 -1.84434 -1.58835 1.15129 2.11253 1.58782 -1.79574 1.5301 -1.679 -0.920339 -1.3831 -1.29173 1.21152 -2.28392 
1.10005 -1.84337 -1.58702 1.15462 2.11159 1.58278 -1.79648 1.5301 -1.679 -0.920339 -1.3831 -1.29173 1.21152 -2.28392 
1.09958 -1.84626 -1.5892 1.1573 2.10758 1.58174 -1.79293 1.5301 -1.679 -0.920339 -1.3831 -1.29173 1.21152 -2.28392 
1.09988 -1.84536 -1.58851 1.15679 2.10898 1.5817 -1.79294 1.5301 -1.679 -0.92034 -1.3831 -1.29173 1.21152 -2.28392 
1.09871 -1.84555 -1.58895 1.15523 2.10973 1.58384 -1.79267 1.5301 -1.679 -0.92034 -1.3831 -1.29173 1.21152 -2.28392 
1.09802 -1.84546 -1.58902 1.15427 2.1106 1.58553 -1.79204 1.5301 -1.679 -0.92034 -1.3831 -1.29173 1.21152 -2.28392 
1.09973 -1.84352 -1.58721 1.15438 2.11226 1.58405 -1.79497 1.5301 -1.679 -0.92034 -1.3831 -1.29173 1.21152 -2.28392 
1.09756 -1.84678 -1.59005 1.15476 2.10867 1.58598 -1.79156 1.5301 -1.679 -0.920339 -1.3831 -1.29173 1.21152 -2.28392 
1.09795 -1.849 -1.59148 1.15828 2.1047 1.58298 -1.7887 1.5301 -1.679 -0.920338 -1.3831 -1.29174 1.21152 -2.28392 
1.0977 -1.8509 -1.59277 1.16013 2.10171 1.5818 -1.78742 1.5301 -1.679 -0.920339 -1.3831 -1.29173 1.21152 -2.28392 
1.09841 -1.85002 -1.59193 1.16009 2.10264 1.58097 -1.78811 1.5301 -1.679 -0.92034 -1.3831 -1.29173 1.21152 -2.28392 
1.09673 -1.84602 -1.58947 1.1519 2.11089 1.58874 -1.79343 1.53011 -1.679 -0.920334 -1.3831 -1.29174 1.21152 -2.28391 
1.09848 -1.8468 -1.58959 1.15602 2.10805 1.58395 -1.79188 1.5301 -1.679 -0.92034 -1.3831 -1.29173 1.21152 -2.28392 
1.09915 -1.84846 -1.59073 1.15899 2.10467 1.58137 -1.79025 1.5301 -1.679 -0.920339 -1.3831 -1.29173 1.21152 -2.28392 
1.09722 -1.84586 -1.58936 1.15266 2.11085 1.58776 -1.79336 1.5301 -1.679 -0.920338 -1.3831 -1.29174 1.21152 -2.28391 
1.09903 -1.84685 -1.58967 1.15735 2.10745 1.58243 -1.79127 1.5301 -1.679 -0.920339 -1.3831 -1.29173 1.21152 -2.28392 
1.0979 -1.84513 -1.5886 1.15274 2.11195 1.58685 -1.79277 1.5301 -1.679 -0.920339 -1.3831 -1.29173 1.21152 -2.28392 
1.09968 -1.84717 -1.5895 1.15851 2.10659 1.58072 -1.79085 1.5301 -1.679 -0.920338 -1.3831 -1.29174 1.21152 -2.28392 
1.09892 -1.84846 -1.59079 1.15865 2.1047 1.58134 -1.79066 1.5301 -1.679 -0.92034 -1.3831 -1.29173 1.21152 -2.28392 
1.09886 -1.84886 -1.59108 1.15899 2.104 1.58142 -1.79035 1.5301 -1.679 -0.92034 -1.3831 -1.29173 1.21152 -2.28392 
1.09768 -1.84725 -1.59025 1.15518 2.10785 1.58529 -1.79184 1.5301 -1.679 -0.920339 -1.3831 -1.29173 1.21152 -2.28392 
1.09709 -1.84539 -1.58906 1.15174 2.11205 1.58868 -1.79304 1.5301 -1.679 -0.920338 -1.3831 -1.29174 1.21152 -2.28392 
1.09639 -1.84793 -1.5909 1.15376 2.10849 1.58786 -1.79052 1.5301 -1.679 -0.92034 -1.3831 -1.29173 1.21152 -2.28392 
