1.05059 -1.81259 -1.64571 1.26847 -1.20327 -1.24769 2.04486 -1.1103 0.609337 0.0656645 -1.37593 -1.96223 -1.13301 -0.473288 
1.03874 -1.80455 -1.6419 1.24287 -1.20559 -1.23909 2.0264 -1.11007 0.610447 0.0654194 -1.37338 -1.9629 -1.13369 -0.471729 
1.03302 -1.79941 -1.64074 1.23005 -1.20881 -1.23041 2.01775 -1.11007 0.610447 0.0654194 -1.37338 -1.9629 -1.13369 -0.471729 
1.02951 -1.79672 -1.64029 1.22167 -1.20714 -1.23383 2.00827 -1.11007 0.610447 0.0654194 -1.37338 -1.9629 -1.13369 -0.471729 
1.02728 -1.79831 -1.6415 1.2176 -1.206 -1.24044 2.00531 -1.11007 0.610447 0.0654194 -1.37338 -1.9629 -1.13369 -0.471729 
1.02802 -1.8 -1.64273 1.22015 -1.2072 -1.24013 2.01094 -1.11007 0.610447 0.0654194 -1.37338 -1.9629 -1.13369 -0.471729 
1.03093 -1.80173 -1.64425 1.22753 -1.20775 -1.23963 2.01964 -1.11007 0.610447 0.0654194 -1.37338 -1.9629 -1.13369 -0.471729 
1.03735 -1.80306 -1.64532 1.24047 -1.20906 -1.23685 2.02737 -1.11007 0.610447 0.0654194 -1.37338 -1.9629 -1.13369 -0.471729 
1.0476 -1.80349 -1.64517 1.26072 -1.2111 -1.22936 2.03705 -1.11007 0.610447 0.0654194 -1.37338 -1.9629 -1.13369 -0.471729 
1.05516 -1.80331 -1.64393 1.27528 -1.21036 -1.22543 2.0432 -1.11007 0.610447 0.0654194 -1.37338 -1.9629 -1.13369 -0.471729 
1.06201 -1.80281 -1.64274 1.28683 -1.21079 -1.21994 2.04821 -1.11007 0.610447 0.0654194 -1.37338 -1.9629 -1.13369 -0.471729 
1.06762 -1.80308 -1.64259 1.29704 -1.21154 -1.21639 2.05381 -1.11007 0.610447 0.0654194 -1.37338 -1.9629 -1.13369 -0.471729 
1.07063 -1.80408 -1.64344 1.30441 -1.2135 -1.21344 2.05869 -1.11007 0.610447 0.0654194 -1.37338 -1.9629 -1.13369 -0.471729 
1.07375 -1.80414 -1.64302 1.31075 -1.2136 -1.21144 2.06187 -1.11007 0.610447 0.0654194 -1.37338 -1.9629 -1.13369 -0.471729 
1.07711 -1.80564 -1.64388 1.31876 -1.21452 -1.21034 2.06701 -1.11007 0.610447 0.0654194 -1.37338 -1.9629 -1.13369 -0.471729 
1.08353 -1.80568 -1.64372 1.32995 -1.21469 -1.20756 2.0715 -1.11007 0.610447 0.0654194 -1.37338 -1.9629 -1.13369 -0.471729 
1.08765 -1.80739 -1.64452 1.33973 -1.21563 -1.20607 2.07855 -1.11007 0.610447 0.0654194 -1.37338 -1.9629 -1.13369 -0.471729 
1.09247 -1.80867 -1.6448 1.35022 -1.21545 -1.20515 2.08553 -1.11007 0.610447 0.0654194 -1.37338 -1.9629 -1.13369 -0.471729 
