1.03597 -1.84777 -1.67652 1.2742 -1.19191 -1.24996 2.01481 -1.86248 1.45198 -1.45216 1.56835 2.81827 0.524654 -2.56623 
1.03897 -1.84209 -1.67286 1.27828 -1.18933 -1.23246 2.04077 -1.85612 1.46597 -1.43763 1.55369 2.79784 0.555402 -2.61602 
1.0362 -1.83933 -1.67317 1.27453 -1.18674 -1.22785 2.05563 -1.85341 1.46879 -1.43309 1.54726 2.78624 0.566861 -2.63928 
1.03238 -1.83918 -1.67509 1.26908 -1.18517 -1.23178 2.05904 -1.85409 1.46114 -1.43612 1.54586 2.78297 0.570545 -2.639 
1.02965 -1.84025 -1.67655 1.26452 -1.18465 -1.23695 2.05762 -1.85522 1.46043 -1.43696 1.54763 2.78128 0.566875 -2.63968 
1.03017 -1.83982 -1.6755 1.26339 -1.18168 -1.23914 2.05901 -1.85604 1.45842 -1.43899 1.54856 2.78286 0.563696 -2.63471 
1.03366 -1.84169 -1.67685 1.2717 -1.18279 -1.23745 2.06695 -1.85417 1.46272 -1.43733 1.54479 2.78248 0.566778 -2.63912 
1.04021 -1.84331 -1.67732 1.28528 -1.18474 -1.23324 2.0738 -1.85322 1.46114 -1.43906 1.54232 2.78257 0.568281 -2.63752 
1.04913 -1.8444 -1.67673 1.30296 -1.18576 -1.22704 2.08241 -1.85117 1.46151 -1.43958 1.5377 2.78461 0.573401 -2.63558 
1.05831 -1.84419 -1.67539 1.32043 -1.1871 -1.21842 2.09074 -1.84971 1.45393 -1.44437 1.53378 2.78797 0.577246 -2.62478 
1.06481 -1.84422 -1.67445 1.33197 -1.18781 -1.21289 2.09606 -1.84831 1.45969 -1.44236 1.53122 2.78874 0.578751 -2.62846 
1.06869 -1.84536 -1.67478 1.34052 -1.18875 -1.21031 2.10107 -1.84633 1.46478 -1.43838 1.52712 2.78348 0.584246 -2.64242 
1.07353 -1.84445 -1.67326 1.34828 -1.1884 -1.20597 2.10354 -1.84691 1.47216 -1.43519 1.52907 2.78134 0.57911 -2.6503 
1.07782 -1.84435 -1.67247 1.35584 -1.18824 -1.20298 2.10673 -1.84673 1.47876 -1.43195 1.52854 2.78079 0.578069 -2.65651 
1.08066 -1.84592 -1.67301 1.36283 -1.18818 -1.2031 2.11142 -1.84586 1.4747 -1.43251 1.52492 2.77654 0.583048 -2.6611 
1.0865 -1.84636 -1.67302 1.37425 -1.19041 -1.19758 2.11711 -1.84393 1.4759 -1.43176 1.51964 2.77683 0.589459 -2.66344 
1.09185 -1.8482 -1.67312 1.38553 -1.19078 -1.1951 2.12539 -1.8418 1.47854 -1.42927 1.51395 2.77232 0.596332 -2.67459 
1.09699 -1.84968 -1.67293 1.39664 -1.18999 -1.19372 2.13287 -1.84023 1.4793 -1.42865 1.50978 2.77154 0.60037 -2.67761 
1.10103 -1.85111 -1.67322 1.40523 -1.18981 -1.1936 2.1366 -1.83988 1.48004 -1.42872 1.50787 2.77229 0.600943 -2.67716 
1.10433 -1.85146 -1.67244 1.41161 -1.18844 -1.19376 2.13874 -1.84137 1.48577 -1.42594 1.50981 2.77321 0.596708 -2.6796 
1.10249 -1.85442 -1.67402 1.41192 -1.18621 -1.20081 2.1414 -1.84201 1.50044 -1.41721 1.51174 2.77023 0.593581 -2.69687 
1.09811 -1.85727 -1.67622 1.40707 -1.18436 -1.20953 2.14231 -1.84353 1.49911 -1.41571 1.51219 2.76876 0.594865 -2.6995 
1.31867 -1.83496 -1.76841 1.91612 -1.4111 -0.920513 2.39011 -1.84321 1.49925 -1.4161 1.51218 2.76906 0.594675 -2.69894 
1.31762 -1.83627 -1.7677 1.91528 -1.4103 -0.922321 2.38951 -1.88604 1.58935 -1.4053 1.6187 2.778 0.412709 -2.70436 
1.3176 -1.83638 -1.76771 1.91528 -1.41031 -0.92239 2.38953 -1.88989 1.60772 -1.3994 1.63207 2.77061 0.390782 -2.72009 
1.31761 -1.83636 -1.76769 1.91528 -1.41033 -0.922432 2.38954 -1.89016 1.60934 -1.39934 1.63728 2.77458 0.381001 -2.71408 
1.31761 -1.83637 -1.76769 1.91528 -1.41033 -0.922428 2.38954 -1.88436 1.58908 -1.40336 1.62484 2.7713 0.401342 -2.7126 
1.31761 -1.83637 -1.76769 1.91528 -1.41033 -0.922431 2.38954 -1.87729 1.54887 -1.41625 1.60911 2.76588 0.425501 -2.70269 
1.31761 -1.83637 -1.76769 1.91528 -1.41033 -0.922429 2.38954 -1.86946 1.51772 -1.42835 1.59799 2.76716 0.438097 -2.68552 
1.31761 -1.83638 -1.76769 1.91528 -1.41033 -0.922427 2.38954 -1.85975 1.50429 -1.43139 1.58865 2.75712 0.446469 -2.69368 
1.31761 -1.83638 -1.76769 1.91528 -1.41033 -0.922427 2.38954 -1.84932 1.48547 -1.43807 1.57698 2.75327 0.458541 -2.69023 
1.3176 -1.83639 -1.7677 1.91528 -1.41032 -0.922418 2.38954 -1.83874 1.46373 -1.4475 1.56438 2.75704 0.470985 -2.6738 
1.3176 -1.83639 -1.7677 1.91528 -1.41032 -0.922415 2.38954 -1.82633 1.43262 -1.4596 1.54613 2.7561 0.49538 -2.65965 
1.3176 -1.8364 -1.76771 1.91528 -1.41031 -0.922413 2.38954 -1.81286 1.41802 -1.46395 1.52856 2.74669 0.518276 -2.6685 
1.3176 -1.8364 -1.76771 1.91528 -1.41031 -0.922412 2.38954 -1.80125 1.38973 -1.4781 1.51758 2.73999 0.526916 -2.65797 
1.3176 -1.8364 -1.76771 1.91528 -1.41031 -0.922411 2.38954 -1.78912 1.37504 -1.48683 1.50456 2.74221 0.538203 -2.6453 
1.3176 -1.8364 -1.76771 1.91528 -1.41031 -0.92241 2.38954 -1.77779 1.35219 -1.49954 1.49443 2.73678 0.545202 -2.63534 
1.3176 -1.8364 -1.76771 1.91528 -1.41031 -0.92241 2.38954 -1.76547 1.32835 -1.5126 1.47877 2.73565 0.563113 -2.62073 
1.3176 -1.8364 -1.76771 1.91528 -1.41031 -0.922408 2.38954 -1.7582 1.32687 -1.5154 1.4692 2.73997 0.573222 -2.61431 
1.3176 -1.8364 -1.76771 1.91528 -1.41031 -0.922408 2.38953 -1.75526 1.32294 -1.51835 1.46661 2.73829 0.575261 -2.61332 
1.3176 -1.8364 -1.76771 1.91528 -1.41031 -0.922408 2.38953 -1.75455 1.32393 -1.51896 1.46636 2.73929 0.573747 -2.61183 
1.3176 -1.8364 -1.76771 1.91528 -1.41031 -0.922408 2.38953 -1.75553 1.33416 -1.51376 1.46753 2.74002 0.570533 -2.61895 
1.3176 -1.8364 -1.76771 1.91528 -1.41031 -0.922407 2.38953 -1.75568 1.3323 -1.51527 1.4658 2.74398 0.573604 -2.61195 
1.3176 -1.8364 -1.76771 1.91528 -1.41031 -0.922407 2.38953 -1.7568 1.33327 -1.5146 1.46504 2.74556 0.575943 -2.61082 
1.3176 -1.8364 -1.76771 1.91528 -1.41031 -0.922407 2.38953 -1.7604 1.33821 -1.51144 1.47167 2.74051 0.565456 -2.62048 
1.3176 -1.8364 -1.76771 1.91528 -1.41031 -0.922407 2.38953 -1.76116 1.33878 -1.51132 1.47317 2.7407 0.56316 -2.62007 
1.13259 -1.84968 -1.68061 1.4728 -1.19971 -1.15744 2.1732 -1.70066 1.27657 -1.52684 1.36844 2.71232 0.751504 -2.66896 
1.10908 -1.85072 -1.6763 1.4213 -1.1865 -1.18242 2.15315 -1.71042 1.26383 -1.53355 1.3953 2.70111 0.716303 -2.66031 
1.10665 -1.85075 -1.67578 1.416 -1.18519 -1.18507 2.1511 -1.71283 1.25645 -1.53926 1.40208 2.70538 0.706338 -2.64043 
1.10636 -1.85083 -1.67576 1.41546 -1.18504 -1.18541 2.15094 -1.71222 1.25428 -1.54125 1.40072 2.70842 0.708166 -2.63295 
1.10631 -1.85077 -1.67569 1.41528 -1.18495 -1.18554 2.15085 -1.71315 1.25101 -1.54392 1.40172 2.71138 0.705927 -2.62315 
1.10623 -1.85088 -1.67576 1.41522 -1.18488 -1.18564 2.15086 -1.71452 1.25293 -1.54386 1.40286 2.71537 0.703274 -2.61764 
1.10616 -1.85097 -1.67581 1.41517 -1.18489 -1.18577 2.15088 -1.71688 1.25489 -1.54279 1.40578 2.71789 0.699321 -2.61463 
1.10617 -1.85093 -1.67577 1.41514 -1.18482 -1.18584 2.15085 -1.71809 1.25364 -1.54195 1.40541 2.71843 0.703245 -2.61462 
1.10624 -1.85093 -1.6758 1.41531 -1.18518 -1.18552 2.15089 -1.7208 1.25424 -1.53962 1.40695 2.71692 0.706729 -2.62032 
1.1063 -1.8512 -1.67603 1.41574 -1.18592 -1.18501 2.15131 -1.72654 1.25583 -1.53685 1.41267 2.71565 0.705089 -2.6252 
1.1064 -1.8514 -1.67622 1.41621 -1.18657 -1.18438 2.15174 -1.73578 1.26534 -1.53 1.42382 2.71337 0.695625 -2.63796 
1.10642 -1.85176 -1.67648 1.41669 -1.18723 -1.18401 2.15254 -1.74086 1.27613 -1.52175 1.42703 2.71095 0.697694 -2.65621 
1.10653 -1.85192 -1.67661 1.41711 -1.18781 -1.18353 2.15302 -1.74211 1.27454 -1.52236 1.42355 2.7168 0.709277 -2.64899 
1.10664 -1.85188 -1.67663 1.41732 -1.18807 -1.18313 2.15306 -1.74679 1.27984 -1.51817 1.42611 2.71767 0.711323 -2.65514 
1.10668 -1.85186 -1.67662 1.41734 -1.18808 -1.18309 2.15305 -1.75107 1.28373 -1.51525 1.42666 2.72228 0.717494 -2.65463 
1.10678 -1.85166 -1.67652 1.41737 -1.188 -1.18288 2.15289 -1.75641 1.28347 -1.51409 1.4313 2.72241 0.717382 -2.65475 
1.10676 -1.8517 -1.67655 1.41736 -1.18798 -1.18291 2.15293 -1.76114 1.28837 -1.51043 1.43464 2.72402 0.718209 -2.65861 
1.10684 -1.85159 -1.6765 1.41744 -1.18804 -1.18271 2.15288 -1.76337 1.29019 -1.50957 1.43226 2.73042 0.726252 -2.65285 
1.10694 -1.8515 -1.67649 1.41754 -1.18811 -1.18243 2.15283 -1.7669 1.2927 -1.50671 1.43412 2.72956 0.728709 -2.65875 
1.10702 -1.85139 -1.67645 1.4176 -1.18807 -1.18224 2.15278 -1.77002 1.29174 -1.50665 1.43587 2.72806 0.730302 -2.66078 
1.10711 -1.85136 -1.67649 1.41779 -1.18835 -1.18186 2.15276 -1.77335 1.29118 -1.50688 1.43819 2.72696 0.729564 -2.66174 
1.10712 -1.85115 -1.67631 1.41764 -1.1881 -1.18204 2.1526 -1.77758 1.29661 -1.50478 1.44396 2.72489 0.721084 -2.6676 
1.10714 -1.85081 -1.67608 1.41729 -1.18736 -1.1823 2.15207 -1.77694 1.29977 -1.50293 1.44251 2.72269 0.721276 -2.67474 
1.10712 -1.85046 -1.67581 1.41684 -1.18673 -1.18275 2.15143 -1.7753 1.29418 -1.50586 1.44084 2.72124 0.721927 -2.67125 
1.10715 -1.84993 -1.67543 1.41638 -1.18609 -1.18309 2.15061 -1.77314 1.29037 -1.50749 1.43768 2.71845 0.725501 -2.67286 
1.10714 -1.84978 -1.67534 1.41614 -1.1857 -1.18325 2.15022 -1.77313 1.29132 -1.50692 1.43805 2.71543 0.723468 -2.67818 
1.10715 -1.84985 -1.6754 1.41625 -1.18575 -1.18313 2.15045 -1.77455 1.29715 -1.5041 1.43954 2.71471 0.720623 -2.68482 
1.10731 -1.84982 -1.67544 1.41669 -1.18611 -1.18249 2.15098 -1.77415 1.29829 -1.50283 1.43788 2.71148 0.723935 -2.6926 
1.10741 -1.84987 -1.67554 1.41708 -1.1865 -1.18194 2.15145 -1.77235 1.29435 -1.50575 1.43387 2.71464 0.730252 -2.68471 
1.10753 -1.84981 -1.67555 1.41734 -1.18672 -1.18148 2.15164 -1.77077 1.29892 -1.50302 1.42906 2.71485 0.738297 -2.69233 
1.10554 -1.853 -1.67703 1.41582 -1.18687 -1.18635 2.15248 -1.7706 1.2944 -1.50749 1.4277 2.71907 0.738778 -2.67904 
1.10537 -1.85328 -1.67718 1.41568 -1.1869 -1.18674 2.1526 -1.76896 1.29152 -1.50853 1.42506 2.71761 0.743246 -2.67991 
1.10236 -1.85588 -1.67965 1.41306 -1.18634 -1.1868 2.16846 -1.76909 1.28998 -1.50913 1.42594 2.71614 0.742111 -2.68021 
1.0907 -1.86309 -1.6859 1.39974 -1.18123 -1.20212 2.18803 -1.76978 1.29277 -1.50815 1.42656 2.71856 0.740892 -2.67892 
1.08064 -1.86906 -1.69224 1.38808 -1.17938 -1.21225 2.20734 -1.76832 1.29053 -1.51003 1.42338 2.72241 0.745401 -2.67115 
1.07287 -1.87282 -1.69694 1.37901 -1.17843 -1.21662 2.22611 -1.76763 1.29134 -1.50934 1.4217 2.72247 0.748436 -2.67305 
1.07028 -1.87319 -1.69807 1.37479 -1.17811 -1.21291 2.2414 -1.76845 1.2949 -1.50696 1.42292 2.72062 0.746524 -2.67969 
1.06636 -1.87452 -1.7002 1.3691 -1.17692 -1.21165 2.25886 -1.76801 1.29655 -1.50552 1.42191 2.71877 0.74835 -2.68547 
1.06206 -1.87636 -1.70258 1.3629 -1.17522 -1.21264 2.27492 -1.76882 1.29049 -1.50946 1.42447 2.71995 0.744145 -2.67478 
1.05608 -1.87983 -1.70621 1.35523 -1.17388 -1.21597 2.29296 -1.76781 1.28833 -1.51003 1.42312 2.71771 0.746752 -2.67708 
1.04995 -1.88295 -1.70953 1.3469 -1.17178 -1.22045 2.30905 -1.76665 1.29048 -1.50942 1.42008 2.72027 0.751161 -2.67638 
1.04477 -1.88633 -1.7131 1.34101 -1.17192 -1.2211 2.3278 -1.76918 1.29616 -1.50739 1.42454 2.72275 0.74303 -2.67563 
1.04091 -1.88746 -1.71439 1.33374 -1.16882 -1.22276 2.34224 -1.77171 1.29999 -1.50509 1.43007 2.72047 0.734074 -2.68108 
1.03761 -1.88895 -1.71539 1.32799 -1.16576 -1.22397 2.3572 -1.77112 1.29795 -1.50519 1.42916 2.7167 0.736512 -2.68613 
1.03818 -1.88908 -1.71354 1.32759 -1.16278 -1.22608 2.35694 -1.7695 1.29675 -1.50622 1.42557 2.719 0.7421 -2.68263 
1.04165 -1.88959 -1.71107 1.33343 -1.16141 -1.22403 2.35786 -1.77023 1.298 -1.50627 1.42672 2.72109 0.740211 -2.67946 
1.04739 -1.88975 -1.70807 1.34312 -1.16133 -1.2184 2.35924 -1.76977 1.2954 -1.50778 1.42613 2.7221 0.740778 -2.67496 
1.05305 -1.89006 -1.70598 1.353 -1.16241 -1.21269 2.36111 -1.77133 1.30236 -1.50272 1.42918 2.71715 0.736377 -2.69026 
1.05799 -1.89135 -1.70413 1.36209 -1.16186 -1.21068 2.36285 -1.77002 1.29926 -1.50365 1.42701 2.7147 0.740243 -2.69259 
1.06324 -1.89476 -1.70091 1.37619 -1.15965 -1.20519 2.37816 -1.76957 1.30014 -1.50337 1.42581 2.71606 0.742043 -2.69186 
1.06241 -1.9035 -1.70185 1.38862 -1.15814 -1.20334 2.40945 -1.76871 1.29749 -1.50563 1.42389 2.7192 0.744699 -2.68426 
1.05997 -1.91312 -1.70453 1.40161 -1.15792 -1.19877 2.44995 -1.76891 1.29892 -1.50389 1.42479 2.71612 0.744094 -2.69149 
1.05664 -1.92242 -1.70673 1.41315 -1.15873 -1.19364 2.48681 -1.76904 1.2958 -1.50547 1.42534 2.71524 0.743249 -2.68923 
1.05287 -1.93226 -1.70964 1.42517 -1.16261 -1.18779 2.51947 -1.76979 1.29442 -1.50585 1.42718 2.71347 0.740725 -2.68987 
1.04953 -1.94182 -1.71235 1.43733 -1.16707 -1.18209 2.54832 -1.76956 1.29313 -1.50593 1.42693 2.71146 0.741634 -2.69244 
1.0438 -1.95126 -1.71485 1.44442 -1.16835 -1.18319 2.57238 -1.76955 1.29223 -1.50682 1.42678 2.71252 0.741723 -2.68917 
1.03764 -1.95991 -1.71733 1.44914 -1.16936 -1.1851 2.59388 -1.76857 1.29113 -1.50929 1.42393 2.7205 0.744958 -2.67498 
1.03281 -1.96699 -1.71837 1.45595 -1.17891 -1.18572 2.61071 -1.76774 1.29183 -1.50925 1.42168 2.72286 0.748092 -2.67273 
1.03073 -1.96699 -1.71183 1.45991 -1.19292 -1.19391 2.6127 -1.76774 1.29243 -1.50898 1.42155 2.72316 0.748149 -2.673 
1.02827 -1.96699 -1.70639 1.46438 -1.21123 -1.20467 2.61074 -1.769 1.29318 -1.50753 1.42493 2.71821 0.743463 -2.68095 
1.02495 -1.96699 -1.70046 1.46596 -1.22674 -1.22192 2.60071 -1.76802 1.29303 -1.50824 1.42279 2.721 0.746342 -2.67682 
1.02229 -1.96699 -1.69463 1.46777 -1.24166 -1.23801 2.58869 -1.7681 1.29465 -1.50735 1.42285 2.72004 0.746126 -2.67997 
1.02455 -1.96699 -1.69438 1.4693 -1.25572 -1.24465 2.54858 -1.76726 1.29572 -1.50654 1.42108 2.71798 0.748114 -2.68515 
1.03079 -1.96562 -1.69409 1.47271 -1.26966 -1.24457 2.49761 -1.76705 1.29949 -1.50504 1.41989 2.71881 0.748501 -2.68793 
1.03972 -1.96373 -1.69252 1.47684 -1.28204 -1.24409 2.439 -1.76697 1.30252 -1.50418 1.41944 2.72019 0.747291 -2.68808 
1.05012 -1.96139 -1.69102 1.48292 -1.29415 -1.2407 2.38486 -1.76571 1.30067 -1.50488 1.41707 2.71852 0.750311 -2.68976 
1.06092 -1.95857 -1.68958 1.48971 -1.30622 -1.23439 2.3372 -1.76419 1.29606 -1.50794 1.41381 2.72155 0.754901 -2.68037 
1.06976 -1.95595 -1.68863 1.49322 -1.31525 -1.23204 2.2905 -1.76273 1.29276 -1.51117 1.40956 2.72892 0.760878 -2.66579 
1.08025 -1.95332 -1.6879 1.50028 -1.32868 -1.22382 2.24601 -1.76377 1.29635 -1.50861 1.41121 2.72735 0.758026 -2.67208 
1.08824 -1.95101 -1.68716 1.50234 -1.33652 -1.22208 2.202 -1.76486 1.29771 -1.50735 1.41283 2.72687 0.754526 -2.67371 
1.09307 -1.95118 -1.68847 1.5039 -1.34496 -1.22179 2.16852 -1.76339 1.29145 -1.51039 1.41093 2.72566 0.756944 -2.66944 
1.09632 -1.95082 -1.68895 1.50275 -1.34985 -1.2238 2.13745 -1.76068 1.28379 -1.51432 1.40673 2.72538 0.762668 -2.66303 
1.10219 -1.9491 -1.68995 1.5059 -1.36152 -1.21632 2.10714 -1.76035 1.28315 -1.51607 1.40595 2.73097 0.761486 -2.65193 
1.10876 -1.94576 -1.68866 1.50543 -1.36846 -1.21183 2.06704 -1.76059 1.28451 -1.51497 1.40675 2.72983 0.75858 -2.65458 
1.11615 -1.94065 -1.6859 1.50338 -1.37382 -1.2072 2.01896 -1.75975 1.28645 -1.51404 1.40525 2.73093 0.75904 -2.65491 
1.12695 -1.93577 -1.68303 1.50174 -1.38555 -1.19923 1.94849 -1.75774 1.28828 -1.5143 1.40222 2.73349 0.761028 -2.65267 
1.12538 -1.93736 -1.68495 1.50079 -1.38792 -1.20107 1.94524 -1.7425 1.30588 -1.50523 1.3673 2.74265 0.807392 -2.67341 
1.12919 -1.93361 -1.68284 1.49449 -1.38863 -1.2033 1.89815 -1.73601 1.30796 -1.50351 1.35396 2.74282 0.823983 -2.68162 
1.13722 -1.9278 -1.67879 1.49238 -1.39206 -1.19843 1.84594 -1.73496 1.31077 -1.50152 1.3524 2.74199 0.823116 -2.68695 
1.14261 -1.92535 -1.67784 1.49008 -1.39837 -1.19642 1.79667 -1.73193 1.30536 -1.50448 1.34853 2.74208 0.827098 -2.68137 
1.14945 -1.9137 -1.66772 1.47567 -1.38281 -1.20383 1.72589 -1.7286 1.30279 -1.50666 1.34447 2.74398 0.82993 -2.6751 
1.15225 -1.90811 -1.66328 1.46442 -1.37635 -1.21225 1.66781 -1.72795 1.3027 -1.50796 1.34446 2.74695 0.827636 -2.66829 
1.15757 -1.89822 -1.6555 1.45277 -1.36765 -1.21692 1.60343 -1.72856 1.31009 -1.5034 1.34694 2.74584 0.821733 -2.67844 
1.15983 -1.89374 -1.65248 1.44444 -1.36587 -1.22176 1.55336 -1.72767 1.31011 -1.50365 1.34721 2.74635 0.819575 -2.67699 
1.15998 -1.89053 -1.6501 1.43345 -1.36151 -1.23167 1.50364 -1.72476 1.30389 -1.50671 1.34346 2.74547 0.824421 -2.67242 
1.15895 -1.88678 -1.64638 1.4202 -1.35119 -1.24595 1.46014 -1.72272 1.30098 -1.5078 1.34115 2.74385 0.826711 -2.67245 
1.16003 -1.88582 -1.6455 1.41736 -1.35079 -1.24991 1.43633 -1.72525 1.30614 -1.50397 1.34511 2.74501 0.81925 -2.67568 
1.16038 -1.88391 -1.64368 1.41342 -1.34587 -1.25611 1.41852 -1.72435 1.30504 -1.50369 1.34174 2.74736 0.823586 -2.67276 
1.15848 -1.88452 -1.64361 1.40902 -1.33951 -1.26674 1.4092 -1.72634 1.3083 -1.50022 1.344 2.74763 0.820458 -2.67692 
1.15891 -1.88469 -1.64345 1.40946 -1.33706 -1.27067 1.40599 -1.72569 1.3111 -1.49881 1.33991 2.75469 0.825924 -2.67032 
1.15918 -1.88331 -1.642 1.40736 -1.33125 -1.27593 1.40071 -1.72916 1.3136 -1.49417 1.34508 2.75079 0.820292 -2.68139 
1.15736 -1.88446 -1.64282 1.40511 -1.32966 -1.28059 1.39965 -1.73598 1.32013 -1.4878 1.34991 2.75444 0.819669 -2.68602 
1.1522 -1.88771 -1.64546 1.39936 -1.32697 -1.2911 1.39867 -1.74688 1.33458 -1.47544 1.357 2.758 0.819259 -2.70177 
1.14996 -1.88919 -1.64643 1.39691 -1.32609 -1.29503 1.39832 -1.75658 1.34326 -1.46808 1.36259 2.7662 0.819518 -2.70144 
1.15347 -1.88643 -1.6442 1.39972 -1.32664 -1.28874 1.39753 -1.76731 1.35976 -1.4568 1.37262 2.77166 0.811835 -2.71229 
1.15141 -1.88444 -1.6476 1.40009 -1.32675 -1.28388 1.42541 -1.77288 1.36252 -1.45157 1.37261 2.77308 0.820908 -2.71919 
1.14335 -1.88522 -1.65524 1.39618 -1.32291 -1.2863 1.47604 -1.77957 1.3678 -1.44514 1.37634 2.77186 0.822356 -2.73075 
1.13482 -1.88671 -1.66335 1.39446 -1.31895 -1.28627 1.54185 -1.78696 1.37101 -1.44199 1.38089 2.7767 0.821425 -2.72752 
1.029 -1.85059 -1.67973 1.28642 -1.21362 -1.25966 2.04335 -1.84934 1.45305 -1.4411 1.53327 2.8181 0.598383 -2.62956 
1.03695 -1.83847 -1.66856 1.29266 -1.20944 -1.22952 2.06394 -1.86589 1.45013 -1.44663 1.57893 2.8071 0.527215 -2.62724 
1.03637 -1.83435 -1.6671 1.29174 -1.20869 -1.21769 2.08024 -1.87343 1.44496 -1.45138 1.60157 2.7957 0.489597 -2.63098 
1.03448 -1.83269 -1.66668 1.28677 -1.20599 -1.22048 2.07776 -1.87742 1.4334 -1.45838 1.61027 2.79467 0.475873 -2.62085 
1.03299 -1.83388 -1.66816 1.28479 -1.20689 -1.2227 2.07757 -1.87933 1.43627 -1.45926 1.61529 2.79657 0.465107 -2.61738 
1.03314 -1.83523 -1.66905 1.28557 -1.20697 -1.2232 2.0822 -1.87905 1.43138 -1.46181 1.6128 2.7982 0.467996 -2.61233 
1.0354 -1.83784 -1.67129 1.29293 -1.20845 -1.22257 2.09247 -1.87656 1.4384 -1.45858 1.60766 2.79587 0.474362 -2.62109 
1.04141 -1.83913 -1.67207 1.30565 -1.21026 -1.21892 2.09882 -1.87472 1.44097 -1.45762 1.60315 2.79523 0.480248 -2.62471 
1.05059 -1.83881 -1.67037 1.32219 -1.20974 -1.21308 2.106 -1.87294 1.44345 -1.45653 1.60001 2.79097 0.483006 -2.6328 
1.05899 -1.83812 -1.66836 1.33675 -1.20923 -1.20699 2.1122 -1.86711 1.44517 -1.45499 1.5844 2.79537 0.506183 -2.63288 
1.06648 -1.83804 -1.66766 1.35147 -1.21194 -1.19831 2.11952 -1.85527 1.46362 -1.44172 1.55625 2.78885 0.550388 -2.66637 
1.07102 -1.83719 -1.6663 1.35886 -1.2115 -1.19493 2.12172 -1.8504 1.46743 -1.43796 1.54371 2.78745 0.569308 -2.67673 
1.0738 -1.83888 -1.66736 1.36591 -1.21327 -1.19328 2.12632 -1.84849 1.47022 -1.43597 1.5388 2.78722 0.575975 -2.68122 
1.07771 -1.83957 -1.66726 1.37364 -1.21342 -1.19135 2.13126 -1.84674 1.47608 -1.43363 1.53425 2.79163 0.581066 -2.68059 
1.08203 -1.84001 -1.6671 1.38194 -1.2141 -1.18845 2.13518 -1.84606 1.47718 -1.43331 1.53109 2.79279 0.583772 -2.68021 
1.08736 -1.84098 -1.66735 1.39293 -1.21519 -1.18507 2.14169 -1.84505 1.47673 -1.43343 1.52729 2.7916 0.587699 -2.68252 
1.09198 -1.84251 -1.66767 1.40313 -1.21579 -1.18309 2.14866 -1.84548 1.47837 -1.43425 1.5276 2.79429 0.583677 -2.67831 
1.09734 -1.84312 -1.6673 1.41386 -1.21568 -1.18046 2.15458 -1.84625 1.48812 -1.43192 1.53017 2.79904 0.575165 -2.67675 
1.101 -1.84399 -1.66709 1.4216 -1.21406 -1.18131 2.15837 -1.84506 1.49004 -1.43076 1.5264 2.7985 0.579372 -2.68003 
1.10427 -1.84482 -1.66683 1.42898 -1.21367 -1.18064 2.16168 -1.84568 1.49439 -1.42692 1.52648 2.79372 0.578879 -2.69121 
1.10332 -1.84673 -1.66715 1.42889 -1.2103 -1.18726 2.16281 -1.84582 1.50347 -1.4206 1.52644 2.79039 0.579584 -2.70458 
1.10031 -1.84851 -1.66863 1.42549 -1.20858 -1.1935 2.16307 -1.84488 1.50817 -1.41395 1.52222 2.78386 0.589416 -2.72258 
1.32064 -1.82295 -1.75927 1.91746 -1.42364 -0.931083 2.39528 -1.8451 1.50733 -1.41512 1.52295 2.78488 0.587818 -2.71966 
1.29996 -1.82759 -1.74302 1.86889 -1.38878 -0.960757 2.36655 -1.91023 1.62123 -1.4228 1.73541 2.69811 0.191686 -2.83076 
1.29993 -1.82765 -1.74297 1.86889 -1.38878 -0.960937 2.36659 -1.92022 1.58737 -1.44366 1.75435 2.7048 0.152723 -2.8096 
1.29993 -1.82767 -1.74298 1.86889 -1.38878 -0.960945 2.3666 -1.91944 1.58704 -1.44101 1.75429 2.68831 0.156759 -2.8288 
1.29992 -1.82767 -1.74298 1.86888 -1.38878 -0.960945 2.3666 -1.91641 1.56348 -1.44955 1.7515 2.68588 0.157819 -2.82651 
1.29992 -1.82768 -1.74298 1.86888 -1.38877 -0.960944 2.3666 -1.91131 1.52862 -1.46241 1.74463 2.68906 0.162838 -2.81558 
1.29992 -1.82768 -1.74298 1.86888 -1.38877 -0.960943 2.3666 -1.90425 1.49542 -1.47444 1.7363 2.68744 0.169927 -2.81046 
1.29992 -1.82768 -1.74298 1.86888 -1.38877 -0.960941 2.3666 -1.89606 1.46762 -1.48486 1.72786 2.68409 0.174846 -2.80822 
1.29992 -1.82768 -1.74298 1.86888 -1.38877 -0.960941 2.3666 -1.88671 1.44681 -1.49117 1.71661 2.67369 0.187812 -2.81672 
1.29992 -1.82768 -1.74298 1.86888 -1.38877 -0.96094 2.3666 -1.87711 1.40556 -1.5082 1.70454 2.68139 0.199998 -2.79752 
1.29992 -1.82768 -1.74298 1.86888 -1.38877 -0.960939 2.3666 -1.86767 1.36879 -1.52537 1.69713 2.6916 0.201155 -2.77466 
1.29992 -1.82768 -1.74299 1.86888 -1.38877 -0.960939 2.3666 -1.85665 1.35954 -1.53086 1.68707 2.69476 0.206439 -2.76854 
1.29992 -1.82768 -1.74299 1.86888 -1.38877 -0.960938 2.3666 -1.84458 1.33164 -1.54468 1.6741 2.69883 0.217555 -2.75592 
1.29992 -1.82768 -1.74299 1.86888 -1.38876 -0.960938 2.3666 -1.83293 1.3007 -1.56131 1.66469 2.69701 0.220678 -2.7477 
1.29992 -1.82768 -1.74299 1.86888 -1.38876 -0.960938 2.3666 -1.82023 1.2602 -1.58335 1.6521 2.71252 0.230674 -2.71605 
1.29992 -1.82768 -1.74299 1.86888 -1.38876 -0.960937 2.3666 -1.809 1.24107 -1.59459 1.63773 2.72487 0.24654 -2.69561 
1.29992 -1.82769 -1.74299 1.86888 -1.38876 -0.960937 2.3666 -1.80235 1.2341 -1.60027 1.63116 2.72347 0.25102 -2.69436 
1.29992 -1.82769 -1.74299 1.86888 -1.38876 -0.960937 2.3666 -1.79774 1.22944 -1.60405 1.62508 2.72689 0.258059 -2.68875 
1.29992 -1.82769 -1.74299 1.86888 -1.38876 -0.960937 2.3666 -1.80001 1.22457 -1.60569 1.63384 2.71959 0.245919 -2.69457 
1.29992 -1.82769 -1.74299 1.86888 -1.38876 -0.960936 2.3666 -1.80044 1.23269 -1.60264 1.63299 2.71775 0.244656 -2.69953 
1.29992 -1.82769 -1.74299 1.86888 -1.38876 -0.960936 2.3666 -1.80153 1.23718 -1.60189 1.63494 2.71473 0.23772 -2.70387 
1.29992 -1.82769 -1.74299 1.86888 -1.38876 -0.960936 2.3666 -1.80328 1.24351 -1.59923 1.63546 2.72059 0.236719 -2.69902 
1.29992 -1.82769 -1.74299 1.86888 -1.38876 -0.960936 2.3666 -1.80325 1.24167 -1.59808 1.63046 2.72235 0.249251 -2.69809 
1.29992 -1.82769 -1.74299 1.86888 -1.38876 -0.960936 2.3666 -1.80325 1.24168 -1.59827 1.62947 2.7303 0.251352 -2.6885 
1.13332 -1.83525 -1.66617 1.4835 -1.21272 -1.1485 2.20036 -1.70877 1.234 -1.56762 1.39757 2.76769 0.706251 -2.73436 
1.11308 -1.83596 -1.66152 1.43963 -1.20051 -1.16836 2.18471 -1.71114 1.2327 -1.56783 1.4042 2.7704 0.703675 -2.72772 
1.111 -1.83601 -1.66102 1.43511 -1.19924 -1.17046 2.18308 -1.7156 1.2356 -1.56776 1.41272 2.77885 0.688195 -2.71289 
1.11074 -1.83605 -1.66096 1.43463 -1.19912 -1.17078 2.18298 -1.71532 1.22367 -1.57468 1.41471 2.77972 0.685034 -2.69746 
1.11069 -1.83598 -1.66088 1.43449 -1.19902 -1.17089 2.18288 -1.71581 1.22259 -1.57497 1.41539 2.77935 0.684271 -2.69685 
1.11063 -1.83608 -1.66093 1.43443 -1.19899 -1.17101 2.18292 -1.7177 1.22647 -1.5727 1.41788 2.77959 0.680156 -2.7002 
1.11056 -1.83617 -1.66099 1.43437 -1.19897 -1.17114 2.18293 -1.71989 1.23051 -1.56991 1.41986 2.78116 0.677844 -2.70197 
1.11055 -1.83614 -1.66094 1.43433 -1.19891 -1.17121 2.1829 -1.72216 1.23432 -1.56648 1.42007 2.78277 0.680909 -2.70535 
1.11062 -1.83619 -1.66103 1.43452 -1.19923 -1.17086 2.18294 -1.72728 1.24149 -1.56077 1.42414 2.78394 0.680147 -2.71221 
1.11067 -1.83648 -1.66127 1.43493 -1.19998 -1.17037 2.18337 -1.73125 1.24572 -1.55811 1.42559 2.78875 0.684235 -2.71064 
1.11077 -1.83665 -1.66147 1.43539 -1.20066 -1.16976 2.18384 -1.73374 1.23608 -1.56222 1.42547 2.78824 0.69262 -2.70413 
1.11079 -1.83702 -1.66172 1.43587 -1.20132 -1.16943 2.18466 -1.7423 1.24591 -1.55532 1.43577 2.78766 0.682954 -2.71428 
1.11088 -1.83722 -1.66189 1.43628 -1.20187 -1.16893 2.18512 -1.74736 1.24544 -1.555 1.44113 2.78903 0.680668 -2.71159 
1.11098 -1.8372 -1.66194 1.43649 -1.20213 -1.16851 2.18517 -1.75086 1.24758 -1.55208 1.44075 2.78852 0.689323 -2.71779 
1.111 -1.83718 -1.66193 1.43651 -1.20213 -1.16846 2.18515 -1.75539 1.25705 -1.54507 1.44223 2.78708 0.693759 -2.73247 
1.11111 -1.83697 -1.66183 1.43655 -1.20207 -1.16824 2.18499 -1.75725 1.26175 -1.54189 1.44021 2.7894 0.701591 -2.73628 
1.1111 -1.83697 -1.66182 1.43654 -1.20208 -1.16831 2.18504 -1.76077 1.26113 -1.54029 1.44132 2.7875 0.706125 -2.74109 
1.11118 -1.83686 -1.66178 1.43661 -1.20215 -1.1681 2.185 -1.76589 1.26669 -1.53623 1.44376 2.78912 0.708613 -2.74579 
1.11128 -1.83675 -1.66176 1.43672 -1.20225 -1.16782 2.18496 -1.77087 1.27177 -1.53301 1.44669 2.79145 0.709918 -2.74809 
1.11136 -1.83661 -1.66169 1.43676 -1.20224 -1.16767 2.18492 -1.77273 1.26923 -1.53349 1.44564 2.78987 0.716465 -2.75024 
1.11145 -1.8366 -1.66175 1.43696 -1.20252 -1.16728 2.18492 -1.77678 1.27491 -1.53016 1.45093 2.78723 0.709197 -2.75891 
1.11147 -1.8364 -1.66157 1.43681 -1.20229 -1.16747 2.18474 -1.77628 1.27276 -1.53205 1.44845 2.78833 0.713241 -2.75532 
1.11149 -1.83604 -1.66132 1.43646 -1.20155 -1.16772 2.1842 -1.77772 1.27287 -1.53273 1.45143 2.78774 0.706343 -2.75386 
1.11148 -1.83566 -1.66102 1.43603 -1.20093 -1.16814 2.18356 -1.77788 1.27014 -1.5346 1.45191 2.78622 0.703407 -2.75216 
1.11152 -1.83518 -1.66069 1.43558 -1.20024 -1.16841 2.18271 -1.77504 1.25997 -1.54065 1.44697 2.78741 0.709563 -2.74051 
1.11151 -1.83495 -1.66053 1.43534 -1.19989 -1.16863 2.18229 -1.77711 1.26249 -1.53971 1.45116 2.78538 0.702138 -2.74423 
1.11152 -1.83503 -1.6606 1.43545 -1.19995 -1.1685 2.18256 -1.77567 1.26313 -1.54007 1.44747 2.78686 0.707416 -2.74362 
1.11167 -1.835 -1.66065 1.43588 -1.20034 -1.16787 2.18311 -1.77415 1.26471 -1.53987 1.44303 2.78941 0.714382 -2.74273 
1.11175 -1.83508 -1.66079 1.43626 -1.20071 -1.1673 2.18355 -1.77547 1.27483 -1.53399 1.44426 2.78712 0.712481 -2.75692 
1.11187 -1.83502 -1.66082 1.43653 -1.20096 -1.16685 2.18378 -1.77432 1.27451 -1.53466 1.44053 2.78919 0.717974 -2.75429 
1.10712 -1.84358 -1.66612 1.43231 -1.20943 -1.17509 2.17407 -1.7763 1.27019 -1.5409 1.44305 2.79489 0.714445 -2.73683 
1.10668 -1.8444 -1.66667 1.43192 -1.21015 -1.17576 2.1732 -1.77449 1.26222 -1.54715 1.4391 2.80217 0.720563 -2.71694 
1.09717 -1.85134 -1.67213 1.42153 -1.20612 -1.18952 2.18859 -1.7746 1.25684 -1.54894 1.44061 2.79883 0.718716 -2.71612 
1.08991 -1.85637 -1.6767 1.41379 -1.20394 -1.19624 2.20806 -1.77514 1.25665 -1.54911 1.44187 2.79893 0.716239 -2.71501 
1.08581 -1.85848 -1.67934 1.4086 -1.20395 -1.19516 2.22571 -1.77705 1.25607 -1.54893 1.44644 2.7962 0.708988 -2.71722 
1.08035 -1.8614 -1.68292 1.40228 -1.2042 -1.19495 2.24507 -1.77879 1.26019 -1.54769 1.44922 2.79923 0.704072 -2.7153 
1.07519 -1.86338 -1.68552 1.39529 -1.20269 -1.19579 2.26276 -1.77797 1.25691 -1.54841 1.44813 2.79578 0.706328 -2.71852 
1.07083 -1.86468 -1.68756 1.38907 -1.20091 -1.19593 2.27931 -1.77785 1.25829 -1.54792 1.44752 2.79658 0.707284 -2.7189 
1.06631 -1.86723 -1.69031 1.38296 -1.19988 -1.1969 2.29655 -1.77543 1.2553 -1.54972 1.44273 2.79751 0.715043 -2.71605 
1.06181 -1.86986 -1.69271 1.37688 -1.19889 -1.19759 2.31423 -1.77555 1.25667 -1.54911 1.4426 2.79768 0.715075 -2.71708 
1.05655 -1.87257 -1.69513 1.36873 -1.19623 -1.20137 2.33053 -1.77666 1.25882 -1.54813 1.44489 2.79813 0.711403 -2.71761 
1.0515 -1.87532 -1.69758 1.36125 -1.19419 -1.20402 2.34711 -1.77706 1.26314 -1.54686 1.44523 2.80174 0.710292 -2.71571 
1.04777 -1.87658 -1.69875 1.35454 -1.19136 -1.20531 2.36175 -1.77687 1.26144 -1.54694 1.44526 2.79847 0.71039 -2.71953 
1.04253 -1.88002 -1.70168 1.34814 -1.18974 -1.20904 2.37774 -1.77683 1.26068 -1.54698 1.44545 2.79681 0.71029 -2.72162 
1.04301 -1.88013 -1.69979 1.34802 -1.18692 -1.21058 2.37782 -1.77668 1.26129 -1.54762 1.4446 2.80072 0.711114 -2.71599 
1.04598 -1.88007 -1.6977 1.35272 -1.18527 -1.20956 2.37803 -1.77686 1.26194 -1.54708 1.44489 2.79996 0.710818 -2.7178 
1.051 -1.88104 -1.69571 1.36224 -1.18561 -1.20532 2.38062 -1.77618 1.26173 -1.54727 1.44345 2.80013 0.712715 -2.71767 
1.05632 -1.88189 -1.6939 1.37193 -1.18635 -1.20067 2.38346 -1.77529 1.26341 -1.54657 1.44141 2.80189 0.715958 -2.71738 
1.06209 -1.88169 -1.69066 1.38097 -1.18535 -1.19683 2.38309 -1.77571 1.26658 -1.545 1.44159 2.80232 0.715958 -2.72007 
1.06713 -1.88589 -1.6886 1.39646 -1.18544 -1.18953 2.40156 -1.77559 1.26667 -1.54553 1.44101 2.80482 0.716694 -2.71631 
1.06747 -1.89446 -1.68972 1.41117 -1.18582 -1.18476 2.43449 -1.77526 1.26283 -1.54706 1.44099 2.80274 0.716975 -2.71564 
1.0665 -1.90257 -1.69093 1.42451 -1.18612 -1.17798 2.47247 -1.77515 1.2594 -1.54849 1.4414 2.80122 0.716537 -2.71469 
1.06083 -1.91326 -1.69513 1.43419 -1.18798 -1.17639 2.50972 -1.77634 1.25792 -1.54888 1.44441 2.79967 0.711709 -2.71449 
1.05679 -1.92264 -1.69709 1.44448 -1.18945 -1.17282 2.543 -1.77767 1.25838 -1.54787 1.44741 2.79663 0.707148 -2.71902 
1.05292 -1.93162 -1.69874 1.455 -1.19184 -1.16967 2.5711 -1.77729 1.25639 -1.54854 1.44697 2.79526 0.708338 -2.71947 
1.0483 -1.94021 -1.69978 1.46278 -1.19226 -1.16967 2.59484 -1.77746 1.26186 -1.54571 1.44632 2.7962 0.709305 -2.72405 
1.04099 -1.94922 -1.7023 1.46558 -1.19153 -1.17532 2.61511 -1.7778 1.26373 -1.54525 1.44684 2.79763 0.708178 -2.72324 
1.0328 -1.95967 -1.70824 1.46906 -1.19824 -1.17944 2.63009 -1.77739 1.26005 -1.54741 1.44623 2.7985 0.708927 -2.71794 
1.03187 -1.96518 -1.70936 1.47586 -1.20613 -1.17652 2.62969 -1.77736 1.2612 -1.54721 1.446 2.79954 0.709176 -2.71731 
1.02999 -1.96699 -1.70539 1.48122 -1.22167 -1.18464 2.62594 -1.77742 1.26009 -1.54648 1.44673 2.79482 0.708607 -2.72419 
1.02842 -1.96699 -1.69959 1.48561 -1.23933 -1.19612 2.61986 -1.77742 1.26088 -1.5463 1.44661 2.79555 0.70879 -2.72368 
1.02438 -1.96699 -1.69386 1.48849 -1.25996 -1.21438 2.6124 -1.778 1.26313 -1.54429 1.44796 2.79103 0.706795 -2.73293 
1.02501 -1.96699 -1.69366 1.48755 -1.27218 -1.22496 2.57363 -1.77594 1.26083 -1.54606 1.44371 2.79131 0.712606 -2.73076 
1.03139 -1.96503 -1.69244 1.48948 -1.28256 -1.22661 2.52103 -1.77465 1.26835 -1.54353 1.43904 2.79706 0.717826 -2.73037 
1.04157 -1.96271 -1.69064 1.49501 -1.29541 -1.22372 2.46141 -1.77373 1.26397 -1.54594 1.43827 2.79559 0.718181 -2.7279 
1.05201 -1.96076 -1.68978 1.50147 -1.3085 -1.22003 2.40696 -1.77228 1.26007 -1.54993 1.43535 2.80065 0.720883 -2.71506 
1.05973 -1.95982 -1.69035 1.50528 -1.31899 -1.21989 2.35884 -1.7729 1.26782 -1.5449 1.43501 2.79791 0.721176 -2.72824 
1.0696 -1.95704 -1.6893 1.50996 -1.32957 -1.21612 2.30922 -1.77489 1.26772 -1.54411 1.43909 2.79541 0.715279 -2.73132 
1.07862 -1.95529 -1.68934 1.51506 -1.34128 -1.21132 2.26512 -1.77214 1.26352 -1.54808 1.43289 2.80376 0.724036 -2.71475 
1.0873 -1.95274 -1.6886 1.51852 -1.3503 -1.20692 2.22367 -1.77149 1.26281 -1.54633 1.43205 2.79764 0.725947 -2.72523 
1.09447 -1.95023 -1.68739 1.52041 -1.35678 -1.2034 2.18833 -1.77132 1.26359 -1.54664 1.43115 2.80131 0.726055 -2.71985 
1.09865 -1.94971 -1.68817 1.52135 -1.36368 -1.20239 2.15885 -1.76881 1.25945 -1.54919 1.42638 2.80316 0.73207 -2.71374 
1.10455 -1.94869 -1.6899 1.52514 -1.37691 -1.19437 2.12997 -1.76891 1.2545 -1.55215 1.42787 2.80328 0.727976 -2.70688 
1.11 -1.94756 -1.69112 1.52582 -1.38757 -1.1904 2.09105 -1.76758 1.25384 -1.55199 1.42568 2.80201 0.729976 -2.70901 
1.11524 -1.94419 -1.68961 1.52218 -1.39093 -1.18974 2.04677 -1.76785 1.25534 -1.55203 1.42619 2.80573 0.727224 -2.70369 
1.1263 -1.93427 -1.682 1.51219 -1.38945 -1.18837 1.96131 -1.76655 1.24818 -1.55531 1.4253 2.80472 0.727028 -2.69774 
1.12447 -1.93487 -1.68281 1.50948 -1.38852 -1.19183 1.95659 -1.75013 1.26691 -1.54788 1.3863 2.81553 0.78062 -2.71284 
1.13019 -1.9285 -1.67818 1.50239 -1.3862 -1.19273 1.905 -1.74338 1.26752 -1.54826 1.3728 2.81719 0.797665 -2.71469 
1.1395 -1.92004 -1.67203 1.49934 -1.38635 -1.1873 1.84961 -1.73915 1.26528 -1.54933 1.36597 2.81691 0.805027 -2.71421 
1.14548 -1.91121 -1.66479 1.488 -1.37726 -1.19371 1.78223 -1.74101 1.27194 -1.54579 1.37013 2.81851 0.795914 -2.71748 
1.15086 -1.90245 -1.6581 1.47763 -1.36887 -1.1991 1.72223 -1.74088 1.27643 -1.54176 1.37212 2.81298 0.790436 -2.73184 
1.15404 -1.90123 -1.65818 1.4736 -1.37535 -1.20082 1.67302 -1.73691 1.26698 -1.54668 1.36729 2.81 0.796453 -2.72709 
1.15665 -1.89888 -1.657 1.46766 -1.37747 -1.20417 1.62557 -1.73455 1.26184 -1.55073 1.3649 2.81247 0.797939 -2.71609 
1.1605 -1.89006 -1.65012 1.45506 -1.36854 -1.21096 1.5619 -1.73321 1.26358 -1.54982 1.36417 2.81254 0.797475 -2.71758 
1.16264 -1.88495 -1.64633 1.44562 -1.36444 -1.21688 1.51183 -1.7343 1.27382 -1.54441 1.36554 2.81655 0.793687 -2.7227 
1.16222 -1.88166 -1.64304 1.43406 -1.35601 -1.22933 1.4685 -1.73794 1.28078 -1.53886 1.374 2.81224 0.77925 -2.73609 
1.16306 -1.87766 -1.63946 1.4275 -1.34785 -1.23654 1.44327 -1.73771 1.28111 -1.53743 1.37317 2.81241 0.779379 -2.73769 
1.16349 -1.87632 -1.63817 1.42434 -1.34396 -1.24243 1.42616 -1.7378 1.27884 -1.53732 1.37257 2.81198 0.780411 -2.73705 
1.16183 -1.87667 -1.63804 1.4199 -1.33763 -1.25309 1.41493 -1.73787 1.27983 -1.53568 1.37067 2.81499 0.7831 -2.73531 
1.16303 -1.87693 -1.63799 1.42203 -1.33713 -1.25446 1.413 -1.73715 1.27529 -1.53763 1.36779 2.81833 0.787717 -2.72634 
1.16145 -1.87997 -1.63993 1.42247 -1.33702 -1.25945 1.4156 -1.73818 1.27628 -1.53474 1.36752 2.81615 0.789994 -2.73354 
1.15869 -1.88289 -1.64206 1.42035 -1.33619 -1.2656 1.41779 -1.744 1.28525 -1.52657 1.36816 2.82074 0.796198 -2.73422 
1.15597 -1.88403 -1.643 1.41692 -1.33409 -1.27099 1.41682 -1.75259 1.29782 -1.51443 1.37141 2.82074 0.801232 -2.73236 
1.15771 -1.882 -1.64118 1.41756 -1.33348 -1.26778 1.41567 -1.7644 1.31479 -1.50007 1.38202 2.82073 0.794766 -2.73714 
1.15733 -1.882 -1.64116 1.41685 -1.33269 -1.26887 1.4154 -1.77424 1.32588 -1.48972 1.39013 2.82073 0.791941 -2.73849 
1.15396 -1.87979 -1.64431 1.41391 -1.32895 -1.26893 1.44046 -1.78169 1.32845 -1.48378 1.39257 2.81982 0.79739 -2.75077 
1.14613 -1.88181 -1.65285 1.41195 -1.3281 -1.2694 1.49307 -1.79103 1.33612 -1.4763 1.39957 2.82073 0.794958 -2.75731 
1.13829 -1.8825 -1.65991 1.40998 -1.32416 -1.26854 1.55331 -1.79821 1.34702 -1.46715 1.40429 2.82073 0.795059 -2.75751 
1.04362 -1.83736 -1.6681 1.32783 -1.22146 -1.20954 2.06596 -1.85952 1.46389 -1.43877 1.57842 2.8203 0.550983 -2.66425 
1.04922 -1.82475 -1.6591 1.33374 -1.21764 -1.1766 2.10126 -1.87417 1.45629 -1.44736 1.62235 2.80997 0.481821 -2.65885 
1.04909 -1.82041 -1.65724 1.33348 -1.21769 -1.16576 2.11072 -1.88065 1.45666 -1.45212 1.64499 2.80973 0.440165 -2.65075 
1.04799 -1.81855 -1.65615 1.3292 -1.21491 -1.16932 2.10376 -1.88591 1.45976 -1.4548 1.66141 2.80961 0.410147 -2.64684 
1.04678 -1.81854 -1.65603 1.32499 -1.21273 -1.17485 2.09746 -1.88629 1.45512 -1.45668 1.66108 2.8057 0.410071 -2.64931 
1.04606 -1.82038 -1.65714 1.32446 -1.21189 -1.17801 2.10052 -1.88677 1.45293 -1.45848 1.66182 2.80735 0.406397 -2.64501 
1.04833 -1.82298 -1.65965 1.33187 -1.21391 -1.17654 2.11129 -1.88574 1.45271 -1.45978 1.65878 2.81059 0.408078 -2.64044 
1.05459 -1.82336 -1.65985 1.34418 -1.2151 -1.17255 2.11686 -1.88417 1.45684 -1.45868 1.655 2.81104 0.412486 -2.64235 
1.06304 -1.82476 -1.66023 1.36258 -1.218 -1.16528 2.12796 -1.88242 1.4609 -1.45707 1.65193 2.80611 0.415111 -2.65138 
1.07114 -1.82475 -1.65979 1.37898 -1.22058 -1.15697 2.13656 -1.88046 1.45871 -1.45672 1.64785 2.79724 0.421352 -2.66319 
1.07663 -1.82539 -1.66008 1.3899 -1.22242 -1.1525 2.14219 -1.87833 1.46417 -1.45263 1.64356 2.78771 0.42812 -2.68063 
1.08087 -1.82574 -1.65998 1.39818 -1.22305 -1.14991 2.14648 -1.87709 1.4694 -1.44916 1.64119 2.78013 0.431168 -2.69484 
1.08448 -1.82554 -1.6595 1.40525 -1.22397 -1.14621 2.14966 -1.87629 1.47523 -1.44752 1.63936 2.7849 0.432239 -2.69183 
1.0883 -1.82519 -1.65907 1.41246 -1.22476 -1.14235 2.1529 -1.87557 1.48055 -1.44476 1.63676 2.78319 0.435887 -2.69806 
1.09192 -1.82505 -1.65853 1.41892 -1.22367 -1.14143 2.15607 -1.87652 1.47501 -1.44912 1.63804 2.79077 0.429623 -2.68301 
1.09695 -1.82533 -1.65866 1.42886 -1.22507 -1.13762 2.16067 -1.87619 1.47741 -1.44752 1.63606 2.78578 0.431052 -2.69131 
1.10314 -1.82605 -1.65869 1.44103 -1.22654 -1.1329 2.16847 -1.87503 1.4826 -1.44398 1.633 2.77804 0.434569 -2.70558 
1.10807 -1.82611 -1.65816 1.45075 -1.22576 -1.13089 2.17383 -1.87335 1.48772 -1.44125 1.6283 2.77569 0.4403 -2.71318 
1.1108 -1.82854 -1.6591 1.45836 -1.22474 -1.13312 2.17944 -1.86075 1.51363 -1.42533 1.59564 2.78403 0.492363 -2.73029 
1.11222 -1.8293 -1.65893 1.46149 -1.22257 -1.13605 2.18036 -1.85542 1.51604 -1.4203 1.57801 2.78544 0.521864 -2.73753 
1.11181 -1.83034 -1.6586 1.4618 -1.21834 -1.14201 2.18086 -1.85493 1.51465 -1.41901 1.57288 2.78763 0.530189 -2.73604 
1.11033 -1.83157 -1.6588 1.45994 -1.21519 -1.1476 2.18129 -1.8537 1.52289 -1.41075 1.56831 2.78157 0.540645 -2.75511 
1.32088 -1.82108 -1.75951 1.91989 -1.42615 -0.926568 2.39764 -1.85398 1.52156 -1.4121 1.56911 2.78255 0.538847 -2.75236 
1.32111 -1.82059 -1.75573 1.9182 -1.4172 -0.931237 2.39262 -1.86173 1.69019 -1.42654 1.79588 2.60904 -0.00143652 -2.90658 
1.32121 -1.82052 -1.75543 1.91812 -1.4165 -0.931601 2.39222 -1.86164 1.6961 -1.42152 1.78974 2.58419 0.0145296 -2.90767 
1.32122 -1.82052 -1.75539 1.91811 -1.41636 -0.931659 2.39215 -1.86232 1.67451 -1.42944 1.78678 2.56975 0.0180385 -2.90767 
1.32122 -1.82052 -1.75539 1.91811 -1.41633 -0.93167 2.39213 -1.86166 1.63422 -1.4484 1.7875 2.57482 0.00451952 -2.89963 
1.32122 -1.82052 -1.75539 1.91811 -1.41632 -0.931663 2.39213 -1.85519 1.6196 -1.45963 1.795 2.58531 -0.0298128 -2.88996 
1.32122 -1.82052 -1.75539 1.91811 -1.41631 -0.931664 2.39213 -1.84996 1.58645 -1.47055 1.78345 2.59444 -0.0173309 -2.88178 
1.32122 -1.82052 -1.75539 1.91811 -1.41632 -0.931664 2.39213 -1.8456 1.53479 -1.4898 1.77214 2.6082 -0.00395614 -2.86883 
1.32122 -1.82052 -1.75539 1.91811 -1.41632 -0.931665 2.39213 -1.83895 1.48225 -1.51303 1.76527 2.62162 -0.00627902 -2.85549 
1.32122 -1.82052 -1.75539 1.91811 -1.41632 -0.931666 2.39213 -1.83143 1.43425 -1.53275 1.75496 2.63198 0.00267365 -2.84519 
1.32122 -1.82052 -1.75539 1.91811 -1.41631 -0.931666 2.39213 -1.82269 1.40351 -1.54735 1.74847 2.65136 0.00114575 -2.82545 
1.32122 -1.82052 -1.75539 1.91811 -1.41632 -0.931666 2.39213 -1.81207 1.37795 -1.55104 1.72151 2.6528 0.0529459 -2.8244 
1.32122 -1.82052 -1.75539 1.91811 -1.41631 -0.931666 2.39213 -1.80058 1.34236 -1.56434 1.70053 2.66741 0.0861253 -2.80693 
1.32122 -1.82052 -1.75539 1.91811 -1.41631 -0.931666 2.39213 -1.78874 1.29524 -1.59463 1.7013 2.67954 0.0586216 -2.78654 
1.32122 -1.82052 -1.75539 1.91811 -1.41631 -0.931666 2.39213 -1.77704 1.25749 -1.61742 1.69512 2.69925 0.0518469 -2.76192 
1.32122 -1.82052 -1.75539 1.91811 -1.41631 -0.931666 2.39213 -1.76758 1.24085 -1.62901 1.68881 2.71273 0.0485821 -2.74604 
1.32122 -1.82052 -1.75539 1.91811 -1.41631 -0.931666 2.39213 -1.76044 1.2245 -1.6405 1.68441 2.70778 0.0463387 -2.74972 
1.32122 -1.82052 -1.75539 1.91811 -1.41631 -0.931666 2.39213 -1.75737 1.21937 -1.64325 1.6785 2.71566 0.0558259 -2.74141 
1.32122 -1.82052 -1.75539 1.91811 -1.41631 -0.931666 2.39213 -1.75544 1.21416 -1.64508 1.6731 2.71892 0.066907 -2.73795 
1.32122 -1.82052 -1.75539 1.91811 -1.41631 -0.931666 2.39213 -1.75716 1.22535 -1.64311 1.68291 2.71562 0.0409454 -2.74171 
1.32122 -1.82052 -1.75539 1.91811 -1.41631 -0.931666 2.39213 -1.7583 1.2317 -1.63762 1.67898 2.70937 0.0515511 -2.74906 
1.32122 -1.82052 -1.75539 1.91811 -1.41631 -0.931666 2.39213 -1.76057 1.24467 -1.63072 1.68093 2.70695 0.0490639 -2.75257 
1.32122 -1.82052 -1.75539 1.91811 -1.41631 -0.931666 2.39213 -1.76097 1.23166 -1.63809 1.68381 2.71134 0.043214 -2.74691 
1.32122 -1.82052 -1.75539 1.91811 -1.41631 -0.931666 2.39213 -1.76132 1.23372 -1.63496 1.67972 2.71229 0.0547056 -2.74628 
1.17437 -1.85739 -1.67126 1.61583 -1.25559 -1.06765 2.39348 -1.62709 1.2642 -1.55584 1.31033 2.77068 0.789441 -2.81748 
