1.18736 -1.64592 -1.55902 1.67029 -1.82531 -0.854344 2.45561 -1.11007 0.610447 0.0654194 -1.37338 -1.9629 -1.13369 -0.471729 
1.17813 -1.63501 -1.5614 1.65963 -1.8454 -0.833932 2.45919 -1.11086 0.606558 0.0662759 -1.38231 -1.96055 -1.13132 -0.477188 
1.1755 -1.63923 -1.55945 1.65716 -1.83915 -0.842209 2.46481 -1.11086 0.606549 0.0662777 -1.38233 -1.96054 -1.13132 -0.4772 
1.17318 -1.6416 -1.55883 1.65452 -1.83301 -0.848841 2.467 -1.11086 0.606549 0.0662777 -1.38233 -1.96054 -1.13132 -0.4772 
1.17275 -1.64182 -1.55853 1.6537 -1.83081 -0.85085 2.46816 -1.11086 0.606549 0.0662777 -1.38233 -1.96054 -1.13132 -0.4772 
1.17317 -1.6411 -1.55827 1.65347 -1.82973 -0.850242 2.46689 -1.11086 0.606549 0.0662777 -1.38233 -1.96054 -1.13132 -0.4772 
1.17359 -1.64035 -1.55875 1.65392 -1.83246 -0.84801 2.46709 -1.11086 0.606549 0.0662777 -1.38233 -1.96054 -1.13132 -0.4772 
1.17394 -1.63987 -1.55872 1.65435 -1.83357 -0.846538 2.46686 -1.11086 0.606549 0.0662777 -1.38233 -1.96054 -1.13132 -0.4772 
1.1736 -1.64083 -1.55947 1.65425 -1.83413 -0.847667 2.467 -1.11086 0.606549 0.0662777 -1.38233 -1.96054 -1.13132 -0.4772 
1.17296 -1.64174 -1.56005 1.65487 -1.83715 -0.848418 2.47077 -1.11086 0.606549 0.0662777 -1.38233 -1.96054 -1.13132 -0.4772 
1.17279 -1.64195 -1.55974 1.65449 -1.83565 -0.849281 2.47054 -1.11086 0.606549 0.0662777 -1.38233 -1.96054 -1.13132 -0.4772 
1.17283 -1.64208 -1.56022 1.6548 -1.83629 -0.849104 2.46992 -1.11086 0.606549 0.0662777 -1.38233 -1.96054 -1.13132 -0.4772 
1.17345 -1.6411 -1.55936 1.65402 -1.83326 -0.848362 2.46662 -1.11086 0.606549 0.0662777 -1.38233 -1.96054 -1.13132 -0.4772 
1.17313 -1.64137 -1.55918 1.65385 -1.83294 -0.849149 2.46754 -1.11086 0.606549 0.0662777 -1.38233 -1.96054 -1.13132 -0.4772 
1.17332 -1.64145 -1.55947 1.6538 -1.83259 -0.848989 2.46582 -1.11086 0.606549 0.0662777 -1.38233 -1.96054 -1.13132 -0.4772 
1.1732 -1.64118 -1.55934 1.65392 -1.83317 -0.848762 2.46697 -1.11086 0.606549 0.0662777 -1.38233 -1.96054 -1.13132 -0.4772 
1.17262 -1.64259 -1.56028 1.65417 -1.83522 -0.850533 2.469 -1.11086 0.606549 0.0662777 -1.38233 -1.96054 -1.13132 -0.4772 
1.17261 -1.64263 -1.56028 1.65406 -1.83496 -0.850909 2.46989 -1.11086 0.606549 0.0662777 -1.38233 -1.96054 -1.13132 -0.4772 
1.1728 -1.6421 -1.56 1.65441 -1.83539 -0.849701 2.46995 -1.11086 0.606549 0.0662777 -1.38233 -1.96054 -1.13132 -0.4772 
1.17311 -1.64149 -1.55988 1.65426 -1.83472 -0.848855 2.4685 -1.11086 0.606549 0.0662777 -1.38233 -1.96054 -1.13132 -0.4772 
1.1729 -1.64176 -1.55977 1.65434 -1.83444 -0.849259 2.46893 -1.11086 0.606549 0.0662777 -1.38233 -1.96054 -1.13132 -0.4772 
1.17323 -1.64096 -1.55979 1.65445 -1.83516 -0.847878 2.46866 -1.11086 0.606549 0.0662777 -1.38233 -1.96054 -1.13132 -0.4772 
1.1732 -1.64112 -1.55935 1.65397 -1.83291 -0.848453 2.46754 -1.11086 0.606549 0.0662777 -1.38233 -1.96054 -1.13132 -0.4772 
1.17267 -1.64242 -1.56067 1.65492 -1.83717 -0.849679 2.47166 -1.11086 0.606549 0.0662777 -1.38233 -1.96054 -1.13132 -0.4772 
1.17315 -1.64165 -1.5607 1.655 -1.83761 -0.848345 2.47117 -1.11086 0.606549 0.0662777 -1.38233 -1.96054 -1.13132 -0.4772 
1.17321 -1.64147 -1.55972 1.654 -1.83261 -0.848908 2.46653 -1.11086 0.606549 0.0662777 -1.38233 -1.96054 -1.13132 -0.4772 
