1.15317 -1.83147 -1.72093 1.48839 -1.29229 -0.888672 2.02662 -1.11046 0.608541 0.0658396 -1.37776 -1.96175 -1.13253 -0.474404 
1.14582 -1.8379 -1.73967 1.5018 -1.32216 -0.85093 2.10661 -1.11086 0.60655 0.0662776 -1.38233 -1.96054 -1.13132 -0.4772 
1.14341 -1.84022 -1.74097 1.49991 -1.32013 -0.854683 2.11655 -1.11086 0.606549 0.0662777 -1.38233 -1.96054 -1.13132 -0.4772 
1.14416 -1.83962 -1.73837 1.49803 -1.31306 -0.86235 2.11051 -1.11086 0.606549 0.0662777 -1.38233 -1.96054 -1.13132 -0.4772 
1.14702 -1.83861 -1.73801 1.49919 -1.31401 -0.860666 2.1059 -1.11086 0.606549 0.0662777 -1.38233 -1.96054 -1.13132 -0.4772 
1.1521 -1.83758 -1.73676 1.50128 -1.31474 -0.858644 2.09962 -1.11086 0.606549 0.0662777 -1.38233 -1.96054 -1.13132 -0.4772 
1.15951 -1.83676 -1.73396 1.50784 -1.31267 -0.857249 2.09584 -1.11086 0.606549 0.0662777 -1.38233 -1.96054 -1.13132 -0.4772 
1.16445 -1.83621 -1.73175 1.51309 -1.31035 -0.857914 2.09161 -1.11086 0.606549 0.0662777 -1.38233 -1.96054 -1.13132 -0.4772 
1.16867 -1.83598 -1.73086 1.51826 -1.31066 -0.856355 2.08978 -1.11086 0.606549 0.0662777 -1.38233 -1.96054 -1.13132 -0.4772 
1.17217 -1.83546 -1.7302 1.52219 -1.31112 -0.854654 2.08826 -1.11086 0.606549 0.0662777 -1.38233 -1.96054 -1.13132 -0.4772 
1.17423 -1.83594 -1.7304 1.52512 -1.31205 -0.85375 2.08838 -1.11086 0.606549 0.0662777 -1.38233 -1.96054 -1.13132 -0.4772 
1.17564 -1.83544 -1.72888 1.52597 -1.30977 -0.855279 2.08616 -1.11086 0.606549 0.0662777 -1.38233 -1.96054 -1.13132 -0.4772 
1.17626 -1.83641 -1.72945 1.5278 -1.3115 -0.854232 2.0873 -1.11086 0.606549 0.0662777 -1.38233 -1.96054 -1.13132 -0.4772 
1.177 -1.83691 -1.72986 1.52934 -1.31315 -0.85266 2.08808 -1.11086 0.606549 0.0662777 -1.38233 -1.96054 -1.13132 -0.4772 
1.17722 -1.83796 -1.73065 1.53055 -1.31451 -0.852529 2.08939 -1.11086 0.606549 0.0662777 -1.38233 -1.96054 -1.13132 -0.4772 
1.17986 -1.83629 -1.72895 1.53202 -1.31252 -0.852536 2.08512 -1.11086 0.606549 0.0662777 -1.38233 -1.96054 -1.13132 -0.4772 
1.18372 -1.83641 -1.72833 1.53574 -1.31259 -0.851766 2.08331 -1.11086 0.606549 0.0662777 -1.38233 -1.96054 -1.13132 -0.4772 
1.18733 -1.8346 -1.72629 1.53883 -1.31058 -0.851201 2.07959 -1.11086 0.606549 0.0662777 -1.38233 -1.96054 -1.13132 -0.4772 
1.18846 -1.8358 -1.7269 1.5413 -1.31138 -0.851117 2.08104 -1.11086 0.606549 0.0662777 -1.38233 -1.96054 -1.13132 -0.4772 
1.1881 -1.83656 -1.72709 1.54176 -1.31149 -0.851685 2.08181 -1.11086 0.606549 0.0662777 -1.38233 -1.96054 -1.13132 -0.4772 
1.18837 -1.83682 -1.72752 1.54187 -1.3115 -0.852127 2.08214 -1.11086 0.606549 0.0662777 -1.38233 -1.96054 -1.13132 -0.4772 
1.18757 -1.83805 -1.72762 1.54233 -1.3119 -0.852616 2.08335 -1.11086 0.606549 0.0662777 -1.38233 -1.96054 -1.13132 -0.4772 
1.18854 -1.83606 -1.72673 1.54229 -1.31132 -0.850792 2.08139 -1.11086 0.606549 0.0662777 -1.38233 -1.96054 -1.13132 -0.4772 
1.18828 -1.83672 -1.72756 1.54232 -1.31224 -0.850712 2.08259 -1.11086 0.606549 0.0662777 -1.38233 -1.96054 -1.13132 -0.4772 
1.18785 -1.83765 -1.72779 1.54211 -1.31244 -0.851508 2.08294 -1.11086 0.606549 0.0662777 -1.38233 -1.96054 -1.13132 -0.4772 
1.18804 -1.83791 -1.72822 1.54262 -1.31338 -0.850525 2.08414 -1.11086 0.606549 0.0662777 -1.38233 -1.96054 -1.13132 -0.4772 
1.18754 -1.83856 -1.72818 1.54198 -1.31266 -0.8521 2.08387 -1.11086 0.606549 0.0662777 -1.38233 -1.96054 -1.13132 -0.4772 
1.18813 -1.83764 -1.7275 1.54206 -1.31158 -0.85183 2.08294 -1.11086 0.606549 0.0662777 -1.38233 -1.96054 -1.13132 -0.4772 
1.18756 -1.83841 -1.72787 1.54191 -1.31231 -0.852112 2.08384 -1.11086 0.606549 0.0662777 -1.38233 -1.96054 -1.13132 -0.4772 
1.18796 -1.83775 -1.72834 1.54241 -1.31345 -0.85025 2.0837 -1.11086 0.606549 0.0662777 -1.38233 -1.96054 -1.13132 -0.4772 
1.18835 -1.83677 -1.72754 1.54177 -1.31241 -0.850375 2.08143 -1.11086 0.606549 0.0662777 -1.38233 -1.96054 -1.13132 -0.4772 
1.1878 -1.83757 -1.72822 1.54185 -1.31335 -0.850689 2.08151 -1.11086 0.606549 0.0662777 -1.38233 -1.96054 -1.13132 -0.4772 
1.18817 -1.83663 -1.72755 1.54133 -1.31231 -0.850644 2.08005 -1.11086 0.606549 0.0662777 -1.38233 -1.96054 -1.13132 -0.4772 
1.18764 -1.83778 -1.72875 1.54214 -1.31448 -0.849589 2.08141 -1.11086 0.606549 0.0662777 -1.38233 -1.96054 -1.13132 -0.4772 
1.18801 -1.83724 -1.72821 1.54197 -1.31373 -0.849788 2.08033 -1.11086 0.606549 0.0662777 -1.38233 -1.96054 -1.13132 -0.4772 
1.18765 -1.83756 -1.72875 1.54181 -1.31421 -0.849828 2.08114 -1.11086 0.606549 0.0662777 -1.38233 -1.96054 -1.13132 -0.4772 
1.18781 -1.83733 -1.72821 1.54151 -1.31312 -0.850888 2.08027 -1.11086 0.606549 0.0662777 -1.38233 -1.96054 -1.13132 -0.4772 
1.18792 -1.8375 -1.72872 1.54227 -1.31485 -0.848793 2.08144 -1.11086 0.606549 0.0662777 -1.38233 -1.96054 -1.13132 -0.4772 
1.18795 -1.83734 -1.72879 1.54238 -1.31522 -0.848368 2.08161 -1.11086 0.606549 0.0662777 -1.38233 -1.96054 -1.13132 -0.4772 
1.18836 -1.83659 -1.72818 1.5423 -1.31422 -0.848282 2.08093 -1.11086 0.606549 0.0662777 -1.38233 -1.96054 -1.13132 -0.4772 
1.18795 -1.8373 -1.72862 1.54216 -1.31459 -0.848514 2.08161 -1.11086 0.606549 0.0662777 -1.38233 -1.96054 -1.13132 -0.4772 
1.18873 -1.83564 -1.72726 1.54161 -1.31215 -0.849462 2.07933 -1.11086 0.606549 0.0662777 -1.38233 -1.96054 -1.13132 -0.4772 
1.18903 -1.83552 -1.7269 1.54161 -1.31142 -0.849683 2.07956 -1.11086 0.606549 0.0662777 -1.38233 -1.96054 -1.13132 -0.4772 
1.18832 -1.83651 -1.72732 1.54168 -1.31147 -0.850727 2.08103 -1.11086 0.606549 0.0662777 -1.38233 -1.96054 -1.13132 -0.4772 
1.18819 -1.8368 -1.72735 1.54157 -1.31104 -0.851615 2.08143 -1.11086 0.606549 0.0662777 -1.38233 -1.96054 -1.13132 -0.4772 
1.18727 -1.83828 -1.72789 1.54129 -1.31087 -0.85359 2.08265 -1.11086 0.606549 0.0662777 -1.38233 -1.96054 -1.13132 -0.4772 
1.18715 -1.83842 -1.72792 1.54117 -1.31094 -0.853749 2.08308 -1.11086 0.606549 0.0662777 -1.38233 -1.96054 -1.13132 -0.4772 
1.18769 -1.83789 -1.72812 1.54202 -1.31221 -0.851527 2.0835 -1.11086 0.606549 0.0662777 -1.38233 -1.96054 -1.13132 -0.4772 
1.18766 -1.83803 -1.72862 1.54239 -1.31341 -0.850443 2.08392 -1.11086 0.606549 0.0662777 -1.38233 -1.96054 -1.13132 -0.4772 
1.18766 -1.83788 -1.72863 1.54244 -1.31346 -0.850258 2.0842 -1.11086 0.606549 0.0662777 -1.38233 -1.96054 -1.13132 -0.4772 
1.18828 -1.83673 -1.72765 1.54224 -1.31228 -0.849968 2.0825 -1.11086 0.606549 0.0662777 -1.38233 -1.96054 -1.13132 -0.4772 
1.188 -1.83736 -1.7284 1.54254 -1.31372 -0.849209 2.08372 -1.11086 0.606549 0.0662777 -1.38233 -1.96054 -1.13132 -0.4772 
1.18804 -1.83749 -1.72841 1.54228 -1.31383 -0.849627 2.08322 -1.11086 0.606549 0.0662777 -1.38233 -1.96054 -1.13132 -0.4772 
1.18808 -1.83668 -1.72762 1.54188 -1.31215 -0.850195 2.08211 -1.11086 0.606549 0.0662777 -1.38233 -1.96054 -1.13132 -0.4772 
1.18788 -1.83695 -1.72775 1.54181 -1.31195 -0.850425 2.08242 -1.11086 0.606549 0.0662777 -1.38233 -1.96054 -1.13132 -0.4772 
1.18717 -1.83814 -1.72873 1.54193 -1.31315 -0.850994 2.08407 -1.11086 0.606549 0.0662777 -1.38233 -1.96054 -1.13132 -0.4772 
1.18779 -1.83662 -1.72756 1.5414 -1.31147 -0.851528 2.08132 -1.11086 0.606549 0.0662777 -1.38233 -1.96054 -1.13132 -0.4772 
1.18791 -1.83682 -1.72826 1.54213 -1.31342 -0.849847 2.08217 -1.11086 0.606549 0.0662777 -1.38233 -1.96054 -1.13132 -0.4772 
1.18818 -1.83673 -1.72833 1.54254 -1.31425 -0.848701 2.08271 -1.11086 0.606549 0.0662777 -1.38233 -1.96054 -1.13132 -0.4772 
1.18808 -1.83687 -1.72832 1.54245 -1.31385 -0.848946 2.08276 -1.11086 0.606549 0.0662777 -1.38233 -1.96054 -1.13132 -0.4772 
1.18788 -1.84132 -1.72913 1.54571 -1.31427 -0.8505 2.09214 -1.11086 0.606549 0.0662777 -1.38233 -1.96054 -1.13132 -0.4772 
1.18715 -1.85045 -1.73106 1.55254 -1.3147 -0.85321 2.11428 -1.11086 0.606549 0.0662777 -1.38233 -1.96054 -1.13132 -0.4772 
1.18543 -1.86071 -1.73316 1.55913 -1.31447 -0.857248 2.14043 -1.11086 0.606549 0.0662777 -1.38233 -1.96054 -1.13132 -0.4772 
1.18321 -1.8726 -1.73639 1.56716 -1.31657 -0.859365 2.17234 -1.11086 0.606549 0.0662777 -1.38233 -1.96054 -1.13132 -0.4772 
1.17816 -1.88678 -1.7402 1.57288 -1.3157 -0.867118 2.20822 -1.11086 0.606549 0.0662777 -1.38233 -1.96054 -1.13132 -0.4772 
1.17144 -1.90188 -1.74425 1.57754 -1.31327 -0.876807 2.24781 -1.11086 0.606549 0.0662777 -1.38233 -1.96054 -1.13132 -0.4772 
1.16594 -1.91397 -1.74674 1.58144 -1.3096 -0.884197 2.28449 -1.11086 0.606549 0.0662777 -1.38233 -1.96054 -1.13132 -0.4772 
1.15849 -1.92733 -1.74857 1.58373 -1.30201 -0.895282 2.32629 -1.11086 0.606549 0.0662777 -1.38233 -1.96054 -1.13132 -0.4772 
1.15053 -1.93997 -1.7503 1.58488 -1.29411 -0.906121 2.36643 -1.11086 0.606549 0.0662777 -1.38233 -1.96054 -1.13132 -0.4772 
1.14147 -1.953 -1.75193 1.58476 -1.28514 -0.917796 2.40951 -1.11086 0.606549 0.0662777 -1.38233 -1.96054 -1.13132 -0.4772 
1.13185 -1.96616 -1.75527 1.58475 -1.27991 -0.9279 2.44977 -1.11086 0.606549 0.0662777 -1.38233 -1.96054 -1.13132 -0.4772 
1.12453 -1.96699 -1.74461 1.58275 -1.28437 -0.951964 2.49144 -1.11086 0.606549 0.0662777 -1.38233 -1.96054 -1.13132 -0.4772 
1.11749 -1.96699 -1.73317 1.58193 -1.29232 -0.973959 2.53598 -1.11086 0.606549 0.0662777 -1.38233 -1.96054 -1.13132 -0.4772 
1.11181 -1.96699 -1.72784 1.57781 -1.29122 -0.983965 2.56092 -1.11086 0.606549 0.0662777 -1.38233 -1.96054 -1.13132 -0.4772 
1.10653 -1.96699 -1.72605 1.5735 -1.29172 -0.988493 2.57734 -1.11086 0.606549 0.0662777 -1.38233 -1.96054 -1.13132 -0.4772 
1.10064 -1.96699 -1.72431 1.56851 -1.2947 -0.998074 2.5873 -1.11086 0.606549 0.0662777 -1.38233 -1.96054 -1.13132 -0.4772 
1.09687 -1.96699 -1.72353 1.56414 -1.29498 -1.00385 2.58871 -1.11086 0.606549 0.0662777 -1.38233 -1.96054 -1.13132 -0.4772 
1.09835 -1.96595 -1.72332 1.56483 -1.29864 -0.999257 2.58191 -1.11086 0.606549 0.0662777 -1.38233 -1.96054 -1.13132 -0.4772 
1.0979 -1.96634 -1.72412 1.56279 -1.30142 -1.0026 2.56848 -1.11086 0.606549 0.0662777 -1.38233 -1.96054 -1.13132 -0.4772 
1.10152 -1.96452 -1.72427 1.56474 -1.309 -0.998686 2.54749 -1.11086 0.606549 0.0662777 -1.38233 -1.96054 -1.13132 -0.4772 
1.10594 -1.96232 -1.72444 1.56603 -1.31659 -0.997223 2.51542 -1.11086 0.606549 0.0662777 -1.38233 -1.96054 -1.13132 -0.4772 
1.11067 -1.96142 -1.72608 1.56846 -1.32697 -0.996086 2.47995 -1.11086 0.606549 0.0662777 -1.38233 -1.96054 -1.13132 -0.4772 
1.11835 -1.95763 -1.72534 1.5709 -1.33528 -0.993149 2.43714 -1.11086 0.606549 0.0662777 -1.38233 -1.96054 -1.13132 -0.4772 
1.12521 -1.95416 -1.72471 1.57139 -1.34168 -0.994154 2.38903 -1.11086 0.606549 0.0662777 -1.38233 -1.96054 -1.13132 -0.4772 
1.13566 -1.94582 -1.72116 1.56753 -1.34237 -0.999149 2.31707 -1.11086 0.606549 0.0662777 -1.38233 -1.96054 -1.13132 -0.4772 
1.13476 -1.94575 -1.72092 1.56539 -1.3403 -1.00236 2.31227 -1.11086 0.606549 0.0662777 -1.38233 -1.96054 -1.13132 -0.4772 
1.14292 -1.94088 -1.71855 1.56446 -1.34429 -1.00357 2.25997 -1.11086 0.606549 0.0662777 -1.38233 -1.96054 -1.13132 -0.4772 
1.14843 -1.93758 -1.71664 1.56037 -1.34469 -1.01193 2.20464 -1.11086 0.606549 0.0662777 -1.38233 -1.96054 -1.13132 -0.4772 
1.15474 -1.93434 -1.71529 1.55754 -1.34819 -1.01639 2.15147 -1.11086 0.606549 0.0662777 -1.38233 -1.96054 -1.13132 -0.4772 
1.16103 -1.92957 -1.71161 1.55316 -1.34679 -1.02158 2.10065 -1.11086 0.606549 0.0662777 -1.38233 -1.96054 -1.13132 -0.4772 
1.16702 -1.92378 -1.70755 1.54761 -1.34436 -1.02708 2.04825 -1.11086 0.606549 0.0662777 -1.38233 -1.96054 -1.13132 -0.4772 
1.17087 -1.91933 -1.70371 1.54086 -1.3396 -1.03505 2.00467 -1.11086 0.606549 0.0662777 -1.38233 -1.96054 -1.13132 -0.4772 
1.17119 -1.91388 -1.69975 1.52983 -1.33533 -1.04579 1.94671 -1.11086 0.606549 0.0662777 -1.38233 -1.96054 -1.13132 -0.4772 
1.17463 -1.90907 -1.69536 1.52364 -1.33008 -1.05161 1.91069 -1.11086 0.606549 0.0662777 -1.38233 -1.96054 -1.13132 -0.4772 
1.17667 -1.90541 -1.69156 1.51687 -1.32401 -1.05988 1.87831 -1.11086 0.606549 0.0662777 -1.38233 -1.96054 -1.13132 -0.4772 
1.17409 -1.90895 -1.69294 1.51116 -1.32193 -1.07261 1.86109 -1.11086 0.606549 0.0662777 -1.38233 -1.96054 -1.13132 -0.4772 
1.17559 -1.90953 -1.69339 1.51117 -1.32606 -1.07223 1.84844 -1.11086 0.606549 0.0662777 -1.38233 -1.96054 -1.13132 -0.4772 
1.17706 -1.90476 -1.68847 1.50329 -1.31687 -1.08098 1.82002 -1.11086 0.606549 0.0662777 -1.38233 -1.96054 -1.13132 -0.4772 
1.17954 -1.90292 -1.6877 1.50238 -1.32034 -1.07886 1.80289 -1.11086 0.606549 0.0662777 -1.38233 -1.96054 -1.13132 -0.4772 
1.17731 -1.90191 -1.68596 1.49301 -1.31249 -1.09209 1.7802 -1.11086 0.606549 0.0662777 -1.38233 -1.96054 -1.13132 -0.4772 
1.17686 -1.90194 -1.68574 1.48883 -1.313 -1.09668 1.76232 -1.11086 0.606549 0.0662777 -1.38233 -1.96054 -1.13132 -0.4772 
1.17396 -1.90437 -1.68716 1.48248 -1.31349 -1.10629 1.74265 -1.11086 0.606549 0.0662777 -1.38233 -1.96054 -1.13132 -0.4772 
1.17464 -1.90213 -1.68491 1.47759 -1.31202 -1.1105 1.71809 -1.11086 0.606549 0.0662777 -1.38233 -1.96054 -1.13132 -0.4772 
1.17125 -1.90419 -1.68533 1.46921 -1.30934 -1.12369 1.69433 -1.11086 0.606549 0.0662777 -1.38233 -1.96054 -1.13132 -0.4772 
1.17111 -1.90335 -1.68398 1.46396 -1.30843 -1.13016 1.66819 -1.11086 0.606549 0.0662777 -1.38233 -1.96054 -1.13132 -0.4772 
1.175 -1.90502 -1.68474 1.46745 -1.31096 -1.12876 1.66911 -1.11086 0.606549 0.0662777 -1.38233 -1.96054 -1.13132 -0.4772 
1.175 -1.90601 -1.68549 1.46481 -1.3139 -1.13354 1.64755 -1.11086 0.606549 0.0662777 -1.38233 -1.96054 -1.13132 -0.4772 
1.17495 -1.90418 -1.68381 1.45942 -1.31128 -1.1403 1.62234 -1.11086 0.606549 0.0662777 -1.38233 -1.96054 -1.13132 -0.4772 
1.17511 -1.90263 -1.68223 1.45522 -1.30893 -1.1465 1.59989 -1.11086 0.606549 0.0662777 -1.38233 -1.96054 -1.13132 -0.4772 
1.17441 -1.90314 -1.68219 1.45258 -1.30823 -1.15264 1.5829 -1.11086 0.606549 0.0662777 -1.38233 -1.96054 -1.13132 -0.4772 
1.17416 -1.90116 -1.67996 1.44752 -1.3023 -1.1614 1.56311 -1.11086 0.606549 0.0662777 -1.38233 -1.96054 -1.13132 -0.4772 
1.17312 -1.90079 -1.67896 1.44368 -1.29701 -1.17045 1.54938 -1.11086 0.606549 0.0662777 -1.38233 -1.96054 -1.13132 -0.4772 
1.17323 -1.90035 -1.67819 1.44255 -1.29413 -1.17545 1.54016 -1.11086 0.606549 0.0662777 -1.38233 -1.96054 -1.13132 -0.4772 
1.17314 -1.89956 -1.67706 1.44086 -1.28911 -1.18185 1.5328 -1.11086 0.606549 0.0662777 -1.38233 -1.96054 -1.13132 -0.4772 
1.17434 -1.89828 -1.67595 1.44171 -1.28589 -1.18482 1.5273 -1.11086 0.606549 0.0662777 -1.38233 -1.96054 -1.13132 -0.4772 
1.17478 -1.89725 -1.6746 1.44058 -1.28028 -1.19074 1.52244 -1.11086 0.606549 0.0662777 -1.38233 -1.96054 -1.13132 -0.4772 
1.17591 -1.8958 -1.67287 1.44084 -1.27546 -1.19426 1.51903 -1.11086 0.606549 0.0662777 -1.38233 -1.96054 -1.13132 -0.4772 
1.17879 -1.89522 -1.67151 1.4451 -1.27404 -1.19291 1.52014 -1.11086 0.606549 0.0662777 -1.38233 -1.96054 -1.13132 -0.4772 
1.18103 -1.89177 -1.66687 1.44334 -1.26364 -1.1988 1.51435 -1.11086 0.606549 0.0662777 -1.38233 -1.96054 -1.13132 -0.4772 
1.18196 -1.88677 -1.66064 1.43698 -1.24778 -1.21055 1.50263 -1.11086 0.606549 0.0662777 -1.38233 -1.96054 -1.13132 -0.4772 
1.18585 -1.88224 -1.65582 1.43759 -1.24124 -1.21013 1.49686 -1.11086 0.606549 0.0662777 -1.38233 -1.96054 -1.13132 -0.4772 
1.19002 -1.87354 -1.64775 1.43364 -1.22733 -1.21353 1.48394 -1.11086 0.606549 0.0662777 -1.38233 -1.96054 -1.13132 -0.4772 
1.19273 -1.86704 -1.64131 1.42952 -1.21533 -1.21852 1.47308 -1.11086 0.606549 0.0662777 -1.38233 -1.96054 -1.13132 -0.4772 
1.19479 -1.86095 -1.63515 1.42493 -1.20328 -1.22442 1.46281 -1.11086 0.606549 0.0662777 -1.38233 -1.96054 -1.13132 -0.4772 
1.19693 -1.85464 -1.62907 1.42039 -1.1915 -1.23018 1.45215 -1.11086 0.606549 0.0662777 -1.38233 -1.96054 -1.13132 -0.4772 
1.19902 -1.8482 -1.62305 1.41579 -1.17975 -1.23586 1.44138 -1.11086 0.606549 0.0662777 -1.38233 -1.96054 -1.13132 -0.4772 
1.2008 -1.84203 -1.61705 1.41106 -1.16815 -1.24214 1.43171 -1.11086 0.606549 0.0662777 -1.38233 -1.96054 -1.13132 -0.4772 
1.20209 -1.83613 -1.61136 1.40589 -1.1567 -1.24876 1.42223 -1.11086 0.606549 0.0662777 -1.38233 -1.96054 -1.13132 -0.4772 
1.20263 -1.83087 -1.60629 1.40018 -1.14524 -1.25646 1.4133 -1.11086 0.606549 0.0662777 -1.38233 -1.96054 -1.13132 -0.4772 
1.20266 -1.82588 -1.60169 1.39388 -1.13394 -1.26489 1.40514 -1.11086 0.606549 0.0662777 -1.38233 -1.96054 -1.13132 -0.4772 
1.20336 -1.82041 -1.59739 1.38901 -1.12422 -1.26987 1.39997 -1.11086 0.606549 0.0662777 -1.38233 -1.96054 -1.13132 -0.4772 
1.20368 -1.81845 -1.5959 1.38757 -1.1211 -1.27127 1.39868 -1.11086 0.606549 0.0662777 -1.38233 -1.96054 -1.13132 -0.4772 
1.20554 -1.8217 -1.59796 1.39567 -1.12609 -1.26506 1.40874 -1.11086 0.606549 0.0662777 -1.38233 -1.96054 -1.13132 -0.4772 
1.20572 -1.82197 -1.59812 1.39637 -1.12642 -1.26453 1.4096 -1.11086 0.606549 0.0662777 -1.38233 -1.96054 -1.13132 -0.4772 
1.20572 -1.82198 -1.59813 1.39638 -1.12635 -1.26454 1.40972 -1.11086 0.606549 0.0662777 -1.38233 -1.96054 -1.13132 -0.4772 
1.20576 -1.82195 -1.59812 1.39642 -1.12631 -1.26447 1.40977 -1.11086 0.606549 0.0662777 -1.38233 -1.96054 -1.13132 -0.4772 
1.20576 -1.82195 -1.59812 1.39647 -1.12635 -1.26447 1.40982 -1.11086 0.606549 0.0662777 -1.38233 -1.96054 -1.13132 -0.4772 
1.20587 -1.82177 -1.59811 1.3965 -1.12645 -1.26411 1.40942 -1.11086 0.606549 0.0662777 -1.38233 -1.96054 -1.13132 -0.4772 
1.20571 -1.82221 -1.59824 1.39652 -1.12631 -1.26457 1.41012 -1.11086 0.606549 0.0662777 -1.38233 -1.96054 -1.13132 -0.4772 
1.20569 -1.82224 -1.59829 1.39648 -1.12624 -1.26455 1.41005 -1.11086 0.606549 0.0662777 -1.38233 -1.96054 -1.13132 -0.4772 
1.20564 -1.82245 -1.59836 1.39651 -1.12614 -1.26471 1.41039 -1.11086 0.606549 0.0662777 -1.38233 -1.96054 -1.13132 -0.4772 
1.20581 -1.82204 -1.59826 1.39656 -1.12638 -1.2642 1.4097 -1.11086 0.606549 0.0662777 -1.38233 -1.96054 -1.13132 -0.4772 
1.20582 -1.8221 -1.5983 1.39661 -1.12637 -1.26414 1.40977 -1.11086 0.606549 0.0662777 -1.38233 -1.96054 -1.13132 -0.4772 
1.15965 -1.68076 -1.78197 1.50235 -1.67998 -0.368822 2.1512 -1.11086 0.606549 0.0662777 -1.38233 -1.96054 -1.13132 -0.4772 
