         0         0         0
         0   -0.0001    0.0000
         0   -0.0012         0
         0   -0.0019    0.0000
         0   -0.0030    0.0000
         0   -0.0037    0.0002
         0   -0.0048    0.0005
         0   -0.0055    0.0007
         0   -0.0066    0.0014
         0   -0.0071    0.0020
         0   -0.0082    0.0034
         0   -0.0087    0.0062
         0   -0.0079    0.0085
         0   -0.0066    0.0103
         0   -0.0059    0.0110
         0   -0.0049    0.01155