0 0 2.000000e-02 0 0 0 
-1.000000e-02 1.000000e-02 1.732051e-02 -5.235988e-01 0 0 
-2.000000e-02 1.732051e-02 1.000000e-02 -1.047198e+00 0 0 
-1.000000e-02 2.000000e-02 1.224647e-18 -1.570796e+00 0 0 
0 1.732051e-02 -1.000000e-02 -2.094395e+00 0 0 
-1.000000e-02 1.000000e-02 -1.732051e-02 -2.617994e+00 0 0 
-2.000000e-02 2.449294e-18 -2.000000e-02 3.141593e+00 0 0 
-1.000000e-02 -1.000000e-02 -1.732051e-02 2.617994e+00 0 0 
0 -1.732051e-02 -1.000000e-02 2.094395e+00 0 0 
-1.000000e-02 -2.000000e-02 -3.673940e-18 1.570796e+00 0 0 
-2.000000e-02 -1.732051e-02 1.000000e-02 1.047198e+00 0 0 
-1.000000e-02 -1.000000e-02 1.732051e-02 5.235988e-01 0 0 
