-4.886000e-02 2.210000e-02 0 0 0 0 
-5.986000e-02 1.913916e-02 1.105000e-02 5.235988e-01 0 0 
-6.786000e-02 1.105000e-02 1.913916e-02 1.047198e+00 0 0 
-5.886000e-02 1.353235e-18 2.210000e-02 1.570796e+00 0 0 
-4.886000e-02 -1.25000e-02 1.913916e-02 2.094395e+00 0 0 
-5.886000e-02 -2.113916e-02 1.105000e-02 2.617994e+00 0 0 
-6.786000e-02 -2.210000e-02 2.706469e-18 3.141593e+00 0 0 
-5.886000e-02 -1.913916e-02 -1.105000e-02 -2.617994e+00 0 0 
-4.886000e-02 -1.105000e-02 -1.913916e-02 -2.094395e+00 0 0 
-5.886000e-02 -4.059704e-18 -2.210000e-02 -1.570796e+00 0 0 
-6.786000e-02 1.105000e-02 -1.913916e-02 -1.047198e+00 0 0 
-5.886000e-02 1.913916e-02 -1.105000e-02 -5.235988e-01 0 0 
