-4.900000e-02 1.500000e-02 0 0 0 0 
-5.900000e-02 1.299038e-02 7.500000e-03 5.235988e-01 0 0 
-6.900000e-02 7.500000e-03 1.299038e-02 1.047198e+00 0 0 
-5.900000e-02 9.184851e-19 1.500000e-02 1.570796e+00 0 0 
-4.900000e-02 -7.500000e-03 1.299038e-02 2.094395e+00 0 0 
-5.900000e-02 -1.299038e-02 7.500000e-03 2.617994e+00 0 0 
-6.900000e-02 -1.500000e-02 1.836970e-18 3.141593e+00 0 0 
-5.900000e-02 -1.299038e-02 -7.500000e-03 -2.617994e+00 0 0 
-4.900000e-02 -7.500000e-03 -1.299038e-02 -2.094395e+00 0 0 
-5.900000e-02 -2.755455e-18 -1.500000e-02 -1.570796e+00 0 0 
-6.900000e-02 7.500000e-03 -1.299038e-02 -1.047198e+00 0 0 
-5.900000e-02 1.299038e-02 -7.500000e-03 -5.235988e-01 0 0 
